6.906502e+00 0.000000e+00 0.000000e+00 0.000000e+00 0.000000e+00
6.958502e+00 0.000000e+00 0.000000e+00 0.000000e+00 0.000000e+00
7.010502e+00 0.000000e+00 0.000000e+00 0.000000e+00 0.000000e+00
7.062502e+00 0.000000e+00 0.000000e+00 0.000000e+00 0.000000e+00
7.114502e+00 0.000000e+00 0.000000e+00 0.000000e+00 0.000000e+00
7.166502e+00 0.000000e+00 0.000000e+00 0.000000e+00 0.000000e+00
7.218502e+00 0.000000e+00 0.000000e+00 0.000000e+00 0.000000e+00
7.270502e+00 0.000000e+00 0.000000e+00 0.000000e+00 0.000000e+00
7.322502e+00 0.000000e+00 0.000000e+00 0.000000e+00 0.000000e+00
7.374502e+00 0.000000e+00 0.000000e+00 0.000000e+00 0.000000e+00
7.426502e+00 0.000000e+00 0.000000e+00 0.000000e+00 0.000000e+00
7.478502e+00 0.000000e+00 0.000000e+00 0.000000e+00 0.000000e+00
7.530502e+00 0.000000e+00 0.000000e+00 0.000000e+00 0.000000e+00
7.582502e+00 0.000000e+00 0.000000e+00 0.000000e+00 0.000000e+00
7.634502e+00 0.000000e+00 0.000000e+00 0.000000e+00 0.000000e+00
7.686502e+00 0.000000e+00 0.000000e+00 0.000000e+00 0.000000e+00
7.738502e+00 0.000000e+00 0.000000e+00 0.000000e+00 0.000000e+00
7.790502e+00 0.000000e+00 0.000000e+00 0.000000e+00 0.000000e+00
7.842502e+00 0.000000e+00 0.000000e+00 0.000000e+00 0.000000e+00
7.894502e+00 0.000000e+00 0.000000e+00 0.000000e+00 0.000000e+00
7.946502e+00 0.000000e+00 0.000000e+00 0.000000e+00 0.000000e+00
7.998502e+00 0.000000e+00 0.000000e+00 0.000000e+00 0.000000e+00
8.050502e+00 0.000000e+00 0.000000e+00 0.000000e+00 0.000000e+00
8.102502e+00 0.000000e+00 0.000000e+00 0.000000e+00 0.000000e+00
8.154502e+00 0.000000e+00 0.000000e+00 0.000000e+00 0.000000e+00
8.206502e+00 0.000000e+00 0.000000e+00 0.000000e+00 0.000000e+00
8.258502e+00 0.000000e+00 0.000000e+00 0.000000e+00 0.000000e+00
8.310502e+00 0.000000e+00 0.000000e+00 0.000000e+00 0.000000e+00
8.362502e+00 0.000000e+00 0.000000e+00 0.000000e+00 0.000000e+00
8.414502e+00 0.000000e+00 0.000000e+00 0.000000e+00 0.000000e+00
8.466502e+00 0.000000e+00 0.000000e+00 0.000000e+00 0.000000e+00
8.518502e+00 0.000000e+00 0.000000e+00 0.000000e+00 0.000000e+00
8.570502e+00 0.000000e+00 0.000000e+00 0.000000e+00 0.000000e+00
8.622502e+00 0.000000e+00 0.000000e+00 0.000000e+00 0.000000e+00
8.674502e+00 0.000000e+00 0.000000e+00 0.000000e+00 0.000000e+00
8.726502e+00 0.000000e+00 0.000000e+00 0.000000e+00 0.000000e+00
8.778502e+00 0.000000e+00 0.000000e+00 0.000000e+00 0.000000e+00
8.830502e+00 0.000000e+00 0.000000e+00 0.000000e+00 0.000000e+00
8.882502e+00 0.000000e+00 0.000000e+00 0.000000e+00 0.000000e+00
8.934502e+00 0.000000e+00 0.000000e+00 0.000000e+00 0.000000e+00
8.986502e+00 0.000000e+00 0.000000e+00 0.000000e+00 0.000000e+00
9.038502e+00 0.000000e+00 0.000000e+00 0.000000e+00 0.000000e+00
9.090502e+00 0.000000e+00 0.000000e+00 0.000000e+00 0.000000e+00
9.142502e+00 0.000000e+00 0.000000e+00 0.000000e+00 0.000000e+00
9.194502e+00 0.000000e+00 0.000000e+00 0.000000e+00 0.000000e+00
9.246502e+00 0.000000e+00 0.000000e+00 0.000000e+00 0.000000e+00
9.298502e+00 0.000000e+00 0.000000e+00 0.000000e+00 0.000000e+00
9.350502e+00 0.000000e+00 0.000000e+00 0.000000e+00 0.000000e+00
9.402502e+00 0.000000e+00 0.000000e+00 0.000000e+00 0.000000e+00
9.454502e+00 0.000000e+00 0.000000e+00 0.000000e+00 0.000000e+00
9.506502e+00 0.000000e+00 0.000000e+00 0.000000e+00 0.000000e+00
9.558502e+00 0.000000e+00 0.000000e+00 0.000000e+00 0.000000e+00
9.610502e+00 0.000000e+00 0.000000e+00 0.000000e+00 0.000000e+00
9.662502e+00 0.000000e+00 0.000000e+00 0.000000e+00 0.000000e+00
9.714502e+00 0.000000e+00 0.000000e+00 0.000000e+00 0.000000e+00
9.766502e+00 0.000000e+00 0.000000e+00 0.000000e+00 0.000000e+00
9.818502e+00 0.000000e+00 0.000000e+00 0.000000e+00 0.000000e+00
9.870502e+00 0.000000e+00 0.000000e+00 0.000000e+00 0.000000e+00
9.922502e+00 0.000000e+00 0.000000e+00 0.000000e+00 0.000000e+00
9.974502e+00 0.000000e+00 0.000000e+00 0.000000e+00 0.000000e+00
1.002650e+01 0.000000e+00 0.000000e+00 0.000000e+00 0.000000e+00
1.007850e+01 0.000000e+00 0.000000e+00 0.000000e+00 0.000000e+00
1.013050e+01 0.000000e+00 0.000000e+00 0.000000e+00 0.000000e+00
1.018250e+01 0.000000e+00 0.000000e+00 0.000000e+00 0.000000e+00
1.023450e+01 0.000000e+00 0.000000e+00 0.000000e+00 0.000000e+00
1.028650e+01 0.000000e+00 0.000000e+00 0.000000e+00 0.000000e+00
1.033850e+01 0.000000e+00 0.000000e+00 0.000000e+00 0.000000e+00
1.039050e+01 0.000000e+00 0.000000e+00 0.000000e+00 0.000000e+00
1.044250e+01 0.000000e+00 0.000000e+00 0.000000e+00 0.000000e+00
1.049450e+01 0.000000e+00 0.000000e+00 0.000000e+00 0.000000e+00
1.054650e+01 0.000000e+00 0.000000e+00 0.000000e+00 0.000000e+00
1.059850e+01 0.000000e+00 0.000000e+00 0.000000e+00 0.000000e+00
1.065050e+01 0.000000e+00 0.000000e+00 0.000000e+00 0.000000e+00
1.070250e+01 0.000000e+00 0.000000e+00 0.000000e+00 0.000000e+00
1.075450e+01 2.317757e-15 2.625647e-15 1.740594e-15 2.587029e-15
1.080650e+01 1.060791e-14 1.201706e-14 7.966350e-15 1.184031e-14
1.085850e+01 8.073601e-14 8.482972e-14 6.488293e-14 9.249539e-14
1.091050e+01 3.439574e-13 3.585832e-13 2.774829e-13 3.958059e-13
1.096250e+01 1.501737e-12 1.529581e-12 1.222295e-12 1.753337e-12
1.101450e+01 5.746177e-12 5.788849e-12 4.694990e-12 6.754692e-12
1.106650e+01 2.086027e-11 2.074132e-11 1.710398e-11 2.473552e-11
1.111850e+01 7.105039e-11 6.979777e-11 5.845261e-11 8.490080e-11
1.117050e+01 2.282307e-10 2.213959e-10 1.882729e-10 2.750233e-10
1.122250e+01 6.915121e-10 6.621697e-10 5.717633e-10 8.406033e-10
1.127450e+01 1.977074e-09 1.868642e-09 1.637772e-09 2.424808e-09
1.132650e+01 5.335670e-09 4.977434e-09 4.426232e-09 6.603344e-09
1.137850e+01 1.359769e-08 1.252038e-08 1.129110e-08 1.698158e-08
1.143050e+01 3.273706e-08 2.975682e-08 2.719906e-08 4.125529e-08
1.148250e+01 7.449314e-08 6.685854e-08 6.190194e-08 9.471893e-08
1.153450e+01 1.603057e-07 1.421071e-07 1.331851e-07 2.056248e-07
1.158650e+01 3.264794e-07 2.859635e-07 2.711061e-07 4.223686e-07
1.163850e+01 6.298522e-07 5.453364e-07 5.225970e-07 8.216233e-07
1.169050e+01 1.152413e-06 9.867399e-07 9.551054e-07 1.515392e-06
1.174250e+01 2.002657e-06 1.696578e-06 1.657400e-06 2.653992e-06
1.179450e+01 3.311548e-06 2.776970e-06 2.735711e-06 4.421963e-06
1.184650e+01 5.222100e-06 4.336573e-06 4.304322e-06 7.025405e-06
1.189850e+01 7.873606e-06 6.477487e-06 6.471444e-06 1.067189e-05
1.195050e+01 1.138333e-05 9.280766e-06 9.322769e-06 1.554645e-05
1.200250e+01 1.582863e-05 1.279310e-05 1.290554e-05 2.178726e-05
1.205450e+01 2.123050e-05 1.701561e-05 1.721466e-05 2.946123e-05
1.210650e+01 2.753658e-05 2.189346e-05 2.218026e-05 3.853601e-05
1.215850e+01 3.460092e-05 2.730385e-05 2.765533e-05 4.884358e-05
1.221050e+01 4.216146e-05 3.304260e-05 3.340435e-05 6.003743e-05
1.226250e+01 4.982339e-05 3.881424e-05 3.909861e-05 7.155734e-05
1.231450e+01 5.706369e-05 4.423549e-05 4.432827e-05 8.262731e-05
1.236650e+01 6.327213e-05 4.886227e-05 4.864115e-05 9.231299e-05
1.241850e+01 6.783613e-05 5.224491e-05 5.161182e-05 9.965166e-05
1.247050e+01 7.026317e-05 5.400756e-05 5.293596e-05 1.038460e-04
1.252250e+01 7.032358e-05 5.393958e-05 5.253725e-05 1.044939e-04
1.257450e+01 6.819308e-05 5.208509e-05 5.067318e-05 1.018210e-04
1.262650e+01 6.457833e-05 4.881951e-05 4.802867e-05 9.688682e-05
1.267850e+01 6.081334e-05 4.490724e-05 4.578700e-05 9.174578e-05
1.273050e+01 5.891079e-05 4.153614e-05 4.566105e-05 8.953520e-05
1.278250e+01 6.153962e-05 4.031784e-05 4.985372e-05 9.444730e-05
1.283450e+01 7.188389e-05 4.323082e-05 6.090515e-05 1.115157e-04
1.288650e+01 9.333768e-05 5.247076e-05 8.139318e-05 1.461491e-04
1.293850e+01 1.290240e-04 7.017800e-05 1.134969e-04 2.033972e-04
1.299050e+01 1.811989e-04 9.804653e-05 1.585069e-04 2.870432e-04
1.304250e+01 2.506882e-04 1.368856e-04 2.164394e-04 3.987398e-04
1.309450e+01 3.365567e-04 1.862773e-04 2.859267e-04 5.374661e-04
1.314650e+01 4.361630e-04 2.445035e-04 3.644782e-04 6.995073e-04
1.319850e+01 5.456185e-04 3.088510e-04 4.490376e-04 8.789669e-04
1.325050e+01 6.604922e-04 3.762544e-04 5.366060e-04 1.068616e-03
1.330250e+01 7.765071e-04 4.440478e-04 6.246522e-04 1.260822e-03
1.335450e+01 8.900364e-04 5.105083e-04 7.111787e-04 1.448422e-03
1.340650e+01 9.983817e-04 5.749526e-04 7.945560e-04 1.625636e-03
1.345850e+01 1.099982e-03 6.373905e-04 8.734192e-04 1.789136e-03
1.351050e+01 1.194681e-03 6.980041e-04 9.468601e-04 1.939178e-03
1.356250e+01 1.283987e-03 7.568195e-04 1.014856e-03 2.080286e-03
1.361450e+01 1.371016e-03 8.137745e-04 1.078559e-03 2.220714e-03
1.366650e+01 1.459777e-03 8.690624e-04 1.140001e-03 2.370268e-03
1.371850e+01 1.553800e-03 9.233773e-04 1.201115e-03 2.536907e-03
1.377050e+01 1.654564e-03 9.777278e-04 1.262470e-03 2.723494e-03
1.382250e+01 1.760594e-03 1.032827e-03 1.322497e-03 2.926458e-03
1.387450e+01 1.867889e-03 1.088450e-03 1.377806e-03 3.137409e-03
1.392650e+01 1.971737e-03 1.143294e-03 1.424637e-03 3.347280e-03
1.397850e+01 2.069109e-03 1.195559e-03 1.460762e-03 3.551007e-03
1.403050e+01 2.160380e-03 1.244022e-03 1.486938e-03 3.750181e-03
1.408250e+01 2.249369e-03 1.288982e-03 1.507271e-03 3.951854e-03
1.413450e+01 2.341529e-03 1.332555e-03 1.528517e-03 4.163515e-03
1.418650e+01 2.441086e-03 1.378232e-03 1.558844e-03 4.386181e-03
1.423850e+01 2.548476e-03 1.430059e-03 1.606622e-03 4.608747e-03
1.429050e+01 2.659330e-03 1.491936e-03 1.679408e-03 4.806646e-03
1.434250e+01 2.765540e-03 1.567306e-03 1.782929e-03 4.946387e-03
1.439450e+01 2.858021e-03 1.659069e-03 1.919742e-03 4.995254e-03
1.444650e+01 2.930020e-03 1.769353e-03 2.087688e-03 4.933018e-03
1.449850e+01 2.979560e-03 1.898808e-03 2.278699e-03 4.761173e-03
1.455050e+01 3.009988e-03 2.045480e-03 2.478828e-03 4.505656e-03
1.460250e+01 3.028409e-03 2.203720e-03 2.670093e-03 4.211413e-03
1.465450e+01 3.042768e-03 2.363771e-03 2.834037e-03 3.930497e-03
1.470650e+01 3.058920e-03 2.512585e-03 2.956091e-03 3.708085e-03
1.475850e+01 3.078958e-03 2.636007e-03 3.029349e-03 3.571517e-03
1.481050e+01 3.101390e-03 2.721909e-03 3.056344e-03 3.525917e-03
1.486250e+01 3.122804e-03 2.763341e-03 3.048090e-03 3.556982e-03
1.491450e+01 3.139985e-03 2.760657e-03 3.020585e-03 3.638712e-03
1.496650e+01 3.151343e-03 2.721736e-03 2.989964e-03 3.742329e-03
1.501850e+01 3.157052e-03 2.660128e-03 2.967947e-03 3.843081e-03
1.507050e+01 3.158039e-03 2.591604e-03 2.959156e-03 3.923359e-03
1.512250e+01 3.154652e-03 2.530221e-03 2.961091e-03 3.972643e-03
1.517450e+01 3.145969e-03 2.485176e-03 2.966552e-03 3.986179e-03
1.522650e+01 3.130375e-03 2.459397e-03 2.967466e-03 3.964262e-03
1.527850e+01 3.107265e-03 2.450235e-03 2.958678e-03 3.912882e-03
1.533050e+01 3.079055e-03 2.451817e-03 2.940451e-03 3.844898e-03
1.538250e+01 3.052307e-03 2.458041e-03 2.918990e-03 3.779891e-03
1.543450e+01 3.037072e-03 2.465103e-03 2.904999e-03 3.741114e-03
1.548650e+01 3.044341e-03 2.472704e-03 2.910922e-03 3.749396e-03
1.553850e+01 3.082456e-03 2.483794e-03 2.947834e-03 3.815740e-03
1.559050e+01 3.153925e-03 2.503270e-03 3.022894e-03 3.935610e-03
1.564250e+01 3.253996e-03 2.536360e-03 3.137868e-03 4.087759e-03
1.569450e+01 3.371594e-03 2.587262e-03 3.288727e-03 4.238794e-03
1.574650e+01 3.492198e-03 2.658256e-03 3.466022e-03 4.352314e-03
1.579850e+01 3.601456e-03 2.749171e-03 3.655785e-03 4.399411e-03
1.585050e+01 3.688222e-03 2.857020e-03 3.841004e-03 4.366643e-03
1.590250e+01 3.746112e-03 2.975834e-03 4.003864e-03 4.258638e-03
1.595450e+01 3.773450e-03 3.096936e-03 4.128676e-03 4.094739e-03
1.600650e+01 3.772118e-03 3.209925e-03 4.204901e-03 3.901526e-03
1.605850e+01 3.746031e-03 3.304374e-03 4.229211e-03 3.704508e-03
1.611050e+01 3.699855e-03 3.371836e-03 4.205659e-03 3.522069e-03
1.616250e+01 3.638202e-03 3.407496e-03 4.143805e-03 3.363305e-03
1.621450e+01 3.565324e-03 3.410907e-03 4.055585e-03 3.229482e-03
1.626650e+01 3.485144e-03 3.385636e-03 3.952273e-03 3.117525e-03
1.631850e+01 3.401504e-03 3.338188e-03 3.842668e-03 3.023657e-03
1.637050e+01 3.318488e-03 3.276756e-03 3.732850e-03 2.945857e-03
1.642250e+01 3.240646e-03 3.210228e-03 3.627027e-03 2.884682e-03
1.647450e+01 3.172932e-03 3.147458e-03 3.528646e-03 2.842692e-03
1.652650e+01 3.120216e-03 3.096517e-03 3.441092e-03 2.823039e-03
1.657850e+01 3.086429e-03 3.063690e-03 3.367765e-03 2.827833e-03
1.663050e+01 3.073577e-03 3.052316e-03 3.311664e-03 2.856752e-03
1.668250e+01 3.080967e-03 3.061985e-03 3.274718e-03 2.906199e-03
1.673450e+01 3.104941e-03 3.088613e-03 3.257084e-03 2.969124e-03
1.678650e+01 3.139252e-03 3.125607e-03 3.256609e-03 3.035539e-03
1.683850e+01 3.176069e-03 3.165766e-03 3.268724e-03 3.093717e-03
1.689050e+01 3.207435e-03 3.203250e-03 3.287027e-03 3.132028e-03
1.694250e+01 3.226909e-03 3.234938e-03 3.304581e-03 3.141209e-03
1.699450e+01 3.231002e-03 3.260831e-03 3.315567e-03 3.116608e-03
1.704650e+01 3.219919e-03 3.283506e-03 3.316599e-03 3.059653e-03
1.709850e+01 3.197252e-03 3.306881e-03 3.307063e-03 2.977813e-03
1.715050e+01 3.168537e-03 3.334617e-03 3.288282e-03 2.882711e-03
1.720250e+01 3.139146e-03 3.368575e-03 3.262019e-03 2.786844e-03
1.725450e+01 3.112337e-03 3.407779e-03 3.229200e-03 2.700033e-03
1.730650e+01 3.088330e-03 3.448338e-03 3.189648e-03 2.627003e-03
1.735850e+01 3.064818e-03 3.484463e-03 3.142992e-03 2.566999e-03
1.741050e+01 3.038617e-03 3.510253e-03 3.090161e-03 2.515437e-03
1.746250e+01 3.007525e-03 3.521454e-03 3.034491e-03 2.466631e-03
1.751450e+01 2.971413e-03 3.516363e-03 2.981645e-03 2.416230e-03
1.756650e+01 2.932028e-03 3.495517e-03 2.938197e-03 2.362369e-03
1.761850e+01 2.891772e-03 3.460524e-03 2.909464e-03 2.305329e-03
1.767050e+01 2.852287e-03 3.412950e-03 2.897562e-03 2.246349e-03
1.772250e+01 2.813742e-03 3.354089e-03 2.900594e-03 2.186543e-03
1.777450e+01 2.775234e-03 3.285793e-03 2.913331e-03 2.126579e-03
1.782650e+01 2.735998e-03 3.211787e-03 2.929067e-03 2.067140e-03
1.787850e+01 2.696641e-03 3.138416e-03 2.941846e-03 2.009662e-03
1.793050e+01 2.659622e-03 3.074050e-03 2.948146e-03 1.956670e-03
1.798250e+01 2.628626e-03 3.027063e-03 2.947427e-03 1.911387e-03
1.803450e+01 2.607133e-03 3.003104e-03 2.941541e-03 1.876754e-03
1.808650e+01 2.596890e-03 3.002818e-03 2.933478e-03 1.854374e-03
1.813850e+01 2.597036e-03 3.021026e-03 2.926148e-03 1.843933e-03
1.819050e+01 2.604261e-03 3.047763e-03 2.921660e-03 1.843360e-03
1.824250e+01 2.613890e-03 3.070865e-03 2.921200e-03 1.849607e-03
1.829450e+01 2.621348e-03 3.079200e-03 2.925205e-03 1.859638e-03
1.834650e+01 2.623377e-03 3.065465e-03 2.933483e-03 1.871184e-03
1.839850e+01 2.618596e-03 3.027730e-03 2.945074e-03 1.882984e-03
1.845050e+01 2.607301e-03 2.969412e-03 2.957994e-03 1.894496e-03
1.850250e+01 2.590804e-03 2.897966e-03 2.969168e-03 1.905279e-03
1.855450e+01 2.570699e-03 2.822924e-03 2.974835e-03 1.914337e-03
1.860650e+01 2.548416e-03 2.754053e-03 2.971504e-03 1.919690e-03
1.865850e+01 2.525238e-03 2.700143e-03 2.957203e-03 1.918367e-03
1.871050e+01 2.502693e-03 2.668612e-03 2.932611e-03 1.906855e-03
1.876250e+01 2.483105e-03 2.665751e-03 2.901613e-03 1.881952e-03
1.881450e+01 2.469997e-03 2.697165e-03 2.871000e-03 1.841827e-03
1.886650e+01 2.468087e-03 2.767947e-03 2.849327e-03 1.786986e-03
1.891850e+01 2.482743e-03 2.882217e-03 2.845182e-03 1.720831e-03
1.897050e+01 2.518928e-03 3.041904e-03 2.865319e-03 1.649560e-03
1.902250e+01 2.579810e-03 3.244972e-03 2.913107e-03 1.581350e-03
1.907450e+01 2.665376e-03 3.483533e-03 2.987628e-03 1.524968e-03
1.912650e+01 2.771397e-03 3.742512e-03 3.083528e-03 1.488151e-03
1.917850e+01 2.889075e-03 3.999552e-03 3.191555e-03 1.476118e-03
1.923050e+01 3.005615e-03 4.226712e-03 3.299600e-03 1.490534e-03
1.928250e+01 3.105772e-03 4.394144e-03 3.394088e-03 1.529084e-03
1.933450e+01 3.174216e-03 4.475322e-03 3.461637e-03 1.585689e-03
1.938650e+01 3.198289e-03 4.452698e-03 3.490911e-03 1.651259e-03
1.943850e+01 3.170520e-03 4.322224e-03 3.474466e-03 1.714870e-03
1.949050e+01 3.090211e-03 4.095201e-03 3.410184e-03 1.765248e-03
1.954250e+01 2.963593e-03 3.796616e-03 3.301755e-03 1.792408e-03
1.959450e+01 2.802432e-03 3.460265e-03 3.157803e-03 1.789227e-03
1.964650e+01 2.621475e-03 3.121998e-03 2.989756e-03 1.752670e-03
1.969850e+01 2.435477e-03 2.813010e-03 2.809091e-03 1.684329e-03
1.975050e+01 2.256632e-03 2.554880e-03 2.624959e-03 1.590056e-03
1.980250e+01 2.093036e-03 2.357297e-03 2.443065e-03 1.478748e-03
1.985450e+01 1.948382e-03 2.218508e-03 2.266066e-03 1.360572e-03
1.990650e+01 1.822700e-03 2.127845e-03 2.095125e-03 1.245129e-03
1.995850e+01 1.713710e-03 2.069410e-03 1.931718e-03 1.140000e-03
2.001050e+01 1.618317e-03 2.026097e-03 1.778873e-03 1.049981e-03
2.006250e+01 1.533905e-03 1.983295e-03 1.641379e-03 9.770404e-04
2.011450e+01 1.459244e-03 1.931768e-03 1.525081e-03 9.208842e-04
2.016650e+01 1.394982e-03 1.869322e-03 1.435746e-03 8.798800e-04
2.021850e+01 1.343721e-03 1.800995e-03 1.378078e-03 8.520890e-04
2.027050e+01 1.309712e-03 1.737771e-03 1.355216e-03 8.361498e-04
2.032250e+01 1.298188e-03 1.694085e-03 1.368679e-03 8.318002e-04
2.037450e+01 1.314358e-03 1.684704e-03 1.418474e-03 8.398942e-04
2.042650e+01 1.362171e-03 1.721617e-03 1.503008e-03 8.618868e-04
2.047850e+01 1.443012e-03 1.811495e-03 1.618632e-03 8.989093e-04
2.053050e+01 1.554589e-03 1.954075e-03 1.758990e-03 9.507024e-04
2.058250e+01 1.690297e-03 2.141598e-03 1.914529e-03 1.014762e-03
2.063450e+01 1.839324e-03 2.359298e-03 2.072640e-03 1.086034e-03
2.068650e+01 1.987630e-03 2.586890e-03 2.218659e-03 1.157341e-03
2.073850e+01 2.119717e-03 2.800952e-03 2.337664e-03 1.220533e-03
2.079050e+01 2.220905e-03 2.977976e-03 2.416687e-03 1.268053e-03
2.084250e+01 2.279660e-03 3.097716e-03 2.446758e-03 1.294504e-03
2.089450e+01 2.289447e-03 3.146281e-03 2.424298e-03 1.297762e-03
2.094650e+01 2.249728e-03 3.118363e-03 2.351523e-03 1.279299e-03
2.099850e+01 2.165878e-03 3.018075e-03 2.235881e-03 1.243676e-03
2.105050e+01 2.048059e-03 2.858121e-03 2.088697e-03 1.197359e-03
2.110250e+01 1.909341e-03 2.657410e-03 1.923395e-03 1.147218e-03
2.115450e+01 1.763455e-03 2.437598e-03 1.753642e-03 1.099125e-03
2.120650e+01 1.622668e-03 2.219348e-03 1.591697e-03 1.056960e-03
2.125850e+01 1.496183e-03 2.019126e-03 1.447180e-03 1.022243e-03
2.131050e+01 1.389324e-03 1.847202e-03 1.326375e-03 9.943952e-04
2.136250e+01 1.303564e-03 1.707151e-03 1.232066e-03 9.714749e-04
2.141450e+01 1.237251e-03 1.596767e-03 1.163856e-03 9.511302e-04
2.146650e+01 1.186738e-03 1.509945e-03 1.118819e-03 9.314513e-04
2.151850e+01 1.147584e-03 1.438948e-03 1.092322e-03 9.114831e-04
2.157050e+01 1.115528e-03 1.376440e-03 1.078845e-03 8.912981e-04
2.162250e+01 1.087096e-03 1.316853e-03 1.072727e-03 8.717059e-04
2.167450e+01 1.059831e-03 1.256915e-03 1.068775e-03 8.538022e-04
2.172650e+01 1.032268e-03 1.195468e-03 1.062761e-03 8.385762e-04
2.177850e+01 1.003787e-03 1.132880e-03 1.051771e-03 8.267104e-04
2.183050e+01 9.744531e-04 1.070405e-03 1.034379e-03 8.185750e-04
2.188250e+01 9.448762e-04 1.009720e-03 1.010586e-03 8.143228e-04
2.193450e+01 9.160668e-04 9.527020e-04 9.815192e-04 8.139791e-04
2.198650e+01 8.892749e-04 9.013645e-04 9.489841e-04 8.174761e-04
2.203850e+01 8.658150e-04 8.578025e-04 9.149934e-04 8.246491e-04
2.209050e+01 8.468966e-04 8.240373e-04 8.814154e-04 8.352370e-04
2.214250e+01 8.334742e-04 8.017202e-04 8.497975e-04 8.489050e-04
2.219450e+01 8.261094e-04 7.917331e-04 8.213314e-04 8.652635e-04
2.224650e+01 8.248318e-04 7.937845e-04 7.968655e-04 8.838455e-04
2.229850e+01 8.290183e-04 8.061394e-04 7.768854e-04 9.040300e-04
2.235050e+01 8.373403e-04 8.256263e-04 7.614467e-04 9.249478e-04
2.240250e+01 8.478513e-04 8.480131e-04 7.501091e-04 9.454315e-04
2.245450e+01 8.582480e-04 8.687351e-04 7.419413e-04 9.640676e-04
2.250650e+01 8.662687e-04 8.838108e-04 7.356380e-04 9.793574e-04
2.255850e+01 8.701191e-04 8.906716e-04 7.297280e-04 9.899576e-04
2.261050e+01 8.687861e-04 8.886145e-04 7.228113e-04 9.949326e-04
2.266250e+01 8.621356e-04 8.787053e-04 7.137514e-04 9.939503e-04
2.271450e+01 8.507699e-04 8.631698e-04 7.017812e-04 9.873588e-04
2.276650e+01 8.357158e-04 8.445169e-04 6.865228e-04 9.761077e-04
2.281850e+01 8.180663e-04 8.247392e-04 6.679500e-04 9.615096e-04
2.287050e+01 7.986997e-04 8.048843e-04 6.463284e-04 9.448863e-04
2.292250e+01 7.781463e-04 7.851013e-04 6.221520e-04 9.271855e-04
2.297450e+01 7.566072e-04 7.650586e-04 5.960775e-04 9.086854e-04
2.302650e+01 7.340777e-04 7.444823e-04 5.688532e-04 8.888977e-04
2.307850e+01 7.105123e-04 7.235586e-04 5.412469e-04 8.667313e-04
2.313050e+01 6.859747e-04 7.030468e-04 5.139843e-04 8.408931e-04
2.318250e+01 6.607396e-04 6.840986e-04 4.877136e-04 8.104067e-04
2.323450e+01 6.353207e-04 6.679005e-04 4.629970e-04 7.750645e-04
2.328650e+01 6.104182e-04 6.552971e-04 4.403165e-04 7.356411e-04
2.333850e+01 5.867961e-04 6.465324e-04 4.200732e-04 6.937827e-04
2.339050e+01 5.651235e-04 6.411806e-04 4.025689e-04 6.516211e-04
2.344250e+01 5.458351e-04 6.382646e-04 3.879696e-04 6.112710e-04
2.349450e+01 5.290563e-04 6.364998e-04 3.762667e-04 5.744025e-04
2.354650e+01 5.146146e-04 6.345689e-04 3.672559e-04 5.420190e-04
2.359850e+01 5.021182e-04 6.313381e-04 3.605490e-04 5.144674e-04
2.365050e+01 4.910670e-04 6.259672e-04 3.556265e-04 4.916073e-04
2.370250e+01 4.809569e-04 6.179153e-04 3.519234e-04 4.730319e-04
2.375450e+01 4.713575e-04 6.068875e-04 3.489287e-04 4.582563e-04
2.380650e+01 4.619604e-04 5.927695e-04 3.462690e-04 4.468428e-04
2.385850e+01 4.526061e-04 5.755808e-04 3.437525e-04 4.384849e-04
2.391050e+01 4.433006e-04 5.554520e-04 3.413647e-04 4.330853e-04
2.396250e+01 4.342349e-04 5.326278e-04 3.392276e-04 4.308492e-04
2.401450e+01 4.258084e-04 5.074976e-04 3.375451e-04 4.323824e-04
2.406650e+01 4.186545e-04 4.806568e-04 3.365491e-04 4.387576e-04
2.411850e+01 4.136484e-04 4.529823e-04 3.364504e-04 4.515126e-04
2.417050e+01 4.118762e-04 4.256811e-04 3.373913e-04 4.725563e-04
2.422250e+01 4.145436e-04 4.002555e-04 3.393983e-04 5.039769e-04
2.427450e+01 4.228169e-04 3.783452e-04 3.423474e-04 5.477580e-04
2.432650e+01 4.376057e-04 3.614501e-04 3.459553e-04 6.054116e-04
2.437850e+01 4.593170e-04 3.505909e-04 3.498030e-04 6.775571e-04
2.443050e+01 4.876374e-04 3.460060e-04 3.533812e-04 7.635251e-04
2.448250e+01 5.214178e-04 3.469879e-04 3.561403e-04 8.611251e-04
2.453450e+01 5.587341e-04 3.519367e-04 3.575325e-04 9.667332e-04
2.458650e+01 5.971579e-04 3.586397e-04 3.570498e-04 1.075784e-03
2.463850e+01 6.341915e-04 3.647204e-04 3.542720e-04 1.183582e-03
2.469050e+01 6.677469e-04 3.681398e-04 3.489378e-04 1.286163e-03
2.474250e+01 6.965048e-04 3.676165e-04 3.410327e-04 1.380865e-03
2.479450e+01 7.200302e-04 3.628556e-04 3.308695e-04 1.466365e-03
2.484650e+01 7.386183e-04 3.545388e-04 3.191211e-04 1.542195e-03
2.489850e+01 7.529632e-04 3.440946e-04 3.067705e-04 1.608024e-03
2.495050e+01 7.638011e-04 3.333238e-04 2.949664e-04 1.663113e-03
2.500250e+01 7.716661e-04 3.239769e-04 2.848025e-04 1.706219e-03
2.505450e+01 7.768107e-04 3.173785e-04 2.770725e-04 1.735981e-03
2.510650e+01 7.792529e-04 3.141687e-04 2.720702e-04 1.751520e-03
2.515850e+01 7.788675e-04 3.142041e-04 2.695024e-04 1.752896e-03
2.521050e+01 7.754614e-04 3.166289e-04 2.685527e-04 1.741202e-03
2.526250e+01 7.688320e-04 3.200980e-04 2.680881e-04 1.718310e-03
2.531450e+01 7.588501e-04 3.231040e-04 2.669530e-04 1.686493e-03
2.536650e+01 7.455977e-04 3.243344e-04 2.642648e-04 1.648194e-03
2.541850e+01 7.295326e-04 3.229775e-04 2.596195e-04 1.606001e-03
2.547050e+01 7.115914e-04 3.188970e-04 2.531542e-04 1.562723e-03
2.552250e+01 6.931247e-04 3.126333e-04 2.454576e-04 1.521283e-03
2.557450e+01 6.756194e-04 3.052254e-04 2.373722e-04 1.484260e-03
2.562650e+01 6.602630e-04 2.979054e-04 2.297629e-04 1.453121e-03
2.567850e+01 6.475119e-04 2.917506e-04 2.233212e-04 1.427464e-03
2.573050e+01 6.368528e-04 2.873968e-04 2.184543e-04 1.404707e-03
2.578250e+01 6.268924e-04 2.848990e-04 2.152672e-04 1.380511e-03
2.583450e+01 6.157757e-04 2.837766e-04 2.136167e-04 1.349934e-03
2.588650e+01 6.017900e-04 2.832198e-04 2.131999e-04 1.308950e-03
2.593850e+01 5.839329e-04 2.823746e-04 2.136436e-04 1.255781e-03
2.599050e+01 5.622291e-04 2.806026e-04 2.145730e-04 1.191512e-03
2.604250e+01 5.376923e-04 2.776275e-04 2.156561e-04 1.119793e-03
2.609450e+01 5.119664e-04 2.735306e-04 2.166264e-04 1.045742e-03
2.614650e+01 4.868056e-04 2.686219e-04 2.172937e-04 9.745012e-04
2.619850e+01 4.635972e-04 2.632610e-04 2.175476e-04 9.099830e-04
2.625050e+01 4.430956e-04 2.577144e-04 2.173616e-04 8.542107e-04
2.630250e+01 4.254294e-04 2.521069e-04 2.168005e-04 8.073808e-04
2.635450e+01 4.103299e-04 2.464779e-04 2.160349e-04 7.684770e-04
2.640650e+01 3.974451e-04 2.408963e-04 2.153602e-04 7.360788e-04
2.645850e+01 3.865961e-04 2.355664e-04 2.152090e-04 7.090128e-04
2.651050e+01 3.778783e-04 2.308590e-04 2.161412e-04 6.866345e-04
2.656250e+01 3.715890e-04 2.272464e-04 2.187937e-04 6.687269e-04
2.661450e+01 3.680302e-04 2.251633e-04 2.237790e-04 6.551483e-04
2.666650e+01 3.672745e-04 2.248573e-04 2.315434e-04 6.454227e-04
2.671850e+01 3.689896e-04 2.262964e-04 2.422209e-04 6.384514e-04
2.677050e+01 3.723931e-04 2.291773e-04 2.555353e-04 6.324666e-04
2.682250e+01 3.763696e-04 2.330308e-04 2.708053e-04 6.252726e-04
2.687450e+01 3.797250e-04 2.373816e-04 2.870699e-04 6.147235e-04
2.692650e+01 3.814984e-04 2.418929e-04 3.033100e-04 5.992923e-04
2.697850e+01 3.812224e-04 2.464439e-04 3.186931e-04 5.785301e-04
2.703050e+01 3.790379e-04 2.511206e-04 3.327605e-04 5.532326e-04
2.708250e+01 3.756235e-04 2.561424e-04 3.454952e-04 5.252328e-04
2.713450e+01 3.719735e-04 2.617717e-04 3.572589e-04 4.968897e-04
2.718650e+01 3.691137e-04 2.682527e-04 3.686326e-04 4.704558e-04
2.723850e+01 3.678511e-04 2.757971e-04 3.802187e-04 4.475375e-04
2.729050e+01 3.686250e-04 2.846062e-04 3.924656e-04 4.288032e-04
2.734250e+01 3.714764e-04 2.948923e-04 4.055552e-04 4.139819e-04
2.739450e+01 3.761112e-04 3.068636e-04 4.193710e-04 4.020991e-04
2.744650e+01 3.820153e-04 3.206605e-04 4.335413e-04 3.918441e-04
2.749850e+01 3.885845e-04 3.362594e-04 4.475383e-04 3.819556e-04
2.755050e+01 3.952427e-04 3.533870e-04 4.608051e-04 3.715361e-04
2.760250e+01 4.015324e-04 3.714906e-04 4.728815e-04 3.602252e-04
2.765450e+01 4.071684e-04 3.897901e-04 4.835126e-04 3.482024e-04
2.770650e+01 4.120527e-04 4.074059e-04 4.927244e-04 3.360278e-04
2.775850e+01 4.162541e-04 4.235212e-04 5.008577e-04 3.243834e-04
2.781050e+01 4.199587e-04 4.375264e-04 5.085401e-04 3.138096e-04
2.786250e+01 4.234040e-04 4.490963e-04 5.165820e-04 3.045339e-04
2.791450e+01 4.268124e-04 4.581900e-04 5.258007e-04 2.964465e-04
2.796650e+01 4.303438e-04 4.649966e-04 5.368178e-04 2.892169e-04
2.801850e+01 4.340894e-04 4.698751e-04 5.499021e-04 2.824910e-04
2.807050e+01 4.381149e-04 4.733266e-04 5.649265e-04 2.760916e-04
2.812250e+01 4.425390e-04 4.759976e-04 5.814664e-04 2.701530e-04
2.817450e+01 4.476136e-04 4.786786e-04 5.990030e-04 2.651592e-04
2.822650e+01 4.537682e-04 4.822520e-04 6.171641e-04 2.618885e-04
2.827850e+01 4.615984e-04 4.875744e-04 6.359296e-04 2.612912e-04
2.833050e+01 4.718081e-04 4.953257e-04 6.557602e-04 2.643385e-04
2.838250e+01 4.851309e-04 5.058832e-04 6.776343e-04 2.718752e-04
2.843450e+01 5.022530e-04 5.192745e-04 7.029866e-04 2.844979e-04
2.848650e+01 5.237427e-04 5.352162e-04 7.335424e-04 3.024697e-04
2.853850e+01 5.499778e-04 5.532086e-04 7.710527e-04 3.256721e-04
2.859050e+01 5.810642e-04 5.726382e-04 8.169596e-04 3.535947e-04
2.864250e+01 6.167624e-04 5.928626e-04 8.720630e-04 3.853616e-04
2.869450e+01 6.564557e-04 6.132887e-04 9.362765e-04 4.198018e-04
2.874650e+01 6.991922e-04 6.334728e-04 1.008537e-03 4.555668e-04
2.879850e+01 7.438059e-04 6.532527e-04 1.086867e-03 4.912980e-04
2.885050e+01 7.890777e-04 6.728723e-04 1.168530e-03 5.258303e-04
2.890250e+01 8.338714e-04 6.930206e-04 1.250197e-03 5.583961e-04
2.895450e+01 8.771948e-04 7.147071e-04 1.328103e-03 5.887744e-04
2.900650e+01 9.181837e-04 7.389597e-04 1.398264e-03 6.173274e-04
2.905850e+01 9.560624e-04 7.664210e-04 1.456872e-03 6.448940e-04
2.911050e+01 9.901491e-04 7.969834e-04 1.500900e-03 6.725637e-04
2.916250e+01 1.019938e-03 8.296144e-04 1.528796e-03 7.014023e-04
2.921450e+01 1.045218e-03 8.624623e-04 1.540975e-03 7.322158e-04
2.926650e+01 1.066158e-03 8.932407e-04 1.539825e-03 7.654077e-04
2.931850e+01 1.083281e-03 9.198007e-04 1.529115e-03 8.009280e-04
2.937050e+01 1.097343e-03 9.407421e-04 1.513017e-03 8.382701e-04
2.942250e+01 1.109169e-03 9.558991e-04 1.495126e-03 8.764809e-04
2.947450e+01 1.119542e-03 9.665694e-04 1.477867e-03 9.141895e-04
2.952650e+01 1.129189e-03 9.754135e-04 1.462445e-03 9.497085e-04
2.957850e+01 1.138824e-03 9.860246e-04 1.449188e-03 9.812605e-04
2.963050e+01 1.149182e-03 1.002239e-03 1.437985e-03 1.007321e-03
2.968250e+01 1.160948e-03 1.027304e-03 1.428555e-03 1.026985e-03
2.973450e+01 1.174577e-03 1.063061e-03 1.420458e-03 1.040212e-03
2.978650e+01 1.190033e-03 1.109311e-03 1.412963e-03 1.047825e-03
2.983850e+01 1.206571e-03 1.163548e-03 1.404933e-03 1.051232e-03
2.989050e+01 1.222691e-03 1.221183e-03 1.394874e-03 1.052015e-03
2.994250e+01 1.236341e-03 1.276298e-03 1.381158e-03 1.051566e-03
2.999450e+01 1.245368e-03 1.322774e-03 1.362368e-03 1.050961e-03
3.004650e+01 1.248107e-03 1.355539e-03 1.337666e-03 1.051114e-03
3.009850e+01 1.243903e-03 1.371560e-03 1.307051e-03 1.053097e-03
3.015050e+01 1.233362e-03 1.370288e-03 1.271429e-03 1.058368e-03
3.020250e+01 1.218202e-03 1.353461e-03 1.232425e-03 1.068720e-03
3.025450e+01 1.200730e-03 1.324384e-03 1.191945e-03 1.085862e-03
3.030650e+01 1.183128e-03 1.286977e-03 1.151629e-03 1.110777e-03
3.035850e+01 1.166813e-03 1.244953e-03 1.112384e-03 1.143101e-03
3.041050e+01 1.152118e-03 1.201328e-03 1.074222e-03 1.180804e-03
3.046250e+01 1.138380e-03 1.158307e-03 1.036495e-03 1.220337e-03
3.051450e+01 1.124365e-03 1.117421e-03 9.984286e-04 1.257245e-03
3.056650e+01 1.108840e-03 1.079710e-03 9.597345e-04 1.287075e-03
3.061850e+01 1.091052e-03 1.045819e-03 9.210182e-04 1.306320e-03
3.067050e+01 1.070973e-03 1.015982e-03 8.838046e-04 1.313132e-03
3.072250e+01 1.049255e-03 9.899502e-04 8.501759e-04 1.307639e-03
3.077450e+01 1.026998e-03 9.669813e-04 8.221704e-04 1.291841e-03
3.082650e+01 1.005419e-03 9.459494e-04 8.011665e-04 1.269140e-03
3.087850e+01 9.855697e-04 9.255926e-04 7.874577e-04 1.243659e-03
3.093050e+01 9.681498e-04 9.048285e-04 7.801352e-04 1.219486e-03
3.098250e+01 9.534329e-04 8.830366e-04 7.772958e-04 1.199966e-03
3.103450e+01 9.412941e-04 8.602074e-04 7.765008e-04 1.187174e-03
3.108650e+01 9.313063e-04 8.369003e-04 7.753549e-04 1.181664e-03
3.113850e+01 9.228808e-04 8.140262e-04 7.720489e-04 1.182567e-03
3.119050e+01 9.154276e-04 7.925327e-04 7.657213e-04 1.188029e-03
3.124250e+01 9.085001e-04 7.731074e-04 7.565482e-04 1.195845e-03
3.129450e+01 9.018878e-04 7.560040e-04 7.455543e-04 1.204105e-03
3.134650e+01 8.956294e-04 7.410439e-04 7.342238e-04 1.211620e-03
3.139850e+01 8.899403e-04 7.277769e-04 7.240481e-04 1.217996e-03
3.145050e+01 8.850788e-04 7.157235e-04 7.161497e-04 1.223363e-03
3.150250e+01 8.811915e-04 7.045915e-04 7.110746e-04 1.227908e-03
3.155450e+01 8.781924e-04 6.943759e-04 7.087713e-04 1.231430e-03
3.160650e+01 8.757149e-04 6.853099e-04 7.087175e-04 1.233117e-03
3.165850e+01 8.731585e-04 6.777065e-04 7.101280e-04 1.231641e-03
3.171050e+01 8.698226e-04 6.717806e-04 7.121860e-04 1.225501e-03
3.176250e+01 8.650830e-04 6.675389e-04 7.142548e-04 1.213455e-03
3.181450e+01 8.585541e-04 6.647729e-04 7.160381e-04 1.194851e-03
3.186650e+01 8.501780e-04 6.631302e-04 7.176541e-04 1.169750e-03
3.191850e+01 8.402106e-04 6.622005e-04 7.195867e-04 1.138845e-03
3.197050e+01 8.291180e-04 6.615674e-04 7.225050e-04 1.103281e-03
3.202250e+01 8.174237e-04 6.608179e-04 7.269837e-04 1.064470e-03
3.207450e+01 8.055657e-04 6.595411e-04 7.332129e-04 1.023943e-03
3.212650e+01 7.938054e-04 6.573558e-04 7.408032e-04 9.832572e-04
3.217850e+01 7.822105e-04 6.539769e-04 7.487697e-04 9.438849e-04
3.223050e+01 7.707008e-04 6.492950e-04 7.557089e-04 9.070985e-04
3.228250e+01 7.591296e-04 6.434179e-04 7.601097e-04 8.738611e-04
3.233450e+01 7.473664e-04 6.366382e-04 7.606955e-04 8.447654e-04
3.238650e+01 7.353558e-04 6.293259e-04 7.567003e-04 8.200412e-04
3.243850e+01 7.231487e-04 6.217947e-04 7.480272e-04 7.996242e-04
3.249050e+01 7.109156e-04 6.142093e-04 7.352794e-04 7.832581e-04
3.254250e+01 6.989595e-04 6.065957e-04 7.196839e-04 7.705989e-04
3.259450e+01 6.877304e-04 5.989619e-04 7.029242e-04 7.613051e-04
3.264650e+01 6.778317e-04 5.914870e-04 6.869024e-04 7.551057e-04
3.269850e+01 6.699961e-04 5.846854e-04 6.734599e-04 7.518429e-04
3.275050e+01 6.650167e-04 5.794546e-04 6.641097e-04 7.514858e-04
3.280250e+01 6.636325e-04 5.769508e-04 6.598365e-04 7.541103e-04
3.285450e+01 6.663860e-04 5.783064e-04 6.610021e-04 7.598496e-04
3.290650e+01 6.734843e-04 5.842734e-04 6.673528e-04 7.688267e-04
3.295850e+01 6.847031e-04 5.949204e-04 6.781000e-04 7.810891e-04
3.301050e+01 6.993718e-04 6.095045e-04 6.920524e-04 7.965584e-04
3.306250e+01 7.164611e-04 6.265852e-04 7.077955e-04 8.150026e-04
3.311450e+01 7.347675e-04 6.443619e-04 7.239178e-04 8.360227e-04
3.316650e+01 7.531458e-04 6.611328e-04 7.392570e-04 8.590478e-04
3.321850e+01 7.707159e-04 6.757255e-04 7.530908e-04 8.833315e-04
3.327050e+01 7.869665e-04 6.877556e-04 7.651852e-04 9.079588e-04
3.332250e+01 8.017195e-04 6.976293e-04 7.756561e-04 9.318731e-04
3.337450e+01 8.149729e-04 7.062916e-04 7.846879e-04 9.539392e-04
3.342650e+01 8.266961e-04 7.148054e-04 7.922350e-04 9.730478e-04
3.347850e+01 8.366693e-04 7.239009e-04 7.978517e-04 9.882555e-04
3.353050e+01 8.444464e-04 7.336495e-04 8.007448e-04 9.989449e-04
3.358250e+01 8.494645e-04 7.433817e-04 8.000390e-04 1.004973e-03
3.363450e+01 8.512684e-04 7.518883e-04 7.951501e-04 1.006767e-03
3.368650e+01 8.497624e-04 7.578487e-04 7.861140e-04 1.005325e-03
3.373850e+01 8.453852e-04 7.603352e-04 7.737407e-04 1.002080e-03
3.379050e+01 8.391225e-04 7.592103e-04 7.595308e-04 9.986265e-04
3.384250e+01 8.323332e-04 7.552681e-04 7.453866e-04 9.963449e-04
3.389450e+01 8.264363e-04 7.500711e-04 7.332125e-04 9.960254e-04
3.394650e+01 8.225674e-04 7.455499e-04 7.245328e-04 9.976195e-04
3.399850e+01 8.213247e-04 7.435123e-04 7.202295e-04 1.000232e-03
3.405050e+01 8.226907e-04 7.452173e-04 7.204538e-04 1.002401e-03
3.410250e+01 8.261403e-04 7.511225e-04 7.247068e-04 1.002592e-03
3.415450e+01 8.308731e-04 7.608371e-04 7.320391e-04 9.997430e-04
3.420650e+01 8.360654e-04 7.732487e-04 7.412979e-04 9.936495e-04
3.425850e+01 8.410457e-04 7.867594e-04 7.513510e-04 9.850267e-04
3.431050e+01 8.453501e-04 7.995666e-04 7.612423e-04 9.752415e-04
3.436250e+01 8.486784e-04 8.099378e-04 7.702663e-04 9.658310e-04
3.441450e+01 8.508146e-04 8.164512e-04 7.779788e-04 9.580137e-04
3.446650e+01 8.515726e-04 8.181784e-04 7.841692e-04 9.523701e-04
3.451850e+01 8.507931e-04 8.147929e-04 7.888190e-04 9.487675e-04
3.457050e+01 8.483768e-04 8.065890e-04 7.920507e-04 9.464906e-04
3.462250e+01 8.443189e-04 7.944028e-04 7.940774e-04 9.444767e-04
3.467450e+01 8.387228e-04 7.794494e-04 7.951596e-04 9.415594e-04
3.472650e+01 8.317868e-04 7.631114e-04 7.955876e-04 9.366615e-04
3.477850e+01 8.237785e-04 7.467297e-04 7.956899e-04 9.289158e-04
3.483050e+01 8.150049e-04 7.314474e-04 7.958501e-04 9.177172e-04
3.488250e+01 8.057882e-04 7.181397e-04 7.965005e-04 9.027245e-04
3.493450e+01 7.964501e-04 7.074305e-04 7.980732e-04 8.838465e-04
3.498650e+01 7.873125e-04 6.997672e-04 8.009213e-04 8.612491e-04
3.503850e+01 7.787183e-04 6.955096e-04 8.052488e-04 8.353965e-04
3.509050e+01 7.710583e-04 6.949887e-04 8.110877e-04 8.070984e-04
3.514250e+01 7.647783e-04 6.985110e-04 8.183274e-04 7.774965e-04
3.519450e+01 7.603373e-04 7.063081e-04 8.267657e-04 7.479382e-04
3.524650e+01 7.581091e-04 7.184534e-04 8.361351e-04 7.197388e-04
3.529850e+01 7.582535e-04 7.347753e-04 8.460814e-04 6.939039e-04
3.535050e+01 7.606081e-04 7.547924e-04 8.561082e-04 6.709236e-04
3.540250e+01 7.646479e-04 7.776863e-04 8.655343e-04 6.507230e-04
3.545450e+01 7.695363e-04 8.023148e-04 8.735083e-04 6.327859e-04
3.550650e+01 7.742475e-04 8.272585e-04 8.790943e-04 6.163896e-04
3.555850e+01 7.777163e-04 8.508934e-04 8.814056e-04 6.008499e-04
3.561050e+01 7.789682e-04 8.714826e-04 8.797381e-04 5.856839e-04
3.566250e+01 7.772022e-04 8.872897e-04 8.736662e-04 5.706505e-04
3.571450e+01 7.718329e-04 8.967212e-04 8.630831e-04 5.556943e-04
3.576650e+01 7.625165e-04 8.985025e-04 8.481940e-04 5.408531e-04
3.581850e+01 7.491804e-04 8.918714e-04 8.294777e-04 5.261922e-04
3.587050e+01 7.320557e-04 8.767466e-04 8.076280e-04 5.117925e-04
3.592250e+01 7.116911e-04 8.538142e-04 7.834808e-04 4.977784e-04
3.597450e+01 6.889227e-04 8.244858e-04 7.579294e-04 4.843528e-04
3.602650e+01 6.647897e-04 7.907235e-04 7.318382e-04 4.718074e-04
3.607850e+01 6.404124e-04 7.547680e-04 7.059656e-04 4.605036e-04
3.613050e+01 6.168617e-04 7.188385e-04 6.809140e-04 4.508326e-04
3.618250e+01 5.950488e-04 6.848639e-04 6.571162e-04 4.431664e-04
3.623450e+01 5.756525e-04 6.542852e-04 6.348698e-04 4.378025e-04
3.628650e+01 5.590826e-04 6.279372e-04 6.144152e-04 4.348954e-04
3.633850e+01 5.454740e-04 6.060082e-04 5.960365e-04 4.343772e-04
3.639050e+01 5.347011e-04 5.880749e-04 5.801440e-04 4.358844e-04
3.644250e+01 5.264119e-04 5.732182e-04 5.672862e-04 4.387314e-04
3.649450e+01 5.200823e-04 5.602179e-04 5.580571e-04 4.419719e-04
3.654650e+01 5.150961e-04 5.478098e-04 5.529142e-04 4.445643e-04
3.659850e+01 5.108502e-04 5.349612e-04 5.519714e-04 4.456182e-04
3.665050e+01 5.068711e-04 5.211063e-04 5.548600e-04 4.446470e-04
3.670250e+01 5.029141e-04 5.062790e-04 5.607311e-04 4.417322e-04
3.675450e+01 4.990123e-04 4.911062e-04 5.684059e-04 4.375248e-04
3.680650e+01 4.954486e-04 4.766628e-04 5.766190e-04 4.330641e-04
3.685850e+01 4.926532e-04 4.642288e-04 5.842580e-04 4.294729e-04
3.691050e+01 4.910617e-04 4.550196e-04 5.905235e-04 4.276422e-04
3.696250e+01 4.909896e-04 4.499605e-04 5.949799e-04 4.280283e-04
3.701450e+01 4.925728e-04 4.495546e-04 5.975192e-04 4.306446e-04
3.706650e+01 4.957944e-04 4.538557e-04 5.982853e-04 4.352424e-04
3.711850e+01 5.005725e-04 4.625234e-04 5.976009e-04 4.415931e-04
3.717050e+01 5.068581e-04 4.749212e-04 5.959162e-04 4.497368e-04
3.722250e+01 5.146896e-04 4.902191e-04 5.937764e-04 4.600732e-04
3.727450e+01 5.241735e-04 5.074845e-04 5.917909e-04 4.732451e-04
3.732650e+01 5.354019e-04 5.257590e-04 5.905919e-04 4.898549e-04
3.737850e+01 5.483479e-04 5.441334e-04 5.907754e-04 5.101349e-04
3.743050e+01 5.627904e-04 5.618267e-04 5.928320e-04 5.337125e-04
3.748250e+01 5.783064e-04 5.782641e-04 5.970808e-04 5.595743e-04
3.753450e+01 5.943336e-04 5.931310e-04 6.036178e-04 5.862521e-04
3.758650e+01 6.102738e-04 6.063786e-04 6.122846e-04 6.121581e-04
3.763850e+01 6.255882e-04 6.181671e-04 6.226562e-04 6.359414e-04
3.769050e+01 6.398492e-04 6.287603e-04 6.340515e-04 6.567358e-04
3.774250e+01 6.527418e-04 6.384197e-04 6.455781e-04 6.742275e-04
3.779450e+01 6.640475e-04 6.473525e-04 6.562301e-04 6.885598e-04
3.784650e+01 6.736499e-04 6.557462e-04 6.650451e-04 7.001582e-04
3.789850e+01 6.815854e-04 6.638736e-04 6.712999e-04 7.095828e-04
3.795050e+01 6.881215e-04 6.721993e-04 6.746952e-04 7.174701e-04
3.800250e+01 6.938106e-04 6.814031e-04 6.754655e-04 7.245633e-04
3.805450e+01 6.994673e-04 6.922666e-04 6.743622e-04 7.317732e-04
3.810650e+01 7.060443e-04 7.054363e-04 6.724980e-04 7.401987e-04
3.815850e+01 7.144286e-04 7.211441e-04 6.710812e-04 7.510604e-04
3.821050e+01 7.252159e-04 7.389965e-04 6.711071e-04 7.655440e-04
3.826250e+01 7.385342e-04 7.579269e-04 6.730907e-04 7.845851e-04
3.831450e+01 7.539716e-04 7.763451e-04 6.769191e-04 8.086505e-04
3.836650e+01 7.706310e-04 7.924489e-04 6.818707e-04 8.375734e-04
3.841850e+01 7.872998e-04 8.046100e-04 6.867961e-04 8.704932e-04
3.847050e+01 8.026851e-04 8.117253e-04 6.904070e-04 9.059230e-04
3.852250e+01 8.156498e-04 8.134386e-04 6.915854e-04 9.419255e-04
3.857450e+01 8.253828e-04 8.101776e-04 6.896275e-04 9.763431e-04
3.862650e+01 8.314616e-04 8.030006e-04 6.843681e-04 1.007016e-03
3.867850e+01 8.338113e-04 7.933065e-04 6.761746e-04 1.031953e-03
3.873050e+01 8.325976e-04 7.824957e-04 6.658358e-04 1.049461e-03
3.878250e+01 8.281170e-04 7.716849e-04 6.543828e-04 1.058283e-03
3.883450e+01 8.207255e-04 7.615491e-04 6.428790e-04 1.057749e-03
3.888650e+01 8.108169e-04 7.523140e-04 6.322102e-04 1.047927e-03
3.893850e+01 7.988246e-04 7.438628e-04 6.229152e-04 1.029696e-03
3.899050e+01 7.852146e-04 7.358882e-04 6.150971e-04 1.004659e-03
3.904250e+01 7.704506e-04 7.280223e-04 6.084517e-04 9.748778e-04
3.909450e+01 7.549429e-04 7.199082e-04 6.024124e-04 9.425081e-04
3.914650e+01 7.390092e-04 7.112172e-04 5.963724e-04 9.094380e-04
3.919850e+01 7.228734e-04 7.016416e-04 5.899097e-04 8.770689e-04
3.925050e+01 7.067105e-04 6.909018e-04 5.829420e-04 8.462879e-04
3.930250e+01 6.907207e-04 6.787916e-04 5.757704e-04 8.176002e-04
3.935450e+01 6.752005e-04 6.652627e-04 5.690132e-04 7.913255e-04
3.940650e+01 6.605783e-04 6.505261e-04 5.634630e-04 7.677459e-04
3.945850e+01 6.473943e-04 6.351277e-04 5.599160e-04 7.471393e-04
3.951050e+01 6.362233e-04 6.199572e-04 5.590122e-04 7.297005e-04
3.956250e+01 6.275611e-04 6.061620e-04 5.611135e-04 7.154079e-04
3.961450e+01 6.217105e-04 5.949752e-04 5.662357e-04 7.039206e-04
3.966650e+01 6.187053e-04 5.874968e-04 5.740442e-04 6.945750e-04
3.971850e+01 6.183005e-04 5.844845e-04 5.839156e-04 6.865013e-04
3.977050e+01 6.200324e-04 5.862059e-04 5.950596e-04 6.788318e-04
3.982250e+01 6.233268e-04 5.923799e-04 6.066767e-04 6.709239e-04
3.987450e+01 6.276115e-04 6.022081e-04 6.181148e-04 6.625116e-04
3.992650e+01 6.323960e-04 6.144850e-04 6.289808e-04 6.537222e-04
3.997850e+01 6.372962e-04 6.277647e-04 6.391725e-04 6.449513e-04
4.003050e+01 6.420087e-04 6.405606e-04 6.488187e-04 6.366468e-04
4.008250e+01 6.462595e-04 6.515452e-04 6.581426e-04 6.290907e-04
4.013450e+01 6.497549e-04 6.597133e-04 6.672882e-04 6.222633e-04
4.018650e+01 6.521574e-04 6.644788e-04 6.761628e-04 6.158306e-04
4.023850e+01 6.530925e-04 6.656911e-04 6.843437e-04 6.092428e-04
4.029050e+01 6.521851e-04 6.635823e-04 6.910859e-04 6.018871e-04
4.034250e+01 6.491153e-04 6.586714e-04 6.954395e-04 5.932350e-04
4.039450e+01 6.436846e-04 6.516535e-04 6.964571e-04 5.829432e-04
4.044650e+01 6.358796e-04 6.432966e-04 6.934431e-04 5.708990e-04
4.049850e+01 6.259172e-04 6.343533e-04 6.861756e-04 5.572226e-04
4.055050e+01 6.142528e-04 6.254881e-04 6.750303e-04 5.422400e-04
4.060250e+01 6.015362e-04 6.172195e-04 6.609578e-04 5.264312e-04
4.065450e+01 5.885136e-04 6.098732e-04 6.453086e-04 5.103589e-04
4.070650e+01 5.758979e-04 6.035526e-04 6.295549e-04 4.945862e-04
4.075850e+01 5.642444e-04 5.981354e-04 6.149961e-04 4.796019e-04
4.081050e+01 5.538774e-04 5.933154e-04 6.025438e-04 4.657729e-04
4.086250e+01 5.448938e-04 5.887060e-04 5.926422e-04 4.533332e-04
4.091450e+01 5.372446e-04 5.840026e-04 5.853253e-04 4.424057e-04
4.096650e+01 5.308562e-04 5.791701e-04 5.803595e-04 4.330390e-04
4.101850e+01 5.257433e-04 5.745803e-04 5.774049e-04 4.252447e-04
4.107050e+01 5.220643e-04 5.710237e-04 5.761449e-04 4.190244e-04
4.112250e+01 5.201001e-04 5.695496e-04 5.763654e-04 4.143853e-04
4.117450e+01 5.201717e-04 5.711687e-04 5.779935e-04 4.113529e-04
4.122650e+01 5.225373e-04 5.765197e-04 5.811095e-04 4.099826e-04
4.127850e+01 5.273129e-04 5.856341e-04 5.859366e-04 4.103680e-04
4.133050e+01 5.344451e-04 5.978979e-04 5.928056e-04 4.126318e-04
4.138250e+01 5.437314e-04 6.122210e-04 6.020880e-04 4.168851e-04
4.143450e+01 5.548647e-04 6.273432e-04 6.140985e-04 4.231525e-04
4.148650e+01 5.674704e-04 6.421494e-04 6.289797e-04 4.312822e-04
4.153850e+01 5.811168e-04 6.558823e-04 6.465901e-04 4.408780e-04
4.159050e+01 5.953022e-04 6.681925e-04 6.664220e-04 4.512921e-04
4.164250e+01 6.094373e-04 6.790379e-04 6.875761e-04 4.616980e-04
4.169450e+01 6.228444e-04 6.884984e-04 7.088069e-04 4.712280e-04
4.174650e+01 6.347900e-04 6.965947e-04 7.286420e-04 4.791332e-04
4.179850e+01 6.445523e-04 7.031852e-04 7.455569e-04 4.849148e-04
4.185050e+01 6.515181e-04 7.079850e-04 7.581759e-04 4.883935e-04
4.190250e+01 6.552916e-04 7.106974e-04 7.654672e-04 4.897104e-04
4.195450e+01 6.557962e-04 7.112079e-04 7.669049e-04 4.892758e-04
4.200650e+01 6.533419e-04 7.097591e-04 7.625776e-04 4.876890e-04
4.205850e+01 6.486302e-04 7.070272e-04 7.532227e-04 4.856407e-04
4.211050e+01 6.426742e-04 7.040520e-04 7.401651e-04 4.838056e-04
4.216250e+01 6.366329e-04 7.020258e-04 7.251400e-04 4.827329e-04
4.221450e+01 6.315883e-04 7.019985e-04 7.100077e-04 4.827586e-04
4.226650e+01 6.283265e-04 7.045952e-04 6.964124e-04 4.839718e-04
4.231850e+01 6.271927e-04 7.098465e-04 6.854770e-04 4.862547e-04
4.237050e+01 6.280721e-04 7.171951e-04 6.776358e-04 4.893854e-04
4.242250e+01 6.305025e-04 7.256860e-04 6.726674e-04 4.931542e-04
4.247450e+01 6.338745e-04 7.342713e-04 6.699164e-04 4.974359e-04
4.252650e+01 6.376386e-04 7.421156e-04 6.686187e-04 5.021815e-04
4.257850e+01 6.414443e-04 7.487878e-04 6.682055e-04 5.073397e-04
4.263050e+01 6.451706e-04 7.542754e-04 6.684801e-04 5.127563e-04
4.268250e+01 6.488588e-04 7.588447e-04 6.696203e-04 5.181113e-04
4.273450e+01 6.525981e-04 7.628336e-04 6.720306e-04 5.229301e-04
4.278650e+01 6.564232e-04 7.664853e-04 6.761199e-04 5.266644e-04
4.283850e+01 6.602621e-04 7.698878e-04 6.820886e-04 5.288098e-04
4.289050e+01 6.639394e-04 7.730118e-04 6.897926e-04 5.290137e-04
4.294250e+01 6.672120e-04 7.757809e-04 6.987132e-04 5.271418e-04
4.299450e+01 6.698095e-04 7.781022e-04 7.080351e-04 5.232912e-04
4.304650e+01 6.714653e-04 7.798317e-04 7.168066e-04 5.177578e-04
4.309850e+01 6.719449e-04 7.807140e-04 7.241411e-04 5.109798e-04
4.315050e+01 6.710857e-04 7.803768e-04 7.294033e-04 5.034769e-04
4.320250e+01 6.688537e-04 7.784370e-04 7.323234e-04 4.958007e-04
4.325450e+01 6.654018e-04 7.747033e-04 7.330077e-04 4.884944e-04
4.330650e+01 6.610942e-04 7.693779e-04 7.318532e-04 4.820514e-04
4.335850e+01 6.564696e-04 7.631357e-04 7.294166e-04 4.768566e-04
4.341050e+01 6.521362e-04 7.570039e-04 7.262980e-04 4.731067e-04
4.346250e+01 6.486301e-04 7.520712e-04 7.230834e-04 4.707358e-04
4.351450e+01 6.462903e-04 7.491476e-04 7.203392e-04 4.693842e-04
4.356650e+01 6.451987e-04 7.485260e-04 7.186181e-04 4.684518e-04
4.361850e+01 6.452023e-04 7.499404e-04 7.184289e-04 4.672376e-04
4.367050e+01 6.459961e-04 7.527150e-04 7.201484e-04 4.651250e-04
4.372250e+01 6.472187e-04 7.560088e-04 7.239026e-04 4.617447e-04
4.377450e+01 6.485220e-04 7.590363e-04 7.294725e-04 4.570571e-04
4.382650e+01 6.496022e-04 7.611818e-04 7.362857e-04 4.513392e-04
4.387850e+01 6.502094e-04 7.620018e-04 7.435219e-04 4.451044e-04
4.393050e+01 6.501604e-04 7.611639e-04 7.503105e-04 4.390069e-04
4.398250e+01 6.493686e-04 7.583939e-04 7.559543e-04 4.337577e-04
4.403450e+01 6.478750e-04 7.534763e-04 7.600979e-04 4.300508e-04
4.408650e+01 6.458541e-04 7.463120e-04 7.627790e-04 4.284714e-04
4.413850e+01 6.435734e-04 7.369977e-04 7.643488e-04 4.293736e-04
4.419050e+01 6.413067e-04 7.258731e-04 7.652990e-04 4.327479e-04
4.424250e+01 6.392300e-04 7.134942e-04 7.660584e-04 4.381374e-04
4.429450e+01 6.373377e-04 7.005247e-04 7.668247e-04 4.446638e-04
4.434650e+01 6.354146e-04 6.875793e-04 7.674760e-04 4.511884e-04
4.439850e+01 6.330783e-04 6.750797e-04 7.675786e-04 4.565767e-04
4.445050e+01 6.298826e-04 6.631796e-04 7.664866e-04 4.599815e-04
4.450250e+01 6.254476e-04 6.517864e-04 7.635084e-04 4.610480e-04
4.455450e+01 6.195765e-04 6.406616e-04 7.580991e-04 4.599687e-04
4.460650e+01 6.123204e-04 6.295589e-04 7.500247e-04 4.573778e-04
4.465850e+01 6.039777e-04 6.183528e-04 7.394488e-04 4.541316e-04
4.471050e+01 5.950318e-04 6.071258e-04 7.269107e-04 4.510591e-04
4.476250e+01 5.860522e-04 5.961953e-04 7.131976e-04 4.487637e-04
4.481450e+01 5.775855e-04 5.860772e-04 6.991532e-04 4.475261e-04
4.486650e+01 5.700643e-04 5.773889e-04 6.854847e-04 4.473191e-04
4.491850e+01 5.637503e-04 5.707110e-04 6.726326e-04 4.479072e-04
4.497050e+01 5.587230e-04 5.664413e-04 6.607410e-04 4.489867e-04
4.502250e+01 5.549102e-04 5.646877e-04 6.497271e-04 4.503159e-04
4.507450e+01 5.521468e-04 5.652370e-04 6.394133e-04 4.517900e-04
4.512650e+01 5.502401e-04 5.676180e-04 6.296659e-04 4.534365e-04
4.517850e+01 5.490218e-04 5.712364e-04 6.204939e-04 4.553350e-04
4.523050e+01 5.483715e-04 5.755327e-04 6.120810e-04 4.575008e-04
4.528250e+01 5.482157e-04 5.800997e-04 6.047520e-04 4.597953e-04
4.533450e+01 5.485091e-04 5.847137e-04 5.988920e-04 4.619216e-04
4.538650e+01 5.492134e-04 5.892726e-04 5.948394e-04 4.635282e-04
4.543850e+01 5.502780e-04 5.936774e-04 5.927728e-04 4.643838e-04
4.549050e+01 5.516265e-04 5.977231e-04 5.926147e-04 4.645417e-04
4.554250e+01 5.531463e-04 6.010606e-04 5.939758e-04 4.644025e-04
4.559450e+01 5.546815e-04 6.032601e-04 5.961646e-04 4.646199e-04
4.564650e+01 5.560341e-04 6.039555e-04 5.982779e-04 4.658689e-04
4.569850e+01 5.569763e-04 6.030063e-04 5.993605e-04 4.685621e-04
4.575050e+01 5.572749e-04 6.005967e-04 5.985972e-04 4.726307e-04
4.580250e+01 5.567209e-04 5.972159e-04 5.954777e-04 4.774690e-04
4.585450e+01 5.551542e-04 5.935107e-04 5.898796e-04 4.820724e-04
4.590650e+01 5.524762e-04 5.900649e-04 5.820411e-04 4.853227e-04
4.595850e+01 5.486498e-04 5.871937e-04 5.724369e-04 4.863187e-04
4.601050e+01 5.436955e-04 5.848431e-04 5.616089e-04 4.846346e-04
4.606250e+01 5.376928e-04 5.826337e-04 5.500183e-04 4.804262e-04
4.611450e+01 5.307878e-04 5.800248e-04 5.379747e-04 4.743638e-04
4.616650e+01 5.232019e-04 5.765169e-04 5.256575e-04 4.674314e-04
4.621850e+01 5.152264e-04 5.718040e-04 5.132047e-04 4.606706e-04
4.627050e+01 5.071933e-04 5.658204e-04 5.008133e-04 4.549462e-04
4.632250e+01 4.994269e-04 5.586949e-04 4.887946e-04 4.507911e-04
4.637450e+01 4.921926e-04 5.506724e-04 4.775556e-04 4.483497e-04
4.642650e+01 4.856668e-04 5.420690e-04 4.675161e-04 4.474153e-04
4.647850e+01 4.799405e-04 5.332841e-04 4.590010e-04 4.475365e-04
4.653050e+01 4.750540e-04 5.248350e-04 4.521620e-04 4.481650e-04
4.658250e+01 4.710406e-04 5.173520e-04 4.469603e-04 4.488096e-04
4.663450e+01 4.679546e-04 5.114874e-04 4.432151e-04 4.491614e-04
4.668650e+01 4.658655e-04 5.077532e-04 4.406887e-04 4.491546e-04
4.673850e+01 4.648214e-04 5.063551e-04 4.391642e-04 4.489448e-04
4.679050e+01 4.647998e-04 5.071064e-04 4.384833e-04 4.488096e-04
4.684250e+01 4.656730e-04 5.094749e-04 4.385311e-04 4.490130e-04
4.689450e+01 4.672073e-04 5.127472e-04 4.391889e-04 4.496858e-04
4.694650e+01 4.691018e-04 5.162439e-04 4.402894e-04 4.507722e-04
4.699850e+01 4.710520e-04 5.194954e-04 4.416050e-04 4.520557e-04
4.705050e+01 4.728110e-04 5.223124e-04 4.428790e-04 4.532417e-04
4.710250e+01 4.742245e-04 5.247368e-04 4.438846e-04 4.540522e-04
4.715450e+01 4.752267e-04 5.269069e-04 4.444804e-04 4.542926e-04
4.720650e+01 4.758063e-04 5.289072e-04 4.446362e-04 4.538756e-04
4.725850e+01 4.759690e-04 5.306747e-04 4.444240e-04 4.528082e-04
4.731050e+01 4.757191e-04 5.320081e-04 4.439883e-04 4.511608e-04
4.736250e+01 4.750750e-04 5.326747e-04 4.435215e-04 4.490288e-04
4.741450e+01 4.741015e-04 5.325607e-04 4.432527e-04 4.464912e-04
4.746650e+01 4.729303e-04 5.317797e-04 4.434418e-04 4.435693e-04
4.751850e+01 4.717401e-04 5.306687e-04 4.443529e-04 4.401988e-04
4.757050e+01 4.706950e-04 5.296574e-04 4.461941e-04 4.362334e-04
4.762250e+01 4.698648e-04 5.290666e-04 4.490360e-04 4.314918e-04
4.767450e+01 4.691763e-04 5.289348e-04 4.527521e-04 4.258420e-04
4.772650e+01 4.684269e-04 5.289633e-04 4.570274e-04 4.192900e-04
4.777850e+01 4.673660e-04 5.286130e-04 4.614516e-04 4.120333e-04
4.783050e+01 4.658061e-04 5.273061e-04 4.656682e-04 4.044441e-04
4.788250e+01 4.637092e-04 5.246407e-04 4.695084e-04 3.969785e-04
4.793450e+01 4.612004e-04 5.205240e-04 4.730389e-04 3.900385e-04
4.798650e+01 4.585021e-04 5.151779e-04 4.764882e-04 3.838401e-04
4.803850e+01 4.558182e-04 5.090310e-04 4.800817e-04 3.783419e-04
4.809050e+01 4.532285e-04 5.025585e-04 4.838617e-04 3.732652e-04
4.814250e+01 4.506392e-04 4.961404e-04 4.875786e-04 3.681985e-04
4.819450e+01 4.478109e-04 4.899842e-04 4.907071e-04 3.627412e-04
4.824650e+01 4.444440e-04 4.841261e-04 4.925777e-04 3.566283e-04
4.829850e+01 4.402854e-04 4.784911e-04 4.925731e-04 3.497921e-04
4.835050e+01 4.352194e-04 4.729818e-04 4.903219e-04 3.423545e-04
4.840250e+01 4.293252e-04 4.675665e-04 4.858333e-04 3.345759e-04
4.845450e+01 4.228954e-04 4.623404e-04 4.795488e-04 3.267971e-04
4.850650e+01 4.164154e-04 4.575438e-04 4.723024e-04 3.194001e-04
4.855850e+01 4.105020e-04 4.535226e-04 4.651941e-04 3.127893e-04
4.861050e+01 4.058030e-04 4.506365e-04 4.593937e-04 3.073788e-04
4.866250e+01 4.028728e-04 4.491389e-04 4.559082e-04 3.035712e-04
4.871450e+01 4.020533e-04 4.490744e-04 4.553639e-04 3.017217e-04
4.876650e+01 4.033995e-04 4.502423e-04 4.578672e-04 3.020890e-04
4.881850e+01 4.066746e-04 4.522491e-04 4.629917e-04 3.047831e-04
4.887050e+01 4.114204e-04 4.546337e-04 4.699047e-04 3.097228e-04
4.892250e+01 4.170758e-04 4.570100e-04 4.775976e-04 3.166198e-04
4.897450e+01 4.231063e-04 4.591655e-04 4.851458e-04 3.250076e-04
4.902650e+01 4.291021e-04 4.610747e-04 4.919139e-04 3.343177e-04
4.907850e+01 4.348239e-04 4.628349e-04 4.976437e-04 3.439931e-04
4.913050e+01 4.401933e-04 4.645682e-04 5.024085e-04 3.536032e-04
4.918250e+01 4.452479e-04 4.663491e-04 5.064738e-04 3.629209e-04
4.923450e+01 4.500886e-04 4.681942e-04 5.101358e-04 3.719357e-04
4.928650e+01 4.548403e-04 4.701147e-04 5.136101e-04 3.807962e-04
4.933850e+01 4.596358e-04 4.721900e-04 5.170104e-04 3.897071e-04
4.939050e+01 4.646105e-04 4.746128e-04 5.203986e-04 3.988202e-04
4.944250e+01 4.698932e-04 4.776674e-04 5.238527e-04 4.081595e-04
4.949450e+01 4.755811e-04 4.816444e-04 5.274920e-04 4.176069e-04
4.954650e+01 4.817035e-04 4.867279e-04 5.314319e-04 4.269509e-04
4.959850e+01 4.881926e-04 4.929065e-04 5.356962e-04 4.359752e-04
4.965050e+01 4.948802e-04 4.999486e-04 5.401431e-04 4.445490e-04
4.970250e+01 5.015283e-04 5.074456e-04 5.444551e-04 4.526840e-04
4.975450e+01 5.078790e-04 5.148982e-04 5.482035e-04 4.605352e-04
4.980650e+01 5.137004e-04 5.218057e-04 5.509478e-04 4.683477e-04
4.985850e+01 5.188059e-04 5.277261e-04 5.523211e-04 4.763705e-04
4.991050e+01 5.230469e-04 5.323019e-04 5.520715e-04 4.847671e-04
4.996250e+01 5.262968e-04 5.352688e-04 5.500715e-04 4.935503e-04
5.001450e+01 5.284530e-04 5.364726e-04 5.463277e-04 5.025587e-04
5.006650e+01 5.294684e-04 5.359116e-04 5.410132e-04 5.114805e-04
5.011850e+01 5.294036e-04 5.337924e-04 5.345045e-04 5.199140e-04
5.017050e+01 5.284686e-04 5.305723e-04 5.273827e-04 5.274510e-04
5.022250e+01 5.270278e-04 5.269547e-04 5.203669e-04 5.337617e-04
5.027450e+01 5.255587e-04 5.238208e-04 5.141857e-04 5.386696e-04
5.032650e+01 5.245787e-04 5.221031e-04 5.094314e-04 5.422017e-04
5.037850e+01 5.245637e-04 5.226279e-04 5.064546e-04 5.446087e-04
5.043050e+01 5.258782e-04 5.259576e-04 5.053302e-04 5.463467e-04
5.048250e+01 5.287235e-04 5.322647e-04 5.058935e-04 5.480122e-04
5.053450e+01 5.331060e-04 5.412629e-04 5.078184e-04 5.502368e-04
5.058650e+01 5.388256e-04 5.522161e-04 5.107070e-04 5.535536e-04
5.063850e+01 5.454944e-04 5.640418e-04 5.141714e-04 5.582699e-04
5.069050e+01 5.525942e-04 5.755058e-04 5.178968e-04 5.643800e-04
5.074250e+01 5.595693e-04 5.854780e-04 5.216800e-04 5.715498e-04
5.079450e+01 5.659372e-04 5.931882e-04 5.254395e-04 5.791838e-04
5.084650e+01 5.713862e-04 5.984002e-04 5.291995e-04 5.865588e-04
5.089850e+01 5.758281e-04 6.014411e-04 5.330590e-04 5.929842e-04
5.095050e+01 5.793883e-04 6.030671e-04 5.371588e-04 5.979390e-04
5.100250e+01 5.823364e-04 6.042109e-04 5.416560e-04 6.011422e-04
5.105450e+01 5.849827e-04 6.057028e-04 5.466987e-04 6.025465e-04
5.110650e+01 5.875764e-04 6.080644e-04 5.523901e-04 6.022746e-04
5.115850e+01 5.902365e-04 6.114341e-04 5.587371e-04 6.005383e-04
5.121050e+01 5.929332e-04 6.156249e-04 5.655974e-04 5.975774e-04
5.126250e+01 5.955159e-04 6.202628e-04 5.726514e-04 5.936335e-04
5.131450e+01 5.977698e-04 6.249346e-04 5.794221e-04 5.889526e-04
5.136650e+01 5.994792e-04 6.292931e-04 5.853482e-04 5.837962e-04
5.141850e+01 6.004762e-04 6.330965e-04 5.898852e-04 5.784469e-04
5.147050e+01 6.006634e-04 6.361896e-04 5.926020e-04 5.731988e-04
5.152250e+01 6.000065e-04 6.384482e-04 5.932433e-04 5.683280e-04
5.157450e+01 5.985058e-04 6.397169e-04 5.917538e-04 5.640465e-04
5.162650e+01 5.961639e-04 6.397726e-04 5.882713e-04 5.604477e-04
5.167850e+01 5.929708e-04 6.383450e-04 5.831041e-04 5.574631e-04
5.173050e+01 5.889180e-04 6.352033e-04 5.766951e-04 5.548556e-04
5.178250e+01 5.840386e-04 6.302843e-04 5.695686e-04 5.522630e-04
5.183450e+01 5.784490e-04 6.238009e-04 5.622617e-04 5.492845e-04
5.188650e+01 5.723676e-04 6.162645e-04 5.552580e-04 5.455803e-04
5.193850e+01 5.660961e-04 6.083913e-04 5.489493e-04 5.409478e-04
5.199050e+01 5.599718e-04 6.009248e-04 5.436421e-04 5.353485e-04
5.204250e+01 5.543135e-04 5.944572e-04 5.395991e-04 5.288844e-04
5.209450e+01 5.493831e-04 5.893301e-04 5.370784e-04 5.217407e-04
5.214650e+01 5.453684e-04 5.856502e-04 5.363309e-04 5.141241e-04
5.219850e+01 5.423817e-04 5.833880e-04 5.375396e-04 5.062174e-04
5.225050e+01 5.404609e-04 5.824929e-04 5.407252e-04 4.981646e-04
5.230250e+01 5.395714e-04 5.829622e-04 5.456650e-04 4.900871e-04
5.235450e+01 5.396130e-04 5.848424e-04 5.518756e-04 4.821210e-04
5.240650e+01 5.404366e-04 5.881777e-04 5.586738e-04 4.744583e-04
5.245850e+01 5.418674e-04 5.929365e-04 5.652956e-04 4.673703e-04
5.251050e+01 5.437229e-04 5.989438e-04 5.710278e-04 4.611970e-04
5.256250e+01 5.458161e-04 6.058393e-04 5.753100e-04 4.562990e-04
5.261450e+01 5.479503e-04 6.130748e-04 5.777855e-04 4.529906e-04
5.266650e+01 5.499199e-04 6.199702e-04 5.783105e-04 4.514790e-04
5.271850e+01 5.515340e-04 6.258316e-04 5.769356e-04 4.518347e-04
5.277050e+01 5.526612e-04 6.301079e-04 5.738759e-04 4.540000e-04
5.282250e+01 5.532738e-04 6.325301e-04 5.694686e-04 4.578226e-04
5.287450e+01 5.534592e-04 6.331652e-04 5.641189e-04 4.630933e-04
5.292650e+01 5.533832e-04 6.323462e-04 5.582351e-04 4.695682e-04
5.297850e+01 5.532119e-04 6.304976e-04 5.521664e-04 4.769716e-04
5.303050e+01 5.530254e-04 6.279319e-04 5.461589e-04 4.849854e-04
5.308250e+01 5.527612e-04 6.247150e-04 5.403322e-04 4.932365e-04
5.313450e+01 5.522100e-04 6.206611e-04 5.346763e-04 5.012925e-04
5.318650e+01 5.510629e-04 6.154573e-04 5.290548e-04 5.086766e-04
5.323850e+01 5.489915e-04 6.088510e-04 5.232153e-04 5.149083e-04
5.329050e+01 5.457328e-04 6.008110e-04 5.168133e-04 5.195740e-04
5.334250e+01 5.411565e-04 5.915899e-04 5.094624e-04 5.224173e-04
5.339450e+01 5.352995e-04 5.816675e-04 5.008130e-04 5.234179e-04
5.344650e+01 5.283559e-04 5.716035e-04 4.906428e-04 5.228214e-04
5.349850e+01 5.206266e-04 5.618599e-04 4.789301e-04 5.210898e-04
5.355050e+01 5.124378e-04 5.526564e-04 4.658829e-04 5.187742e-04
5.360250e+01 5.040555e-04 5.439063e-04 4.519135e-04 5.163467e-04
5.365450e+01 4.956249e-04 5.352504e-04 4.375705e-04 5.140538e-04
5.370650e+01 4.871575e-04 5.261757e-04 4.234512e-04 5.118458e-04
5.375850e+01 4.785669e-04 5.161797e-04 4.101145e-04 5.094065e-04
5.381050e+01 4.697343e-04 5.049269e-04 3.980043e-04 5.062716e-04
5.386250e+01 4.605736e-04 4.923453e-04 3.873865e-04 5.019889e-04
5.391450e+01 4.510689e-04 4.786374e-04 3.783049e-04 4.962645e-04
5.396650e+01 4.412771e-04 4.642117e-04 3.705690e-04 4.890506e-04
5.401850e+01 4.313051e-04 4.495718e-04 3.637908e-04 4.805527e-04
5.407050e+01 4.212848e-04 4.352141e-04 3.574740e-04 4.711664e-04
5.412250e+01 4.113587e-04 4.215641e-04 3.511372e-04 4.613747e-04
5.417450e+01 4.016786e-04 4.089576e-04 3.444360e-04 4.516423e-04
5.422650e+01 3.924039e-04 3.976382e-04 3.372370e-04 4.423365e-04
5.427850e+01 3.836836e-04 3.877408e-04 3.296199e-04 4.336901e-04
5.433050e+01 3.756212e-04 3.792508e-04 3.218107e-04 4.258021e-04
5.438250e+01 3.682334e-04 3.719559e-04 3.140786e-04 4.186659e-04
5.443450e+01 3.614267e-04 3.654330e-04 3.066419e-04 4.122052e-04
5.448650e+01 3.550078e-04 3.591007e-04 2.996199e-04 4.063029e-04
5.453850e+01 3.487295e-04 3.523374e-04 2.930370e-04 4.008140e-04
5.459050e+01 3.423538e-04 3.446290e-04 2.868642e-04 3.955682e-04
5.464250e+01 3.357097e-04 3.356894e-04 2.810660e-04 3.903737e-04
5.469450e+01 3.287228e-04 3.255083e-04 2.756246e-04 3.850356e-04
5.474650e+01 3.214127e-04 3.143159e-04 2.705342e-04 3.793878e-04
5.479850e+01 3.138639e-04 3.024883e-04 2.657751e-04 3.733282e-04
5.485050e+01 3.061891e-04 2.904401e-04 2.612896e-04 3.668376e-04
5.490250e+01 2.984981e-04 2.785454e-04 2.569777e-04 3.599711e-04
5.495450e+01 2.908822e-04 2.671067e-04 2.527163e-04 3.528235e-04
5.500650e+01 2.834096e-04 2.563610e-04 2.483848e-04 3.454830e-04
5.505850e+01 2.761223e-04 2.464966e-04 2.438806e-04 3.379897e-04
5.511050e+01 2.690260e-04 2.376534e-04 2.391103e-04 3.303144e-04
5.516250e+01 2.620772e-04 2.298975e-04 2.339695e-04 3.223645e-04
5.521450e+01 2.551773e-04 2.231837e-04 2.283338e-04 3.140144e-04
5.526650e+01 2.481896e-04 2.173336e-04 2.220844e-04 3.051509e-04
5.531850e+01 2.409792e-04 2.120522e-04 2.151656e-04 2.957197e-04
5.537050e+01 2.334641e-04 2.069895e-04 2.076472e-04 2.857555e-04
5.542250e+01 2.256537e-04 2.018251e-04 1.997514e-04 2.753846e-04
5.547450e+01 2.176552e-04 1.963459e-04 1.918194e-04 2.648004e-04
5.552650e+01 2.096436e-04 1.904832e-04 1.842261e-04 2.542213e-04
5.557850e+01 2.018097e-04 1.843015e-04 1.772780e-04 2.438495e-04
5.563050e+01 1.943093e-04 1.779473e-04 1.711403e-04 2.338404e-04
5.568250e+01 1.872316e-04 1.715866e-04 1.658192e-04 2.242888e-04
5.573450e+01 1.805922e-04 1.653549e-04 1.611972e-04 2.152244e-04
5.578650e+01 1.743459e-04 1.593341e-04 1.570907e-04 2.066130e-04
5.583850e+01 1.684063e-04 1.535560e-04 1.533019e-04 1.983612e-04
5.589050e+01 1.626643e-04 1.480187e-04 1.496444e-04 1.903299e-04
5.594250e+01 1.570044e-04 1.427036e-04 1.459488e-04 1.823610e-04
5.599450e+01 1.513200e-04 1.375823e-04 1.420628e-04 1.743148e-04
5.604650e+01 1.455279e-04 1.326143e-04 1.378618e-04 1.661075e-04
5.609850e+01 1.395822e-04 1.277422e-04 1.332695e-04 1.577349e-04
5.615050e+01 1.334810e-04 1.228925e-04 1.282782e-04 1.492722e-04
5.620250e+01 1.272648e-04 1.179888e-04 1.229535e-04 1.408520e-04
5.625450e+01 1.210050e-04 1.129713e-04 1.174161e-04 1.326276e-04
5.630650e+01 1.147871e-04 1.078172e-04 1.118060e-04 1.247379e-04
5.635850e+01 1.086929e-04 1.025503e-04 1.062443e-04 1.172841e-04
5.641050e+01 1.027886e-04 9.723683e-05 1.008058e-04 1.103231e-04
5.646250e+01 9.711844e-05 9.196852e-05 9.551099e-05 1.038758e-04
5.651450e+01 9.170316e-05 8.683896e-05 9.033331e-05 9.793720e-05
5.656650e+01 8.653684e-05 8.191726e-05 8.521326e-05 9.247999e-05
5.661850e+01 8.157887e-05 7.722273e-05 8.007152e-05 8.744236e-05
5.667050e+01 7.674225e-05 7.270454e-05 7.481707e-05 8.270515e-05
5.672250e+01 7.188667e-05 6.823360e-05 6.935303e-05 7.807337e-05
5.677450e+01 6.682824e-05 6.361629e-05 6.358666e-05 7.328178e-05
5.682650e+01 6.137419e-05 5.863612e-05 5.744854e-05 6.803790e-05
5.687850e+01 5.537902e-05 5.311813e-05 5.092087e-05 6.209807e-05
5.693050e+01 4.880555e-05 4.699741e-05 4.406648e-05 5.535276e-05
5.698250e+01 4.176551e-05 4.036510e-05 3.704497e-05 4.788645e-05
5.703450e+01 3.451878e-05 3.346967e-05 3.010345e-05 3.998322e-05
5.708650e+01 2.742570e-05 2.666824e-05 2.353830e-05 3.207057e-05
5.713850e+01 2.086671e-05 2.034348e-05 1.763714e-05 2.461950e-05
5.719050e+01 1.515732e-05 1.481584e-05 1.261960e-05 1.803652e-05
5.724250e+01 1.048726e-05 1.028094e-05 8.597066e-06 1.258379e-05
5.729450e+01 6.900025e-06 6.788617e-06 5.562912e-06 8.348547e-06
5.734650e+01 4.312214e-06 4.262446e-06 3.412506e-06 5.261690e-06
5.739850e+01 2.558086e-06 2.544179e-06 1.981618e-06 3.148461e-06
5.745050e+01 1.439958e-06 1.443680e-06 1.088061e-06 1.788134e-06
5.750250e+01 7.690771e-07 7.790000e-07 5.644354e-07 9.637959e-07
5.755450e+01 3.897723e-07 3.998366e-07 2.764724e-07 4.930080e-07
5.760650e+01 1.874737e-07 1.952599e-07 1.278206e-07 2.393406e-07
5.765850e+01 8.558904e-08 9.073133e-08 5.576560e-08 1.102702e-07
5.771050e+01 3.709047e-08 4.010754e-08 2.295657e-08 4.820730e-08
5.776250e+01 1.525531e-08 1.685751e-08 8.917041e-09 1.999138e-08
5.781450e+01 5.953246e-09 6.731235e-09 3.268372e-09 7.860130e-09
5.786650e+01 2.203032e-09 2.550600e-09 1.130502e-09 2.927995e-09
5.791850e+01 7.724829e-10 9.159194e-10 3.690330e-10 1.032496e-09
5.797050e+01 2.564099e-10 3.112369e-10 1.136887e-10 3.443042e-10
5.802250e+01 8.047082e-11 9.992847e-11 3.303430e-11 1.084497e-10
5.807450e+01 2.383059e-11 3.024920e-11 9.046429e-12 3.219615e-11
5.812650e+01 6.630935e-12 8.604007e-12 2.317377e-12 8.971421e-12
5.817850e+01 1.717148e-12 2.282245e-12 5.343326e-13 2.334867e-12
5.823050e+01 3.937428e-13 5.483059e-13 9.604842e-14 5.368742e-13
5.828250e+01 8.900259e-14 1.272969e-13 1.803953e-14 1.216713e-13
5.833450e+01 1.832297e-14 2.731321e-14 2.226595e-15 2.542912e-14
5.838650e+01 0.000000e+00 0.000000e+00 0.000000e+00 0.000000e+00
5.843850e+01 0.000000e+00 0.000000e+00 0.000000e+00 0.000000e+00
5.849050e+01 0.000000e+00 0.000000e+00 0.000000e+00 0.000000e+00
5.854250e+01 0.000000e+00 0.000000e+00 0.000000e+00 0.000000e+00
5.859450e+01 0.000000e+00 0.000000e+00 0.000000e+00 0.000000e+00
5.864650e+01 0.000000e+00 0.000000e+00 0.000000e+00 0.000000e+00
5.869850e+01 0.000000e+00 0.000000e+00 0.000000e+00 0.000000e+00
5.875050e+01 0.000000e+00 0.000000e+00 0.000000e+00 0.000000e+00
5.880250e+01 0.000000e+00 0.000000e+00 0.000000e+00 0.000000e+00
5.885450e+01 0.000000e+00 0.000000e+00 0.000000e+00 0.000000e+00
5.890650e+01 0.000000e+00 0.000000e+00 0.000000e+00 0.000000e+00
5.895850e+01 0.000000e+00 0.000000e+00 0.000000e+00 0.000000e+00
