6.507497e+00 0.000000e+00 0.000000e+00 0.000000e+00 0.000000e+00
6.559497e+00 0.000000e+00 0.000000e+00 0.000000e+00 0.000000e+00
6.611497e+00 0.000000e+00 0.000000e+00 0.000000e+00 0.000000e+00
6.663497e+00 0.000000e+00 0.000000e+00 0.000000e+00 0.000000e+00
6.715497e+00 0.000000e+00 0.000000e+00 0.000000e+00 0.000000e+00
6.767497e+00 0.000000e+00 0.000000e+00 0.000000e+00 0.000000e+00
6.819497e+00 0.000000e+00 0.000000e+00 0.000000e+00 0.000000e+00
6.871497e+00 0.000000e+00 0.000000e+00 0.000000e+00 0.000000e+00
6.923497e+00 0.000000e+00 0.000000e+00 0.000000e+00 0.000000e+00
6.975497e+00 0.000000e+00 0.000000e+00 0.000000e+00 0.000000e+00
7.027497e+00 0.000000e+00 0.000000e+00 0.000000e+00 0.000000e+00
7.079497e+00 0.000000e+00 0.000000e+00 0.000000e+00 0.000000e+00
7.131497e+00 0.000000e+00 0.000000e+00 0.000000e+00 0.000000e+00
7.183497e+00 0.000000e+00 0.000000e+00 0.000000e+00 0.000000e+00
7.235497e+00 0.000000e+00 0.000000e+00 0.000000e+00 0.000000e+00
7.287497e+00 0.000000e+00 0.000000e+00 0.000000e+00 0.000000e+00
7.339497e+00 0.000000e+00 0.000000e+00 0.000000e+00 0.000000e+00
7.391497e+00 0.000000e+00 0.000000e+00 0.000000e+00 0.000000e+00
7.443497e+00 0.000000e+00 0.000000e+00 0.000000e+00 0.000000e+00
7.495497e+00 0.000000e+00 0.000000e+00 0.000000e+00 0.000000e+00
7.547497e+00 0.000000e+00 0.000000e+00 0.000000e+00 0.000000e+00
7.599497e+00 0.000000e+00 0.000000e+00 0.000000e+00 0.000000e+00
7.651497e+00 0.000000e+00 0.000000e+00 0.000000e+00 0.000000e+00
7.703497e+00 0.000000e+00 0.000000e+00 0.000000e+00 0.000000e+00
7.755497e+00 0.000000e+00 0.000000e+00 0.000000e+00 0.000000e+00
7.807497e+00 0.000000e+00 0.000000e+00 0.000000e+00 0.000000e+00
7.859497e+00 0.000000e+00 0.000000e+00 0.000000e+00 0.000000e+00
7.911497e+00 0.000000e+00 0.000000e+00 0.000000e+00 0.000000e+00
7.963497e+00 0.000000e+00 0.000000e+00 0.000000e+00 0.000000e+00
8.015497e+00 0.000000e+00 0.000000e+00 0.000000e+00 0.000000e+00
8.067497e+00 0.000000e+00 0.000000e+00 0.000000e+00 0.000000e+00
8.119497e+00 0.000000e+00 0.000000e+00 0.000000e+00 0.000000e+00
8.171497e+00 0.000000e+00 0.000000e+00 0.000000e+00 0.000000e+00
8.223497e+00 0.000000e+00 0.000000e+00 0.000000e+00 0.000000e+00
8.275497e+00 0.000000e+00 0.000000e+00 0.000000e+00 0.000000e+00
8.327497e+00 0.000000e+00 0.000000e+00 0.000000e+00 0.000000e+00
8.379497e+00 0.000000e+00 0.000000e+00 0.000000e+00 0.000000e+00
8.431497e+00 0.000000e+00 0.000000e+00 0.000000e+00 0.000000e+00
8.483497e+00 0.000000e+00 0.000000e+00 0.000000e+00 0.000000e+00
8.535497e+00 0.000000e+00 0.000000e+00 0.000000e+00 0.000000e+00
8.587497e+00 0.000000e+00 0.000000e+00 0.000000e+00 0.000000e+00
8.639497e+00 0.000000e+00 0.000000e+00 0.000000e+00 0.000000e+00
8.691497e+00 0.000000e+00 0.000000e+00 0.000000e+00 0.000000e+00
8.743497e+00 0.000000e+00 0.000000e+00 0.000000e+00 0.000000e+00
8.795497e+00 0.000000e+00 0.000000e+00 0.000000e+00 0.000000e+00
8.847497e+00 0.000000e+00 0.000000e+00 0.000000e+00 0.000000e+00
8.899497e+00 0.000000e+00 0.000000e+00 0.000000e+00 0.000000e+00
8.951497e+00 0.000000e+00 0.000000e+00 0.000000e+00 0.000000e+00
9.003497e+00 0.000000e+00 0.000000e+00 0.000000e+00 0.000000e+00
9.055497e+00 0.000000e+00 0.000000e+00 0.000000e+00 0.000000e+00
9.107497e+00 0.000000e+00 0.000000e+00 0.000000e+00 0.000000e+00
9.159497e+00 0.000000e+00 0.000000e+00 0.000000e+00 0.000000e+00
9.211497e+00 0.000000e+00 0.000000e+00 0.000000e+00 0.000000e+00
9.263497e+00 0.000000e+00 0.000000e+00 0.000000e+00 0.000000e+00
9.315497e+00 0.000000e+00 0.000000e+00 0.000000e+00 0.000000e+00
9.367497e+00 0.000000e+00 0.000000e+00 0.000000e+00 0.000000e+00
9.419497e+00 0.000000e+00 0.000000e+00 0.000000e+00 0.000000e+00
9.471497e+00 0.000000e+00 0.000000e+00 0.000000e+00 0.000000e+00
9.523497e+00 0.000000e+00 0.000000e+00 0.000000e+00 0.000000e+00
9.575497e+00 0.000000e+00 0.000000e+00 0.000000e+00 0.000000e+00
9.627497e+00 0.000000e+00 0.000000e+00 0.000000e+00 0.000000e+00
9.679497e+00 0.000000e+00 0.000000e+00 0.000000e+00 0.000000e+00
9.731497e+00 0.000000e+00 0.000000e+00 0.000000e+00 0.000000e+00
9.783497e+00 0.000000e+00 0.000000e+00 0.000000e+00 0.000000e+00
9.835497e+00 0.000000e+00 0.000000e+00 0.000000e+00 0.000000e+00
9.887497e+00 0.000000e+00 0.000000e+00 0.000000e+00 0.000000e+00
9.939497e+00 0.000000e+00 0.000000e+00 0.000000e+00 0.000000e+00
9.991497e+00 0.000000e+00 0.000000e+00 0.000000e+00 0.000000e+00
1.004350e+01 0.000000e+00 0.000000e+00 0.000000e+00 0.000000e+00
1.009550e+01 0.000000e+00 0.000000e+00 0.000000e+00 0.000000e+00
1.014750e+01 0.000000e+00 0.000000e+00 0.000000e+00 0.000000e+00
1.019950e+01 0.000000e+00 0.000000e+00 0.000000e+00 0.000000e+00
1.025150e+01 0.000000e+00 0.000000e+00 0.000000e+00 0.000000e+00
1.030350e+01 0.000000e+00 0.000000e+00 0.000000e+00 0.000000e+00
1.035550e+01 7.131419e-15 3.700289e-16 2.059461e-14 4.296190e-16
1.040750e+01 9.315781e-14 1.800807e-14 2.431638e-13 1.830158e-14
1.045950e+01 5.914034e-13 1.412415e-13 1.490558e-12 1.424107e-13
1.051150e+01 2.737858e-12 6.890231e-13 6.830566e-12 6.939842e-13
1.056350e+01 1.191102e-11 3.024848e-12 2.966620e-11 3.042014e-12
1.061550e+01 4.725702e-11 1.217741e-11 1.173480e-10 1.224569e-11
1.066750e+01 1.751854e-10 4.554794e-11 4.341872e-10 4.582121e-11
1.071950e+01 6.069711e-10 1.594080e-10 1.501122e-09 1.603833e-10
1.077150e+01 1.979858e-09 5.240794e-10 4.888134e-09 5.273613e-10
1.082350e+01 6.087898e-09 1.619510e-09 1.501402e-08 1.630158e-09
1.087550e+01 1.768225e-08 4.709444e-09 4.359763e-08 4.739693e-09
1.092750e+01 4.853367e-08 1.294136e-08 1.196672e-07 1.299244e-08
1.097950e+01 1.259082e-07 3.355689e-08 3.105506e-07 3.361719e-08
1.103150e+01 3.092393e-07 8.220564e-08 7.634365e-07 8.207588e-08
1.108350e+01 7.204272e-07 1.911375e-07 1.780518e-06 1.896262e-07
1.113550e+01 1.595852e-06 4.242737e-07 3.946904e-06 4.163777e-07
1.118750e+01 3.371877e-06 9.063096e-07 8.335308e-06 8.740125e-07
1.123950e+01 6.824210e-06 1.883303e-06 1.682039e-05 1.768938e-06
1.129150e+01 1.330085e-05 3.855778e-06 3.255436e-05 3.492412e-06
1.134350e+01 2.512806e-05 7.871869e-06 6.069339e-05 6.818920e-06
1.139550e+01 4.633161e-05 1.614145e-05 1.095185e-04 1.333492e-05
1.144750e+01 8.387815e-05 3.321400e-05 1.921199e-04 2.630059e-05
1.149950e+01 1.496284e-04 6.798590e-05 3.286954e-04 5.220402e-05
1.155150e+01 2.629688e-04 1.366343e-04 5.490756e-04 1.031966e-04
1.160350e+01 4.535087e-04 2.660522e-04 8.942268e-04 2.002471e-04
1.165550e+01 7.623053e-04 4.964169e-04 1.414398e-03 3.761010e-04
1.170750e+01 1.239155e-03 8.804062e-04 2.160981e-03 6.760779e-04
1.175950e+01 1.933352e-03 1.475997e-03 3.170170e-03 1.153888e-03
1.181150e+01 2.876874e-03 2.330762e-03 4.439945e-03 1.859915e-03
1.186350e+01 4.062579e-03 3.458879e-03 5.907172e-03 2.821686e-03
1.191550e+01 5.424572e-03 4.817061e-03 7.436076e-03 4.020578e-03
1.196750e+01 6.831003e-03 6.290116e-03 8.829305e-03 5.373589e-03
1.201950e+01 8.098049e-03 7.697221e-03 9.865768e-03 6.731158e-03
1.207150e+01 9.026716e-03 8.824165e-03 1.035723e-02 7.898749e-03
1.212350e+01 9.453567e-03 9.475660e-03 1.020430e-02 8.680744e-03
1.217550e+01 9.297954e-03 9.530755e-03 9.429141e-03 8.933967e-03
1.222750e+01 8.587174e-03 8.979891e-03 8.170663e-03 8.610969e-03
1.227950e+01 7.449055e-03 7.928111e-03 6.643773e-03 7.775279e-03
1.233150e+01 6.074945e-03 6.563029e-03 5.079722e-03 6.582083e-03
1.238350e+01 4.668043e-03 5.101007e-03 3.670579e-03 5.232544e-03
1.243550e+01 3.396262e-03 3.732714e-03 2.535742e-03 3.920332e-03
1.248750e+01 2.364112e-03 2.586460e-03 1.716182e-03 2.789693e-03
1.253950e+01 1.608056e-03 1.717343e-03 1.190372e-03 1.916454e-03
1.259150e+01 1.110270e-03 1.118711e-03 9.000093e-04 1.312089e-03
1.264350e+01 8.208742e-04 7.454439e-04 7.745595e-04 9.426192e-04
1.269550e+01 6.793663e-04 5.379685e-04 7.484952e-04 7.516352e-04
1.274750e+01 6.298100e-04 4.398361e-04 7.701806e-04 6.794132e-04
1.279950e+01 6.286139e-04 4.067688e-04 8.043271e-04 6.747458e-04
1.285150e+01 6.464349e-04 4.087189e-04 8.306439e-04 6.999418e-04
1.290350e+01 6.665882e-04 4.278694e-04 8.406998e-04 7.311953e-04
1.295550e+01 6.819833e-04 4.551910e-04 8.342123e-04 7.565467e-04
1.300750e+01 6.918568e-04 4.871547e-04 8.154888e-04 7.729268e-04
1.305950e+01 6.989473e-04 5.232399e-04 7.905341e-04 7.830679e-04
1.311150e+01 7.073730e-04 5.642863e-04 7.651626e-04 7.926700e-04
1.316350e+01 7.212582e-04 6.115258e-04 7.441795e-04 8.080693e-04
1.321550e+01 7.440517e-04 6.661496e-04 7.313907e-04 8.346146e-04
1.326750e+01 7.784318e-04 7.293675e-04 7.300213e-04 8.759064e-04
1.331950e+01 8.266767e-04 8.029462e-04 7.431443e-04 9.339396e-04
1.337150e+01 8.913470e-04 8.901188e-04 7.739200e-04 1.010002e-03
1.342350e+01 9.760653e-04 9.965484e-04 8.256828e-04 1.105965e-03
1.347550e+01 1.086120e-03 1.130853e-03 9.020647e-04 1.225444e-03
1.352750e+01 1.228620e-03 1.304167e-03 1.007351e-03 1.374341e-03
1.357950e+01 1.412025e-03 1.528452e-03 1.147133e-03 1.560491e-03
1.363150e+01 1.645073e-03 1.813637e-03 1.329126e-03 1.792454e-03
1.368350e+01 1.935243e-03 2.164202e-03 1.563772e-03 2.077754e-03
1.373550e+01 2.287023e-03 2.576118e-03 1.864071e-03 2.420880e-03
1.378750e+01 2.700181e-03 3.035248e-03 2.244022e-03 2.821271e-03
1.383950e+01 3.168262e-03 3.518093e-03 2.715263e-03 3.271430e-03
1.389150e+01 3.677564e-03 3.995204e-03 3.281989e-03 3.755498e-03
1.394350e+01 4.206940e-03 4.436695e-03 3.935140e-03 4.248984e-03
1.399550e+01 4.728807e-03 4.818298e-03 4.647662e-03 4.720461e-03
1.404750e+01 5.211556e-03 5.125817e-03 5.373166e-03 5.135686e-03
1.409950e+01 5.623135e-03 5.356075e-03 6.049815e-03 5.463517e-03
1.415150e+01 5.935128e-03 5.513755e-03 6.609762e-03 5.681866e-03
1.420350e+01 6.126387e-03 5.605432e-03 6.992275e-03 5.781454e-03
1.425550e+01 6.185450e-03 5.633649e-03 7.156825e-03 5.765875e-03
1.430750e+01 6.111407e-03 5.594103e-03 7.091928e-03 5.648189e-03
1.435950e+01 5.913416e-03 5.477532e-03 6.816828e-03 5.445888e-03
1.441150e+01 5.609282e-03 5.275483e-03 6.375679e-03 5.176686e-03
1.446350e+01 5.223421e-03 4.987045e-03 5.826520e-03 4.856698e-03
1.451550e+01 4.784306e-03 4.623141e-03 5.228827e-03 4.500949e-03
1.456750e+01 4.321417e-03 4.206277e-03 4.633233e-03 4.124743e-03
1.461950e+01 3.861940e-03 3.765961e-03 4.075603e-03 3.744254e-03
1.467150e+01 3.427798e-03 3.331997e-03 3.575829e-03 3.375568e-03
1.472350e+01 3.033802e-03 2.928510e-03 3.140281e-03 3.032615e-03
1.477550e+01 2.687390e-03 2.570772e-03 2.766226e-03 2.725172e-03
1.482750e+01 2.389896e-03 2.265273e-03 2.446501e-03 2.457912e-03
1.487950e+01 2.138664e-03 2.012035e-03 2.173194e-03 2.230764e-03
1.493150e+01 1.929106e-03 1.807507e-03 1.939694e-03 2.040116e-03
1.498350e+01 1.756005e-03 1.646684e-03 1.741123e-03 1.880207e-03
1.503550e+01 1.613941e-03 1.523898e-03 1.573663e-03 1.744263e-03
1.508750e+01 1.497168e-03 1.432639e-03 1.433538e-03 1.625327e-03
1.513950e+01 1.399494e-03 1.365198e-03 1.316319e-03 1.516967e-03
1.519150e+01 1.314590e-03 1.312860e-03 1.216939e-03 1.413969e-03
1.524350e+01 1.236722e-03 1.266897e-03 1.130343e-03 1.312925e-03
1.529550e+01 1.161659e-03 1.220058e-03 1.052403e-03 1.212516e-03
1.534750e+01 1.087308e-03 1.167902e-03 9.806538e-04 1.113368e-03
1.539950e+01 1.013787e-03 1.109368e-03 9.144923e-04 1.017500e-03
1.545150e+01 9.428998e-04 1.046329e-03 8.547684e-04 9.276020e-04
1.550350e+01 8.772310e-04 9.823442e-04 8.029662e-04 8.463826e-04
1.555550e+01 8.191891e-04 9.211431e-04 7.603028e-04 7.761214e-04
1.560750e+01 7.703239e-04 8.654490e-04 7.270688e-04 7.184541e-04
1.565950e+01 7.310666e-04 8.165044e-04 7.023913e-04 6.743040e-04
1.571150e+01 7.008839e-04 7.743347e-04 6.844242e-04 6.438927e-04
1.576350e+01 6.787013e-04 7.384644e-04 6.708353e-04 6.268041e-04
1.581550e+01 6.633907e-04 7.086579e-04 6.594035e-04 6.221108e-04
1.586750e+01 6.541342e-04 6.853113e-04 6.485469e-04 6.285445e-04
1.591950e+01 6.505420e-04 6.693335e-04 6.376440e-04 6.446485e-04
1.597150e+01 6.525027e-04 6.616123e-04 6.270708e-04 6.688250e-04
1.602350e+01 6.598498e-04 6.623541e-04 6.179557e-04 6.992397e-04
1.607550e+01 6.720001e-04 6.706233e-04 6.117384e-04 7.336386e-04
1.612750e+01 6.877310e-04 6.842928e-04 6.096847e-04 7.692156e-04
1.617950e+01 7.052011e-04 7.004100e-04 6.125115e-04 8.026818e-04
1.623150e+01 7.222094e-04 7.158008e-04 6.202188e-04 8.306086e-04
1.628350e+01 7.365901e-04 7.276587e-04 6.321262e-04 8.499853e-04
1.633550e+01 7.465977e-04 7.339348e-04 6.470417e-04 8.588164e-04
1.638750e+01 7.511674e-04 7.334841e-04 6.634707e-04 8.565473e-04
1.643950e+01 7.500102e-04 7.260526e-04 6.798159e-04 8.441621e-04
1.649150e+01 7.435717e-04 7.122224e-04 6.945684e-04 8.239244e-04
1.654350e+01 7.329098e-04 6.933659e-04 7.065106e-04 7.988528e-04
1.659550e+01 7.195291e-04 6.715636e-04 7.149242e-04 7.720997e-04
1.664750e+01 7.051733e-04 6.493833e-04 7.197424e-04 7.463942e-04
1.669950e+01 6.915600e-04 6.294627e-04 7.215621e-04 7.236553e-04
1.675150e+01 6.800702e-04 6.139508e-04 7.214553e-04 7.048045e-04
1.680350e+01 6.714533e-04 6.039792e-04 7.206096e-04 6.897711e-04
1.685550e+01 6.656609e-04 5.993817e-04 7.199252e-04 6.776758e-04
1.690750e+01 6.619196e-04 5.988212e-04 7.197510e-04 6.671867e-04
1.695950e+01 6.590869e-04 6.003322e-04 7.199085e-04 6.570202e-04
1.701150e+01 6.562102e-04 6.021155e-04 7.200235e-04 6.464914e-04
1.706350e+01 6.530883e-04 6.032934e-04 7.200240e-04 6.359475e-04
1.711550e+01 6.505832e-04 6.043171e-04 7.205447e-04 6.268879e-04
1.716750e+01 6.504935e-04 6.068377e-04 7.229898e-04 6.216530e-04
1.721950e+01 6.549751e-04 6.130608e-04 7.291467e-04 6.227177e-04
1.727150e+01 6.656962e-04 6.248212e-04 7.404644e-04 6.318031e-04
1.732350e+01 6.830533e-04 6.427385e-04 7.572971e-04 6.491243e-04
1.737550e+01 7.057788e-04 6.657889e-04 7.784817e-04 6.730658e-04
1.742750e+01 7.311526e-04 6.914802e-04 8.015298e-04 7.004479e-04
1.747950e+01 7.558257e-04 7.166127e-04 8.235089e-04 7.273555e-04
1.753150e+01 7.770672e-04 7.384380e-04 8.424311e-04 7.503326e-04
1.758350e+01 7.941051e-04 7.559237e-04 8.587539e-04 7.676378e-04
1.763550e+01 8.091796e-04 7.708119e-04 8.764927e-04 7.802343e-04
1.768750e+01 8.279764e-04 7.881929e-04 9.034955e-04 7.922408e-04
1.773950e+01 8.592337e-04 8.163931e-04 9.506260e-04 8.106818e-04
1.779150e+01 9.134866e-04 8.660784e-04 1.029879e-03 8.445027e-04
1.784350e+01 1.001098e-03 9.485987e-04 1.151737e-03 9.029594e-04
1.789550e+01 1.129891e-03 1.073739e-03 1.322305e-03 9.936290e-04
1.794750e+01 1.302833e-03 1.247197e-03 1.540870e-03 1.120432e-03
1.799950e+01 1.516310e-03 1.468273e-03 1.798508e-03 1.282151e-03
1.805150e+01 1.759481e-03 1.728344e-03 2.078185e-03 1.471912e-03
1.810350e+01 2.015016e-03 2.010687e-03 2.356485e-03 1.677877e-03
1.815550e+01 2.261241e-03 2.292002e-03 2.606701e-03 1.885021e-03
1.820750e+01 2.475311e-03 2.545626e-03 2.802771e-03 2.077534e-03
1.825950e+01 2.636826e-03 2.745941e-03 2.923385e-03 2.241154e-03
1.831150e+01 2.731189e-03 2.873111e-03 2.955568e-03 2.364890e-03
1.836350e+01 2.752024e-03 2.917011e-03 2.897146e-03 2.441915e-03
1.841550e+01 2.702205e-03 2.879307e-03 2.757537e-03 2.469772e-03
1.846750e+01 2.593273e-03 2.773043e-03 2.556524e-03 2.450252e-03
1.851950e+01 2.443332e-03 2.619787e-03 2.321003e-03 2.389207e-03
1.857150e+01 2.273889e-03 2.445113e-03 2.080240e-03 2.296315e-03
1.862350e+01 2.106274e-03 2.273660e-03 1.860643e-03 2.184518e-03
1.867550e+01 1.958372e-03 2.125024e-03 1.681312e-03 2.068781e-03
1.872750e+01 1.842246e-03 2.011273e-03 1.551437e-03 1.964026e-03
1.877950e+01 1.762935e-03 1.936253e-03 1.470055e-03 1.882498e-03
1.883150e+01 1.718529e-03 1.896364e-03 1.427990e-03 1.831232e-03
1.888350e+01 1.701347e-03 1.882326e-03 1.411243e-03 1.810473e-03
1.893550e+01 1.699997e-03 1.881499e-03 1.404815e-03 1.813678e-03
1.898750e+01 1.701924e-03 1.880483e-03 1.396020e-03 1.829270e-03
1.903950e+01 1.695977e-03 1.867658e-03 1.376607e-03 1.843666e-03
1.909150e+01 1.674473e-03 1.835258e-03 1.343456e-03 1.844703e-03
1.914350e+01 1.634319e-03 1.780523e-03 1.297983e-03 1.824451e-03
1.919550e+01 1.576996e-03 1.705655e-03 1.244676e-03 1.780658e-03
1.924750e+01 1.507505e-03 1.616637e-03 1.189321e-03 1.716556e-03
1.929950e+01 1.432655e-03 1.521328e-03 1.137383e-03 1.639255e-03
1.935150e+01 1.359227e-03 1.427452e-03 1.092867e-03 1.557362e-03
1.940350e+01 1.292467e-03 1.341024e-03 1.057756e-03 1.478621e-03
1.945550e+01 1.235255e-03 1.265543e-03 1.032012e-03 1.408210e-03
1.950750e+01 1.188004e-03 1.201958e-03 1.013982e-03 1.348073e-03
1.955950e+01 1.149179e-03 1.149202e-03 1.001076e-03 1.297260e-03
1.961150e+01 1.116153e-03 1.105018e-03 9.904924e-04 1.252949e-03
1.966350e+01 1.086106e-03 1.066761e-03 9.798428e-04 1.211716e-03
1.971550e+01 1.056739e-03 1.032048e-03 9.675419e-04 1.170627e-03
1.976750e+01 1.026693e-03 9.991610e-04 9.529478e-04 1.127969e-03
1.981950e+01 9.956970e-04 9.672420e-04 9.363146e-04 1.083534e-03
1.987150e+01 9.645153e-04 9.363322e-04 9.186511e-04 1.038563e-03
1.992350e+01 9.347562e-04 9.073058e-04 9.015376e-04 9.954251e-04
1.997550e+01 9.085842e-04 8.817222e-04 8.868957e-04 9.571346e-04
2.002750e+01 8.883422e-04 8.616046e-04 8.766751e-04 9.267468e-04
2.007950e+01 8.761245e-04 8.491490e-04 8.724723e-04 9.067521e-04
2.013150e+01 8.733816e-04 8.463855e-04 8.751710e-04 8.985882e-04
2.018350e+01 8.806684e-04 8.548309e-04 8.847489e-04 9.024255e-04
2.023550e+01 8.976269e-04 8.751958e-04 9.003679e-04 9.173171e-04
2.028750e+01 9.232264e-04 9.072223e-04 9.207621e-04 9.416949e-04
2.033950e+01 9.561976e-04 9.497202e-04 9.448123e-04 9.740603e-04
2.039150e+01 9.955234e-04 1.000828e-03 9.721066e-04 1.013635e-03
2.044350e+01 1.040816e-03 1.058445e-03 1.003261e-03 1.060741e-03
2.049550e+01 1.092415e-03 1.120678e-03 1.039825e-03 1.116741e-03
2.054750e+01 1.151100e-03 1.186103e-03 1.083701e-03 1.183497e-03
2.059950e+01 1.217411e-03 1.253667e-03 1.136154e-03 1.262412e-03
2.065150e+01 1.290698e-03 1.322206e-03 1.196661e-03 1.353227e-03
2.070350e+01 1.368235e-03 1.389768e-03 1.262024e-03 1.452912e-03
2.075550e+01 1.444779e-03 1.453101e-03 1.326177e-03 1.555059e-03
2.080750e+01 1.512961e-03 1.507675e-03 1.381003e-03 1.650205e-03
2.085950e+01 1.564628e-03 1.548435e-03 1.418125e-03 1.727323e-03
2.091150e+01 1.592875e-03 1.571142e-03 1.431193e-03 1.776290e-03
2.096350e+01 1.594134e-03 1.573821e-03 1.417903e-03 1.790678e-03
2.101550e+01 1.569527e-03 1.557735e-03 1.380956e-03 1.769889e-03
2.106750e+01 1.524888e-03 1.527389e-03 1.327528e-03 1.719747e-03
2.111950e+01 1.469346e-03 1.489499e-03 1.267394e-03 1.651146e-03
2.117150e+01 1.412918e-03 1.451265e-03 1.210379e-03 1.577111e-03
2.122350e+01 1.363972e-03 1.418585e-03 1.164027e-03 1.509305e-03
2.127550e+01 1.327437e-03 1.394834e-03 1.132237e-03 1.455239e-03
2.132750e+01 1.304288e-03 1.380557e-03 1.115158e-03 1.417149e-03
2.137950e+01 1.292347e-03 1.374050e-03 1.110150e-03 1.392842e-03
2.143150e+01 1.287906e-03 1.372473e-03 1.113277e-03 1.377969e-03
2.148350e+01 1.287479e-03 1.373063e-03 1.120717e-03 1.368657e-03
2.153550e+01 1.289004e-03 1.374025e-03 1.129646e-03 1.363342e-03
2.158750e+01 1.292137e-03 1.374896e-03 1.138431e-03 1.363085e-03
2.163950e+01 1.297646e-03 1.376336e-03 1.146239e-03 1.370364e-03
2.169150e+01 1.306306e-03 1.379480e-03 1.152394e-03 1.387045e-03
2.174350e+01 1.317809e-03 1.385094e-03 1.155797e-03 1.412535e-03
2.179550e+01 1.330172e-03 1.392824e-03 1.154703e-03 1.442988e-03
2.184750e+01 1.339865e-03 1.400822e-03 1.146901e-03 1.471872e-03
2.189950e+01 1.342570e-03 1.405882e-03 1.130236e-03 1.491592e-03
2.195150e+01 1.334265e-03 1.404097e-03 1.103249e-03 1.495450e-03
2.200350e+01 1.312236e-03 1.391819e-03 1.065698e-03 1.479192e-03
2.205550e+01 1.275712e-03 1.366629e-03 1.018811e-03 1.441696e-03
2.210750e+01 1.225992e-03 1.328017e-03 9.651642e-04 1.384795e-03
2.215950e+01 1.166107e-03 1.277568e-03 9.082410e-04 1.312511e-03
2.221150e+01 1.100187e-03 1.218629e-03 8.518011e-04 1.230131e-03
2.226350e+01 1.032735e-03 1.155574e-03 7.992451e-04 1.143386e-03
2.231550e+01 9.679707e-04 1.092892e-03 7.531530e-04 1.057867e-03
2.236750e+01 9.093566e-04 1.034347e-03 7.150985e-04 9.786243e-04
2.241950e+01 8.593354e-04 9.824158e-04 6.857284e-04 9.098620e-04
2.247150e+01 8.192685e-04 9.381012e-04 6.650088e-04 8.546955e-04
2.252350e+01 7.895432e-04 9.011386e-04 6.525098e-04 8.149812e-04
2.257550e+01 7.698006e-04 8.705028e-04 6.476309e-04 7.912679e-04
2.262750e+01 7.592139e-04 8.450351e-04 6.497242e-04 7.828825e-04
2.267950e+01 7.567267e-04 8.239712e-04 6.581100e-04 7.880989e-04
2.273150e+01 7.611564e-04 8.071699e-04 6.719916e-04 8.043078e-04
2.278350e+01 7.711187e-04 7.949488e-04 6.902793e-04 8.281280e-04
2.283550e+01 7.848185e-04 7.875986e-04 7.113711e-04 8.554857e-04
2.288750e+01 7.998548e-04 7.848064e-04 7.329905e-04 8.817674e-04
2.293950e+01 8.132273e-04 7.852846e-04 7.522189e-04 9.021786e-04
2.299150e+01 8.216754e-04 7.868305e-04 7.658314e-04 9.123643e-04
2.304350e+01 8.223310e-04 7.868524e-04 7.709289e-04 9.092119e-04
2.309550e+01 8.135011e-04 7.831800e-04 7.657076e-04 8.916156e-04
2.314750e+01 7.952887e-04 7.748379e-04 7.500988e-04 8.609294e-04
2.319950e+01 7.697856e-04 7.624516e-04 7.260111e-04 8.208940e-04
2.325150e+01 7.407074e-04 7.481003e-04 6.970360e-04 7.769860e-04
2.330350e+01 7.125518e-04 7.346469e-04 6.676759e-04 7.353327e-04
2.335550e+01 6.895341e-04 7.247940e-04 6.423290e-04 7.014794e-04
2.340750e+01 6.746413e-04 7.202280e-04 6.243505e-04 6.793452e-04
2.345950e+01 6.690893e-04 7.211813e-04 6.154595e-04 6.706272e-04
2.351150e+01 6.723131e-04 7.265572e-04 6.156210e-04 6.747611e-04
2.356350e+01 6.824170e-04 7.345180e-04 6.233624e-04 6.893704e-04
2.361550e+01 6.968634e-04 7.432339e-04 6.363531e-04 7.110032e-04
2.366750e+01 7.131307e-04 7.514472e-04 6.520308e-04 7.359142e-04
2.371950e+01 7.291374e-04 7.586319e-04 6.680920e-04 7.606884e-04
2.377150e+01 7.433710e-04 7.647601e-04 6.827545e-04 7.825985e-04
2.382350e+01 7.547965e-04 7.698917e-04 6.948002e-04 7.996976e-04
2.387550e+01 7.626921e-04 7.738666e-04 7.034846e-04 8.107252e-04
2.392750e+01 7.665452e-04 7.762746e-04 7.084238e-04 8.149371e-04
2.397950e+01 7.660606e-04 7.766777e-04 7.095395e-04 8.119646e-04
2.403150e+01 7.612466e-04 7.748939e-04 7.070802e-04 8.017655e-04
2.408350e+01 7.524929e-04 7.711285e-04 7.016631e-04 7.846869e-04
2.413550e+01 7.405719e-04 7.658557e-04 6.942558e-04 7.616043e-04
2.418750e+01 7.265451e-04 7.595369e-04 6.860369e-04 7.340616e-04
2.423950e+01 7.116088e-04 7.523710e-04 6.781455e-04 7.043100e-04
2.429150e+01 6.969341e-04 7.442379e-04 6.714081e-04 6.751563e-04
2.434350e+01 6.835376e-04 7.348581e-04 6.661650e-04 6.495896e-04
2.439550e+01 6.721968e-04 7.240459e-04 6.622921e-04 6.302525e-04
2.444750e+01 6.634092e-04 7.118866e-04 6.594236e-04 6.189174e-04
2.449950e+01 6.574006e-04 6.987484e-04 6.572836e-04 6.161698e-04
2.455150e+01 6.541963e-04 6.851677e-04 6.559724e-04 6.214489e-04
2.460350e+01 6.537514e-04 6.717312e-04 6.560706e-04 6.334525e-04
2.465550e+01 6.560996e-04 6.590526e-04 6.585021e-04 6.507442e-04
2.470750e+01 6.614464e-04 6.478430e-04 6.642090e-04 6.722872e-04
2.475950e+01 6.701301e-04 6.389746e-04 6.737709e-04 6.976449e-04
2.481150e+01 6.824234e-04 6.334179e-04 6.871187e-04 7.267337e-04
2.486350e+01 6.982272e-04 6.320062e-04 7.034443e-04 7.592311e-04
2.491550e+01 7.167753e-04 6.350962e-04 7.213120e-04 7.939178e-04
2.496750e+01 7.364917e-04 6.422821e-04 7.389005e-04 8.282925e-04
2.501950e+01 7.550990e-04 6.523200e-04 7.542705e-04 8.587065e-04
2.507150e+01 7.699958e-04 6.633377e-04 7.655874e-04 8.810623e-04
2.512350e+01 7.788193e-04 6.732838e-04 7.712834e-04 8.918908e-04
2.517550e+01 7.800400e-04 6.804724e-04 7.701944e-04 8.894533e-04
2.522750e+01 7.734100e-04 6.840544e-04 7.617042e-04 8.744713e-04
2.527950e+01 7.601281e-04 6.842837e-04 7.458931e-04 8.502074e-04
2.533150e+01 7.426704e-04 6.825229e-04 7.236423e-04 8.218461e-04
2.538350e+01 7.243423e-04 6.810077e-04 6.966408e-04 7.953785e-04
2.543550e+01 7.086928e-04 6.824333e-04 6.672698e-04 7.763752e-04
2.548750e+01 6.989691e-04 6.894646e-04 6.383957e-04 7.690470e-04
2.553950e+01 6.977551e-04 7.042825e-04 6.131371e-04 7.758456e-04
2.559150e+01 7.068481e-04 7.282705e-04 5.946711e-04 7.976028e-04
2.564350e+01 7.273155e-04 7.618906e-04 5.861013e-04 8.339546e-04
2.569550e+01 7.595870e-04 8.047137e-04 5.903595e-04 8.836877e-04
2.574750e+01 8.034355e-04 8.555055e-04 6.100706e-04 9.447303e-04
2.579950e+01 8.577847e-04 9.122697e-04 6.473111e-04 1.013773e-03
2.585150e+01 9.204334e-04 9.722428e-04 7.032368e-04 1.085821e-03
2.590350e+01 9.879051e-04 1.031949e-03 7.776315e-04 1.154135e-03
2.595550e+01 1.055639e-03 1.087470e-03 8.685038e-04 1.210944e-03
2.600750e+01 1.118600e-03 1.134995e-03 9.718877e-04 1.248917e-03
2.605950e+01 1.172153e-03 1.171534e-03 1.081959e-03 1.262965e-03
2.611150e+01 1.212895e-03 1.195517e-03 1.191484e-03 1.251684e-03
2.616350e+01 1.239110e-03 1.206990e-03 1.292513e-03 1.217826e-03
2.621550e+01 1.250696e-03 1.207292e-03 1.377198e-03 1.167598e-03
2.626750e+01 1.248690e-03 1.198382e-03 1.438614e-03 1.109075e-03
2.631950e+01 1.234671e-03 1.182128e-03 1.471537e-03 1.050348e-03
2.637150e+01 1.210339e-03 1.159911e-03 1.473104e-03 9.980032e-04
2.642350e+01 1.177416e-03 1.132651e-03 1.443292e-03 9.563054e-04
2.647550e+01 1.137767e-03 1.101151e-03 1.385065e-03 9.270867e-04
2.652750e+01 1.093566e-03 1.066462e-03 1.304096e-03 9.101399e-04
2.657950e+01 1.047305e-03 1.030037e-03 1.208046e-03 9.038313e-04
2.663150e+01 1.001609e-03 9.935684e-04 1.105535e-03 9.057241e-04
2.668350e+01 9.589333e-04 9.586592e-04 1.005038e-03 9.131031e-04
2.673550e+01 9.212766e-04 9.265219e-04 9.139400e-04 9.233679e-04
2.678750e+01 8.900282e-04 8.978804e-04 8.379106e-04 9.342936e-04
2.683950e+01 8.659513e-04 8.730908e-04 7.805950e-04 9.441680e-04
2.689150e+01 8.492500e-04 8.523639e-04 7.435581e-04 9.518282e-04
2.694350e+01 8.396470e-04 8.359349e-04 7.263772e-04 9.566289e-04
2.699550e+01 8.364358e-04 8.240919e-04 7.268318e-04 9.583837e-04
2.704750e+01 8.385299e-04 8.170848e-04 7.412020e-04 9.573029e-04
2.709950e+01 8.445484e-04 8.150024e-04 7.647160e-04 9.539267e-04
2.715150e+01 8.529600e-04 8.176938e-04 7.921576e-04 9.490286e-04
2.720350e+01 8.622612e-04 8.247446e-04 8.185707e-04 9.434682e-04
2.725550e+01 8.711290e-04 8.354618e-04 8.399274e-04 9.379978e-04
2.730750e+01 8.784978e-04 8.488280e-04 8.535992e-04 9.330663e-04
2.735950e+01 8.835448e-04 8.634381e-04 8.585150e-04 9.286812e-04
2.741150e+01 8.856201e-04 8.774944e-04 8.549838e-04 9.243822e-04
2.746350e+01 8.841853e-04 8.889523e-04 8.442673e-04 9.193363e-04
2.751550e+01 8.788128e-04 8.958473e-04 8.280630e-04 9.125281e-04
2.756750e+01 8.692641e-04 8.967398e-04 8.080634e-04 9.029892e-04
2.761950e+01 8.556127e-04 8.911258e-04 7.857030e-04 8.900093e-04
2.767150e+01 8.383477e-04 8.796502e-04 7.621049e-04 8.732882e-04
2.772350e+01 8.183958e-04 8.640224e-04 7.381609e-04 8.530041e-04
2.777550e+01 7.970319e-04 8.466537e-04 7.146435e-04 8.297985e-04
2.782750e+01 7.756998e-04 8.301354e-04 6.922751e-04 8.046890e-04
2.787950e+01 7.558001e-04 8.167239e-04 6.717392e-04 7.789372e-04
2.793150e+01 7.385101e-04 8.079645e-04 6.536630e-04 7.539027e-04
2.798350e+01 7.246795e-04 8.045148e-04 6.386092e-04 7.309144e-04
2.803550e+01 7.148083e-04 8.061530e-04 6.270903e-04 7.111815e-04
2.808750e+01 7.090828e-04 8.119213e-04 6.195811e-04 6.957460e-04
2.813950e+01 7.074379e-04 8.203563e-04 6.164953e-04 6.854620e-04
2.819150e+01 7.096202e-04 8.297781e-04 6.181087e-04 6.809737e-04
2.824350e+01 7.152428e-04 8.386090e-04 6.244506e-04 6.826687e-04
2.829550e+01 7.238292e-04 8.456764e-04 6.352067e-04 6.906046e-04
2.834750e+01 7.348472e-04 8.504270e-04 6.496849e-04 7.044296e-04
2.839950e+01 7.477269e-04 8.529819e-04 6.668622e-04 7.233366e-04
2.845150e+01 7.618655e-04 8.540048e-04 6.855037e-04 7.460880e-04
2.850350e+01 7.766215e-04 8.544229e-04 7.043146e-04 7.711269e-04
2.855550e+01 7.913143e-04 8.550973e-04 7.220878e-04 7.967580e-04
2.860750e+01 8.052448e-04 8.565555e-04 7.378219e-04 8.213568e-04
2.865950e+01 8.177403e-04 8.588628e-04 7.508041e-04 8.435542e-04
2.871150e+01 8.282206e-04 8.616496e-04 7.606629e-04 8.623493e-04
2.876350e+01 8.362613e-04 8.642555e-04 7.673910e-04 8.771375e-04
2.881550e+01 8.416392e-04 8.659177e-04 7.713304e-04 8.876696e-04
2.886750e+01 8.443473e-04 8.659398e-04 7.731079e-04 8.939941e-04
2.891950e+01 8.445845e-04 8.638021e-04 7.735246e-04 8.964267e-04
2.897150e+01 8.427311e-04 8.592114e-04 7.734184e-04 8.955633e-04
2.902350e+01 8.393163e-04 8.521169e-04 7.735328e-04 8.922991e-04
2.907550e+01 8.349739e-04 8.427204e-04 7.744177e-04 8.877835e-04
2.912750e+01 8.303775e-04 8.314978e-04 7.763746e-04 8.832602e-04
2.917950e+01 8.261550e-04 8.192178e-04 7.794422e-04 8.798050e-04
2.923150e+01 8.227980e-04 8.069220e-04 7.834215e-04 8.780504e-04
2.928350e+01 8.205963e-04 7.958282e-04 7.879419e-04 8.780188e-04
2.933550e+01 8.196179e-04 7.871367e-04 7.925697e-04 8.791474e-04
2.938750e+01 8.197344e-04 7.817672e-04 7.969398e-04 8.804963e-04
2.943950e+01 8.206660e-04 7.800930e-04 8.008643e-04 8.810407e-04
2.949150e+01 8.220162e-04 7.817635e-04 8.043676e-04 8.799175e-04
2.954350e+01 8.232837e-04 7.856968e-04 8.076169e-04 8.765373e-04
2.959550e+01 8.238677e-04 7.902719e-04 8.107687e-04 8.705624e-04
2.964750e+01 8.231016e-04 7.936838e-04 8.138029e-04 8.618181e-04
2.969950e+01 8.203388e-04 7.943563e-04 8.164302e-04 8.502298e-04
2.975150e+01 8.150804e-04 7.912825e-04 8.181305e-04 8.358283e-04
2.980350e+01 8.071024e-04 7.841831e-04 8.183157e-04 8.188084e-04
2.985550e+01 7.965248e-04 7.734455e-04 8.165448e-04 7.995840e-04
2.990750e+01 7.837912e-04 7.598968e-04 8.126900e-04 7.787869e-04
2.995950e+01 7.695653e-04 7.445226e-04 8.069776e-04 7.571956e-04
3.001150e+01 7.545892e-04 7.282506e-04 7.998940e-04 7.356229e-04
3.006350e+01 7.395611e-04 7.118597e-04 7.920190e-04 7.148048e-04
3.011550e+01 7.250704e-04 6.960009e-04 7.838818e-04 6.953284e-04
3.016750e+01 7.115916e-04 6.812546e-04 7.759120e-04 6.776081e-04
3.021950e+01 6.995097e-04 6.681465e-04 7.684820e-04 6.619005e-04
3.027150e+01 6.891329e-04 6.570866e-04 7.619753e-04 6.483368e-04
3.032350e+01 6.806652e-04 6.482540e-04 7.567910e-04 6.369506e-04
3.037550e+01 6.741397e-04 6.414928e-04 7.532376e-04 6.276888e-04
3.042750e+01 6.693438e-04 6.362828e-04 7.513489e-04 6.203998e-04
3.047950e+01 6.657803e-04 6.318211e-04 7.507147e-04 6.148052e-04
3.053150e+01 6.627015e-04 6.271999e-04 7.504310e-04 6.104737e-04
3.058350e+01 6.592245e-04 6.216318e-04 7.492221e-04 6.068197e-04
3.063550e+01 6.545052e-04 6.146535e-04 7.457146e-04 6.031475e-04
3.068750e+01 6.479217e-04 6.062457e-04 7.387749e-04 5.987445e-04
3.073950e+01 6.392101e-04 5.968290e-04 7.278004e-04 5.930009e-04
3.079150e+01 6.285116e-04 5.871359e-04 7.128782e-04 5.855207e-04
3.084350e+01 6.163180e-04 5.779960e-04 6.947749e-04 5.761832e-04
3.089550e+01 6.033410e-04 5.701034e-04 6.747797e-04 5.651399e-04
3.094750e+01 5.903522e-04 5.638422e-04 6.544632e-04 5.527511e-04
3.099950e+01 5.780473e-04 5.592234e-04 6.354260e-04 5.394926e-04
3.105150e+01 5.669679e-04 5.559450e-04 6.190937e-04 5.258649e-04
3.110350e+01 5.574862e-04 5.535443e-04 6.065844e-04 5.123300e-04
3.115550e+01 5.498344e-04 5.515789e-04 5.986413e-04 4.992830e-04
3.120750e+01 5.441438e-04 5.497749e-04 5.956042e-04 4.870523e-04
3.125950e+01 5.404677e-04 5.480974e-04 5.973953e-04 4.759103e-04
3.131150e+01 5.387766e-04 5.467341e-04 6.035179e-04 4.660779e-04
3.136350e+01 5.389371e-04 5.460085e-04 6.130871e-04 4.577158e-04
3.141550e+01 5.406973e-04 5.462576e-04 6.249271e-04 4.509071e-04
3.146750e+01 5.437041e-04 5.477136e-04 6.377527e-04 4.456459e-04
3.151950e+01 5.475580e-04 5.504190e-04 6.504105e-04 4.418445e-04
3.157150e+01 5.518893e-04 5.541952e-04 6.621121e-04 4.393608e-04
3.162350e+01 5.564206e-04 5.586655e-04 6.725690e-04 4.380272e-04
3.167550e+01 5.609800e-04 5.633196e-04 6.819597e-04 4.376608e-04
3.172750e+01 5.654511e-04 5.675945e-04 6.907220e-04 4.380368e-04
3.177950e+01 5.696726e-04 5.709447e-04 6.992361e-04 4.388371e-04
3.183150e+01 5.733329e-04 5.728792e-04 7.075106e-04 4.396090e-04
3.188350e+01 5.759089e-04 5.729610e-04 7.149910e-04 4.397746e-04
3.193550e+01 5.766870e-04 5.707829e-04 7.205629e-04 4.387152e-04
3.198750e+01 5.748710e-04 5.659485e-04 7.227522e-04 4.359122e-04
3.203950e+01 5.697458e-04 5.580891e-04 7.200573e-04 4.310910e-04
3.209150e+01 5.608460e-04 5.469309e-04 7.113078e-04 4.242993e-04
3.214350e+01 5.480722e-04 5.323978e-04 6.959420e-04 4.158769e-04
3.219550e+01 5.317211e-04 5.147065e-04 6.741350e-04 4.063219e-04
3.224750e+01 5.124230e-04 4.944043e-04 6.467579e-04 3.961068e-04
3.229950e+01 4.910169e-04 4.723165e-04 6.152083e-04 3.855259e-04
3.235150e+01 4.684094e-04 4.494165e-04 5.811742e-04 3.746375e-04
3.240350e+01 4.454633e-04 4.266651e-04 5.464031e-04 3.633218e-04
3.245550e+01 4.229402e-04 4.048803e-04 5.125176e-04 3.514227e-04
3.250750e+01 4.014924e-04 3.846772e-04 4.808938e-04 3.389061e-04
3.255950e+01 3.816764e-04 3.664750e-04 4.525887e-04 3.259654e-04
3.261150e+01 3.639564e-04 3.505389e-04 4.282988e-04 3.130316e-04
3.266350e+01 3.486810e-04 3.370135e-04 4.083397e-04 3.006897e-04
3.271550e+01 3.360394e-04 3.259259e-04 3.926521e-04 2.895402e-04
3.276750e+01 3.260262e-04 3.171685e-04 3.808504e-04 2.800598e-04
3.281950e+01 3.184404e-04 3.104894e-04 3.723221e-04 2.725098e-04
3.287150e+01 3.129354e-04 3.055183e-04 3.663690e-04 2.669189e-04
3.292350e+01 3.091100e-04 3.018381e-04 3.623582e-04 2.631336e-04
3.297550e+01 3.066127e-04 2.990837e-04 3.598442e-04 2.609103e-04
3.302750e+01 3.052251e-04 2.970323e-04 3.586328e-04 2.600101e-04
3.307950e+01 3.048979e-04 2.956528e-04 3.587787e-04 2.602622e-04
3.313150e+01 3.057322e-04 2.950915e-04 3.605271e-04 2.615779e-04
3.318350e+01 3.079114e-04 2.955986e-04 3.642171e-04 2.639187e-04
3.323550e+01 3.116077e-04 2.974219e-04 3.701622e-04 2.672390e-04
3.328750e+01 3.168860e-04 3.007024e-04 3.785237e-04 2.714321e-04
3.333950e+01 3.236362e-04 3.054043e-04 3.891989e-04 2.763056e-04
3.339150e+01 3.315511e-04 3.113000e-04 4.017565e-04 2.815967e-04
3.344350e+01 3.401590e-04 3.180052e-04 4.154510e-04 2.870206e-04
3.349550e+01 3.489001e-04 3.250461e-04 4.293259e-04 2.923283e-04
3.354750e+01 3.572184e-04 3.319297e-04 4.423792e-04 2.973463e-04
3.359950e+01 3.646376e-04 3.381950e-04 4.537396e-04 3.019782e-04
3.365150e+01 3.708009e-04 3.434385e-04 4.627940e-04 3.061701e-04
3.370350e+01 3.754738e-04 3.473240e-04 4.692389e-04 3.098584e-04
3.375550e+01 3.785294e-04 3.495955e-04 4.730590e-04 3.129337e-04
3.380750e+01 3.799379e-04 3.501063e-04 4.744653e-04 3.152421e-04
3.385950e+01 3.797693e-04 3.488575e-04 4.738231e-04 3.166274e-04
3.391150e+01 3.782016e-04 3.460308e-04 4.715810e-04 3.169931e-04
3.396350e+01 3.755138e-04 3.419926e-04 4.681989e-04 3.163499e-04
3.401550e+01 3.720527e-04 3.372615e-04 4.640721e-04 3.148245e-04
3.406750e+01 3.681775e-04 3.324396e-04 4.594658e-04 3.126270e-04
3.411950e+01 3.641999e-04 3.281189e-04 4.544853e-04 3.099955e-04
3.417150e+01 3.603433e-04 3.247765e-04 4.491050e-04 3.071482e-04
3.422350e+01 3.567337e-04 3.226788e-04 4.432558e-04 3.042664e-04
3.427550e+01 3.534266e-04 3.218217e-04 4.369443e-04 3.015139e-04
3.432750e+01 3.504598e-04 3.219377e-04 4.303611e-04 2.990807e-04
3.437950e+01 3.479160e-04 3.225841e-04 4.239373e-04 2.972267e-04
3.443150e+01 3.459745e-04 3.232977e-04 4.183246e-04 2.963011e-04
3.448350e+01 3.449275e-04 3.237644e-04 4.142987e-04 2.967194e-04
3.453550e+01 3.451449e-04 3.239395e-04 4.126030e-04 2.988921e-04
3.458750e+01 3.469884e-04 3.240711e-04 4.137720e-04 3.031220e-04
3.463950e+01 3.507010e-04 3.246186e-04 4.179848e-04 3.094997e-04
3.469150e+01 3.563144e-04 3.261054e-04 4.249988e-04 3.178391e-04
3.474350e+01 3.636179e-04 3.289674e-04 4.341993e-04 3.276868e-04
3.479550e+01 3.722076e-04 3.334500e-04 4.447595e-04 3.384135e-04
3.484750e+01 3.816002e-04 3.395750e-04 4.558631e-04 3.493626e-04
3.489950e+01 3.913618e-04 3.471670e-04 4.669111e-04 3.600074e-04
3.495150e+01 4.011990e-04 3.559089e-04 4.776321e-04 3.700562e-04
3.500350e+01 4.109785e-04 3.654009e-04 4.880622e-04 3.794725e-04
3.505550e+01 4.206783e-04 3.752138e-04 4.984142e-04 3.884070e-04
3.510750e+01 4.303079e-04 3.849366e-04 5.089105e-04 3.970767e-04
3.515950e+01 4.398416e-04 3.942194e-04 5.196635e-04 4.056419e-04
3.521150e+01 4.491963e-04 4.028049e-04 5.306603e-04 4.141239e-04
3.526350e+01 4.582554e-04 4.105360e-04 5.418470e-04 4.223833e-04
3.531550e+01 4.669155e-04 4.173334e-04 5.532558e-04 4.301573e-04
3.536750e+01 4.751263e-04 4.231508e-04 5.650961e-04 4.371319e-04
3.541950e+01 4.829024e-04 4.279303e-04 5.777531e-04 4.430239e-04
3.547150e+01 4.903082e-04 4.315878e-04 5.916876e-04 4.476492e-04
3.552350e+01 4.974345e-04 4.340492e-04 6.072892e-04 4.509649e-04
3.557550e+01 5.043964e-04 4.353385e-04 6.247670e-04 4.530836e-04
3.562750e+01 5.113688e-04 4.356900e-04 6.441464e-04 4.542701e-04
3.567950e+01 5.186514e-04 4.356298e-04 6.653901e-04 4.549343e-04
3.573150e+01 5.267298e-04 4.359725e-04 6.885915e-04 4.556252e-04
3.578350e+01 5.362889e-04 4.377036e-04 7.141411e-04 4.570220e-04
3.583550e+01 5.481474e-04 4.417765e-04 7.427623e-04 4.599036e-04
3.588750e+01 5.631182e-04 4.488998e-04 7.753700e-04 4.650849e-04
3.593950e+01 5.818382e-04 4.594073e-04 8.127866e-04 4.733208e-04
3.599150e+01 6.046311e-04 4.732678e-04 8.554212e-04 4.852043e-04
3.604350e+01 6.314553e-04 4.902227e-04 9.030479e-04 5.010952e-04
3.609550e+01 6.619546e-04 5.099777e-04 9.547737e-04 5.211125e-04
3.614750e+01 6.955823e-04 5.323526e-04 1.009204e-03 5.451902e-04
3.619950e+01 7.317370e-04 5.573233e-04 1.064722e-03 5.731655e-04
3.625150e+01 7.698484e-04 5.849534e-04 1.119746e-03 6.048462e-04
3.630350e+01 8.093766e-04 6.152621e-04 1.172858e-03 6.400095e-04
3.635550e+01 8.497365e-04 6.480986e-04 1.222790e-03 6.783207e-04
3.640750e+01 8.901989e-04 6.830699e-04 1.268323e-03 7.192044e-04
3.645950e+01 9.298321e-04 7.195355e-04 1.308222e-03 7.617390e-04
3.651150e+01 9.675288e-04 7.566489e-04 1.341291e-03 8.046469e-04
3.656350e+01 1.002122e-03 7.934195e-04 1.366525e-03 8.464202e-04
3.661550e+01 1.032549e-03 8.287771e-04 1.383309e-03 8.855596e-04
3.666750e+01 1.058016e-03 8.616405e-04 1.391554e-03 9.208523e-04
3.671950e+01 1.078115e-03 8.910041e-04 1.391751e-03 9.515891e-04
3.677150e+01 1.092878e-03 9.160542e-04 1.384932e-03 9.776487e-04
3.682350e+01 1.102779e-03 9.363071e-04 1.372588e-03 9.994403e-04
3.687550e+01 1.108675e-03 9.517339e-04 1.356543e-03 1.017750e-03
3.692750e+01 1.111721e-03 9.628233e-04 1.338778e-03 1.033562e-03
3.697950e+01 1.113214e-03 9.705393e-04 1.321189e-03 1.047914e-03
3.703150e+01 1.114416e-03 9.761692e-04 1.305291e-03 1.061787e-03
3.708350e+01 1.116356e-03 9.810954e-04 1.291961e-03 1.076011e-03
3.713550e+01 1.119662e-03 9.865538e-04 1.281274e-03 1.091158e-03
3.718750e+01 1.124457e-03 9.934314e-04 1.272527e-03 1.107413e-03
3.723950e+01 1.130334e-03 1.002131e-03 1.264413e-03 1.124459e-03
3.729150e+01 1.136409e-03 1.012499e-03 1.255325e-03 1.141404e-03
3.734350e+01 1.141435e-03 1.023799e-03 1.243695e-03 1.156811e-03
3.739550e+01 1.143962e-03 1.034749e-03 1.228299e-03 1.168840e-03
3.744750e+01 1.142543e-03 1.043643e-03 1.208488e-03 1.175497e-03
3.749950e+01 1.135951e-03 1.048600e-03 1.184296e-03 1.174956e-03
3.755150e+01 1.123411e-03 1.047935e-03 1.156416e-03 1.165882e-03
3.760350e+01 1.104777e-03 1.040591e-03 1.126044e-03 1.147696e-03
3.765550e+01 1.080619e-03 1.026503e-03 1.094640e-03 1.120714e-03
3.770750e+01 1.052176e-03 1.006761e-03 1.063636e-03 1.086131e-03
3.775950e+01 1.021175e-03 9.834702e-04 1.034191e-03 1.045865e-03
3.781150e+01 9.895538e-04 9.593286e-04 1.007026e-03 1.002307e-03
3.786350e+01 9.591537e-04 9.370432e-04 9.823868e-04 9.580313e-04
3.791550e+01 9.314738e-04 9.187611e-04 9.601290e-04 9.155313e-04
3.796750e+01 9.075395e-04 9.056981e-04 9.399185e-04 8.770019e-04
3.801950e+01 8.879171e-04 8.980644e-04 9.214909e-04 8.441959e-04
3.807150e+01 8.728490e-04 8.952850e-04 9.049156e-04 8.183465e-04
3.812350e+01 8.624498e-04 8.964115e-04 8.907860e-04 8.001521e-04
3.817550e+01 8.568812e-04 9.005687e-04 8.802631e-04 7.898117e-04
3.822750e+01 8.564384e-04 9.072855e-04 8.749352e-04 7.870945e-04
3.827950e+01 8.615170e-04 9.166173e-04 8.765061e-04 7.914276e-04
3.833150e+01 8.724770e-04 9.290542e-04 8.863910e-04 8.019857e-04
3.838350e+01 8.894713e-04 9.452932e-04 9.053407e-04 8.177799e-04
3.843550e+01 9.123173e-04 9.659874e-04 9.332139e-04 8.377505e-04
3.848750e+01 9.404718e-04 9.915768e-04 9.689679e-04 8.608706e-04
3.853950e+01 9.731169e-04 1.022240e-03 1.010855e-03 8.862559e-04
3.859150e+01 1.009308e-03 1.057937e-03 1.056731e-03 9.132556e-04
3.864350e+01 1.048104e-03 1.098465e-03 1.104359e-03 9.414869e-04
3.869550e+01 1.088618e-03 1.143455e-03 1.151611e-03 9.707860e-04
3.874750e+01 1.129976e-03 1.192298e-03 1.196549e-03 1.001081e-03
3.879950e+01 1.171224e-03 1.244010e-03 1.237430e-03 1.032231e-03
3.885150e+01 1.211238e-03 1.297131e-03 1.272705e-03 1.063878e-03
3.890350e+01 1.248704e-03 1.349687e-03 1.301045e-03 1.095378e-03
3.895550e+01 1.282159e-03 1.399261e-03 1.321393e-03 1.125823e-03
3.900750e+01 1.310098e-03 1.443158e-03 1.332993e-03 1.154144e-03
3.905950e+01 1.331108e-03 1.478655e-03 1.335378e-03 1.179292e-03
3.911150e+01 1.344009e-03 1.503302e-03 1.328311e-03 1.200415e-03
3.916350e+01 1.347993e-03 1.515227e-03 1.311754e-03 1.216999e-03
3.921550e+01 1.342728e-03 1.513394e-03 1.285890e-03 1.228901e-03
3.926750e+01 1.328426e-03 1.497749e-03 1.251245e-03 1.236283e-03
3.931950e+01 1.305849e-03 1.469209e-03 1.208878e-03 1.239458e-03
3.937150e+01 1.276252e-03 1.429490e-03 1.160533e-03 1.238733e-03
3.942350e+01 1.241257e-03 1.380848e-03 1.108651e-03 1.234272e-03
3.947550e+01 1.202661e-03 1.325789e-03 1.056170e-03 1.226023e-03
3.952750e+01 1.162214e-03 1.266843e-03 1.006094e-03 1.213705e-03
3.957950e+01 1.121412e-03 1.206412e-03 9.609671e-04 1.196857e-03
3.963150e+01 1.081364e-03 1.146704e-03 9.223904e-04 1.174996e-03
3.968350e+01 1.042776e-03 1.089690e-03 8.907677e-04 1.147872e-03
3.973550e+01 1.006062e-03 1.037061e-03 8.653375e-04 1.115789e-03
3.978750e+01 9.714984e-04 9.901479e-04 8.444728e-04 1.079875e-03
3.983950e+01 9.393685e-04 9.498234e-04 8.261357e-04 1.042146e-03
3.989150e+01 9.100176e-04 9.164130e-04 8.083522e-04 1.005288e-03
3.994350e+01 8.838051e-04 8.896659e-04 7.896015e-04 9.721481e-04
3.999550e+01 8.609922e-04 8.688121e-04 7.690590e-04 9.451056e-04
4.004750e+01 8.416258e-04 8.527110e-04 7.466755e-04 9.254909e-04
4.009950e+01 8.254720e-04 8.400627e-04 7.230983e-04 9.132551e-04
4.015150e+01 8.120259e-04 8.296373e-04 6.994624e-04 9.069782e-04
4.020350e+01 8.005940e-04 8.204748e-04 6.771027e-04 9.042046e-04
4.025550e+01 7.904287e-04 8.120141e-04 6.572619e-04 9.020101e-04
4.030750e+01 7.808824e-04 8.041235e-04 6.408684e-04 8.976554e-04
4.035950e+01 7.715463e-04 7.970270e-04 6.284359e-04 8.891758e-04
4.041150e+01 7.623349e-04 7.911433e-04 6.200836e-04 8.757777e-04
4.046350e+01 7.534913e-04 7.868797e-04 6.156365e-04 8.579576e-04
4.051550e+01 7.455010e-04 7.844382e-04 6.147424e-04 8.373225e-04
4.056750e+01 7.389338e-04 7.836853e-04 6.169559e-04 8.161603e-04
4.061950e+01 7.342530e-04 7.841159e-04 6.217687e-04 7.968743e-04
4.067150e+01 7.316455e-04 7.849128e-04 6.285971e-04 7.814268e-04
4.072350e+01 7.309197e-04 7.850777e-04 6.367525e-04 7.709290e-04
4.077550e+01 7.314977e-04 7.835987e-04 6.454244e-04 7.654701e-04
4.082750e+01 7.325058e-04 7.796170e-04 6.536967e-04 7.642036e-04
4.087950e+01 7.329389e-04 7.725636e-04 6.606103e-04 7.656426e-04
4.093150e+01 7.318594e-04 7.622460e-04 6.652701e-04 7.680623e-04
4.098350e+01 7.285808e-04 7.488763e-04 6.669796e-04 7.698866e-04
4.103550e+01 7.227907e-04 7.330423e-04 6.653709e-04 7.699589e-04
4.108750e+01 7.145865e-04 7.156292e-04 6.604870e-04 7.676431e-04
4.113950e+01 7.044199e-04 6.977025e-04 6.527850e-04 7.627722e-04
4.119150e+01 6.929771e-04 6.803669e-04 6.430501e-04 7.555142e-04
4.124350e+01 6.810376e-04 6.646209e-04 6.322471e-04 7.462449e-04
4.129550e+01 6.693554e-04 6.512317e-04 6.213511e-04 7.354836e-04
4.134750e+01 6.585839e-04 6.406570e-04 6.112030e-04 7.238916e-04
4.139950e+01 6.492396e-04 6.330262e-04 6.024131e-04 7.122794e-04
4.145150e+01 6.416801e-04 6.281735e-04 5.953127e-04 7.015543e-04
4.150350e+01 6.360751e-04 6.257040e-04 5.899440e-04 6.925773e-04
4.155550e+01 6.323719e-04 6.250732e-04 5.860810e-04 6.859616e-04
4.160750e+01 6.302841e-04 6.256757e-04 5.832852e-04 6.818914e-04
4.165950e+01 6.293332e-04 6.269502e-04 5.810008e-04 6.800486e-04
4.171150e+01 6.289589e-04 6.285006e-04 5.786855e-04 6.796905e-04
4.176350e+01 6.286723e-04 6.302103e-04 5.759511e-04 6.798556e-04
4.181550e+01 6.281997e-04 6.323078e-04 5.726711e-04 6.796203e-04
4.186750e+01 6.275589e-04 6.353432e-04 5.690189e-04 6.783147e-04
4.191950e+01 6.270384e-04 6.400709e-04 5.654139e-04 6.756305e-04
4.197150e+01 6.270916e-04 6.472773e-04 5.623918e-04 6.716057e-04
4.202350e+01 6.281915e-04 6.576179e-04 5.604369e-04 6.665198e-04
4.207550e+01 6.307017e-04 6.715166e-04 5.598292e-04 6.607595e-04
4.212750e+01 6.348014e-04 6.891385e-04 5.605531e-04 6.547125e-04
4.217950e+01 6.404727e-04 7.104035e-04 5.622936e-04 6.487211e-04
4.223150e+01 6.475321e-04 7.349897e-04 5.645160e-04 6.430908e-04
4.228350e+01 6.556766e-04 7.622985e-04 5.666053e-04 6.381260e-04
4.233550e+01 6.645219e-04 7.913921e-04 5.680208e-04 6.341528e-04
4.238750e+01 6.736248e-04 8.209491e-04 5.684181e-04 6.315071e-04
4.243950e+01 6.824951e-04 8.492922e-04 5.677063e-04 6.304870e-04
4.249150e+01 6.906131e-04 8.745160e-04 5.660280e-04 6.312952e-04
4.254350e+01 6.974632e-04 8.947090e-04 5.636806e-04 6.339999e-04
4.259550e+01 7.025905e-04 9.082239e-04 5.610149e-04 6.385328e-04
4.264750e+01 7.056703e-04 9.139369e-04 5.583515e-04 6.447226e-04
4.269950e+01 7.065724e-04 9.114403e-04 5.559348e-04 6.523419e-04
4.275150e+01 7.053978e-04 9.011254e-04 5.539232e-04 6.611449e-04
4.280350e+01 7.024687e-04 8.841360e-04 5.523921e-04 6.708779e-04
4.285550e+01 6.982623e-04 8.621900e-04 5.513302e-04 6.812666e-04
4.290750e+01 6.933023e-04 8.372915e-04 5.506200e-04 6.919954e-04
4.295950e+01 6.880340e-04 8.113821e-04 5.500210e-04 7.026990e-04
4.301150e+01 6.827236e-04 7.860095e-04 5.491793e-04 7.129820e-04
4.306350e+01 6.774197e-04 7.621048e-04 5.476828e-04 7.224715e-04
4.311550e+01 6.719970e-04 7.399398e-04 5.451579e-04 7.308931e-04
4.316750e+01 6.662728e-04 7.192845e-04 5.413854e-04 7.381485e-04
4.321950e+01 6.601544e-04 6.997043e-04 5.363972e-04 7.443618e-04
4.327150e+01 6.537562e-04 6.808819e-04 5.305233e-04 7.498633e-04
4.332350e+01 6.474308e-04 6.628325e-04 5.243683e-04 7.550917e-04
4.337550e+01 6.416940e-04 6.459347e-04 5.187177e-04 7.604296e-04
4.342750e+01 6.370673e-04 6.307842e-04 5.143954e-04 7.660224e-04
4.347950e+01 6.339055e-04 6.179574e-04 5.121064e-04 7.716527e-04
4.353150e+01 6.322788e-04 6.078023e-04 5.123045e-04 7.767296e-04
4.358350e+01 6.319550e-04 6.003454e-04 5.151124e-04 7.804072e-04
4.363550e+01 6.324770e-04 5.953360e-04 5.203042e-04 7.817909e-04
4.368750e+01 6.332926e-04 5.923830e-04 5.273435e-04 7.801515e-04
4.373950e+01 6.338799e-04 5.911068e-04 5.354620e-04 7.750710e-04
4.379150e+01 6.338282e-04 5.912395e-04 5.437634e-04 7.664817e-04
4.384350e+01 6.328619e-04 5.926423e-04 5.513383e-04 7.546049e-04
4.389550e+01 6.308212e-04 5.952535e-04 5.573742e-04 7.398360e-04
4.394750e+01 6.276212e-04 5.989998e-04 5.612404e-04 7.226234e-04
4.399950e+01 6.232092e-04 6.037120e-04 5.625320e-04 7.033836e-04
4.405150e+01 6.175353e-04 6.090684e-04 5.610702e-04 6.824674e-04
4.410350e+01 6.105412e-04 6.145745e-04 5.568719e-04 6.601773e-04
4.415550e+01 6.021695e-04 6.195791e-04 5.501116e-04 6.368177e-04
4.420750e+01 5.923905e-04 6.233250e-04 5.410978e-04 6.127486e-04
4.425950e+01 5.812387e-04 6.250325e-04 5.302671e-04 5.884166e-04
4.431150e+01 5.688480e-04 6.240142e-04 5.181879e-04 5.643418e-04
4.436350e+01 5.554737e-04 6.198000e-04 5.055554e-04 5.410658e-04
4.441550e+01 5.414946e-04 6.122430e-04 4.931611e-04 5.190797e-04
4.446750e+01 5.273898e-04 6.015709e-04 4.818336e-04 4.987648e-04
4.451950e+01 5.136920e-04 5.883590e-04 4.723491e-04 4.803679e-04
4.457150e+01 5.009216e-04 5.734273e-04 4.653246e-04 4.640127e-04
4.462350e+01 4.895081e-04 5.576853e-04 4.611078e-04 4.497314e-04
4.467550e+01 4.797132e-04 5.419626e-04 4.596888e-04 4.374883e-04
4.472750e+01 4.715688e-04 5.268672e-04 4.606626e-04 4.271766e-04
4.477950e+01 4.648504e-04 5.126980e-04 4.632649e-04 4.185882e-04
4.483150e+01 4.590967e-04 4.994288e-04 4.664851e-04 4.113762e-04
4.488350e+01 4.536802e-04 4.867642e-04 4.692339e-04 4.050425e-04
4.493550e+01 4.479167e-04 4.742530e-04 4.705214e-04 3.989759e-04
4.498750e+01 4.411925e-04 4.614332e-04 4.695980e-04 3.925462e-04
4.503950e+01 4.330786e-04 4.479763e-04 4.660280e-04 3.852314e-04
4.509150e+01 4.234074e-04 4.337955e-04 4.596941e-04 3.767327e-04
4.514350e+01 4.122924e-04 4.190918e-04 4.507512e-04 3.670342e-04
4.519550e+01 4.000874e-04 4.043233e-04 4.395589e-04 3.563799e-04
4.524750e+01 3.872983e-04 3.901051e-04 4.266112e-04 3.451785e-04
4.529950e+01 3.744703e-04 3.770645e-04 4.124743e-04 3.338720e-04
4.535150e+01 3.620794e-04 3.656908e-04 3.977302e-04 3.228172e-04
4.540350e+01 3.504554e-04 3.562248e-04 3.829235e-04 3.122178e-04
4.545550e+01 3.397505e-04 3.486159e-04 3.685142e-04 3.021213e-04
4.550750e+01 3.299543e-04 3.425540e-04 3.548423e-04 2.924667e-04
4.555950e+01 3.209398e-04 3.375506e-04 3.421130e-04 2.831557e-04
4.561150e+01 3.125191e-04 3.330364e-04 3.304037e-04 2.741174e-04
4.566350e+01 3.044925e-04 3.284407e-04 3.196895e-04 2.653473e-04
4.571550e+01 2.966776e-04 3.232430e-04 3.098759e-04 2.569139e-04
4.576750e+01 2.889223e-04 3.170032e-04 3.008268e-04 2.489370e-04
4.581950e+01 2.811075e-04 3.093897e-04 2.923826e-04 2.415502e-04
4.587150e+01 2.731490e-04 3.002166e-04 2.843677e-04 2.348629e-04
4.592350e+01 2.650049e-04 2.894844e-04 2.765980e-04 2.289325e-04
4.597550e+01 2.566861e-04 2.774058e-04 2.688943e-04 2.237581e-04
4.602750e+01 2.482657e-04 2.643990e-04 2.611077e-04 2.192904e-04
4.607950e+01 2.398800e-04 2.510370e-04 2.531520e-04 2.154512e-04
4.613150e+01 2.317152e-04 2.379627e-04 2.450325e-04 2.121504e-04
4.618350e+01 2.239809e-04 2.257903e-04 2.368585e-04 2.092938e-04
4.623550e+01 2.168767e-04 2.150185e-04 2.288296e-04 2.067822e-04
4.628750e+01 2.105606e-04 2.059767e-04 2.211940e-04 2.045111e-04
4.633950e+01 2.051280e-04 1.988150e-04 2.141910e-04 2.023779e-04
4.639150e+01 2.006078e-04 1.935321e-04 2.079916e-04 2.002999e-04
4.644350e+01 1.969733e-04 1.900245e-04 2.026585e-04 1.982369e-04
4.649550e+01 1.941602e-04 1.881367e-04 1.981359e-04 1.962080e-04
4.654750e+01 1.920848e-04 1.876900e-04 1.942708e-04 1.942936e-04
4.659950e+01 1.906536e-04 1.884854e-04 1.908553e-04 1.926201e-04
4.665150e+01 1.897641e-04 1.902845e-04 1.876757e-04 1.913322e-04
4.670350e+01 1.893003e-04 1.927866e-04 1.845518e-04 1.905626e-04
4.675550e+01 1.891289e-04 1.956230e-04 1.813582e-04 1.904054e-04
4.680750e+01 1.891013e-04 1.983790e-04 1.780283e-04 1.908968e-04
4.685950e+01 1.890638e-04 2.006431e-04 1.745459e-04 1.920025e-04
4.691150e+01 1.888723e-04 2.020721e-04 1.709317e-04 1.936131e-04
4.696350e+01 1.884110e-04 2.024509e-04 1.672331e-04 1.955490e-04
4.701550e+01 1.876098e-04 2.017336e-04 1.635174e-04 1.975785e-04
4.706750e+01 1.864593e-04 2.000548e-04 1.598726e-04 1.994504e-04
4.711950e+01 1.850174e-04 1.977099e-04 1.564085e-04 2.009337e-04
4.717150e+01 1.834073e-04 1.951077e-04 1.532566e-04 2.018577e-04
4.722350e+01 1.818024e-04 1.927051e-04 1.505620e-04 2.021401e-04
4.727550e+01 1.803997e-04 1.909344e-04 1.484653e-04 2.017993e-04
4.732750e+01 1.793884e-04 1.901371e-04 1.470773e-04 2.009510e-04
4.737950e+01 1.789213e-04 1.905172e-04 1.464544e-04 1.997922e-04
4.743150e+01 1.790967e-04 1.921257e-04 1.465856e-04 1.985787e-04
4.748350e+01 1.799561e-04 1.948762e-04 1.473947e-04 1.975975e-04
4.753550e+01 1.814927e-04 1.985838e-04 1.487600e-04 1.971341e-04
4.758750e+01 1.836643e-04 2.030155e-04 1.505426e-04 1.974347e-04
4.763950e+01 1.864072e-04 2.079350e-04 1.526166e-04 1.986700e-04
4.769150e+01 1.896461e-04 2.131354e-04 1.548951e-04 2.009076e-04
4.774350e+01 1.933044e-04 2.184582e-04 1.573502e-04 2.041049e-04
4.779550e+01 1.973142e-04 2.237981e-04 1.600220e-04 2.081225e-04
4.784750e+01 2.016225e-04 2.290955e-04 1.630150e-04 2.127570e-04
4.789950e+01 2.061897e-04 2.343143e-04 1.664761e-04 2.177786e-04
4.795150e+01 2.109756e-04 2.394067e-04 1.705557e-04 2.229645e-04
4.800350e+01 2.159183e-04 2.442764e-04 1.753603e-04 2.281181e-04
4.805550e+01 2.209143e-04 2.487559e-04 1.809123e-04 2.330746e-04
4.810750e+01 2.258145e-04 2.526182e-04 1.871311e-04 2.376942e-04
4.815950e+01 2.304387e-04 2.556263e-04 1.938422e-04 2.418475e-04
4.821150e+01 2.346052e-04 2.576075e-04 2.008081e-04 2.454001e-04
4.826350e+01 2.381628e-04 2.585200e-04 2.077647e-04 2.482037e-04
4.831550e+01 2.410098e-04 2.584807e-04 2.144498e-04 2.500987e-04
4.836750e+01 2.430942e-04 2.577332e-04 2.206155e-04 2.509338e-04
4.841950e+01 2.443965e-04 2.565653e-04 2.260282e-04 2.505960e-04
4.847150e+01 2.449046e-04 2.552038e-04 2.304681e-04 2.490419e-04
4.852350e+01 2.445935e-04 2.537271e-04 2.337357e-04 2.463177e-04
4.857550e+01 2.434173e-04 2.520275e-04 2.356666e-04 2.425578e-04
4.862750e+01 2.413163e-04 2.498359e-04 2.361488e-04 2.379641e-04
4.867950e+01 2.382349e-04 2.467975e-04 2.351351e-04 2.327720e-04
4.873150e+01 2.341436e-04 2.425694e-04 2.326457e-04 2.272158e-04
4.878350e+01 2.290581e-04 2.369106e-04 2.287628e-04 2.215008e-04
4.883550e+01 2.230493e-04 2.297394e-04 2.236211e-04 2.157873e-04
4.888750e+01 2.162441e-04 2.211530e-04 2.173962e-04 2.101832e-04
4.893950e+01 2.088154e-04 2.114125e-04 2.102913e-04 2.047425e-04
4.899150e+01 2.009635e-04 2.009048e-04 2.025214e-04 1.994644e-04
4.904350e+01 1.928922e-04 1.900901e-04 1.942941e-04 1.942922e-04
4.909550e+01 1.847836e-04 1.794398e-04 1.857927e-04 1.891183e-04
4.914750e+01 1.767790e-04 1.693738e-04 1.771649e-04 1.837982e-04
4.919950e+01 1.689707e-04 1.602064e-04 1.685252e-04 1.781806e-04
4.925150e+01 1.614129e-04 1.521168e-04 1.599704e-04 1.721513e-04
4.930350e+01 1.541497e-04 1.451556e-04 1.516104e-04 1.656830e-04
4.935550e+01 1.472595e-04 1.392924e-04 1.436073e-04 1.588786e-04
4.940750e+01 1.409024e-04 1.344920e-04 1.362172e-04 1.519979e-04
4.945950e+01 1.353593e-04 1.307955e-04 1.298206e-04 1.454618e-04
4.951150e+01 1.310440e-04 1.283749e-04 1.249264e-04 1.398309e-04
4.956350e+01 1.284732e-04 1.275334e-04 1.221303e-04 1.357558e-04
4.961550e+01 1.281847e-04 1.286402e-04 1.220191e-04 1.338949e-04
4.966750e+01 1.306120e-04 1.320103e-04 1.250285e-04 1.347972e-04
4.971950e+01 1.359371e-04 1.377645e-04 1.312846e-04 1.387622e-04
4.977150e+01 1.439671e-04 1.457137e-04 1.404792e-04 1.457085e-04
4.982350e+01 1.540781e-04 1.553120e-04 1.518286e-04 1.550937e-04
4.987550e+01 1.652593e-04 1.656991e-04 1.641484e-04 1.659304e-04
4.992750e+01 1.762593e-04 1.758249e-04 1.760362e-04 1.769169e-04
4.997950e+01 1.858020e-04 1.846234e-04 1.861196e-04 1.866632e-04
5.003150e+01 1.928130e-04 1.911878e-04 1.932975e-04 1.939537e-04
5.008350e+01 1.965969e-04 1.949049e-04 1.969124e-04 1.979735e-04
5.013550e+01 1.969221e-04 1.955218e-04 1.968137e-04 1.984308e-04
5.018750e+01 1.940009e-04 1.931425e-04 1.933142e-04 1.955459e-04
5.023950e+01 1.883876e-04 1.881683e-04 1.870690e-04 1.899256e-04
5.029150e+01 1.808345e-04 1.812073e-04 1.789207e-04 1.823753e-04
5.034350e+01 1.721468e-04 1.729764e-04 1.697495e-04 1.737145e-04
5.039550e+01 1.630702e-04 1.642110e-04 1.603528e-04 1.646469e-04
5.044750e+01 1.542200e-04 1.555906e-04 1.513663e-04 1.557031e-04
5.049950e+01 1.460503e-04 1.476794e-04 1.432273e-04 1.472443e-04
5.055150e+01 1.388514e-04 1.408822e-04 1.361745e-04 1.394974e-04
5.060350e+01 1.327620e-04 1.354164e-04 1.302740e-04 1.325957e-04
5.065550e+01 1.277891e-04 1.313048e-04 1.254558e-04 1.266066e-04
5.070750e+01 1.238295e-04 1.283934e-04 1.215512e-04 1.215439e-04
5.075950e+01 1.206959e-04 1.263941e-04 1.183232e-04 1.173703e-04
5.081150e+01 1.181462e-04 1.249452e-04 1.154954e-04 1.139978e-04
5.086350e+01 1.159195e-04 1.236798e-04 1.127850e-04 1.112938e-04
5.091550e+01 1.137752e-04 1.222843e-04 1.099442e-04 1.090971e-04
5.096750e+01 1.115287e-04 1.205391e-04 1.068025e-04 1.072446e-04
5.101950e+01 1.090768e-04 1.183335e-04 1.032974e-04 1.055995e-04
5.107150e+01 1.064035e-04 1.156580e-04 9.947866e-05 1.040738e-04
5.112350e+01 1.035643e-04 1.125809e-04 9.548003e-05 1.026320e-04
5.117550e+01 1.006536e-04 1.092170e-04 9.146968e-05 1.012742e-04
5.122750e+01 9.776605e-05 1.056982e-04 8.759653e-05 1.000034e-04
5.127950e+01 9.496518e-05 1.021492e-04 8.395364e-05 9.879273e-05
5.133150e+01 9.227011e-05 9.867229e-05 8.056963e-05 9.756842e-05
5.138350e+01 8.966143e-05 9.534069e-05 7.742634e-05 9.621727e-05
5.143550e+01 8.710107e-05 9.219789e-05 7.448980e-05 9.461552e-05
5.148750e+01 8.455574e-05 8.926202e-05 7.173883e-05 9.266636e-05
5.153950e+01 8.201438e-05 8.653297e-05 6.917977e-05 9.033040e-05
5.159150e+01 7.949468e-05 8.400092e-05 6.684477e-05 8.763835e-05
5.164350e+01 7.703908e-05 8.165489e-05 6.477862e-05 8.468373e-05
5.169550e+01 7.470398e-05 7.948915e-05 6.302187e-05 8.160091e-05
5.174750e+01 7.254650e-05 7.750553e-05 6.159686e-05 7.853710e-05
5.179950e+01 7.061212e-05 7.571032e-05 6.049956e-05 7.562649e-05
5.185150e+01 6.892560e-05 7.410688e-05 5.969749e-05 7.297243e-05
5.190350e+01 6.748651e-05 7.268675e-05 5.913251e-05 7.064025e-05
5.195550e+01 6.627031e-05 7.142273e-05 5.872791e-05 6.866029e-05
5.200750e+01 6.523444e-05 7.026714e-05 5.839887e-05 6.703733e-05
5.205950e+01 6.432746e-05 6.915644e-05 5.806512e-05 6.576083e-05
5.211150e+01 6.349838e-05 6.802122e-05 5.766324e-05 6.481068e-05
5.216350e+01 6.270356e-05 6.679879e-05 5.715583e-05 6.415606e-05
5.221550e+01 6.190996e-05 6.544467e-05 5.653514e-05 6.375007e-05
5.226750e+01 6.109542e-05 6.393974e-05 5.582088e-05 6.352564e-05
5.231950e+01 6.024799e-05 6.229137e-05 5.505331e-05 6.339929e-05
5.237150e+01 5.936593e-05 6.052906e-05 5.428367e-05 6.328506e-05
5.242350e+01 5.845892e-05 5.869711e-05 5.356361e-05 6.311605e-05
5.247550e+01 5.754929e-05 5.684731e-05 5.293498e-05 6.286558e-05
5.252750e+01 5.667118e-05 5.503393e-05 5.242087e-05 6.255872e-05
5.257950e+01 5.586621e-05 5.331140e-05 5.201995e-05 6.226727e-05
5.263150e+01 5.517561e-05 5.173309e-05 5.170599e-05 6.208775e-05
5.268350e+01 5.463086e-05 5.034934e-05 5.143407e-05 6.210916e-05
5.273550e+01 5.424604e-05 4.920337e-05 5.115266e-05 6.238208e-05
5.278750e+01 5.401498e-05 4.832571e-05 5.081822e-05 6.290101e-05
5.283950e+01 5.391443e-05 4.772944e-05 5.040754e-05 6.360629e-05
5.289150e+01 5.391210e-05 4.740859e-05 4.992349e-05 6.440422e-05
5.294350e+01 5.397629e-05 4.734059e-05 4.939247e-05 6.519582e-05
5.299550e+01 5.408303e-05 4.749170e-05 4.885523e-05 6.590216e-05
5.304750e+01 5.421791e-05 4.782247e-05 4.835477e-05 6.647649e-05
5.309950e+01 5.437248e-05 4.829104e-05 4.792580e-05 6.690062e-05
5.315150e+01 5.453750e-05 4.885354e-05 4.758883e-05 6.717012e-05
5.320350e+01 5.469705e-05 4.946353e-05 4.734988e-05 6.727776e-05
5.325550e+01 5.482708e-05 5.007283e-05 4.720488e-05 6.720352e-05
5.330750e+01 5.489919e-05 5.063555e-05 4.714621e-05 6.691580e-05
5.335950e+01 5.488829e-05 5.111448e-05 4.716804e-05 6.638236e-05
5.341150e+01 5.478016e-05 5.148695e-05 4.726794e-05 6.558561e-05
5.346350e+01 5.457516e-05 5.174622e-05 4.744373e-05 6.453553e-05
5.351550e+01 5.428619e-05 5.189639e-05 4.768709e-05 6.327507e-05
5.356750e+01 5.393179e-05 5.194181e-05 4.797749e-05 6.187609e-05
5.361950e+01 5.352771e-05 5.187564e-05 4.828034e-05 6.042716e-05
5.367150e+01 5.308085e-05 5.167415e-05 4.855152e-05 5.901688e-05
5.372350e+01 5.258857e-05 5.130132e-05 4.874712e-05 5.771729e-05
5.377550e+01 5.204328e-05 5.072397e-05 4.883444e-05 5.657142e-05
5.382750e+01 5.143968e-05 4.993197e-05 4.879901e-05 5.558806e-05
5.387950e+01 5.078099e-05 4.895422e-05 4.864415e-05 5.474462e-05
5.393150e+01 5.008085e-05 4.786216e-05 4.838331e-05 5.399709e-05
5.398350e+01 4.936030e-05 4.675745e-05 4.802905e-05 5.329441e-05
5.403550e+01 4.864167e-05 4.574742e-05 4.758454e-05 5.259304e-05
5.408750e+01 4.794257e-05 4.491719e-05 4.704246e-05 5.186805e-05
5.413950e+01 4.727270e-05 4.430837e-05 4.639202e-05 5.111770e-05
5.419150e+01 4.663440e-05 4.391141e-05 4.563082e-05 5.036097e-05
5.424350e+01 4.602573e-05 4.367249e-05 4.477533e-05 4.962936e-05
5.429550e+01 4.544389e-05 4.351135e-05 4.386425e-05 4.895608e-05
5.434750e+01 4.488729e-05 4.334315e-05 4.295237e-05 4.836635e-05
5.439950e+01 4.435552e-05 4.309801e-05 4.209718e-05 4.787137e-05
5.445150e+01 4.384813e-05 4.273374e-05 4.134369e-05 4.746696e-05
5.450350e+01 4.336319e-05 4.224021e-05 4.071339e-05 4.713596e-05
5.455550e+01 4.289663e-05 4.163617e-05 4.020147e-05 4.685225e-05
5.460750e+01 4.244260e-05 4.096099e-05 3.978224e-05 4.658457e-05
5.465950e+01 4.199444e-05 4.026425e-05 3.941982e-05 4.629923e-05
5.471150e+01 4.154569e-05 3.959550e-05 3.907940e-05 4.596217e-05
5.476350e+01 4.109072e-05 3.899602e-05 3.873493e-05 4.554120e-05
5.481550e+01 4.062452e-05 3.849301e-05 3.837159e-05 4.500897e-05
5.486750e+01 4.014206e-05 3.809624e-05 3.798369e-05 4.434624e-05
5.491950e+01 3.963720e-05 3.779653e-05 3.757048e-05 4.354459e-05
5.497150e+01 3.910208e-05 3.756639e-05 3.713219e-05 4.260766e-05
5.502350e+01 3.852721e-05 3.736303e-05 3.666811e-05 4.155049e-05
5.507550e+01 3.790276e-05 3.713449e-05 3.617647e-05 4.039731e-05
5.512750e+01 3.722099e-05 3.682899e-05 3.565565e-05 3.917834e-05
5.517950e+01 3.647945e-05 3.640593e-05 3.510573e-05 3.792669e-05
5.523150e+01 3.568405e-05 3.584622e-05 3.453009e-05 3.667583e-05
5.528350e+01 3.485104e-05 3.515847e-05 3.393667e-05 3.545799e-05
5.533550e+01 3.400689e-05 3.437907e-05 3.333854e-05 3.430306e-05
5.538750e+01 3.318530e-05 3.356549e-05 3.275304e-05 3.323737e-05
5.543950e+01 3.242177e-05 3.278450e-05 3.219904e-05 3.228177e-05
5.549150e+01 3.174669e-05 3.209836e-05 3.169254e-05 3.144918e-05
5.554350e+01 3.117896e-05 3.155253e-05 3.124214e-05 3.074221e-05
5.559550e+01 3.072205e-05 3.116785e-05 3.084602e-05 3.015228e-05
5.564750e+01 3.036387e-05 3.093888e-05 3.049178e-05 2.966095e-05
5.569950e+01 3.008039e-05 3.083830e-05 3.015911e-05 2.924375e-05
5.575150e+01 2.984187e-05 3.082579e-05 2.982455e-05 2.887527e-05
5.580350e+01 2.961970e-05 3.085854e-05 2.946689e-05 2.853366e-05
5.585550e+01 2.939185e-05 3.090014e-05 2.907235e-05 2.820306e-05
5.590750e+01 2.914581e-05 3.092564e-05 2.863848e-05 2.787331e-05
5.595950e+01 2.887862e-05 3.092179e-05 2.817613e-05 2.753793e-05
5.601150e+01 2.859477e-05 3.088357e-05 2.770850e-05 2.719223e-05
5.606350e+01 2.830275e-05 3.080887e-05 2.726654e-05 2.683285e-05
5.611550e+01 2.801152e-05 3.069386e-05 2.688166e-05 2.645903e-05
5.616750e+01 2.772762e-05 3.053089e-05 2.657759e-05 2.607437e-05
5.621950e+01 2.745372e-05 3.030940e-05 2.636428e-05 2.568749e-05
5.627150e+01 2.718882e-05 3.001951e-05 2.623633e-05 2.531063e-05
5.632350e+01 2.692985e-05 2.965674e-05 2.617608e-05 2.495673e-05
5.637550e+01 2.667407e-05 2.922594e-05 2.615991e-05 2.463637e-05
5.642750e+01 2.642126e-05 2.874286e-05 2.616492e-05 2.435600e-05
5.647950e+01 2.617468e-05 2.823245e-05 2.617356e-05 2.411802e-05
5.653150e+01 2.594056e-05 2.772453e-05 2.617523e-05 2.392190e-05
5.658350e+01 2.572634e-05 2.724814e-05 2.616563e-05 2.376524e-05
5.663550e+01 2.553848e-05 2.682658e-05 2.614490e-05 2.364396e-05
5.668750e+01 2.538066e-05 2.647447e-05 2.611574e-05 2.355179e-05
5.673950e+01 2.525284e-05 2.619712e-05 2.608157e-05 2.347984e-05
5.679150e+01 2.515115e-05 2.599184e-05 2.604452e-05 2.341710e-05
5.684350e+01 2.506836e-05 2.585004e-05 2.600310e-05 2.335194e-05
5.689550e+01 2.499459e-05 2.575941e-05 2.594997e-05 2.327438e-05
5.694750e+01 2.491812e-05 2.570555e-05 2.587082e-05 2.317798e-05
5.699950e+01 2.482649e-05 2.567304e-05 2.574544e-05 2.306101e-05
5.705150e+01 2.470803e-05 2.564608e-05 2.555146e-05 2.292656e-05
5.710350e+01 2.455383e-05 2.560917e-05 2.527034e-05 2.278198e-05
5.715550e+01 2.435990e-05 2.554826e-05 2.489377e-05 2.263767e-05
5.720750e+01 2.412881e-05 2.545247e-05 2.442852e-05 2.250545e-05
5.725950e+01 2.386992e-05 2.531606e-05 2.389731e-05 2.239638e-05
5.731150e+01 2.359781e-05 2.514004e-05 2.333509e-05 2.231828e-05
5.736350e+01 2.332907e-05 2.493271e-05 2.278107e-05 2.227343e-05
5.741550e+01 2.307851e-05 2.470886e-05 2.226928e-05 2.225738e-05
5.746750e+01 2.285617e-05 2.448793e-05 2.182076e-05 2.225982e-05
5.751950e+01 2.266651e-05 2.429158e-05 2.144042e-05 2.226752e-05
5.757150e+01 2.250962e-05 2.414086e-05 2.111945e-05 2.226855e-05
5.762350e+01 2.238375e-05 2.405323e-05 2.084207e-05 2.225595e-05
5.767550e+01 2.228723e-05 2.403928e-05 2.059337e-05 2.222904e-05
5.772750e+01 2.221873e-05 2.409987e-05 2.036483e-05 2.219150e-05
5.777950e+01 2.217573e-05 2.422436e-05 2.015569e-05 2.214712e-05
5.783150e+01 2.215223e-05 2.439101e-05 1.997041e-05 2.209528e-05
5.788350e+01 2.213768e-05 2.456983e-05 1.981449e-05 2.202870e-05
5.793550e+01 2.211781e-05 2.472729e-05 1.969132e-05 2.193482e-05
5.798750e+01 2.207744e-05 2.483128e-05 1.960110e-05 2.179994e-05
5.803950e+01 2.200357e-05 2.485503e-05 1.954152e-05 2.161415e-05
5.809150e+01 2.188723e-05 2.477910e-05 1.950833e-05 2.137427e-05
5.814350e+01 2.172308e-05 2.459152e-05 1.949466e-05 2.108305e-05
5.819550e+01 2.150685e-05 2.428664e-05 1.948886e-05 2.074506e-05
5.824750e+01 2.123198e-05 2.386309e-05 1.947210e-05 2.036076e-05
5.829950e+01 2.088644e-05 2.332099e-05 1.941708e-05 1.992124e-05
5.835150e+01 2.045095e-05 2.265868e-05 1.928855e-05 1.940564e-05
5.840350e+01 1.989894e-05 2.186934e-05 1.904538e-05 1.878210e-05
5.845550e+01 1.919842e-05 2.093914e-05 1.864353e-05 1.801257e-05
5.850750e+01 1.831608e-05 1.984806e-05 1.803975e-05 1.706042e-05
5.855950e+01 1.722365e-05 1.857453e-05 1.719670e-05 1.589973e-05
