6.840946e+00 0.000000e+00 0.000000e+00 0.000000e+00 0.000000e+00
6.892946e+00 0.000000e+00 0.000000e+00 0.000000e+00 0.000000e+00
6.944946e+00 0.000000e+00 0.000000e+00 0.000000e+00 0.000000e+00
6.996946e+00 0.000000e+00 0.000000e+00 0.000000e+00 0.000000e+00
7.048946e+00 0.000000e+00 0.000000e+00 0.000000e+00 0.000000e+00
7.100946e+00 0.000000e+00 0.000000e+00 0.000000e+00 0.000000e+00
7.152946e+00 0.000000e+00 0.000000e+00 0.000000e+00 0.000000e+00
7.204946e+00 0.000000e+00 0.000000e+00 0.000000e+00 0.000000e+00
7.256946e+00 0.000000e+00 0.000000e+00 0.000000e+00 0.000000e+00
7.308946e+00 0.000000e+00 0.000000e+00 0.000000e+00 0.000000e+00
7.360946e+00 0.000000e+00 0.000000e+00 0.000000e+00 0.000000e+00
7.412946e+00 0.000000e+00 0.000000e+00 0.000000e+00 0.000000e+00
7.464946e+00 0.000000e+00 0.000000e+00 0.000000e+00 0.000000e+00
7.516946e+00 0.000000e+00 0.000000e+00 0.000000e+00 0.000000e+00
7.568946e+00 0.000000e+00 0.000000e+00 0.000000e+00 0.000000e+00
7.620946e+00 0.000000e+00 0.000000e+00 0.000000e+00 0.000000e+00
7.672946e+00 0.000000e+00 0.000000e+00 0.000000e+00 0.000000e+00
7.724946e+00 0.000000e+00 0.000000e+00 0.000000e+00 0.000000e+00
7.776946e+00 0.000000e+00 0.000000e+00 0.000000e+00 0.000000e+00
7.828946e+00 0.000000e+00 0.000000e+00 0.000000e+00 0.000000e+00
7.880946e+00 0.000000e+00 0.000000e+00 0.000000e+00 0.000000e+00
7.932946e+00 0.000000e+00 0.000000e+00 0.000000e+00 0.000000e+00
7.984946e+00 0.000000e+00 0.000000e+00 0.000000e+00 0.000000e+00
8.036946e+00 0.000000e+00 0.000000e+00 0.000000e+00 0.000000e+00
8.088946e+00 0.000000e+00 0.000000e+00 0.000000e+00 0.000000e+00
8.140946e+00 0.000000e+00 0.000000e+00 0.000000e+00 0.000000e+00
8.192946e+00 0.000000e+00 0.000000e+00 0.000000e+00 0.000000e+00
8.244946e+00 0.000000e+00 0.000000e+00 0.000000e+00 0.000000e+00
8.296946e+00 0.000000e+00 0.000000e+00 0.000000e+00 0.000000e+00
8.348946e+00 0.000000e+00 0.000000e+00 0.000000e+00 0.000000e+00
8.400946e+00 0.000000e+00 0.000000e+00 0.000000e+00 0.000000e+00
8.452946e+00 0.000000e+00 0.000000e+00 0.000000e+00 0.000000e+00
8.504946e+00 0.000000e+00 0.000000e+00 0.000000e+00 0.000000e+00
8.556946e+00 0.000000e+00 0.000000e+00 0.000000e+00 0.000000e+00
8.608946e+00 0.000000e+00 0.000000e+00 0.000000e+00 0.000000e+00
8.660946e+00 0.000000e+00 0.000000e+00 0.000000e+00 0.000000e+00
8.712946e+00 0.000000e+00 0.000000e+00 0.000000e+00 0.000000e+00
8.764946e+00 0.000000e+00 0.000000e+00 0.000000e+00 0.000000e+00
8.816946e+00 0.000000e+00 0.000000e+00 0.000000e+00 0.000000e+00
8.868946e+00 0.000000e+00 0.000000e+00 0.000000e+00 0.000000e+00
8.920946e+00 0.000000e+00 0.000000e+00 0.000000e+00 0.000000e+00
8.972946e+00 0.000000e+00 0.000000e+00 0.000000e+00 0.000000e+00
9.024946e+00 0.000000e+00 0.000000e+00 0.000000e+00 0.000000e+00
9.076946e+00 0.000000e+00 0.000000e+00 0.000000e+00 0.000000e+00
9.128946e+00 0.000000e+00 0.000000e+00 0.000000e+00 0.000000e+00
9.180946e+00 0.000000e+00 0.000000e+00 0.000000e+00 0.000000e+00
9.232946e+00 0.000000e+00 0.000000e+00 0.000000e+00 0.000000e+00
9.284946e+00 0.000000e+00 0.000000e+00 0.000000e+00 0.000000e+00
9.336946e+00 0.000000e+00 0.000000e+00 0.000000e+00 0.000000e+00
9.388946e+00 0.000000e+00 0.000000e+00 0.000000e+00 0.000000e+00
9.440946e+00 0.000000e+00 0.000000e+00 0.000000e+00 0.000000e+00
9.492946e+00 0.000000e+00 0.000000e+00 0.000000e+00 0.000000e+00
9.544946e+00 0.000000e+00 0.000000e+00 0.000000e+00 0.000000e+00
9.596946e+00 0.000000e+00 0.000000e+00 0.000000e+00 0.000000e+00
9.648946e+00 0.000000e+00 0.000000e+00 0.000000e+00 0.000000e+00
9.700946e+00 0.000000e+00 0.000000e+00 0.000000e+00 0.000000e+00
9.752946e+00 0.000000e+00 0.000000e+00 0.000000e+00 0.000000e+00
9.804946e+00 0.000000e+00 0.000000e+00 0.000000e+00 0.000000e+00
9.856946e+00 0.000000e+00 0.000000e+00 0.000000e+00 0.000000e+00
9.908946e+00 0.000000e+00 0.000000e+00 0.000000e+00 0.000000e+00
9.960946e+00 0.000000e+00 0.000000e+00 0.000000e+00 0.000000e+00
1.001295e+01 0.000000e+00 0.000000e+00 0.000000e+00 0.000000e+00
1.006495e+01 0.000000e+00 0.000000e+00 0.000000e+00 0.000000e+00
1.011695e+01 0.000000e+00 0.000000e+00 0.000000e+00 0.000000e+00
1.016895e+01 0.000000e+00 0.000000e+00 0.000000e+00 0.000000e+00
1.022095e+01 0.000000e+00 0.000000e+00 0.000000e+00 0.000000e+00
1.027295e+01 0.000000e+00 0.000000e+00 0.000000e+00 0.000000e+00
1.032495e+01 0.000000e+00 0.000000e+00 0.000000e+00 0.000000e+00
1.037695e+01 0.000000e+00 0.000000e+00 0.000000e+00 0.000000e+00
1.042895e+01 0.000000e+00 0.000000e+00 0.000000e+00 0.000000e+00
1.048095e+01 0.000000e+00 0.000000e+00 0.000000e+00 0.000000e+00
1.053295e+01 0.000000e+00 0.000000e+00 0.000000e+00 0.000000e+00
1.058495e+01 0.000000e+00 0.000000e+00 0.000000e+00 0.000000e+00
1.063695e+01 0.000000e+00 0.000000e+00 0.000000e+00 0.000000e+00
1.068895e+01 1.405957e-14 2.670739e-14 6.721778e-15 8.749533e-15
1.074095e+01 6.434782e-14 1.222344e-13 3.076423e-14 4.004486e-14
1.079295e+01 3.998291e-13 7.361142e-13 2.028287e-13 2.605444e-13
1.084495e+01 1.668621e-12 3.062211e-12 8.507903e-13 1.092861e-12
1.089695e+01 6.943471e-12 1.260154e-11 3.598308e-12 4.630569e-12
1.094895e+01 2.585635e-11 4.669150e-11 1.349563e-11 1.738193e-11
1.100095e+01 9.118187e-11 1.636354e-10 4.799393e-11 6.191628e-11
1.105295e+01 3.014143e-10 5.377115e-10 1.598888e-10 2.066427e-10
1.110495e+01 9.396695e-10 1.665778e-09 5.024850e-10 6.507453e-10
1.115695e+01 2.760701e-09 4.861754e-09 1.488257e-09 1.932091e-09
1.120895e+01 7.651902e-09 1.338315e-08 4.158514e-09 5.414044e-09
1.126095e+01 2.002213e-08 3.477128e-08 1.096873e-08 1.432637e-08
1.131295e+01 4.949283e-08 8.533035e-08 2.732731e-08 3.582082e-08
1.136495e+01 1.156577e-07 1.979456e-07 6.434756e-08 8.467996e-08
1.141695e+01 2.557195e-07 4.344465e-07 1.433115e-07 1.894004e-07
1.146895e+01 5.354434e-07 9.030544e-07 3.021409e-07 4.011348e-07
1.152095e+01 1.062915e-06 1.779884e-06 6.036042e-07 8.052577e-07
1.157295e+01 2.003011e-06 3.330999e-06 1.144013e-06 1.534022e-06
1.162495e+01 3.588726e-06 5.928943e-06 2.060028e-06 2.777208e-06
1.167695e+01 6.124411e-06 1.005630e-05 3.530403e-06 4.786530e-06
1.172895e+01 9.976439e-06 1.628995e-05 5.769705e-06 7.869660e-06
1.178095e+01 1.554910e-05 2.526339e-05 9.012451e-06 1.237145e-05
1.183295e+01 2.324645e-05 3.760860e-05 1.348819e-05 1.864255e-05
1.188495e+01 3.342248e-05 5.388070e-05 1.938962e-05 2.699713e-05
1.193695e+01 4.632077e-05 7.446551e-05 2.683571e-05 3.766110e-05
1.198895e+01 6.200227e-05 9.946632e-05 3.583065e-05 5.070985e-05
1.204095e+01 8.026066e-05 1.285678e-04 4.621935e-05 6.599485e-05
1.209295e+01 1.005327e-04 1.608895e-04 5.764382e-05 8.306490e-05
1.214495e+01 1.218274e-04 1.948683e-04 6.951250e-05 1.011014e-04
1.219695e+01 1.427122e-04 2.282328e-04 8.100256e-05 1.189013e-04
1.224895e+01 1.613991e-04 2.581372e-04 9.111612e-05 1.349439e-04
1.230095e+01 1.759511e-04 2.814870e-04 9.880123e-05 1.475652e-04
1.235295e+01 1.845950e-04 2.954317e-04 1.031281e-04 1.552254e-04
1.240495e+01 1.860778e-04 2.979242e-04 1.034886e-04 1.568207e-04
1.245695e+01 1.799827e-04 2.882078e-04 9.977597e-05 1.519642e-04
1.250895e+01 1.669184e-04 2.670896e-04 9.250361e-05 1.411620e-04
1.256095e+01 1.485358e-04 2.369151e-04 8.284429e-05 1.258480e-04
1.261295e+01 1.273780e-04 2.012492e-04 7.259592e-05 1.082889e-04
1.266495e+01 1.066256e-04 1.643605e-04 6.409760e-05 9.141871e-05
1.271695e+01 8.982123e-05 1.306660e-04 6.011716e-05 7.868051e-05
1.276895e+01 8.063900e-05 1.042896e-04 6.370681e-05 7.392056e-05
1.282095e+01 8.270580e-05 8.881213e-05 7.799401e-05 8.131125e-05
1.287295e+01 9.942003e-05 8.718750e-05 1.058671e-04 1.052055e-04
1.292495e+01 1.336887e-04 1.017120e-04 1.495537e-04 1.498005e-04
1.297695e+01 1.875490e-04 1.339249e-04 2.101699e-04 2.185521e-04
1.302895e+01 2.617398e-04 1.844001e-04 2.873883e-04 3.134309e-04
1.308095e+01 3.553852e-04 2.525154e-04 3.793831e-04 4.342572e-04
1.313295e+01 4.659630e-04 3.363736e-04 4.831057e-04 5.784097e-04
1.318495e+01 5.896315e-04 4.330222e-04 5.947882e-04 7.410841e-04
1.323695e+01 7.218220e-04 5.389675e-04 7.104551e-04 9.160434e-04
1.328895e+01 8.578826e-04 6.507983e-04 8.262615e-04 1.096588e-03
1.334095e+01 9.935850e-04 7.656553e-04 9.386572e-04 1.276442e-03
1.339295e+01 1.125456e-03 8.813779e-04 1.044564e-03 1.450425e-03
1.344495e+01 1.251049e-03 9.963853e-04 1.141765e-03 1.614997e-03
1.349695e+01 1.369277e-03 1.109509e-03 1.229494e-03 1.768828e-03
1.354895e+01 1.480718e-03 1.219954e-03 1.308862e-03 1.913337e-03
1.360095e+01 1.587613e-03 1.327342e-03 1.382687e-03 2.052811e-03
1.365295e+01 1.693244e-03 1.431573e-03 1.454495e-03 2.193663e-03
1.370495e+01 1.800671e-03 1.532320e-03 1.527029e-03 2.342664e-03
1.375695e+01 1.911325e-03 1.628315e-03 1.601006e-03 2.504654e-03
1.380895e+01 2.024167e-03 1.716944e-03 1.674868e-03 2.680690e-03
1.386095e+01 2.135993e-03 1.794653e-03 1.745717e-03 2.867608e-03
1.391295e+01 2.242834e-03 1.858229e-03 1.810937e-03 3.059338e-03
1.396495e+01 2.341836e-03 1.906360e-03 1.869614e-03 3.249535e-03
1.401695e+01 2.432793e-03 1.940644e-03 1.923150e-03 3.434584e-03
1.406895e+01 2.518836e-03 1.965576e-03 1.975047e-03 3.615885e-03
1.412095e+01 2.606191e-03 1.987729e-03 2.030336e-03 3.800506e-03
1.417295e+01 2.703103e-03 2.014795e-03 2.095040e-03 3.999474e-03
1.422495e+01 2.817928e-03 2.054891e-03 2.175540e-03 4.223353e-03
1.427695e+01 2.956330e-03 2.115915e-03 2.277335e-03 4.475740e-03
1.432895e+01 3.117979e-03 2.204267e-03 2.402898e-03 4.746773e-03
1.438095e+01 3.293908e-03 2.322593e-03 2.549172e-03 5.009960e-03
1.443295e+01 3.466162e-03 2.467119e-03 2.705995e-03 5.225373e-03
1.448495e+01 3.610908e-03 2.626038e-03 2.856828e-03 5.349858e-03
1.453695e+01 3.704681e-03 2.780484e-03 2.982218e-03 5.351341e-03
1.458895e+01 3.731719e-03 2.908644e-03 3.065031e-03 5.221481e-03
1.464095e+01 3.689484e-03 2.992050e-03 3.095464e-03 4.980936e-03
1.469295e+01 3.590040e-03 3.021750e-03 3.073830e-03 4.674539e-03
1.474495e+01 3.456756e-03 3.001822e-03 3.010133e-03 4.358313e-03
1.479695e+01 3.317772e-03 2.948595e-03 2.920907e-03 4.083815e-03
1.484895e+01 3.198847e-03 2.885710e-03 2.824847e-03 3.885985e-03
1.490095e+01 3.118037e-03 2.836855e-03 2.738894e-03 3.778363e-03
1.495295e+01 3.083483e-03 2.818942e-03 2.675766e-03 3.755740e-03
1.500495e+01 3.094081e-03 2.838117e-03 2.642912e-03 3.801214e-03
1.505695e+01 3.141820e-03 2.889689e-03 2.642224e-03 3.893547e-03
1.510895e+01 3.214399e-03 2.961365e-03 2.669944e-03 4.011890e-03
1.516095e+01 3.297372e-03 3.038067e-03 2.716785e-03 4.137264e-03
1.521295e+01 3.375888e-03 3.106442e-03 2.768957e-03 4.252265e-03
1.526495e+01 3.436602e-03 3.157802e-03 2.810772e-03 4.341234e-03
1.531695e+01 3.470118e-03 3.189225e-03 2.828845e-03 4.392285e-03
1.536895e+01 3.473637e-03 3.203248e-03 2.816758e-03 4.400904e-03
1.542095e+01 3.452778e-03 3.206795e-03 2.778331e-03 4.373208e-03
1.547295e+01 3.421370e-03 3.209808e-03 2.727779e-03 4.326523e-03
1.552495e+01 3.398546e-03 3.223703e-03 2.686114e-03 4.285821e-03
1.557695e+01 3.403563e-03 3.259548e-03 2.674710e-03 4.276430e-03
1.562895e+01 3.449731e-03 3.325807e-03 2.708179e-03 4.315206e-03
1.568095e+01 3.539434e-03 3.425806e-03 2.789104e-03 4.403390e-03
1.573295e+01 3.662011e-03 3.555498e-03 2.906532e-03 4.524003e-03
1.578495e+01 3.795462e-03 3.702501e-03 3.038764e-03 4.645121e-03
1.583695e+01 3.911684e-03 3.847330e-03 3.159439e-03 4.728283e-03
1.588895e+01 3.983720e-03 3.967071e-03 3.244803e-03 4.739287e-03
1.594095e+01 3.992765e-03 4.040732e-03 3.279834e-03 4.657731e-03
1.599295e+01 3.932725e-03 4.054638e-03 3.261473e-03 4.482065e-03
1.604495e+01 3.811061e-03 4.006040e-03 3.198389e-03 4.228754e-03
1.609695e+01 3.645993e-03 3.903726e-03 3.107822e-03 3.926430e-03
1.614895e+01 3.461355e-03 3.765549e-03 3.010727e-03 3.607789e-03
1.620095e+01 3.280937e-03 3.613775e-03 2.926618e-03 3.302418e-03
1.625295e+01 3.123925e-03 3.469760e-03 2.869264e-03 3.032752e-03
1.630495e+01 3.002335e-03 3.349394e-03 2.844055e-03 2.813557e-03
1.635695e+01 2.920527e-03 3.260376e-03 2.847504e-03 2.653699e-03
1.640895e+01 2.876372e-03 3.201811e-03 2.868994e-03 2.558310e-03
1.646095e+01 2.863409e-03 3.165983e-03 2.894372e-03 2.529872e-03
1.651295e+01 2.873285e-03 3.141682e-03 2.910413e-03 2.567759e-03
1.656495e+01 2.897854e-03 3.118011e-03 2.908768e-03 2.666782e-03
1.661695e+01 2.930443e-03 3.087495e-03 2.888038e-03 2.815796e-03
1.666895e+01 2.966064e-03 3.047576e-03 2.853263e-03 2.997353e-03
1.672095e+01 3.000751e-03 3.000175e-03 2.813124e-03 3.188956e-03
1.677295e+01 3.030602e-03 2.949788e-03 2.776139e-03 3.365878e-03
1.682495e+01 3.051219e-03 2.901130e-03 2.747537e-03 3.504990e-03
1.687695e+01 3.058062e-03 2.857389e-03 2.728092e-03 3.588705e-03
1.692895e+01 3.047640e-03 2.819724e-03 2.715161e-03 3.608035e-03
1.698095e+01 3.018967e-03 2.787892e-03 2.705069e-03 3.563939e-03
1.703295e+01 2.974428e-03 2.761333e-03 2.695350e-03 3.466602e-03
1.708495e+01 2.919447e-03 2.739896e-03 2.685600e-03 3.332846e-03
1.713695e+01 2.860911e-03 2.723791e-03 2.676604e-03 3.182339e-03
1.718895e+01 2.804971e-03 2.712915e-03 2.668461e-03 3.033539e-03
1.724095e+01 2.755165e-03 2.706177e-03 2.659037e-03 2.900282e-03
1.729295e+01 2.711674e-03 2.701417e-03 2.643889e-03 2.789717e-03
1.734495e+01 2.672014e-03 2.696124e-03 2.617917e-03 2.702000e-03
1.739695e+01 2.632776e-03 2.688583e-03 2.577993e-03 2.631751e-03
1.744895e+01 2.591580e-03 2.678742e-03 2.525210e-03 2.570787e-03
1.750095e+01 2.548342e-03 2.668228e-03 2.465538e-03 2.511260e-03
1.755295e+01 2.505337e-03 2.659409e-03 2.408484e-03 2.448119e-03
1.760495e+01 2.466121e-03 2.653981e-03 2.364292e-03 2.380089e-03
1.765695e+01 2.433875e-03 2.651814e-03 2.340860e-03 2.308950e-03
1.770895e+01 2.409966e-03 2.650654e-03 2.341562e-03 2.237682e-03
1.776095e+01 2.393315e-03 2.646804e-03 2.364658e-03 2.168483e-03
1.781295e+01 2.380772e-03 2.636476e-03 2.404203e-03 2.101636e-03
1.786495e+01 2.368216e-03 2.617204e-03 2.451822e-03 2.035623e-03
1.791695e+01 2.351847e-03 2.588784e-03 2.498575e-03 1.968183e-03
1.796895e+01 2.329119e-03 2.553431e-03 2.536349e-03 1.897577e-03
1.802095e+01 2.299072e-03 2.515198e-03 2.558668e-03 1.823350e-03
1.807295e+01 2.262135e-03 2.478919e-03 2.561127e-03 1.746359e-03
1.812495e+01 2.219695e-03 2.449081e-03 2.541725e-03 1.668279e-03
1.817695e+01 2.173758e-03 2.428990e-03 2.501222e-03 1.591063e-03
1.822895e+01 2.126822e-03 2.420440e-03 2.443359e-03 1.516667e-03
1.828095e+01 2.081904e-03 2.423919e-03 2.374741e-03 1.447054e-03
1.833295e+01 2.042525e-03 2.439140e-03 2.304191e-03 1.384244e-03
1.838495e+01 2.012468e-03 2.465581e-03 2.241643e-03 1.330180e-03
1.843695e+01 1.995258e-03 2.502697e-03 2.196744e-03 1.286332e-03
1.848895e+01 1.993436e-03 2.549667e-03 2.177449e-03 1.253191e-03
1.854095e+01 2.007828e-03 2.604800e-03 2.188803e-03 1.229880e-03
1.859295e+01 2.037062e-03 2.665004e-03 2.232096e-03 1.214085e-03
1.864495e+01 2.077581e-03 2.725803e-03 2.304575e-03 1.202365e-03
1.869695e+01 2.124303e-03 2.782224e-03 2.399874e-03 1.190810e-03
1.874895e+01 2.171883e-03 2.830482e-03 2.509284e-03 1.175883e-03
1.880095e+01 2.216329e-03 2.870005e-03 2.623715e-03 1.155266e-03
1.885295e+01 2.256486e-03 2.905021e-03 2.735942e-03 1.128496e-03
1.890495e+01 2.294867e-03 2.944951e-03 2.842408e-03 1.097243e-03
1.895695e+01 2.337346e-03 3.003088e-03 2.943822e-03 1.065127e-03
1.900895e+01 2.391555e-03 3.093523e-03 3.044062e-03 1.037080e-03
1.906095e+01 2.464223e-03 3.226819e-03 3.147478e-03 1.018372e-03
1.911295e+01 2.558136e-03 3.405516e-03 3.255440e-03 1.013451e-03
1.916495e+01 2.669732e-03 3.620870e-03 3.363478e-03 1.024848e-03
1.921695e+01 2.788354e-03 3.852257e-03 3.460411e-03 1.052393e-03
1.926895e+01 2.897743e-03 4.070046e-03 3.530188e-03 1.092996e-03
1.932095e+01 2.979622e-03 4.241663e-03 3.556107e-03 1.141095e-03
1.937295e+01 3.018329e-03 4.339270e-03 3.525998e-03 1.189719e-03
1.942495e+01 3.005010e-03 4.346660e-03 3.436502e-03 1.231867e-03
1.947695e+01 2.939915e-03 4.263032e-03 3.294892e-03 1.261819e-03
1.952895e+01 2.832084e-03 4.102372e-03 3.117883e-03 1.275996e-03
1.958095e+01 2.696668e-03 3.888799e-03 2.927969e-03 1.273237e-03
1.963295e+01 2.550919e-03 3.649665e-03 2.748535e-03 1.254557e-03
1.968495e+01 2.410188e-03 3.408799e-03 2.599100e-03 1.222666e-03
1.973695e+01 2.285035e-03 3.181925e-03 2.491698e-03 1.181482e-03
1.978895e+01 2.179992e-03 2.975240e-03 2.428966e-03 1.135769e-03
1.984095e+01 2.093996e-03 2.786931e-03 2.404238e-03 1.090819e-03
1.989295e+01 2.022107e-03 2.610611e-03 2.403679e-03 1.052032e-03
1.994495e+01 1.957949e-03 2.439287e-03 2.410225e-03 1.024335e-03
1.999695e+01 1.896231e-03 2.268673e-03 2.408512e-03 1.011507e-03
2.004895e+01 1.834712e-03 2.099032e-03 2.389464e-03 1.015639e-03
2.010095e+01 1.775076e-03 1.935269e-03 2.353002e-03 1.036957e-03
2.015295e+01 1.722456e-03 1.785443e-03 2.307813e-03 1.074111e-03
2.020495e+01 1.683744e-03 1.658284e-03 2.268148e-03 1.124799e-03
2.025695e+01 1.665220e-03 1.560474e-03 2.248750e-03 1.186435e-03
2.030895e+01 1.670251e-03 1.494517e-03 2.259697e-03 1.256541e-03
2.036095e+01 1.697779e-03 1.457756e-03 2.302893e-03 1.332689e-03
2.041295e+01 1.742016e-03 1.442774e-03 2.371182e-03 1.412090e-03
2.046495e+01 1.793401e-03 1.439009e-03 2.450081e-03 1.491114e-03
2.051695e+01 1.840492e-03 1.435091e-03 2.521248e-03 1.565137e-03
2.056895e+01 1.872225e-03 1.421269e-03 2.566499e-03 1.628907e-03
2.062095e+01 1.879992e-03 1.391320e-03 2.571263e-03 1.677394e-03
2.067295e+01 1.859082e-03 1.343537e-03 2.526884e-03 1.706824e-03
2.072495e+01 1.809275e-03 1.280659e-03 2.431657e-03 1.715510e-03
2.077695e+01 1.734612e-03 1.208879e-03 2.290748e-03 1.704207e-03
2.082895e+01 1.642457e-03 1.136212e-03 2.115246e-03 1.675913e-03
2.088095e+01 1.542093e-03 1.070615e-03 1.920450e-03 1.635214e-03
2.093295e+01 1.443063e-03 1.018238e-03 1.723557e-03 1.587395e-03
2.098495e+01 1.353578e-03 9.821814e-04 1.541033e-03 1.537521e-03
2.103695e+01 1.279299e-03 9.620207e-04 1.386196e-03 1.489681e-03
2.108895e+01 1.222783e-03 9.542157e-04 1.267612e-03 1.446520e-03
2.114095e+01 1.183695e-03 9.532634e-04 1.188681e-03 1.409139e-03
2.119295e+01 1.159660e-03 9.532405e-04 1.148405e-03 1.377334e-03
2.124495e+01 1.147384e-03 9.492680e-04 1.142839e-03 1.350044e-03
2.129695e+01 1.143631e-03 9.384965e-04 1.166565e-03 1.325831e-03
2.134895e+01 1.145749e-03 9.204151e-04 1.213593e-03 1.303238e-03
2.140095e+01 1.151679e-03 8.965395e-04 1.277541e-03 1.280956e-03
2.145295e+01 1.159629e-03 8.697128e-04 1.351331e-03 1.257842e-03
2.150495e+01 1.167713e-03 8.432952e-04 1.426934e-03 1.232909e-03
2.155695e+01 1.173827e-03 8.204561e-04 1.495660e-03 1.205364e-03
2.160895e+01 1.175853e-03 8.036596e-04 1.549154e-03 1.174744e-03
2.166095e+01 1.172113e-03 7.943546e-04 1.580886e-03 1.141098e-03
2.171295e+01 1.161847e-03 7.928469e-04 1.587574e-03 1.105121e-03
2.176495e+01 1.145489e-03 7.983411e-04 1.570004e-03 1.068123e-03
2.181695e+01 1.124611e-03 8.091461e-04 1.532884e-03 1.031802e-03
2.186895e+01 1.101550e-03 8.230148e-04 1.483795e-03 9.978400e-04
2.192095e+01 1.078862e-03 8.375541e-04 1.431570e-03 9.674614e-04
2.197295e+01 1.058782e-03 8.506164e-04 1.384589e-03 9.411403e-04
2.202495e+01 1.042857e-03 8.605914e-04 1.349398e-03 9.185818e-04
2.207695e+01 1.031802e-03 8.665540e-04 1.329843e-03 8.990081e-04
2.212895e+01 1.025549e-03 8.682591e-04 1.326763e-03 8.816249e-04
2.218095e+01 1.023404e-03 8.660055e-04 1.338146e-03 8.660591e-04
2.223295e+01 1.024215e-03 8.604044e-04 1.359670e-03 8.525703e-04
2.228495e+01 1.026530e-03 8.521079e-04 1.385534e-03 8.419474e-04
2.233695e+01 1.028722e-03 8.415629e-04 1.409450e-03 8.351519e-04
2.238895e+01 1.029124e-03 8.288663e-04 1.425629e-03 8.328757e-04
2.244095e+01 1.026179e-03 8.137692e-04 1.429564e-03 8.352052e-04
2.249295e+01 1.018618e-03 7.958367e-04 1.418498e-03 8.415193e-04
2.254495e+01 1.005624e-03 7.747048e-04 1.391527e-03 8.506391e-04
2.259695e+01 9.869759e-04 7.503437e-04 1.349439e-03 8.611449e-04
2.264895e+01 9.631166e-04 7.232284e-04 1.294400e-03 8.717213e-04
2.270095e+01 9.351083e-04 6.943641e-04 1.229568e-03 8.813927e-04
2.275295e+01 9.044735e-04 6.651689e-04 1.158678e-03 8.895740e-04
2.280495e+01 8.729294e-04 6.372706e-04 1.085580e-03 8.959379e-04
2.285695e+01 8.420764e-04 6.122876e-04 1.013760e-03 9.001817e-04
2.290895e+01 8.131130e-04 5.916411e-04 9.458851e-04 9.018128e-04
2.296095e+01 7.866479e-04 5.764053e-04 8.834817e-04 9.000567e-04
2.301295e+01 7.626521e-04 5.671724e-04 8.268455e-04 8.939384e-04
2.306495e+01 7.405555e-04 5.639212e-04 7.752336e-04 8.825118e-04
2.311695e+01 7.194606e-04 5.659164e-04 7.273031e-04 8.651624e-04
2.316895e+01 6.984184e-04 5.717032e-04 6.816716e-04 8.418803e-04
2.322095e+01 6.766969e-04 5.792600e-04 6.374212e-04 8.134096e-04
2.327295e+01 6.539714e-04 5.863132e-04 5.943852e-04 7.812159e-04
2.332495e+01 6.303826e-04 5.907449e-04 5.531434e-04 7.472596e-04
2.337695e+01 6.064529e-04 5.909678e-04 5.147634e-04 7.136275e-04
2.342895e+01 5.828957e-04 5.861490e-04 4.804147e-04 6.821235e-04
2.348095e+01 5.603938e-04 5.762298e-04 4.510071e-04 6.539446e-04
2.353295e+01 5.394248e-04 5.617696e-04 4.269633e-04 6.295416e-04
2.358495e+01 5.201904e-04 5.437040e-04 4.081637e-04 6.087035e-04
2.363695e+01 5.026593e-04 5.231169e-04 3.940366e-04 5.908245e-04
2.368895e+01 4.866940e-04 5.010936e-04 3.837356e-04 5.752527e-04
2.374095e+01 4.722062e-04 4.786688e-04 3.763443e-04 5.616056e-04
2.379295e+01 4.592887e-04 4.568407e-04 3.710598e-04 5.499657e-04
2.384495e+01 4.482817e-04 4.365940e-04 3.673210e-04 5.409301e-04
2.389695e+01 4.397593e-04 4.188811e-04 3.648582e-04 5.355386e-04
2.394895e+01 4.344407e-04 4.045364e-04 3.636538e-04 5.351318e-04
2.400095e+01 4.330457e-04 3.941350e-04 3.638304e-04 5.411716e-04
2.405295e+01 4.361269e-04 3.878464e-04 3.655029e-04 5.550314e-04
2.410495e+01 4.439144e-04 3.853524e-04 3.686463e-04 5.777445e-04
2.415695e+01 4.562114e-04 3.858856e-04 3.730223e-04 6.097264e-04
2.420895e+01 4.723768e-04 3.884002e-04 3.781827e-04 6.505476e-04
2.426095e+01 4.914170e-04 3.918315e-04 3.835369e-04 6.988825e-04
2.431295e+01 5.121842e-04 3.953493e-04 3.884454e-04 7.527580e-04
2.436495e+01 5.336447e-04 3.985079e-04 3.923050e-04 8.101213e-04
2.441695e+01 5.551356e-04 4.012302e-04 3.946004e-04 8.695762e-04
2.446895e+01 5.765099e-04 4.036371e-04 3.949188e-04 9.309737e-04
2.452095e+01 5.980764e-04 4.057964e-04 3.929428e-04 9.954898e-04
2.457295e+01 6.203063e-04 4.075033e-04 3.884426e-04 1.064973e-03
2.462495e+01 6.433794e-04 4.081895e-04 3.812912e-04 1.140657e-03
2.467695e+01 6.667450e-04 4.070090e-04 3.715165e-04 1.221710e-03
2.472895e+01 6.889195e-04 4.030764e-04 3.593830e-04 1.304299e-03
2.478095e+01 7.076768e-04 3.957808e-04 3.454734e-04 1.381776e-03
2.483295e+01 7.206345e-04 3.850680e-04 3.307171e-04 1.446118e-03
2.488495e+01 7.260394e-04 3.715882e-04 3.163190e-04 1.490211e-03
2.493695e+01 7.234338e-04 3.566488e-04 3.035694e-04 1.510083e-03
2.498895e+01 7.139053e-04 3.419669e-04 2.935699e-04 1.506179e-03
2.504095e+01 6.997993e-04 3.292820e-04 2.869562e-04 1.483160e-03
2.509295e+01 6.840128e-04 3.199371e-04 2.837161e-04 1.448385e-03
2.514495e+01 6.691658e-04 3.145542e-04 2.831734e-04 1.409770e-03
2.519695e+01 6.569692e-04 3.129031e-04 2.841523e-04 1.373852e-03
2.524895e+01 6.479808e-04 3.139983e-04 2.852720e-04 1.344672e-03
2.530095e+01 6.417440e-04 3.163864e-04 2.852801e-04 1.323566e-03
2.535295e+01 6.371567e-04 3.185244e-04 2.833279e-04 1.309618e-03
2.540495e+01 6.328757e-04 3.191351e-04 2.791199e-04 1.300372e-03
2.545695e+01 6.276229e-04 3.174503e-04 2.729140e-04 1.292504e-03
2.550895e+01 6.203580e-04 3.133051e-04 2.653937e-04 1.282375e-03
2.556095e+01 6.103597e-04 3.070906e-04 2.574674e-04 1.266521e-03
2.561295e+01 5.972698e-04 2.996061e-04 2.500576e-04 1.242146e-03
2.566495e+01 5.811284e-04 2.918539e-04 2.439329e-04 1.207599e-03
2.571695e+01 5.623833e-04 2.848188e-04 2.396135e-04 1.162718e-03
2.576895e+01 5.418450e-04 2.792705e-04 2.373460e-04 1.108918e-03
2.582095e+01 5.205775e-04 2.756257e-04 2.371284e-04 1.048978e-03
2.587295e+01 4.997485e-04 2.739000e-04 2.387566e-04 9.865887e-04
2.592495e+01 4.804823e-04 2.737616e-04 2.418763e-04 9.258088e-04
2.597695e+01 4.637487e-04 2.746655e-04 2.460365e-04 8.705441e-04
2.602895e+01 4.502883e-04 2.760247e-04 2.507515e-04 8.240888e-04
2.608095e+01 4.405514e-04 2.773608e-04 2.555747e-04 7.887187e-04
2.613295e+01 4.346304e-04 2.783885e-04 2.601738e-04 7.653290e-04
2.618495e+01 4.321947e-04 2.790190e-04 2.643868e-04 7.531781e-04
2.623695e+01 4.324634e-04 2.792993e-04 2.682381e-04 7.498530e-04
2.628895e+01 4.342639e-04 2.793308e-04 2.719096e-04 7.515512e-04
2.634095e+01 4.361946e-04 2.792139e-04 2.756844e-04 7.536854e-04
2.639295e+01 4.368771e-04 2.790469e-04 2.798925e-04 7.516920e-04
2.644495e+01 4.352363e-04 2.789795e-04 2.848789e-04 7.418506e-04
2.649695e+01 4.307296e-04 2.792876e-04 2.909912e-04 7.219099e-04
2.654895e+01 4.234562e-04 2.804265e-04 2.985569e-04 6.913852e-04
2.660095e+01 4.141122e-04 2.830224e-04 3.078280e-04 6.514862e-04
2.665295e+01 4.038064e-04 2.877902e-04 3.188948e-04 6.047343e-04
2.670495e+01 3.937975e-04 2.953922e-04 3.316069e-04 5.543935e-04
2.675695e+01 3.852329e-04 3.062752e-04 3.455613e-04 5.038622e-04
2.680895e+01 3.789565e-04 3.205254e-04 3.601906e-04 4.561537e-04
2.686095e+01 3.754219e-04 3.377806e-04 3.749424e-04 4.135427e-04
2.691295e+01 3.747068e-04 3.572293e-04 3.894888e-04 3.774022e-04
2.696495e+01 3.766013e-04 3.777160e-04 4.038787e-04 3.482093e-04
2.701695e+01 3.807343e-04 3.979549e-04 4.185678e-04 3.256801e-04
2.706895e+01 3.867026e-04 4.168182e-04 4.343053e-04 3.089842e-04
2.712095e+01 3.941789e-04 4.336271e-04 4.519201e-04 2.969895e-04
2.717295e+01 4.029759e-04 4.483526e-04 4.720847e-04 2.884904e-04
2.722495e+01 4.130557e-04 4.616465e-04 4.951394e-04 2.823811e-04
2.727695e+01 4.244862e-04 4.746821e-04 5.210199e-04 2.777565e-04
2.732895e+01 4.373620e-04 4.888525e-04 5.492868e-04 2.739465e-04
2.738095e+01 4.517194e-04 5.054323e-04 5.792160e-04 2.705101e-04
2.743295e+01 4.674758e-04 5.253058e-04 6.099064e-04 2.672152e-04
2.748495e+01 4.844075e-04 5.488279e-04 6.403761e-04 2.640185e-04
2.753695e+01 5.021620e-04 5.758149e-04 6.696350e-04 2.610362e-04
2.758895e+01 5.202797e-04 6.056178e-04 6.967319e-04 2.584892e-04
2.764095e+01 5.382005e-04 6.372144e-04 7.207754e-04 2.566119e-04
2.769295e+01 5.552534e-04 6.692811e-04 7.409359e-04 2.555432e-04
2.774495e+01 5.706493e-04 7.002498e-04 7.564571e-04 2.552410e-04
2.779695e+01 5.835250e-04 7.283882e-04 7.667138e-04 2.554730e-04
2.784895e+01 5.930699e-04 7.519549e-04 7.713429e-04 2.559118e-04
2.790095e+01 5.987375e-04 7.694523e-04 7.704365e-04 2.563237e-04
2.795295e+01 6.004869e-04 7.799436e-04 7.647309e-04 2.567864e-04
2.800495e+01 5.989629e-04 7.833438e-04 7.556982e-04 2.578467e-04
2.805695e+01 5.955201e-04 7.805662e-04 7.454593e-04 2.605347e-04
2.810895e+01 5.920428e-04 7.734365e-04 7.364956e-04 2.661962e-04
2.816095e+01 5.905867e-04 7.643655e-04 7.312186e-04 2.761759e-04
2.821295e+01 5.929402e-04 7.558608e-04 7.315170e-04 2.914427e-04
2.826495e+01 6.002358e-04 7.500174e-04 7.384103e-04 3.122797e-04
2.831695e+01 6.127204e-04 7.481227e-04 7.518919e-04 3.381467e-04
2.836895e+01 6.297361e-04 7.504712e-04 7.709734e-04 3.677636e-04
2.842095e+01 6.498948e-04 7.564144e-04 7.938836e-04 3.993864e-04
2.847295e+01 6.713909e-04 7.646303e-04 8.183641e-04 4.311783e-04
2.852495e+01 6.923749e-04 7.735556e-04 8.420218e-04 4.615475e-04
2.857695e+01 7.113183e-04 7.818953e-04 8.627145e-04 4.893451e-04
2.862895e+01 7.273011e-04 7.890897e-04 8.789288e-04 5.138848e-04
2.868095e+01 7.401631e-04 7.955924e-04 8.900668e-04 5.348302e-04
2.873295e+01 7.504780e-04 8.028393e-04 8.965399e-04 5.520548e-04
2.878495e+01 7.593485e-04 8.128719e-04 8.996005e-04 5.655732e-04
2.883695e+01 7.680841e-04 8.277133e-04 9.009513e-04 5.755879e-04
2.888895e+01 7.778687e-04 8.487153e-04 9.022763e-04 5.826146e-04
2.894095e+01 7.895397e-04 8.761367e-04 9.048897e-04 5.875928e-04
2.899295e+01 8.035513e-04 9.091354e-04 9.096323e-04 5.918863e-04
2.904495e+01 8.201088e-04 9.461881e-04 9.170133e-04 5.971249e-04
2.909695e+01 8.393734e-04 9.857582e-04 9.274524e-04 6.049096e-04
2.914895e+01 8.616023e-04 1.026910e-03 9.414324e-04 6.164648e-04
2.920095e+01 8.871237e-04 1.069584e-03 9.594323e-04 6.323551e-04
2.925295e+01 9.161405e-04 1.114396e-03 9.816534e-04 6.523723e-04
2.930495e+01 9.484583e-04 1.162036e-03 1.007684e-03 6.756548e-04
2.935695e+01 9.832882e-04 1.212542e-03 1.036300e-03 7.010230e-04
2.940895e+01 1.019251e-03 1.264783e-03 1.065536e-03 7.274329e-04
2.946095e+01 1.054610e-03 1.316399e-03 1.093044e-03 7.543865e-04
2.951295e+01 1.087653e-03 1.364223e-03 1.116602e-03 7.821341e-04
2.956495e+01 1.117058e-03 1.404998e-03 1.134593e-03 8.115813e-04
2.961695e+01 1.142104e-03 1.436080e-03 1.146297e-03 8.439359e-04
2.966895e+01 1.162691e-03 1.455895e-03 1.151930e-03 8.802482e-04
2.972095e+01 1.179189e-03 1.464054e-03 1.152475e-03 9.210379e-04
2.977295e+01 1.192243e-03 1.461200e-03 1.149391e-03 9.661369e-04
2.982495e+01 1.202589e-03 1.448722e-03 1.144289e-03 1.014755e-03
2.987695e+01 1.210892e-03 1.428388e-03 1.138617e-03 1.065672e-03
2.992895e+01 1.217588e-03 1.401953e-03 1.133390e-03 1.117422e-03
2.998095e+01 1.222727e-03 1.370745e-03 1.129027e-03 1.168409e-03
3.003295e+01 1.225886e-03 1.335362e-03 1.125339e-03 1.216959e-03
3.008495e+01 1.226235e-03 1.295631e-03 1.121716e-03 1.261359e-03
3.013695e+01 1.222781e-03 1.250946e-03 1.117461e-03 1.299936e-03
3.018895e+01 1.214744e-03 1.200921e-03 1.112150e-03 1.331160e-03
3.024095e+01 1.201900e-03 1.146114e-03 1.105847e-03 1.353738e-03
3.029295e+01 1.184754e-03 1.088500e-03 1.099085e-03 1.366678e-03
3.034495e+01 1.164470e-03 1.031444e-03 1.092619e-03 1.369347e-03
3.039695e+01 1.142591e-03 9.791331e-04 1.087074e-03 1.361567e-03
3.044895e+01 1.120689e-03 9.356572e-04 1.082657e-03 1.343754e-03
3.050095e+01 1.100052e-03 9.040324e-04 1.079050e-03 1.317073e-03
3.055295e+01 1.081494e-03 8.855002e-04 1.075486e-03 1.283495e-03
3.060495e+01 1.065312e-03 8.792972e-04 1.070954e-03 1.245683e-03
3.065695e+01 1.051361e-03 8.829504e-04 1.064435e-03 1.206697e-03
3.070895e+01 1.039221e-03 8.929863e-04 1.055109e-03 1.169569e-03
3.076095e+01 1.028406e-03 9.058350e-04 1.042511e-03 1.136873e-03
3.081295e+01 1.018560e-03 9.186531e-04 1.026626e-03 1.110401e-03
3.086495e+01 1.009572e-03 9.298219e-04 1.007892e-03 1.091001e-03
3.091695e+01 1.001570e-03 9.389803e-04 9.871087e-04 1.078620e-03
3.096895e+01 9.947798e-04 9.466186e-04 9.652080e-04 1.072513e-03
3.102095e+01 9.893245e-04 9.534199e-04 9.429591e-04 1.071595e-03
3.107295e+01 9.850627e-04 9.596315e-04 9.207014e-04 1.074855e-03
3.112495e+01 9.815643e-04 9.647292e-04 8.982395e-04 1.081724e-03
3.117695e+01 9.782520e-04 9.675061e-04 8.749817e-04 1.092268e-03
3.122895e+01 9.746579e-04 9.665459e-04 8.503017e-04 1.107126e-03
3.128095e+01 9.706806e-04 9.608857e-04 8.239907e-04 1.127165e-03
3.133295e+01 9.667217e-04 9.506089e-04 7.966043e-04 1.152952e-03
3.138495e+01 9.636318e-04 9.371400e-04 7.695370e-04 1.184218e-03
3.143695e+01 9.624709e-04 9.231156e-04 7.447693e-04 1.219528e-03
3.148895e+01 9.641687e-04 9.118487e-04 7.243673e-04 1.256290e-03
3.154095e+01 9.692033e-04 9.065344e-04 7.099236e-04 1.291152e-03
3.159295e+01 9.774075e-04 9.094258e-04 7.021427e-04 1.320654e-03
3.164495e+01 9.879559e-04 9.212216e-04 7.007100e-04 1.341936e-03
3.169695e+01 9.995193e-04 9.408396e-04 7.044645e-04 1.353254e-03
3.174895e+01 1.010522e-03 9.656347e-04 7.117885e-04 1.354141e-03
3.180095e+01 1.019425e-03 9.919923e-04 7.210688e-04 1.345213e-03
3.185295e+01 1.024983e-03 1.016129e-03 7.310938e-04 1.327726e-03
3.190495e+01 1.026435e-03 1.034885e-03 7.412907e-04 1.303129e-03
3.195695e+01 1.023607e-03 1.046298e-03 7.517631e-04 1.272761e-03
3.200895e+01 1.016917e-03 1.049842e-03 7.631282e-04 1.237780e-03
3.206095e+01 1.007257e-03 1.046291e-03 7.761960e-04 1.199282e-03
3.211295e+01 9.957811e-04 1.037288e-03 7.915677e-04 1.158488e-03
3.216495e+01 9.836417e-04 1.024777e-03 8.092718e-04 1.116876e-03
3.221695e+01 9.717404e-04 1.010470e-03 8.285639e-04 1.076187e-03
3.226895e+01 9.605774e-04 9.954931e-04 8.479836e-04 1.038255e-03
3.232095e+01 9.502329e-04 9.802997e-04 8.656823e-04 1.004717e-03
3.237295e+01 9.404877e-04 9.648554e-04 8.799362e-04 9.766714e-04
3.242495e+01 9.310392e-04 9.490082e-04 8.896815e-04 9.544279e-04
3.247695e+01 9.217412e-04 9.329116e-04 8.948804e-04 9.374317e-04
3.252895e+01 9.127822e-04 9.173374e-04 8.965736e-04 9.244357e-04
3.258095e+01 9.047365e-04 9.037481e-04 8.965837e-04 9.138777e-04
3.263295e+01 8.984659e-04 8.940763e-04 8.969679e-04 9.043536e-04
3.268495e+01 8.949049e-04 8.902618e-04 8.994210e-04 8.950320e-04
3.273695e+01 8.948045e-04 8.936870e-04 9.048492e-04 8.858773e-04
3.278895e+01 8.985219e-04 9.046981e-04 9.132569e-04 8.776107e-04
3.284095e+01 9.059198e-04 9.223769e-04 9.239479e-04 8.714345e-04
3.289295e+01 9.164017e-04 9.446554e-04 9.359222e-04 8.686274e-04
3.294495e+01 9.290706e-04 9.687549e-04 9.482956e-04 8.701612e-04
3.299695e+01 9.429647e-04 9.918278e-04 9.605969e-04 8.764695e-04
3.304895e+01 9.572999e-04 1.011606e-03 9.728698e-04 8.874239e-04
3.310095e+01 9.716352e-04 1.026854e-03 9.855704e-04 9.024816e-04
3.315295e+01 9.858886e-04 1.037476e-03 9.992960e-04 9.208939e-04
3.320495e+01 1.000175e-03 1.044252e-03 1.014413e-03 9.418617e-04
3.325695e+01 1.014519e-03 1.048311e-03 1.030678e-03 9.645670e-04
3.330895e+01 1.028548e-03 1.050559e-03 1.046990e-03 9.880955e-04
3.336095e+01 1.041336e-03 1.051296e-03 1.061385e-03 1.011326e-03
3.341295e+01 1.051465e-03 1.050161e-03 1.071355e-03 1.032880e-03
3.346495e+01 1.057348e-03 1.046408e-03 1.074436e-03 1.051199e-03
3.351695e+01 1.057665e-03 1.039343e-03 1.068910e-03 1.064743e-03
3.356895e+01 1.051783e-03 1.028708e-03 1.054388e-03 1.072254e-03
3.362095e+01 1.039958e-03 1.014842e-03 1.032050e-03 1.072983e-03
3.367295e+01 1.023281e-03 9.985869e-04 1.004437e-03 1.066819e-03
3.372495e+01 1.003372e-03 9.810026e-04 9.748436e-04 1.054271e-03
3.377695e+01 9.819706e-04 9.630783e-04 9.464963e-04 1.036337e-03
3.382895e+01 9.605475e-04 9.455481e-04 9.217750e-04 1.014319e-03
3.388095e+01 9.400815e-04 9.288720e-04 9.017201e-04 9.896523e-04
3.393295e+01 9.210275e-04 9.133401e-04 8.859653e-04 9.637769e-04
3.398495e+01 9.034550e-04 8.992073e-04 8.730910e-04 9.380669e-04
3.403695e+01 8.872686e-04 8.867708e-04 8.612526e-04 9.137824e-04
3.408895e+01 8.724070e-04 8.763438e-04 8.488497e-04 8.920274e-04
3.414095e+01 8.589419e-04 8.681362e-04 8.349995e-04 8.736900e-04
3.419295e+01 8.470444e-04 8.621003e-04 8.196720e-04 8.593610e-04
3.424495e+01 8.368458e-04 8.578107e-04 8.034865e-04 8.492403e-04
3.429695e+01 8.282659e-04 8.544390e-04 7.873012e-04 8.430576e-04
3.434895e+01 8.208960e-04 8.508492e-04 7.717911e-04 8.400478e-04
3.440095e+01 8.140006e-04 8.457999e-04 7.571781e-04 8.390239e-04
3.445295e+01 8.066539e-04 8.382053e-04 7.431866e-04 8.385697e-04
3.450495e+01 7.979675e-04 8.273809e-04 7.291959e-04 8.373258e-04
3.455695e+01 7.873298e-04 8.131977e-04 7.144911e-04 8.343005e-04
3.460895e+01 7.745681e-04 7.960900e-04 6.985050e-04 8.291093e-04
3.466095e+01 7.599826e-04 7.769095e-04 6.809779e-04 8.220603e-04
3.471295e+01 7.442472e-04 7.566707e-04 6.620125e-04 8.140585e-04
3.476495e+01 7.282249e-04 7.362751e-04 6.420416e-04 8.063581e-04
3.481695e+01 7.127639e-04 7.163065e-04 6.217465e-04 8.002387e-04
3.486895e+01 6.985365e-04 6.969593e-04 6.019572e-04 7.966929e-04
3.492095e+01 6.859534e-04 6.781062e-04 5.835530e-04 7.962010e-04
3.497295e+01 6.751530e-04 6.594583e-04 5.673655e-04 7.986351e-04
3.502495e+01 6.660440e-04 6.407448e-04 5.540827e-04 8.033046e-04
3.507695e+01 6.583724e-04 6.218427e-04 5.441549e-04 8.091194e-04
3.512895e+01 6.517867e-04 6.028255e-04 5.377126e-04 8.148220e-04
3.518095e+01 6.458918e-04 5.839364e-04 5.345137e-04 8.192253e-04
3.523295e+01 6.402873e-04 5.655232e-04 5.339377e-04 8.214011e-04
3.528495e+01 6.345970e-04 5.479653e-04 5.350382e-04 8.207876e-04
3.533695e+01 6.284936e-04 5.316126e-04 5.366582e-04 8.172101e-04
3.538895e+01 6.217193e-04 5.167313e-04 5.376019e-04 8.108248e-04
3.544095e+01 6.141014e-04 5.034550e-04 5.368430e-04 8.020062e-04
3.549295e+01 6.055611e-04 4.917490e-04 5.337334e-04 7.912008e-04
3.554495e+01 5.961153e-04 4.814060e-04 5.281517e-04 7.787881e-04
3.559695e+01 5.858731e-04 4.720882e-04 5.205346e-04 7.649966e-04
3.564895e+01 5.750284e-04 4.634078e-04 5.117579e-04 7.499195e-04
3.570095e+01 5.638487e-04 4.550197e-04 5.028912e-04 7.336352e-04
3.575295e+01 5.526609e-04 4.466939e-04 4.949075e-04 7.163811e-04
3.580495e+01 5.418314e-04 4.383467e-04 4.884556e-04 6.986920e-04
3.585695e+01 5.317385e-04 4.300300e-04 4.837727e-04 6.814129e-04
3.590895e+01 5.227336e-04 4.218918e-04 4.807524e-04 6.655565e-04
3.596095e+01 5.150923e-04 4.141251e-04 4.791075e-04 6.520444e-04
3.601295e+01 5.089610e-04 4.069166e-04 4.785324e-04 6.414341e-04
3.606495e+01 5.043101e-04 4.004023e-04 4.787855e-04 6.337424e-04
3.611695e+01 5.009101e-04 3.946359e-04 4.796593e-04 6.284350e-04
3.616895e+01 4.983455e-04 3.895770e-04 4.808724e-04 6.245870e-04
3.622095e+01 4.960721e-04 3.851070e-04 4.819560e-04 6.211534e-04
3.627295e+01 4.935143e-04 3.810723e-04 4.822119e-04 6.172587e-04
3.632495e+01 4.901866e-04 3.773500e-04 4.807942e-04 6.124156e-04
3.637695e+01 4.858158e-04 3.739161e-04 4.769069e-04 6.066242e-04
3.642895e+01 4.804327e-04 3.708936e-04 4.700612e-04 6.003432e-04
3.648095e+01 4.744053e-04 3.685559e-04 4.602980e-04 5.943619e-04
3.653295e+01 4.683918e-04 3.672778e-04 4.482842e-04 5.896135e-04
3.658495e+01 4.632172e-04 3.674430e-04 4.352347e-04 5.869739e-04
3.663695e+01 4.597023e-04 3.693396e-04 4.226756e-04 5.870916e-04
3.668895e+01 4.585015e-04 3.730835e-04 4.121259e-04 5.902950e-04
3.674095e+01 4.600047e-04 3.786021e-04 4.047996e-04 5.966124e-04
3.679295e+01 4.643378e-04 3.856899e-04 4.014146e-04 6.059088e-04
3.684495e+01 4.714501e-04 3.941215e-04 4.021443e-04 6.180845e-04
3.689695e+01 4.812420e-04 4.037822e-04 4.066962e-04 6.332477e-04
3.694895e+01 4.936669e-04 4.147676e-04 4.144658e-04 6.517675e-04
3.700095e+01 5.087615e-04 4.274055e-04 4.247072e-04 6.741719e-04
3.705295e+01 5.265910e-04 4.421729e-04 4.366744e-04 7.009257e-04
3.710495e+01 5.471352e-04 4.595160e-04 4.497087e-04 7.321808e-04
3.715695e+01 5.701607e-04 4.796204e-04 4.632700e-04 7.675916e-04
3.720895e+01 5.951278e-04 5.022109e-04 4.769249e-04 8.062476e-04
3.726095e+01 6.211646e-04 5.264582e-04 4.903181e-04 8.467176e-04
3.731295e+01 6.471236e-04 5.510418e-04 5.031507e-04 8.871784e-04
3.736495e+01 6.717151e-04 5.743549e-04 5.151847e-04 9.256057e-04
3.741695e+01 6.936985e-04 5.947867e-04 5.262749e-04 9.600338e-04
3.746895e+01 7.121001e-04 6.109972e-04 5.364152e-04 9.888879e-04
3.752095e+01 7.264146e-04 6.221153e-04 5.457754e-04 1.011353e-03
3.757295e+01 7.367364e-04 6.278364e-04 5.547008e-04 1.027672e-03
3.762495e+01 7.437677e-04 6.284312e-04 5.636519e-04 1.039220e-03
3.767695e+01 7.486685e-04 6.246850e-04 5.730770e-04 1.048243e-03
3.772895e+01 7.527608e-04 6.177761e-04 5.832373e-04 1.057269e-03
3.778095e+01 7.571613e-04 6.090887e-04 5.940339e-04 1.068361e-03
3.783295e+01 7.624657e-04 5.999745e-04 6.049122e-04 1.082511e-03
3.788495e+01 7.686067e-04 5.915087e-04 6.149108e-04 1.099401e-03
3.793695e+01 7.749534e-04 5.843212e-04 6.228780e-04 1.117661e-03
3.798895e+01 7.806173e-04 5.785714e-04 6.278070e-04 1.135473e-03
3.804095e+01 7.848352e-04 5.740771e-04 6.291753e-04 1.151253e-03
3.809295e+01 7.872673e-04 5.705334e-04 6.271495e-04 1.164119e-03
3.814495e+01 7.880814e-04 5.677036e-04 6.225613e-04 1.173979e-03
3.819695e+01 7.877990e-04 5.654860e-04 6.166477e-04 1.181263e-03
3.824895e+01 7.869844e-04 5.638350e-04 6.106517e-04 1.186467e-03
3.830095e+01 7.859204e-04 5.626066e-04 6.054352e-04 1.189719e-03
3.835295e+01 7.844156e-04 5.614434e-04 6.012522e-04 1.190551e-03
3.840495e+01 7.818181e-04 5.597912e-04 5.977542e-04 1.187909e-03
3.845695e+01 7.772201e-04 5.570544e-04 5.941999e-04 1.180406e-03
3.850895e+01 7.697634e-04 5.528163e-04 5.897577e-04 1.166716e-03
3.856095e+01 7.589231e-04 5.470161e-04 5.837719e-04 1.145981e-03
3.861295e+01 7.446718e-04 5.399988e-04 5.759039e-04 1.118113e-03
3.866495e+01 7.274769e-04 5.324208e-04 5.661374e-04 1.083873e-03
3.871695e+01 7.081508e-04 5.250536e-04 5.546969e-04 1.044702e-03
3.876895e+01 6.876185e-04 5.185589e-04 5.419509e-04 1.002346e-03
3.882095e+01 6.666875e-04 5.133019e-04 5.283433e-04 9.584173e-04
3.887295e+01 6.458950e-04 5.092512e-04 5.143571e-04 9.140768e-04
3.892495e+01 6.254723e-04 5.059876e-04 5.004892e-04 8.699401e-04
3.897695e+01 6.054251e-04 5.028238e-04 4.872131e-04 8.262386e-04
3.902895e+01 5.856876e-04 4.990073e-04 4.749306e-04 7.831250e-04
3.908095e+01 5.662806e-04 4.939496e-04 4.639243e-04 7.409679e-04
3.913295e+01 5.474085e-04 4.874051e-04 4.543295e-04 7.004911e-04
3.918495e+01 5.294565e-04 4.795340e-04 4.461319e-04 6.627035e-04
3.923695e+01 5.128941e-04 4.708266e-04 4.391919e-04 6.286638e-04
3.928895e+01 4.981350e-04 4.619249e-04 4.332863e-04 5.991937e-04
3.934095e+01 4.854177e-04 4.534226e-04 4.281658e-04 5.746647e-04
3.939295e+01 4.747583e-04 4.457266e-04 4.236170e-04 5.549313e-04
3.944495e+01 4.659867e-04 4.390250e-04 4.195203e-04 5.394147e-04
3.949695e+01 4.588389e-04 4.333536e-04 4.158868e-04 5.272763e-04
3.954895e+01 4.530576e-04 4.287040e-04 4.128620e-04 5.176067e-04
3.960095e+01 4.484564e-04 4.251092e-04 4.106933e-04 5.095666e-04
3.965295e+01 4.449301e-04 4.226622e-04 4.096659e-04 5.024624e-04
3.970495e+01 4.424183e-04 4.214665e-04 4.100229e-04 4.957654e-04
3.975695e+01 4.408518e-04 4.215617e-04 4.118893e-04 4.891042e-04
3.980895e+01 4.401167e-04 4.228805e-04 4.152228e-04 4.822467e-04
3.986095e+01 4.400576e-04 4.252803e-04 4.198121e-04 4.750805e-04
3.991295e+01 4.405229e-04 4.286506e-04 4.253311e-04 4.675872e-04
3.996495e+01 4.414305e-04 4.330439e-04 4.314338e-04 4.598136e-04
4.001695e+01 4.428174e-04 4.387538e-04 4.378539e-04 4.518445e-04
4.006895e+01 4.448414e-04 4.462774e-04 4.444600e-04 4.437868e-04
4.012095e+01 4.477191e-04 4.561558e-04 4.512351e-04 4.357664e-04
4.017295e+01 4.516187e-04 4.687517e-04 4.581786e-04 4.279259e-04
4.022495e+01 4.565455e-04 4.840572e-04 4.651703e-04 4.204091e-04
4.027695e+01 4.622676e-04 5.016152e-04 4.718597e-04 4.133278e-04
4.032895e+01 4.683141e-04 5.205746e-04 4.776418e-04 4.067257e-04
4.038095e+01 4.740504e-04 5.398386e-04 4.817482e-04 4.005644e-04
4.043295e+01 4.788074e-04 5.582348e-04 4.834349e-04 3.947526e-04
4.048495e+01 4.820232e-04 5.746523e-04 4.822069e-04 3.892102e-04
4.053695e+01 4.833572e-04 5.881360e-04 4.779991e-04 3.839365e-04
4.058895e+01 4.827493e-04 5.979610e-04 4.712468e-04 3.790402e-04
4.064095e+01 4.804147e-04 6.037088e-04 4.628230e-04 3.747122e-04
4.069295e+01 4.767866e-04 6.053373e-04 4.538689e-04 3.711538e-04
4.074495e+01 4.724308e-04 6.032078e-04 4.455827e-04 3.685018e-04
4.079695e+01 4.679546e-04 5.980343e-04 4.390387e-04 3.667909e-04
4.084895e+01 4.639324e-04 5.907472e-04 4.350810e-04 3.659689e-04
4.090095e+01 4.608518e-04 5.823129e-04 4.342955e-04 3.659471e-04
4.095295e+01 4.590841e-04 5.735685e-04 4.370293e-04 3.666546e-04
4.100495e+01 4.588725e-04 5.651309e-04 4.434168e-04 3.680698e-04
4.105695e+01 4.603370e-04 5.574000e-04 4.533836e-04 3.702273e-04
4.110895e+01 4.634939e-04 5.506373e-04 4.666311e-04 3.732134e-04
4.116095e+01 4.682872e-04 5.450742e-04 4.826227e-04 3.771648e-04
4.121295e+01 4.746254e-04 5.409998e-04 5.006047e-04 3.822716e-04
4.126495e+01 4.824156e-04 5.387964e-04 5.196825e-04 3.887680e-04
4.131695e+01 4.915866e-04 5.389170e-04 5.389473e-04 3.968955e-04
4.136895e+01 5.020905e-04 5.418184e-04 5.576238e-04 4.068294e-04
4.142095e+01 5.138801e-04 5.478739e-04 5.751880e-04 4.185786e-04
4.147295e+01 5.268591e-04 5.572845e-04 5.914108e-04 4.318818e-04
4.152495e+01 5.408145e-04 5.700027e-04 6.063059e-04 4.461349e-04
4.157695e+01 5.553557e-04 5.856788e-04 6.200030e-04 4.603853e-04
4.162895e+01 5.698899e-04 6.036434e-04 6.326025e-04 4.734239e-04
4.168095e+01 5.836655e-04 6.229364e-04 6.440795e-04 4.839805e-04
4.173295e+01 5.958853e-04 6.423877e-04 6.542793e-04 4.909890e-04
4.178495e+01 6.058623e-04 6.607357e-04 6.629982e-04 4.938531e-04
4.183695e+01 6.131598e-04 6.767643e-04 6.700965e-04 4.926185e-04
4.188895e+01 6.176639e-04 6.894318e-04 6.755741e-04 4.879858e-04
4.194095e+01 6.195644e-04 6.979822e-04 6.795654e-04 4.811456e-04
4.199295e+01 6.192627e-04 7.020361e-04 6.822605e-04 4.734915e-04
4.204495e+01 6.172583e-04 7.016618e-04 6.838068e-04 4.663063e-04
4.209695e+01 6.140634e-04 6.974116e-04 6.842558e-04 4.605227e-04
4.214895e+01 6.101693e-04 6.902921e-04 6.835943e-04 4.566216e-04
4.220095e+01 6.060517e-04 6.816367e-04 6.818450e-04 4.546736e-04
4.225295e+01 6.021803e-04 6.728771e-04 6.791795e-04 4.544842e-04
4.230495e+01 5.990027e-04 6.652571e-04 6.759780e-04 4.557731e-04
4.235695e+01 5.968949e-04 6.595732e-04 6.727916e-04 4.583198e-04
4.240895e+01 5.960942e-04 6.560345e-04 6.702188e-04 4.620294e-04
4.246095e+01 5.966483e-04 6.543004e-04 6.687465e-04 4.668980e-04
4.251295e+01 5.984049e-04 6.536896e-04 6.686237e-04 4.729014e-04
4.256495e+01 6.010532e-04 6.534847e-04 6.698166e-04 4.798583e-04
4.261695e+01 6.042034e-04 6.532202e-04 6.720528e-04 4.873373e-04
4.266895e+01 6.074770e-04 6.528440e-04 6.749242e-04 4.946627e-04
4.272095e+01 6.105760e-04 6.526954e-04 6.780006e-04 5.010319e-04
4.277295e+01 6.133113e-04 6.533159e-04 6.809153e-04 5.057027e-04
4.282495e+01 6.155886e-04 6.551819e-04 6.834100e-04 5.081738e-04
4.287695e+01 6.173693e-04 6.584798e-04 6.853451e-04 5.082829e-04
4.292895e+01 6.186331e-04 6.630289e-04 6.866884e-04 5.061820e-04
4.298095e+01 6.193623e-04 6.683914e-04 6.874892e-04 5.022063e-04
4.303295e+01 6.195541e-04 6.741252e-04 6.878382e-04 4.966988e-04
4.308495e+01 6.192507e-04 6.800631e-04 6.878177e-04 4.898712e-04
4.313695e+01 6.185679e-04 6.864812e-04 6.874585e-04 4.817640e-04
4.318895e+01 6.177004e-04 6.940522e-04 6.867268e-04 4.723223e-04
4.324095e+01 6.168915e-04 7.035660e-04 6.855574e-04 4.615512e-04
4.329295e+01 6.163701e-04 7.155077e-04 6.839279e-04 4.496748e-04
4.334495e+01 6.162758e-04 7.296639e-04 6.819442e-04 4.372193e-04
4.339695e+01 6.166035e-04 7.449421e-04 6.798942e-04 4.249743e-04
4.344895e+01 6.171966e-04 7.595146e-04 6.782330e-04 4.138421e-04
4.350095e+01 6.177932e-04 7.712562e-04 6.774885e-04 4.046349e-04
4.355295e+01 6.181056e-04 7.783134e-04 6.781062e-04 3.978972e-04
4.360495e+01 6.178911e-04 7.795832e-04 6.802802e-04 3.938098e-04
4.365695e+01 6.169820e-04 7.749286e-04 6.838259e-04 3.921914e-04
4.370895e+01 6.152704e-04 7.650946e-04 6.881445e-04 3.925721e-04
4.376095e+01 6.126709e-04 7.514143e-04 6.922996e-04 3.942987e-04
4.381295e+01 6.090977e-04 7.354633e-04 6.951893e-04 3.966406e-04
4.386495e+01 6.044802e-04 7.187875e-04 6.957647e-04 3.988885e-04
4.391695e+01 5.988103e-04 7.027501e-04 6.932341e-04 4.004467e-04
4.396895e+01 5.921971e-04 6.884656e-04 6.872047e-04 4.009209e-04
4.402095e+01 5.848997e-04 6.767634e-04 6.777514e-04 4.001844e-04
4.407295e+01 5.773222e-04 6.681434e-04 6.654234e-04 3.983999e-04
4.412495e+01 5.699750e-04 6.627345e-04 6.512082e-04 3.959824e-04
4.417695e+01 5.634222e-04 6.602979e-04 6.364570e-04 3.935115e-04
4.422895e+01 5.582319e-04 6.603180e-04 6.227562e-04 3.916214e-04
4.428095e+01 5.549416e-04 6.621873e-04 6.117337e-04 3.909038e-04
4.433295e+01 5.540317e-04 6.654344e-04 6.048165e-04 3.918442e-04
4.438495e+01 5.558936e-04 6.698983e-04 6.029920e-04 3.947904e-04
4.443695e+01 5.607775e-04 6.757474e-04 6.066456e-04 3.999396e-04
4.448895e+01 5.687178e-04 6.832962e-04 6.155314e-04 4.073260e-04
4.454095e+01 5.794542e-04 6.926753e-04 6.288817e-04 4.168056e-04
4.459295e+01 5.923838e-04 7.034992e-04 6.456059e-04 4.280462e-04
4.464495e+01 6.065797e-04 7.147070e-04 6.644969e-04 4.405353e-04
4.469695e+01 6.208914e-04 7.246857e-04 6.843727e-04 4.536158e-04
4.474895e+01 6.341149e-04 7.316589e-04 7.041333e-04 4.665523e-04
4.480095e+01 6.451935e-04 7.341968e-04 7.227674e-04 4.786163e-04
4.485295e+01 6.533965e-04 7.316446e-04 7.393683e-04 4.891766e-04
4.490495e+01 6.584294e-04 7.243103e-04 7.531994e-04 4.977785e-04
4.495695e+01 6.604487e-04 7.133552e-04 7.637956e-04 5.041953e-04
4.500895e+01 6.599791e-04 7.004559e-04 7.710415e-04 5.084399e-04
4.506095e+01 6.577577e-04 6.873772e-04 7.751638e-04 5.107322e-04
4.511295e+01 6.545467e-04 6.756012e-04 7.766160e-04 5.114230e-04
4.516495e+01 6.509666e-04 6.661079e-04 7.758995e-04 5.108925e-04
4.521695e+01 6.473910e-04 6.593278e-04 7.733999e-04 5.094453e-04
4.526895e+01 6.439258e-04 6.552277e-04 7.693181e-04 5.072315e-04
4.532095e+01 6.404669e-04 6.534656e-04 7.637203e-04 5.042147e-04
4.537295e+01 6.368073e-04 6.535506e-04 7.566798e-04 5.001915e-04
4.542495e+01 6.327546e-04 6.549701e-04 7.484400e-04 4.948537e-04
4.547695e+01 6.282234e-04 6.572664e-04 7.395244e-04 4.878794e-04
4.552895e+01 6.232824e-04 6.600677e-04 7.307446e-04 4.790349e-04
4.558095e+01 6.181517e-04 6.630879e-04 7.230917e-04 4.682753e-04
4.563295e+01 6.131602e-04 6.661173e-04 7.175376e-04 4.558257e-04
4.568495e+01 6.086800e-04 6.690198e-04 7.148020e-04 4.422181e-04
4.573695e+01 6.050527e-04 6.717424e-04 7.151589e-04 4.282568e-04
4.578895e+01 6.025191e-04 6.743212e-04 7.183408e-04 4.148953e-04
4.584095e+01 6.011584e-04 6.768601e-04 7.235739e-04 4.030411e-04
4.589295e+01 6.008435e-04 6.794647e-04 7.297320e-04 3.933338e-04
4.594495e+01 6.012247e-04 6.821403e-04 7.355647e-04 3.859692e-04
4.599695e+01 6.017587e-04 6.846965e-04 7.399435e-04 3.806361e-04
4.604895e+01 6.017945e-04 6.867123e-04 7.420720e-04 3.765992e-04
4.610095e+01 6.007083e-04 6.875948e-04 7.416175e-04 3.729126e-04
4.615295e+01 5.980504e-04 6.867209e-04 7.387321e-04 3.686981e-04
4.620495e+01 5.936499e-04 6.836016e-04 7.339495e-04 3.633985e-04
4.625695e+01 5.876307e-04 6.779973e-04 7.279729e-04 3.569221e-04
4.630895e+01 5.803280e-04 6.699372e-04 7.214130e-04 3.496338e-04
4.636095e+01 5.721427e-04 6.596563e-04 7.145679e-04 3.422038e-04
4.641295e+01 5.634044e-04 6.475031e-04 7.073351e-04 3.353749e-04
4.646495e+01 5.543050e-04 6.338804e-04 6.992985e-04 3.297359e-04
4.651695e+01 5.449261e-04 6.192448e-04 6.899558e-04 3.255775e-04
4.656895e+01 5.353335e-04 6.041401e-04 6.789915e-04 3.228689e-04
4.662095e+01 5.256815e-04 5.892193e-04 6.664824e-04 3.213427e-04
4.667295e+01 5.162715e-04 5.752214e-04 6.529596e-04 3.206335e-04
4.672495e+01 5.075428e-04 5.629079e-04 6.393173e-04 3.204031e-04
4.677695e+01 5.000045e-04 5.529924e-04 6.266178e-04 3.204035e-04
4.682895e+01 4.941428e-04 5.460926e-04 6.158685e-04 3.204673e-04
4.688095e+01 4.903350e-04 5.427088e-04 6.078391e-04 3.204571e-04
4.693295e+01 4.887911e-04 5.432008e-04 6.029531e-04 3.202193e-04
4.698495e+01 4.895244e-04 5.477334e-04 6.012589e-04 3.195808e-04
4.703695e+01 4.923449e-04 5.561832e-04 6.024607e-04 3.183908e-04
4.708895e+01 4.968653e-04 5.680297e-04 6.059861e-04 3.165800e-04
4.714095e+01 5.025162e-04 5.822847e-04 6.110688e-04 3.141951e-04
4.719295e+01 5.085757e-04 5.975140e-04 6.168332e-04 3.113797e-04
4.724495e+01 5.142213e-04 6.119881e-04 6.223705e-04 3.083054e-04
4.729695e+01 5.186156e-04 6.239590e-04 6.268045e-04 3.050833e-04
4.734895e+01 5.210223e-04 6.320132e-04 6.293511e-04 3.017026e-04
4.740095e+01 5.209372e-04 6.354047e-04 6.293814e-04 2.980256e-04
4.745295e+01 5.181967e-04 6.342524e-04 6.264957e-04 2.938420e-04
4.750495e+01 5.130255e-04 6.295107e-04 6.206073e-04 2.889585e-04
4.755695e+01 5.059967e-04 6.226929e-04 6.120128e-04 2.832845e-04
4.760895e+01 4.979074e-04 6.154260e-04 6.014147e-04 2.768815e-04
4.766095e+01 4.896014e-04 6.089863e-04 5.898537e-04 2.699642e-04
4.771295e+01 4.817907e-04 6.039825e-04 5.785343e-04 2.628555e-04
4.776495e+01 4.749229e-04 6.002930e-04 5.685640e-04 2.559117e-04
4.781695e+01 4.691227e-04 5.972582e-04 5.606723e-04 2.494375e-04
4.786895e+01 4.642153e-04 5.940313e-04 5.550038e-04 2.436109e-04
4.792095e+01 4.598170e-04 5.899376e-04 5.510705e-04 2.384429e-04
4.797295e+01 4.554670e-04 5.847114e-04 5.479005e-04 2.337889e-04
4.802495e+01 4.507685e-04 5.785418e-04 5.443479e-04 2.294159e-04
4.807695e+01 4.455049e-04 5.719455e-04 5.394612e-04 2.251080e-04
4.812895e+01 4.396985e-04 5.655452e-04 5.327788e-04 2.207716e-04
4.818095e+01 4.335973e-04 5.598555e-04 5.244417e-04 2.164947e-04
4.823295e+01 4.275952e-04 5.551598e-04 5.150897e-04 2.125361e-04
4.828495e+01 4.221168e-04 5.515089e-04 5.055936e-04 2.092479e-04
4.833695e+01 4.175091e-04 5.488168e-04 4.967430e-04 2.069675e-04
4.838895e+01 4.139766e-04 5.469843e-04 4.890183e-04 2.059273e-04
4.844095e+01 4.115747e-04 5.459782e-04 4.825292e-04 2.062167e-04
4.849295e+01 4.102502e-04 5.458267e-04 4.771205e-04 2.078035e-04
4.854495e+01 4.099044e-04 5.465465e-04 4.725748e-04 2.105918e-04
4.859695e+01 4.104486e-04 5.480588e-04 4.688096e-04 2.144774e-04
4.864895e+01 4.118375e-04 5.501577e-04 4.659795e-04 2.193754e-04
4.870095e+01 4.140731e-04 5.525616e-04 4.644474e-04 2.252102e-04
4.875295e+01 4.171846e-04 5.550226e-04 4.646484e-04 2.318828e-04
4.880495e+01 4.211981e-04 5.574377e-04 4.669156e-04 2.392409e-04
4.885695e+01 4.261080e-04 5.599023e-04 4.713491e-04 2.470725e-04
4.890895e+01 4.318663e-04 5.626786e-04 4.777876e-04 2.551326e-04
4.896095e+01 4.383943e-04 5.660981e-04 4.858885e-04 2.631963e-04
4.901295e+01 4.456137e-04 5.704439e-04 4.952739e-04 2.711232e-04
4.906495e+01 4.534813e-04 5.758655e-04 5.056690e-04 2.789093e-04
4.911695e+01 4.620086e-04 5.823507e-04 5.169684e-04 2.867067e-04
4.916895e+01 4.712519e-04 5.897534e-04 5.292021e-04 2.948003e-04
4.922095e+01 4.812700e-04 5.978459e-04 5.424232e-04 3.035408e-04
4.927295e+01 4.920582e-04 6.063588e-04 5.565679e-04 3.132479e-04
4.932495e+01 5.034817e-04 6.149877e-04 5.713488e-04 3.241084e-04
4.937695e+01 5.152302e-04 6.233701e-04 5.862223e-04 3.360983e-04
4.942895e+01 5.268212e-04 6.310615e-04 6.004457e-04 3.489564e-04
4.948095e+01 5.376610e-04 6.375486e-04 6.132125e-04 3.622220e-04
4.953295e+01 5.471608e-04 6.423248e-04 6.238268e-04 3.753309e-04
4.958495e+01 5.548749e-04 6.450217e-04 6.318633e-04 3.877396e-04
4.963695e+01 5.606183e-04 6.455605e-04 6.372568e-04 3.990374e-04
4.968895e+01 5.645177e-04 6.442557e-04 6.402863e-04 4.090111e-04
4.974095e+01 5.669712e-04 6.418122e-04 6.414563e-04 4.176453e-04
4.979295e+01 5.685260e-04 6.391827e-04 6.413221e-04 4.250733e-04
4.984495e+01 5.697150e-04 6.373097e-04 6.403277e-04 4.315076e-04
4.989695e+01 5.709101e-04 6.368309e-04 6.387164e-04 4.371828e-04
4.994895e+01 5.722383e-04 6.378540e-04 6.365314e-04 4.423296e-04
5.000095e+01 5.735812e-04 6.398929e-04 6.336793e-04 4.471715e-04
5.005295e+01 5.746405e-04 6.419929e-04 6.300059e-04 4.519228e-04
5.010495e+01 5.750352e-04 6.429965e-04 6.253434e-04 4.567658e-04
5.015695e+01 5.743919e-04 6.418474e-04 6.195280e-04 4.618003e-04
5.020895e+01 5.724096e-04 6.378256e-04 6.124156e-04 4.669875e-04
5.026095e+01 5.688989e-04 6.306504e-04 6.039230e-04 4.721232e-04
5.031295e+01 5.638098e-04 6.204568e-04 5.940976e-04 4.768751e-04
5.036495e+01 5.572541e-04 6.076922e-04 5.831799e-04 4.808903e-04
5.041695e+01 5.495167e-04 5.929949e-04 5.716140e-04 4.839413e-04
5.046895e+01 5.410412e-04 5.770910e-04 5.599833e-04 4.860491e-04
5.052095e+01 5.323776e-04 5.607229e-04 5.488905e-04 4.875193e-04
5.057295e+01 5.240987e-04 5.446006e-04 5.388340e-04 4.888615e-04
5.062495e+01 5.167061e-04 5.293714e-04 5.301329e-04 4.906139e-04
5.067695e+01 5.105558e-04 5.156020e-04 5.229212e-04 4.931443e-04
5.072895e+01 5.058235e-04 5.037678e-04 5.171914e-04 4.965114e-04
5.078095e+01 5.025103e-04 4.942363e-04 5.128460e-04 5.004487e-04
5.083295e+01 5.004773e-04 4.872346e-04 5.097225e-04 5.044747e-04
5.088495e+01 4.994874e-04 4.827982e-04 5.075872e-04 5.080768e-04
5.093695e+01 4.992417e-04 4.807170e-04 5.061195e-04 5.108885e-04
5.098895e+01 4.994040e-04 4.805075e-04 5.049194e-04 5.127851e-04
5.104095e+01 4.996202e-04 4.814383e-04 5.035507e-04 5.138716e-04
5.109295e+01 4.995391e-04 4.826194e-04 5.016095e-04 5.143885e-04
5.114495e+01 4.988437e-04 4.831441e-04 4.987880e-04 5.145988e-04
5.119695e+01 4.972903e-04 4.822492e-04 4.949064e-04 5.147153e-04
5.124895e+01 4.947488e-04 4.794519e-04 4.899032e-04 5.148914e-04
5.130095e+01 4.912281e-04 4.746281e-04 4.838005e-04 5.152557e-04
5.135295e+01 4.868729e-04 4.680113e-04 4.766665e-04 5.159408e-04
5.140495e+01 4.819290e-04 4.601163e-04 4.685980e-04 5.170726e-04
5.145695e+01 4.766844e-04 4.516094e-04 4.597271e-04 5.187168e-04
5.150895e+01 4.714087e-04 4.431617e-04 4.502454e-04 5.208189e-04
5.156095e+01 4.663094e-04 4.353217e-04 4.404273e-04 5.231792e-04
5.161295e+01 4.615177e-04 4.284334e-04 4.306332e-04 5.254864e-04
5.166495e+01 4.570956e-04 4.226094e-04 4.212812e-04 5.273961e-04
5.171695e+01 4.530503e-04 4.177532e-04 4.127842e-04 5.286134e-04
5.176895e+01 4.493414e-04 4.136145e-04 4.054711e-04 5.289385e-04
5.182095e+01 4.458797e-04 4.098591e-04 3.995220e-04 5.282582e-04
5.187295e+01 4.425280e-04 4.061362e-04 3.949481e-04 5.264996e-04
5.192495e+01 4.391166e-04 4.021354e-04 3.916292e-04 5.235852e-04
5.197695e+01 4.354811e-04 3.976262e-04 3.893906e-04 5.194264e-04
5.202895e+01 4.315115e-04 3.924855e-04 3.880788e-04 5.139701e-04
5.208095e+01 4.271963e-04 3.867169e-04 3.875964e-04 5.072756e-04
5.213295e+01 4.226402e-04 3.804623e-04 3.878778e-04 4.995805e-04
5.218495e+01 4.180480e-04 3.740024e-04 3.888274e-04 4.913143e-04
5.223695e+01 4.136781e-04 3.677313e-04 3.902570e-04 4.830460e-04
5.228895e+01 4.097830e-04 3.620998e-04 3.918662e-04 4.753829e-04
5.234095e+01 4.065555e-04 3.575321e-04 3.932764e-04 4.688580e-04
5.239295e+01 4.040952e-04 3.543352e-04 3.941093e-04 4.638411e-04
5.244495e+01 4.024018e-04 3.526321e-04 3.940794e-04 4.604939e-04
5.249695e+01 4.013918e-04 3.523379e-04 3.930695e-04 4.587679e-04
5.254895e+01 4.009312e-04 3.531847e-04 3.911725e-04 4.584365e-04
5.260095e+01 4.008706e-04 3.547806e-04 3.886848e-04 4.591464e-04
5.265295e+01 4.010699e-04 3.566808e-04 3.860495e-04 4.604793e-04
5.270495e+01 4.014061e-04 3.584537e-04 3.837545e-04 4.620101e-04
5.275695e+01 4.017624e-04 3.597302e-04 3.822009e-04 4.633562e-04
5.280895e+01 4.020075e-04 3.602360e-04 3.815769e-04 4.642096e-04
5.286095e+01 4.019814e-04 3.598109e-04 3.817780e-04 4.643553e-04
5.291295e+01 4.015025e-04 3.584187e-04 3.824082e-04 4.636806e-04
5.296495e+01 4.004019e-04 3.561470e-04 3.828735e-04 4.621851e-04
5.301695e+01 3.985775e-04 3.531950e-04 3.825464e-04 4.599910e-04
5.306895e+01 3.960460e-04 3.498413e-04 3.809508e-04 4.573460e-04
5.312095e+01 3.929671e-04 3.463899e-04 3.779065e-04 4.546048e-04
5.317295e+01 3.896193e-04 3.430973e-04 3.735838e-04 4.521769e-04
5.322495e+01 3.863317e-04 3.400983e-04 3.684502e-04 4.504465e-04
5.327695e+01 3.833887e-04 3.373509e-04 3.631317e-04 4.496835e-04
5.332895e+01 3.809485e-04 3.346278e-04 3.582387e-04 4.499790e-04
5.338095e+01 3.790027e-04 3.315649e-04 3.542141e-04 4.512291e-04
5.343295e+01 3.773940e-04 3.277620e-04 3.512435e-04 4.531765e-04
5.348495e+01 3.758805e-04 3.229078e-04 3.492422e-04 4.554915e-04
5.353695e+01 3.742176e-04 3.168854e-04 3.479049e-04 4.578626e-04
5.358895e+01 3.722253e-04 3.098169e-04 3.467965e-04 4.600625e-04
5.364095e+01 3.698184e-04 3.020268e-04 3.454596e-04 4.619687e-04
5.369295e+01 3.669965e-04 2.939348e-04 3.435167e-04 4.635379e-04
5.374495e+01 3.638069e-04 2.859209e-04 3.407471e-04 4.647526e-04
5.379695e+01 3.603025e-04 2.782149e-04 3.371201e-04 4.655726e-04
5.384895e+01 3.565154e-04 2.708542e-04 3.327733e-04 4.659187e-04
5.390095e+01 3.524565e-04 2.637187e-04 3.279474e-04 4.657034e-04
5.395295e+01 3.481396e-04 2.566245e-04 3.229025e-04 4.648919e-04
5.400495e+01 3.436154e-04 2.494340e-04 3.178529e-04 4.635594e-04
5.405695e+01 3.389942e-04 2.421372e-04 3.129414e-04 4.619041e-04
5.410895e+01 3.344421e-04 2.348791e-04 3.082525e-04 4.601946e-04
5.416095e+01 3.301443e-04 2.279262e-04 3.038443e-04 4.586623e-04
5.421295e+01 3.262484e-04 2.215936e-04 2.997714e-04 4.573801e-04
5.426495e+01 3.228099e-04 2.161612e-04 2.960877e-04 4.561808e-04
5.431695e+01 3.197663e-04 2.118094e-04 2.928320e-04 4.546576e-04
5.436895e+01 3.169528e-04 2.085912e-04 2.900110e-04 4.522563e-04
5.442095e+01 3.141578e-04 2.064412e-04 2.875970e-04 4.484351e-04
5.447295e+01 3.111961e-04 2.052118e-04 2.855395e-04 4.428371e-04
5.452495e+01 3.079727e-04 2.047178e-04 2.837820e-04 4.354183e-04
5.457695e+01 3.045103e-04 2.047745e-04 2.822686e-04 4.264878e-04
5.462895e+01 3.009333e-04 2.052202e-04 2.809313e-04 4.166484e-04
5.468095e+01 2.974150e-04 2.059192e-04 2.796649e-04 4.066608e-04
5.473295e+01 2.941117e-04 2.067520e-04 2.783076e-04 3.972754e-04
5.478495e+01 2.911096e-04 2.076029e-04 2.766463e-04 3.890796e-04
5.483695e+01 2.884022e-04 2.083539e-04 2.744546e-04 3.823982e-04
5.488895e+01 2.859034e-04 2.088932e-04 2.715558e-04 3.772610e-04
5.494095e+01 2.834837e-04 2.091342e-04 2.678861e-04 3.734309e-04
5.499295e+01 2.810141e-04 2.090374e-04 2.635338e-04 3.704713e-04
5.504495e+01 2.783963e-04 2.086233e-04 2.587376e-04 3.678280e-04
5.509695e+01 2.755714e-04 2.079664e-04 2.538412e-04 3.649066e-04
5.514895e+01 2.725075e-04 2.071700e-04 2.492149e-04 3.611376e-04
5.520095e+01 2.691745e-04 2.063261e-04 2.451649e-04 3.560326e-04
5.525295e+01 2.655220e-04 2.054762e-04 2.418545e-04 3.492352e-04
5.530495e+01 2.614692e-04 2.045853e-04 2.392577e-04 3.405646e-04
5.535695e+01 2.569138e-04 2.035418e-04 2.371573e-04 3.300421e-04
5.540895e+01 2.517533e-04 2.021842e-04 2.351910e-04 3.178848e-04
5.546095e+01 2.459105e-04 2.003465e-04 2.329280e-04 3.044569e-04
5.551295e+01 2.393507e-04 1.979062e-04 2.299560e-04 2.901899e-04
5.556495e+01 2.320874e-04 1.948150e-04 2.259513e-04 2.754959e-04
5.561695e+01 2.241760e-04 1.911038e-04 2.207187e-04 2.607056e-04
5.566895e+01 2.157030e-04 1.868595e-04 2.141985e-04 2.460512e-04
5.572095e+01 2.067767e-04 1.821888e-04 2.064509e-04 2.316903e-04
5.577295e+01 1.975208e-04 1.771826e-04 1.976320e-04 2.177480e-04
5.582495e+01 1.880700e-04 1.718942e-04 1.879682e-04 2.043475e-04
5.587695e+01 1.785606e-04 1.663358e-04 1.777320e-04 1.916140e-04
5.592895e+01 1.691184e-04 1.604891e-04 1.672137e-04 1.796523e-04
5.598095e+01 1.598437e-04 1.543228e-04 1.566913e-04 1.685171e-04
5.603295e+01 1.508027e-04 1.478123e-04 1.464012e-04 1.581947e-04
5.608495e+01 1.420292e-04 1.409580e-04 1.365193e-04 1.486102e-04
5.613695e+01 1.335377e-04 1.338020e-04 1.271559e-04 1.396553e-04
5.618895e+01 1.253438e-04 1.264366e-04 1.183671e-04 1.312276e-04
5.624095e+01 1.174810e-04 1.190034e-04 1.101741e-04 1.232653e-04
5.629295e+01 1.100101e-04 1.116765e-04 1.025852e-04 1.157688e-04
5.634495e+01 1.030161e-04 1.046330e-04 9.561013e-05 1.088052e-04
5.639695e+01 9.659400e-05 9.801754e-05 8.926640e-05 1.024981e-04
5.644895e+01 9.082860e-05 9.191054e-05 8.357394e-05 9.700133e-05
5.650095e+01 8.577039e-05 8.630981e-05 7.854086e-05 9.246049e-05
5.655295e+01 8.140923e-05 8.112794e-05 7.414145e-05 8.895831e-05
5.660495e+01 7.764892e-05 7.620440e-05 7.029069e-05 8.645167e-05
5.665695e+01 7.428899e-05 7.132905e-05 6.682351e-05 8.471441e-05
5.670895e+01 7.102582e-05 6.627488e-05 6.349055e-05 8.331203e-05
5.676095e+01 6.748561e-05 6.083919e-05 5.998213e-05 8.163553e-05
5.681295e+01 6.329372e-05 5.488950e-05 5.598452e-05 7.900713e-05
5.686495e+01 5.816844e-05 4.840536e-05 5.125836e-05 7.484159e-05
5.691695e+01 5.201097e-05 4.150197e-05 4.571504e-05 6.881589e-05
5.696895e+01 4.495601e-05 3.442285e-05 3.946075e-05 6.098442e-05
5.702095e+01 3.735811e-05 2.749759e-05 3.278668e-05 5.179007e-05
5.707295e+01 2.971294e-05 2.107426e-05 2.610415e-05 4.196042e-05
5.712495e+01 2.253927e-05 1.544686e-05 1.984609e-05 3.232486e-05
5.717695e+01 1.626274e-05 1.080051e-05 1.436932e-05 2.361840e-05
5.722895e+01 1.113860e-05 7.189396e-06 9.888785e-06 1.633761e-05
5.728095e+01 7.231253e-06 4.549077e-06 6.459435e-06 1.068525e-05
5.733295e+01 4.445291e-06 2.733120e-06 4.001165e-06 6.601588e-06
5.738495e+01 2.585843e-06 1.558030e-06 2.348907e-06 3.850592e-06
5.743695e+01 1.422833e-06 8.423301e-07 1.306448e-06 2.119721e-06
5.748895e+01 7.404333e-07 4.318108e-07 6.883379e-07 1.101151e-06
5.754095e+01 3.644192e-07 2.098981e-07 3.435413e-07 5.398182e-07
5.759295e+01 1.696498e-07 9.675779e-08 1.624152e-07 2.497765e-07
5.764495e+01 7.471806e-08 4.230758e-08 7.273476e-08 1.091118e-07
5.769695e+01 3.113930e-08 1.755107e-08 3.085281e-08 4.501402e-08
5.774895e+01 1.228239e-08 6.909062e-09 1.239402e-08 1.754409e-08
5.780095e+01 4.585587e-09 2.581018e-09 4.713748e-09 6.461995e-09
5.785295e+01 1.620483e-09 9.148954e-10 1.696564e-09 2.249991e-09
5.790495e+01 5.419582e-10 3.076339e-10 5.775319e-10 7.407086e-10
5.795695e+01 1.714755e-10 9.805427e-11 1.858116e-10 2.305608e-10
5.800895e+01 5.129567e-11 2.960021e-11 5.644543e-11 6.784137e-11
5.806095e+01 1.448051e-11 8.434535e-12 1.616146e-11 1.884552e-11
5.811295e+01 3.822684e-12 2.252902e-12 4.333633e-12 4.881518e-12
5.816495e+01 9.219845e-13 5.523227e-13 1.065352e-12 1.148279e-12
5.821695e+01 1.924178e-13 1.199346e-13 2.341911e-13 2.231278e-13
5.826895e+01 4.000895e-14 2.560347e-14 5.010762e-14 4.431577e-14
5.832095e+01 7.890062e-15 4.905223e-15 1.004492e-14 8.720044e-15
5.837295e+01 0.000000e+00 0.000000e+00 0.000000e+00 0.000000e+00
5.842495e+01 0.000000e+00 0.000000e+00 0.000000e+00 0.000000e+00
5.847695e+01 0.000000e+00 0.000000e+00 0.000000e+00 0.000000e+00
5.852895e+01 0.000000e+00 0.000000e+00 0.000000e+00 0.000000e+00
5.858095e+01 0.000000e+00 0.000000e+00 0.000000e+00 0.000000e+00
5.863295e+01 0.000000e+00 0.000000e+00 0.000000e+00 0.000000e+00
5.868495e+01 0.000000e+00 0.000000e+00 0.000000e+00 0.000000e+00
5.873695e+01 0.000000e+00 0.000000e+00 0.000000e+00 0.000000e+00
5.878895e+01 0.000000e+00 0.000000e+00 0.000000e+00 0.000000e+00
5.884095e+01 0.000000e+00 0.000000e+00 0.000000e+00 0.000000e+00
5.889295e+01 0.000000e+00 0.000000e+00 0.000000e+00 0.000000e+00
