4.074126e+00 0.000000e+00 0.000000e+00 0.000000e+00 0.000000e+00
4.126126e+00 0.000000e+00 0.000000e+00 0.000000e+00 0.000000e+00
4.178126e+00 0.000000e+00 0.000000e+00 0.000000e+00 0.000000e+00
4.230126e+00 0.000000e+00 0.000000e+00 0.000000e+00 0.000000e+00
4.282126e+00 0.000000e+00 0.000000e+00 0.000000e+00 0.000000e+00
4.334126e+00 0.000000e+00 0.000000e+00 0.000000e+00 0.000000e+00
4.386126e+00 0.000000e+00 0.000000e+00 0.000000e+00 0.000000e+00
4.438126e+00 0.000000e+00 0.000000e+00 0.000000e+00 0.000000e+00
4.490126e+00 0.000000e+00 0.000000e+00 0.000000e+00 0.000000e+00
4.542126e+00 0.000000e+00 0.000000e+00 0.000000e+00 0.000000e+00
4.594126e+00 0.000000e+00 0.000000e+00 0.000000e+00 0.000000e+00
4.646126e+00 0.000000e+00 0.000000e+00 0.000000e+00 0.000000e+00
4.698126e+00 0.000000e+00 0.000000e+00 0.000000e+00 0.000000e+00
4.750126e+00 0.000000e+00 0.000000e+00 0.000000e+00 0.000000e+00
4.802126e+00 0.000000e+00 0.000000e+00 0.000000e+00 0.000000e+00
4.854126e+00 0.000000e+00 0.000000e+00 0.000000e+00 0.000000e+00
4.906126e+00 0.000000e+00 0.000000e+00 0.000000e+00 0.000000e+00
4.958126e+00 0.000000e+00 0.000000e+00 0.000000e+00 0.000000e+00
5.010126e+00 0.000000e+00 0.000000e+00 0.000000e+00 0.000000e+00
5.062126e+00 0.000000e+00 0.000000e+00 0.000000e+00 0.000000e+00
5.114126e+00 0.000000e+00 0.000000e+00 0.000000e+00 0.000000e+00
5.166126e+00 0.000000e+00 0.000000e+00 0.000000e+00 0.000000e+00
5.218126e+00 0.000000e+00 0.000000e+00 0.000000e+00 0.000000e+00
5.270126e+00 0.000000e+00 0.000000e+00 0.000000e+00 0.000000e+00
5.322126e+00 0.000000e+00 0.000000e+00 0.000000e+00 0.000000e+00
5.374126e+00 0.000000e+00 0.000000e+00 0.000000e+00 0.000000e+00
5.426126e+00 0.000000e+00 0.000000e+00 0.000000e+00 0.000000e+00
5.478126e+00 0.000000e+00 0.000000e+00 0.000000e+00 0.000000e+00
5.530126e+00 0.000000e+00 0.000000e+00 0.000000e+00 0.000000e+00
5.582126e+00 0.000000e+00 0.000000e+00 0.000000e+00 0.000000e+00
5.634126e+00 0.000000e+00 0.000000e+00 0.000000e+00 0.000000e+00
5.686126e+00 0.000000e+00 0.000000e+00 0.000000e+00 0.000000e+00
5.738126e+00 0.000000e+00 0.000000e+00 0.000000e+00 0.000000e+00
5.790126e+00 0.000000e+00 0.000000e+00 0.000000e+00 0.000000e+00
5.842126e+00 0.000000e+00 0.000000e+00 0.000000e+00 0.000000e+00
5.894126e+00 0.000000e+00 0.000000e+00 0.000000e+00 0.000000e+00
5.946126e+00 0.000000e+00 0.000000e+00 0.000000e+00 0.000000e+00
5.998126e+00 0.000000e+00 0.000000e+00 0.000000e+00 0.000000e+00
6.050126e+00 0.000000e+00 0.000000e+00 0.000000e+00 0.000000e+00
6.102126e+00 0.000000e+00 0.000000e+00 0.000000e+00 0.000000e+00
6.154126e+00 0.000000e+00 0.000000e+00 0.000000e+00 0.000000e+00
6.206126e+00 0.000000e+00 0.000000e+00 0.000000e+00 0.000000e+00
6.258126e+00 0.000000e+00 0.000000e+00 0.000000e+00 0.000000e+00
6.310126e+00 0.000000e+00 0.000000e+00 0.000000e+00 0.000000e+00
6.362126e+00 0.000000e+00 0.000000e+00 0.000000e+00 0.000000e+00
6.414126e+00 0.000000e+00 0.000000e+00 0.000000e+00 0.000000e+00
6.466126e+00 0.000000e+00 0.000000e+00 0.000000e+00 0.000000e+00
6.518126e+00 0.000000e+00 0.000000e+00 0.000000e+00 0.000000e+00
6.570126e+00 0.000000e+00 0.000000e+00 0.000000e+00 0.000000e+00
6.622126e+00 0.000000e+00 0.000000e+00 0.000000e+00 0.000000e+00
6.674126e+00 0.000000e+00 0.000000e+00 0.000000e+00 0.000000e+00
6.726126e+00 0.000000e+00 0.000000e+00 0.000000e+00 0.000000e+00
6.778126e+00 0.000000e+00 0.000000e+00 0.000000e+00 0.000000e+00
6.830126e+00 0.000000e+00 0.000000e+00 0.000000e+00 0.000000e+00
6.882126e+00 0.000000e+00 0.000000e+00 0.000000e+00 0.000000e+00
6.934126e+00 0.000000e+00 0.000000e+00 0.000000e+00 0.000000e+00
6.986126e+00 0.000000e+00 0.000000e+00 0.000000e+00 0.000000e+00
7.038126e+00 0.000000e+00 0.000000e+00 0.000000e+00 0.000000e+00
7.090126e+00 0.000000e+00 0.000000e+00 0.000000e+00 0.000000e+00
7.142126e+00 0.000000e+00 0.000000e+00 0.000000e+00 0.000000e+00
7.194126e+00 0.000000e+00 0.000000e+00 0.000000e+00 0.000000e+00
7.246126e+00 0.000000e+00 0.000000e+00 0.000000e+00 0.000000e+00
7.298126e+00 0.000000e+00 0.000000e+00 0.000000e+00 0.000000e+00
7.350126e+00 0.000000e+00 0.000000e+00 0.000000e+00 0.000000e+00
7.402126e+00 0.000000e+00 0.000000e+00 0.000000e+00 0.000000e+00
7.454126e+00 0.000000e+00 0.000000e+00 0.000000e+00 0.000000e+00
7.506126e+00 0.000000e+00 0.000000e+00 0.000000e+00 0.000000e+00
7.558126e+00 0.000000e+00 0.000000e+00 0.000000e+00 0.000000e+00
7.610126e+00 0.000000e+00 0.000000e+00 0.000000e+00 0.000000e+00
7.662126e+00 0.000000e+00 0.000000e+00 0.000000e+00 0.000000e+00
7.714126e+00 0.000000e+00 0.000000e+00 0.000000e+00 0.000000e+00
7.766126e+00 0.000000e+00 0.000000e+00 0.000000e+00 0.000000e+00
7.818126e+00 0.000000e+00 0.000000e+00 0.000000e+00 0.000000e+00
7.870126e+00 0.000000e+00 0.000000e+00 0.000000e+00 0.000000e+00
7.922126e+00 1.542930e-14 1.781771e-14 1.079637e-14 1.767381e-14
7.974126e+00 1.574357e-13 1.811264e-13 1.134597e-13 1.777211e-13
8.026126e+00 8.211211e-13 9.382783e-13 5.908985e-13 9.341864e-13
8.078126e+00 3.755768e-12 4.315240e-12 2.745525e-12 4.206540e-12
8.130126e+00 1.589126e-11 1.825137e-11 1.166117e-11 1.776123e-11
8.182126e+00 6.156934e-11 7.069705e-11 4.527776e-11 6.873321e-11
8.234126e+00 2.223943e-10 2.553192e-10 1.639209e-10 2.479426e-10
8.286126e+00 7.524351e-10 8.636831e-10 5.557661e-10 8.378562e-10
8.338126e+00 2.396065e-09 2.749884e-09 1.773432e-09 2.664879e-09
8.390126e+00 7.179577e-09 8.238492e-09 5.324515e-09 7.975725e-09
8.442126e+00 2.026641e-08 2.325213e-08 1.505853e-08 2.248855e-08
8.494126e+00 5.392991e-08 6.186685e-08 4.014299e-08 5.977990e-08
8.546126e+00 1.353837e-07 1.552898e-07 1.009391e-07 1.499222e-07
8.598126e+00 3.208635e-07 3.680035e-07 2.395828e-07 3.550043e-07
8.650126e+00 7.185332e-07 8.240271e-07 5.372083e-07 7.943643e-07
8.702126e+00 1.521656e-06 1.744951e-06 1.138889e-06 1.681128e-06
8.754126e+00 3.050046e-06 3.497481e-06 2.284754e-06 3.367902e-06
8.806126e+00 5.791480e-06 6.640976e-06 4.340924e-06 6.392540e-06
8.858126e+00 1.042608e-05 1.195553e-05 7.817327e-06 1.150539e-05
8.910126e+00 1.780838e-05 2.042161e-05 1.335326e-05 1.965028e-05
8.962126e+00 2.887859e-05 3.311863e-05 2.164933e-05 3.186781e-05
9.014126e+00 4.448295e-05 5.101923e-05 3.333109e-05 4.909852e-05
9.066126e+00 6.510692e-05 7.468340e-05 4.874813e-05 7.188922e-05
9.118126e+00 9.056370e-05 1.039011e-04 6.774170e-05 1.000483e-04
9.170126e+00 1.197240e-04 1.373812e-04 8.944676e-05 1.323440e-04
9.222126e+00 1.504014e-04 1.726193e-04 1.122149e-04 1.663701e-04
9.274126e+00 1.795014e-04 2.060663e-04 1.337382e-04 1.986996e-04
9.326126e+00 2.034805e-04 2.336561e-04 1.514091e-04 2.253763e-04
9.378126e+00 2.190685e-04 2.516351e-04 1.628789e-04 2.426914e-04
9.430126e+00 2.240943e-04 2.575174e-04 1.666978e-04 2.480675e-04
9.482126e+00 2.181995e-04 2.509171e-04 1.628754e-04 2.408061e-04
9.534126e+00 2.032395e-04 2.340290e-04 1.532110e-04 2.224785e-04
9.586126e+00 1.832721e-04 2.116455e-04 1.413119e-04 1.968591e-04
9.638126e+00 1.641703e-04 1.907415e-04 1.323059e-04 1.694634e-04
9.690126e+00 1.529907e-04 1.797745e-04 1.323205e-04 1.468770e-04
9.742126e+00 1.572511e-04 1.878569e-04 1.478187e-04 1.360777e-04
9.794126e+00 1.842061e-04 2.238947e-04 1.848563e-04 1.438672e-04
9.846126e+00 2.401390e-04 2.957049e-04 2.483094e-04 1.764029e-04
9.898126e+00 3.296661e-04 4.091136e-04 3.411307e-04 2.387541e-04
9.950126e+00 4.551131e-04 5.671233e-04 4.637575e-04 3.344585e-04
1.000213e+01 6.161304e-04 7.693624e-04 6.138430e-04 4.651858e-04
1.005413e+01 8.097630e-04 1.012088e-03 7.864855e-04 6.307157e-04
1.010613e+01 1.031111e-03 1.288916e-03 9.750231e-04 8.293940e-04
1.015813e+01 1.274503e-03 1.592207e-03 1.172277e-03 1.059026e-03
1.021013e+01 1.534858e-03 1.914725e-03 1.371930e-03 1.317919e-03
1.026213e+01 1.808769e-03 2.251032e-03 1.569625e-03 1.605650e-03
1.031413e+01 2.094947e-03 2.598111e-03 1.763471e-03 1.923260e-03
1.036613e+01 2.393905e-03 2.955032e-03 1.953872e-03 2.272811e-03
1.041813e+01 2.707099e-03 3.321832e-03 2.142935e-03 2.656529e-03
1.047013e+01 3.035858e-03 3.698014e-03 2.333806e-03 3.075754e-03
1.052213e+01 3.380329e-03 4.081046e-03 2.530162e-03 3.529778e-03
1.057413e+01 3.738435e-03 4.465057e-03 2.735740e-03 4.014510e-03
1.062613e+01 4.104741e-03 4.839816e-03 2.953506e-03 4.520900e-03
1.067813e+01 4.469313e-03 5.190275e-03 3.184146e-03 5.033518e-03
1.073013e+01 4.817121e-03 5.497235e-03 3.424060e-03 5.530069e-03
1.078213e+01 5.128801e-03 5.739812e-03 3.663713e-03 5.982877e-03
1.083413e+01 5.383408e-03 5.899819e-03 3.887542e-03 6.362863e-03
1.088613e+01 5.562941e-03 5.967089e-03 4.076268e-03 6.645467e-03
1.093813e+01 5.657277e-03 5.943711e-03 4.211435e-03 6.816687e-03
1.099013e+01 5.667507e-03 5.845009e-03 4.280773e-03 6.876739e-03
1.104213e+01 5.605947e-03 5.696173e-03 4.282276e-03 6.839392e-03
1.109413e+01 5.492500e-03 5.525476e-03 4.225230e-03 6.726795e-03
1.114613e+01 5.348776e-03 5.356779e-03 4.127731e-03 6.561819e-03
1.119813e+01 5.192501e-03 5.204436e-03 4.011765e-03 6.361301e-03
1.125013e+01 5.034517e-03 5.072434e-03 3.897871e-03 6.133246e-03
1.130213e+01 4.879218e-03 4.957423e-03 3.801264e-03 5.878966e-03
1.135413e+01 4.727434e-03 4.853426e-03 3.730299e-03 5.598577e-03
1.140613e+01 4.579721e-03 4.755575e-03 3.686973e-03 5.296614e-03
1.145813e+01 4.438150e-03 4.661269e-03 3.668471e-03 4.984710e-03
1.151013e+01 4.305885e-03 4.568854e-03 3.668712e-03 4.680088e-03
1.156213e+01 4.185147e-03 4.475269e-03 3.679368e-03 4.400804e-03
1.161413e+01 4.074968e-03 4.374428e-03 3.690410e-03 4.160066e-03
1.166613e+01 3.970017e-03 4.257414e-03 3.690623e-03 3.962014e-03
1.171813e+01 3.861135e-03 4.114488e-03 3.668561e-03 3.800356e-03
1.177013e+01 3.737404e-03 3.938055e-03 3.614124e-03 3.660034e-03
1.182213e+01 3.589011e-03 3.725365e-03 3.520525e-03 3.521144e-03
1.187413e+01 3.409977e-03 3.479963e-03 3.386007e-03 3.363962e-03
1.192613e+01 3.199939e-03 3.211410e-03 3.214616e-03 3.173792e-03
1.197813e+01 2.964489e-03 2.933421e-03 3.015554e-03 2.944491e-03
1.203013e+01 2.714000e-03 2.661014e-03 2.801190e-03 2.679796e-03
1.208213e+01 2.461322e-03 2.407521e-03 2.584343e-03 2.392102e-03
1.213413e+01 2.219030e-03 2.182271e-03 2.375731e-03 2.099087e-03
1.218613e+01 1.997052e-03 1.989491e-03 2.182373e-03 1.819291e-03
1.223813e+01 1.801296e-03 1.828539e-03 2.007293e-03 1.568057e-03
1.229013e+01 1.633520e-03 1.695206e-03 1.850356e-03 1.354999e-03
1.234213e+01 1.492242e-03 1.583549e-03 1.709709e-03 1.183468e-03
1.239413e+01 1.374195e-03 1.487656e-03 1.583206e-03 1.051723e-03
1.244613e+01 1.275746e-03 1.402897e-03 1.469367e-03 9.549731e-04
1.249813e+01 1.193853e-03 1.326445e-03 1.367704e-03 8.874100e-04
1.255013e+01 1.126422e-03 1.257131e-03 1.278498e-03 8.436363e-04
1.260213e+01 1.072147e-03 1.194870e-03 1.202279e-03 8.192921e-04
1.265413e+01 1.030101e-03 1.139977e-03 1.139282e-03 8.110451e-04
1.270613e+01 9.993365e-04 1.092667e-03 1.089098e-03 8.162449e-04
1.275813e+01 9.786549e-04 1.052833e-03 1.050609e-03 8.325225e-04
1.281013e+01 9.666031e-04 1.020108e-03 1.022209e-03 8.574921e-04
1.286213e+01 9.616036e-04 9.940421e-04 1.002166e-03 8.886026e-04
1.291413e+01 9.621111e-04 9.742248e-04 9.889889e-04 9.231196e-04
1.296613e+01 9.666950e-04 9.602559e-04 9.816116e-04 9.582176e-04
1.301813e+01 9.740087e-04 9.515426e-04 9.793231e-04 9.911604e-04
1.307013e+01 9.826739e-04 9.470219e-04 9.814641e-04 1.019536e-03
1.312213e+01 9.911484e-04 9.449438e-04 9.870398e-04 1.041462e-03
1.317413e+01 9.976542e-04 9.428418e-04 9.944549e-04 1.055666e-03
1.322613e+01 1.000224e-03 9.377569e-04 1.001541e-03 1.061373e-03
1.327813e+01 9.968901e-04 9.266933e-04 1.005927e-03 1.058050e-03
1.333013e+01 9.860040e-04 9.072071e-04 1.005640e-03 1.045165e-03
1.338213e+01 9.666194e-04 8.779858e-04 9.997321e-04 1.022140e-03
1.343413e+01 9.388609e-04 8.392808e-04 9.886956e-04 9.886065e-04
1.348613e+01 9.041821e-04 7.931065e-04 9.745679e-04 9.448719e-04
1.353813e+01 8.654614e-04 7.432007e-04 9.607757e-04 8.924078e-04
1.359013e+01 8.269516e-04 6.948180e-04 9.519067e-04 8.341302e-04
1.364213e+01 7.941533e-04 6.544679e-04 9.536011e-04 7.743909e-04
1.369413e+01 7.736827e-04 6.296729e-04 9.726131e-04 7.187620e-04
1.374613e+01 7.731290e-04 6.287161e-04 1.016878e-03 6.737931e-04
1.379813e+01 8.007865e-04 6.602220e-04 1.095268e-03 6.468700e-04
1.385013e+01 8.650847e-04 7.323588e-04 1.216754e-03 6.461417e-04
1.390213e+01 9.735849e-04 8.515385e-04 1.388919e-03 6.802967e-04
1.395413e+01 1.131571e-03 1.020734e-03 1.616090e-03 7.578898e-04
1.400613e+01 1.340470e-03 1.237831e-03 1.897588e-03 8.859904e-04
1.405813e+01 1.596490e-03 1.494618e-03 2.226687e-03 1.068167e-03
1.411013e+01 1.889945e-03 1.776963e-03 2.590697e-03 1.302173e-03
1.416213e+01 2.205588e-03 2.066362e-03 2.972342e-03 1.578058e-03
1.421413e+01 2.524103e-03 2.342534e-03 3.352193e-03 1.877582e-03
1.426613e+01 2.824517e-03 2.586340e-03 3.711542e-03 2.175669e-03
1.431813e+01 3.087005e-03 2.782208e-03 4.034755e-03 2.444051e-03
1.437013e+01 3.295387e-03 2.919518e-03 4.310211e-03 2.656433e-03
1.442213e+01 3.438713e-03 2.992895e-03 4.529461e-03 2.793783e-03
1.447413e+01 3.511680e-03 3.001769e-03 4.685171e-03 2.848100e-03
1.452613e+01 3.514120e-03 2.949690e-03 4.769221e-03 2.823449e-03
1.457813e+01 3.450077e-03 2.843714e-03 4.772482e-03 2.734034e-03
1.463013e+01 3.326977e-03 2.693878e-03 4.686951e-03 2.600101e-03
1.468213e+01 3.155097e-03 2.512560e-03 4.509584e-03 2.443148e-03
1.473413e+01 2.947132e-03 2.313501e-03 4.246002e-03 2.281892e-03
1.478613e+01 2.717481e-03 2.110461e-03 3.912077e-03 2.129906e-03
1.483813e+01 2.481033e-03 1.915719e-03 3.532307e-03 1.995073e-03
1.489013e+01 2.251532e-03 1.738772e-03 3.135435e-03 1.880389e-03
1.494213e+01 2.039998e-03 1.585592e-03 2.748966e-03 1.785438e-03
1.499413e+01 1.853747e-03 1.458634e-03 2.394658e-03 1.707949e-03
1.504613e+01 1.696349e-03 1.357550e-03 2.086402e-03 1.645096e-03
1.509813e+01 1.568518e-03 1.280373e-03 1.830730e-03 1.594451e-03
1.515013e+01 1.469506e-03 1.224816e-03 1.629085e-03 1.554618e-03
1.520213e+01 1.398458e-03 1.189341e-03 1.480478e-03 1.525556e-03
1.525413e+01 1.355208e-03 1.173731e-03 1.383330e-03 1.508563e-03
1.530613e+01 1.340285e-03 1.179025e-03 1.335950e-03 1.505880e-03
1.535813e+01 1.354200e-03 1.206819e-03 1.335835e-03 1.519947e-03
1.541013e+01 1.396338e-03 1.258117e-03 1.378458e-03 1.552438e-03
1.546213e+01 1.463921e-03 1.332066e-03 1.456344e-03 1.603352e-03
1.551413e+01 1.551476e-03 1.425007e-03 1.558955e-03 1.670468e-03
1.556613e+01 1.651019e-03 1.530194e-03 1.673516e-03 1.749348e-03
1.561813e+01 1.752905e-03 1.638327e-03 1.786490e-03 1.833898e-03
1.567013e+01 1.847041e-03 1.738717e-03 1.885204e-03 1.917202e-03
1.572213e+01 1.924068e-03 1.820730e-03 1.959187e-03 1.992288e-03
1.577413e+01 1.976218e-03 1.875114e-03 2.000989e-03 2.052549e-03
1.582613e+01 1.997799e-03 1.895039e-03 2.006517e-03 2.091841e-03
1.587813e+01 1.985471e-03 1.876845e-03 1.975028e-03 2.104540e-03
1.593013e+01 1.938476e-03 1.820561e-03 1.908939e-03 2.085928e-03
1.598213e+01 1.858873e-03 1.730107e-03 1.813449e-03 2.033063e-03
1.603413e+01 1.751612e-03 1.613007e-03 1.695938e-03 1.945891e-03
1.608613e+01 1.624192e-03 1.479398e-03 1.565099e-03 1.828078e-03
1.613813e+01 1.485777e-03 1.340416e-03 1.429889e-03 1.687025e-03
1.619013e+01 1.345877e-03 1.206322e-03 1.298464e-03 1.532846e-03
1.624213e+01 1.212938e-03 1.084917e-03 1.177337e-03 1.376561e-03
1.629413e+01 1.093222e-03 9.806983e-04 1.070878e-03 1.228091e-03
1.634613e+01 9.902705e-04 8.948914e-04 9.812103e-04 1.094710e-03
1.639813e+01 9.049827e-04 8.261887e-04 9.084316e-04 9.803278e-04
1.645013e+01 8.361731e-04 7.717936e-04 8.510562e-04 8.856695e-04
1.650213e+01 7.813533e-04 7.284029e-04 8.065909e-04 8.090662e-04
1.655413e+01 7.375204e-04 6.928983e-04 7.721628e-04 7.475001e-04
1.660613e+01 7.017985e-04 6.626984e-04 7.451268e-04 6.975702e-04
1.665813e+01 6.718691e-04 6.358490e-04 7.235628e-04 6.561954e-04
1.671013e+01 6.461857e-04 6.109744e-04 7.065748e-04 6.210079e-04
1.676213e+01 6.240076e-04 5.871986e-04 6.943470e-04 5.904772e-04
1.681413e+01 6.053109e-04 5.640993e-04 6.879877e-04 5.638456e-04
1.686613e+01 5.906476e-04 5.417184e-04 6.892590e-04 5.409656e-04
1.691813e+01 5.810112e-04 5.206097e-04 7.002981e-04 5.221259e-04
1.697013e+01 5.777348e-04 5.018830e-04 7.233803e-04 5.079411e-04
1.702213e+01 5.824026e-04 4.871849e-04 7.606814e-04 4.993415e-04
1.707413e+01 5.967158e-04 4.785672e-04 8.139441e-04 4.976361e-04
1.712613e+01 6.222510e-04 4.782212e-04 8.839773e-04 5.045544e-04
1.717813e+01 6.600850e-04 4.881037e-04 9.700216e-04 5.221297e-04
1.723013e+01 7.103335e-04 5.095400e-04 1.069142e-03 5.523187e-04
1.728213e+01 7.717196e-04 5.429170e-04 1.175887e-03 5.963551e-04
1.733413e+01 8.413274e-04 5.875669e-04 1.282431e-03 6.539839e-04
1.738613e+01 9.146689e-04 6.418706e-04 1.379298e-03 7.228381e-04
1.743813e+01 9.861049e-04 7.035094e-04 1.456570e-03 7.982351e-04
1.749013e+01 1.049543e-03 7.697131e-04 1.505359e-03 8.735564e-04
1.754213e+01 1.099244e-03 8.373567e-04 1.519198e-03 9.411772e-04
1.759413e+01 1.130547e-03 9.028630e-04 1.495071e-03 9.937082e-04
1.764613e+01 1.140375e-03 9.620357e-04 1.433871e-03 1.025218e-03
1.769813e+01 1.127482e-03 1.010066e-03 1.340243e-03 1.032138e-03
1.775013e+01 1.092500e-03 1.041943e-03 1.221858e-03 1.013697e-03
1.780213e+01 1.037838e-03 1.053309e-03 1.088313e-03 9.718917e-04
1.785413e+01 9.674970e-04 1.041554e-03 9.498390e-04 9.110984e-04
1.790613e+01 8.867663e-04 1.006751e-03 8.160836e-04 8.374645e-04
1.795813e+01 8.017820e-04 9.520332e-04 6.951528e-04 7.581599e-04
1.801013e+01 7.189357e-04 8.832224e-04 5.930339e-04 6.805509e-04
1.806213e+01 6.441823e-04 8.077899e-04 5.134180e-04 6.113389e-04
1.811413e+01 5.823497e-04 7.334719e-04 4.578356e-04 5.557417e-04
1.816613e+01 5.365746e-04 6.669250e-04 4.259722e-04 5.168264e-04
1.821813e+01 5.079672e-04 6.127440e-04 4.160354e-04 4.951222e-04
1.827013e+01 4.955719e-04 5.730082e-04 4.250912e-04 4.886163e-04
1.832213e+01 4.966316e-04 5.473649e-04 4.493505e-04 4.931793e-04
1.837413e+01 5.071118e-04 5.335402e-04 4.844249e-04 5.033702e-04
1.842613e+01 5.223877e-04 5.280968e-04 5.255875e-04 5.134787e-04
1.847813e+01 5.379622e-04 5.272378e-04 5.680656e-04 5.185833e-04
1.853013e+01 5.500781e-04 5.274785e-04 6.073727e-04 5.153831e-04
1.858213e+01 5.561214e-04 5.260812e-04 6.396654e-04 5.026177e-04
1.863413e+01 5.547741e-04 5.212341e-04 6.620861e-04 4.810020e-04
1.868613e+01 5.459416e-04 5.120381e-04 6.730360e-04 4.527506e-04
1.873813e+01 5.305272e-04 4.983973e-04 6.723149e-04 4.208695e-04
1.879013e+01 5.101341e-04 4.808871e-04 6.610774e-04 3.884379e-04
1.884213e+01 4.867569e-04 4.606237e-04 6.415906e-04 3.580564e-04
1.889413e+01 4.624933e-04 4.391108e-04 6.168226e-04 3.315465e-04
1.894613e+01 4.392884e-04 4.180275e-04 5.899433e-04 3.098942e-04
1.899813e+01 4.187248e-04 3.989611e-04 5.638474e-04 2.933659e-04
1.905013e+01 4.018909e-04 3.831393e-04 5.408178e-04 2.817157e-04
1.910213e+01 3.893593e-04 3.712524e-04 5.224078e-04 2.744177e-04
1.915413e+01 3.812914e-04 3.634437e-04 5.095495e-04 2.708811e-04
1.920613e+01 3.776333e-04 3.594739e-04 5.028076e-04 2.706184e-04
1.925813e+01 3.783210e-04 3.589887e-04 5.026361e-04 2.733380e-04
1.931013e+01 3.833998e-04 3.617568e-04 5.094975e-04 2.789452e-04
1.936213e+01 3.929997e-04 3.677672e-04 5.237765e-04 2.874553e-04
1.941413e+01 4.071781e-04 3.771446e-04 5.455338e-04 2.988558e-04
1.946613e+01 4.257171e-04 3.899417e-04 5.742335e-04 3.129760e-04
1.951813e+01 4.479792e-04 4.059255e-04 6.085961e-04 3.294160e-04
1.957013e+01 4.728974e-04 4.244667e-04 6.466701e-04 3.475554e-04
1.962213e+01 4.991054e-04 4.445785e-04 6.861110e-04 3.666267e-04
1.967413e+01 5.251551e-04 4.650760e-04 7.245744e-04 3.858147e-04
1.972613e+01 5.497493e-04 4.847869e-04 7.601023e-04 4.043588e-04
1.977813e+01 5.719374e-04 5.027525e-04 7.914076e-04 4.216521e-04
1.983013e+01 5.912513e-04 5.183906e-04 8.180097e-04 4.373537e-04
1.988213e+01 6.077810e-04 5.316210e-04 8.402152e-04 4.515068e-04
1.993413e+01 6.221775e-04 5.429481e-04 8.589536e-04 4.646307e-04
1.998613e+01 6.355584e-04 5.534704e-04 8.754868e-04 4.777179e-04
2.003813e+01 6.492947e-04 5.647717e-04 8.910283e-04 4.920841e-04
2.009013e+01 6.646874e-04 5.786599e-04 9.063347e-04 5.090676e-04
2.014213e+01 6.825959e-04 5.967722e-04 9.213707e-04 5.296448e-04
2.019413e+01 7.031254e-04 6.201312e-04 9.351578e-04 5.540873e-04
2.024613e+01 7.254878e-04 6.487852e-04 9.458944e-04 5.817838e-04
2.029813e+01 7.481106e-04 6.816699e-04 9.513580e-04 6.113040e-04
2.035013e+01 7.689929e-04 7.167816e-04 9.495036e-04 6.406936e-04
2.040213e+01 7.862168e-04 7.516511e-04 9.390903e-04 6.679090e-04
2.045413e+01 7.984628e-04 7.839939e-04 9.201376e-04 6.912570e-04
2.050613e+01 8.053646e-04 8.123237e-04 8.940589e-04 7.097113e-04
2.055813e+01 8.075822e-04 8.362970e-04 8.634142e-04 7.230355e-04
2.061013e+01 8.065659e-04 8.566426e-04 8.313417e-04 7.317134e-04
2.066213e+01 8.040834e-04 8.746817e-04 8.008250e-04 7.367433e-04
2.071413e+01 8.016647e-04 8.916250e-04 7.740007e-04 7.393683e-04
2.076613e+01 8.001473e-04 9.079340e-04 7.517026e-04 7.408052e-04
2.081813e+01 7.994708e-04 9.230258e-04 7.333736e-04 7.420129e-04
2.087013e+01 7.987839e-04 9.354478e-04 7.173676e-04 7.435363e-04
2.092213e+01 7.968181e-04 9.434462e-04 7.015445e-04 7.454634e-04
2.097413e+01 7.923875e-04 9.456709e-04 6.839712e-04 7.475203e-04
2.102613e+01 7.848338e-04 9.417005e-04 6.635151e-04 7.492857e-04
2.107813e+01 7.742562e-04 9.321642e-04 6.401634e-04 7.504409e-04
2.113013e+01 7.614504e-04 9.184233e-04 6.149990e-04 7.509288e-04
2.118213e+01 7.475893e-04 9.019774e-04 5.898727e-04 7.509179e-04
2.123413e+01 7.337746e-04 8.838659e-04 5.668919e-04 7.505661e-04
2.128613e+01 7.206326e-04 8.643220e-04 5.478783e-04 7.496976e-04
2.133813e+01 7.081067e-04 8.428023e-04 5.339283e-04 7.475896e-04
2.139013e+01 6.955168e-04 8.183519e-04 5.251703e-04 7.430283e-04
2.144213e+01 6.818510e-04 7.901281e-04 5.207545e-04 7.346705e-04
2.149413e+01 6.661692e-04 7.578636e-04 5.190626e-04 7.215813e-04
2.154613e+01 6.479668e-04 7.221024e-04 5.180834e-04 7.037145e-04
2.159813e+01 6.273767e-04 6.841522e-04 5.158684e-04 6.821094e-04
2.165013e+01 6.051592e-04 6.458149e-04 5.109611e-04 6.587017e-04
2.170213e+01 5.825102e-04 6.090228e-04 5.026996e-04 6.358083e-04
2.175413e+01 5.607677e-04 5.755052e-04 4.913135e-04 6.154845e-04
2.180613e+01 5.411135e-04 5.465593e-04 4.777913e-04 5.989899e-04
2.185813e+01 5.243460e-04 5.229383e-04 4.635551e-04 5.865446e-04
2.191013e+01 5.107672e-04 5.048349e-04 4.500362e-04 5.774306e-04
2.196213e+01 5.001917e-04 4.919371e-04 4.382723e-04 5.703657e-04
2.201413e+01 4.920609e-04 4.835467e-04 4.286458e-04 5.639902e-04
2.206613e+01 4.856281e-04 4.787538e-04 4.208340e-04 5.572964e-04
2.211813e+01 4.801685e-04 4.766476e-04 4.139798e-04 5.498782e-04
2.217013e+01 4.751665e-04 4.765183e-04 4.070179e-04 5.419633e-04
2.222213e+01 4.704329e-04 4.779942e-04 3.990408e-04 5.342638e-04
2.227413e+01 4.661283e-04 4.810724e-04 3.895825e-04 5.277301e-04
2.232613e+01 4.626905e-04 4.860428e-04 3.787319e-04 5.232968e-04
2.237813e+01 4.606948e-04 4.933447e-04 3.670574e-04 5.216823e-04
2.243013e+01 4.606919e-04 5.034132e-04 3.553908e-04 5.232716e-04
2.248213e+01 4.630693e-04 5.165617e-04 3.445652e-04 5.280810e-04
2.253413e+01 4.679740e-04 5.329164e-04 3.352070e-04 5.357986e-04
2.258613e+01 4.753104e-04 5.523873e-04 3.276510e-04 5.458928e-04
2.263813e+01 4.848102e-04 5.746611e-04 3.219932e-04 5.577762e-04
2.269013e+01 4.961480e-04 5.992129e-04 3.182410e-04 5.709902e-04
2.274213e+01 5.090636e-04 6.253559e-04 3.164836e-04 5.853513e-04
2.279413e+01 5.234490e-04 6.523456e-04 3.170095e-04 6.009919e-04
2.284613e+01 5.393738e-04 6.795331e-04 3.203265e-04 6.182616e-04
2.289813e+01 5.570406e-04 7.065211e-04 3.270894e-04 6.375112e-04
2.295013e+01 5.766868e-04 7.332528e-04 3.379725e-04 6.588351e-04
2.300213e+01 5.984657e-04 7.599807e-04 3.535381e-04 6.818784e-04
2.305413e+01 6.223547e-04 7.871153e-04 3.741483e-04 7.058004e-04
2.310613e+01 6.481426e-04 8.150281e-04 3.999547e-04 7.294450e-04
2.315813e+01 6.755394e-04 8.439258e-04 4.309875e-04 7.517049e-04
2.321013e+01 7.044076e-04 8.738921e-04 4.673344e-04 7.719964e-04
2.326213e+01 7.350533e-04 9.051116e-04 5.093556e-04 7.906928e-04
2.331413e+01 7.684506e-04 9.381876e-04 5.578313e-04 8.093330e-04
2.336613e+01 8.062583e-04 9.743907e-04 6.139251e-04 8.304593e-04
2.341813e+01 8.505393e-04 1.015671e-03 6.788925e-04 8.570544e-04
2.347013e+01 9.032062e-04 1.064340e-03 7.535662e-04 8.917128e-04
2.352213e+01 9.653422e-04 1.122445e-03 8.377635e-04 9.358179e-04
2.357413e+01 1.036620e-03 1.191002e-03 9.298301e-04 9.890273e-04
2.362613e+01 1.115029e-03 1.269307e-03 1.026510e-03 1.049269e-03
2.367813e+01 1.197031e-03 1.354612e-03 1.123227e-03 1.113253e-03
2.373013e+01 1.278106e-03 1.442306e-03 1.214709e-03 1.177303e-03
2.378213e+01 1.353535e-03 1.526627e-03 1.295777e-03 1.238200e-03
2.383413e+01 1.419187e-03 1.601738e-03 1.362058e-03 1.293765e-03
2.388613e+01 1.472109e-03 1.662862e-03 1.410446e-03 1.343020e-03
2.393813e+01 1.510788e-03 1.707156e-03 1.439244e-03 1.385965e-03
2.399013e+01 1.535093e-03 1.734084e-03 1.448074e-03 1.423123e-03
2.404213e+01 1.545991e-03 1.745211e-03 1.437685e-03 1.455076e-03
2.409413e+01 1.545184e-03 1.743570e-03 1.409813e-03 1.482170e-03
2.414613e+01 1.534805e-03 1.732822e-03 1.367111e-03 1.504483e-03
2.419813e+01 1.517213e-03 1.716508e-03 1.313083e-03 1.522048e-03
2.425013e+01 1.494884e-03 1.697566e-03 1.251875e-03 1.535211e-03
2.430213e+01 1.470315e-03 1.678144e-03 1.187856e-03 1.544945e-03
2.435413e+01 1.445877e-03 1.659620e-03 1.125050e-03 1.552961e-03
2.440613e+01 1.423598e-03 1.642697e-03 1.066596e-03 1.561502e-03
2.445813e+01 1.404923e-03 1.627470e-03 1.014434e-03 1.572865e-03
2.451013e+01 1.390532e-03 1.613471e-03 9.693255e-04 1.588799e-03
2.456213e+01 1.380309e-03 1.599774e-03 9.311391e-04 1.610013e-03
2.461413e+01 1.373477e-03 1.585206e-03 8.992247e-04 1.635999e-03
2.466613e+01 1.368891e-03 1.568709e-03 8.726947e-04 1.665269e-03
2.471813e+01 1.365416e-03 1.549758e-03 8.505377e-04 1.695953e-03
2.477013e+01 1.362318e-03 1.528749e-03 8.316227e-04 1.726582e-03
2.482213e+01 1.359608e-03 1.507262e-03 8.147276e-04 1.756833e-03
2.487413e+01 1.358269e-03 1.488109e-03 7.987038e-04 1.787993e-03
2.492613e+01 1.360301e-03 1.475130e-03 7.827912e-04 1.822982e-03
2.497813e+01 1.368500e-03 1.472700e-03 7.669914e-04 1.865808e-03
2.503013e+01 1.385933e-03 1.484972e-03 7.523446e-04 1.920482e-03
2.508213e+01 1.415141e-03 1.514922e-03 7.409634e-04 1.989538e-03
2.513413e+01 1.457221e-03 1.563396e-03 7.357483e-04 2.072518e-03
2.518613e+01 1.511044e-03 1.628413e-03 7.398143e-04 2.164905e-03
2.523813e+01 1.572921e-03 1.705006e-03 7.557668e-04 2.257990e-03
2.529013e+01 1.636932e-03 1.785779e-03 7.850382e-04 2.339977e-03
2.534213e+01 1.695967e-03 1.862167e-03 8.275003e-04 2.398233e-03
2.539413e+01 1.743259e-03 1.926131e-03 8.814925e-04 2.422153e-03
2.544613e+01 1.773951e-03 1.971821e-03 9.442564e-04 2.405774e-03
2.549813e+01 1.786202e-03 1.996719e-03 1.012612e-03 2.349275e-03
2.555013e+01 1.781452e-03 2.001892e-03 1.083616e-03 2.258849e-03
2.560213e+01 1.763791e-03 1.991364e-03 1.154967e-03 2.145042e-03
2.565413e+01 1.738718e-03 1.970875e-03 1.225065e-03 2.020215e-03
2.570613e+01 1.711756e-03 1.946467e-03 1.292792e-03 1.896010e-03
2.575813e+01 1.687359e-03 1.923306e-03 1.357212e-03 1.781558e-03
2.581013e+01 1.668335e-03 1.904900e-03 1.417367e-03 1.682738e-03
2.586213e+01 1.655792e-03 1.892767e-03 1.472273e-03 1.602337e-03
2.591413e+01 1.649427e-03 1.886441e-03 1.521094e-03 1.540747e-03
2.596613e+01 1.647996e-03 1.883771e-03 1.563422e-03 1.496796e-03
2.601813e+01 1.649827e-03 1.881445e-03 1.599539e-03 1.468496e-03
2.607013e+01 1.653285e-03 1.875703e-03 1.630576e-03 1.453577e-03
2.612213e+01 1.657125e-03 1.863111e-03 1.658465e-03 1.449797e-03
2.617413e+01 1.660633e-03 1.841257e-03 1.685628e-03 1.455015e-03
2.622613e+01 1.663570e-03 1.809230e-03 1.714396e-03 1.467083e-03
2.627813e+01 1.665933e-03 1.767804e-03 1.746322e-03 1.483675e-03
2.633013e+01 1.667715e-03 1.719292e-03 1.781624e-03 1.502229e-03
2.638213e+01 1.668750e-03 1.667114e-03 1.819038e-03 1.520099e-03
2.643413e+01 1.668740e-03 1.615134e-03 1.856190e-03 1.534897e-03
2.648613e+01 1.667391e-03 1.566918e-03 1.890397e-03 1.544859e-03
2.653813e+01 1.664560e-03 1.525059e-03 1.919578e-03 1.549043e-03
2.659013e+01 1.660303e-03 1.490758e-03 1.942910e-03 1.547240e-03
2.664213e+01 1.654799e-03 1.463753e-03 1.960977e-03 1.539666e-03
2.669413e+01 1.648186e-03 1.442572e-03 1.975368e-03 1.526619e-03
2.674613e+01 1.640409e-03 1.424987e-03 1.987937e-03 1.508302e-03
2.679813e+01 1.631132e-03 1.408514e-03 1.999996e-03 1.484886e-03
2.685013e+01 1.619764e-03 1.390818e-03 2.011724e-03 1.456750e-03
2.690213e+01 1.605558e-03 1.369979e-03 2.021962e-03 1.424733e-03
2.695413e+01 1.587735e-03 1.344623e-03 2.028369e-03 1.390214e-03
2.700613e+01 1.565593e-03 1.313959e-03 2.027879e-03 1.354942e-03
2.705813e+01 1.538579e-03 1.277768e-03 2.017295e-03 1.320676e-03
2.711013e+01 1.506340e-03 1.236359e-03 1.993900e-03 1.288760e-03
2.716213e+01 1.468775e-03 1.190524e-03 1.955982e-03 1.259819e-03
2.721413e+01 1.426110e-03 1.141465e-03 1.903210e-03 1.233654e-03
2.726613e+01 1.378961e-03 1.090699e-03 1.836810e-03 1.209375e-03
2.731813e+01 1.328360e-03 1.039905e-03 1.759491e-03 1.185684e-03
2.737013e+01 1.275690e-03 9.907213e-04 1.675130e-03 1.161220e-03
2.742213e+01 1.222544e-03 9.445247e-04 1.588234e-03 1.134872e-03
2.747413e+01 1.170520e-03 9.022311e-04 1.503309e-03 1.106019e-03
2.752613e+01 1.121036e-03 8.641908e-04 1.424247e-03 1.074670e-03
2.757813e+01 1.075189e-03 8.302124e-04 1.353878e-03 1.041477e-03
2.763013e+01 1.033688e-03 7.997233e-04 1.293723e-03 1.007617e-03
2.768213e+01 9.968443e-04 7.720280e-04 1.243968e-03 9.745369e-04
2.773413e+01 9.646000e-04 7.465914e-04 1.203587e-03 9.436215e-04
2.778613e+01 9.365769e-04 7.232554e-04 1.170599e-03 9.158767e-04
2.783813e+01 9.121519e-04 7.023145e-04 1.142403e-03 8.917381e-04
2.789013e+01 8.905628e-04 6.844161e-04 1.116201e-03 8.710718e-04
2.794213e+01 8.710407e-04 6.703203e-04 1.089449e-03 8.533528e-04
2.799413e+01 8.529457e-04 6.606123e-04 1.060290e-03 8.379352e-04
2.804613e+01 8.358747e-04 6.554847e-04 1.027845e-03 8.242945e-04
2.809813e+01 8.197095e-04 6.546743e-04 9.923046e-04 8.121495e-04
2.815013e+01 8.045900e-04 6.575597e-04 9.547712e-04 8.014391e-04
2.820213e+01 7.908156e-04 6.633433e-04 9.169118e-04 7.921918e-04
2.825413e+01 7.786937e-04 6.712032e-04 8.805070e-04 7.843709e-04
2.830613e+01 7.683721e-04 6.803310e-04 8.470165e-04 7.777689e-04
2.835813e+01 7.597019e-04 6.898563e-04 8.172600e-04 7.719895e-04
2.841013e+01 7.521753e-04 6.987446e-04 7.912765e-04 7.665049e-04
2.846213e+01 7.449718e-04 7.057892e-04 7.683783e-04 7.607479e-04
2.851413e+01 7.371160e-04 7.097728e-04 7.473800e-04 7.541952e-04
2.856613e+01 7.277141e-04 7.097753e-04 7.269455e-04 7.464214e-04
2.861813e+01 7.162036e-04 7.055063e-04 7.059701e-04 7.371343e-04
2.867013e+01 7.025379e-04 6.974996e-04 6.839067e-04 7.262074e-04
2.872213e+01 6.872381e-04 6.870463e-04 6.609489e-04 7.137190e-04
2.877413e+01 6.712826e-04 6.758458e-04 6.380186e-04 6.999835e-04
2.882613e+01 6.558570e-04 6.654699e-04 6.165570e-04 6.855441e-04
2.887813e+01 6.420305e-04 6.568224e-04 5.981665e-04 6.711026e-04
2.893013e+01 6.304537e-04 6.497850e-04 5.841945e-04 6.573817e-04
2.898213e+01 6.211653e-04 6.431877e-04 5.753605e-04 6.449478e-04
2.903413e+01 6.135633e-04 6.351269e-04 5.715209e-04 6.340421e-04
2.908613e+01 6.065482e-04 6.235379e-04 5.716315e-04 6.244751e-04
2.913813e+01 5.987937e-04 6.068371e-04 5.739217e-04 6.156222e-04
2.919013e+01 5.890666e-04 5.844278e-04 5.762420e-04 6.065300e-04
2.924213e+01 5.765074e-04 5.569140e-04 5.764953e-04 5.961128e-04
2.929413e+01 5.608023e-04 5.259711e-04 5.730422e-04 5.833935e-04
2.934613e+01 5.422165e-04 4.939372e-04 5.649787e-04 5.677336e-04
2.939813e+01 5.215000e-04 4.632691e-04 5.522329e-04 5.489979e-04
2.945013e+01 4.997089e-04 4.360285e-04 5.354848e-04 5.276133e-04
2.950213e+01 4.779980e-04 4.135281e-04 5.159611e-04 5.045047e-04
2.955413e+01 4.574314e-04 3.962040e-04 4.951736e-04 4.809166e-04
2.960613e+01 4.388429e-04 3.837040e-04 4.746605e-04 4.581642e-04
2.965813e+01 4.227591e-04 3.751337e-04 4.557679e-04 4.373758e-04
2.971013e+01 4.093839e-04 3.693671e-04 4.394916e-04 4.192930e-04
2.976213e+01 3.986351e-04 3.653351e-04 4.263921e-04 4.041781e-04
2.981413e+01 3.902184e-04 3.622204e-04 4.165903e-04 3.918444e-04
2.986613e+01 3.837208e-04 3.595311e-04 4.098409e-04 3.817906e-04
2.991813e+01 3.787069e-04 3.570632e-04 4.056623e-04 3.733951e-04
2.997013e+01 3.747984e-04 3.547969e-04 4.034861e-04 3.661124e-04
3.002213e+01 3.717280e-04 3.527806e-04 4.027851e-04 3.596184e-04
3.007413e+01 3.693563e-04 3.510468e-04 4.031535e-04 3.538687e-04
3.012613e+01 3.676572e-04 3.495794e-04 4.043311e-04 3.490612e-04
3.017813e+01 3.666773e-04 3.483249e-04 4.061826e-04 3.455245e-04
3.023013e+01 3.664879e-04 3.472293e-04 4.086547e-04 3.435797e-04
3.028213e+01 3.671453e-04 3.462782e-04 4.117306e-04 3.434272e-04
3.033413e+01 3.686737e-04 3.455283e-04 4.153963e-04 3.450964e-04
3.038613e+01 3.710706e-04 3.451200e-04 4.196246e-04 3.484672e-04
3.043813e+01 3.743250e-04 3.452631e-04 4.243755e-04 3.533365e-04
3.049013e+01 3.784282e-04 3.461917e-04 4.296048e-04 3.594880e-04
3.054213e+01 3.833643e-04 3.480925e-04 4.352762e-04 3.667243e-04
3.059413e+01 3.890827e-04 3.510278e-04 4.413692e-04 3.748511e-04
3.064613e+01 3.954661e-04 3.548867e-04 4.478829e-04 3.836285e-04
3.069813e+01 4.023183e-04 3.593937e-04 4.548307e-04 3.927305e-04
3.075013e+01 4.093843e-04 3.641846e-04 4.622215e-04 4.017467e-04
3.080213e+01 4.163983e-04 3.689307e-04 4.700258e-04 4.102385e-04
3.085413e+01 4.231440e-04 3.734669e-04 4.781339e-04 4.178313e-04
3.090613e+01 4.295001e-04 3.778717e-04 4.863249e-04 4.243037e-04
3.095813e+01 4.354556e-04 3.824611e-04 4.942709e-04 4.296348e-04
3.101013e+01 4.410908e-04 3.876921e-04 5.015894e-04 4.339910e-04
3.106213e+01 4.465339e-04 3.940063e-04 5.079374e-04 4.376581e-04
3.111413e+01 4.519110e-04 4.016710e-04 5.131169e-04 4.409450e-04
3.116613e+01 4.573056e-04 4.106745e-04 5.171529e-04 4.440895e-04
3.121813e+01 4.627361e-04 4.207083e-04 5.203073e-04 4.471928e-04
3.127013e+01 4.681480e-04 4.312336e-04 5.230176e-04 4.501928e-04
3.132213e+01 4.734128e-04 4.415887e-04 5.257713e-04 4.528784e-04
3.137413e+01 4.783276e-04 4.510901e-04 5.289595e-04 4.549333e-04
3.142613e+01 4.826177e-04 4.590887e-04 5.327636e-04 4.560007e-04
3.147813e+01 4.859557e-04 4.649823e-04 5.371268e-04 4.557580e-04
3.153013e+01 4.880115e-04 4.682175e-04 5.418296e-04 4.539875e-04
3.158213e+01 4.885320e-04 4.683224e-04 5.466396e-04 4.506338e-04
3.163413e+01 4.874307e-04 4.649948e-04 5.514655e-04 4.458319e-04
3.168613e+01 4.848534e-04 4.582284e-04 5.564313e-04 4.399004e-04
3.173813e+01 4.811822e-04 4.484257e-04 5.618215e-04 4.332996e-04
3.179013e+01 4.769691e-04 4.364315e-04 5.679131e-04 4.265627e-04
3.184213e+01 4.728115e-04 4.234488e-04 5.747715e-04 4.202143e-04
3.189413e+01 4.692139e-04 4.108396e-04 5.821116e-04 4.146905e-04
3.194613e+01 4.664799e-04 3.998665e-04 5.892938e-04 4.102794e-04
3.199813e+01 4.646737e-04 3.914564e-04 5.954642e-04 4.071006e-04
3.205013e+01 4.636648e-04 3.860656e-04 5.997903e-04 4.051386e-04
3.210213e+01 4.632451e-04 3.836939e-04 6.017143e-04 4.043270e-04
3.215413e+01 4.632844e-04 3.840404e-04 6.011561e-04 4.046569e-04
3.220613e+01 4.638723e-04 3.867360e-04 5.986177e-04 4.062632e-04
3.225813e+01 4.653874e-04 3.915576e-04 5.951644e-04 4.094403e-04
3.231013e+01 4.684562e-04 3.985270e-04 5.922767e-04 4.145650e-04
3.236213e+01 4.737953e-04 4.078504e-04 5.915904e-04 4.219450e-04
3.241413e+01 4.819815e-04 4.197217e-04 5.945746e-04 4.316482e-04
3.246613e+01 4.932281e-04 4.340809e-04 6.022192e-04 4.433842e-04
3.251813e+01 5.072490e-04 4.504427e-04 6.148088e-04 4.564954e-04
3.257013e+01 5.232600e-04 4.678757e-04 6.318332e-04 4.700710e-04
3.262213e+01 5.401155e-04 4.851491e-04 6.520455e-04 4.831519e-04
3.267413e+01 5.565306e-04 5.009899e-04 6.736490e-04 4.949530e-04
3.272613e+01 5.713191e-04 5.143595e-04 6.945738e-04 5.050241e-04
3.277813e+01 5.835884e-04 5.246593e-04 7.128067e-04 5.132993e-04
3.283013e+01 5.928608e-04 5.318161e-04 7.267312e-04 5.200351e-04
3.288213e+01 5.991216e-04 5.362454e-04 7.354293e-04 5.256902e-04
3.293413e+01 6.028083e-04 5.387238e-04 7.388900e-04 5.308111e-04
3.298613e+01 6.047567e-04 5.402237e-04 7.380757e-04 5.359706e-04
3.303813e+01 6.061102e-04 5.417563e-04 7.348207e-04 5.417535e-04
3.309013e+01 6.081920e-04 5.442586e-04 7.315706e-04 5.487467e-04
3.314213e+01 6.123435e-04 5.485394e-04 7.310035e-04 5.574876e-04
3.319413e+01 6.197453e-04 5.552798e-04 7.355942e-04 5.683618e-04
3.324613e+01 6.312483e-04 5.650637e-04 7.471920e-04 5.814893e-04
3.329813e+01 6.472491e-04 5.784001e-04 7.666806e-04 5.966666e-04
3.335013e+01 6.676315e-04 5.956963e-04 7.937850e-04 6.134132e-04
3.340213e+01 6.917839e-04 6.171578e-04 8.270765e-04 6.311173e-04
3.345413e+01 7.186824e-04 6.426317e-04 8.641935e-04 6.492220e-04
3.350613e+01 7.470258e-04 6.714496e-04 9.022543e-04 6.673735e-04
3.355813e+01 7.754013e-04 7.023586e-04 9.383741e-04 6.854713e-04
3.361013e+01 8.024631e-04 7.336150e-04 9.701629e-04 7.036112e-04
3.366213e+01 8.270996e-04 7.632636e-04 9.960759e-04 7.219594e-04
3.371413e+01 8.485649e-04 7.895420e-04 1.015538e-03 7.406144e-04
3.376613e+01 8.665468e-04 8.112857e-04 1.028843e-03 7.595113e-04
3.381813e+01 8.811587e-04 8.281845e-04 1.036894e-03 7.783980e-04
3.387013e+01 8.928557e-04 8.407962e-04 1.040887e-03 7.968842e-04
3.392213e+01 9.022958e-04 8.503132e-04 1.042034e-03 8.145404e-04
3.397413e+01 9.101802e-04 8.581786e-04 1.041355e-03 8.310071e-04
3.402613e+01 9.171053e-04 8.656937e-04 1.039559e-03 8.460632e-04
3.407813e+01 9.234530e-04 8.737415e-04 1.036999e-03 8.596182e-04
3.413013e+01 9.293298e-04 8.826782e-04 1.033699e-03 8.716127e-04
3.418213e+01 9.345573e-04 8.923695e-04 1.029445e-03 8.818574e-04
3.423413e+01 9.387108e-04 9.023060e-04 1.023947e-03 8.898788e-04
3.428613e+01 9.412009e-04 9.117368e-04 1.017009e-03 8.948569e-04
3.433813e+01 9.413900e-04 9.197909e-04 1.008660e-03 8.957187e-04
3.439013e+01 9.387226e-04 9.255859e-04 9.991883e-04 8.913936e-04
3.444213e+01 9.328424e-04 9.283315e-04 9.890331e-04 8.811626e-04
3.449413e+01 9.236639e-04 9.274251e-04 9.785905e-04 8.649763e-04
3.454613e+01 9.113819e-04 9.225228e-04 9.680074e-04 8.436154e-04
3.459813e+01 8.964233e-04 9.135730e-04 9.570731e-04 8.186237e-04
3.465013e+01 8.793686e-04 9.008070e-04 9.452700e-04 7.920289e-04
3.470213e+01 8.608714e-04 8.846994e-04 9.319674e-04 7.659475e-04
3.475413e+01 8.415915e-04 8.659101e-04 9.166683e-04 7.421962e-04
3.480613e+01 8.221408e-04 8.452170e-04 8.991934e-04 7.220119e-04
3.485813e+01 8.030292e-04 8.234379e-04 8.797244e-04 7.059252e-04
3.491013e+01 7.846152e-04 8.013483e-04 8.587116e-04 6.937856e-04
3.496213e+01 7.670767e-04 7.796047e-04 8.367219e-04 6.849035e-04
3.501413e+01 7.504299e-04 7.586963e-04 8.143257e-04 6.782678e-04
3.506613e+01 7.346017e-04 7.389365e-04 7.920748e-04 6.727938e-04
3.511813e+01 7.195321e-04 7.204944e-04 7.705494e-04 6.675523e-04
3.517013e+01 7.052589e-04 7.034429e-04 7.503998e-04 6.619339e-04
3.522213e+01 6.919415e-04 6.877996e-04 7.323124e-04 6.557126e-04
3.527413e+01 6.798125e-04 6.735441e-04 7.168881e-04 6.490052e-04
3.532613e+01 6.690846e-04 6.606135e-04 7.044856e-04 6.421546e-04
3.537813e+01 6.598646e-04 6.488955e-04 6.951164e-04 6.355820e-04
3.543013e+01 6.521141e-04 6.382370e-04 6.884487e-04 6.296566e-04
3.548213e+01 6.456672e-04 6.284746e-04 6.839189e-04 6.246083e-04
3.553413e+01 6.402849e-04 6.194774e-04 6.808888e-04 6.204885e-04
3.558613e+01 6.357080e-04 6.111800e-04 6.787743e-04 6.171697e-04
3.563813e+01 6.316855e-04 6.035899e-04 6.770910e-04 6.143757e-04
3.569013e+01 6.279741e-04 5.967670e-04 6.754213e-04 6.117341e-04
3.574213e+01 6.243289e-04 5.907906e-04 6.733478e-04 6.088483e-04
3.579413e+01 6.205080e-04 5.857289e-04 6.704210e-04 6.053740e-04
3.584613e+01 6.162999e-04 5.816191e-04 6.662039e-04 6.010767e-04
3.589813e+01 6.115646e-04 5.784507e-04 6.603953e-04 5.958477e-04
3.595013e+01 6.062646e-04 5.761446e-04 6.529788e-04 5.896703e-04
3.600213e+01 6.004681e-04 5.745290e-04 6.443186e-04 5.825566e-04
3.605413e+01 5.943224e-04 5.733347e-04 6.351359e-04 5.744968e-04
3.610613e+01 5.880134e-04 5.722310e-04 6.263487e-04 5.654606e-04
3.615813e+01 5.817301e-04 5.709110e-04 6.188184e-04 5.554609e-04
3.621013e+01 5.756474e-04 5.692016e-04 6.130915e-04 5.446492e-04
3.626213e+01 5.699221e-04 5.671519e-04 6.092319e-04 5.333824e-04
3.631413e+01 5.646893e-04 5.650527e-04 6.068086e-04 5.222064e-04
3.636613e+01 5.600512e-04 5.633643e-04 6.050476e-04 5.117417e-04
3.641813e+01 5.560590e-04 5.625725e-04 6.030973e-04 5.025071e-04
3.647013e+01 5.526989e-04 5.630271e-04 6.003137e-04 4.947559e-04
3.652213e+01 5.498944e-04 5.648235e-04 5.964612e-04 4.883986e-04
3.657413e+01 5.475261e-04 5.677779e-04 5.917527e-04 4.830477e-04
3.662613e+01 5.454605e-04 5.715025e-04 5.867134e-04 4.781657e-04
3.667813e+01 5.435754e-04 5.755469e-04 5.819251e-04 4.732543e-04
3.673013e+01 5.417692e-04 5.795442e-04 5.777546e-04 4.680087e-04
3.678213e+01 5.399550e-04 5.832998e-04 5.741784e-04 4.623867e-04
3.683413e+01 5.380458e-04 5.867859e-04 5.707688e-04 4.565828e-04
3.688613e+01 5.359414e-04 5.900521e-04 5.668360e-04 4.509362e-04
3.693813e+01 5.335242e-04 5.930988e-04 5.616562e-04 4.458176e-04
3.699013e+01 5.306669e-04 5.957779e-04 5.546895e-04 4.415334e-04
3.704213e+01 5.272507e-04 5.977720e-04 5.457116e-04 4.382684e-04
3.709413e+01 5.231902e-04 5.986667e-04 5.348379e-04 4.360661e-04
3.714613e+01 5.184650e-04 5.980894e-04 5.224678e-04 4.348377e-04
3.719813e+01 5.131486e-04 5.958595e-04 5.091992e-04 4.343872e-04
3.725013e+01 5.074289e-04 5.920901e-04 4.957479e-04 4.344486e-04
3.730213e+01 5.016051e-04 5.872028e-04 4.828773e-04 4.347354e-04
3.735413e+01 4.960586e-04 5.818500e-04 4.713215e-04 4.350043e-04
3.740613e+01 4.911969e-04 5.767753e-04 4.616884e-04 4.351270e-04
3.745813e+01 4.873870e-04 5.726598e-04 4.543530e-04 4.351482e-04
3.751013e+01 4.848939e-04 5.700030e-04 4.493779e-04 4.353007e-04
3.756213e+01 4.838400e-04 5.690672e-04 4.464974e-04 4.359555e-04
3.761413e+01 4.841962e-04 5.698883e-04 4.451860e-04 4.375142e-04
3.766613e+01 4.858032e-04 5.723322e-04 4.447984e-04 4.402790e-04
3.771813e+01 4.884192e-04 5.761644e-04 4.447382e-04 4.443550e-04
3.777013e+01 4.917782e-04 5.811046e-04 4.446042e-04 4.496259e-04
3.782213e+01 4.956424e-04 5.868496e-04 4.442680e-04 4.558095e-04
3.787413e+01 4.998323e-04 5.930654e-04 4.438650e-04 4.625665e-04
3.792613e+01 5.042285e-04 5.993658e-04 4.437078e-04 4.696118e-04
3.797813e+01 5.087490e-04 6.052995e-04 4.441592e-04 4.767882e-04
3.803013e+01 5.133192e-04 6.103679e-04 4.455115e-04 4.840782e-04
3.808213e+01 5.178511e-04 6.140863e-04 4.479103e-04 4.915566e-04
3.813413e+01 5.222400e-04 6.160812e-04 4.513365e-04 4.993023e-04
3.818613e+01 5.263775e-04 6.161971e-04 4.556348e-04 5.073007e-04
3.823813e+01 5.301690e-04 6.145757e-04 4.605593e-04 5.153719e-04
3.829013e+01 5.335456e-04 6.116673e-04 4.658123e-04 5.231572e-04
3.834213e+01 5.364667e-04 6.081539e-04 4.710639e-04 5.301822e-04
3.839413e+01 5.389111e-04 6.047922e-04 4.759575e-04 5.359836e-04
3.844613e+01 5.408638e-04 6.022143e-04 4.801153e-04 5.402618e-04
3.849813e+01 5.423004e-04 6.007460e-04 4.831552e-04 5.429999e-04
3.855013e+01 5.431771e-04 6.003051e-04 4.847260e-04 5.445004e-04
3.860213e+01 5.434334e-04 6.004228e-04 4.845582e-04 5.453191e-04
3.865413e+01 5.430101e-04 6.003916e-04 4.825212e-04 5.461175e-04
3.870613e+01 5.418821e-04 5.994948e-04 4.786709e-04 5.474806e-04
3.875813e+01 5.400906e-04 5.972374e-04 4.732733e-04 5.497612e-04
3.881013e+01 5.377581e-04 5.934896e-04 4.667867e-04 5.529981e-04
3.886213e+01 5.350741e-04 5.884851e-04 4.598041e-04 5.569330e-04
3.891413e+01 5.322545e-04 5.826817e-04 4.529629e-04 5.611188e-04
3.896613e+01 5.294922e-04 5.765473e-04 4.468450e-04 5.650843e-04
3.901813e+01 5.269225e-04 5.703731e-04 4.418949e-04 5.684995e-04
3.907013e+01 5.246194e-04 5.641971e-04 4.383763e-04 5.712850e-04
3.912213e+01 5.226221e-04 5.578652e-04 4.363761e-04 5.736252e-04
3.917413e+01 5.209727e-04 5.511920e-04 4.358465e-04 5.758794e-04
3.922613e+01 5.197389e-04 5.441331e-04 4.366652e-04 5.784183e-04
3.927813e+01 5.190027e-04 5.368799e-04 4.386888e-04 5.814395e-04
3.933013e+01 5.188113e-04 5.298287e-04 4.417830e-04 5.848221e-04
3.938213e+01 5.191094e-04 5.234385e-04 4.458219e-04 5.880680e-04
3.943413e+01 5.196878e-04 5.180480e-04 4.506604e-04 5.903549e-04
3.948613e+01 5.201774e-04 5.137404e-04 4.560932e-04 5.906986e-04
3.953813e+01 5.201096e-04 5.103181e-04 4.618175e-04 5.881931e-04
3.959013e+01 5.190283e-04 5.073915e-04 4.674207e-04 5.822727e-04
3.964213e+01 5.166188e-04 5.045312e-04 4.724076e-04 5.729175e-04
3.969413e+01 5.128012e-04 5.014089e-04 4.762670e-04 5.607278e-04
3.974613e+01 5.077508e-04 4.978684e-04 4.785647e-04 5.468192e-04
3.979813e+01 5.018325e-04 4.939139e-04 4.790270e-04 5.325567e-04
3.985013e+01 4.954786e-04 4.896435e-04 4.775871e-04 5.192052e-04
3.990213e+01 4.890564e-04 4.851731e-04 4.743733e-04 5.076228e-04
3.995413e+01 4.827787e-04 4.805868e-04 4.696468e-04 4.981026e-04
4.000613e+01 4.766825e-04 4.759215e-04 4.637158e-04 4.904104e-04
4.005813e+01 4.706720e-04 4.711777e-04 4.568591e-04 4.839794e-04
4.011013e+01 4.645949e-04 4.663371e-04 4.492863e-04 4.781614e-04
4.016213e+01 4.583150e-04 4.613761e-04 4.411424e-04 4.724264e-04
4.021413e+01 4.517541e-04 4.562707e-04 4.325473e-04 4.664443e-04
4.026613e+01 4.448989e-04 4.509977e-04 4.236465e-04 4.600524e-04
4.031813e+01 4.377840e-04 4.455385e-04 4.146469e-04 4.531667e-04
4.037013e+01 4.304746e-04 4.398928e-04 4.058194e-04 4.457118e-04
4.042213e+01 4.230607e-04 4.341024e-04 3.974640e-04 4.376158e-04
4.047413e+01 4.156643e-04 4.282765e-04 3.898495e-04 4.288670e-04
4.052613e+01 4.084463e-04 4.226031e-04 3.831490e-04 4.195868e-04
4.057813e+01 4.015987e-04 4.173348e-04 3.773987e-04 4.100626e-04
4.063013e+01 3.953184e-04 4.127492e-04 3.724971e-04 4.007087e-04
4.068213e+01 3.897742e-04 4.091017e-04 3.682547e-04 3.919662e-04
4.073413e+01 3.850869e-04 4.065906e-04 3.644824e-04 3.841876e-04
4.078613e+01 3.813345e-04 4.053503e-04 3.610929e-04 3.775602e-04
4.083813e+01 3.785795e-04 4.054618e-04 3.581768e-04 3.720998e-04
4.089013e+01 3.768969e-04 4.069629e-04 3.560172e-04 3.677107e-04
4.094213e+01 3.763798e-04 4.098360e-04 3.550284e-04 3.642752e-04
4.099413e+01 3.771130e-04 4.139779e-04 3.556305e-04 3.617307e-04
4.104613e+01 3.791294e-04 4.191766e-04 3.581040e-04 3.601074e-04
4.109813e+01 3.823768e-04 4.251259e-04 3.624764e-04 3.595282e-04
4.115013e+01 3.867235e-04 4.314916e-04 3.684873e-04 3.601917e-04
4.120213e+01 3.920048e-04 4.380079e-04 3.756461e-04 3.623604e-04
4.125413e+01 3.980911e-04 4.445538e-04 3.833614e-04 3.663583e-04
4.130613e+01 4.049393e-04 4.511626e-04 3.910945e-04 3.725609e-04
4.135813e+01 4.125961e-04 4.579540e-04 3.984810e-04 3.813534e-04
4.141013e+01 4.211470e-04 4.650196e-04 4.053782e-04 3.930432e-04
4.146213e+01 4.306327e-04 4.723285e-04 4.118291e-04 4.077405e-04
4.151413e+01 4.409724e-04 4.797046e-04 4.179647e-04 4.252480e-04
4.156613e+01 4.519295e-04 4.868896e-04 4.238894e-04 4.450096e-04
4.161813e+01 4.631363e-04 4.936546e-04 4.295971e-04 4.661570e-04
4.167013e+01 4.741680e-04 4.998988e-04 4.349473e-04 4.876580e-04
4.172213e+01 4.846391e-04 5.056851e-04 4.397037e-04 5.085284e-04
4.177413e+01 4.942861e-04 5.112014e-04 4.436125e-04 5.280446e-04
4.182613e+01 5.030158e-04 5.166772e-04 4.464892e-04 5.458810e-04
4.187813e+01 5.109037e-04 5.223047e-04 4.482846e-04 5.621218e-04
4.193013e+01 5.181523e-04 5.282024e-04 4.491184e-04 5.771361e-04
4.198213e+01 5.250220e-04 5.344295e-04 4.492797e-04 5.913567e-04
4.203413e+01 5.317573e-04 5.410313e-04 4.492007e-04 6.050399e-04
4.208613e+01 5.385282e-04 5.480834e-04 4.494060e-04 6.180952e-04
4.213813e+01 5.453968e-04 5.557071e-04 4.504366e-04 6.300468e-04
4.219013e+01 5.523143e-04 5.640488e-04 4.527522e-04 6.401419e-04
4.224213e+01 5.591379e-04 5.732266e-04 4.566253e-04 6.475618e-04
4.229413e+01 5.656593e-04 5.832613e-04 4.620550e-04 6.516617e-04
4.234613e+01 5.716351e-04 5.940115e-04 4.687314e-04 6.521622e-04
4.239813e+01 5.768183e-04 6.051381e-04 4.760748e-04 6.492421e-04
4.245013e+01 5.809987e-04 6.161215e-04 4.833499e-04 6.435248e-04
4.250213e+01 5.840528e-04 6.263454e-04 4.898325e-04 6.359805e-04
4.255413e+01 5.859980e-04 6.352350e-04 4.949810e-04 6.277779e-04
4.260613e+01 5.870296e-04 6.424116e-04 4.985584e-04 6.201190e-04
4.265813e+01 5.875149e-04 6.478093e-04 5.006624e-04 6.140732e-04
4.271013e+01 5.879285e-04 6.517094e-04 5.016526e-04 6.104236e-04
4.276213e+01 5.887382e-04 6.546730e-04 5.020021e-04 6.095393e-04
4.281413e+01 5.902737e-04 6.573943e-04 5.021304e-04 6.112964e-04
4.286613e+01 5.926257e-04 6.605219e-04 5.022819e-04 6.150734e-04
4.291813e+01 5.956141e-04 6.645062e-04 5.024914e-04 6.198448e-04
4.297013e+01 5.988428e-04 6.695161e-04 5.026440e-04 6.243683e-04
4.302213e+01 6.018235e-04 6.754396e-04 5.025955e-04 6.274352e-04
4.307413e+01 6.041263e-04 6.819557e-04 5.022992e-04 6.281239e-04
4.312613e+01 6.055034e-04 6.886382e-04 5.018827e-04 6.259893e-04
4.317813e+01 6.059441e-04 6.950548e-04 5.016386e-04 6.211390e-04
4.323013e+01 6.056475e-04 7.008299e-04 5.019272e-04 6.141855e-04
4.328213e+01 6.049293e-04 7.056651e-04 5.030243e-04 6.060985e-04
4.333413e+01 6.041026e-04 7.093232e-04 5.049758e-04 5.980088e-04
4.338613e+01 6.033768e-04 7.115925e-04 5.075242e-04 5.910137e-04
4.343813e+01 6.028062e-04 7.122498e-04 5.101517e-04 5.860171e-04
4.349013e+01 6.022980e-04 7.110392e-04 5.122367e-04 5.836181e-04
4.354213e+01 6.016637e-04 7.076815e-04 5.132677e-04 5.840419e-04
4.359413e+01 6.006833e-04 7.019217e-04 5.130238e-04 5.871044e-04
4.364613e+01 5.991516e-04 6.936021e-04 5.116423e-04 5.922103e-04
4.369813e+01 5.968904e-04 6.827326e-04 5.095434e-04 5.983951e-04
4.375013e+01 5.937383e-04 6.695248e-04 5.072549e-04 6.044352e-04
4.380213e+01 5.895450e-04 6.543740e-04 5.052232e-04 6.090378e-04
4.385413e+01 5.841965e-04 6.378014e-04 5.036956e-04 6.110925e-04
4.390613e+01 5.776744e-04 6.203926e-04 5.027067e-04 6.099240e-04
4.395813e+01 5.701212e-04 6.027570e-04 5.021484e-04 6.054580e-04
4.401013e+01 5.618676e-04 5.855119e-04 5.018630e-04 5.982280e-04
4.406213e+01 5.533910e-04 5.692578e-04 5.017105e-04 5.892047e-04
4.411413e+01 5.452059e-04 5.545195e-04 5.015861e-04 5.795120e-04
4.416613e+01 5.377287e-04 5.416496e-04 5.013991e-04 5.701374e-04
4.421813e+01 5.311718e-04 5.307394e-04 5.010335e-04 5.617425e-04
4.427013e+01 5.255106e-04 5.215944e-04 5.003152e-04 5.546222e-04
4.432213e+01 5.205314e-04 5.138105e-04 4.990031e-04 5.487806e-04
4.437413e+01 5.159303e-04 5.069291e-04 4.968134e-04 5.440485e-04
4.442613e+01 5.114178e-04 5.006035e-04 4.934803e-04 5.401696e-04
4.447813e+01 5.067868e-04 4.946960e-04 4.888359e-04 5.368284e-04
4.453013e+01 5.019299e-04 4.892627e-04 4.828789e-04 5.336481e-04
4.458213e+01 4.968149e-04 4.844387e-04 4.757983e-04 5.302075e-04
4.463413e+01 4.914415e-04 4.802859e-04 4.679305e-04 5.261081e-04
4.468613e+01 4.858046e-04 4.766737e-04 4.596644e-04 5.210757e-04
4.473813e+01 4.798738e-04 4.732441e-04 4.513295e-04 5.150480e-04
4.479013e+01 4.735931e-04 4.694740e-04 4.431145e-04 5.081908e-04
4.484213e+01 4.668939e-04 4.648116e-04 4.350458e-04 5.008241e-04
4.489413e+01 4.597171e-04 4.588413e-04 4.270265e-04 4.932837e-04
4.494613e+01 4.520384e-04 4.514222e-04 4.189115e-04 4.857816e-04
4.499813e+01 4.438884e-04 4.427513e-04 4.105820e-04 4.783319e-04
4.505013e+01 4.353616e-04 4.333207e-04 4.019909e-04 4.707733e-04
4.510213e+01 4.266078e-04 4.237754e-04 3.931704e-04 4.628776e-04
4.515413e+01 4.178070e-04 4.147175e-04 3.842141e-04 4.544894e-04
4.520613e+01 4.091392e-04 4.065290e-04 3.752526e-04 4.456359e-04
4.525813e+01 4.007575e-04 3.992801e-04 3.664356e-04 4.365569e-04
4.531013e+01 3.927732e-04 3.927558e-04 3.579198e-04 4.276439e-04
4.536213e+01 3.852495e-04 3.865801e-04 3.498526e-04 4.193159e-04
4.541413e+01 3.781995e-04 3.803769e-04 3.423428e-04 4.118789e-04
4.546613e+01 3.715837e-04 3.739004e-04 3.354250e-04 4.054258e-04
4.551813e+01 3.653093e-04 3.670893e-04 3.290333e-04 3.998053e-04
4.557013e+01 3.592390e-04 3.600399e-04 3.230089e-04 3.946681e-04
4.562213e+01 3.532134e-04 3.529307e-04 3.171463e-04 3.895631e-04
4.567413e+01 3.470865e-04 3.459400e-04 3.112694e-04 3.840500e-04
4.572613e+01 3.407639e-04 3.391933e-04 3.053050e-04 3.777934e-04
4.577813e+01 3.342315e-04 3.327551e-04 2.993186e-04 3.706208e-04
4.583013e+01 3.275638e-04 3.266568e-04 2.934947e-04 3.625400e-04
4.588213e+01 3.209099e-04 3.209425e-04 2.880656e-04 3.537215e-04
4.593413e+01 3.144620e-04 3.157079e-04 2.832213e-04 3.444568e-04
4.598613e+01 3.084182e-04 3.111130e-04 2.790384e-04 3.351033e-04
4.603813e+01 3.029482e-04 3.073603e-04 2.754582e-04 3.260260e-04
4.609013e+01 2.981686e-04 3.046399e-04 2.723170e-04 3.175490e-04
4.614213e+01 2.941296e-04 3.030563e-04 2.694086e-04 3.099238e-04
4.619413e+01 2.908103e-04 3.025631e-04 2.665495e-04 3.033183e-04
4.624613e+01 2.881247e-04 3.029305e-04 2.636202e-04 2.978235e-04
4.629813e+01 2.859346e-04 3.037630e-04 2.605729e-04 2.934680e-04
4.635013e+01 2.840701e-04 3.045645e-04 2.574129e-04 2.902329e-04
4.640213e+01 2.823544e-04 3.048316e-04 2.541712e-04 2.880604e-04
4.645413e+01 2.806285e-04 3.041433e-04 2.508869e-04 2.868554e-04
4.650613e+01 2.787720e-04 3.022257e-04 2.476046e-04 2.864857e-04
4.655813e+01 2.767147e-04 2.989779e-04 2.443847e-04 2.867815e-04
4.661013e+01 2.744389e-04 2.944651e-04 2.413122e-04 2.875393e-04
4.666213e+01 2.719690e-04 2.888841e-04 2.384913e-04 2.885316e-04
4.671413e+01 2.693532e-04 2.825154e-04 2.360223e-04 2.895219e-04
4.676613e+01 2.666397e-04 2.756663e-04 2.339661e-04 2.902868e-04
4.681813e+01 2.638549e-04 2.686153e-04 2.323141e-04 2.906355e-04
4.687013e+01 2.609898e-04 2.615687e-04 2.309779e-04 2.904228e-04
4.692213e+01 2.579971e-04 2.546380e-04 2.298088e-04 2.895445e-04
4.697413e+01 2.548012e-04 2.478449e-04 2.286400e-04 2.879187e-04
4.702613e+01 2.513174e-04 2.411524e-04 2.273361e-04 2.854636e-04
4.707813e+01 2.474778e-04 2.345113e-04 2.258307e-04 2.820914e-04
4.713013e+01 2.432575e-04 2.279083e-04 2.241346e-04 2.777297e-04
4.718213e+01 2.386938e-04 2.214002e-04 2.223144e-04 2.723669e-04
4.723413e+01 2.338914e-04 2.151224e-04 2.204521e-04 2.660998e-04
4.728613e+01 2.290095e-04 2.092691e-04 2.186039e-04 2.591554e-04
4.733813e+01 2.242332e-04 2.040510e-04 2.167786e-04 2.518699e-04
4.739013e+01 2.197392e-04 1.996463e-04 2.149440e-04 2.446273e-04
4.744213e+01 2.156677e-04 1.961627e-04 2.130587e-04 2.377818e-04
4.749413e+01 2.121094e-04 1.936215e-04 2.111160e-04 2.315906e-04
4.754613e+01 2.091075e-04 1.919675e-04 2.091775e-04 2.261774e-04
4.759813e+01 2.066689e-04 1.910959e-04 2.073802e-04 2.215306e-04
4.765013e+01 2.047714e-04 1.908813e-04 2.059060e-04 2.175268e-04
4.770213e+01 2.033617e-04 1.911981e-04 2.049205e-04 2.139665e-04
4.775413e+01 2.023447e-04 1.919229e-04 2.045001e-04 2.106111e-04
4.780613e+01 2.015735e-04 1.929240e-04 2.045770e-04 2.072197e-04
4.785813e+01 2.008498e-04 1.940413e-04 2.049262e-04 2.035819e-04
4.791013e+01 1.999406e-04 1.950691e-04 2.052057e-04 1.995471e-04
4.796213e+01 1.986098e-04 1.957505e-04 2.050364e-04 1.950425e-04
4.801413e+01 1.966543e-04 1.957924e-04 2.040945e-04 1.900761e-04
4.806613e+01 1.939354e-04 1.949028e-04 2.021818e-04 1.847216e-04
4.811813e+01 1.903958e-04 1.928447e-04 1.992518e-04 1.790908e-04
4.817013e+01 1.860616e-04 1.894927e-04 1.953886e-04 1.733034e-04
4.822213e+01 1.810305e-04 1.848732e-04 1.907530e-04 1.674653e-04
4.827413e+01 1.754510e-04 1.791711e-04 1.855238e-04 1.616582e-04
4.832613e+01 1.694964e-04 1.726959e-04 1.798525e-04 1.559406e-04
4.837813e+01 1.633367e-04 1.658153e-04 1.738443e-04 1.503506e-04
4.843013e+01 1.571137e-04 1.588733e-04 1.675609e-04 1.449070e-04
4.848213e+01 1.509224e-04 1.521224e-04 1.610381e-04 1.396067e-04
4.853413e+01 1.448048e-04 1.456882e-04 1.543040e-04 1.344222e-04
4.858613e+01 1.387580e-04 1.395757e-04 1.473942e-04 1.293039e-04
4.863813e+01 1.327524e-04 1.337088e-04 1.403578e-04 1.241906e-04
4.869013e+01 1.267556e-04 1.279833e-04 1.332584e-04 1.190252e-04
4.874213e+01 1.207522e-04 1.223133e-04 1.261707e-04 1.137725e-04
4.879413e+01 1.147566e-04 1.166580e-04 1.191770e-04 1.084346e-04
4.884613e+01 1.088165e-04 1.110277e-04 1.123629e-04 1.030588e-04
4.889813e+01 1.030094e-04 1.054768e-04 1.058133e-04 9.773798e-05
4.895013e+01 9.743283e-05 1.000901e-04 9.960561e-05 9.260277e-05
4.900213e+01 9.219049e-05 9.496971e-05 9.379863e-05 8.780313e-05
4.905413e+01 8.737159e-05 9.021814e-05 8.841753e-05 8.347908e-05
4.910613e+01 8.302472e-05 8.591615e-05 8.343753e-05 7.972047e-05
4.915813e+01 7.912885e-05 8.209225e-05 7.877241e-05 7.652189e-05
4.921013e+01 7.557011e-05 7.868952e-05 7.427423e-05 7.374659e-05
4.926213e+01 7.213629e-05 7.554213e-05 6.974895e-05 7.111780e-05
4.931413e+01 6.853968e-05 7.237755e-05 6.498837e-05 6.825312e-05
4.936613e+01 6.447117e-05 6.885578e-05 5.981369e-05 6.474404e-05
4.941813e+01 5.967582e-05 6.464362e-05 5.412072e-05 6.026312e-05
4.947013e+01 5.402824e-05 5.950552e-05 4.791444e-05 5.466478e-05
4.952213e+01 4.758158e-05 5.338096e-05 4.132139e-05 4.804240e-05
4.957413e+01 4.057052e-05 4.641929e-05 3.457409e-05 4.071817e-05
4.962613e+01 3.336471e-05 3.895700e-05 2.796951e-05 3.316762e-05
4.967813e+01 2.638745e-05 3.144394e-05 2.181248e-05 2.590592e-05
4.973013e+01 2.002609e-05 2.434374e-05 1.635930e-05 1.937523e-05
4.978213e+01 1.456140e-05 1.804024e-05 1.177665e-05 1.386732e-05
4.983413e+01 1.013300e-05 1.277638e-05 8.124801e-06 9.497809e-06
4.988613e+01 6.743054e-06 8.636199e-06 5.365663e-06 6.227299e-06
4.993813e+01 4.288421e-06 5.565531e-06 3.388892e-06 3.910838e-06
4.999013e+01 2.605135e-06 3.416008e-06 2.045527e-06 2.353870e-06
5.004213e+01 1.510836e-06 1.994940e-06 1.179254e-06 1.358315e-06
5.009413e+01 8.359532e-07 1.107398e-06 6.489687e-07 7.514933e-07
5.014613e+01 4.409500e-07 5.837021e-07 3.407236e-07 3.984244e-07
5.019813e+01 2.215328e-07 2.918298e-07 1.705497e-07 2.022190e-07
5.025013e+01 1.058917e-07 1.382440e-07 8.132438e-08 9.810683e-08
5.030213e+01 4.809953e-08 6.198225e-08 3.690577e-08 4.541056e-08
5.035413e+01 2.073556e-08 2.627400e-08 1.592164e-08 2.001105e-08
5.040613e+01 8.472436e-09 1.051891e-08 6.521678e-09 8.376716e-09
5.045813e+01 3.276706e-09 3.973494e-09 2.532937e-09 3.323688e-09
5.051013e+01 1.197936e-09 1.414896e-09 9.314849e-10 1.247427e-09
5.056213e+01 4.134825e-10 4.745148e-10 3.238971e-10 4.420357e-10
5.061413e+01 1.345490e-10 1.497206e-10 1.063124e-10 1.476141e-10
5.066613e+01 4.123080e-11 4.441551e-11 3.290025e-11 4.637663e-11
5.071813e+01 1.185480e-11 1.234131e-11 9.562717e-12 1.366038e-11
5.077013e+01 3.199957e-12 3.206419e-12 2.612051e-12 3.781401e-12
5.082213e+01 7.970044e-13 7.636557e-13 6.579641e-13 9.693933e-13
5.087413e+01 1.791124e-13 1.594840e-13 1.469826e-13 2.308706e-13
5.092613e+01 3.844923e-14 3.103845e-14 3.299476e-14 5.131449e-14
5.097813e+01 6.321822e-15 1.158098e-15 7.103000e-15 1.070437e-14
5.103013e+01 0.000000e+00 0.000000e+00 0.000000e+00 0.000000e+00
5.108213e+01 0.000000e+00 0.000000e+00 0.000000e+00 0.000000e+00
5.113413e+01 0.000000e+00 0.000000e+00 0.000000e+00 0.000000e+00
5.118613e+01 0.000000e+00 0.000000e+00 0.000000e+00 0.000000e+00
5.123813e+01 0.000000e+00 0.000000e+00 0.000000e+00 0.000000e+00
5.129013e+01 0.000000e+00 0.000000e+00 0.000000e+00 0.000000e+00
5.134213e+01 0.000000e+00 0.000000e+00 0.000000e+00 0.000000e+00
5.139413e+01 0.000000e+00 0.000000e+00 0.000000e+00 0.000000e+00
5.144613e+01 0.000000e+00 0.000000e+00 0.000000e+00 0.000000e+00
5.149813e+01 0.000000e+00 0.000000e+00 0.000000e+00 0.000000e+00
5.155013e+01 0.000000e+00 0.000000e+00 0.000000e+00 0.000000e+00
5.160213e+01 0.000000e+00 0.000000e+00 0.000000e+00 0.000000e+00
5.165413e+01 0.000000e+00 0.000000e+00 0.000000e+00 0.000000e+00
5.170613e+01 0.000000e+00 0.000000e+00 0.000000e+00 0.000000e+00
5.175813e+01 0.000000e+00 0.000000e+00 0.000000e+00 0.000000e+00
5.181013e+01 0.000000e+00 0.000000e+00 0.000000e+00 0.000000e+00
5.186213e+01 0.000000e+00 0.000000e+00 0.000000e+00 0.000000e+00
5.191413e+01 0.000000e+00 0.000000e+00 0.000000e+00 0.000000e+00
5.196613e+01 0.000000e+00 0.000000e+00 0.000000e+00 0.000000e+00
5.201813e+01 0.000000e+00 0.000000e+00 0.000000e+00 0.000000e+00
5.207013e+01 0.000000e+00 0.000000e+00 0.000000e+00 0.000000e+00
5.212213e+01 0.000000e+00 0.000000e+00 0.000000e+00 0.000000e+00
5.217413e+01 0.000000e+00 0.000000e+00 0.000000e+00 0.000000e+00
5.222613e+01 0.000000e+00 0.000000e+00 0.000000e+00 0.000000e+00
5.227813e+01 0.000000e+00 0.000000e+00 0.000000e+00 0.000000e+00
5.233013e+01 0.000000e+00 0.000000e+00 0.000000e+00 0.000000e+00
5.238213e+01 0.000000e+00 0.000000e+00 0.000000e+00 0.000000e+00
5.243413e+01 0.000000e+00 0.000000e+00 0.000000e+00 0.000000e+00
5.248613e+01 0.000000e+00 0.000000e+00 0.000000e+00 0.000000e+00
5.253813e+01 0.000000e+00 0.000000e+00 0.000000e+00 0.000000e+00
5.259013e+01 0.000000e+00 0.000000e+00 0.000000e+00 0.000000e+00
5.264213e+01 0.000000e+00 0.000000e+00 0.000000e+00 0.000000e+00
5.269413e+01 0.000000e+00 0.000000e+00 0.000000e+00 0.000000e+00
5.274613e+01 0.000000e+00 0.000000e+00 0.000000e+00 0.000000e+00
5.279813e+01 0.000000e+00 0.000000e+00 0.000000e+00 0.000000e+00
5.285013e+01 0.000000e+00 0.000000e+00 0.000000e+00 0.000000e+00
5.290213e+01 0.000000e+00 0.000000e+00 0.000000e+00 0.000000e+00
5.295413e+01 0.000000e+00 0.000000e+00 0.000000e+00 0.000000e+00
5.300613e+01 0.000000e+00 0.000000e+00 0.000000e+00 0.000000e+00
5.305813e+01 0.000000e+00 0.000000e+00 0.000000e+00 0.000000e+00
5.311013e+01 0.000000e+00 0.000000e+00 0.000000e+00 0.000000e+00
5.316213e+01 0.000000e+00 0.000000e+00 0.000000e+00 0.000000e+00
5.321413e+01 0.000000e+00 0.000000e+00 0.000000e+00 0.000000e+00
5.326613e+01 0.000000e+00 0.000000e+00 0.000000e+00 0.000000e+00
5.331813e+01 0.000000e+00 0.000000e+00 0.000000e+00 0.000000e+00
5.337013e+01 0.000000e+00 0.000000e+00 0.000000e+00 0.000000e+00
5.342213e+01 0.000000e+00 0.000000e+00 0.000000e+00 0.000000e+00
5.347413e+01 0.000000e+00 0.000000e+00 0.000000e+00 0.000000e+00
5.352613e+01 0.000000e+00 0.000000e+00 0.000000e+00 0.000000e+00
5.357813e+01 0.000000e+00 0.000000e+00 0.000000e+00 0.000000e+00
5.363013e+01 0.000000e+00 0.000000e+00 0.000000e+00 0.000000e+00
5.368213e+01 0.000000e+00 0.000000e+00 0.000000e+00 0.000000e+00
5.373413e+01 0.000000e+00 0.000000e+00 0.000000e+00 0.000000e+00
5.378613e+01 0.000000e+00 0.000000e+00 0.000000e+00 0.000000e+00
5.383813e+01 0.000000e+00 0.000000e+00 0.000000e+00 0.000000e+00
5.389013e+01 0.000000e+00 0.000000e+00 0.000000e+00 0.000000e+00
5.394213e+01 0.000000e+00 0.000000e+00 0.000000e+00 0.000000e+00
5.399413e+01 0.000000e+00 0.000000e+00 0.000000e+00 0.000000e+00
5.404613e+01 0.000000e+00 0.000000e+00 0.000000e+00 0.000000e+00
5.409813e+01 0.000000e+00 0.000000e+00 0.000000e+00 0.000000e+00
5.415013e+01 0.000000e+00 0.000000e+00 0.000000e+00 0.000000e+00
5.420213e+01 0.000000e+00 0.000000e+00 0.000000e+00 0.000000e+00
5.425413e+01 0.000000e+00 0.000000e+00 0.000000e+00 0.000000e+00
5.430613e+01 0.000000e+00 0.000000e+00 0.000000e+00 0.000000e+00
5.435813e+01 0.000000e+00 0.000000e+00 0.000000e+00 0.000000e+00
5.441013e+01 0.000000e+00 0.000000e+00 0.000000e+00 0.000000e+00
5.446213e+01 0.000000e+00 0.000000e+00 0.000000e+00 0.000000e+00
5.451413e+01 0.000000e+00 0.000000e+00 0.000000e+00 0.000000e+00
5.456613e+01 0.000000e+00 0.000000e+00 0.000000e+00 0.000000e+00
5.461813e+01 0.000000e+00 0.000000e+00 0.000000e+00 0.000000e+00
5.467013e+01 0.000000e+00 0.000000e+00 0.000000e+00 0.000000e+00
5.472213e+01 0.000000e+00 0.000000e+00 0.000000e+00 0.000000e+00
5.477413e+01 0.000000e+00 0.000000e+00 0.000000e+00 0.000000e+00
5.482613e+01 0.000000e+00 0.000000e+00 0.000000e+00 0.000000e+00
5.487813e+01 0.000000e+00 0.000000e+00 0.000000e+00 0.000000e+00
5.493013e+01 0.000000e+00 0.000000e+00 0.000000e+00 0.000000e+00
5.498213e+01 0.000000e+00 0.000000e+00 0.000000e+00 0.000000e+00
5.503413e+01 0.000000e+00 0.000000e+00 0.000000e+00 0.000000e+00
5.508613e+01 0.000000e+00 0.000000e+00 0.000000e+00 0.000000e+00
5.513813e+01 0.000000e+00 0.000000e+00 0.000000e+00 0.000000e+00
5.519013e+01 0.000000e+00 0.000000e+00 0.000000e+00 0.000000e+00
5.524213e+01 0.000000e+00 0.000000e+00 0.000000e+00 0.000000e+00
5.529413e+01 0.000000e+00 0.000000e+00 0.000000e+00 0.000000e+00
5.534613e+01 0.000000e+00 0.000000e+00 0.000000e+00 0.000000e+00
5.539813e+01 0.000000e+00 0.000000e+00 0.000000e+00 0.000000e+00
5.545013e+01 0.000000e+00 0.000000e+00 0.000000e+00 0.000000e+00
5.550213e+01 0.000000e+00 0.000000e+00 0.000000e+00 0.000000e+00
5.555413e+01 0.000000e+00 0.000000e+00 0.000000e+00 0.000000e+00
5.560613e+01 0.000000e+00 0.000000e+00 0.000000e+00 0.000000e+00
5.565813e+01 0.000000e+00 0.000000e+00 0.000000e+00 0.000000e+00
5.571013e+01 0.000000e+00 0.000000e+00 0.000000e+00 0.000000e+00
5.576213e+01 0.000000e+00 0.000000e+00 0.000000e+00 0.000000e+00
5.581413e+01 0.000000e+00 0.000000e+00 0.000000e+00 0.000000e+00
5.586613e+01 0.000000e+00 0.000000e+00 0.000000e+00 0.000000e+00
5.591813e+01 0.000000e+00 0.000000e+00 0.000000e+00 0.000000e+00
5.597013e+01 0.000000e+00 0.000000e+00 0.000000e+00 0.000000e+00
5.602213e+01 0.000000e+00 0.000000e+00 0.000000e+00 0.000000e+00
5.607413e+01 0.000000e+00 0.000000e+00 0.000000e+00 0.000000e+00
5.612613e+01 0.000000e+00 0.000000e+00 0.000000e+00 0.000000e+00
