7.550532e+00 0.000000e+00 0.000000e+00 0.000000e+00 0.000000e+00
7.599502e+00 0.000000e+00 0.000000e+00 0.000000e+00 0.000000e+00
7.648473e+00 0.000000e+00 0.000000e+00 0.000000e+00 0.000000e+00
7.697443e+00 0.000000e+00 0.000000e+00 0.000000e+00 0.000000e+00
7.746414e+00 0.000000e+00 0.000000e+00 0.000000e+00 0.000000e+00
7.795385e+00 0.000000e+00 0.000000e+00 0.000000e+00 0.000000e+00
7.844355e+00 0.000000e+00 0.000000e+00 0.000000e+00 0.000000e+00
7.893326e+00 0.000000e+00 0.000000e+00 0.000000e+00 0.000000e+00
7.942296e+00 0.000000e+00 0.000000e+00 0.000000e+00 0.000000e+00
7.991267e+00 0.000000e+00 0.000000e+00 0.000000e+00 0.000000e+00
8.040238e+00 0.000000e+00 0.000000e+00 0.000000e+00 0.000000e+00
8.089208e+00 0.000000e+00 0.000000e+00 0.000000e+00 0.000000e+00
8.138179e+00 0.000000e+00 0.000000e+00 0.000000e+00 0.000000e+00
8.187149e+00 0.000000e+00 0.000000e+00 0.000000e+00 0.000000e+00
8.236120e+00 0.000000e+00 0.000000e+00 0.000000e+00 0.000000e+00
8.285091e+00 0.000000e+00 0.000000e+00 0.000000e+00 0.000000e+00
8.334061e+00 0.000000e+00 0.000000e+00 0.000000e+00 0.000000e+00
8.383032e+00 0.000000e+00 0.000000e+00 0.000000e+00 0.000000e+00
8.432002e+00 0.000000e+00 0.000000e+00 0.000000e+00 0.000000e+00
8.480973e+00 0.000000e+00 0.000000e+00 0.000000e+00 0.000000e+00
8.529944e+00 0.000000e+00 0.000000e+00 0.000000e+00 0.000000e+00
8.578914e+00 0.000000e+00 0.000000e+00 0.000000e+00 0.000000e+00
8.627885e+00 0.000000e+00 0.000000e+00 0.000000e+00 0.000000e+00
8.676855e+00 0.000000e+00 0.000000e+00 0.000000e+00 0.000000e+00
8.725826e+00 0.000000e+00 0.000000e+00 0.000000e+00 0.000000e+00
8.774797e+00 0.000000e+00 0.000000e+00 0.000000e+00 0.000000e+00
8.823767e+00 0.000000e+00 0.000000e+00 0.000000e+00 0.000000e+00
8.872738e+00 0.000000e+00 0.000000e+00 0.000000e+00 0.000000e+00
8.921708e+00 0.000000e+00 0.000000e+00 0.000000e+00 0.000000e+00
8.970679e+00 0.000000e+00 0.000000e+00 0.000000e+00 0.000000e+00
9.019650e+00 0.000000e+00 0.000000e+00 0.000000e+00 0.000000e+00
9.068620e+00 0.000000e+00 0.000000e+00 0.000000e+00 0.000000e+00
9.117591e+00 0.000000e+00 0.000000e+00 0.000000e+00 0.000000e+00
9.166561e+00 0.000000e+00 0.000000e+00 0.000000e+00 0.000000e+00
9.215532e+00 0.000000e+00 0.000000e+00 0.000000e+00 0.000000e+00
9.264503e+00 0.000000e+00 0.000000e+00 0.000000e+00 0.000000e+00
9.313473e+00 0.000000e+00 0.000000e+00 0.000000e+00 0.000000e+00
9.362444e+00 0.000000e+00 0.000000e+00 0.000000e+00 0.000000e+00
9.411414e+00 0.000000e+00 0.000000e+00 0.000000e+00 0.000000e+00
9.460385e+00 0.000000e+00 0.000000e+00 0.000000e+00 0.000000e+00
9.509356e+00 0.000000e+00 0.000000e+00 0.000000e+00 0.000000e+00
9.558326e+00 0.000000e+00 0.000000e+00 0.000000e+00 0.000000e+00
9.607297e+00 0.000000e+00 0.000000e+00 0.000000e+00 0.000000e+00
9.656267e+00 0.000000e+00 0.000000e+00 0.000000e+00 0.000000e+00
9.705238e+00 0.000000e+00 0.000000e+00 0.000000e+00 0.000000e+00
9.754209e+00 0.000000e+00 0.000000e+00 0.000000e+00 0.000000e+00
9.803179e+00 0.000000e+00 0.000000e+00 0.000000e+00 0.000000e+00
9.852150e+00 0.000000e+00 0.000000e+00 0.000000e+00 0.000000e+00
9.901120e+00 0.000000e+00 0.000000e+00 0.000000e+00 0.000000e+00
9.950091e+00 0.000000e+00 0.000000e+00 0.000000e+00 0.000000e+00
9.999062e+00 0.000000e+00 0.000000e+00 0.000000e+00 0.000000e+00
1.004803e+01 0.000000e+00 0.000000e+00 0.000000e+00 0.000000e+00
1.009700e+01 0.000000e+00 0.000000e+00 0.000000e+00 0.000000e+00
1.014597e+01 0.000000e+00 0.000000e+00 0.000000e+00 0.000000e+00
1.019494e+01 0.000000e+00 0.000000e+00 0.000000e+00 0.000000e+00
1.024391e+01 0.000000e+00 0.000000e+00 0.000000e+00 0.000000e+00
1.029289e+01 0.000000e+00 0.000000e+00 0.000000e+00 0.000000e+00
1.034186e+01 0.000000e+00 0.000000e+00 0.000000e+00 0.000000e+00
1.039083e+01 0.000000e+00 0.000000e+00 0.000000e+00 0.000000e+00
1.043980e+01 0.000000e+00 0.000000e+00 0.000000e+00 0.000000e+00
1.048877e+01 0.000000e+00 0.000000e+00 0.000000e+00 0.000000e+00
1.053774e+01 0.000000e+00 0.000000e+00 0.000000e+00 0.000000e+00
1.058671e+01 0.000000e+00 0.000000e+00 0.000000e+00 0.000000e+00
1.063568e+01 0.000000e+00 0.000000e+00 0.000000e+00 0.000000e+00
1.068465e+01 0.000000e+00 0.000000e+00 0.000000e+00 0.000000e+00
1.073362e+01 0.000000e+00 0.000000e+00 0.000000e+00 0.000000e+00
1.078259e+01 0.000000e+00 0.000000e+00 0.000000e+00 0.000000e+00
1.083156e+01 0.000000e+00 0.000000e+00 0.000000e+00 0.000000e+00
1.088053e+01 0.000000e+00 0.000000e+00 0.000000e+00 0.000000e+00
1.092950e+01 0.000000e+00 0.000000e+00 0.000000e+00 0.000000e+00
1.097847e+01 0.000000e+00 0.000000e+00 0.000000e+00 0.000000e+00
1.102744e+01 0.000000e+00 0.000000e+00 0.000000e+00 0.000000e+00
1.107641e+01 0.000000e+00 0.000000e+00 0.000000e+00 0.000000e+00
1.112539e+01 0.000000e+00 0.000000e+00 0.000000e+00 0.000000e+00
1.117436e+01 0.000000e+00 0.000000e+00 0.000000e+00 0.000000e+00
1.122333e+01 0.000000e+00 0.000000e+00 0.000000e+00 0.000000e+00
1.127230e+01 0.000000e+00 0.000000e+00 0.000000e+00 0.000000e+00
1.132127e+01 0.000000e+00 0.000000e+00 0.000000e+00 0.000000e+00
1.137024e+01 0.000000e+00 0.000000e+00 0.000000e+00 0.000000e+00
1.141921e+01 5.814125e-14 1.349608e-15 9.675893e-14 7.631521e-14
1.146818e+01 4.199008e-13 2.299205e-14 6.947741e-13 5.419362e-13
1.151715e+01 1.688427e-12 9.555060e-14 2.792437e-12 2.177295e-12
1.156612e+01 7.431815e-12 5.050122e-13 1.226169e-11 9.528746e-12
1.161509e+01 2.773706e-11 1.995665e-12 4.572138e-11 3.549414e-11
1.166406e+01 9.665856e-11 7.231616e-12 1.592612e-10 1.234828e-10
1.171303e+01 3.209894e-10 2.492095e-11 5.287553e-10 4.092919e-10
1.176200e+01 1.004716e-09 8.083048e-11 1.654267e-09 1.279051e-09
1.181097e+01 2.979569e-09 2.478888e-10 4.903698e-09 3.787121e-09
1.185994e+01 8.378022e-09 7.192735e-10 1.378324e-08 1.063155e-08
1.190891e+01 2.236302e-08 1.975796e-09 3.678101e-08 2.833227e-08
1.195789e+01 5.670371e-08 5.139694e-09 9.324846e-08 7.172297e-08
1.200686e+01 1.366829e-07 1.266605e-08 2.247741e-07 1.726086e-07
1.205583e+01 3.134800e-07 2.958314e-08 5.156079e-07 3.952491e-07
1.210480e+01 6.847141e-07 6.551912e-08 1.126632e-06 8.619914e-07
1.215377e+01 1.425794e-06 1.376784e-07 2.347396e-06 1.792308e-06
1.220274e+01 2.833467e-06 2.746767e-07 4.668775e-06 3.556948e-06
1.225171e+01 5.379730e-06 5.206535e-07 8.873599e-06 6.744938e-06
1.230068e+01 9.768475e-06 9.383859e-07 1.613297e-05 1.223406e-05
1.234965e+01 1.697865e-05 1.609412e-06 2.808161e-05 2.124494e-05
1.239862e+01 2.826745e-05 2.628766e-06 4.682757e-05 3.534601e-05
1.244759e+01 4.509764e-05 4.092264e-06 7.483559e-05 5.636508e-05
1.249656e+01 6.895105e-05 6.075653e-06 1.146179e-04 8.615960e-05
1.254553e+01 1.010031e-04 8.607417e-06 1.681884e-04 1.262135e-04
1.259450e+01 1.416705e-04 1.164024e-05 2.362978e-04 1.770733e-04
1.264347e+01 1.901065e-04 1.502908e-05 3.175753e-04 2.377151e-04
1.269244e+01 2.437911e-04 1.852539e-05 4.078249e-04 3.050232e-04
1.274142e+01 2.984109e-04 2.179585e-05 4.998095e-04 3.736275e-04
1.279039e+01 3.482076e-04 2.446940e-05 5.838269e-04 4.363264e-04
1.283936e+01 3.868563e-04 2.620885e-05 6.491833e-04 4.851769e-04
1.288833e+01 4.087474e-04 2.679589e-05 6.863453e-04 5.131009e-04
1.293730e+01 4.103438e-04 2.621435e-05 6.892162e-04 5.156007e-04
1.298627e+01 3.911953e-04 2.471996e-05 6.568125e-04 4.920534e-04
1.303524e+01 3.542604e-04 2.289446e-05 5.937439e-04 4.461428e-04
1.308421e+01 3.054270e-04 2.169444e-05 5.093058e-04 3.852808e-04
1.313318e+01 2.524201e-04 2.250844e-05 4.155072e-04 3.192448e-04
1.318215e+01 2.034938e-04 2.722332e-05 3.247353e-04 2.585226e-04
1.323112e+01 1.663268e-04 3.827003e-05 2.478222e-04 2.128881e-04
1.328009e+01 1.473649e-04 5.858084e-05 1.930031e-04 1.905109e-04
1.332906e+01 1.515874e-04 9.136962e-05 1.658106e-04 1.975820e-04
1.337803e+01 1.824643e-04 1.396688e-04 1.695499e-04 2.381744e-04
1.342700e+01 2.418287e-04 2.056356e-04 2.058378e-04 3.140128e-04
1.347597e+01 3.295249e-04 2.897612e-04 2.748125e-04 4.240008e-04
1.352494e+01 4.429396e-04 3.902301e-04 3.749353e-04 5.636534e-04
1.357392e+01 5.767279e-04 5.027190e-04 5.026325e-04 7.248323e-04
1.362289e+01 7.230880e-04 6.208455e-04 6.521892e-04 8.962291e-04
1.367186e+01 8.727682e-04 7.372721e-04 8.162030e-04 1.064830e-03
1.372083e+01 1.016671e-03 8.452163e-04 9.866028e-04 1.218193e-03
1.376980e+01 1.147601e-03 9.399226e-04 1.155905e-03 1.346976e-03
1.381877e+01 1.261582e-03 1.019618e-03 1.318225e-03 1.446903e-03
1.386774e+01 1.358298e-03 1.085644e-03 1.469711e-03 1.519538e-03
1.391671e+01 1.440584e-03 1.141765e-03 1.608417e-03 1.571570e-03
1.396568e+01 1.513277e-03 1.192949e-03 1.733957e-03 1.612925e-03
1.401465e+01 1.581946e-03 1.244083e-03 1.847368e-03 1.654386e-03
1.406362e+01 1.651963e-03 1.299040e-03 1.951345e-03 1.705505e-03
1.411259e+01 1.728098e-03 1.360306e-03 2.050630e-03 1.773359e-03
1.416156e+01 1.814534e-03 1.429186e-03 2.152162e-03 1.862255e-03
1.421053e+01 1.915044e-03 1.506422e-03 2.264636e-03 1.974074e-03
1.425950e+01 2.033109e-03 1.593031e-03 2.397553e-03 2.108742e-03
1.430847e+01 2.171855e-03 1.691160e-03 2.560060e-03 2.264345e-03
1.435744e+01 2.333769e-03 1.804682e-03 2.759907e-03 2.436718e-03
1.440642e+01 2.520107e-03 1.939171e-03 3.002476e-03 2.618675e-03
1.445539e+01 2.729951e-03 2.100896e-03 3.289528e-03 2.799428e-03
1.450436e+01 2.958977e-03 2.294691e-03 3.617406e-03 2.964836e-03
1.455333e+01 3.198348e-03 2.521069e-03 3.975023e-03 3.098950e-03
1.460230e+01 3.434360e-03 2.773525e-03 4.342697e-03 3.186858e-03
1.465127e+01 3.649541e-03 3.037290e-03 4.693186e-03 3.218147e-03
1.470024e+01 3.825374e-03 3.290592e-03 4.995627e-03 3.189904e-03
1.474921e+01 3.946126e-03 3.508569e-03 5.221701e-03 3.108109e-03
1.479818e+01 4.002545e-03 3.668853e-03 5.352044e-03 2.986737e-03
1.484715e+01 3.994038e-03 3.756919e-03 5.380482e-03 2.844713e-03
1.489612e+01 3.928483e-03 3.769267e-03 5.314588e-03 2.701594e-03
1.494509e+01 3.819819e-03 3.713356e-03 5.172786e-03 2.573316e-03
1.499406e+01 3.684579e-03 3.604646e-03 4.979808e-03 2.469283e-03
1.504303e+01 3.538865e-03 3.462257e-03 4.762752e-03 2.391588e-03
1.509200e+01 3.396872e-03 3.305111e-03 4.549055e-03 2.336450e-03
1.514097e+01 3.271068e-03 3.149825e-03 4.366122e-03 2.297258e-03
1.518995e+01 3.173205e-03 3.010422e-03 4.241041e-03 2.268151e-03
1.523892e+01 3.114927e-03 2.899043e-03 4.198746e-03 2.246991e-03
1.528789e+01 3.107116e-03 2.826460e-03 4.258016e-03 2.236872e-03
1.533686e+01 3.157928e-03 2.801690e-03 4.426270e-03 2.245823e-03
1.538583e+01 3.270262e-03 2.830662e-03 4.695172e-03 2.284951e-03
1.543480e+01 3.439749e-03 2.914573e-03 5.039078e-03 2.365596e-03
1.548377e+01 3.654103e-03 3.048653e-03 5.417419e-03 2.496237e-03
1.553274e+01 3.894149e-03 3.221935e-03 5.780719e-03 2.679793e-03
1.558171e+01 4.136286e-03 3.418189e-03 6.078839e-03 2.911832e-03
1.563068e+01 4.355822e-03 3.617916e-03 6.269517e-03 3.180033e-03
1.567965e+01 4.530530e-03 3.801075e-03 6.325391e-03 3.465123e-03
1.572862e+01 4.643831e-03 3.950105e-03 6.238163e-03 3.743227e-03
1.577759e+01 4.687089e-03 4.052768e-03 6.019183e-03 3.989315e-03
1.582656e+01 4.660616e-03 4.104288e-03 5.696438e-03 4.181124e-03
1.587553e+01 4.573236e-03 4.108317e-03 5.308624e-03 4.302766e-03
1.592450e+01 4.440462e-03 4.076422e-03 4.897648e-03 4.347317e-03
1.597347e+01 4.281716e-03 4.026027e-03 4.501233e-03 4.317889e-03
1.602245e+01 4.117107e-03 3.977059e-03 4.147267e-03 4.226995e-03
1.607142e+01 3.964339e-03 3.947808e-03 3.850926e-03 4.094281e-03
1.612039e+01 3.836156e-03 3.950762e-03 3.614785e-03 3.942920e-03
1.616936e+01 3.738589e-03 3.989295e-03 3.431316e-03 3.795155e-03
1.621833e+01 3.670197e-03 4.056105e-03 3.286717e-03 3.667768e-03
1.626730e+01 3.622481e-03 4.134042e-03 3.164957e-03 3.568444e-03
1.631627e+01 3.581633e-03 4.199527e-03 3.051226e-03 3.494146e-03
1.636524e+01 3.531570e-03 4.228014e-03 2.934408e-03 3.432288e-03
1.641421e+01 3.457853e-03 4.200269e-03 2.808470e-03 3.364820e-03
1.646318e+01 3.351614e-03 4.107708e-03 2.672851e-03 3.274283e-03
1.651215e+01 3.212360e-03 3.955118e-03 2.531953e-03 3.150010e-03
1.656112e+01 3.048668e-03 3.759791e-03 2.393855e-03 2.992360e-03
1.661009e+01 2.876391e-03 3.547254e-03 2.268479e-03 2.813440e-03
1.665906e+01 2.714849e-03 3.344929e-03 2.165574e-03 2.634043e-03
1.670803e+01 2.582208e-03 3.175748e-03 2.092935e-03 2.477941e-03
1.675700e+01 2.491481e-03 3.053615e-03 2.055249e-03 2.365580e-03
1.680597e+01 2.448293e-03 2.981878e-03 2.053758e-03 2.309245e-03
1.685495e+01 2.450828e-03 2.954824e-03 2.086660e-03 2.310999e-03
1.690392e+01 2.491668e-03 2.961343e-03 2.150097e-03 2.363564e-03
1.695289e+01 2.560746e-03 2.989376e-03 2.239470e-03 2.453393e-03
1.700186e+01 2.648510e-03 3.029857e-03 2.350939e-03 2.564734e-03
1.705083e+01 2.748580e-03 3.079230e-03 2.482940e-03 2.683571e-03
1.709980e+01 2.859428e-03 3.140200e-03 2.637421e-03 2.800664e-03
1.714877e+01 2.984831e-03 3.220833e-03 2.820347e-03 2.913313e-03
1.719774e+01 3.133055e-03 3.332484e-03 3.040890e-03 3.025792e-03
1.724671e+01 3.314889e-03 3.487179e-03 3.308948e-03 3.148541e-03
1.729568e+01 3.540860e-03 3.695104e-03 3.631103e-03 3.296375e-03
1.734465e+01 3.818180e-03 3.962690e-03 4.005897e-03 3.485953e-03
1.739362e+01 4.148037e-03 4.291460e-03 4.419880e-03 3.732772e-03
1.744259e+01 4.523754e-03 4.677429e-03 4.846039e-03 4.047795e-03
1.749156e+01 4.930037e-03 5.110554e-03 5.245714e-03 4.433843e-03
1.754053e+01 5.343291e-03 5.573787e-03 5.574092e-03 4.881996e-03
1.758950e+01 5.732850e-03 6.041702e-03 5.788126e-03 5.368724e-03
1.763848e+01 6.063103e-03 6.479485e-03 5.854872e-03 5.854951e-03
1.768745e+01 6.296710e-03 6.843689e-03 5.757995e-03 6.288446e-03
1.773642e+01 6.399102e-03 7.086152e-03 5.500766e-03 6.610388e-03
1.778539e+01 6.344042e-03 7.161549e-03 5.104923e-03 6.765656e-03
1.783436e+01 6.119323e-03 7.037307e-03 4.605985e-03 6.714678e-03
1.788333e+01 5.730994e-03 6.703015e-03 4.046499e-03 6.443468e-03
1.793230e+01 5.204429e-03 6.175802e-03 3.469034e-03 5.968451e-03
1.798127e+01 4.581288e-03 5.499181e-03 2.910517e-03 5.334165e-03
1.803024e+01 3.912776e-03 4.735139e-03 2.398871e-03 4.604318e-03
1.807921e+01 3.250983e-03 3.951845e-03 1.952113e-03 3.848993e-03
1.812818e+01 2.640774e-03 3.210897e-03 1.579464e-03 3.131963e-03
1.817715e+01 2.114406e-03 2.557929e-03 1.283663e-03 2.501626e-03
1.822612e+01 1.689913e-03 2.018733e-03 1.063619e-03 1.987388e-03
1.827509e+01 1.372935e-03 1.600828e-03 9.167182e-04 1.601259e-03
1.832406e+01 1.160619e-03 1.298656e-03 8.403535e-04 1.342847e-03
1.837303e+01 1.045896e-03 1.099901e-03 8.324735e-04 1.205315e-03
1.842200e+01 1.020689e-03 9.907871e-04 8.911386e-04 1.180141e-03
1.847098e+01 1.077281e-03 9.592441e-04 1.013243e-03 1.259355e-03
1.851995e+01 1.207820e-03 9.957829e-04 1.192758e-03 1.434920e-03
1.856892e+01 1.402529e-03 1.092666e-03 1.419031e-03 1.695889e-03
1.861789e+01 1.647585e-03 1.242190e-03 1.675835e-03 2.024731e-03
1.866686e+01 1.923744e-03 1.434871e-03 1.941750e-03 2.394612e-03
1.871583e+01 2.206542e-03 1.658098e-03 2.192183e-03 2.769344e-03
1.876480e+01 2.468450e-03 1.895662e-03 2.402807e-03 3.106882e-03
1.881377e+01 2.682664e-03 2.128352e-03 2.553624e-03 3.366017e-03
1.886274e+01 2.827594e-03 2.335706e-03 2.632551e-03 3.514524e-03
1.891171e+01 2.890795e-03 2.498708e-03 2.637450e-03 3.536227e-03
1.896068e+01 2.871154e-03 2.602922e-03 2.575989e-03 3.434551e-03
1.900965e+01 2.778640e-03 2.641264e-03 2.463370e-03 3.231286e-03
1.905862e+01 2.631680e-03 2.615482e-03 2.318659e-03 2.960900e-03
1.910759e+01 2.452932e-03 2.535745e-03 2.160776e-03 2.662275e-03
1.915656e+01 2.264638e-03 2.418278e-03 2.005217e-03 2.370419e-03
1.920553e+01 2.084806e-03 2.281741e-03 1.862188e-03 2.110489e-03
1.925450e+01 1.925052e-03 2.143438e-03 1.736347e-03 1.895371e-03
1.930348e+01 1.790364e-03 2.016478e-03 1.627831e-03 1.726781e-03
1.935245e+01 1.680421e-03 1.908527e-03 1.533990e-03 1.598745e-03
1.940142e+01 1.591733e-03 1.822139e-03 1.451201e-03 1.501859e-03
1.945039e+01 1.519780e-03 1.756144e-03 1.376292e-03 1.426902e-03
1.949936e+01 1.460551e-03 1.707334e-03 1.307339e-03 1.366980e-03
1.954833e+01 1.411258e-03 1.671845e-03 1.243837e-03 1.318091e-03
1.959730e+01 1.370309e-03 1.645953e-03 1.186401e-03 1.278572e-03
1.964627e+01 1.336863e-03 1.626333e-03 1.136205e-03 1.248052e-03
1.969524e+01 1.310281e-03 1.610013e-03 1.094365e-03 1.226466e-03
1.974421e+01 1.289704e-03 1.594283e-03 1.061430e-03 1.213401e-03
1.979318e+01 1.273858e-03 1.576717e-03 1.037065e-03 1.207792e-03
1.984215e+01 1.261066e-03 1.555354e-03 1.019978e-03 1.207867e-03
1.989112e+01 1.249414e-03 1.528951e-03 1.008075e-03 1.211217e-03
1.994009e+01 1.237003e-03 1.497218e-03 9.988093e-04 1.214982e-03
1.998906e+01 1.222232e-03 1.460929e-03 9.896297e-04 1.216138e-03
2.003803e+01 1.204043e-03 1.421823e-03 9.784232e-04 1.211884e-03
2.008701e+01 1.182072e-03 1.382303e-03 9.638344e-04 1.200077e-03
2.013598e+01 1.156640e-03 1.344974e-03 9.453874e-04 1.179559e-03
2.018495e+01 1.128596e-03 1.312109e-03 9.233965e-04 1.150282e-03
2.023392e+01 1.099022e-03 1.285177e-03 8.987150e-04 1.113175e-03
2.028289e+01 1.068924e-03 1.264543e-03 8.724219e-04 1.069808e-03
2.033186e+01 1.038978e-03 1.249382e-03 8.455431e-04 1.022009e-03
2.038083e+01 1.009421e-03 1.237829e-03 8.188706e-04 9.715622e-04
2.042980e+01 9.800973e-04 1.227322e-03 7.928922e-04 9.200780e-04
2.047877e+01 9.506248e-04 1.215059e-03 7.678043e-04 8.690113e-04
2.052774e+01 9.206116e-04 1.198518e-03 7.435704e-04 8.197466e-04
2.057671e+01 8.898595e-04 1.175931e-03 7.199986e-04 7.736486e-04
2.062568e+01 8.585030e-04 1.146650e-03 6.968332e-04 7.320253e-04
2.067465e+01 8.270610e-04 1.111306e-03 6.738634e-04 6.960138e-04
2.072362e+01 7.964056e-04 1.071721e-03 6.510455e-04 6.664505e-04
2.077259e+01 7.676644e-04 1.030581e-03 6.286214e-04 6.437903e-04
2.082156e+01 7.420815e-04 9.909324e-04 6.071993e-04 6.281128e-04
2.087053e+01 7.208630e-04 9.556202e-04 5.877647e-04 6.192040e-04
2.091951e+01 7.050237e-04 9.268081e-04 5.715971e-04 6.166659e-04
2.096848e+01 6.952473e-04 9.056592e-04 5.600877e-04 6.199950e-04
2.101745e+01 6.917669e-04 8.922266e-04 5.544820e-04 6.285922e-04
2.106642e+01 6.942816e-04 8.855362e-04 5.555968e-04 6.417119e-04
2.111539e+01 7.019343e-04 8.838209e-04 5.635841e-04 6.583978e-04
2.116436e+01 7.133796e-04 8.848552e-04 5.778096e-04 6.774739e-04
2.121333e+01 7.269528e-04 8.863389e-04 5.968887e-04 6.976308e-04
2.126230e+01 7.409183e-04 8.862780e-04 6.188746e-04 7.176022e-04
2.131127e+01 7.537414e-04 8.833030e-04 6.415522e-04 7.363691e-04
2.136024e+01 7.643194e-04 8.768712e-04 6.627702e-04 7.533168e-04
2.140921e+01 7.721236e-04 8.673161e-04 6.807565e-04 7.682982e-04
2.145818e+01 7.772479e-04 8.557403e-04 6.943855e-04 7.816179e-04
2.150715e+01 7.803892e-04 8.437858e-04 7.033850e-04 7.939968e-04
2.155612e+01 7.827948e-04 8.333415e-04 7.084666e-04 8.065762e-04
2.160509e+01 7.861864e-04 8.262568e-04 7.113417e-04 8.209606e-04
2.165406e+01 7.926377e-04 8.241137e-04 7.145734e-04 8.392260e-04
2.170303e+01 8.043660e-04 8.280881e-04 7.212330e-04 8.637768e-04
2.175201e+01 8.234176e-04 8.388937e-04 7.343859e-04 8.969731e-04
2.180098e+01 8.512802e-04 8.567828e-04 7.565021e-04 9.405557e-04
2.184995e+01 8.885109e-04 8.815732e-04 7.889380e-04 9.950214e-04
2.189892e+01 9.344996e-04 9.126862e-04 8.316367e-04 1.059176e-03
2.194789e+01 9.874655e-04 9.492041e-04 8.831321e-04 1.130060e-03
2.199686e+01 1.044718e-03 9.899723e-04 9.408516e-04 1.203329e-03
2.204583e+01 1.103123e-03 1.033758e-03 1.001622e-03 1.273988e-03
2.209480e+01 1.159660e-03 1.079454e-03 1.062237e-03 1.337287e-03
2.214377e+01 1.211910e-03 1.126265e-03 1.119931e-03 1.389534e-03
2.219274e+01 1.258379e-03 1.173818e-03 1.172665e-03 1.428654e-03
2.224171e+01 1.298576e-03 1.222143e-03 1.219156e-03 1.454428e-03
2.229068e+01 1.332860e-03 1.271497e-03 1.258677e-03 1.468405e-03
2.233965e+01 1.362115e-03 1.322087e-03 1.290715e-03 1.473543e-03
2.238862e+01 1.387334e-03 1.373748e-03 1.314617e-03 1.473635e-03
2.243759e+01 1.409212e-03 1.425655e-03 1.329396e-03 1.472584e-03
2.248656e+01 1.427860e-03 1.476128e-03 1.333782e-03 1.473668e-03
2.253554e+01 1.442692e-03 1.522593e-03 1.326556e-03 1.478925e-03
2.258451e+01 1.452525e-03 1.561725e-03 1.307019e-03 1.488832e-03
2.263348e+01 1.455873e-03 1.589818e-03 1.275439e-03 1.502363e-03
2.268245e+01 1.451354e-03 1.603385e-03 1.233280e-03 1.517398e-03
2.273142e+01 1.438118e-03 1.599912e-03 1.183094e-03 1.531349e-03
2.278039e+01 1.416176e-03 1.578604e-03 1.128119e-03 1.541806e-03
2.282936e+01 1.386535e-03 1.540893e-03 1.071682e-03 1.547030e-03
2.287833e+01 1.351105e-03 1.490497e-03 1.016627e-03 1.546192e-03
2.292730e+01 1.312396e-03 1.432913e-03 9.649045e-04 1.539370e-03
2.297627e+01 1.273091e-03 1.374439e-03 9.174709e-04 1.527365e-03
2.302524e+01 1.235624e-03 1.320946e-03 8.744689e-04 1.511459e-03
2.307421e+01 1.201843e-03 1.276759e-03 8.356151e-04 1.493155e-03
2.312318e+01 1.172831e-03 1.243925e-03 8.006322e-04 1.473937e-03
2.317215e+01 1.148881e-03 1.222027e-03 7.695641e-04 1.455052e-03
2.322112e+01 1.129576e-03 1.208538e-03 7.428655e-04 1.437324e-03
2.327009e+01 1.113942e-03 1.199543e-03 7.212460e-04 1.421037e-03
2.331906e+01 1.100636e-03 1.190611e-03 7.053436e-04 1.405952e-03
2.336804e+01 1.088164e-03 1.177624e-03 6.953590e-04 1.391507e-03
2.341701e+01 1.075120e-03 1.157418e-03 6.907864e-04 1.377155e-03
2.346598e+01 1.060426e-03 1.128187e-03 6.903260e-04 1.362765e-03
2.351495e+01 1.043523e-03 1.089644e-03 6.919953e-04 1.348930e-03
2.356392e+01 1.024465e-03 1.042943e-03 6.933965e-04 1.337055e-03
2.361289e+01 1.003871e-03 9.903875e-04 6.920718e-04 1.329154e-03
2.366186e+01 9.827478e-04 9.349727e-04 6.858781e-04 1.327393e-03
2.371083e+01 9.622212e-04 8.798245e-04 6.733263e-04 1.333513e-03
2.375980e+01 9.432580e-04 8.276527e-04 6.538366e-04 1.348285e-03
2.380877e+01 9.264513e-04 7.803334e-04 6.278648e-04 1.371156e-03
2.385774e+01 9.119169e-04 7.387141e-04 5.968651e-04 1.400171e-03
2.390671e+01 8.993109e-04 7.026692e-04 5.630784e-04 1.432185e-03
2.395568e+01 8.879407e-04 6.713632e-04 5.291799e-04 1.463279e-03
2.400465e+01 8.769215e-04 6.436266e-04 4.978554e-04 1.489283e-03
2.405362e+01 8.653313e-04 6.183303e-04 4.713980e-04 1.506266e-03
2.410259e+01 8.523320e-04 5.946653e-04 4.514021e-04 1.510928e-03
2.415156e+01 8.372491e-04 5.722763e-04 4.385996e-04 1.500871e-03
2.420054e+01 8.196220e-04 5.512446e-04 4.328408e-04 1.474781e-03
2.424951e+01 7.992409e-04 5.319540e-04 4.331932e-04 1.432575e-03
2.429848e+01 7.761791e-04 5.148948e-04 4.381168e-04 1.375526e-03
2.434745e+01 7.508096e-04 5.004640e-04 4.456807e-04 1.306284e-03
2.439642e+01 7.237830e-04 4.888114e-04 4.537980e-04 1.228739e-03
2.444539e+01 6.959451e-04 4.797596e-04 4.604585e-04 1.147617e-03
2.449436e+01 6.681921e-04 4.728070e-04 4.639439e-04 1.067825e-03
2.454333e+01 6.412873e-04 4.671991e-04 4.629990e-04 9.936637e-04
2.459230e+01 6.156854e-04 4.620406e-04 4.569330e-04 9.280826e-04
2.464127e+01 5.914222e-04 4.564218e-04 4.456339e-04 8.722108e-04
2.469024e+01 5.681098e-04 4.495355e-04 4.294979e-04 8.252961e-04
2.473921e+01 5.450567e-04 4.407776e-04 4.093034e-04 7.850890e-04
2.478818e+01 5.214837e-04 4.298242e-04 3.860684e-04 7.485586e-04
2.483715e+01 4.967784e-04 4.166788e-04 3.609289e-04 7.127275e-04
2.488612e+01 4.707039e-04 4.016735e-04 3.350532e-04 6.753849e-04
2.493509e+01 4.434948e-04 3.854092e-04 3.095828e-04 6.354924e-04
2.498407e+01 4.158054e-04 3.686311e-04 2.855741e-04 5.932109e-04
2.503304e+01 3.885320e-04 3.520657e-04 2.639218e-04 5.496085e-04
2.508201e+01 3.625757e-04 3.362655e-04 2.452626e-04 5.061989e-04
2.513098e+01 3.386271e-04 3.215116e-04 2.298836e-04 4.644860e-04
2.517995e+01 3.170413e-04 3.078050e-04 2.176736e-04 4.256452e-04
2.522892e+01 2.978266e-04 2.949384e-04 2.081490e-04 3.903925e-04
2.527789e+01 2.807274e-04 2.826097e-04 2.005603e-04 3.590123e-04
2.532686e+01 2.653528e-04 2.705291e-04 1.940562e-04 3.314731e-04
2.537583e+01 2.513009e-04 2.584853e-04 1.878562e-04 3.075612e-04
2.542480e+01 2.382467e-04 2.463671e-04 1.813835e-04 2.869896e-04
2.547377e+01 2.259871e-04 2.341593e-04 1.743260e-04 2.694760e-04
2.552274e+01 2.144565e-04 2.219420e-04 1.666261e-04 2.548013e-04
2.557171e+01 2.037297e-04 2.099082e-04 1.584231e-04 2.428579e-04
2.562068e+01 1.940199e-04 1.983944e-04 1.499852e-04 2.336800e-04
2.566965e+01 1.856643e-04 1.879000e-04 1.416559e-04 2.274371e-04
2.571862e+01 1.790869e-04 1.790683e-04 1.338221e-04 2.243704e-04
2.576759e+01 1.747260e-04 1.726125e-04 1.268900e-04 2.246755e-04
2.581657e+01 1.729328e-04 1.691915e-04 1.212498e-04 2.283572e-04
2.586554e+01 1.738641e-04 1.692643e-04 1.172204e-04 2.351075e-04
2.591451e+01 1.773996e-04 1.729611e-04 1.149838e-04 2.442539e-04
2.596348e+01 1.831142e-04 1.800091e-04 1.145317e-04 2.548018e-04
2.601245e+01 1.903124e-04 1.897284e-04 1.156491e-04 2.655596e-04
2.606142e+01 1.981116e-04 2.010934e-04 1.179437e-04 2.752977e-04
2.611039e+01 2.055437e-04 2.128339e-04 1.209074e-04 2.828897e-04
2.615936e+01 2.116466e-04 2.235532e-04 1.239858e-04 2.874008e-04
2.620833e+01 2.155379e-04 2.318538e-04 1.266313e-04 2.881286e-04
2.625730e+01 2.164811e-04 2.364799e-04 1.283360e-04 2.846273e-04
2.630627e+01 2.139651e-04 2.364868e-04 1.286584e-04 2.767501e-04
2.635524e+01 2.078008e-04 2.314221e-04 1.272638e-04 2.647165e-04
2.640421e+01 1.982119e-04 2.214731e-04 1.239851e-04 2.491776e-04
2.645318e+01 1.858776e-04 2.075160e-04 1.188868e-04 2.312298e-04
2.650215e+01 1.718870e-04 1.910176e-04 1.123014e-04 2.123419e-04
2.655112e+01 1.575946e-04 1.737934e-04 1.048053e-04 1.941850e-04
2.660009e+01 1.444005e-04 1.576787e-04 9.712892e-05 1.783938e-04
2.664907e+01 1.335087e-04 1.442036e-04 9.001890e-05 1.663037e-04
2.669804e+01 1.257183e-04 1.343513e-04 8.409085e-05 1.587126e-04
2.674701e+01 1.212883e-04 1.284410e-04 7.971120e-05 1.557127e-04
2.679598e+01 1.199003e-04 1.261365e-04 7.693529e-05 1.566290e-04
2.684495e+01 1.207232e-04 1.265567e-04 7.551208e-05 1.601007e-04
2.689392e+01 1.225793e-04 1.284635e-04 7.495339e-05 1.643210e-04
2.694289e+01 1.241927e-04 1.305071e-04 7.465518e-05 1.674156e-04
2.699186e+01 1.244808e-04 1.315030e-04 7.404911e-05 1.678904e-04
2.704083e+01 1.228275e-04 1.306980e-04 7.275258e-05 1.650321e-04
2.708980e+01 1.192631e-04 1.279657e-04 7.068059e-05 1.591430e-04
2.713877e+01 1.144956e-04 1.238730e-04 6.808765e-05 1.515261e-04
2.718774e+01 1.097756e-04 1.195874e-04 6.552569e-05 1.442138e-04
2.723671e+01 1.066254e-04 1.166370e-04 6.372731e-05 1.395118e-04
2.728568e+01 1.065002e-04 1.165791e-04 6.344379e-05 1.394778e-04
2.733465e+01 1.104632e-04 1.206531e-04 6.527592e-05 1.454606e-04
2.738362e+01 1.189401e-04 1.294939e-04 6.953235e-05 1.577940e-04
2.743260e+01 1.315962e-04 1.429566e-04 7.613977e-05 1.756923e-04
2.748157e+01 1.473508e-04 1.600819e-04 8.461816e-05 1.973525e-04
2.753054e+01 1.645239e-04 1.792068e-04 9.412643e-05 2.202385e-04
2.757951e+01 1.810927e-04 1.982049e-04 1.035760e-04 2.414973e-04
2.762848e+01 1.950210e-04 2.148246e-04 1.118006e-04 2.584379e-04
2.767745e+01 2.046065e-04 2.270712e-04 1.177568e-04 2.689914e-04
2.772642e+01 2.087804e-04 2.335603e-04 1.207175e-04 2.720635e-04
2.777539e+01 2.072945e-04 2.337635e-04 1.204121e-04 2.677079e-04
2.782436e+01 2.007456e-04 2.280813e-04 1.170747e-04 2.570806e-04
2.787333e+01 1.904255e-04 2.177151e-04 1.113827e-04 2.421787e-04
2.792230e+01 1.780260e-04 2.043651e-04 1.042957e-04 2.254173e-04
2.797127e+01 1.652705e-04 1.898367e-04 9.683887e-05 2.091361e-04
2.802024e+01 1.535654e-04 1.756625e-04 8.988766e-05 1.951460e-04
2.806921e+01 1.437604e-04 1.628467e-04 8.401276e-05 1.844217e-04
2.811818e+01 1.360722e-04 1.517869e-04 7.942105e-05 1.770088e-04
2.816715e+01 1.301756e-04 1.423707e-04 7.599738e-05 1.721587e-04
2.821612e+01 1.254153e-04 1.341853e-04 7.342020e-05 1.686403e-04
2.826510e+01 1.210643e-04 1.267554e-04 7.130494e-05 1.651325e-04
2.831407e+01 1.165483e-04 1.197349e-04 6.932727e-05 1.605828e-04
2.836304e+01 1.115815e-04 1.130081e-04 6.729375e-05 1.544427e-04
2.841201e+01 1.061940e-04 1.066979e-04 6.515137e-05 1.467329e-04
2.846098e+01 1.006678e-04 1.011019e-04 6.295021e-05 1.379512e-04
2.850995e+01 9.541696e-05 9.658820e-05 6.078669e-05 1.288760e-04
2.855892e+01 9.085810e-05 9.348276e-05 5.875372e-05 1.203378e-04
2.860789e+01 8.730459e-05 9.197269e-05 5.691404e-05 1.130270e-04
2.865686e+01 8.490804e-05 9.204664e-05 5.529808e-05 1.073794e-04
2.870583e+01 8.365267e-05 9.348481e-05 5.391826e-05 1.035549e-04
2.875480e+01 8.339567e-05 9.590220e-05 5.278859e-05 1.014962e-04
2.880377e+01 8.393705e-05 9.883508e-05 5.194172e-05 1.010344e-04
2.885274e+01 8.509734e-05 1.018477e-04 5.144073e-05 1.020036e-04
2.890171e+01 8.678113e-05 1.046295e-04 5.138573e-05 1.043281e-04
2.895068e+01 8.901051e-05 1.070573e-04 5.191426e-05 1.080600e-04
2.899965e+01 9.192163e-05 1.092087e-04 5.319246e-05 1.133637e-04
2.904862e+01 9.572799e-05 1.113308e-04 5.539313e-05 1.204601e-04
2.909760e+01 1.006607e-04 1.137771e-04 5.865903e-05 1.295458e-04
2.914657e+01 1.068981e-04 1.169321e-04 6.305554e-05 1.407066e-04
2.919554e+01 1.144970e-04 1.211362e-04 6.852253e-05 1.538323e-04
2.924451e+01 1.233357e-04 1.266189e-04 7.484045e-05 1.685476e-04
2.929348e+01 1.330815e-04 1.334464e-04 8.162580e-05 1.841724e-04
2.934245e+01 1.431976e-04 1.414854e-04 8.836726e-05 1.997401e-04
2.939142e+01 1.529963e-04 1.503926e-04 9.450275e-05 2.140936e-04
2.944039e+01 1.617394e-04 1.596347e-04 9.952427e-05 2.260591e-04
2.948936e+01 1.687623e-04 1.685412e-04 1.030833e-04 2.346623e-04
2.953833e+01 1.735895e-04 1.763837e-04 1.050636e-04 2.393213e-04
2.958730e+01 1.760052e-04 1.824718e-04 1.055956e-04 2.399482e-04
2.963627e+01 1.760569e-04 1.862477e-04 1.050027e-04 2.369204e-04
2.968524e+01 1.739973e-04 1.873627e-04 1.036969e-04 2.309323e-04
2.973421e+01 1.701899e-04 1.857229e-04 1.020589e-04 2.227879e-04
2.978318e+01 1.650176e-04 1.814941e-04 1.003441e-04 2.132146e-04
2.983215e+01 1.588254e-04 1.750674e-04 9.864681e-05 2.027620e-04
2.988113e+01 1.519117e-04 1.669970e-04 9.693063e-05 1.918075e-04
2.993010e+01 1.445588e-04 1.579275e-04 9.510722e-05 1.806418e-04
2.997907e+01 1.370759e-04 1.485259e-04 9.312678e-05 1.695750e-04
3.002804e+01 1.298214e-04 1.394274e-04 9.103900e-05 1.589979e-04
3.007701e+01 1.231837e-04 1.311904e-04 8.899736e-05 1.493632e-04
3.012598e+01 1.175156e-04 1.242538e-04 8.720511e-05 1.410879e-04
3.017495e+01 1.130475e-04 1.188911e-04 8.582809e-05 1.344233e-04
3.022392e+01 1.098132e-04 1.151708e-04 8.491466e-05 1.293541e-04
3.027289e+01 1.076264e-04 1.129400e-04 8.436026e-05 1.255791e-04
3.032186e+01 1.061242e-04 1.118484e-04 8.393337e-05 1.225908e-04
3.037083e+01 1.048672e-04 1.114199e-04 8.335311e-05 1.198287e-04
3.041980e+01 1.034656e-04 1.111589e-04 8.238718e-05 1.168509e-04
3.046877e+01 1.016870e-04 1.106641e-04 8.093354e-05 1.134635e-04
3.051774e+01 9.951526e-05 1.097179e-04 7.905961e-05 1.097683e-04
3.056671e+01 9.714548e-05 1.083243e-04 7.699196e-05 1.061202e-04
3.061568e+01 9.492429e-05 1.066872e-04 7.506762e-05 1.030181e-04
3.066465e+01 9.325787e-05 1.051378e-04 7.366682e-05 1.009690e-04
3.071363e+01 9.251618e-05 1.040340e-04 7.314623e-05 1.003683e-04
3.076260e+01 9.295732e-05 1.036634e-04 7.378470e-05 1.014238e-04
3.081157e+01 9.468694e-05 1.041780e-04 7.574690e-05 1.041360e-04
3.086054e+01 9.765769e-05 1.055764e-04 7.906673e-05 1.083300e-04
3.090951e+01 1.017030e-04 1.077346e-04 8.365091e-05 1.137234e-04
3.095848e+01 1.065916e-04 1.104668e-04 8.930182e-05 1.200063e-04
3.100745e+01 1.120849e-04 1.135899e-04 9.575509e-05 1.269097e-04
3.105642e+01 1.179782e-04 1.169670e-04 1.027234e-04 1.342441e-04
3.110539e+01 1.241188e-04 1.205218e-04 1.099361e-04 1.418986e-04
3.115436e+01 1.304011e-04 1.242288e-04 1.171681e-04 1.498064e-04
3.120333e+01 1.367513e-04 1.281011e-04 1.242565e-04 1.578964e-04
3.125230e+01 1.431182e-04 1.321902e-04 1.311081e-04 1.660564e-04
3.130127e+01 1.494742e-04 1.365958e-04 1.377023e-04 1.741245e-04
3.135024e+01 1.558223e-04 1.414689e-04 1.440862e-04 1.819117e-04
3.139921e+01 1.621933e-04 1.469835e-04 1.503562e-04 1.892401e-04
3.144818e+01 1.686177e-04 1.532661e-04 1.566194e-04 1.959676e-04
3.149715e+01 1.750732e-04 1.603006e-04 1.629369e-04 2.019821e-04
3.154613e+01 1.814254e-04 1.678459e-04 1.692645e-04 2.071658e-04
3.159510e+01 1.873949e-04 1.754163e-04 1.754159e-04 2.113526e-04
3.164407e+01 1.925817e-04 1.823525e-04 1.810753e-04 2.143173e-04
3.169304e+01 1.965570e-04 1.879790e-04 1.858731e-04 2.158190e-04
3.174201e+01 1.990026e-04 1.918020e-04 1.895095e-04 2.156963e-04
3.179098e+01 1.998482e-04 1.936788e-04 1.918920e-04 2.139739e-04
3.183995e+01 1.993501e-04 1.938908e-04 1.932303e-04 2.109291e-04
3.188892e+01 1.980677e-04 1.930864e-04 1.940418e-04 2.070748e-04
3.193789e+01 1.967372e-04 1.921064e-04 1.950509e-04 2.030542e-04
3.198686e+01 1.960793e-04 1.917522e-04 1.970014e-04 1.994842e-04
3.203583e+01 1.966106e-04 1.925773e-04 2.004460e-04 1.968085e-04
3.208480e+01 1.985238e-04 1.947724e-04 2.055856e-04 1.952134e-04
3.213377e+01 2.016751e-04 1.981741e-04 2.122200e-04 1.946313e-04
3.218274e+01 2.056741e-04 2.023792e-04 2.198279e-04 1.948151e-04
3.223171e+01 2.100347e-04 2.069090e-04 2.277481e-04 1.954470e-04
3.228068e+01 2.143309e-04 2.113599e-04 2.353906e-04 1.962424e-04
3.232966e+01 2.183063e-04 2.154904e-04 2.424047e-04 1.970239e-04
3.237863e+01 2.219143e-04 2.192360e-04 2.487465e-04 1.977606e-04
3.242760e+01 2.252927e-04 2.226682e-04 2.546348e-04 1.985752e-04
3.247657e+01 2.286968e-04 2.259375e-04 2.604295e-04 1.997235e-04
3.252554e+01 2.324220e-04 2.292281e-04 2.664906e-04 2.015474e-04
3.257451e+01 2.367381e-04 2.327361e-04 2.730784e-04 2.043996e-04
3.262348e+01 2.418430e-04 2.366587e-04 2.803241e-04 2.085460e-04
3.267245e+01 2.478305e-04 2.411706e-04 2.882619e-04 2.140590e-04
3.272142e+01 2.546614e-04 2.463769e-04 2.968800e-04 2.207273e-04
3.277039e+01 2.621362e-04 2.522480e-04 3.061445e-04 2.280161e-04
3.281936e+01 2.698827e-04 2.585691e-04 3.159692e-04 2.351099e-04
3.286833e+01 2.773837e-04 2.649432e-04 3.261517e-04 2.410561e-04
3.291730e+01 2.840650e-04 2.708718e-04 3.363273e-04 2.449961e-04
3.296627e+01 2.894457e-04 2.759055e-04 3.459986e-04 2.464331e-04
3.301524e+01 2.933126e-04 2.798182e-04 3.546655e-04 2.454542e-04
3.306421e+01 2.958601e-04 2.827401e-04 3.620180e-04 2.428221e-04
3.311318e+01 2.977313e-04 2.851918e-04 3.681160e-04 2.398861e-04
3.316216e+01 2.999286e-04 2.880012e-04 3.734652e-04 2.383194e-04
3.321113e+01 3.036106e-04 2.921277e-04 3.789484e-04 2.397558e-04
3.326010e+01 3.098382e-04 2.984543e-04 3.856324e-04 2.454278e-04
3.330907e+01 3.193475e-04 3.076094e-04 3.945236e-04 2.559095e-04
3.335804e+01 3.324118e-04 3.198604e-04 4.063543e-04 2.710207e-04
3.340701e+01 3.488108e-04 3.350828e-04 4.214499e-04 2.898995e-04
3.345598e+01 3.678922e-04 3.527894e-04 4.396794e-04 3.112079e-04
3.350495e+01 3.886915e-04 3.721973e-04 4.604669e-04 3.334101e-04
3.355392e+01 4.100803e-04 3.923264e-04 4.828496e-04 3.550650e-04
3.360289e+01 4.309349e-04 4.121333e-04 5.055912e-04 3.750803e-04
3.365186e+01 4.503148e-04 4.306807e-04 5.273766e-04 3.928872e-04
3.370083e+01 4.676382e-04 4.473210e-04 5.470855e-04 4.085079e-04
3.374980e+01 4.828123e-04 4.618440e-04 5.640930e-04 4.224997e-04
3.379877e+01 4.962693e-04 4.745324e-04 5.784922e-04 4.357834e-04
3.384774e+01 5.088668e-04 4.860837e-04 5.911301e-04 4.493867e-04
3.389671e+01 5.216539e-04 4.974025e-04 6.034013e-04 4.641579e-04
3.394568e+01 5.355583e-04 5.093119e-04 6.168414e-04 4.805215e-04
3.399466e+01 5.510891e-04 5.222702e-04 6.326552e-04 4.983419e-04
3.404363e+01 5.681553e-04 5.361814e-04 6.513461e-04 5.169384e-04
3.409260e+01 5.860646e-04 5.503660e-04 6.725789e-04 5.352488e-04
3.414157e+01 6.037056e-04 5.637130e-04 6.953093e-04 5.520944e-04
3.419054e+01 6.198535e-04 5.749804e-04 7.181171e-04 5.664631e-04
3.423951e+01 6.335029e-04 5.831672e-04 7.396146e-04 5.777269e-04
3.428848e+01 6.441309e-04 5.878537e-04 7.587981e-04 5.857408e-04
3.433745e+01 6.518220e-04 5.894040e-04 7.752496e-04 5.908125e-04
3.438642e+01 6.572307e-04 5.889564e-04 7.891537e-04 5.935819e-04
3.443539e+01 6.613983e-04 5.881828e-04 8.011505e-04 5.948615e-04
3.448436e+01 6.654773e-04 5.888655e-04 8.120809e-04 5.954854e-04
3.453333e+01 6.704306e-04 5.924058e-04 8.227005e-04 5.961855e-04
3.458230e+01 6.767813e-04 5.994051e-04 8.334417e-04 5.974971e-04
3.463127e+01 6.844741e-04 6.094513e-04 8.442874e-04 5.996836e-04
3.468024e+01 6.928835e-04 6.211789e-04 8.547883e-04 6.026832e-04
3.472921e+01 7.009676e-04 6.325910e-04 8.642179e-04 6.060939e-04
3.477819e+01 7.075254e-04 6.415448e-04 8.718134e-04 6.092180e-04
3.482716e+01 7.114899e-04 6.462571e-04 8.770280e-04 6.111846e-04
3.487613e+01 7.121795e-04 6.456867e-04 8.797114e-04 6.111404e-04
3.492510e+01 7.094487e-04 6.397049e-04 8.801639e-04 6.084774e-04
3.497407e+01 7.037086e-04 6.290366e-04 8.790531e-04 6.030362e-04
3.502304e+01 6.958286e-04 6.150331e-04 8.772324e-04 5.952204e-04
3.507201e+01 6.869560e-04 5.993648e-04 8.755343e-04 5.859690e-04
3.512098e+01 6.782998e-04 5.837246e-04 8.746038e-04 5.765712e-04
3.516995e+01 6.709220e-04 5.695924e-04 8.748121e-04 5.683614e-04
3.521892e+01 6.655661e-04 5.580765e-04 8.762436e-04 5.623783e-04
3.526789e+01 6.625468e-04 5.498194e-04 8.787247e-04 5.590964e-04
3.531686e+01 6.617127e-04 5.449580e-04 8.818576e-04 5.583224e-04
3.536583e+01 6.624899e-04 5.431340e-04 8.850435e-04 5.592923e-04
3.541480e+01 6.639994e-04 5.435633e-04 8.875023e-04 5.609327e-04
3.546377e+01 6.652217e-04 5.451692e-04 8.883097e-04 5.621862e-04
3.551274e+01 6.651731e-04 5.467687e-04 8.864710e-04 5.622795e-04
3.556171e+01 6.630556e-04 5.472852e-04 8.810387e-04 5.608429e-04
3.561069e+01 6.583562e-04 5.459461e-04 8.712654e-04 5.578569e-04
3.565966e+01 6.508925e-04 5.424236e-04 8.567730e-04 5.534810e-04
3.570863e+01 6.408223e-04 5.368913e-04 8.377097e-04 5.478658e-04
3.575760e+01 6.286318e-04 5.299844e-04 8.148605e-04 5.410504e-04
3.580657e+01 6.151117e-04 5.226749e-04 7.896669e-04 5.329935e-04
3.585554e+01 6.013050e-04 5.160823e-04 7.641197e-04 5.237129e-04
3.590451e+01 5.884029e-04 5.112554e-04 7.405042e-04 5.134491e-04
3.595348e+01 5.775789e-04 5.089607e-04 7.210211e-04 5.027548e-04
3.600245e+01 5.697775e-04 5.095233e-04 7.073552e-04 4.924540e-04
3.605142e+01 5.655154e-04 5.127615e-04 7.003051e-04 4.834796e-04
3.610039e+01 5.647659e-04 5.180438e-04 6.995952e-04 4.766588e-04
3.614936e+01 5.669837e-04 5.244692e-04 7.039474e-04 4.725347e-04
3.619833e+01 5.712784e-04 5.311314e-04 7.114112e-04 4.712927e-04
3.624730e+01 5.766885e-04 5.373912e-04 7.198600e-04 4.728142e-04
3.629627e+01 5.824654e-04 5.430680e-04 7.274984e-04 4.768297e-04
3.634524e+01 5.882729e-04 5.484802e-04 7.332256e-04 4.831129e-04
3.639421e+01 5.942379e-04 5.543127e-04 7.367563e-04 4.916446e-04
3.644319e+01 6.008418e-04 5.613548e-04 7.384924e-04 5.026782e-04
3.649216e+01 6.086984e-04 5.702025e-04 7.392239e-04 5.166689e-04
3.654113e+01 6.182982e-04 5.810402e-04 7.397839e-04 5.340705e-04
3.659010e+01 6.298059e-04 5.935873e-04 7.407723e-04 5.550582e-04
3.663907e+01 6.429774e-04 6.072360e-04 7.424152e-04 5.792811e-04
3.668804e+01 6.572143e-04 6.213238e-04 7.445637e-04 6.057553e-04
3.673701e+01 6.717268e-04 6.354269e-04 7.467918e-04 6.329617e-04
3.678598e+01 6.857406e-04 6.495463e-04 7.485379e-04 6.591377e-04
3.683495e+01 6.986730e-04 6.641017e-04 7.492510e-04 6.826662e-04
3.688392e+01 7.102279e-04 6.797323e-04 7.485252e-04 7.024263e-04
3.693289e+01 7.203972e-04 6.969836e-04 7.462199e-04 7.179881e-04
3.698186e+01 7.293857e-04 7.160068e-04 7.425487e-04 7.296017e-04
3.703083e+01 7.374991e-04 7.363840e-04 7.381014e-04 7.380119e-04
3.707980e+01 7.450250e-04 7.571351e-04 7.337542e-04 7.441858e-04
3.712877e+01 7.521345e-04 7.768931e-04 7.304549e-04 7.490555e-04
3.717774e+01 7.588215e-04 7.941786e-04 7.289335e-04 7.533525e-04
3.722672e+01 7.649003e-04 8.076908e-04 7.294438e-04 7.575665e-04
3.727569e+01 7.700743e-04 8.165465e-04 7.316605e-04 7.620160e-04
3.732466e+01 7.740687e-04 8.204261e-04 7.347955e-04 7.669843e-04
3.737363e+01 7.767886e-04 8.196141e-04 7.379005e-04 7.728510e-04
3.742260e+01 7.784402e-04 8.149384e-04 7.402329e-04 7.801492e-04
3.747157e+01 7.795551e-04 8.076300e-04 7.415325e-04 7.895026e-04
3.752054e+01 7.808977e-04 7.991380e-04 7.421075e-04 8.014477e-04
3.756951e+01 7.832915e-04 7.909449e-04 7.427222e-04 8.162074e-04
3.761848e+01 7.874379e-04 7.844255e-04 7.443646e-04 8.335234e-04
3.766745e+01 7.938071e-04 7.807696e-04 7.480069e-04 8.526448e-04
3.771642e+01 8.026347e-04 7.809537e-04 7.544412e-04 8.725094e-04
3.776539e+01 8.140041e-04 7.857253e-04 7.642224e-04 8.920646e-04
3.781436e+01 8.279544e-04 7.955620e-04 7.776967e-04 9.106046e-04
3.786333e+01 8.445540e-04 8.105957e-04 7.950778e-04 9.279884e-04
3.791230e+01 8.639095e-04 8.305307e-04 8.165357e-04 9.446622e-04
3.796127e+01 8.861266e-04 8.546042e-04 8.422779e-04 9.614976e-04
3.801024e+01 9.112574e-04 8.816319e-04 8.726032e-04 9.795371e-04
3.805922e+01 9.392692e-04 9.101486e-04 9.079066e-04 9.997525e-04
3.810819e+01 9.700400e-04 9.386200e-04 9.486142e-04 1.022886e-03
3.815716e+01 1.003362e-03 9.656752e-04 9.950411e-04 1.049370e-03
3.820613e+01 1.038928e-03 9.903078e-04 1.047195e-03 1.079280e-03
3.825510e+01 1.076284e-03 1.011999e-03 1.104582e-03 1.112271e-03
3.830407e+01 1.114769e-03 1.030738e-03 1.166077e-03 1.147492e-03
3.835304e+01 1.153463e-03 1.046917e-03 1.229925e-03 1.183548e-03
3.840201e+01 1.191198e-03 1.061135e-03 1.293889e-03 1.218571e-03
3.845098e+01 1.226636e-03 1.073931e-03 1.355509e-03 1.250469e-03
3.849995e+01 1.258415e-03 1.085556e-03 1.412410e-03 1.277279e-03
3.854892e+01 1.285327e-03 1.095851e-03 1.462570e-03 1.297560e-03
3.859789e+01 1.306476e-03 1.104305e-03 1.504484e-03 1.310640e-03
3.864686e+01 1.321379e-03 1.110285e-03 1.537198e-03 1.316653e-03
3.869583e+01 1.329971e-03 1.113346e-03 1.560243e-03 1.316323e-03
3.874480e+01 1.332540e-03 1.113479e-03 1.573539e-03 1.310602e-03
3.879377e+01 1.329599e-03 1.111173e-03 1.577330e-03 1.300293e-03
3.884274e+01 1.321759e-03 1.107243e-03 1.572224e-03 1.285808e-03
3.889172e+01 1.309651e-03 1.102494e-03 1.559306e-03 1.267152e-03
3.894069e+01 1.293918e-03 1.097362e-03 1.540278e-03 1.244113e-03
3.898966e+01 1.275265e-03 1.091710e-03 1.517502e-03 1.216583e-03
3.903863e+01 1.254525e-03 1.084858e-03 1.493854e-03 1.184864e-03
3.908760e+01 1.232684e-03 1.075850e-03 1.472370e-03 1.149832e-03
3.913657e+01 1.210831e-03 1.063846e-03 1.455750e-03 1.112897e-03
3.918554e+01 1.190050e-03 1.048491e-03 1.445880e-03 1.075780e-03
3.923451e+01 1.171279e-03 1.030128e-03 1.443540e-03 1.040168e-03
3.928348e+01 1.155191e-03 1.009806e-03 1.448380e-03 1.007389e-03
3.933245e+01 1.142144e-03 9.890807e-04 1.459168e-03 9.781821e-04
3.938142e+01 1.132175e-03 9.697022e-04 1.474175e-03 9.526469e-04
3.943039e+01 1.125061e-03 9.532697e-04 1.491569e-03 9.303448e-04
3.947936e+01 1.120392e-03 9.409517e-04 1.509697e-03 9.105258e-04
3.952833e+01 1.117643e-03 9.333158e-04 1.527220e-03 8.923941e-04
3.957730e+01 1.116250e-03 9.302911e-04 1.543121e-03 8.753370e-04
3.962627e+01 1.115653e-03 9.312461e-04 1.556651e-03 8.590627e-04
3.967525e+01 1.115342e-03 9.351452e-04 1.567253e-03 8.436264e-04
3.972422e+01 1.114863e-03 9.407377e-04 1.574492e-03 8.293610e-04
3.977319e+01 1.113822e-03 9.467322e-04 1.577985e-03 8.167503e-04
3.982216e+01 1.111852e-03 9.519259e-04 1.577342e-03 8.062883e-04
3.987113e+01 1.108581e-03 9.552764e-04 1.572111e-03 7.983548e-04
3.992010e+01 1.103603e-03 9.559238e-04 1.561758e-03 7.931263e-04
3.996907e+01 1.096473e-03 9.531845e-04 1.545709e-03 7.905268e-04
4.001804e+01 1.086743e-03 9.465485e-04 1.523461e-03 7.902194e-04
4.006701e+01 1.074027e-03 9.357034e-04 1.494743e-03 7.916330e-04
4.011598e+01 1.058094e-03 9.205951e-04 1.459674e-03 7.940134e-04
4.016495e+01 1.038948e-03 9.015136e-04 1.418845e-03 7.964864e-04
4.021392e+01 1.016857e-03 8.791652e-04 1.373286e-03 7.981203e-04
4.026289e+01 9.923319e-04 8.546862e-04 1.324322e-03 7.979876e-04
4.031186e+01 9.660512e-04 8.295579e-04 1.273359e-03 7.952367e-04
4.036083e+01 9.387699e-04 8.054165e-04 1.221711e-03 7.891827e-04
4.040980e+01 9.112353e-04 7.837841e-04 1.170505e-03 7.794164e-04
4.045877e+01 8.841304e-04 7.657844e-04 1.120702e-03 7.659052e-04
4.050775e+01 8.580418e-04 7.519166e-04 1.073161e-03 7.490473e-04
4.055672e+01 8.334360e-04 7.419506e-04 1.028718e-03 7.296396e-04
4.060569e+01 8.106299e-04 7.349773e-04 9.881687e-04 7.087438e-04
4.065466e+01 7.897545e-04 7.296096e-04 9.521829e-04 6.874711e-04
4.070363e+01 7.707264e-04 7.242886e-04 9.211526e-04 6.667382e-04
4.075260e+01 7.532502e-04 7.176231e-04 8.950562e-04 6.470713e-04
4.080157e+01 7.368668e-04 7.086799e-04 8.733988e-04 6.285217e-04
4.085054e+01 7.210465e-04 6.971503e-04 8.552624e-04 6.107266e-04
4.089951e+01 7.053033e-04 6.833525e-04 8.394580e-04 5.930994e-04
4.094848e+01 6.892958e-04 6.680748e-04 8.247309e-04 5.750819e-04
4.099745e+01 6.728830e-04 6.523140e-04 8.099637e-04 5.563714e-04
4.104642e+01 6.561226e-04 6.369914e-04 7.943321e-04 5.370443e-04
4.109539e+01 6.392215e-04 6.227315e-04 7.773923e-04 5.175406e-04
4.114436e+01 6.224637e-04 6.097590e-04 7.591021e-04 4.985300e-04
4.119333e+01 6.061411e-04 5.979217e-04 7.397803e-04 4.807214e-04
4.124230e+01 5.905021e-04 5.868030e-04 7.200142e-04 4.646891e-04
4.129127e+01 5.757182e-04 5.758651e-04 7.005234e-04 4.507662e-04
4.134025e+01 5.618641e-04 5.645693e-04 6.820021e-04 4.390210e-04
4.138922e+01 5.489068e-04 5.524507e-04 6.649736e-04 4.292962e-04
4.143819e+01 5.367102e-04 5.391562e-04 6.496940e-04 4.212804e-04
4.148716e+01 5.250643e-04 5.244714e-04 6.361338e-04 4.145879e-04
4.153613e+01 5.137432e-04 5.083561e-04 6.240366e-04 4.088368e-04
4.158510e+01 5.025802e-04 4.909867e-04 6.130328e-04 4.037212e-04
4.163407e+01 4.915387e-04 4.727793e-04 6.027668e-04 3.990699e-04
4.168304e+01 4.807467e-04 4.543669e-04 5.929977e-04 3.948756e-04
4.173201e+01 4.704785e-04 4.365164e-04 5.836438e-04 3.912753e-04
4.178098e+01 4.610786e-04 4.199997e-04 5.747596e-04 3.884766e-04
4.182995e+01 4.528526e-04 4.054546e-04 5.664540e-04 3.866491e-04
4.187892e+01 4.459584e-04 3.932776e-04 5.587752e-04 3.858225e-04
4.192789e+01 4.403377e-04 3.835757e-04 5.516022e-04 3.858354e-04
4.197686e+01 4.357110e-04 3.761840e-04 5.445844e-04 3.863648e-04
4.202583e+01 4.316396e-04 3.707293e-04 5.371617e-04 3.870277e-04
4.207480e+01 4.276332e-04 3.667141e-04 5.286730e-04 3.875124e-04
4.212378e+01 4.232691e-04 3.635955e-04 5.185314e-04 3.876805e-04
4.217275e+01 4.182846e-04 3.608476e-04 5.064145e-04 3.875918e-04
4.222172e+01 4.126181e-04 3.580090e-04 4.924046e-04 3.874405e-04
4.227069e+01 4.063920e-04 3.547212e-04 4.770233e-04 3.874316e-04
4.231966e+01 3.998485e-04 3.507604e-04 4.611340e-04 3.876512e-04
4.236863e+01 3.932582e-04 3.460572e-04 4.457307e-04 3.879868e-04
4.241760e+01 3.868290e-04 3.406884e-04 4.316721e-04 3.881264e-04
4.246657e+01 3.806355e-04 3.348335e-04 4.194425e-04 3.876304e-04
4.251554e+01 3.745861e-04 3.286985e-04 4.090158e-04 3.860440e-04
4.256451e+01 3.684318e-04 3.224270e-04 3.998644e-04 3.830039e-04
4.261348e+01 3.618168e-04 3.160342e-04 3.911111e-04 3.783050e-04
4.266245e+01 3.543591e-04 3.093903e-04 3.817746e-04 3.719123e-04
4.271142e+01 3.457454e-04 3.022652e-04 3.710411e-04 3.639300e-04
4.276039e+01 3.358195e-04 2.944182e-04 3.584875e-04 3.545527e-04
4.280936e+01 3.246430e-04 2.856957e-04 3.442043e-04 3.440288e-04
4.285833e+01 3.125147e-04 2.760988e-04 3.287928e-04 3.326524e-04
4.290730e+01 2.999390e-04 2.657974e-04 3.132425e-04 3.207771e-04
4.295628e+01 2.875494e-04 2.550952e-04 2.987213e-04 3.088317e-04
4.300525e+01 2.760023e-04 2.443676e-04 2.863295e-04 2.973098e-04
4.305422e+01 2.658662e-04 2.340024e-04 2.768759e-04 2.867203e-04
4.310319e+01 2.575296e-04 2.243592e-04 2.707250e-04 2.775047e-04
4.315216e+01 2.511468e-04 2.157490e-04 2.677436e-04 2.699479e-04
4.320113e+01 2.466296e-04 2.084213e-04 2.673521e-04 2.641153e-04
4.325010e+01 2.436817e-04 2.025480e-04 2.686579e-04 2.598391e-04
4.329907e+01 2.418659e-04 1.982009e-04 2.706350e-04 2.567619e-04
4.334804e+01 2.406874e-04 1.953315e-04 2.723099e-04 2.544206e-04
4.339701e+01 2.396749e-04 1.937645e-04 2.729124e-04 2.523478e-04
4.344598e+01 2.384447e-04 1.932137e-04 2.719629e-04 2.501576e-04
4.349495e+01 2.367328e-04 1.933167e-04 2.692836e-04 2.475981e-04
4.354392e+01 2.343931e-04 1.936818e-04 2.649400e-04 2.445574e-04
4.359289e+01 2.313707e-04 1.939356e-04 2.591429e-04 2.410338e-04
4.364186e+01 2.276665e-04 1.937649e-04 2.521501e-04 2.370845e-04
4.369083e+01 2.233099e-04 1.929490e-04 2.442031e-04 2.327777e-04
4.373980e+01 2.183524e-04 1.913781e-04 2.355148e-04 2.281644e-04
4.378878e+01 2.128769e-04 1.890566e-04 2.262972e-04 2.232770e-04
4.383775e+01 2.070133e-04 1.860881e-04 2.168015e-04 2.181501e-04
4.388672e+01 2.009444e-04 1.826459e-04 2.073393e-04 2.128479e-04
4.393569e+01 1.948964e-04 1.789356e-04 1.982695e-04 2.074841e-04
4.398466e+01 1.891142e-04 1.751611e-04 1.899552e-04 2.022262e-04
4.403363e+01 1.838308e-04 1.715015e-04 1.827104e-04 1.972806e-04
4.408260e+01 1.792412e-04 1.681001e-04 1.767589e-04 1.928647e-04
4.413157e+01 1.754837e-04 1.650613e-04 1.722172e-04 1.891726e-04
4.418054e+01 1.726289e-04 1.624476e-04 1.690993e-04 1.863396e-04
4.422951e+01 1.706725e-04 1.602752e-04 1.673316e-04 1.844106e-04
4.427848e+01 1.695305e-04 1.585069e-04 1.667664e-04 1.833182e-04
4.432745e+01 1.690401e-04 1.570514e-04 1.671900e-04 1.828789e-04
4.437642e+01 1.689714e-04 1.557713e-04 1.683306e-04 1.828124e-04
4.442539e+01 1.690565e-04 1.545031e-04 1.698763e-04 1.827901e-04
4.447436e+01 1.690328e-04 1.530857e-04 1.715076e-04 1.825049e-04
4.452333e+01 1.686937e-04 1.513920e-04 1.729413e-04 1.817477e-04
4.457231e+01 1.679321e-04 1.493559e-04 1.739742e-04 1.804660e-04
4.462128e+01 1.667623e-04 1.469891e-04 1.745131e-04 1.787847e-04
4.467025e+01 1.653119e-04 1.443823e-04 1.745785e-04 1.769750e-04
4.471922e+01 1.637833e-04 1.416905e-04 1.742823e-04 1.753771e-04
4.476819e+01 1.623952e-04 1.391038e-04 1.737854e-04 1.742964e-04
4.481716e+01 1.613214e-04 1.368114e-04 1.732458e-04 1.739069e-04
4.486613e+01 1.606426e-04 1.349649e-04 1.727709e-04 1.741920e-04
4.491510e+01 1.603251e-04 1.336501e-04 1.723829e-04 1.749423e-04
4.496407e+01 1.602279e-04 1.328678e-04 1.720053e-04 1.758106e-04
4.501304e+01 1.601334e-04 1.325274e-04 1.714717e-04 1.764012e-04
4.506201e+01 1.597906e-04 1.324517e-04 1.705568e-04 1.763632e-04
4.511098e+01 1.589586e-04 1.323951e-04 1.690238e-04 1.754568e-04
4.515995e+01 1.574432e-04 1.320750e-04 1.666779e-04 1.735767e-04
4.520892e+01 1.551203e-04 1.312129e-04 1.634114e-04 1.707365e-04
4.525789e+01 1.519447e-04 1.295793e-04 1.592263e-04 1.670286e-04
4.530686e+01 1.479462e-04 1.270281e-04 1.542270e-04 1.625834e-04
4.535583e+01 1.432129e-04 1.235137e-04 1.485868e-04 1.575383e-04
4.540481e+01 1.378697e-04 1.190859e-04 1.424998e-04 1.520235e-04
4.545378e+01 1.320544e-04 1.138678e-04 1.361399e-04 1.461557e-04
4.550275e+01 1.259005e-04 1.080285e-04 1.296382e-04 1.400349e-04
4.555172e+01 1.195281e-04 1.017610e-04 1.230857e-04 1.337377e-04
4.560069e+01 1.130443e-04 9.527286e-05 1.165515e-04 1.273084e-04
4.564966e+01 1.065496e-04 8.879003e-05 1.101039e-04 1.207548e-04
4.569863e+01 1.001482e-04 8.256549e-05 1.038250e-04 1.140542e-04
4.574760e+01 9.395855e-05 7.688636e-05 9.781507e-05 1.071742e-04
4.579657e+01 8.812353e-05 7.207173e-05 9.219259e-05 1.001063e-04
4.584554e+01 8.282052e-05 6.845889e-05 8.709841e-05 9.290426e-05
4.589451e+01 7.826771e-05 6.637999e-05 8.270784e-05 8.571529e-05
4.594348e+01 7.472334e-05 6.613262e-05 7.924638e-05 7.879103e-05
4.599245e+01 7.247116e-05 6.794685e-05 7.699623e-05 7.247041e-05
4.604142e+01 7.178526e-05 7.194680e-05 7.627646e-05 6.713252e-05
4.609039e+01 7.287071e-05 7.810293e-05 7.738351e-05 6.312569e-05
4.613936e+01 7.578379e-05 8.617404e-05 8.049121e-05 6.068612e-05
4.618833e+01 8.034690e-05 9.564881e-05 8.552860e-05 5.986328e-05
4.623731e+01 8.608507e-05 1.057105e-04 9.207364e-05 6.047103e-05
4.628628e+01 9.221647e-05 1.152578e-04 9.931095e-05 6.208064e-05
4.633525e+01 9.772243e-05 1.230085e-04 1.060938e-04 6.406501e-05
4.638422e+01 1.015009e-04 1.276893e-04 1.111212e-04 6.569209e-05
4.643319e+01 1.025764e-04 1.282796e-04 1.131975e-04 6.625201e-05
4.648216e+01 1.003125e-04 1.242438e-04 1.115034e-04 6.519037e-05
4.653113e+01 9.456216e-05 1.156779e-04 1.057937e-04 6.221490e-05
4.658010e+01 8.570568e-05 1.033155e-04 9.645385e-05 5.734768e-05
4.662907e+01 7.456460e-05 8.838469e-05 8.440004e-05 5.090906e-05
4.667804e+01 6.221741e-05 7.235501e-05 7.085810e-05 4.343913e-05
4.672701e+01 4.977642e-05 5.665227e-05 5.709695e-05 3.558003e-05
4.677598e+01 3.818926e-05 4.242008e-05 4.419617e-05 2.795153e-05
4.682495e+01 2.811226e-05 3.038348e-05 3.290271e-05 2.105057e-05
4.687392e+01 1.987209e-05 2.082923e-05 2.359262e-05 1.519442e-05
4.692289e+01 1.350321e-05 1.367988e-05 1.631819e-05 1.051156e-05
4.697186e+01 8.830613e-06 8.617993e-06 1.090282e-05 6.971030e-06
4.702084e+01 5.564716e-06 5.215613e-06 7.045200e-06 4.433334e-06
4.706981e+01 3.383021e-06 3.037539e-06 4.406431e-06 2.705093e-06
4.711878e+01 1.986113e-06 1.705372e-06 2.668419e-06 1.584547e-06
4.716775e+01 1.126743e-06 9.244789e-07 1.564163e-06 8.915881e-07
4.721672e+01 6.178124e-07 4.844980e-07 8.867659e-07 4.821732e-07
4.726569e+01 3.273074e-07 2.456290e-07 4.855638e-07 2.507295e-07
4.731466e+01 1.673943e-07 1.204494e-07 2.563449e-07 1.253885e-07
4.736363e+01 8.252979e-08 5.707669e-08 1.302125e-07 6.030022e-08
4.741260e+01 3.915559e-08 2.609242e-08 6.350034e-08 2.787402e-08
4.746157e+01 1.784044e-08 1.148157e-08 2.966428e-08 1.237546e-08
4.751054e+01 7.789595e-09 4.850812e-09 1.324650e-08 5.271478e-09
4.755951e+01 3.252317e-09 1.962450e-09 5.643070e-09 2.151431e-09
4.760848e+01 1.295847e-09 7.582598e-10 2.289256e-09 8.400263e-10
4.765745e+01 4.917495e-10 2.790992e-10 8.828890e-10 3.132601e-10
4.770642e+01 1.774207e-10 9.765719e-11 3.232182e-10 1.113866e-10
4.775539e+01 6.074164e-11 3.236690e-11 1.121744e-10 3.768356e-11
4.780436e+01 1.973223e-11 1.018275e-11 3.691390e-11 1.210003e-11
4.785334e+01 6.036870e-12 2.994468e-12 1.146416e-11 3.651982e-12
4.790231e+01 1.749962e-12 8.423990e-13 3.356370e-12 1.051116e-12
4.795128e+01 4.784818e-13 2.223201e-13 9.266055e-13 2.865198e-13
4.800025e+01 1.221923e-13 5.555422e-14 2.401856e-13 7.083720e-14
4.804922e+01 2.764022e-14 1.219712e-14 5.498846e-14 1.573508e-14
4.809819e+01 5.180984e-15 5.513051e-16 1.155633e-14 3.435315e-15
4.814716e+01 0.000000e+00 0.000000e+00 0.000000e+00 0.000000e+00
4.819613e+01 0.000000e+00 0.000000e+00 0.000000e+00 0.000000e+00
4.824510e+01 0.000000e+00 0.000000e+00 0.000000e+00 0.000000e+00
4.829407e+01 0.000000e+00 0.000000e+00 0.000000e+00 0.000000e+00
4.834304e+01 0.000000e+00 0.000000e+00 0.000000e+00 0.000000e+00
4.839201e+01 0.000000e+00 0.000000e+00 0.000000e+00 0.000000e+00
4.844098e+01 0.000000e+00 0.000000e+00 0.000000e+00 0.000000e+00
4.848995e+01 0.000000e+00 0.000000e+00 0.000000e+00 0.000000e+00
4.853892e+01 0.000000e+00 0.000000e+00 0.000000e+00 0.000000e+00
4.858789e+01 0.000000e+00 0.000000e+00 0.000000e+00 0.000000e+00
4.863686e+01 0.000000e+00 0.000000e+00 0.000000e+00 0.000000e+00
4.868584e+01 0.000000e+00 0.000000e+00 0.000000e+00 0.000000e+00
4.873481e+01 0.000000e+00 0.000000e+00 0.000000e+00 0.000000e+00
4.878378e+01 0.000000e+00 0.000000e+00 0.000000e+00 0.000000e+00
4.883275e+01 0.000000e+00 0.000000e+00 0.000000e+00 0.000000e+00
4.888172e+01 0.000000e+00 0.000000e+00 0.000000e+00 0.000000e+00
4.893069e+01 0.000000e+00 0.000000e+00 0.000000e+00 0.000000e+00
4.897966e+01 0.000000e+00 0.000000e+00 0.000000e+00 0.000000e+00
4.902863e+01 0.000000e+00 0.000000e+00 0.000000e+00 0.000000e+00
4.907760e+01 0.000000e+00 0.000000e+00 0.000000e+00 0.000000e+00
4.912657e+01 0.000000e+00 0.000000e+00 0.000000e+00 0.000000e+00
4.917554e+01 0.000000e+00 0.000000e+00 0.000000e+00 0.000000e+00
4.922451e+01 0.000000e+00 0.000000e+00 0.000000e+00 0.000000e+00
4.927348e+01 0.000000e+00 0.000000e+00 0.000000e+00 0.000000e+00
4.932245e+01 0.000000e+00 0.000000e+00 0.000000e+00 0.000000e+00
4.937142e+01 0.000000e+00 0.000000e+00 0.000000e+00 0.000000e+00
4.942039e+01 0.000000e+00 0.000000e+00 0.000000e+00 0.000000e+00
4.946937e+01 0.000000e+00 0.000000e+00 0.000000e+00 0.000000e+00
4.951834e+01 0.000000e+00 0.000000e+00 0.000000e+00 0.000000e+00
4.956731e+01 0.000000e+00 0.000000e+00 0.000000e+00 0.000000e+00
4.961628e+01 0.000000e+00 0.000000e+00 0.000000e+00 0.000000e+00
4.966525e+01 0.000000e+00 0.000000e+00 0.000000e+00 0.000000e+00
4.971422e+01 0.000000e+00 0.000000e+00 0.000000e+00 0.000000e+00
4.976319e+01 0.000000e+00 0.000000e+00 0.000000e+00 0.000000e+00
4.981216e+01 0.000000e+00 0.000000e+00 0.000000e+00 0.000000e+00
4.986113e+01 0.000000e+00 0.000000e+00 0.000000e+00 0.000000e+00
4.991010e+01 0.000000e+00 0.000000e+00 0.000000e+00 0.000000e+00
4.995907e+01 0.000000e+00 0.000000e+00 0.000000e+00 0.000000e+00
5.000804e+01 0.000000e+00 0.000000e+00 0.000000e+00 0.000000e+00
5.005701e+01 0.000000e+00 0.000000e+00 0.000000e+00 0.000000e+00
5.010598e+01 0.000000e+00 0.000000e+00 0.000000e+00 0.000000e+00
5.015495e+01 0.000000e+00 0.000000e+00 0.000000e+00 0.000000e+00
5.020392e+01 0.000000e+00 0.000000e+00 0.000000e+00 0.000000e+00
5.025289e+01 0.000000e+00 0.000000e+00 0.000000e+00 0.000000e+00
5.030187e+01 0.000000e+00 0.000000e+00 0.000000e+00 0.000000e+00
5.035084e+01 0.000000e+00 0.000000e+00 0.000000e+00 0.000000e+00
5.039981e+01 0.000000e+00 0.000000e+00 0.000000e+00 0.000000e+00
5.044878e+01 0.000000e+00 0.000000e+00 0.000000e+00 0.000000e+00
5.049775e+01 0.000000e+00 0.000000e+00 0.000000e+00 0.000000e+00
5.054672e+01 0.000000e+00 0.000000e+00 0.000000e+00 0.000000e+00
5.059569e+01 0.000000e+00 0.000000e+00 0.000000e+00 0.000000e+00
5.064466e+01 0.000000e+00 0.000000e+00 0.000000e+00 0.000000e+00
5.069363e+01 0.000000e+00 0.000000e+00 0.000000e+00 0.000000e+00
5.074260e+01 0.000000e+00 0.000000e+00 0.000000e+00 0.000000e+00
5.079157e+01 0.000000e+00 0.000000e+00 0.000000e+00 0.000000e+00
5.084054e+01 0.000000e+00 0.000000e+00 0.000000e+00 0.000000e+00
5.088951e+01 0.000000e+00 0.000000e+00 0.000000e+00 0.000000e+00
5.093848e+01 0.000000e+00 0.000000e+00 0.000000e+00 0.000000e+00
5.098745e+01 0.000000e+00 0.000000e+00 0.000000e+00 0.000000e+00
5.103642e+01 0.000000e+00 0.000000e+00 0.000000e+00 0.000000e+00
5.108539e+01 0.000000e+00 0.000000e+00 0.000000e+00 0.000000e+00
5.113437e+01 0.000000e+00 0.000000e+00 0.000000e+00 0.000000e+00
5.118334e+01 0.000000e+00 0.000000e+00 0.000000e+00 0.000000e+00
5.123231e+01 0.000000e+00 0.000000e+00 0.000000e+00 0.000000e+00
5.128128e+01 0.000000e+00 0.000000e+00 0.000000e+00 0.000000e+00
5.133025e+01 0.000000e+00 0.000000e+00 0.000000e+00 0.000000e+00
5.137922e+01 0.000000e+00 0.000000e+00 0.000000e+00 0.000000e+00
5.142819e+01 0.000000e+00 0.000000e+00 0.000000e+00 0.000000e+00
5.147716e+01 0.000000e+00 0.000000e+00 0.000000e+00 0.000000e+00
5.152613e+01 0.000000e+00 0.000000e+00 0.000000e+00 0.000000e+00
5.157510e+01 0.000000e+00 0.000000e+00 0.000000e+00 0.000000e+00
5.162407e+01 0.000000e+00 0.000000e+00 0.000000e+00 0.000000e+00
5.167304e+01 0.000000e+00 0.000000e+00 0.000000e+00 0.000000e+00
5.172201e+01 0.000000e+00 0.000000e+00 0.000000e+00 0.000000e+00
5.177098e+01 0.000000e+00 0.000000e+00 0.000000e+00 0.000000e+00
5.181995e+01 0.000000e+00 0.000000e+00 0.000000e+00 0.000000e+00
5.186892e+01 0.000000e+00 0.000000e+00 0.000000e+00 0.000000e+00
5.191790e+01 0.000000e+00 0.000000e+00 0.000000e+00 0.000000e+00
5.196687e+01 0.000000e+00 0.000000e+00 0.000000e+00 0.000000e+00
5.201584e+01 0.000000e+00 0.000000e+00 0.000000e+00 0.000000e+00
5.206481e+01 0.000000e+00 0.000000e+00 0.000000e+00 0.000000e+00
5.211378e+01 0.000000e+00 0.000000e+00 0.000000e+00 0.000000e+00
5.216275e+01 0.000000e+00 0.000000e+00 0.000000e+00 0.000000e+00
5.221172e+01 0.000000e+00 0.000000e+00 0.000000e+00 0.000000e+00
5.226069e+01 0.000000e+00 0.000000e+00 0.000000e+00 0.000000e+00
5.230966e+01 0.000000e+00 0.000000e+00 0.000000e+00 0.000000e+00
5.235863e+01 0.000000e+00 0.000000e+00 0.000000e+00 0.000000e+00
5.240760e+01 0.000000e+00 0.000000e+00 0.000000e+00 0.000000e+00
5.245657e+01 0.000000e+00 0.000000e+00 0.000000e+00 0.000000e+00
5.250554e+01 0.000000e+00 0.000000e+00 0.000000e+00 0.000000e+00
5.255451e+01 0.000000e+00 0.000000e+00 0.000000e+00 0.000000e+00
5.260348e+01 0.000000e+00 0.000000e+00 0.000000e+00 0.000000e+00
5.265245e+01 0.000000e+00 0.000000e+00 0.000000e+00 0.000000e+00
5.270142e+01 0.000000e+00 0.000000e+00 0.000000e+00 0.000000e+00
5.275040e+01 0.000000e+00 0.000000e+00 0.000000e+00 0.000000e+00
5.279937e+01 0.000000e+00 0.000000e+00 0.000000e+00 0.000000e+00
5.284834e+01 0.000000e+00 0.000000e+00 0.000000e+00 0.000000e+00
5.289731e+01 0.000000e+00 0.000000e+00 0.000000e+00 0.000000e+00
5.294628e+01 0.000000e+00 0.000000e+00 0.000000e+00 0.000000e+00
5.299525e+01 0.000000e+00 0.000000e+00 0.000000e+00 0.000000e+00
5.304422e+01 0.000000e+00 0.000000e+00 0.000000e+00 0.000000e+00
5.309319e+01 0.000000e+00 0.000000e+00 0.000000e+00 0.000000e+00
5.314216e+01 0.000000e+00 0.000000e+00 0.000000e+00 0.000000e+00
5.319113e+01 0.000000e+00 0.000000e+00 0.000000e+00 0.000000e+00
5.324010e+01 0.000000e+00 0.000000e+00 0.000000e+00 0.000000e+00
5.328907e+01 0.000000e+00 0.000000e+00 0.000000e+00 0.000000e+00
5.333804e+01 0.000000e+00 0.000000e+00 0.000000e+00 0.000000e+00
5.338701e+01 0.000000e+00 0.000000e+00 0.000000e+00 0.000000e+00
5.343598e+01 0.000000e+00 0.000000e+00 0.000000e+00 0.000000e+00
5.348495e+01 0.000000e+00 0.000000e+00 0.000000e+00 0.000000e+00
5.353392e+01 0.000000e+00 0.000000e+00 0.000000e+00 0.000000e+00
5.358290e+01 0.000000e+00 0.000000e+00 0.000000e+00 0.000000e+00
5.363187e+01 0.000000e+00 0.000000e+00 0.000000e+00 0.000000e+00
5.368084e+01 0.000000e+00 0.000000e+00 0.000000e+00 0.000000e+00
5.372981e+01 0.000000e+00 0.000000e+00 0.000000e+00 0.000000e+00
5.377878e+01 0.000000e+00 0.000000e+00 0.000000e+00 0.000000e+00
5.382775e+01 0.000000e+00 0.000000e+00 0.000000e+00 0.000000e+00
5.387672e+01 0.000000e+00 0.000000e+00 0.000000e+00 0.000000e+00
5.392569e+01 0.000000e+00 0.000000e+00 0.000000e+00 0.000000e+00
5.397466e+01 0.000000e+00 0.000000e+00 0.000000e+00 0.000000e+00
5.402363e+01 0.000000e+00 0.000000e+00 0.000000e+00 0.000000e+00
5.407260e+01 0.000000e+00 0.000000e+00 0.000000e+00 0.000000e+00
5.412157e+01 0.000000e+00 0.000000e+00 0.000000e+00 0.000000e+00
5.417054e+01 0.000000e+00 0.000000e+00 0.000000e+00 0.000000e+00
5.421951e+01 0.000000e+00 0.000000e+00 0.000000e+00 0.000000e+00
5.426848e+01 0.000000e+00 0.000000e+00 0.000000e+00 0.000000e+00
5.431745e+01 0.000000e+00 0.000000e+00 0.000000e+00 0.000000e+00
5.436643e+01 0.000000e+00 0.000000e+00 0.000000e+00 0.000000e+00
5.441540e+01 0.000000e+00 0.000000e+00 0.000000e+00 0.000000e+00
5.446437e+01 0.000000e+00 0.000000e+00 0.000000e+00 0.000000e+00
5.451334e+01 0.000000e+00 0.000000e+00 0.000000e+00 0.000000e+00
5.456231e+01 0.000000e+00 0.000000e+00 0.000000e+00 0.000000e+00
5.461128e+01 0.000000e+00 0.000000e+00 0.000000e+00 0.000000e+00
5.466025e+01 0.000000e+00 0.000000e+00 0.000000e+00 0.000000e+00
5.470922e+01 0.000000e+00 0.000000e+00 0.000000e+00 0.000000e+00
5.475819e+01 0.000000e+00 0.000000e+00 0.000000e+00 0.000000e+00
5.480716e+01 0.000000e+00 0.000000e+00 0.000000e+00 0.000000e+00
5.485613e+01 0.000000e+00 0.000000e+00 0.000000e+00 0.000000e+00
5.490510e+01 0.000000e+00 0.000000e+00 0.000000e+00 0.000000e+00
5.495407e+01 0.000000e+00 0.000000e+00 0.000000e+00 0.000000e+00
5.500304e+01 0.000000e+00 0.000000e+00 0.000000e+00 0.000000e+00
5.505201e+01 0.000000e+00 0.000000e+00 0.000000e+00 0.000000e+00
5.510098e+01 0.000000e+00 0.000000e+00 0.000000e+00 0.000000e+00
5.514995e+01 0.000000e+00 0.000000e+00 0.000000e+00 0.000000e+00
5.519893e+01 0.000000e+00 0.000000e+00 0.000000e+00 0.000000e+00
5.524790e+01 0.000000e+00 0.000000e+00 0.000000e+00 0.000000e+00
5.529687e+01 0.000000e+00 0.000000e+00 0.000000e+00 0.000000e+00
5.534584e+01 0.000000e+00 0.000000e+00 0.000000e+00 0.000000e+00
5.539481e+01 0.000000e+00 0.000000e+00 0.000000e+00 0.000000e+00
5.544378e+01 0.000000e+00 0.000000e+00 0.000000e+00 0.000000e+00
5.549275e+01 0.000000e+00 0.000000e+00 0.000000e+00 0.000000e+00
5.554172e+01 0.000000e+00 0.000000e+00 0.000000e+00 0.000000e+00
5.559069e+01 0.000000e+00 0.000000e+00 0.000000e+00 0.000000e+00
5.563966e+01 0.000000e+00 0.000000e+00 0.000000e+00 0.000000e+00
5.568863e+01 0.000000e+00 0.000000e+00 0.000000e+00 0.000000e+00
5.573760e+01 0.000000e+00 0.000000e+00 0.000000e+00 0.000000e+00
5.578657e+01 0.000000e+00 0.000000e+00 0.000000e+00 0.000000e+00
5.583554e+01 0.000000e+00 0.000000e+00 0.000000e+00 0.000000e+00
5.588451e+01 0.000000e+00 0.000000e+00 0.000000e+00 0.000000e+00
5.593348e+01 0.000000e+00 0.000000e+00 0.000000e+00 0.000000e+00
5.598245e+01 0.000000e+00 0.000000e+00 0.000000e+00 0.000000e+00
5.603143e+01 0.000000e+00 0.000000e+00 0.000000e+00 0.000000e+00
5.608040e+01 0.000000e+00 0.000000e+00 0.000000e+00 0.000000e+00
5.612937e+01 0.000000e+00 0.000000e+00 0.000000e+00 0.000000e+00
5.617834e+01 0.000000e+00 0.000000e+00 0.000000e+00 0.000000e+00
5.622731e+01 0.000000e+00 0.000000e+00 0.000000e+00 0.000000e+00
5.627628e+01 0.000000e+00 0.000000e+00 0.000000e+00 0.000000e+00
5.632525e+01 0.000000e+00 0.000000e+00 0.000000e+00 0.000000e+00
5.637422e+01 0.000000e+00 0.000000e+00 0.000000e+00 0.000000e+00
5.642319e+01 0.000000e+00 0.000000e+00 0.000000e+00 0.000000e+00
5.647216e+01 0.000000e+00 0.000000e+00 0.000000e+00 0.000000e+00
5.652113e+01 0.000000e+00 0.000000e+00 0.000000e+00 0.000000e+00
5.657010e+01 0.000000e+00 0.000000e+00 0.000000e+00 0.000000e+00
