4.543529e+00 0.000000e+00 0.000000e+00 0.000000e+00 0.000000e+00
4.595529e+00 0.000000e+00 0.000000e+00 0.000000e+00 0.000000e+00
4.647529e+00 0.000000e+00 0.000000e+00 0.000000e+00 0.000000e+00
4.699529e+00 0.000000e+00 0.000000e+00 0.000000e+00 0.000000e+00
4.751529e+00 0.000000e+00 0.000000e+00 0.000000e+00 0.000000e+00
4.803529e+00 0.000000e+00 0.000000e+00 0.000000e+00 0.000000e+00
4.855529e+00 0.000000e+00 0.000000e+00 0.000000e+00 0.000000e+00
4.907529e+00 0.000000e+00 0.000000e+00 0.000000e+00 0.000000e+00
4.959529e+00 0.000000e+00 0.000000e+00 0.000000e+00 0.000000e+00
5.011529e+00 0.000000e+00 0.000000e+00 0.000000e+00 0.000000e+00
5.063529e+00 0.000000e+00 0.000000e+00 0.000000e+00 0.000000e+00
5.115529e+00 0.000000e+00 0.000000e+00 0.000000e+00 0.000000e+00
5.167529e+00 0.000000e+00 0.000000e+00 0.000000e+00 0.000000e+00
5.219529e+00 0.000000e+00 0.000000e+00 0.000000e+00 0.000000e+00
5.271529e+00 0.000000e+00 0.000000e+00 0.000000e+00 0.000000e+00
5.323529e+00 0.000000e+00 0.000000e+00 0.000000e+00 0.000000e+00
5.375529e+00 0.000000e+00 0.000000e+00 0.000000e+00 0.000000e+00
5.427529e+00 0.000000e+00 0.000000e+00 0.000000e+00 0.000000e+00
5.479529e+00 0.000000e+00 0.000000e+00 0.000000e+00 0.000000e+00
5.531529e+00 0.000000e+00 0.000000e+00 0.000000e+00 0.000000e+00
5.583529e+00 0.000000e+00 0.000000e+00 0.000000e+00 0.000000e+00
5.635529e+00 0.000000e+00 0.000000e+00 0.000000e+00 0.000000e+00
5.687529e+00 0.000000e+00 0.000000e+00 0.000000e+00 0.000000e+00
5.739529e+00 0.000000e+00 0.000000e+00 0.000000e+00 0.000000e+00
5.791529e+00 0.000000e+00 0.000000e+00 0.000000e+00 0.000000e+00
5.843529e+00 0.000000e+00 0.000000e+00 0.000000e+00 0.000000e+00
5.895529e+00 0.000000e+00 0.000000e+00 0.000000e+00 0.000000e+00
5.947529e+00 0.000000e+00 0.000000e+00 0.000000e+00 0.000000e+00
5.999529e+00 0.000000e+00 0.000000e+00 0.000000e+00 0.000000e+00
6.051529e+00 0.000000e+00 0.000000e+00 0.000000e+00 0.000000e+00
6.103529e+00 0.000000e+00 0.000000e+00 0.000000e+00 0.000000e+00
6.155529e+00 0.000000e+00 0.000000e+00 0.000000e+00 0.000000e+00
6.207529e+00 0.000000e+00 0.000000e+00 0.000000e+00 0.000000e+00
6.259529e+00 0.000000e+00 0.000000e+00 0.000000e+00 0.000000e+00
6.311529e+00 0.000000e+00 0.000000e+00 0.000000e+00 0.000000e+00
6.363529e+00 0.000000e+00 0.000000e+00 0.000000e+00 0.000000e+00
6.415529e+00 0.000000e+00 0.000000e+00 0.000000e+00 0.000000e+00
6.467529e+00 0.000000e+00 0.000000e+00 0.000000e+00 0.000000e+00
6.519529e+00 0.000000e+00 0.000000e+00 0.000000e+00 0.000000e+00
6.571529e+00 0.000000e+00 0.000000e+00 0.000000e+00 0.000000e+00
6.623529e+00 0.000000e+00 0.000000e+00 0.000000e+00 0.000000e+00
6.675529e+00 0.000000e+00 0.000000e+00 0.000000e+00 0.000000e+00
6.727529e+00 0.000000e+00 0.000000e+00 0.000000e+00 0.000000e+00
6.779529e+00 0.000000e+00 0.000000e+00 0.000000e+00 0.000000e+00
6.831529e+00 0.000000e+00 0.000000e+00 0.000000e+00 0.000000e+00
6.883529e+00 0.000000e+00 0.000000e+00 0.000000e+00 0.000000e+00
6.935529e+00 0.000000e+00 0.000000e+00 0.000000e+00 0.000000e+00
6.987529e+00 0.000000e+00 0.000000e+00 0.000000e+00 0.000000e+00
7.039529e+00 0.000000e+00 0.000000e+00 0.000000e+00 0.000000e+00
7.091529e+00 0.000000e+00 0.000000e+00 0.000000e+00 0.000000e+00
7.143529e+00 0.000000e+00 0.000000e+00 0.000000e+00 0.000000e+00
7.195529e+00 0.000000e+00 0.000000e+00 0.000000e+00 0.000000e+00
7.247529e+00 0.000000e+00 0.000000e+00 0.000000e+00 0.000000e+00
7.299529e+00 0.000000e+00 0.000000e+00 0.000000e+00 0.000000e+00
7.351529e+00 0.000000e+00 0.000000e+00 0.000000e+00 0.000000e+00
7.403529e+00 0.000000e+00 0.000000e+00 0.000000e+00 0.000000e+00
7.455529e+00 0.000000e+00 0.000000e+00 0.000000e+00 0.000000e+00
7.507529e+00 0.000000e+00 0.000000e+00 0.000000e+00 0.000000e+00
7.559529e+00 0.000000e+00 0.000000e+00 0.000000e+00 0.000000e+00
7.611529e+00 0.000000e+00 0.000000e+00 0.000000e+00 0.000000e+00
7.663529e+00 0.000000e+00 0.000000e+00 0.000000e+00 0.000000e+00
7.715529e+00 0.000000e+00 0.000000e+00 0.000000e+00 0.000000e+00
7.767529e+00 0.000000e+00 0.000000e+00 0.000000e+00 0.000000e+00
7.819529e+00 0.000000e+00 0.000000e+00 0.000000e+00 0.000000e+00
7.871529e+00 0.000000e+00 0.000000e+00 0.000000e+00 0.000000e+00
7.923529e+00 0.000000e+00 0.000000e+00 0.000000e+00 0.000000e+00
7.975529e+00 0.000000e+00 0.000000e+00 0.000000e+00 0.000000e+00
8.027529e+00 0.000000e+00 0.000000e+00 0.000000e+00 0.000000e+00
8.079529e+00 0.000000e+00 0.000000e+00 0.000000e+00 0.000000e+00
8.131529e+00 0.000000e+00 0.000000e+00 0.000000e+00 0.000000e+00
8.183529e+00 0.000000e+00 0.000000e+00 0.000000e+00 0.000000e+00
8.235529e+00 0.000000e+00 0.000000e+00 0.000000e+00 0.000000e+00
8.287529e+00 0.000000e+00 0.000000e+00 0.000000e+00 0.000000e+00
8.339529e+00 0.000000e+00 0.000000e+00 0.000000e+00 0.000000e+00
8.391529e+00 4.809968e-14 1.533198e-14 7.473575e-14 5.423130e-14
8.443529e+00 2.201426e-13 7.017142e-14 3.420506e-13 2.482058e-13
8.495529e+00 1.595481e-12 5.349503e-13 2.455586e-12 1.795907e-12
8.547529e+00 7.423896e-12 2.532536e-12 1.138503e-11 8.354125e-12
8.599529e+00 2.960650e-11 1.014986e-11 4.535596e-11 3.331370e-11
8.651529e+00 1.129839e-10 3.901643e-11 1.728173e-10 1.271179e-10
8.703529e+00 4.013472e-10 1.394003e-10 6.131261e-10 4.515150e-10
8.755529e+00 1.339196e-09 4.678651e-10 2.043229e-09 1.506495e-09
8.807529e+00 4.204169e-09 1.477359e-09 6.406073e-09 4.729076e-09
8.859529e+00 1.243765e-08 4.396379e-09 1.892667e-08 1.398989e-08
8.911529e+00 3.468589e-08 1.233245e-08 5.271197e-08 3.901326e-08
8.963529e+00 9.126862e-08 3.263826e-08 1.385149e-07 1.026526e-07
9.015529e+00 2.267690e-07 8.155326e-08 3.437017e-07 2.550521e-07
9.067529e+00 5.325368e-07 1.925634e-07 8.060836e-07 5.989634e-07
9.119529e+00 1.183255e-06 4.300828e-07 1.788782e-06 1.330900e-06
9.171529e+00 2.490506e-06 9.096225e-07 3.760434e-06 2.801460e-06
9.223529e+00 4.972233e-06 1.824071e-06 7.498990e-06 5.593639e-06
9.275529e+00 9.429605e-06 3.472832e-06 1.420632e-05 1.060967e-05
9.327529e+00 1.701251e-05 6.286549e-06 2.560559e-05 1.914540e-05
9.379529e+00 2.924395e-05 1.083585e-05 4.397712e-05 3.291887e-05
9.431529e+00 4.796493e-05 1.780939e-05 7.207556e-05 5.400983e-05
9.483529e+00 7.515974e-05 2.794612e-05 1.128684e-04 8.466470e-05
9.535529e+00 1.126305e-04 4.191102e-05 1.690492e-04 1.269311e-04
9.587529e+00 1.615163e-04 6.011398e-05 2.423187e-04 1.821162e-04
9.639529e+00 2.217024e-04 8.249061e-05 3.324998e-04 2.501168e-04
9.691529e+00 2.912325e-04 1.082884e-04 4.366578e-04 3.287512e-04
9.743529e+00 3.659143e-04 1.359283e-04 5.485093e-04 4.133052e-04
9.795529e+00 4.393457e-04 1.630234e-04 6.584620e-04 4.965518e-04
9.847529e+00 5.035456e-04 1.866202e-04 7.545596e-04 5.694569e-04
9.899529e+00 5.502169e-04 2.036692e-04 8.243762e-04 6.226055e-04
9.951529e+00 5.724333e-04 2.116456e-04 8.575408e-04 6.481135e-04
1.000353e+01 5.663048e-04 2.091605e-04 8.482281e-04 6.415259e-04
1.005553e+01 5.320889e-04 1.963668e-04 7.968092e-04 6.030907e-04
1.010753e+01 4.743306e-04 1.750185e-04 7.100363e-04 5.379372e-04
1.015953e+01 4.009447e-04 1.481587e-04 5.996213e-04 4.550541e-04
1.021153e+01 3.215394e-04 1.195605e-04 4.796514e-04 3.654064e-04
1.026353e+01 2.455657e-04 9.314439e-05 3.637061e-04 2.798467e-04
1.031553e+01 1.809039e-04 7.259946e-05 2.625997e-04 2.075124e-04
1.036753e+01 1.332779e-04 6.133430e-05 1.833607e-04 1.551388e-04
1.041953e+01 1.065215e-04 6.271911e-05 1.295446e-04 1.273007e-04
1.047153e+01 1.033742e-04 8.042354e-05 1.024845e-04 1.272145e-04
1.052353e+01 1.263133e-04 1.185762e-04 1.028147e-04 1.575489e-04
1.057553e+01 1.779622e-04 1.815142e-04 1.316007e-04 2.207716e-04
1.062753e+01 2.608378e-04 2.730499e-04 1.906403e-04 3.188231e-04
1.067953e+01 3.764947e-04 3.954021e-04 2.818401e-04 4.522420e-04
1.073153e+01 5.243895e-04 5.481280e-04 4.059370e-04 6.191035e-04
1.078353e+01 7.009238e-04 7.274582e-04 5.610964e-04 8.142167e-04
1.083553e+01 8.991021e-04 9.263438e-04 7.420235e-04 1.028939e-03
1.088753e+01 1.109067e-03 1.135315e-03 9.400822e-04 1.251804e-03
1.093953e+01 1.319519e-03 1.344015e-03 1.144573e-03 1.469970e-03
1.099153e+01 1.519764e-03 1.543097e-03 1.344866e-03 1.671330e-03
1.104353e+01 1.701887e-03 1.726061e-03 1.532722e-03 1.846878e-03
1.109553e+01 1.862427e-03 1.890566e-03 1.704000e-03 1.992715e-03
1.114753e+01 2.002957e-03 2.038772e-03 1.859155e-03 2.110944e-03
1.119953e+01 2.129228e-03 2.176453e-03 2.002326e-03 2.208906e-03
1.125153e+01 2.249037e-03 2.311000e-03 2.139315e-03 2.296796e-03
1.130353e+01 2.369521e-03 2.448944e-03 2.275180e-03 2.384440e-03
1.135553e+01 2.494918e-03 2.593944e-03 2.412283e-03 2.478526e-03
1.140753e+01 2.625672e-03 2.746086e-03 2.549530e-03 2.581398e-03
1.145953e+01 2.759205e-03 2.902764e-03 2.683045e-03 2.691806e-03
1.151153e+01 2.891836e-03 3.060585e-03 2.807928e-03 2.806995e-03
1.156353e+01 3.020835e-03 3.217291e-03 2.920255e-03 2.924959e-03
1.161553e+01 3.145612e-03 3.372713e-03 3.018392e-03 3.045731e-03
1.166753e+01 3.267548e-03 3.528340e-03 3.103138e-03 3.171166e-03
1.171953e+01 3.388622e-03 3.685671e-03 3.176832e-03 3.303362e-03
1.177153e+01 3.509439e-03 3.843923e-03 3.242052e-03 3.442342e-03
1.182353e+01 3.627377e-03 3.997827e-03 3.300483e-03 3.583819e-03
1.187553e+01 3.735500e-03 4.136340e-03 3.352201e-03 3.717960e-03
1.192753e+01 3.822755e-03 4.243107e-03 3.395266e-03 3.829893e-03
1.197953e+01 3.875710e-03 4.299245e-03 3.425519e-03 3.902365e-03
1.203153e+01 3.881692e-03 4.288199e-03 3.436768e-03 3.920108e-03
1.208353e+01 3.832572e-03 4.201309e-03 3.421742e-03 3.874666e-03
1.213553e+01 3.727966e-03 4.041963e-03 3.374024e-03 3.767910e-03
1.218753e+01 3.576598e-03 3.826412e-03 3.290611e-03 3.612771e-03
1.223953e+01 3.395150e-03 3.580575e-03 3.174144e-03 3.430731e-03
1.229153e+01 3.204835e-03 3.333879e-03 3.033717e-03 3.246907e-03
1.234353e+01 3.026863e-03 3.112459e-03 2.883669e-03 3.084461e-03
1.239553e+01 2.878313e-03 2.934121e-03 2.740616e-03 2.960201e-03
1.244753e+01 2.769662e-03 2.806575e-03 2.619829e-03 2.882581e-03
1.249953e+01 2.704432e-03 2.728868e-03 2.532265e-03 2.852163e-03
1.255153e+01 2.680500e-03 2.694656e-03 2.483213e-03 2.863631e-03
1.260353e+01 2.692063e-03 2.695489e-03 2.472667e-03 2.908033e-03
1.265553e+01 2.731252e-03 2.722668e-03 2.496825e-03 2.974263e-03
1.270753e+01 2.788933e-03 2.767368e-03 2.549760e-03 3.049672e-03
1.275953e+01 2.854947e-03 2.819805e-03 2.624512e-03 3.120524e-03
1.281153e+01 2.918496e-03 2.868821e-03 2.713387e-03 3.173281e-03
1.286353e+01 2.969338e-03 2.902962e-03 2.807842e-03 3.197209e-03
1.291553e+01 2.999867e-03 2.913167e-03 2.898626e-03 3.187808e-03
1.296753e+01 3.007516e-03 2.896091e-03 2.976769e-03 3.149687e-03
1.301953e+01 2.996455e-03 2.856498e-03 3.035519e-03 3.097349e-03
1.307153e+01 2.977685e-03 2.807383e-03 3.072746e-03 3.052925e-03
1.312353e+01 2.967066e-03 2.767373e-03 3.092836e-03 3.040990e-03
1.317553e+01 2.981562e-03 2.755963e-03 3.107027e-03 3.081695e-03
1.322753e+01 3.034517e-03 2.787943e-03 3.131497e-03 3.184110e-03
1.327953e+01 3.131227e-03 2.868604e-03 3.183240e-03 3.341836e-03
1.333153e+01 3.266107e-03 2.991172e-03 3.274666e-03 3.532483e-03
1.338353e+01 3.422489e-03 3.137376e-03 3.408482e-03 3.721609e-03
1.343553e+01 3.575424e-03 3.281261e-03 3.574632e-03 3.870378e-03
1.348753e+01 3.696904e-03 3.395317e-03 3.750597e-03 3.944799e-03
1.353953e+01 3.762044e-03 3.457076e-03 3.905353e-03 3.923702e-03
1.359153e+01 3.754315e-03 3.453994e-03 4.006044e-03 3.802907e-03
1.364353e+01 3.668319e-03 3.385032e-03 4.025449e-03 3.594476e-03
1.369553e+01 3.509534e-03 3.258731e-03 3.948043e-03 3.321828e-03
1.374753e+01 3.291685e-03 3.089089e-03 3.773015e-03 3.012950e-03
1.379953e+01 3.033115e-03 2.891295e-03 3.513743e-03 2.694308e-03
1.385153e+01 2.753581e-03 2.679078e-03 3.194422e-03 2.387244e-03
1.390353e+01 2.472235e-03 2.464225e-03 2.845222e-03 2.107258e-03
1.395553e+01 2.206760e-03 2.257583e-03 2.497409e-03 1.865288e-03
1.400753e+01 1.973075e-03 2.070258e-03 2.179403e-03 1.669562e-03
1.405953e+01 1.784956e-03 1.913938e-03 1.914141e-03 1.526788e-03
1.411153e+01 1.653255e-03 1.799998e-03 1.717654e-03 1.442113e-03
1.416353e+01 1.584767e-03 1.737727e-03 1.598544e-03 1.418030e-03
1.421553e+01 1.581074e-03 1.732375e-03 1.558011e-03 1.452837e-03
1.426753e+01 1.637748e-03 1.783600e-03 1.590198e-03 1.539448e-03
1.431953e+01 1.744209e-03 1.884702e-03 1.682761e-03 1.665163e-03
1.437153e+01 1.884437e-03 2.022790e-03 1.817833e-03 1.812688e-03
1.442353e+01 2.038616e-03 2.179929e-03 1.973616e-03 1.962305e-03
1.447553e+01 2.185600e-03 2.335269e-03 2.126786e-03 2.094745e-03
1.452753e+01 2.305903e-03 2.467985e-03 2.255605e-03 2.194118e-03
1.457953e+01 2.384672e-03 2.560606e-03 2.343177e-03 2.250233e-03
1.463153e+01 2.413993e-03 2.602055e-03 2.380044e-03 2.259879e-03
1.468353e+01 2.394002e-03 2.589653e-03 2.365400e-03 2.226952e-03
1.473553e+01 2.332607e-03 2.529538e-03 2.306668e-03 2.161616e-03
1.478753e+01 2.244011e-03 2.435446e-03 2.217729e-03 2.078857e-03
1.483953e+01 2.146511e-03 2.326311e-03 2.116521e-03 1.996701e-03
1.489153e+01 2.060074e-03 2.223395e-03 2.022637e-03 1.934189e-03
1.494353e+01 2.003978e-03 2.147587e-03 1.955273e-03 1.909073e-03
1.499553e+01 1.994585e-03 2.117105e-03 1.931418e-03 1.935232e-03
1.504753e+01 2.043198e-03 2.145488e-03 1.964035e-03 2.020070e-03
1.509953e+01 2.154077e-03 2.239655e-03 2.060068e-03 2.162507e-03
1.515153e+01 2.322979e-03 2.398087e-03 2.218563e-03 2.352288e-03
1.520353e+01 2.536775e-03 2.609652e-03 2.429488e-03 2.571185e-03
1.525553e+01 2.774605e-03 2.853818e-03 2.673986e-03 2.796011e-03
1.530753e+01 3.010636e-03 3.102827e-03 2.926434e-03 3.002647e-03
1.535953e+01 3.217877e-03 3.325746e-03 3.158100e-03 3.169784e-03
1.541153e+01 3.372135e-03 3.493563e-03 3.341577e-03 3.281266e-03
1.546353e+01 3.455248e-03 3.584043e-03 3.454984e-03 3.326716e-03
1.551553e+01 3.457137e-03 3.585193e-03 3.485131e-03 3.301087e-03
1.556753e+01 3.376752e-03 3.496716e-03 3.429289e-03 3.204251e-03
1.561953e+01 3.222137e-03 3.329472e-03 3.295550e-03 3.041388e-03
1.567153e+01 3.009660e-03 3.103345e-03 3.101736e-03 2.823900e-03
1.572353e+01 2.762166e-03 2.844010e-03 2.872741e-03 2.569748e-03
1.577553e+01 2.505781e-03 2.578995e-03 2.636329e-03 2.302021e-03
1.582753e+01 2.265606e-03 2.333482e-03 2.417942e-03 2.045393e-03
1.587953e+01 2.061201e-03 2.126481e-03 2.235774e-03 1.821349e-03
1.593153e+01 1.903224e-03 1.968168e-03 2.097647e-03 1.643856e-03
1.598353e+01 1.792329e-03 1.859121e-03 2.000773e-03 1.517091e-03
1.603553e+01 1.720693e-03 1.791723e-03 1.934408e-03 1.435949e-03
1.608753e+01 1.675492e-03 1.753303e-03 1.884281e-03 1.388893e-03
1.613953e+01 1.643009e-03 1.730013e-03 1.837094e-03 1.361920e-03
1.619153e+01 1.612007e-03 1.710191e-03 1.783626e-03 1.342205e-03
1.624353e+01 1.575482e-03 1.686276e-03 1.719757e-03 1.320414e-03
1.629553e+01 1.530656e-03 1.654934e-03 1.645683e-03 1.291352e-03
1.634753e+01 1.477730e-03 1.615785e-03 1.564129e-03 1.253277e-03
1.639953e+01 1.418220e-03 1.569568e-03 1.478517e-03 1.206574e-03
1.645153e+01 1.353640e-03 1.516668e-03 1.391731e-03 1.152521e-03
1.650353e+01 1.284959e-03 1.456609e-03 1.305694e-03 1.092573e-03
1.655553e+01 1.212797e-03 1.388545e-03 1.221601e-03 1.028246e-03
1.660753e+01 1.138020e-03 1.312288e-03 1.140432e-03 9.613400e-04
1.665953e+01 1.062263e-03 1.229209e-03 1.063404e-03 8.941752e-04
1.671153e+01 9.880613e-04 1.142482e-03 9.921402e-04 8.295616e-04
1.676353e+01 9.185132e-04 1.056557e-03 9.285076e-04 7.704753e-04
1.681553e+01 8.566474e-04 9.761396e-04 8.742387e-04 7.195639e-04
1.686753e+01 8.047628e-04 9.051334e-04 8.304667e-04 6.786884e-04
1.691953e+01 7.639740e-04 8.459239e-04 7.973477e-04 6.486503e-04
1.697153e+01 7.340662e-04 7.991617e-04 7.738927e-04 6.291442e-04
1.702353e+01 7.136444e-04 7.639689e-04 7.580832e-04 6.188812e-04
1.707553e+01 7.004809e-04 7.383839e-04 7.472588e-04 6.158000e-04
1.712753e+01 6.919521e-04 7.198627e-04 7.386722e-04 6.173213e-04
1.717953e+01 6.854782e-04 7.057330e-04 7.300446e-04 6.206569e-04
1.723153e+01 6.789114e-04 6.935692e-04 7.199578e-04 6.232071e-04
1.728353e+01 6.708444e-04 6.815003e-04 7.079913e-04 6.230416e-04
1.733553e+01 6.608165e-04 6.684614e-04 6.946205e-04 6.193676e-04
1.738753e+01 6.493860e-04 6.543701e-04 6.809686e-04 6.128192e-04
1.743953e+01 6.380305e-04 6.401712e-04 6.685250e-04 6.053953e-04
1.749153e+01 6.288514e-04 6.276835e-04 6.589009e-04 5.999699e-04
1.754353e+01 6.240996e-04 6.192071e-04 6.536334e-04 5.994583e-04
1.759553e+01 6.256007e-04 6.169284e-04 6.540053e-04 6.058684e-04
1.764753e+01 6.342112e-04 6.222499e-04 6.608450e-04 6.195387e-04
1.769953e+01 6.494497e-04 6.352333e-04 6.742959e-04 6.388201e-04
1.775153e+01 6.694214e-04 6.543483e-04 6.935925e-04 6.603235e-04
1.780353e+01 6.910765e-04 6.766351e-04 7.169148e-04 6.796795e-04
1.785553e+01 7.107608e-04 6.982674e-04 7.414185e-04 6.925966e-04
1.790753e+01 7.249400e-04 7.153751e-04 7.635212e-04 6.959237e-04
1.795953e+01 7.309381e-04 7.249142e-04 7.794729e-04 6.884273e-04
1.801153e+01 7.275370e-04 7.253640e-04 7.861434e-04 6.711036e-04
1.806353e+01 7.153163e-04 7.171030e-04 7.818500e-04 6.469960e-04
1.811553e+01 6.966734e-04 7.024007e-04 7.669815e-04 6.206379e-04
1.816753e+01 6.755188e-04 6.850538e-04 7.441872e-04 5.973154e-04
1.821953e+01 6.566948e-04 6.697499e-04 7.180086e-04 5.823258e-04
1.827153e+01 6.452001e-04 6.612687e-04 6.940080e-04 5.803236e-04
1.832353e+01 6.453368e-04 6.636487e-04 6.776047e-04 5.947572e-04
1.837553e+01 6.599142e-04 6.794525e-04 6.729211e-04 6.273688e-04
1.842753e+01 6.896535e-04 7.092658e-04 6.819223e-04 6.777725e-04
1.847953e+01 7.329227e-04 7.515266e-04 7.040415e-04 7.431999e-04
1.853153e+01 7.858784e-04 8.027205e-04 7.363573e-04 8.185575e-04
1.858353e+01 8.430247e-04 8.579006e-04 7.742645e-04 8.969091e-04
1.863553e+01 8.981034e-04 9.114307e-04 8.124806e-04 9.703989e-04
1.868753e+01 9.451510e-04 9.578254e-04 8.461449e-04 1.031483e-03
1.873953e+01 9.794965e-04 9.925524e-04 8.717320e-04 1.074205e-03
1.879153e+01 9.984662e-04 1.012662e-03 8.875361e-04 1.095200e-03
1.884353e+01 1.001627e-03 1.017127e-03 8.936115e-04 1.094141e-03
1.889553e+01 9.905294e-04 1.006809e-03 8.912496e-04 1.073530e-03
1.894753e+01 9.680888e-04 9.840922e-04 8.822499e-04 1.037924e-03
1.899953e+01 9.378344e-04 9.522986e-04 8.683088e-04 9.928960e-04
1.905153e+01 9.032976e-04 9.150978e-04 8.507611e-04 9.440339e-04
1.910353e+01 8.676637e-04 8.760639e-04 8.307107e-04 8.962166e-04
1.915553e+01 8.336650e-04 8.384228e-04 8.093737e-04 8.531987e-04
1.920753e+01 8.035662e-04 8.049120e-04 7.883529e-04 8.174337e-04
1.925953e+01 7.791047e-04 7.776387e-04 7.696189e-04 7.900566e-04
1.931153e+01 7.613545e-04 7.578926e-04 7.551420e-04 7.710288e-04
1.936353e+01 7.506069e-04 7.459827e-04 7.463329e-04 7.595050e-04
1.941553e+01 7.464100e-04 7.412327e-04 7.435722e-04 7.544252e-04
1.946753e+01 7.478392e-04 7.422350e-04 7.460912e-04 7.551914e-04
1.951953e+01 7.539321e-04 7.473384e-04 7.523015e-04 7.621564e-04
1.957153e+01 7.641072e-04 7.552158e-04 7.604495e-04 7.766562e-04
1.962353e+01 7.783601e-04 7.652905e-04 7.693028e-04 8.004871e-04
1.967553e+01 7.971311e-04 7.778361e-04 7.785609e-04 8.349963e-04
1.972753e+01 8.208959e-04 7.936893e-04 7.888280e-04 8.801704e-04
1.977953e+01 8.496756e-04 8.136730e-04 8.012099e-04 9.341440e-04
1.983153e+01 8.827037e-04 8.379616e-04 8.167783e-04 9.933712e-04
1.988353e+01 9.184141e-04 8.656660e-04 8.361801e-04 1.053396e-03
1.993553e+01 9.547661e-04 8.948470e-04 8.595589e-04 1.109892e-03
1.998753e+01 9.897713e-04 9.229952e-04 8.867674e-04 1.159551e-03
2.003953e+01 1.022015e-03 9.478111e-04 9.176925e-04 1.200542e-03
2.009153e+01 1.050983e-03 9.679768e-04 9.524644e-04 1.232507e-03
2.014353e+01 1.077078e-03 9.835999e-04 9.913855e-04 1.256248e-03
2.019553e+01 1.101334e-03 9.961447e-04 1.034555e-03 1.273303e-03
2.024753e+01 1.124912e-03 1.007883e-03 1.081320e-03 1.285535e-03
2.029953e+01 1.148550e-03 1.021105e-03 1.129811e-03 1.294735e-03
2.035153e+01 1.172187e-03 1.037426e-03 1.176842e-03 1.302293e-03
2.040353e+01 1.194946e-03 1.057492e-03 1.218366e-03 1.308979e-03
2.045553e+01 1.215523e-03 1.081166e-03 1.250458e-03 1.314944e-03
2.050753e+01 1.232851e-03 1.108049e-03 1.270550e-03 1.319953e-03
2.055953e+01 1.246729e-03 1.138006e-03 1.278448e-03 1.323733e-03
2.061153e+01 1.258119e-03 1.171374e-03 1.276716e-03 1.326266e-03
2.066353e+01 1.268951e-03 1.208716e-03 1.270239e-03 1.327897e-03
2.071553e+01 1.281548e-03 1.250281e-03 1.265102e-03 1.329262e-03
2.076753e+01 1.297923e-03 1.295476e-03 1.267147e-03 1.331146e-03
2.081953e+01 1.319212e-03 1.342675e-03 1.280630e-03 1.334330e-03
2.087153e+01 1.345374e-03 1.389452e-03 1.307239e-03 1.339430e-03
2.092353e+01 1.375148e-03 1.433128e-03 1.345648e-03 1.346669e-03
2.097553e+01 1.406194e-03 1.471334e-03 1.391671e-03 1.355577e-03
2.102753e+01 1.435394e-03 1.502357e-03 1.439062e-03 1.364762e-03
2.107953e+01 1.459321e-03 1.525175e-03 1.480868e-03 1.371920e-03
2.113153e+01 1.474852e-03 1.539269e-03 1.511066e-03 1.374220e-03
2.118353e+01 1.479803e-03 1.544402e-03 1.526007e-03 1.369001e-03
2.123553e+01 1.473408e-03 1.540523e-03 1.525152e-03 1.354549e-03
2.128753e+01 1.456467e-03 1.527873e-03 1.510846e-03 1.330682e-03
2.133953e+01 1.431135e-03 1.507221e-03 1.487273e-03 1.298911e-03
2.139153e+01 1.400462e-03 1.480121e-03 1.459083e-03 1.262183e-03
2.144353e+01 1.367893e-03 1.449069e-03 1.430291e-03 1.224320e-03
2.149553e+01 1.336918e-03 1.417514e-03 1.403834e-03 1.189406e-03
2.154753e+01 1.310931e-03 1.389686e-03 1.381805e-03 1.161302e-03
2.159953e+01 1.293240e-03 1.370249e-03 1.366071e-03 1.143400e-03
2.165153e+01 1.287074e-03 1.363770e-03 1.358848e-03 1.138603e-03
2.170353e+01 1.295444e-03 1.374050e-03 1.362881e-03 1.149401e-03
2.175553e+01 1.320788e-03 1.403414e-03 1.381114e-03 1.177836e-03
2.180753e+01 1.364415e-03 1.452133e-03 1.415913e-03 1.225200e-03
2.185953e+01 1.425926e-03 1.518197e-03 1.468154e-03 1.291428e-03
2.191153e+01 1.502837e-03 1.597580e-03 1.536508e-03 1.374423e-03
2.196353e+01 1.590659e-03 1.685012e-03 1.617298e-03 1.469668e-03
2.201553e+01 1.683565e-03 1.775083e-03 1.705073e-03 1.570538e-03
2.206753e+01 1.775524e-03 1.863355e-03 1.793784e-03 1.669432e-03
2.211953e+01 1.861559e-03 1.947086e-03 1.878168e-03 1.759424e-03
2.217153e+01 1.938638e-03 2.025268e-03 1.954801e-03 1.835844e-03
2.222353e+01 2.005805e-03 2.097901e-03 2.022399e-03 1.897116e-03
2.227553e+01 2.063504e-03 2.164759e-03 2.081256e-03 1.944497e-03
2.232753e+01 2.112370e-03 2.224165e-03 2.132103e-03 1.980843e-03
2.237953e+01 2.152063e-03 2.272376e-03 2.174873e-03 2.008940e-03
2.243153e+01 2.180652e-03 2.303934e-03 2.207915e-03 2.030108e-03
2.248353e+01 2.194829e-03 2.312971e-03 2.227941e-03 2.043573e-03
2.253553e+01 2.190839e-03 2.294996e-03 2.230728e-03 2.046794e-03
2.258753e+01 2.165771e-03 2.248494e-03 2.212280e-03 2.036540e-03
2.263953e+01 2.118699e-03 2.175739e-03 2.170063e-03 2.010295e-03
2.269153e+01 2.051309e-03 2.082550e-03 2.103891e-03 1.967487e-03
2.274353e+01 1.967824e-03 1.977110e-03 2.016217e-03 1.910146e-03
2.279553e+01 1.874280e-03 1.868272e-03 1.911791e-03 1.842776e-03
2.284753e+01 1.777408e-03 1.763869e-03 1.796858e-03 1.771497e-03
2.289953e+01 1.683461e-03 1.669490e-03 1.678188e-03 1.702706e-03
2.295153e+01 1.597276e-03 1.587922e-03 1.562219e-03 1.641688e-03
2.300353e+01 1.521773e-03 1.519295e-03 1.454464e-03 1.591561e-03
2.305553e+01 1.457905e-03 1.461718e-03 1.359161e-03 1.552837e-03
2.310753e+01 1.404960e-03 1.412159e-03 1.279075e-03 1.523645e-03
2.315953e+01 1.361046e-03 1.367309e-03 1.215351e-03 1.500478e-03
2.321153e+01 1.323618e-03 1.324254e-03 1.167430e-03 1.479171e-03
2.326353e+01 1.289923e-03 1.280841e-03 1.133081e-03 1.455848e-03
2.331553e+01 1.257331e-03 1.235769e-03 1.108654e-03 1.427571e-03
2.336753e+01 1.223554e-03 1.188455e-03 1.089572e-03 1.392634e-03
2.341953e+01 1.186775e-03 1.138816e-03 1.071025e-03 1.350483e-03
2.347153e+01 1.145737e-03 1.087079e-03 1.048725e-03 1.301406e-03
2.352353e+01 1.099811e-03 1.033700e-03 1.019577e-03 1.246156e-03
2.357553e+01 1.049067e-03 9.793754e-04 9.821455e-04 1.185680e-03
2.362753e+01 9.943125e-04 9.250853e-04 9.368058e-04 1.121046e-03
2.367953e+01 9.370846e-04 8.720889e-04 8.855953e-04 1.053569e-03
2.373153e+01 8.795353e-04 8.218374e-04 8.317790e-04 9.849895e-04
2.378353e+01 8.241971e-04 7.758180e-04 7.792202e-04 9.175531e-04
2.383553e+01 7.736326e-04 7.353756e-04 7.316609e-04 8.538613e-04
2.388753e+01 7.300270e-04 7.015504e-04 6.920441e-04 7.964866e-04
2.393953e+01 6.948140e-04 6.749520e-04 6.620109e-04 7.474792e-04
2.399153e+01 6.684326e-04 6.556645e-04 6.416890e-04 7.079443e-04
2.404353e+01 6.502799e-04 6.431805e-04 6.298270e-04 6.778322e-04
2.409553e+01 6.388664e-04 6.363768e-04 6.242323e-04 6.559900e-04
2.414753e+01 6.321220e-04 6.335634e-04 6.223720e-04 6.404306e-04
2.419953e+01 6.277663e-04 6.326397e-04 6.219351e-04 6.287241e-04
2.425153e+01 6.236577e-04 6.313726e-04 6.211791e-04 6.184215e-04
2.430353e+01 6.180689e-04 6.277691e-04 6.189929e-04 6.074447e-04
2.435553e+01 6.098739e-04 6.204752e-04 6.147438e-04 5.944026e-04
2.440753e+01 5.986625e-04 6.091040e-04 6.080816e-04 5.788019e-04
2.445953e+01 5.847986e-04 5.944023e-04 5.988678e-04 5.611256e-04
2.451153e+01 5.694164e-04 5.781956e-04 5.872919e-04 5.427617e-04
2.456353e+01 5.543227e-04 5.630984e-04 5.740916e-04 5.257781e-04
2.461553e+01 5.417628e-04 5.520312e-04 5.606935e-04 5.125637e-04
2.466753e+01 5.340410e-04 5.476279e-04 5.491099e-04 5.053853e-04
2.471953e+01 5.330473e-04 5.516593e-04 5.415492e-04 5.059335e-04
2.477153e+01 5.398084e-04 5.646081e-04 5.398571e-04 5.149600e-04
2.482353e+01 5.542064e-04 5.855140e-04 5.450009e-04 5.321044e-04
2.487553e+01 5.749726e-04 6.121469e-04 5.567989e-04 5.559720e-04
2.492753e+01 5.999711e-04 6.414774e-04 5.739855e-04 5.844504e-04
2.497953e+01 6.266844e-04 6.703226e-04 5.945612e-04 6.151695e-04
2.503153e+01 6.527420e-04 6.959931e-04 6.162748e-04 6.459581e-04
2.508353e+01 6.763265e-04 7.167614e-04 6.370603e-04 6.751579e-04
2.513553e+01 6.963526e-04 7.320369e-04 6.553070e-04 7.017139e-04
2.518753e+01 7.124029e-04 7.422255e-04 6.699287e-04 7.250544e-04
2.523953e+01 7.244931e-04 7.483543e-04 6.802804e-04 7.448447e-04
2.529153e+01 7.327894e-04 7.516103e-04 6.860184e-04 7.607396e-04
2.534353e+01 7.373964e-04 7.529455e-04 6.869935e-04 7.722501e-04
2.539553e+01 7.382900e-04 7.528522e-04 6.832259e-04 7.787917e-04
2.544753e+01 7.354001e-04 7.513339e-04 6.749615e-04 7.799049e-04
2.549953e+01 7.287831e-04 7.480285e-04 6.627649e-04 7.755560e-04
2.555153e+01 7.187931e-04 7.424128e-04 6.475901e-04 7.663764e-04
2.560353e+01 7.061703e-04 7.340278e-04 6.307783e-04 7.537049e-04
2.565553e+01 6.920078e-04 7.226912e-04 6.139530e-04 7.393793e-04
2.570753e+01 6.776102e-04 7.086782e-04 5.988176e-04 7.253347e-04
2.575953e+01 6.642960e-04 6.928433e-04 5.868838e-04 7.131610e-04
2.581153e+01 6.532135e-04 6.766439e-04 5.792021e-04 7.037944e-04
2.586353e+01 6.452265e-04 6.620325e-04 5.761836e-04 6.974634e-04
2.591553e+01 6.409117e-04 6.512170e-04 5.776062e-04 6.939120e-04
2.596753e+01 6.406733e-04 6.463451e-04 5.828477e-04 6.928273e-04
2.601953e+01 6.449396e-04 6.491977e-04 5.912926e-04 6.943285e-04
2.607153e+01 6.543545e-04 6.609642e-04 6.027649e-04 6.993342e-04
2.612353e+01 6.698444e-04 6.821195e-04 6.177856e-04 7.096281e-04
2.617553e+01 6.924571e-04 7.123657e-04 6.375031e-04 7.275025e-04
2.622753e+01 7.229597e-04 7.506023e-04 6.632742e-04 7.550028e-04
2.627953e+01 7.613115e-04 7.949281e-04 6.960248e-04 7.929817e-04
2.633153e+01 8.062322e-04 8.427368e-04 7.356261e-04 8.403337e-04
2.638353e+01 8.550872e-04 8.909619e-04 7.805200e-04 8.937797e-04
2.643553e+01 9.041981e-04 9.364592e-04 8.277465e-04 9.483885e-04
2.648753e+01 9.495059e-04 9.764312e-04 8.733868e-04 9.986997e-04
2.653953e+01 9.873698e-04 1.008758e-03 9.133142e-04 1.040037e-03
2.659153e+01 1.015244e-03 1.032158e-03 9.440578e-04 1.069518e-03
2.664353e+01 1.032054e-03 1.046189e-03 9.635456e-04 1.086429e-03
2.669553e+01 1.038216e-03 1.051178e-03 9.715206e-04 1.091949e-03
2.674753e+01 1.035376e-03 1.048130e-03 9.695061e-04 1.088493e-03
2.679953e+01 1.025998e-03 1.038643e-03 9.603340e-04 1.079018e-03
2.685153e+01 1.012911e-03 1.024764e-03 9.473982e-04 1.066571e-03
2.690353e+01 9.989117e-04 1.008739e-03 9.338848e-04 1.054111e-03
2.695553e+01 9.864525e-04 9.926754e-04 9.222226e-04 1.044460e-03
2.700753e+01 9.774171e-04 9.781795e-04 9.138837e-04 1.040188e-03
2.705953e+01 9.729762e-04 9.661003e-04 9.094990e-04 1.043329e-03
2.711153e+01 9.735138e-04 9.564725e-04 9.091272e-04 1.054942e-03
2.716353e+01 9.786225e-04 9.486843e-04 9.124816e-04 1.074702e-03
2.721553e+01 9.871802e-04 9.418040e-04 9.189977e-04 1.100739e-03
2.726753e+01 9.975208e-04 9.349390e-04 9.277603e-04 1.129863e-03
2.731953e+01 1.007708e-03 9.275075e-04 9.374266e-04 1.158190e-03
2.737153e+01 1.015896e-03 9.193610e-04 9.463144e-04 1.182013e-03
2.742353e+01 1.020726e-03 9.107779e-04 9.527416e-04 1.198660e-03
2.747553e+01 1.021666e-03 9.023920e-04 9.555549e-04 1.207052e-03
2.752753e+01 1.019187e-03 8.951154e-04 9.546343e-04 1.207811e-03
2.757953e+01 1.014687e-03 8.900630e-04 9.511133e-04 1.202884e-03
2.763153e+01 1.010157e-03 8.884508e-04 9.471424e-04 1.194876e-03
2.768353e+01 1.007665e-03 8.914366e-04 9.452215e-04 1.186338e-03
2.773553e+01 1.008837e-03 8.999169e-04 9.473350e-04 1.179259e-03
2.778753e+01 1.014499e-03 9.143456e-04 9.542432e-04 1.174908e-03
2.783953e+01 1.024620e-03 9.346494e-04 9.652241e-04 1.173987e-03
2.789153e+01 1.038533e-03 9.602724e-04 9.783694e-04 1.176957e-03
2.794353e+01 1.055308e-03 9.903096e-04 9.912913e-04 1.184324e-03
2.799553e+01 1.074108e-03 1.023641e-03 1.001932e-03 1.196750e-03
2.804753e+01 1.094348e-03 1.058988e-03 1.009154e-03 1.214901e-03
2.809953e+01 1.115645e-03 1.094903e-03 1.012910e-03 1.239121e-03
2.815153e+01 1.137610e-03 1.129763e-03 1.014011e-03 1.269055e-03
2.820353e+01 1.159642e-03 1.161876e-03 1.013653e-03 1.303397e-03
2.825553e+01 1.180859e-03 1.189722e-03 1.012961e-03 1.339895e-03
2.830753e+01 1.200210e-03 1.212258e-03 1.012715e-03 1.375658e-03
2.835953e+01 1.216717e-03 1.229103e-03 1.013361e-03 1.407687e-03
2.841153e+01 1.229716e-03 1.240497e-03 1.015208e-03 1.433444e-03
2.846353e+01 1.238978e-03 1.247022e-03 1.018663e-03 1.451249e-03
2.851553e+01 1.244661e-03 1.249256e-03 1.024354e-03 1.460374e-03
2.856753e+01 1.247157e-03 1.247574e-03 1.033040e-03 1.460857e-03
2.861953e+01 1.246927e-03 1.242215e-03 1.045347e-03 1.453218e-03
2.867153e+01 1.244446e-03 1.233590e-03 1.061470e-03 1.438278e-03
2.872353e+01 1.240248e-03 1.222579e-03 1.080972e-03 1.417194e-03
2.877553e+01 1.235018e-03 1.210625e-03 1.102822e-03 1.391606e-03
2.882753e+01 1.229626e-03 1.199483e-03 1.125698e-03 1.363697e-03
2.887953e+01 1.225076e-03 1.190754e-03 1.148463e-03 1.336012e-03
2.893153e+01 1.222368e-03 1.185404e-03 1.170663e-03 1.311037e-03
2.898353e+01 1.222344e-03 1.183525e-03 1.192802e-03 1.290705e-03
2.903553e+01 1.225559e-03 1.184419e-03 1.216213e-03 1.276046e-03
2.908753e+01 1.232179e-03 1.186963e-03 1.242487e-03 1.267087e-03
2.913953e+01 1.241898e-03 1.190091e-03 1.272616e-03 1.262986e-03
2.919153e+01 1.253911e-03 1.193206e-03 1.306226e-03 1.262302e-03
2.924353e+01 1.266981e-03 1.196362e-03 1.341278e-03 1.263303e-03
2.929553e+01 1.279618e-03 1.200148e-03 1.374447e-03 1.264258e-03
2.934753e+01 1.290366e-03 1.205307e-03 1.402074e-03 1.263717e-03
2.939953e+01 1.298072e-03 1.212200e-03 1.421298e-03 1.260719e-03
2.945153e+01 1.302045e-03 1.220353e-03 1.430878e-03 1.254904e-03
2.950353e+01 1.302032e-03 1.228266e-03 1.431382e-03 1.246446e-03
2.955553e+01 1.298050e-03 1.233603e-03 1.424700e-03 1.235846e-03
2.960753e+01 1.290174e-03 1.233695e-03 1.413189e-03 1.223639e-03
2.965953e+01 1.278397e-03 1.226187e-03 1.398851e-03 1.210154e-03
2.971153e+01 1.262636e-03 1.209609e-03 1.382868e-03 1.195430e-03
2.976353e+01 1.242874e-03 1.183698e-03 1.365616e-03 1.179307e-03
2.981553e+01 1.219366e-03 1.149433e-03 1.347013e-03 1.161653e-03
2.986753e+01 1.192795e-03 1.108826e-03 1.326975e-03 1.142585e-03
2.991953e+01 1.164292e-03 1.064550e-03 1.305731e-03 1.122596e-03
2.997153e+01 1.135310e-03 1.019521e-03 1.283898e-03 1.102510e-03
3.002353e+01 1.107376e-03 9.765002e-04 1.262338e-03 1.083289e-03
3.007553e+01 1.081822e-03 9.377650e-04 1.241901e-03 1.065799e-03
3.012753e+01 1.059565e-03 9.048775e-04 1.223206e-03 1.050612e-03
3.017953e+01 1.041015e-03 8.785646e-04 1.206535e-03 1.037945e-03
3.023153e+01 1.026097e-03 8.587225e-04 1.191852e-03 1.027715e-03
3.028353e+01 1.014366e-03 8.445441e-04 1.178896e-03 1.019657e-03
3.033553e+01 1.005137e-03 8.347542e-04 1.167258e-03 1.013399e-03
3.038753e+01 9.975971e-04 8.279088e-04 1.156414e-03 1.008468e-03
3.043953e+01 9.908858e-04 8.226985e-04 1.145729e-03 1.004230e-03
3.049153e+01 9.841892e-04 8.181935e-04 1.134501e-03 9.998731e-04
3.054353e+01 9.768749e-04 8.139885e-04 1.122114e-03 9.945228e-04
3.059553e+01 9.686765e-04 8.102334e-04 1.108294e-03 9.875024e-04
3.064753e+01 9.598729e-04 8.075602e-04 1.093398e-03 9.786603e-04
3.069953e+01 9.513687e-04 8.069340e-04 1.078572e-03 9.686002e-04
3.075153e+01 9.445951e-04 8.094538e-04 1.065660e-03 9.586720e-04
3.080353e+01 9.412116e-04 8.161261e-04 1.056829e-03 9.506793e-04
3.085553e+01 9.426762e-04 8.276253e-04 1.054009e-03 9.463944e-04
3.090753e+01 9.498125e-04 8.440654e-04 1.058315e-03 9.470570e-04
3.095953e+01 9.625090e-04 8.648268e-04 1.069670e-03 9.530307e-04
3.101153e+01 9.796385e-04 8.885047e-04 1.086698e-03 9.637123e-04
3.106353e+01 9.992115e-04 9.130436e-04 1.106913e-03 9.776776e-04
3.111553e+01 1.018712e-03 9.360729e-04 1.127093e-03 9.929712e-04
3.116753e+01 1.035521e-03 9.553727e-04 1.143758e-03 1.007431e-03
3.121953e+01 1.047320e-03 9.693164e-04 1.153673e-03 1.018972e-03
3.127153e+01 1.052405e-03 9.771180e-04 1.154302e-03 1.025794e-03
3.132353e+01 1.049834e-03 9.787832e-04 1.144186e-03 1.026534e-03
3.137553e+01 1.039437e-03 9.748000e-04 1.123146e-03 1.020366e-03
3.142753e+01 1.021697e-03 9.657344e-04 1.092290e-03 1.007067e-03
3.147953e+01 9.975871e-04 9.519396e-04 1.053769e-03 9.870532e-04
3.153153e+01 9.684136e-04 9.335155e-04 1.010372e-03 9.613528e-04
3.158353e+01 9.356892e-04 9.105098e-04 9.650435e-04 9.315142e-04
3.163553e+01 9.010360e-04 8.832217e-04 9.204434e-04 8.994430e-04
3.168753e+01 8.660908e-04 8.524245e-04 8.786633e-04 8.671847e-04
3.173953e+01 8.323956e-04 8.193882e-04 8.411110e-04 8.366876e-04
3.179153e+01 8.012765e-04 7.857019e-04 8.085474e-04 8.095803e-04
3.184353e+01 7.737330e-04 7.529953e-04 7.812087e-04 7.869951e-04
3.189553e+01 7.503649e-04 7.226862e-04 7.589447e-04 7.694637e-04
3.194753e+01 7.313539e-04 6.958337e-04 7.413261e-04 7.569019e-04
3.199953e+01 7.165023e-04 6.731024e-04 7.277123e-04 7.486921e-04
3.205153e+01 7.053127e-04 6.547894e-04 7.173003e-04 7.438483e-04
3.210353e+01 6.970910e-04 6.408609e-04 7.091876e-04 7.412245e-04
3.215553e+01 6.910526e-04 6.309807e-04 7.024668e-04 7.397102e-04
3.220753e+01 6.864173e-04 6.245436e-04 6.963419e-04 7.383665e-04
3.225953e+01 6.824844e-04 6.207441e-04 6.902284e-04 7.364809e-04
3.231153e+01 6.786817e-04 6.186930e-04 6.837955e-04 7.335565e-04
3.236353e+01 6.745881e-04 6.175651e-04 6.769293e-04 7.292699e-04
3.241553e+01 6.699372e-04 6.167416e-04 6.696362e-04 7.234337e-04
3.246753e+01 6.646081e-04 6.159057e-04 6.619403e-04 7.159785e-04
3.251953e+01 6.586177e-04 6.150669e-04 6.538309e-04 7.069553e-04
3.257153e+01 6.521123e-04 6.145036e-04 6.452884e-04 6.965447e-04
3.262353e+01 6.453536e-04 6.146364e-04 6.363687e-04 6.850557e-04
3.267553e+01 6.386830e-04 6.158558e-04 6.272904e-04 6.729028e-04
3.272753e+01 6.324569e-04 6.183463e-04 6.184653e-04 6.605590e-04
3.277953e+01 6.269633e-04 6.219577e-04 6.104393e-04 6.484928e-04
3.283153e+01 6.223485e-04 6.261743e-04 6.037583e-04 6.371128e-04
3.288353e+01 6.185870e-04 6.302103e-04 5.988119e-04 6.267387e-04
3.293553e+01 6.155128e-04 6.332154e-04 5.957195e-04 6.176034e-04
3.298753e+01 6.128986e-04 6.345280e-04 5.943006e-04 6.098671e-04
3.303953e+01 6.105425e-04 6.338812e-04 5.941352e-04 6.036111e-04
3.309153e+01 6.083198e-04 6.314825e-04 5.946824e-04 5.987944e-04
3.314353e+01 6.061768e-04 6.279310e-04 5.954079e-04 5.951914e-04
3.319553e+01 6.040805e-04 6.240025e-04 5.958817e-04 5.923572e-04
3.324753e+01 6.019601e-04 6.203830e-04 5.958312e-04 5.896663e-04
3.329953e+01 5.996760e-04 6.174408e-04 5.951544e-04 5.864329e-04
3.335153e+01 5.970316e-04 6.151118e-04 5.939098e-04 5.820731e-04
3.340353e+01 5.938223e-04 6.129258e-04 5.922953e-04 5.762459e-04
3.345553e+01 5.899021e-04 6.101631e-04 5.906193e-04 5.689238e-04
3.350753e+01 5.852450e-04 6.060946e-04 5.892574e-04 5.603831e-04
3.355953e+01 5.799878e-04 6.002375e-04 5.885847e-04 5.511413e-04
3.361153e+01 5.744407e-04 5.925513e-04 5.888870e-04 5.418840e-04
3.366353e+01 5.690638e-04 5.835125e-04 5.902691e-04 5.334099e-04
3.371553e+01 5.644146e-04 5.740416e-04 5.926046e-04 5.265975e-04
3.376753e+01 5.610837e-04 5.653080e-04 5.955698e-04 5.223735e-04
3.381953e+01 5.596378e-04 5.584792e-04 5.987777e-04 5.216564e-04
3.387153e+01 5.605766e-04 5.544947e-04 6.019763e-04 5.252587e-04
3.392353e+01 5.643008e-04 5.539244e-04 6.052255e-04 5.337524e-04
3.397553e+01 5.710737e-04 5.569285e-04 6.089604e-04 5.473322e-04
3.402753e+01 5.809729e-04 5.633038e-04 6.138897e-04 5.657251e-04
3.407953e+01 5.938442e-04 5.725843e-04 6.207533e-04 5.881949e-04
3.413153e+01 6.092918e-04 5.841718e-04 6.300393e-04 6.136643e-04
3.418353e+01 6.267333e-04 5.974824e-04 6.417833e-04 6.409342e-04
3.423553e+01 6.455280e-04 6.120938e-04 6.555505e-04 6.689398e-04
3.428753e+01 6.651482e-04 6.278677e-04 6.706204e-04 6.969564e-04
3.433953e+01 6.853309e-04 6.450036e-04 6.863085e-04 7.246807e-04
3.439153e+01 7.061461e-04 6.639861e-04 7.022955e-04 7.521567e-04
3.444353e+01 7.279404e-04 6.854082e-04 7.188284e-04 7.795845e-04
3.449553e+01 7.511695e-04 7.096997e-04 7.367126e-04 8.070961e-04
3.454753e+01 7.761766e-04 7.368364e-04 7.570968e-04 8.345968e-04
3.459953e+01 8.030001e-04 7.661361e-04 7.811371e-04 8.617270e-04
3.465153e+01 8.312761e-04 7.962360e-04 8.096599e-04 8.879323e-04
3.470353e+01 8.602647e-04 8.252933e-04 8.429231e-04 9.125778e-04
3.475553e+01 8.889732e-04 8.513662e-04 8.805184e-04 9.350351e-04
3.480753e+01 9.163226e-04 8.728564e-04 9.213945e-04 9.547168e-04
3.485953e+01 9.413020e-04 8.888654e-04 9.639533e-04 9.710874e-04
3.491153e+01 9.630825e-04 8.993552e-04 1.006183e-03 9.837089e-04
3.496353e+01 9.810870e-04 9.050862e-04 1.045823e-03 9.923522e-04
3.501553e+01 9.950291e-04 9.073911e-04 1.080561e-03 9.971355e-04
3.506753e+01 1.004914e-03 9.078796e-04 1.108276e-03 9.985875e-04
3.511953e+01 1.010984e-03 9.081560e-04 1.127267e-03 9.975274e-04
3.517153e+01 1.013583e-03 9.095861e-04 1.136426e-03 9.947364e-04
3.522353e+01 1.012976e-03 9.131115e-04 1.135296e-03 9.905203e-04
3.527553e+01 1.009178e-03 9.191050e-04 1.124052e-03 9.843769e-04
3.532753e+01 1.001900e-03 9.272834e-04 1.103431e-03 9.749862e-04
3.537953e+01 9.906867e-04 9.367179e-04 1.074726e-03 9.606167e-04
3.543153e+01 9.752075e-04 9.459848e-04 1.039802e-03 9.398352e-04
3.548353e+01 9.556046e-04 9.534644e-04 1.001119e-03 9.122304e-04
3.553553e+01 9.327176e-04 9.577294e-04 9.615960e-04 8.788275e-04
3.558753e+01 9.080675e-04 9.579157e-04 9.242852e-04 8.420016e-04
3.563953e+01 8.835815e-04 9.539502e-04 8.918686e-04 8.049257e-04
3.569153e+01 8.611640e-04 9.465632e-04 8.661426e-04 7.707861e-04
3.574353e+01 8.422815e-04 9.370917e-04 8.476873e-04 7.420655e-04
3.579553e+01 8.277114e-04 9.271611e-04 8.358584e-04 7.201146e-04
3.584753e+01 8.175163e-04 9.183603e-04 8.291039e-04 7.050848e-04
3.589953e+01 8.112112e-04 9.119991e-04 8.254758e-04 6.961586e-04
3.595153e+01 8.080185e-04 9.089769e-04 8.231400e-04 6.919385e-04
3.600353e+01 8.071042e-04 9.097392e-04 8.207196e-04 6.908539e-04
3.605553e+01 8.077203e-04 9.142814e-04 8.174040e-04 6.914754e-04
3.610753e+01 8.092394e-04 9.221745e-04 8.128693e-04 6.926743e-04
3.615953e+01 8.111192e-04 9.326110e-04 8.071211e-04 6.936254e-04
3.621153e+01 8.128546e-04 9.444860e-04 8.003723e-04 6.937055e-04
3.626353e+01 8.139721e-04 9.565239e-04 7.930108e-04 6.923818e-04
3.631553e+01 8.140821e-04 9.674418e-04 7.856340e-04 6.891707e-04
3.636753e+01 8.129672e-04 9.761278e-04 7.790742e-04 6.836998e-04
3.641953e+01 8.106522e-04 9.817938e-04 7.743349e-04 6.758280e-04
3.647153e+01 8.074020e-04 9.840588e-04 7.724093e-04 6.657377e-04
3.652353e+01 8.036218e-04 9.829247e-04 7.740166e-04 6.539243e-04
3.657553e+01 7.996820e-04 9.786331e-04 7.793474e-04 6.410655e-04
3.662753e+01 7.957270e-04 9.714386e-04 7.879175e-04 6.278250e-04
3.667953e+01 7.915502e-04 9.613849e-04 7.985925e-04 6.146731e-04
3.673153e+01 7.865922e-04 9.481896e-04 8.097849e-04 6.018019e-04
3.678353e+01 7.800799e-04 9.313151e-04 8.197615e-04 5.891630e-04
3.683553e+01 7.712625e-04 9.102168e-04 8.269650e-04 5.766056e-04
3.688753e+01 7.596581e-04 8.846668e-04 8.302559e-04 5.640515e-04
3.693953e+01 7.452189e-04 8.550011e-04 8.290220e-04 5.516336e-04
3.699153e+01 7.283541e-04 8.221677e-04 8.231600e-04 5.397346e-04
3.704353e+01 7.098124e-04 7.875467e-04 8.129814e-04 5.289091e-04
3.709553e+01 6.904827e-04 7.526249e-04 7.991060e-04 5.197172e-04
3.714753e+01 6.711935e-04 7.186616e-04 7.823812e-04 5.125378e-04
3.719953e+01 6.525733e-04 6.864692e-04 7.638166e-04 5.074340e-04
3.725153e+01 6.349935e-04 6.563645e-04 7.444970e-04 5.041189e-04
3.730353e+01 6.185792e-04 6.282695e-04 7.254437e-04 5.020244e-04
3.735553e+01 6.032585e-04 6.018984e-04 7.074352e-04 5.004420e-04
3.740753e+01 5.888289e-04 5.769532e-04 6.908514e-04 4.986821e-04
3.745953e+01 5.750307e-04 5.532714e-04 6.756130e-04 4.962078e-04
3.751153e+01 5.616219e-04 5.308928e-04 6.612623e-04 4.927105e-04
3.756353e+01 5.484406e-04 5.100418e-04 6.471599e-04 4.881200e-04
3.761553e+01 5.354408e-04 4.910434e-04 6.327210e-04 4.825581e-04
3.766753e+01 5.226869e-04 4.742065e-04 6.175955e-04 4.762587e-04
3.771953e+01 5.103100e-04 4.597149e-04 6.017311e-04 4.694840e-04
3.777153e+01 4.984473e-04 4.475587e-04 5.853174e-04 4.624658e-04
3.782353e+01 4.871942e-04 4.375252e-04 5.686639e-04 4.553935e-04
3.787553e+01 4.765936e-04 4.292482e-04 5.520831e-04 4.484497e-04
3.792753e+01 4.666659e-04 4.222949e-04 5.358288e-04 4.418741e-04
3.797953e+01 4.574580e-04 4.162571e-04 5.201000e-04 4.360170e-04
3.803153e+01 4.490762e-04 4.108157e-04 5.050774e-04 4.313355e-04
3.808353e+01 4.416783e-04 4.057660e-04 4.909557e-04 4.283131e-04
3.813553e+01 4.354286e-04 4.010214e-04 4.779464e-04 4.273182e-04
3.818753e+01 4.304464e-04 3.966218e-04 4.662569e-04 4.284605e-04
3.823953e+01 4.267819e-04 3.927635e-04 4.560663e-04 4.315160e-04
3.829153e+01 4.244354e-04 3.898276e-04 4.475163e-04 4.359623e-04
3.834353e+01 4.233970e-04 3.883590e-04 4.407157e-04 4.411162e-04
3.839553e+01 4.236719e-04 3.889536e-04 4.357476e-04 4.463143e-04
3.844753e+01 4.252666e-04 3.920629e-04 4.326717e-04 4.510651e-04
3.849953e+01 4.281470e-04 3.977847e-04 4.315262e-04 4.551301e-04
3.855153e+01 4.322064e-04 4.057407e-04 4.323417e-04 4.585368e-04
3.860353e+01 4.372786e-04 4.151131e-04 4.351649e-04 4.615580e-04
3.865553e+01 4.432016e-04 4.248424e-04 4.400765e-04 4.646860e-04
3.870753e+01 4.498981e-04 4.339143e-04 4.471782e-04 4.686019e-04
3.875953e+01 4.574247e-04 4.416264e-04 4.565412e-04 4.741065e-04
3.881153e+01 4.659488e-04 4.477372e-04 4.681286e-04 4.819807e-04
3.886353e+01 4.756500e-04 4.524537e-04 4.817197e-04 4.927766e-04
3.891553e+01 4.865718e-04 4.562698e-04 4.968581e-04 5.065873e-04
3.896753e+01 4.984803e-04 4.597263e-04 5.128317e-04 5.228828e-04
3.901953e+01 5.107913e-04 4.631811e-04 5.286940e-04 5.404989e-04
3.907153e+01 5.226138e-04 4.666778e-04 5.433394e-04 5.578244e-04
3.912353e+01 5.329212e-04 4.699568e-04 5.556458e-04 5.731611e-04
3.917553e+01 5.408123e-04 4.725975e-04 5.646794e-04 5.851598e-04
3.922753e+01 5.457772e-04 4.742261e-04 5.699129e-04 5.931927e-04
3.927953e+01 5.478747e-04 4.747008e-04 5.713860e-04 5.975375e-04
3.933153e+01 5.477536e-04 4.742033e-04 5.697478e-04 5.993097e-04
3.938353e+01 5.465139e-04 4.732115e-04 5.661680e-04 6.001622e-04
3.943553e+01 5.454600e-04 4.723795e-04 5.621541e-04 6.018462e-04
3.948753e+01 5.458245e-04 4.723829e-04 5.593308e-04 6.057598e-04
3.953953e+01 5.485384e-04 4.737842e-04 5.592252e-04 6.126057e-04
3.959153e+01 5.540874e-04 4.769501e-04 5.630691e-04 6.222430e-04
3.964353e+01 5.624684e-04 4.820201e-04 5.716215e-04 6.337635e-04
3.969553e+01 5.732323e-04 4.889060e-04 5.850279e-04 6.457631e-04
3.974753e+01 5.855959e-04 4.973063e-04 6.027571e-04 6.567243e-04
3.979953e+01 5.985951e-04 5.067335e-04 6.236584e-04 6.653933e-04
3.985153e+01 6.112542e-04 5.165682e-04 6.461514e-04 6.710429e-04
3.990353e+01 6.227412e-04 5.261565e-04 6.685151e-04 6.735519e-04
3.995553e+01 6.324820e-04 5.349461e-04 6.891954e-04 6.733045e-04
4.000753e+01 6.402164e-04 5.426308e-04 7.070446e-04 6.709737e-04
4.005953e+01 6.459907e-04 5.492591e-04 7.214286e-04 6.672845e-04
4.011153e+01 6.500982e-04 5.552605e-04 7.321920e-04 6.628421e-04
4.016353e+01 6.529871e-04 5.613678e-04 7.395247e-04 6.580689e-04
4.021553e+01 6.551611e-04 5.684379e-04 7.438036e-04 6.532419e-04
4.026753e+01 6.570902e-04 5.772086e-04 7.454799e-04 6.485820e-04
4.031953e+01 6.591445e-04 5.880508e-04 7.450469e-04 6.443358e-04
4.037153e+01 6.615577e-04 6.007976e-04 7.430762e-04 6.407992e-04
4.042353e+01 6.644186e-04 6.147208e-04 7.402674e-04 6.382677e-04
4.047553e+01 6.676878e-04 6.286846e-04 7.374490e-04 6.369299e-04
4.052753e+01 6.712257e-04 6.414403e-04 7.354830e-04 6.367538e-04
4.057953e+01 6.748184e-04 6.519552e-04 7.350804e-04 6.374195e-04
4.063153e+01 6.781943e-04 6.596513e-04 7.365865e-04 6.383452e-04
4.068353e+01 6.810417e-04 6.644650e-04 7.398385e-04 6.388214e-04
4.073553e+01 6.830507e-04 6.667287e-04 7.441865e-04 6.382367e-04
4.078753e+01 6.840074e-04 6.669613e-04 7.487121e-04 6.363488e-04
4.083953e+01 6.839389e-04 6.656943e-04 7.525857e-04 6.335366e-04
4.089153e+01 6.832689e-04 6.634274e-04 7.554251e-04 6.309541e-04
4.094353e+01 6.829075e-04 6.607156e-04 7.574964e-04 6.305106e-04
4.099553e+01 6.841932e-04 6.583041e-04 7.596554e-04 6.346201e-04
4.104753e+01 6.886482e-04 6.571847e-04 7.630425e-04 6.457173e-04
4.109953e+01 6.975891e-04 6.584935e-04 7.686526e-04 6.656212e-04
4.115153e+01 7.117110e-04 6.632631e-04 7.769598e-04 6.949101e-04
4.120353e+01 7.308024e-04 6.721385e-04 7.877460e-04 7.325227e-04
4.125553e+01 7.537142e-04 6.851972e-04 8.001845e-04 7.757609e-04
4.130753e+01 7.786068e-04 7.019582e-04 8.131154e-04 8.207467e-04
4.135953e+01 8.033881e-04 7.215653e-04 8.253791e-04 8.632198e-04
4.141153e+01 8.261786e-04 7.430372e-04 8.360743e-04 8.994242e-04
4.146353e+01 8.456426e-04 7.654557e-04 8.446691e-04 9.268031e-04
4.151553e+01 8.610987e-04 7.880121e-04 8.509770e-04 9.443070e-04
4.156753e+01 8.724225e-04 8.099271e-04 8.550591e-04 9.522814e-04
4.161953e+01 8.798319e-04 8.303313e-04 8.571174e-04 9.520470e-04
4.167153e+01 8.836596e-04 8.482078e-04 8.574075e-04 9.453635e-04
4.172353e+01 8.841931e-04 8.624585e-04 8.561670e-04 9.339538e-04
4.177553e+01 8.816099e-04 8.720866e-04 8.535436e-04 9.191996e-04
4.182753e+01 8.760019e-04 8.764311e-04 8.495294e-04 9.020452e-04
4.187953e+01 8.674612e-04 8.753712e-04 8.439294e-04 8.830830e-04
4.193153e+01 8.561930e-04 8.694243e-04 8.364010e-04 8.627537e-04
4.198353e+01 8.426130e-04 8.596992e-04 8.265706e-04 8.415694e-04
4.203553e+01 8.273903e-04 8.477072e-04 8.141978e-04 8.202658e-04
4.208753e+01 8.114088e-04 8.350775e-04 7.993260e-04 7.998230e-04
4.213953e+01 7.956539e-04 8.232516e-04 7.823609e-04 7.813492e-04
4.219153e+01 7.810557e-04 8.132359e-04 7.640487e-04 7.658826e-04
4.224353e+01 7.683429e-04 8.054685e-04 7.453617e-04 7.541985e-04
4.229553e+01 7.579487e-04 7.998210e-04 7.273288e-04 7.466963e-04
4.234753e+01 7.499893e-04 7.957178e-04 7.108531e-04 7.433971e-04
4.239953e+01 7.443072e-04 7.923353e-04 6.965567e-04 7.440295e-04
4.245153e+01 7.405539e-04 7.888306e-04 6.846828e-04 7.481482e-04
4.250353e+01 7.382843e-04 7.845498e-04 6.750776e-04 7.552256e-04
4.255553e+01 7.370411e-04 7.791757e-04 6.672654e-04 7.646822e-04
4.260753e+01 7.364146e-04 7.727828e-04 6.606019e-04 7.758591e-04
4.265953e+01 7.360746e-04 7.657872e-04 6.544686e-04 7.879679e-04
4.271153e+01 7.357716e-04 7.587973e-04 6.484411e-04 8.000764e-04
4.276353e+01 7.353161e-04 7.523997e-04 6.423747e-04 8.111738e-04
4.281553e+01 7.345458e-04 7.469344e-04 6.363774e-04 8.203257e-04
4.286753e+01 7.332991e-04 7.423334e-04 6.306920e-04 8.268720e-04
4.291953e+01 7.314038e-04 7.380868e-04 6.255393e-04 8.305854e-04
4.297153e+01 7.286869e-04 7.333727e-04 6.209858e-04 8.317024e-04
4.302353e+01 7.250024e-04 7.273319e-04 6.168782e-04 8.307972e-04
4.307553e+01 7.202694e-04 7.194078e-04 6.128630e-04 8.285374e-04
4.312753e+01 7.145158e-04 7.096335e-04 6.084864e-04 8.254275e-04
4.317953e+01 7.079179e-04 6.987483e-04 6.033563e-04 8.216492e-04
4.323153e+01 7.008249e-04 6.880807e-04 5.973308e-04 8.170632e-04
4.328353e+01 6.937500e-04 6.792212e-04 5.906736e-04 8.113552e-04
4.333553e+01 6.873157e-04 6.735898e-04 5.841106e-04 8.042465e-04
4.338753e+01 6.821503e-04 6.720490e-04 5.787328e-04 7.956691e-04
4.343953e+01 6.787529e-04 6.746827e-04 5.757481e-04 7.858278e-04
4.349153e+01 6.773580e-04 6.807898e-04 5.761501e-04 7.751340e-04
4.354353e+01 6.778413e-04 6.890543e-04 5.804220e-04 7.640477e-04
4.359553e+01 6.796978e-04 6.978034e-04 5.883859e-04 7.529040e-04
4.364753e+01 6.821063e-04 7.052710e-04 5.992455e-04 7.418024e-04
4.369953e+01 6.840743e-04 7.098288e-04 6.117894e-04 7.306046e-04
4.375153e+01 6.846305e-04 7.101886e-04 6.246655e-04 7.190373e-04
4.380353e+01 6.830231e-04 7.055891e-04 6.366293e-04 7.068509e-04
4.385553e+01 6.788745e-04 6.959487e-04 6.467102e-04 6.939646e-04
4.390753e+01 6.722507e-04 6.819256e-04 6.542860e-04 6.805404e-04
4.395953e+01 6.636257e-04 6.648239e-04 6.590849e-04 6.669685e-04
4.401153e+01 6.537484e-04 6.463234e-04 6.611419e-04 6.537800e-04
4.406353e+01 6.434492e-04 6.280950e-04 6.607260e-04 6.415265e-04
4.411553e+01 6.334446e-04 6.114193e-04 6.582513e-04 6.306632e-04
4.416753e+01 6.241957e-04 5.969422e-04 6.541835e-04 6.214612e-04
4.421953e+01 6.158529e-04 5.846373e-04 6.489565e-04 6.139650e-04
4.427153e+01 6.082912e-04 5.739602e-04 6.429074e-04 6.080060e-04
4.432353e+01 6.012055e-04 5.641084e-04 6.362324e-04 6.032756e-04
4.437553e+01 5.942299e-04 5.542825e-04 6.289660e-04 5.994410e-04
4.442753e+01 5.870446e-04 5.438824e-04 6.209877e-04 5.962636e-04
4.447953e+01 5.794515e-04 5.326207e-04 6.120704e-04 5.936635e-04
4.453153e+01 5.714127e-04 5.205708e-04 6.019771e-04 5.916901e-04
4.458353e+01 5.630532e-04 5.081613e-04 5.905935e-04 5.904047e-04
4.463553e+01 5.546349e-04 4.961123e-04 5.780586e-04 5.897337e-04
4.468753e+01 5.465070e-04 4.853062e-04 5.648331e-04 5.893818e-04
4.473953e+01 5.390449e-04 4.766047e-04 5.516625e-04 5.888674e-04
4.479153e+01 5.325884e-04 4.706578e-04 5.394231e-04 5.876843e-04
4.484353e+01 5.273933e-04 4.677647e-04 5.289005e-04 5.855148e-04
4.489553e+01 5.236014e-04 4.678355e-04 5.205804e-04 5.823882e-04
4.494753e+01 5.212301e-04 4.704623e-04 5.145334e-04 5.786946e-04
4.499953e+01 5.201803e-04 4.750705e-04 5.104358e-04 5.750344e-04
4.505153e+01 5.202567e-04 4.810988e-04 5.077083e-04 5.719629e-04
4.510353e+01 5.212007e-04 4.881491e-04 5.057095e-04 5.697435e-04
4.515553e+01 5.227307e-04 4.960637e-04 5.039077e-04 5.682207e-04
4.520753e+01 5.245834e-04 5.049019e-04 5.019765e-04 5.668719e-04
4.525953e+01 5.265464e-04 5.148265e-04 4.997964e-04 5.650162e-04
4.531153e+01 5.284724e-04 5.259418e-04 4.973876e-04 5.620879e-04
4.536353e+01 5.302758e-04 5.381549e-04 4.948160e-04 5.578564e-04
4.541553e+01 5.319167e-04 5.511257e-04 4.921222e-04 5.525022e-04
4.546753e+01 5.333868e-04 5.643272e-04 4.893033e-04 5.465298e-04
4.551953e+01 5.347003e-04 5.771750e-04 4.863554e-04 5.405706e-04
4.557153e+01 5.358914e-04 5.891482e-04 4.833529e-04 5.351731e-04
4.562353e+01 5.370076e-04 5.998340e-04 4.805226e-04 5.306662e-04
4.567553e+01 5.380963e-04 6.088902e-04 4.782644e-04 5.271344e-04
4.572753e+01 5.391896e-04 6.159870e-04 4.770954e-04 5.244863e-04
4.577953e+01 5.402983e-04 6.208045e-04 4.775261e-04 5.225641e-04
4.583153e+01 5.414289e-04 6.231275e-04 4.799182e-04 5.212411e-04
4.588353e+01 5.426195e-04 6.229995e-04 4.843823e-04 5.204769e-04
4.593553e+01 5.439762e-04 6.208454e-04 4.907608e-04 5.203224e-04
4.598753e+01 5.456843e-04 6.174758e-04 4.986963e-04 5.208809e-04
4.603953e+01 5.479753e-04 6.139438e-04 5.077441e-04 5.222379e-04
4.609153e+01 5.510525e-04 6.113050e-04 5.174734e-04 5.243792e-04
4.614353e+01 5.550067e-04 6.103780e-04 5.275185e-04 5.271236e-04
4.619553e+01 5.597582e-04 6.115930e-04 5.375788e-04 5.301028e-04
4.624753e+01 5.650559e-04 6.149648e-04 5.473943e-04 5.328086e-04
4.629953e+01 5.705330e-04 6.201670e-04 5.567274e-04 5.347047e-04
4.635153e+01 5.757954e-04 6.266513e-04 5.653639e-04 5.353710e-04
4.640353e+01 5.805062e-04 6.337608e-04 5.731227e-04 5.346351e-04
4.645553e+01 5.844397e-04 6.408164e-04 5.798563e-04 5.326462e-04
4.650753e+01 5.874979e-04 6.471851e-04 5.854364e-04 5.298722e-04
4.655953e+01 5.897016e-04 6.523512e-04 5.897305e-04 5.270232e-04
4.661153e+01 5.911705e-04 6.559935e-04 5.925886e-04 5.249293e-04
4.666353e+01 5.921000e-04 6.580468e-04 5.938502e-04 5.244032e-04
4.671553e+01 5.927332e-04 6.587062e-04 5.933782e-04 5.261152e-04
4.676753e+01 5.933191e-04 6.583485e-04 5.911143e-04 5.304945e-04
4.681953e+01 5.940626e-04 6.573819e-04 5.871455e-04 5.376603e-04
4.687153e+01 5.950757e-04 6.560810e-04 5.817614e-04 5.473848e-04
4.692353e+01 5.963485e-04 6.544833e-04 5.754695e-04 5.590928e-04
4.697553e+01 5.977467e-04 6.523937e-04 5.689392e-04 5.719072e-04
4.702753e+01 5.990375e-04 6.494914e-04 5.628724e-04 5.847487e-04
4.707953e+01 5.999351e-04 6.454817e-04 5.578337e-04 5.964899e-04
4.713153e+01 6.001601e-04 6.402230e-04 5.541132e-04 6.061442e-04
4.718353e+01 5.995070e-04 6.337864e-04 5.516829e-04 6.130518e-04
4.723553e+01 5.979109e-04 6.264493e-04 5.502716e-04 6.170118e-04
4.728753e+01 5.954948e-04 6.186497e-04 5.495195e-04 6.183152e-04
4.733953e+01 5.925752e-04 6.109353e-04 5.491354e-04 6.176549e-04
4.739153e+01 5.896122e-04 6.039153e-04 5.489857e-04 6.159357e-04
4.744353e+01 5.871147e-04 5.982126e-04 5.490886e-04 6.140429e-04
4.749553e+01 5.855322e-04 5.944030e-04 5.495430e-04 6.126506e-04
4.754753e+01 5.851774e-04 5.929449e-04 5.504478e-04 6.121396e-04
4.759953e+01 5.862063e-04 5.941126e-04 5.518619e-04 6.126446e-04
4.765153e+01 5.886536e-04 5.979511e-04 5.538113e-04 6.141983e-04
4.770353e+01 5.924937e-04 6.042648e-04 5.563228e-04 6.168936e-04
4.775553e+01 5.976883e-04 6.126366e-04 5.594470e-04 6.209813e-04
4.780753e+01 6.041925e-04 6.224693e-04 5.632551e-04 6.268531e-04
4.785953e+01 6.119220e-04 6.330358e-04 5.678164e-04 6.349137e-04
4.791153e+01 6.207043e-04 6.435360e-04 5.731765e-04 6.454004e-04
4.796353e+01 6.302460e-04 6.531672e-04 5.793444e-04 6.582263e-04
4.801553e+01 6.401378e-04 6.612166e-04 5.862806e-04 6.729161e-04
4.806753e+01 6.499006e-04 6.671722e-04 5.938715e-04 6.886580e-04
4.811953e+01 6.590600e-04 6.708270e-04 6.018956e-04 7.044574e-04
4.817153e+01 6.672292e-04 6.723338e-04 6.100121e-04 7.193417e-04
4.822353e+01 6.741809e-04 6.721680e-04 6.178123e-04 7.325625e-04
4.827553e+01 6.798928e-04 6.709919e-04 6.249465e-04 7.437400e-04
4.832753e+01 6.845499e-04 6.694572e-04 6.312831e-04 7.529095e-04
4.837953e+01 6.884962e-04 6.680222e-04 6.370159e-04 7.604505e-04
4.843153e+01 6.921349e-04 6.668614e-04 6.426365e-04 7.669066e-04
4.848353e+01 6.958011e-04 6.659046e-04 6.487537e-04 7.727452e-04
4.853553e+01 6.996432e-04 6.649787e-04 6.558195e-04 7.781315e-04
4.858753e+01 7.035539e-04 6.639772e-04 6.638808e-04 7.828038e-04
4.863953e+01 7.071785e-04 6.629649e-04 6.724691e-04 7.861016e-04
4.869153e+01 7.099983e-04 6.621698e-04 6.806761e-04 7.871490e-04
4.874353e+01 7.114635e-04 6.618702e-04 6.873830e-04 7.851375e-04
4.879553e+01 7.111384e-04 6.622476e-04 6.915521e-04 7.796154e-04
4.884753e+01 7.088208e-04 6.632926e-04 6.924786e-04 7.706912e-04
4.889953e+01 7.046123e-04 6.648173e-04 6.899409e-04 7.590786e-04
4.895153e+01 6.989214e-04 6.665699e-04 6.842326e-04 7.459618e-04
4.900353e+01 6.923980e-04 6.683815e-04 6.760987e-04 7.327139e-04
4.905553e+01 6.858062e-04 6.702567e-04 6.666077e-04 7.205541e-04
4.910753e+01 6.798620e-04 6.723482e-04 6.569830e-04 7.102549e-04
4.915953e+01 6.750769e-04 6.748210e-04 6.484117e-04 7.019979e-04
4.921153e+01 6.716497e-04 6.776777e-04 6.418528e-04 6.954186e-04
4.926353e+01 6.694398e-04 6.806415e-04 6.378748e-04 6.898030e-04
4.931553e+01 6.680235e-04 6.831657e-04 6.365616e-04 6.843432e-04
4.936753e+01 6.668121e-04 6.845728e-04 6.375107e-04 6.783528e-04
4.941953e+01 6.651930e-04 6.842632e-04 6.399296e-04 6.713863e-04
4.947153e+01 6.626580e-04 6.819027e-04 6.428090e-04 6.632623e-04
4.952353e+01 6.588936e-04 6.775176e-04 6.451339e-04 6.540292e-04
4.957553e+01 6.538257e-04 6.714758e-04 6.460897e-04 6.439115e-04
4.962753e+01 6.476183e-04 6.643814e-04 6.452184e-04 6.332550e-04
4.967953e+01 6.406347e-04 6.569391e-04 6.424919e-04 6.224731e-04
4.973153e+01 6.333715e-04 6.498363e-04 6.382819e-04 6.119961e-04
4.978353e+01 6.263765e-04 6.436664e-04 6.332316e-04 6.022317e-04
4.983553e+01 6.201639e-04 6.388874e-04 6.280582e-04 5.935461e-04
4.988753e+01 6.151340e-04 6.357968e-04 6.233440e-04 5.862611e-04
4.993953e+01 6.115094e-04 6.345062e-04 6.193772e-04 5.806446e-04
4.999153e+01 6.092983e-04 6.349187e-04 6.160958e-04 5.768803e-04
5.004353e+01 6.082993e-04 6.367239e-04 6.131554e-04 5.750185e-04
5.009553e+01 6.081583e-04 6.394345e-04 6.100967e-04 5.749436e-04
5.014753e+01 6.084721e-04 6.424683e-04 6.065489e-04 5.763991e-04
5.019953e+01 6.089101e-04 6.452578e-04 6.023867e-04 5.790857e-04
5.025153e+01 6.093095e-04 6.473517e-04 5.977724e-04 5.828045e-04
5.030353e+01 6.097048e-04 6.484690e-04 5.930648e-04 5.875806e-04
5.035553e+01 6.102757e-04 6.484925e-04 5.886398e-04 5.936948e-04
5.040753e+01 6.112367e-04 6.474146e-04 5.847107e-04 6.015848e-04
5.045953e+01 6.127134e-04 6.452708e-04 5.812387e-04 6.116308e-04
5.051153e+01 6.146557e-04 6.420963e-04 5.779732e-04 6.238976e-04
5.056353e+01 6.168177e-04 6.379238e-04 5.745945e-04 6.379346e-04
5.061553e+01 6.188097e-04 6.328177e-04 5.708824e-04 6.527290e-04
5.066753e+01 6.202022e-04 6.269206e-04 5.668305e-04 6.668555e-04
5.071953e+01 6.206486e-04 6.204885e-04 5.626641e-04 6.787934e-04
5.077153e+01 6.199927e-04 6.138973e-04 5.587713e-04 6.873096e-04
5.082353e+01 6.183283e-04 6.076179e-04 5.555883e-04 6.917788e-04
5.087553e+01 6.159934e-04 6.021651e-04 5.534860e-04 6.923293e-04
5.092753e+01 6.134956e-04 5.980317e-04 5.526848e-04 6.897703e-04
5.097953e+01 6.113879e-04 5.956172e-04 5.532111e-04 6.853353e-04
5.103153e+01 6.101304e-04 5.951641e-04 5.548940e-04 6.803331e-04
5.108353e+01 6.099801e-04 5.967161e-04 5.574032e-04 6.758212e-04
5.113553e+01 6.109442e-04 6.001147e-04 5.603216e-04 6.723962e-04
5.118753e+01 6.128083e-04 6.050400e-04 5.632392e-04 6.701457e-04
5.123953e+01 6.152271e-04 6.110887e-04 5.658420e-04 6.687506e-04
5.129153e+01 6.178398e-04 6.178678e-04 5.679713e-04 6.676802e-04
5.134353e+01 6.203722e-04 6.250771e-04 5.696373e-04 6.664023e-04
5.139553e+01 6.226987e-04 6.325623e-04 5.709920e-04 6.645417e-04
5.144753e+01 6.248548e-04 6.403343e-04 5.722778e-04 6.619523e-04
5.149953e+01 6.270098e-04 6.485547e-04 5.737709e-04 6.587037e-04
5.155153e+01 6.294102e-04 6.574929e-04 5.757304e-04 6.550073e-04
5.160353e+01 6.323094e-04 6.674519e-04 5.783573e-04 6.511192e-04
5.165553e+01 6.358959e-04 6.786683e-04 5.817643e-04 6.472551e-04
5.170753e+01 6.402388e-04 6.912104e-04 5.859600e-04 6.435458e-04
5.175953e+01 6.452680e-04 7.049102e-04 5.908515e-04 6.400424e-04
5.181153e+01 6.507948e-04 7.193657e-04 5.962608e-04 6.367580e-04
5.186353e+01 6.565608e-04 7.340236e-04 6.019476e-04 6.337111e-04
5.191553e+01 6.622897e-04 7.483129e-04 6.076299e-04 6.309264e-04
5.196753e+01 6.677162e-04 7.617725e-04 6.130002e-04 6.283760e-04
5.201953e+01 6.725836e-04 7.741196e-04 6.177485e-04 6.258826e-04
5.207153e+01 6.766267e-04 7.852352e-04 6.215951e-04 6.230497e-04
5.212353e+01 6.795684e-04 7.950877e-04 6.243306e-04 6.192869e-04
5.217553e+01 6.811482e-04 8.036413e-04 6.258453e-04 6.139579e-04
5.222753e+01 6.811806e-04 8.108041e-04 6.261259e-04 6.066118e-04
5.227953e+01 6.796201e-04 8.164391e-04 6.252179e-04 5.972033e-04
5.233153e+01 6.766029e-04 8.204363e-04 6.231719e-04 5.862006e-04
5.238353e+01 6.724462e-04 8.228025e-04 6.200119e-04 5.745242e-04
5.243553e+01 6.676012e-04 8.237203e-04 6.157534e-04 5.633299e-04
5.248753e+01 6.625715e-04 8.235335e-04 6.104684e-04 5.537127e-04
5.253953e+01 6.578144e-04 8.226558e-04 6.043582e-04 5.464290e-04
5.259153e+01 6.536477e-04 8.214373e-04 5.977815e-04 5.417243e-04
5.264353e+01 6.501853e-04 8.200462e-04 5.912048e-04 5.393048e-04
5.269553e+01 6.473172e-04 8.184189e-04 5.850875e-04 5.384452e-04
5.274753e+01 6.447438e-04 8.162931e-04 5.797562e-04 5.381821e-04
5.279953e+01 6.420547e-04 8.133060e-04 5.753272e-04 5.375308e-04
5.285153e+01 6.388329e-04 8.091153e-04 5.717152e-04 5.356683e-04
5.290353e+01 6.347550e-04 8.034995e-04 5.687111e-04 5.320544e-04
5.295553e+01 6.296612e-04 7.964143e-04 5.660822e-04 5.264869e-04
5.300753e+01 6.235795e-04 7.879988e-04 5.636413e-04 5.190986e-04
5.305953e+01 6.167047e-04 7.785434e-04 5.612632e-04 5.103076e-04
5.311153e+01 6.093455e-04 7.684451e-04 5.588641e-04 5.007274e-04
5.316353e+01 6.018642e-04 7.581678e-04 5.563758e-04 4.910491e-04
5.321553e+01 5.946239e-04 7.482173e-04 5.537361e-04 4.819183e-04
5.326753e+01 5.879475e-04 7.391142e-04 5.508905e-04 4.738379e-04
5.331953e+01 5.820827e-04 7.313410e-04 5.477847e-04 4.671223e-04
5.337153e+01 5.771643e-04 7.252528e-04 5.443372e-04 4.619028e-04
5.342353e+01 5.731837e-04 7.209746e-04 5.404120e-04 4.581645e-04
5.347553e+01 5.699815e-04 7.183352e-04 5.358269e-04 4.557822e-04
5.352753e+01 5.672830e-04 7.168882e-04 5.304230e-04 4.545378e-04
5.357953e+01 5.647768e-04 7.160246e-04 5.241805e-04 4.541252e-04
5.363153e+01 5.622100e-04 7.151363e-04 5.173253e-04 4.541682e-04
5.368353e+01 5.594630e-04 7.137585e-04 5.103612e-04 4.542692e-04
5.373553e+01 5.565727e-04 7.116351e-04 5.039932e-04 4.540898e-04
5.378753e+01 5.537001e-04 7.086985e-04 4.989633e-04 4.534386e-04
5.383953e+01 5.510632e-04 7.049938e-04 4.958650e-04 4.523308e-04
5.389153e+01 5.488659e-04 7.005963e-04 4.950103e-04 4.509912e-04
5.394353e+01 5.472451e-04 6.955527e-04 4.963927e-04 4.497900e-04
5.399553e+01 5.462409e-04 6.898579e-04 4.997371e-04 4.491277e-04
5.404753e+01 5.457878e-04 6.834650e-04 5.045974e-04 4.493011e-04
5.409953e+01 5.457258e-04 6.763260e-04 5.104569e-04 4.503944e-04
5.415153e+01 5.458341e-04 6.684611e-04 5.168086e-04 4.522326e-04
5.420353e+01 5.458898e-04 6.600356e-04 5.232187e-04 4.544152e-04
5.425553e+01 5.457375e-04 6.514052e-04 5.293852e-04 4.564220e-04
5.430753e+01 5.453434e-04 6.430839e-04 5.351891e-04 4.577572e-04
5.435953e+01 5.448065e-04 6.356156e-04 5.407160e-04 4.580880e-04
5.441153e+01 5.443150e-04 6.293864e-04 5.462215e-04 4.573372e-04
5.446353e+01 5.440654e-04 6.244573e-04 5.520294e-04 4.557094e-04
5.451553e+01 5.441793e-04 6.205039e-04 5.583898e-04 4.536443e-04
5.456753e+01 5.446547e-04 6.169024e-04 5.653513e-04 4.517103e-04
5.461953e+01 5.453652e-04 6.129243e-04 5.727110e-04 4.504603e-04
5.467153e+01 5.461009e-04 6.079524e-04 5.800705e-04 4.502797e-04
5.472353e+01 5.466246e-04 6.016225e-04 5.869821e-04 4.512692e-04
5.477553e+01 5.467237e-04 5.938473e-04 5.931200e-04 4.532038e-04
5.482753e+01 5.462453e-04 5.847442e-04 5.983976e-04 4.555940e-04
5.487953e+01 5.451176e-04 5.745364e-04 6.029755e-04 4.578409e-04
5.493153e+01 5.433610e-04 5.634922e-04 6.071542e-04 4.594367e-04
5.498353e+01 5.410904e-04 5.519328e-04 6.112041e-04 4.601344e-04
5.503553e+01 5.385022e-04 5.402804e-04 6.152120e-04 4.600141e-04
5.508753e+01 5.358390e-04 5.290917e-04 6.190110e-04 4.594142e-04
5.513953e+01 5.333306e-04 5.190252e-04 6.222173e-04 4.587494e-04
5.519153e+01 5.311215e-04 5.107314e-04 6.243401e-04 4.582929e-04
5.524353e+01 5.292073e-04 5.047011e-04 6.249041e-04 4.580167e-04
5.529553e+01 5.274112e-04 5.011408e-04 6.235264e-04 4.575664e-04
5.534753e+01 5.254164e-04 4.999286e-04 6.199367e-04 4.563841e-04
5.539953e+01 5.228545e-04 5.006682e-04 6.139653e-04 4.539301e-04
5.545153e+01 5.194186e-04 5.028035e-04 6.055481e-04 4.499044e-04
5.550353e+01 5.149625e-04 5.057355e-04 5.947755e-04 4.443764e-04
5.555553e+01 5.095511e-04 5.089002e-04 5.819777e-04 4.377755e-04
5.560753e+01 5.034550e-04 5.118073e-04 5.677974e-04 4.307603e-04
5.565953e+01 4.971001e-04 5.140743e-04 5.531926e-04 4.240333e-04
5.571153e+01 4.909966e-04 5.154862e-04 5.393309e-04 4.181725e-04
5.576353e+01 4.856628e-04 5.160769e-04 5.273823e-04 4.135293e-04
5.581553e+01 4.815511e-04 5.161865e-04 5.182635e-04 4.102031e-04
5.586753e+01 4.789796e-04 5.164408e-04 5.124227e-04 4.080754e-04
5.591953e+01 4.780829e-04 5.176238e-04 5.097482e-04 4.068766e-04
5.597153e+01 4.787929e-04 5.204673e-04 5.096498e-04 4.062615e-04
5.602353e+01 4.808632e-04 5.254212e-04 5.112920e-04 4.058762e-04
5.607553e+01 4.839276e-04 5.324784e-04 5.138934e-04 4.054109e-04
5.612753e+01 4.875755e-04 5.411131e-04 5.169766e-04 4.046368e-04
5.617953e+01 4.914182e-04 5.503517e-04 5.204735e-04 4.034295e-04
5.623153e+01 4.951284e-04 5.589537e-04 5.246512e-04 4.017803e-04
5.628353e+01 4.984440e-04 5.656487e-04 5.299023e-04 3.997810e-04
5.633553e+01 5.011365e-04 5.693555e-04 5.364845e-04 3.975696e-04
5.638753e+01 5.029475e-04 5.693160e-04 5.443002e-04 3.952263e-04
5.643953e+01 5.035040e-04 5.651081e-04 5.527667e-04 3.926371e-04
5.649153e+01 5.022337e-04 5.565450e-04 5.607875e-04 3.893684e-04
5.654353e+01 4.983091e-04 5.435121e-04 5.668048e-04 3.846106e-04
5.659553e+01 4.906552e-04 5.258156e-04 5.689133e-04 3.772368e-04
