4.697010e+00 0.000000e+00 0.000000e+00 0.000000e+00 0.000000e+00
4.749010e+00 0.000000e+00 0.000000e+00 0.000000e+00 0.000000e+00
4.801010e+00 0.000000e+00 0.000000e+00 0.000000e+00 0.000000e+00
4.853010e+00 0.000000e+00 0.000000e+00 0.000000e+00 0.000000e+00
4.905010e+00 0.000000e+00 0.000000e+00 0.000000e+00 0.000000e+00
4.957010e+00 0.000000e+00 0.000000e+00 0.000000e+00 0.000000e+00
5.009010e+00 0.000000e+00 0.000000e+00 0.000000e+00 0.000000e+00
5.061010e+00 0.000000e+00 0.000000e+00 0.000000e+00 0.000000e+00
5.113010e+00 0.000000e+00 0.000000e+00 0.000000e+00 0.000000e+00
5.165010e+00 0.000000e+00 0.000000e+00 0.000000e+00 0.000000e+00
5.217010e+00 0.000000e+00 0.000000e+00 0.000000e+00 0.000000e+00
5.269010e+00 0.000000e+00 0.000000e+00 0.000000e+00 0.000000e+00
5.321010e+00 0.000000e+00 0.000000e+00 0.000000e+00 0.000000e+00
5.373010e+00 0.000000e+00 0.000000e+00 0.000000e+00 0.000000e+00
5.425010e+00 0.000000e+00 0.000000e+00 0.000000e+00 0.000000e+00
5.477010e+00 0.000000e+00 0.000000e+00 0.000000e+00 0.000000e+00
5.529010e+00 0.000000e+00 0.000000e+00 0.000000e+00 0.000000e+00
5.581010e+00 0.000000e+00 0.000000e+00 0.000000e+00 0.000000e+00
5.633010e+00 0.000000e+00 0.000000e+00 0.000000e+00 0.000000e+00
5.685010e+00 0.000000e+00 0.000000e+00 0.000000e+00 0.000000e+00
5.737010e+00 0.000000e+00 0.000000e+00 0.000000e+00 0.000000e+00
5.789010e+00 0.000000e+00 0.000000e+00 0.000000e+00 0.000000e+00
5.841010e+00 0.000000e+00 0.000000e+00 0.000000e+00 0.000000e+00
5.893010e+00 0.000000e+00 0.000000e+00 0.000000e+00 0.000000e+00
5.945010e+00 0.000000e+00 0.000000e+00 0.000000e+00 0.000000e+00
5.997010e+00 0.000000e+00 0.000000e+00 0.000000e+00 0.000000e+00
6.049010e+00 0.000000e+00 0.000000e+00 0.000000e+00 0.000000e+00
6.101010e+00 0.000000e+00 0.000000e+00 0.000000e+00 0.000000e+00
6.153010e+00 0.000000e+00 0.000000e+00 0.000000e+00 0.000000e+00
6.205010e+00 0.000000e+00 0.000000e+00 0.000000e+00 0.000000e+00
6.257010e+00 0.000000e+00 0.000000e+00 0.000000e+00 0.000000e+00
6.309010e+00 0.000000e+00 0.000000e+00 0.000000e+00 0.000000e+00
6.361010e+00 0.000000e+00 0.000000e+00 0.000000e+00 0.000000e+00
6.413010e+00 0.000000e+00 0.000000e+00 0.000000e+00 0.000000e+00
6.465010e+00 0.000000e+00 0.000000e+00 0.000000e+00 0.000000e+00
6.517010e+00 0.000000e+00 0.000000e+00 0.000000e+00 0.000000e+00
6.569010e+00 0.000000e+00 0.000000e+00 0.000000e+00 0.000000e+00
6.621010e+00 0.000000e+00 0.000000e+00 0.000000e+00 0.000000e+00
6.673010e+00 0.000000e+00 0.000000e+00 0.000000e+00 0.000000e+00
6.725010e+00 0.000000e+00 0.000000e+00 0.000000e+00 0.000000e+00
6.777010e+00 0.000000e+00 0.000000e+00 0.000000e+00 0.000000e+00
6.829010e+00 0.000000e+00 0.000000e+00 0.000000e+00 0.000000e+00
6.881010e+00 0.000000e+00 0.000000e+00 0.000000e+00 0.000000e+00
6.933010e+00 0.000000e+00 0.000000e+00 0.000000e+00 0.000000e+00
6.985010e+00 0.000000e+00 0.000000e+00 0.000000e+00 0.000000e+00
7.037010e+00 0.000000e+00 0.000000e+00 0.000000e+00 0.000000e+00
7.089010e+00 0.000000e+00 0.000000e+00 0.000000e+00 0.000000e+00
7.141010e+00 0.000000e+00 0.000000e+00 0.000000e+00 0.000000e+00
7.193010e+00 0.000000e+00 0.000000e+00 0.000000e+00 0.000000e+00
7.245010e+00 0.000000e+00 0.000000e+00 0.000000e+00 0.000000e+00
7.297010e+00 0.000000e+00 0.000000e+00 0.000000e+00 0.000000e+00
7.349010e+00 0.000000e+00 0.000000e+00 0.000000e+00 0.000000e+00
7.401010e+00 0.000000e+00 0.000000e+00 0.000000e+00 0.000000e+00
7.453010e+00 0.000000e+00 0.000000e+00 0.000000e+00 0.000000e+00
7.505010e+00 0.000000e+00 0.000000e+00 0.000000e+00 0.000000e+00
7.557010e+00 0.000000e+00 0.000000e+00 0.000000e+00 0.000000e+00
7.609010e+00 0.000000e+00 0.000000e+00 0.000000e+00 0.000000e+00
7.661010e+00 0.000000e+00 0.000000e+00 0.000000e+00 0.000000e+00
7.713010e+00 0.000000e+00 0.000000e+00 0.000000e+00 0.000000e+00
7.765010e+00 0.000000e+00 0.000000e+00 0.000000e+00 0.000000e+00
7.817010e+00 0.000000e+00 0.000000e+00 0.000000e+00 0.000000e+00
7.869010e+00 0.000000e+00 0.000000e+00 0.000000e+00 0.000000e+00
7.921010e+00 0.000000e+00 0.000000e+00 0.000000e+00 0.000000e+00
7.973010e+00 0.000000e+00 0.000000e+00 0.000000e+00 0.000000e+00
8.025010e+00 0.000000e+00 0.000000e+00 0.000000e+00 0.000000e+00
8.077010e+00 0.000000e+00 0.000000e+00 0.000000e+00 0.000000e+00
8.129010e+00 0.000000e+00 0.000000e+00 0.000000e+00 0.000000e+00
8.181010e+00 0.000000e+00 0.000000e+00 0.000000e+00 0.000000e+00
8.233010e+00 0.000000e+00 0.000000e+00 0.000000e+00 0.000000e+00
8.285010e+00 0.000000e+00 0.000000e+00 0.000000e+00 0.000000e+00
8.337010e+00 0.000000e+00 0.000000e+00 0.000000e+00 0.000000e+00
8.389010e+00 0.000000e+00 0.000000e+00 0.000000e+00 0.000000e+00
8.441010e+00 0.000000e+00 0.000000e+00 0.000000e+00 0.000000e+00
8.493010e+00 0.000000e+00 0.000000e+00 0.000000e+00 0.000000e+00
8.545010e+00 6.932670e-15 3.758485e-15 1.018315e-14 6.856373e-15
8.597010e+00 3.172944e-14 1.720183e-14 4.660625e-14 3.138025e-14
8.649010e+00 2.138286e-13 1.259760e-13 3.016084e-13 2.139014e-13
8.701010e+00 8.994145e-13 5.334198e-13 1.264407e-12 9.004167e-13
8.753010e+00 3.818208e-12 2.309228e-12 5.313850e-12 3.831546e-12
8.805010e+00 1.437066e-11 8.767246e-12 1.990969e-11 1.443505e-11
8.857010e+00 5.122907e-11 3.156209e-11 7.061120e-11 5.151393e-11
8.909010e+00 1.713850e-10 1.065698e-10 2.350658e-10 1.725193e-10
8.961010e+00 5.402146e-10 3.390300e-10 7.372586e-10 5.443552e-10
9.013010e+00 1.606223e-09 1.017229e-09 2.181382e-09 1.620059e-09
9.065010e+00 4.504943e-09 2.878688e-09 6.088082e-09 4.548058e-09
9.117010e+00 1.192476e-08 7.686871e-09 1.603747e-08 1.204993e-08
9.169010e+00 2.980896e-08 1.937860e-08 3.989953e-08 3.014876e-08
9.221010e+00 7.040603e-08 4.614436e-08 9.380311e-08 7.127064e-08
9.273010e+00 1.572178e-07 1.038443e-07 2.085240e-07 1.592850e-07
9.325010e+00 3.321515e-07 2.210105e-07 4.386366e-07 3.368072e-07
9.377010e+00 6.645025e-07 4.452254e-07 8.738796e-07 6.744025e-07
9.429010e+00 1.260259e-06 8.498599e-07 1.650734e-06 1.280182e-06
9.481010e+00 2.268948e-06 1.539216e-06 2.960638e-06 2.306989e-06
9.533010e+00 3.884541e-06 2.649515e-06 5.050486e-06 3.953622e-06
9.585010e+00 6.337618e-06 4.343522e-06 8.212115e-06 6.457216e-06
9.637010e+00 9.878360e-06 6.798186e-06 1.276066e-05 1.007623e-05
9.689010e+00 1.475304e-05 1.018688e-05 1.900566e-05 1.506657e-05
9.741010e+00 2.117838e-05 1.465934e-05 2.722062e-05 2.165517e-05
9.793010e+00 2.931650e-05 2.032166e-05 3.761424e-05 3.001359e-05
9.845010e+00 3.924833e-05 2.721572e-05 5.029950e-05 4.022978e-05
9.897010e+00 5.093915e-05 3.529481e-05 6.525119e-05 5.227146e-05
9.949010e+00 6.419180e-05 4.439299e-05 8.224528e-05 6.593713e-05
1.000101e+01 7.859395e-05 5.419273e-05 1.007885e-04 8.080058e-05
1.005301e+01 9.348195e-05 6.420552e-05 1.200691e-04 9.617123e-05
1.010501e+01 1.079554e-04 7.378745e-05 1.389753e-04 1.111035e-04
1.015701e+01 1.209742e-04 8.221012e-05 1.562259e-04 1.244865e-04
1.020901e+01 1.315517e-04 8.879494e-05 1.706304e-04 1.352296e-04
1.026101e+01 1.390284e-04 9.310093e-05 1.814530e-04 1.425311e-04
1.031301e+01 1.433824e-04 9.513882e-05 1.888122e-04 1.461964e-04
1.036501e+01 1.455085e-04 9.556905e-05 1.940108e-04 1.469457e-04
1.041701e+01 1.473785e-04 9.582862e-05 1.996714e-04 1.466355e-04
1.046901e+01 1.519932e-04 9.812147e-05 2.095628e-04 1.482953e-04
1.052101e+01 1.630553e-04 1.052117e-04 2.280634e-04 1.558908e-04
1.057301e+01 1.843594e-04 1.199940e-04 2.593200e-04 1.737641e-04
1.062501e+01 2.190008e-04 1.448901e-04 3.063025e-04 2.058097e-04
1.067701e+01 2.686183e-04 1.812210e-04 3.700542e-04 2.545797e-04
1.072901e+01 3.329344e-04 2.287729e-04 4.494132e-04 3.206172e-04
1.078101e+01 4.097934e-04 2.857640e-04 5.413139e-04 4.023022e-04
1.083301e+01 4.957145e-04 3.492864e-04 6.415312e-04 4.963258e-04
1.088501e+01 5.867533e-04 4.160895e-04 7.455442e-04 5.986263e-04
1.093701e+01 6.793283e-04 4.833912e-04 8.492016e-04 7.053923e-04
1.098901e+01 7.707201e-04 5.493850e-04 9.490614e-04 8.137138e-04
1.104101e+01 8.591703e-04 6.132772e-04 1.042533e-03 9.217004e-04
1.109301e+01 9.437592e-04 6.749723e-04 1.128064e-03 1.028242e-03
1.114501e+01 1.024331e-03 7.347199e-04 1.205479e-03 1.132793e-03
1.119701e+01 1.101581e-03 7.929976e-04 1.276303e-03 1.235443e-03
1.124901e+01 1.177143e-03 8.506453e-04 1.343639e-03 1.337144e-03
1.130101e+01 1.253315e-03 9.089815e-04 1.411305e-03 1.439658e-03
1.135301e+01 1.332250e-03 9.695658e-04 1.482329e-03 1.544855e-03
1.140501e+01 1.414804e-03 1.033517e-03 1.557433e-03 1.653462e-03
1.145701e+01 1.499666e-03 1.100686e-03 1.634375e-03 1.763937e-03
1.150901e+01 1.583395e-03 1.169216e-03 1.708694e-03 1.872274e-03
1.156101e+01 1.661556e-03 1.235864e-03 1.775675e-03 1.973130e-03
1.161301e+01 1.730546e-03 1.297042e-03 1.832682e-03 2.061915e-03
1.166501e+01 1.789275e-03 1.350108e-03 1.880774e-03 2.136944e-03
1.171701e+01 1.840019e-03 1.394348e-03 1.924958e-03 2.200751e-03
1.176901e+01 1.888186e-03 1.431370e-03 1.973039e-03 2.260149e-03
1.182101e+01 1.941215e-03 1.464974e-03 2.033566e-03 2.325104e-03
1.187301e+01 2.006994e-03 1.500753e-03 2.113487e-03 2.406741e-03
1.192501e+01 2.092076e-03 1.545509e-03 2.216011e-03 2.514707e-03
1.197701e+01 2.199872e-03 1.606343e-03 2.339131e-03 2.654141e-03
1.202901e+01 2.329072e-03 1.689176e-03 2.475257e-03 2.822784e-03
1.208101e+01 2.472775e-03 1.796805e-03 2.612294e-03 3.009226e-03
1.213301e+01 2.618864e-03 1.927022e-03 2.736093e-03 3.193477e-03
1.218501e+01 2.751963e-03 2.071669e-03 2.833698e-03 3.350523e-03
1.223701e+01 2.856708e-03 2.217372e-03 2.896370e-03 3.456382e-03
1.228901e+01 2.921534e-03 2.348127e-03 2.921543e-03 3.494931e-03
1.234101e+01 2.941890e-03 2.449162e-03 2.913334e-03 3.463175e-03
1.239301e+01 2.921906e-03 2.510916e-03 2.881766e-03 3.373036e-03
1.244501e+01 2.873971e-03 2.531823e-03 2.841086e-03 3.249002e-03
1.249701e+01 2.816283e-03 2.518918e-03 2.807431e-03 3.122499e-03
1.254901e+01 2.768924e-03 2.485982e-03 2.795949e-03 3.024840e-03
1.260101e+01 2.749410e-03 2.449763e-03 2.817628e-03 2.980840e-03
1.265301e+01 2.768839e-03 2.425510e-03 2.876435e-03 3.004574e-03
1.270501e+01 2.829630e-03 2.423278e-03 2.967737e-03 3.097876e-03
1.275701e+01 2.925429e-03 2.446193e-03 3.078835e-03 3.251258e-03
1.280901e+01 3.043099e-03 2.491045e-03 3.191806e-03 3.446445e-03
1.286101e+01 3.166109e-03 2.550665e-03 3.288017e-03 3.659645e-03
1.291301e+01 3.278303e-03 2.616891e-03 3.352993e-03 3.865024e-03
1.296501e+01 3.367148e-03 2.682842e-03 3.380274e-03 4.038327e-03
1.301701e+01 3.425976e-03 2.743822e-03 3.373261e-03 4.160845e-03
1.306901e+01 3.455131e-03 2.796959e-03 3.344770e-03 4.223664e-03
1.312101e+01 3.462115e-03 2.840370e-03 3.314595e-03 4.231379e-03
1.317301e+01 3.460725e-03 2.872732e-03 3.305760e-03 4.203682e-03
1.322501e+01 3.469015e-03 2.893681e-03 3.340243e-03 4.173121e-03
1.327701e+01 3.505975e-03 2.904822e-03 3.434838e-03 4.178264e-03
1.332901e+01 3.587203e-03 2.910629e-03 3.597654e-03 4.253325e-03
1.338101e+01 3.720443e-03 2.918553e-03 3.825639e-03 4.417136e-03
1.343301e+01 3.902243e-03 2.938051e-03 4.103508e-03 4.665170e-03
1.348501e+01 4.116971e-03 2.978774e-03 4.404485e-03 4.967654e-03
1.353701e+01 4.338798e-03 3.048413e-03 4.693141e-03 5.274839e-03
1.358901e+01 4.536362e-03 3.150717e-03 4.930311e-03 5.528058e-03
1.364101e+01 4.678938e-03 3.283949e-03 5.079497e-03 5.673369e-03
1.369301e+01 4.742467e-03 3.439929e-03 5.113585e-03 5.673888e-03
1.374501e+01 4.713903e-03 3.603874e-03 5.020294e-03 5.517540e-03
1.379701e+01 4.592922e-03 3.755362e-03 4.804910e-03 5.218492e-03
1.384901e+01 4.390921e-03 3.870804e-03 4.489464e-03 4.812496e-03
1.390101e+01 4.128044e-03 3.927532e-03 4.108572e-03 4.348029e-03
1.395301e+01 3.829402e-03 3.908967e-03 3.703150e-03 3.876090e-03
1.400501e+01 3.521550e-03 3.809576e-03 3.313687e-03 3.441386e-03
1.405701e+01 3.229728e-03 3.637941e-03 2.974616e-03 3.076626e-03
1.410901e+01 2.975804e-03 3.416486e-03 2.710610e-03 2.800316e-03
1.416101e+01 2.776582e-03 3.177478e-03 2.534923e-03 2.617344e-03
1.421301e+01 2.642309e-03 2.956287e-03 2.449383e-03 2.521259e-03
1.426501e+01 2.575623e-03 2.783951e-03 2.445571e-03 2.497347e-03
1.431701e+01 2.571339e-03 2.681232e-03 2.506821e-03 2.525964e-03
1.436901e+01 2.617417e-03 2.655597e-03 2.610840e-03 2.585815e-03
1.442101e+01 2.696995e-03 2.701315e-03 2.732774e-03 2.656896e-03
1.447301e+01 2.791064e-03 2.801910e-03 2.848532e-03 2.722750e-03
1.452501e+01 2.881216e-03 2.933821e-03 2.938026e-03 2.771802e-03
1.457701e+01 2.952034e-03 3.070453e-03 2.987883e-03 2.797765e-03
1.462901e+01 2.992894e-03 3.186199e-03 2.993117e-03 2.799366e-03
1.468101e+01 2.999116e-03 3.260267e-03 2.957338e-03 2.779744e-03
1.473301e+01 2.972393e-03 3.279953e-03 2.891432e-03 2.745793e-03
1.478501e+01 2.920462e-03 3.242780e-03 2.811050e-03 2.707556e-03
1.483701e+01 2.855984e-03 3.156834e-03 2.733582e-03 2.677536e-03
1.488901e+01 2.794720e-03 3.039059e-03 2.675369e-03 2.669732e-03
1.494101e+01 2.753225e-03 2.911907e-03 2.649640e-03 2.698126e-03
1.499301e+01 2.746394e-03 2.799342e-03 2.665273e-03 2.774566e-03
1.504501e+01 2.785204e-03 2.723266e-03 2.726174e-03 2.906171e-03
1.509701e+01 2.874952e-03 2.701089e-03 2.830984e-03 3.092782e-03
1.514901e+01 3.014197e-03 2.744470e-03 2.972974e-03 3.325147e-03
1.520101e+01 3.194526e-03 2.858760e-03 3.140250e-03 3.584567e-03
1.525301e+01 3.401156e-03 3.042570e-03 3.316487e-03 3.844409e-03
1.530501e+01 3.614327e-03 3.287174e-03 3.482367e-03 4.073441e-03
1.535701e+01 3.811363e-03 3.575965e-03 3.617668e-03 4.240456e-03
1.540901e+01 3.969243e-03 3.884592e-03 3.703789e-03 4.319350e-03
1.546101e+01 4.067519e-03 4.182496e-03 3.726362e-03 4.293698e-03
1.551301e+01 4.091297e-03 4.436326e-03 3.677625e-03 4.159942e-03
1.556501e+01 4.033878e-03 4.615027e-03 3.558167e-03 3.928438e-03
1.561701e+01 3.898408e-03 4.695675e-03 3.377579e-03 3.621971e-03
1.566901e+01 3.697909e-03 4.668404e-03 3.153540e-03 3.271784e-03
1.572101e+01 3.453253e-03 4.538740e-03 2.909138e-03 2.911882e-03
1.577301e+01 3.189280e-03 4.326223e-03 2.668745e-03 2.572871e-03
1.582501e+01 2.929959e-03 4.059501e-03 2.453446e-03 2.276929e-03
1.587701e+01 2.693965e-03 3.769421e-03 2.277314e-03 2.035160e-03
1.592901e+01 2.491971e-03 3.482430e-03 2.145631e-03 1.847853e-03
1.598101e+01 2.326335e-03 3.216344e-03 2.055432e-03 1.707231e-03
1.603301e+01 2.192915e-03 2.979394e-03 1.997872e-03 1.601480e-03
1.608501e+01 2.084006e-03 2.772027e-03 1.961350e-03 1.518642e-03
1.613701e+01 1.991178e-03 2.590017e-03 1.934275e-03 1.449243e-03
1.618901e+01 1.907139e-03 2.427357e-03 1.906825e-03 1.387233e-03
1.624101e+01 1.826433e-03 2.278125e-03 1.871664e-03 1.329511e-03
1.629301e+01 1.745344e-03 2.137302e-03 1.823979e-03 1.274751e-03
1.634501e+01 1.661559e-03 2.001071e-03 1.761334e-03 1.222272e-03
1.639701e+01 1.574004e-03 1.867044e-03 1.683565e-03 1.171402e-03
1.644901e+01 1.482871e-03 1.734539e-03 1.592679e-03 1.121395e-03
1.650101e+01 1.389633e-03 1.604683e-03 1.492546e-03 1.071672e-03
1.655301e+01 1.296790e-03 1.480065e-03 1.388219e-03 1.022085e-03
1.660501e+01 1.207285e-03 1.363903e-03 1.284955e-03 9.729965e-04
1.665701e+01 1.123760e-03 1.258965e-03 1.187175e-03 9.251405e-04
1.670901e+01 1.047927e-03 1.166684e-03 1.097715e-03 8.793827e-04
1.676101e+01 9.802893e-04 1.086804e-03 1.017567e-03 8.364974e-04
1.681301e+01 9.202834e-04 1.017651e-03 9.461414e-04 7.970583e-04
1.686501e+01 8.667221e-04 9.568451e-04 8.818831e-04 7.614381e-04
1.691701e+01 8.183151e-04 9.020905e-04 8.229903e-04 7.298645e-04
1.696901e+01 7.740731e-04 8.517283e-04 7.680250e-04 7.024662e-04
1.702101e+01 7.334883e-04 8.049067e-04 7.162849e-04 6.792733e-04
1.707301e+01 6.965017e-04 7.614202e-04 6.679033e-04 6.601817e-04
1.712501e+01 6.633385e-04 7.214018e-04 6.237043e-04 6.449094e-04
1.717701e+01 6.343068e-04 6.850615e-04 5.848811e-04 6.329779e-04
1.722901e+01 6.096322e-04 6.525723e-04 5.525908e-04 6.237334e-04
1.728101e+01 5.893610e-04 6.240966e-04 5.275765e-04 6.164099e-04
1.733301e+01 5.733403e-04 5.998643e-04 5.099306e-04 6.102260e-04
1.738501e+01 5.612630e-04 5.802081e-04 4.990791e-04 6.045017e-04
1.743701e+01 5.527607e-04 5.655062e-04 4.940008e-04 5.987750e-04
1.748901e+01 5.475171e-04 5.560543e-04 4.936028e-04 5.928943e-04
1.754101e+01 5.453699e-04 5.519447e-04 4.971047e-04 5.870605e-04
1.759301e+01 5.463633e-04 5.530262e-04 5.042618e-04 5.818020e-04
1.764501e+01 5.507183e-04 5.589734e-04 5.153099e-04 5.778716e-04
1.769701e+01 5.586986e-04 5.694094e-04 5.306194e-04 5.760672e-04
1.774901e+01 5.703797e-04 5.839764e-04 5.501710e-04 5.769916e-04
1.780101e+01 5.853736e-04 6.022632e-04 5.730555e-04 5.808021e-04
1.785301e+01 6.026171e-04 6.235946e-04 5.972227e-04 5.870339e-04
1.790501e+01 6.203523e-04 6.468046e-04 6.196474e-04 5.946051e-04
1.795701e+01 6.364012e-04 6.701798e-04 6.369484e-04 6.020754e-04
1.800901e+01 6.487177e-04 6.916977e-04 6.463225e-04 6.081330e-04
1.806101e+01 6.560586e-04 7.095259e-04 6.464984e-04 6.121516e-04
1.811301e+01 6.584959e-04 7.225701e-04 6.383454e-04 6.145723e-04
1.816501e+01 6.575081e-04 7.307858e-04 6.248471e-04 6.168912e-04
1.821701e+01 6.555382e-04 7.350656e-04 6.103661e-04 6.211828e-04
1.826901e+01 6.551504e-04 7.367288e-04 5.994119e-04 6.293105e-04
1.832101e+01 6.581186e-04 7.368655e-04 5.953485e-04 6.421419e-04
1.837301e+01 6.648345e-04 7.358692e-04 5.995202e-04 6.591142e-04
1.842501e+01 6.742886e-04 7.334028e-04 6.111101e-04 6.783529e-04
1.847701e+01 6.846180e-04 7.288167e-04 6.277394e-04 6.972980e-04
1.852901e+01 6.939639e-04 7.218115e-04 6.465100e-04 7.135700e-04
1.858101e+01 7.012509e-04 7.130180e-04 6.650334e-04 7.257013e-04
1.863301e+01 7.065559e-04 7.041984e-04 6.820346e-04 7.334346e-04
1.868501e+01 7.109227e-04 6.979322e-04 6.973459e-04 7.374900e-04
1.873701e+01 7.157301e-04 6.968557e-04 7.113869e-04 7.389478e-04
1.878901e+01 7.219041e-04 7.027085e-04 7.244471e-04 7.385568e-04
1.884101e+01 7.293298e-04 7.155441e-04 7.361398e-04 7.363056e-04
1.889301e+01 7.367291e-04 7.334325e-04 7.452895e-04 7.314654e-04
1.894501e+01 7.420712e-04 7.528295e-04 7.502909e-04 7.230931e-04
1.899701e+01 7.433530e-04 7.695331e-04 7.497629e-04 7.107629e-04
1.904901e+01 7.394125e-04 7.798903e-04 7.431804e-04 6.951669e-04
1.910101e+01 7.304087e-04 7.817868e-04 7.311800e-04 6.782592e-04
1.915301e+01 7.177374e-04 7.750313e-04 7.153798e-04 6.628010e-04
1.920501e+01 7.034107e-04 7.610112e-04 6.977819e-04 6.514389e-04
1.925701e+01 6.891875e-04 7.418409e-04 6.800328e-04 6.456886e-04
1.930901e+01 6.758768e-04 7.194453e-04 6.629107e-04 6.452744e-04
1.936101e+01 6.631650e-04 6.950275e-04 6.463156e-04 6.481519e-04
1.941301e+01 6.500669e-04 6.691418e-04 6.298094e-04 6.512496e-04
1.946501e+01 6.358006e-04 6.422758e-04 6.134761e-04 6.516499e-04
1.951701e+01 6.206749e-04 6.155925e-04 5.986945e-04 6.477378e-04
1.956901e+01 6.065738e-04 5.914284e-04 5.884222e-04 6.398710e-04
1.962101e+01 5.967993e-04 5.732770e-04 5.867781e-04 6.303428e-04
1.967301e+01 5.953105e-04 5.652299e-04 5.979924e-04 6.227093e-04
1.972501e+01 6.056301e-04 5.710597e-04 6.250511e-04 6.207795e-04
1.977701e+01 6.297869e-04 5.932306e-04 6.684941e-04 6.276361e-04
1.982901e+01 6.676223e-04 6.321078e-04 7.257944e-04 6.449647e-04
1.988101e+01 7.166421e-04 6.855493e-04 7.915765e-04 6.728004e-04
1.993301e+01 7.724392e-04 7.489851e-04 8.586709e-04 7.096617e-04
1.998501e+01 8.295822e-04 8.160222e-04 9.197476e-04 7.529768e-04
2.003701e+01 8.827691e-04 8.795356e-04 9.690713e-04 7.997003e-04
2.008901e+01 9.279871e-04 9.330861e-04 1.003864e-03 8.470109e-04
2.014101e+01 9.633831e-04 9.723498e-04 1.024856e-03 8.929433e-04
2.019301e+01 9.895805e-04 9.961401e-04 1.035843e-03 9.367587e-04
2.024501e+01 1.009294e-03 1.006634e-03 1.042376e-03 9.788728e-04
2.029701e+01 1.026306e-03 1.008629e-03 1.050008e-03 1.020282e-03
2.034901e+01 1.044100e-03 1.008001e-03 1.062643e-03 1.061656e-03
2.040101e+01 1.064634e-03 1.009860e-03 1.081567e-03 1.102475e-03
2.045301e+01 1.087730e-03 1.017069e-03 1.105454e-03 1.140665e-03
2.050501e+01 1.111337e-03 1.029678e-03 1.131316e-03 1.173018e-03
2.055701e+01 1.132589e-03 1.045456e-03 1.156007e-03 1.196303e-03
2.060901e+01 1.149177e-03 1.061256e-03 1.177642e-03 1.208634e-03
2.066101e+01 1.160471e-03 1.074592e-03 1.196381e-03 1.210439e-03
2.071301e+01 1.167874e-03 1.084731e-03 1.214303e-03 1.204588e-03
2.076501e+01 1.174309e-03 1.092879e-03 1.234472e-03 1.195576e-03
2.081701e+01 1.183078e-03 1.101480e-03 1.259639e-03 1.188116e-03
2.086901e+01 1.196589e-03 1.113010e-03 1.291066e-03 1.185691e-03
2.092101e+01 1.215440e-03 1.128851e-03 1.327886e-03 1.189582e-03
2.097301e+01 1.238159e-03 1.148674e-03 1.367139e-03 1.198664e-03
2.102501e+01 1.261644e-03 1.170524e-03 1.404459e-03 1.209948e-03
2.107701e+01 1.282109e-03 1.191491e-03 1.435177e-03 1.219658e-03
2.112901e+01 1.296236e-03 1.208691e-03 1.455551e-03 1.224466e-03
2.118101e+01 1.302180e-03 1.220250e-03 1.463798e-03 1.222493e-03
2.123301e+01 1.300128e-03 1.225987e-03 1.460632e-03 1.213765e-03
2.128501e+01 1.292248e-03 1.227617e-03 1.449153e-03 1.199973e-03
2.133701e+01 1.282038e-03 1.228370e-03 1.434086e-03 1.183658e-03
2.138901e+01 1.273303e-03 1.232128e-03 1.420604e-03 1.167178e-03
2.144101e+01 1.269108e-03 1.242336e-03 1.413098e-03 1.151889e-03
2.149301e+01 1.271113e-03 1.261064e-03 1.414354e-03 1.137921e-03
2.154501e+01 1.279537e-03 1.288567e-03 1.425418e-03 1.124625e-03
2.159701e+01 1.293741e-03 1.323552e-03 1.446186e-03 1.111485e-03
2.164901e+01 1.313132e-03 1.364031e-03 1.476350e-03 1.099016e-03
2.170101e+01 1.337938e-03 1.408426e-03 1.516147e-03 1.089241e-03
2.175301e+01 1.369441e-03 1.456444e-03 1.566406e-03 1.085474e-03
2.180501e+01 1.409568e-03 1.509361e-03 1.627808e-03 1.091534e-03
2.185701e+01 1.460027e-03 1.569604e-03 1.699745e-03 1.110731e-03
2.190901e+01 1.521454e-03 1.639837e-03 1.779466e-03 1.145060e-03
2.196101e+01 1.592970e-03 1.721955e-03 1.862054e-03 1.194900e-03
2.201301e+01 1.672322e-03 1.816362e-03 1.941341e-03 1.259264e-03
2.206501e+01 1.756469e-03 1.921722e-03 2.011337e-03 1.336346e-03
2.211701e+01 1.842215e-03 2.035085e-03 2.067524e-03 1.424036e-03
2.216901e+01 1.926576e-03 2.152138e-03 2.107520e-03 1.520070e-03
2.222101e+01 2.006715e-03 2.267396e-03 2.130994e-03 1.621756e-03
2.227301e+01 2.079609e-03 2.374318e-03 2.139063e-03 1.725446e-03
2.232501e+01 2.141750e-03 2.465575e-03 2.133532e-03 1.826144e-03
2.237701e+01 2.189190e-03 2.533716e-03 2.116248e-03 1.917605e-03
2.242901e+01 2.218020e-03 2.572280e-03 2.088698e-03 1.993082e-03
2.248101e+01 2.225142e-03 2.577092e-03 2.051819e-03 2.046515e-03
2.253301e+01 2.209015e-03 2.547285e-03 2.006020e-03 2.073740e-03
2.258501e+01 2.170077e-03 2.485607e-03 1.951375e-03 2.073248e-03
2.263701e+01 2.110709e-03 2.397873e-03 1.887990e-03 2.046264e-03
2.268901e+01 2.034811e-03 2.291771e-03 1.816458e-03 1.996204e-03
2.274101e+01 1.947181e-03 2.175461e-03 1.738256e-03 1.927825e-03
2.279301e+01 1.852907e-03 2.056385e-03 1.655942e-03 1.846393e-03
2.284501e+01 1.756856e-03 1.940507e-03 1.573003e-03 1.757058e-03
2.289701e+01 1.663274e-03 1.832011e-03 1.493379e-03 1.664433e-03
2.294901e+01 1.575463e-03 1.733322e-03 1.420774e-03 1.572293e-03
2.300101e+01 1.495534e-03 1.645298e-03 1.357960e-03 1.483346e-03
2.305301e+01 1.424303e-03 1.567527e-03 1.306272e-03 1.399111e-03
2.310501e+01 1.361369e-03 1.498663e-03 1.265432e-03 1.320013e-03
2.315701e+01 1.305399e-03 1.436793e-03 1.233698e-03 1.245707e-03
2.320901e+01 1.254558e-03 1.379815e-03 1.208285e-03 1.175573e-03
2.326101e+01 1.206970e-03 1.325792e-03 1.185929e-03 1.109188e-03
2.331301e+01 1.161100e-03 1.273224e-03 1.163473e-03 1.046602e-03
2.336501e+01 1.115968e-03 1.221209e-03 1.138367e-03 9.883286e-04
2.341701e+01 1.071183e-03 1.169458e-03 1.109002e-03 9.350882e-04
2.346901e+01 1.026818e-03 1.118185e-03 1.074815e-03 8.874547e-04
2.352101e+01 9.832285e-04 1.067911e-03 1.036207e-03 8.455671e-04
2.357301e+01 9.408618e-04 1.019262e-03 9.942978e-04 8.090256e-04
2.362501e+01 9.001463e-04 9.727971e-04 9.506408e-04 7.770009e-04
2.367701e+01 8.614599e-04 9.289163e-04 9.069606e-04 7.485028e-04
2.372901e+01 8.251657e-04 8.878450e-04 8.649483e-04 7.227037e-04
2.378101e+01 7.916655e-04 8.496875e-04 8.261104e-04 6.991987e-04
2.383301e+01 7.614241e-04 8.145203e-04 7.916459e-04 6.781062e-04
2.388501e+01 7.349275e-04 7.824825e-04 7.623354e-04 6.599646e-04
2.393701e+01 7.125699e-04 7.538160e-04 7.384511e-04 6.454426e-04
2.398901e+01 6.944907e-04 7.288141e-04 7.197073e-04 6.349507e-04
2.404101e+01 6.804103e-04 7.076762e-04 7.052707e-04 6.282840e-04
2.409301e+01 6.695276e-04 6.903088e-04 6.938400e-04 6.244340e-04
2.414501e+01 6.605358e-04 6.761566e-04 6.837927e-04 6.216581e-04
2.419701e+01 6.517889e-04 6.641519e-04 6.733985e-04 6.178163e-04
2.424901e+01 6.416029e-04 6.528425e-04 6.610844e-04 6.108818e-04
2.430101e+01 6.286290e-04 6.406923e-04 6.457244e-04 5.994702e-04
2.435301e+01 6.122030e-04 6.264850e-04 6.269008e-04 5.832231e-04
2.440501e+01 5.925772e-04 6.097209e-04 6.050700e-04 5.629405e-04
2.445701e+01 5.709707e-04 5.908866e-04 5.815777e-04 5.404479e-04
2.450901e+01 5.494225e-04 5.715074e-04 5.584965e-04 5.182638e-04
2.456101e+01 5.304700e-04 5.539374e-04 5.383040e-04 4.991684e-04
2.461301e+01 5.167085e-04 5.409040e-04 5.234595e-04 4.857620e-04
2.466501e+01 5.103068e-04 5.348862e-04 5.159587e-04 4.800757e-04
2.471701e+01 5.125724e-04 5.374768e-04 5.169619e-04 4.832786e-04
2.476901e+01 5.236690e-04 5.489117e-04 5.265737e-04 4.955216e-04
2.482101e+01 5.425703e-04 5.679345e-04 5.438271e-04 5.159493e-04
2.487301e+01 5.672776e-04 5.920785e-04 5.668676e-04 5.428866e-04
2.492501e+01 5.952428e-04 6.182997e-04 5.932754e-04 5.741533e-04
2.497701e+01 6.238721e-04 6.437653e-04 6.204294e-04 6.074216e-04
2.502901e+01 6.509542e-04 6.665288e-04 6.458204e-04 6.405133e-04
2.508101e+01 6.749027e-04 6.858664e-04 6.672751e-04 6.715666e-04
2.513301e+01 6.947789e-04 7.021759e-04 6.831062e-04 6.990547e-04
2.518501e+01 7.101447e-04 7.165006e-04 6.922288e-04 7.217046e-04
2.523701e+01 7.208397e-04 7.298614e-04 6.942572e-04 7.384005e-04
2.528901e+01 7.267770e-04 7.426305e-04 6.895447e-04 7.481558e-04
2.534101e+01 7.278185e-04 7.541479e-04 6.791059e-04 7.502016e-04
2.539301e+01 7.237584e-04 7.627070e-04 6.643948e-04 7.441733e-04
2.544501e+01 7.144151e-04 7.659320e-04 6.469878e-04 7.303255e-04
2.549701e+01 6.998145e-04 7.614689e-04 6.282945e-04 7.096802e-04
2.554901e+01 6.804247e-04 7.478153e-04 6.094210e-04 6.840379e-04
2.560101e+01 6.573738e-04 7.250483e-04 5.912391e-04 6.558341e-04
2.565301e+01 6.325624e-04 6.952095e-04 5.745967e-04 6.278810e-04
2.570501e+01 6.085909e-04 6.621872e-04 5.605225e-04 6.030629e-04
2.575701e+01 5.884750e-04 6.310904e-04 5.502808e-04 5.840537e-04
2.580901e+01 5.751996e-04 6.072823e-04 5.452210e-04 5.730954e-04
2.586101e+01 5.712285e-04 5.953484e-04 5.464960e-04 5.718410e-04
2.591301e+01 5.781048e-04 5.982766e-04 5.547947e-04 5.812430e-04
2.596501e+01 5.962377e-04 6.170256e-04 5.702248e-04 6.014627e-04
2.601701e+01 6.249006e-04 6.505180e-04 5.923854e-04 6.317984e-04
2.606901e+01 6.624012e-04 6.959837e-04 6.205622e-04 6.706578e-04
2.612101e+01 7.063559e-04 7.495295e-04 6.539209e-04 7.156174e-04
2.617301e+01 7.540033e-04 8.068103e-04 6.915916e-04 7.636081e-04
2.622501e+01 8.025081e-04 8.636850e-04 7.326165e-04 8.112227e-04
2.627701e+01 8.492157e-04 9.167456e-04 7.758069e-04 8.550945e-04
2.632901e+01 8.918266e-04 9.636165e-04 8.196022e-04 8.922610e-04
2.638101e+01 9.284740e-04 1.002969e-03 8.620203e-04 9.204326e-04
2.643301e+01 9.577259e-04 1.034287e-03 9.007560e-04 9.381352e-04
2.648501e+01 9.785654e-04 1.057510e-03 9.334392e-04 9.447472e-04
2.653701e+01 9.904153e-04 1.072742e-03 9.580174e-04 9.404867e-04
2.658901e+01 9.932360e-04 1.080143e-03 9.731807e-04 9.263847e-04
2.664101e+01 9.876653e-04 1.080026e-03 9.787233e-04 9.042469e-04
2.669301e+01 9.751141e-04 1.073045e-03 9.757320e-04 8.765657e-04
2.674501e+01 9.577297e-04 1.060312e-03 9.665297e-04 8.463470e-04
2.679701e+01 9.381793e-04 1.043334e-03 9.543647e-04 8.168390e-04
2.684901e+01 9.192852e-04 1.023765e-03 9.429033e-04 7.911871e-04
2.690101e+01 9.035947e-04 1.003102e-03 9.356281e-04 7.720545e-04
2.695301e+01 8.929911e-04 9.824505e-04 9.352621e-04 7.612607e-04
2.700501e+01 8.884271e-04 9.624639e-04 9.433278e-04 7.594898e-04
2.705701e+01 8.898322e-04 9.434409e-04 9.599295e-04 7.661262e-04
2.710901e+01 8.962038e-04 9.255213e-04 9.838142e-04 7.792759e-04
2.716101e+01 9.058679e-04 9.088833e-04 1.012711e-03 7.960093e-04
2.721301e+01 9.168652e-04 8.938905e-04 1.043879e-03 8.128265e-04
2.726501e+01 9.273924e-04 8.811676e-04 1.074717e-03 8.262926e-04
2.731701e+01 9.362007e-04 8.715959e-04 1.103263e-03 8.337434e-04
2.736901e+01 9.428447e-04 8.662018e-04 1.128417e-03 8.339148e-04
2.742101e+01 9.476942e-04 8.659046e-04 1.149859e-03 8.273195e-04
2.747301e+01 9.516812e-04 8.711394e-04 1.167697e-03 8.162074e-04
2.752501e+01 9.558474e-04 8.814690e-04 1.182044e-03 8.040291e-04
2.757701e+01 9.608453e-04 8.953876e-04 1.192667e-03 7.944808e-04
2.762901e+01 9.665913e-04 9.105163e-04 1.198865e-03 7.903930e-04
2.768101e+01 9.722257e-04 9.242429e-04 1.199594e-03 7.928406e-04
2.773301e+01 9.764198e-04 9.346267e-04 1.193816e-03 8.008166e-04
2.778501e+01 9.779165e-04 9.412028e-04 1.180933e-03 8.116134e-04
2.783701e+01 9.760855e-04 9.453051e-04 1.161178e-03 8.217734e-04
2.788901e+01 9.712528e-04 9.497141e-04 1.135801e-03 8.282433e-04
2.794101e+01 9.646644e-04 9.577344e-04 1.106966e-03 8.292929e-04
2.799301e+01 9.580924e-04 9.720508e-04 1.077340e-03 8.248867e-04
2.804501e+01 9.532459e-04 9.937900e-04 1.049509e-03 8.164385e-04
2.809701e+01 9.512237e-04 1.022109e-03 1.025432e-03 8.061306e-04
2.814901e+01 9.522221e-04 1.054418e-03 1.006121e-03 7.961270e-04
2.820101e+01 9.556058e-04 1.087145e-03 9.916742e-04 7.879983e-04
2.825301e+01 9.603079e-04 1.116791e-03 9.815871e-04 7.825457e-04
2.830501e+01 9.654010e-04 1.141001e-03 9.751922e-04 7.800098e-04
2.835701e+01 9.706174e-04 1.159347e-03 9.720240e-04 7.804815e-04
2.840901e+01 9.766065e-04 1.173597e-03 9.719693e-04 7.842535e-04
2.846101e+01 9.848089e-04 1.187354e-03 9.751778e-04 7.918949e-04
2.851301e+01 9.969725e-04 1.205115e-03 9.818111e-04 8.039914e-04
2.856501e+01 1.014486e-03 1.230998e-03 9.917759e-04 8.206844e-04
2.861701e+01 1.037803e-03 1.267550e-03 1.004582e-03 8.412763e-04
2.866901e+01 1.066203e-03 1.315047e-03 1.019405e-03 8.641578e-04
2.872101e+01 1.098013e-03 1.371556e-03 1.035321e-03 8.871616e-04
2.877301e+01 1.131203e-03 1.433753e-03 1.051621e-03 9.082350e-04
2.882501e+01 1.164131e-03 1.498166e-03 1.068056e-03 9.261698e-04
2.887701e+01 1.196136e-03 1.562363e-03 1.084939e-03 9.411048e-04
2.892901e+01 1.227767e-03 1.625592e-03 1.103084e-03 9.546245e-04
2.898101e+01 1.260568e-03 1.688650e-03 1.123626e-03 9.694287e-04
2.903301e+01 1.296508e-03 1.753038e-03 1.147805e-03 9.886819e-04
2.908501e+01 1.337250e-03 1.819772e-03 1.176769e-03 1.015211e-03
2.913701e+01 1.383511e-03 1.888359e-03 1.211430e-03 1.050743e-03
2.918901e+01 1.434708e-03 1.956370e-03 1.252376e-03 1.095380e-03
2.924101e+01 1.489029e-03 2.019809e-03 1.299830e-03 1.147448e-03
2.929301e+01 1.543875e-03 2.074171e-03 1.353630e-03 1.203826e-03
2.934501e+01 1.596542e-03 2.115802e-03 1.413171e-03 1.260654e-03
2.939701e+01 1.644862e-03 2.143055e-03 1.477305e-03 1.314225e-03
2.944901e+01 1.687558e-03 2.156768e-03 1.544189e-03 1.361715e-03
2.950101e+01 1.724185e-03 2.159876e-03 1.611185e-03 1.401495e-03
2.955301e+01 1.754706e-03 2.156260e-03 1.674907e-03 1.432950e-03
2.960501e+01 1.778935e-03 2.149303e-03 1.731544e-03 1.455957e-03
2.965701e+01 1.796164e-03 2.140731e-03 1.777431e-03 1.470332e-03
2.970901e+01 1.805168e-03 2.130195e-03 1.809768e-03 1.475542e-03
2.976101e+01 1.804594e-03 2.115736e-03 1.827234e-03 1.470811e-03
2.981301e+01 1.793549e-03 2.094855e-03 1.830281e-03 1.455512e-03
2.986501e+01 1.772102e-03 2.065707e-03 1.820965e-03 1.429635e-03
2.991701e+01 1.741449e-03 2.027909e-03 1.802343e-03 1.394093e-03
2.996901e+01 1.703711e-03 1.982755e-03 1.777630e-03 1.350748e-03
3.002101e+01 1.661482e-03 1.932885e-03 1.749397e-03 1.302165e-03
3.007301e+01 1.617333e-03 1.881702e-03 1.719092e-03 1.251205e-03
3.012501e+01 1.573465e-03 1.832782e-03 1.687017e-03 1.200596e-03
3.017701e+01 1.531584e-03 1.789420e-03 1.652758e-03 1.152575e-03
3.022901e+01 1.492946e-03 1.754291e-03 1.615861e-03 1.108688e-03
3.028101e+01 1.458450e-03 1.729144e-03 1.576448e-03 1.069759e-03
3.033301e+01 1.428684e-03 1.714491e-03 1.535539e-03 1.036021e-03
3.038501e+01 1.403874e-03 1.709352e-03 1.494941e-03 1.007331e-03
3.043701e+01 1.383797e-03 1.711197e-03 1.456801e-03 9.833933e-04
3.048901e+01 1.367736e-03 1.716248e-03 1.423028e-03 9.639329e-04
3.054101e+01 1.354594e-03 1.720179e-03 1.394832e-03 9.487720e-04
3.059301e+01 1.343170e-03 1.719115e-03 1.372560e-03 9.378341e-04
3.064501e+01 1.332520e-03 1.710640e-03 1.355829e-03 9.310919e-04
3.069701e+01 1.322271e-03 1.694465e-03 1.343868e-03 9.284797e-04
3.074901e+01 1.312713e-03 1.672487e-03 1.335865e-03 9.297881e-04
3.080101e+01 1.304632e-03 1.648154e-03 1.331176e-03 9.345652e-04
3.085301e+01 1.298910e-03 1.625350e-03 1.329317e-03 9.420637e-04
3.090501e+01 1.296068e-03 1.607163e-03 1.329772e-03 9.512684e-04
3.095701e+01 1.295901e-03 1.594946e-03 1.331748e-03 9.610085e-04
3.100901e+01 1.297362e-03 1.587930e-03 1.334033e-03 9.701235e-04
3.106101e+01 1.298715e-03 1.583483e-03 1.335032e-03 9.776302e-04
3.111301e+01 1.297897e-03 1.577850e-03 1.332996e-03 9.828454e-04
3.116501e+01 1.292974e-03 1.567128e-03 1.326349e-03 9.854455e-04
3.121701e+01 1.282536e-03 1.548168e-03 1.313973e-03 9.854685e-04
3.126901e+01 1.265939e-03 1.519179e-03 1.295362e-03 9.832754e-04
3.132101e+01 1.243348e-03 1.479921e-03 1.270627e-03 9.794947e-04
3.137301e+01 1.215631e-03 1.431532e-03 1.240394e-03 9.749663e-04
3.142501e+01 1.184167e-03 1.376134e-03 1.205683e-03 9.706850e-04
3.147701e+01 1.150630e-03 1.316364e-03 1.167809e-03 9.677158e-04
3.152901e+01 1.116765e-03 1.254962e-03 1.128291e-03 9.670419e-04
3.158101e+01 1.084161e-03 1.194420e-03 1.088738e-03 9.693247e-04
3.163301e+01 1.054006e-03 1.136702e-03 1.050688e-03 9.746275e-04
3.168501e+01 1.026884e-03 1.083012e-03 1.015420e-03 9.822201e-04
3.173701e+01 1.002692e-03 1.033684e-03 9.837892e-04 9.906033e-04
3.178901e+01 9.807325e-04 9.882493e-04 9.561346e-04 9.978135e-04
3.184101e+01 9.599686e-04 9.457241e-04 9.322531e-04 1.001928e-03
3.189301e+01 9.393573e-04 9.050482e-04 9.114514e-04 1.001572e-03
3.194501e+01 9.181258e-04 8.655222e-04 8.926572e-04 9.961980e-04
3.199701e+01 8.959017e-04 8.270736e-04 8.745939e-04 9.860377e-04
3.204901e+01 8.726777e-04 7.902478e-04 8.560085e-04 9.717768e-04
3.210101e+01 8.486728e-04 7.559456e-04 8.359205e-04 9.541522e-04
3.215301e+01 8.241842e-04 7.250415e-04 8.138288e-04 9.336822e-04
3.220501e+01 7.995057e-04 6.980609e-04 7.898189e-04 9.106374e-04
3.225701e+01 7.749315e-04 6.750505e-04 7.645350e-04 8.852090e-04
3.230901e+01 7.508125e-04 6.556781e-04 7.390259e-04 8.577335e-04
3.236101e+01 7.276069e-04 6.394867e-04 7.145061e-04 8.288277e-04
3.241301e+01 7.058728e-04 6.261626e-04 6.920880e-04 7.993678e-04
3.246501e+01 6.861865e-04 6.156780e-04 6.725390e-04 7.703426e-04
3.251701e+01 6.690061e-04 6.082389e-04 6.561116e-04 7.426678e-04
3.256901e+01 6.545305e-04 6.040635e-04 6.424847e-04 7.170432e-04
3.262101e+01 6.426105e-04 6.031031e-04 6.308388e-04 6.938895e-04
3.267301e+01 6.327534e-04 6.048419e-04 6.200596e-04 6.733586e-04
3.272501e+01 6.242277e-04 6.082750e-04 6.090226e-04 6.553855e-04
3.277701e+01 6.162394e-04 6.120797e-04 5.968813e-04 6.397572e-04
3.282901e+01 6.081207e-04 6.149050e-04 5.832720e-04 6.261851e-04
3.288101e+01 5.994693e-04 6.156605e-04 5.683738e-04 6.143736e-04
3.293301e+01 5.901943e-04 6.136943e-04 5.528140e-04 6.040746e-04
3.298501e+01 5.804607e-04 6.088129e-04 5.374597e-04 5.951096e-04
3.303701e+01 5.705618e-04 6.011671e-04 5.231695e-04 5.873489e-04
3.308901e+01 5.607726e-04 5.910848e-04 5.105798e-04 5.806533e-04
3.314101e+01 5.512383e-04 5.789294e-04 4.999771e-04 5.748085e-04
3.319301e+01 5.419330e-04 5.650328e-04 4.912754e-04 5.694908e-04
3.324501e+01 5.326904e-04 5.496936e-04 4.840844e-04 5.642931e-04
3.329701e+01 5.232860e-04 5.332056e-04 4.778372e-04 5.588151e-04
3.334901e+01 5.135381e-04 5.158818e-04 4.719393e-04 5.527931e-04
3.340101e+01 5.033974e-04 4.980622e-04 4.659013e-04 5.462286e-04
3.345301e+01 4.930060e-04 4.801206e-04 4.594295e-04 5.394678e-04
3.350501e+01 4.827132e-04 4.624813e-04 4.524599e-04 5.331986e-04
3.355701e+01 4.730434e-04 4.456423e-04 4.451380e-04 5.283498e-04
3.360901e+01 4.646207e-04 4.301820e-04 4.377638e-04 5.259163e-04
3.366101e+01 4.580710e-04 4.167264e-04 4.307257e-04 5.267608e-04
3.371301e+01 4.539306e-04 4.058792e-04 4.244493e-04 5.314633e-04
3.376501e+01 4.525912e-04 3.981341e-04 4.193674e-04 5.402723e-04
3.381701e+01 4.542914e-04 3.938039e-04 4.159053e-04 5.531650e-04
3.386901e+01 4.591414e-04 3.929865e-04 4.144649e-04 5.699729e-04
3.392101e+01 4.671509e-04 3.955678e-04 4.153943e-04 5.904906e-04
3.397301e+01 4.782316e-04 4.012507e-04 4.189449e-04 6.144993e-04
3.402501e+01 4.921724e-04 4.095959e-04 4.252349e-04 6.416865e-04
3.407701e+01 5.086030e-04 4.200683e-04 4.342366e-04 6.715041e-04
3.412901e+01 5.269791e-04 4.320868e-04 4.457983e-04 7.030522e-04
3.418101e+01 5.466093e-04 4.450730e-04 4.596837e-04 7.350714e-04
3.423301e+01 5.667289e-04 4.584943e-04 4.756049e-04 7.660874e-04
3.428501e+01 5.866020e-04 4.718962e-04 4.932274e-04 7.946825e-04
3.433701e+01 6.056307e-04 4.849289e-04 5.121493e-04 8.198138e-04
3.438901e+01 6.234433e-04 4.973732e-04 5.318820e-04 8.410748e-04
3.444101e+01 6.399491e-04 5.091661e-04 5.518623e-04 8.588188e-04
3.449301e+01 6.553474e-04 5.204162e-04 5.715085e-04 8.741176e-04
3.454501e+01 6.700940e-04 5.313889e-04 5.903065e-04 8.885866e-04
3.459701e+01 6.848276e-04 5.424496e-04 6.078971e-04 9.041362e-04
3.464901e+01 7.002715e-04 5.539685e-04 6.241441e-04 9.227020e-04
3.470101e+01 7.171244e-04 5.662148e-04 6.391792e-04 9.459792e-04
3.475301e+01 7.359612e-04 5.792776e-04 6.534339e-04 9.751722e-04
3.480501e+01 7.571634e-04 5.930498e-04 6.676557e-04 1.010785e-03
3.485701e+01 7.808903e-04 6.072871e-04 6.828811e-04 1.052503e-03
3.490901e+01 8.070964e-04 6.217302e-04 7.003223e-04 1.099237e-03
3.496101e+01 8.355744e-04 6.362477e-04 7.211493e-04 1.149326e-03
3.501301e+01 8.659961e-04 6.509479e-04 7.461950e-04 1.200845e-03
3.506501e+01 8.979146e-04 6.662061e-04 7.756733e-04 1.251864e-03
3.511701e+01 9.307099e-04 6.825805e-04 8.090156e-04 1.300533e-03
3.516901e+01 9.634936e-04 7.006270e-04 8.449018e-04 1.344952e-03
3.522101e+01 9.950258e-04 7.206709e-04 8.814800e-04 1.382927e-03
3.527301e+01 1.023712e-03 7.426204e-04 9.166968e-04 1.411818e-03
3.532501e+01 1.047730e-03 7.659025e-04 9.486219e-04 1.428666e-03
3.537701e+01 1.065295e-03 7.895487e-04 9.756750e-04 1.430660e-03
3.542901e+01 1.074980e-03 8.123927e-04 9.967185e-04 1.415830e-03
3.548101e+01 1.076013e-03 8.332866e-04 1.011042e-03 1.383711e-03
3.553301e+01 1.068419e-03 8.512501e-04 1.018296e-03 1.335710e-03
3.558501e+01 1.052992e-03 8.655204e-04 1.018435e-03 1.275020e-03
3.563701e+01 1.031124e-03 8.755467e-04 1.011721e-03 1.206106e-03
3.568901e+01 1.004578e-03 8.810014e-04 9.987921e-04 1.133940e-03
3.574101e+01 9.752873e-04 8.818512e-04 9.807832e-04 1.063227e-03
3.579301e+01 9.452259e-04 8.784614e-04 9.594076e-04 9.978087e-04
3.584501e+01 9.163001e-04 8.716483e-04 9.369168e-04 9.403351e-04
3.589701e+01 8.902196e-04 8.626065e-04 9.158527e-04 8.921997e-04
3.594901e+01 8.683173e-04 8.526997e-04 8.985910e-04 8.536613e-04
3.600101e+01 8.513509e-04 8.431840e-04 8.867795e-04 8.240892e-04
3.605301e+01 8.393613e-04 8.349644e-04 8.808527e-04 8.022667e-04
3.610501e+01 8.316590e-04 8.284626e-04 8.798119e-04 7.867025e-04
3.615701e+01 8.269654e-04 8.236126e-04 8.813846e-04 7.758990e-04
3.620901e+01 8.236780e-04 8.199510e-04 8.825458e-04 7.685372e-04
3.626101e+01 8.201930e-04 8.167534e-04 8.802602e-04 7.635653e-04
3.631301e+01 8.152056e-04 8.131849e-04 8.722264e-04 7.602055e-04
3.636501e+01 8.079231e-04 8.084531e-04 8.574020e-04 7.579142e-04
3.641701e+01 7.981458e-04 8.019531e-04 8.361587e-04 7.563257e-04
3.646901e+01 7.862031e-04 7.933754e-04 8.100374e-04 7.551966e-04
3.652101e+01 7.727693e-04 7.827418e-04 7.812064e-04 7.543598e-04
3.657301e+01 7.586175e-04 7.703362e-04 7.518204e-04 7.536960e-04
3.662501e+01 7.443918e-04 7.565442e-04 7.234987e-04 7.531325e-04
3.667701e+01 7.304683e-04 7.416573e-04 6.970753e-04 7.526723e-04
3.672901e+01 7.169373e-04 7.257273e-04 6.726513e-04 7.524335e-04
3.678101e+01 7.036864e-04 7.085377e-04 6.498636e-04 7.526580e-04
3.683301e+01 6.905241e-04 6.897054e-04 6.282190e-04 7.536479e-04
3.688501e+01 6.772747e-04 6.688616e-04 6.073528e-04 7.556096e-04
3.693701e+01 6.638015e-04 6.458289e-04 5.871384e-04 7.584372e-04
3.698901e+01 6.499632e-04 6.207248e-04 5.676505e-04 7.615144e-04
3.704101e+01 6.355519e-04 5.939716e-04 5.490481e-04 7.636361e-04
3.709301e+01 6.202752e-04 5.662403e-04 5.314543e-04 7.631310e-04
3.714501e+01 6.038224e-04 5.383755e-04 5.148941e-04 7.581975e-04
3.719701e+01 5.860031e-04 5.113262e-04 4.993069e-04 7.473762e-04
3.724901e+01 5.668994e-04 4.860764e-04 4.846113e-04 7.300105e-04
3.730101e+01 5.469517e-04 4.635514e-04 4.707718e-04 7.065319e-04
3.735301e+01 5.269225e-04 4.444876e-04 4.578225e-04 6.784573e-04
3.740501e+01 5.077359e-04 4.292904e-04 4.458301e-04 6.480872e-04
3.745701e+01 4.902483e-04 4.179261e-04 4.348158e-04 6.180030e-04
3.750901e+01 4.750386e-04 4.098992e-04 4.246873e-04 5.905293e-04
3.756101e+01 4.622966e-04 4.043370e-04 4.152272e-04 5.673256e-04
3.761301e+01 4.518455e-04 4.001665e-04 4.061603e-04 5.492096e-04
3.766501e+01 4.432760e-04 3.963406e-04 3.972697e-04 5.362178e-04
3.771701e+01 4.361288e-04 3.920547e-04 3.885056e-04 5.278262e-04
3.776901e+01 4.300448e-04 3.868954e-04 3.800270e-04 5.232120e-04
3.782101e+01 4.248299e-04 3.808822e-04 3.721490e-04 5.214584e-04
3.787301e+01 4.204224e-04 3.743858e-04 3.652229e-04 5.216586e-04
3.792501e+01 4.167978e-04 3.679490e-04 3.595046e-04 5.229398e-04
3.797701e+01 4.138686e-04 3.620689e-04 3.550737e-04 5.244633e-04
3.802901e+01 4.114312e-04 3.570139e-04 3.518324e-04 5.254471e-04
3.808101e+01 4.091785e-04 3.527394e-04 3.495681e-04 5.252280e-04
3.813301e+01 4.067699e-04 3.489272e-04 3.480425e-04 5.233401e-04
3.818501e+01 4.039276e-04 3.451317e-04 3.470676e-04 5.195835e-04
3.823701e+01 4.005317e-04 3.409751e-04 3.465539e-04 5.140661e-04
3.828901e+01 3.966900e-04 3.363208e-04 3.465314e-04 5.072178e-04
3.834101e+01 3.927628e-04 3.313616e-04 3.471463e-04 4.997806e-04
3.839301e+01 3.893262e-04 3.265929e-04 3.486224e-04 4.927633e-04
3.844501e+01 3.870688e-04 3.226813e-04 3.511795e-04 4.873456e-04
3.849701e+01 3.866433e-04 3.202801e-04 3.549200e-04 4.847297e-04
3.854901e+01 3.885199e-04 3.198600e-04 3.597352e-04 4.859645e-04
3.860101e+01 3.928968e-04 3.216101e-04 3.652934e-04 4.917868e-04
3.865301e+01 3.997003e-04 3.254361e-04 3.711472e-04 5.025175e-04
3.870501e+01 4.086630e-04 3.310369e-04 3.769298e-04 5.180223e-04
3.875701e+01 4.194274e-04 3.380186e-04 3.825483e-04 5.377154e-04
3.880901e+01 4.316124e-04 3.459954e-04 3.882623e-04 5.605795e-04
3.886101e+01 4.448044e-04 3.546402e-04 3.945822e-04 5.851909e-04
3.891301e+01 4.584870e-04 3.636774e-04 4.020100e-04 6.097735e-04
3.896501e+01 4.719613e-04 3.728341e-04 4.107294e-04 6.323204e-04
3.901701e+01 4.843275e-04 3.817868e-04 4.203795e-04 6.508160e-04
3.906901e+01 4.945701e-04 3.901417e-04 4.300184e-04 6.635503e-04
3.912101e+01 5.017418e-04 3.974679e-04 4.382963e-04 6.694613e-04
3.917301e+01 5.051869e-04 4.033762e-04 4.437840e-04 6.684006e-04
3.922501e+01 5.047242e-04 4.076117e-04 4.453459e-04 6.612148e-04
3.927701e+01 5.007187e-04 4.101203e-04 4.424487e-04 6.495870e-04
3.932901e+01 4.940232e-04 4.110657e-04 4.353308e-04 6.356730e-04
3.938101e+01 4.858169e-04 4.108004e-04 4.250012e-04 6.216492e-04
3.943301e+01 4.774021e-04 4.098109e-04 4.130782e-04 6.093172e-04
3.948501e+01 4.700146e-04 4.086672e-04 4.015008e-04 5.998758e-04
3.953701e+01 4.646794e-04 4.079845e-04 3.921654e-04 5.938883e-04
3.958901e+01 4.621172e-04 4.083905e-04 3.865612e-04 5.914000e-04
3.964101e+01 4.626949e-04 4.104726e-04 3.854873e-04 5.921248e-04
3.969301e+01 4.664150e-04 4.146889e-04 3.889289e-04 5.956272e-04
3.974501e+01 4.729431e-04 4.212440e-04 3.961298e-04 6.014556e-04
3.979701e+01 4.816696e-04 4.299634e-04 4.058363e-04 6.092092e-04
3.984901e+01 4.917957e-04 4.402201e-04 4.166283e-04 6.185387e-04
3.990101e+01 5.024319e-04 4.509718e-04 4.272259e-04 6.290979e-04
3.995301e+01 5.126991e-04 4.609366e-04 4.366842e-04 6.404765e-04
4.000501e+01 5.218273e-04 4.688866e-04 4.444438e-04 6.521516e-04
4.005701e+01 5.292455e-04 4.739786e-04 4.502707e-04 6.634872e-04
4.010901e+01 5.346477e-04 4.760110e-04 4.541512e-04 6.737808e-04
4.016101e+01 5.380127e-04 4.755030e-04 4.562044e-04 6.823305e-04
4.021301e+01 5.395602e-04 4.735528e-04 4.566399e-04 6.884878e-04
4.026501e+01 5.396479e-04 4.715097e-04 4.557501e-04 6.916839e-04
4.031701e+01 5.386401e-04 4.705674e-04 4.539088e-04 6.914440e-04
4.036901e+01 5.367931e-04 4.714088e-04 4.515457e-04 6.874247e-04
4.042101e+01 5.341958e-04 4.740100e-04 4.490867e-04 6.794906e-04
4.047301e+01 5.307777e-04 4.776472e-04 4.468709e-04 6.678151e-04
4.052501e+01 5.263696e-04 4.810884e-04 4.450650e-04 6.529555e-04
4.057701e+01 5.207882e-04 4.829041e-04 4.436099e-04 6.358505e-04
4.062901e+01 5.139200e-04 4.818141e-04 4.422238e-04 6.177222e-04
4.068101e+01 5.057964e-04 4.769965e-04 4.404826e-04 5.999100e-04
4.073301e+01 4.966568e-04 4.682998e-04 4.379688e-04 5.837018e-04
4.078501e+01 4.870008e-04 4.563256e-04 4.344553e-04 5.702214e-04
4.083701e+01 4.776115e-04 4.423704e-04 4.300641e-04 5.604000e-04
4.088901e+01 4.695249e-04 4.282368e-04 4.253358e-04 5.550023e-04
4.094101e+01 4.639237e-04 4.159455e-04 4.211746e-04 5.546509e-04
4.099301e+01 4.619552e-04 4.073921e-04 4.186780e-04 5.597953e-04
4.104501e+01 4.645094e-04 4.040088e-04 4.189086e-04 5.706107e-04
4.109701e+01 4.720155e-04 4.064954e-04 4.226820e-04 5.868691e-04
4.114901e+01 4.843234e-04 4.146827e-04 4.304337e-04 6.078538e-04
4.120101e+01 5.007108e-04 4.275693e-04 4.421824e-04 6.323807e-04
4.125301e+01 5.200167e-04 4.435297e-04 4.575718e-04 6.589486e-04
4.130501e+01 5.408584e-04 4.606497e-04 4.759541e-04 6.859714e-04
4.135701e+01 5.618659e-04 4.771057e-04 4.964853e-04 7.120066e-04
4.140901e+01 5.818693e-04 4.914941e-04 5.182250e-04 7.358889e-04
4.146101e+01 6.000035e-04 5.030353e-04 5.402435e-04 7.567316e-04
4.151301e+01 6.157272e-04 5.116194e-04 5.617339e-04 7.738282e-04
4.156501e+01 6.287832e-04 5.176977e-04 5.821013e-04 7.865505e-04
4.161701e+01 6.391296e-04 5.220627e-04 6.009917e-04 7.943345e-04
4.166901e+01 6.468650e-04 5.255722e-04 6.182354e-04 7.967874e-04
4.172101e+01 6.521541e-04 5.288786e-04 6.337201e-04 7.938635e-04
4.177301e+01 6.551583e-04 5.322245e-04 6.472518e-04 7.859985e-04
4.182501e+01 6.559812e-04 5.353568e-04 6.584775e-04 7.741093e-04
4.187701e+01 6.546490e-04 5.375938e-04 6.669130e-04 7.594402e-04
4.192901e+01 6.511442e-04 5.380431e-04 6.720708e-04 7.433186e-04
4.198101e+01 6.454895e-04 5.359128e-04 6.736277e-04 7.269278e-04
4.203301e+01 6.378504e-04 5.308185e-04 6.715606e-04 7.111722e-04
4.208501e+01 6.286081e-04 5.229738e-04 6.662007e-04 6.966497e-04
4.213701e+01 6.183578e-04 5.131910e-04 6.581944e-04 6.836881e-04
4.218901e+01 6.078264e-04 5.026866e-04 6.483952e-04 6.723975e-04
4.224101e+01 5.977360e-04 4.927610e-04 6.377245e-04 6.627225e-04
4.229301e+01 5.886719e-04 4.844655e-04 6.270380e-04 6.545123e-04
4.234501e+01 5.810068e-04 4.783673e-04 6.170244e-04 6.476286e-04
4.239701e+01 5.749031e-04 4.744803e-04 6.081577e-04 6.420713e-04
4.244901e+01 5.703800e-04 4.723686e-04 6.007055e-04 6.380660e-04
4.250101e+01 5.674004e-04 4.713703e-04 5.947836e-04 6.360474e-04
4.255301e+01 5.659310e-04 4.708525e-04 5.904239e-04 6.365165e-04
4.260501e+01 5.659480e-04 4.704069e-04 5.876177e-04 6.398193e-04
4.265701e+01 5.673919e-04 4.699217e-04 5.863117e-04 6.459423e-04
4.270901e+01 5.701036e-04 4.695232e-04 5.863680e-04 6.544195e-04
4.276101e+01 5.737842e-04 4.694314e-04 5.875298e-04 6.643914e-04
4.281301e+01 5.780107e-04 4.698042e-04 5.894443e-04 6.747836e-04
4.286501e+01 5.823096e-04 4.706384e-04 5.917601e-04 6.845302e-04
4.291701e+01 5.862638e-04 4.717557e-04 5.942706e-04 6.927652e-04
4.296901e+01 5.896120e-04 4.728602e-04 5.970321e-04 6.989436e-04
4.302101e+01 5.923014e-04 4.736296e-04 6.003847e-04 7.028900e-04
4.307301e+01 5.944794e-04 4.738002e-04 6.048487e-04 7.047892e-04
4.312501e+01 5.964290e-04 4.732300e-04 6.109334e-04 7.051237e-04
4.317701e+01 5.984783e-04 4.719343e-04 6.189438e-04 7.045569e-04
4.322901e+01 6.009150e-04 4.700977e-04 6.288709e-04 7.037764e-04
4.328101e+01 6.039335e-04 4.680542e-04 6.404065e-04 7.033399e-04
4.333301e+01 6.076206e-04 4.662266e-04 6.530595e-04 7.035755e-04
4.338501e+01 6.119656e-04 4.650255e-04 6.663017e-04 7.045697e-04
4.343701e+01 6.168718e-04 4.647296e-04 6.796674e-04 7.062185e-04
4.348901e+01 6.221462e-04 4.653861e-04 6.927663e-04 7.082863e-04
4.354101e+01 6.274712e-04 4.667733e-04 7.052236e-04 7.104167e-04
4.359301e+01 6.323814e-04 4.684444e-04 7.166028e-04 7.120968e-04
4.364501e+01 6.362805e-04 4.698359e-04 7.263757e-04 7.126300e-04
4.369701e+01 6.385236e-04 4.704035e-04 7.339770e-04 7.111904e-04
4.374901e+01 6.385538e-04 4.697378e-04 7.389333e-04 7.069904e-04
4.380101e+01 6.360505e-04 4.676294e-04 7.410091e-04 6.995130e-04
4.385301e+01 6.310248e-04 4.640765e-04 7.402908e-04 6.887071e-04
4.390501e+01 6.238141e-04 4.592430e-04 7.371562e-04 6.750430e-04
4.395701e+01 6.149694e-04 4.533908e-04 7.321273e-04 6.593901e-04
4.400901e+01 6.050820e-04 4.468058e-04 7.256728e-04 6.427675e-04
4.406101e+01 5.946259e-04 4.397404e-04 7.180551e-04 6.260821e-04
4.411301e+01 5.838821e-04 4.323887e-04 7.092970e-04 6.099606e-04
4.416501e+01 5.729669e-04 4.248982e-04 6.992791e-04 5.947234e-04
4.421701e+01 5.619285e-04 4.174098e-04 6.879084e-04 5.804674e-04
4.426901e+01 5.508469e-04 4.101013e-04 6.752647e-04 5.671747e-04
4.432101e+01 5.398797e-04 4.032080e-04 6.616552e-04 5.547760e-04
4.437301e+01 5.292409e-04 3.970051e-04 6.475649e-04 5.431528e-04
4.442501e+01 5.191427e-04 3.917559e-04 6.335532e-04 5.321190e-04
4.447701e+01 5.097518e-04 3.876490e-04 6.201631e-04 5.214433e-04
4.452901e+01 5.011918e-04 3.847508e-04 6.078881e-04 5.109364e-04
4.458101e+01 4.935845e-04 3.829921e-04 5.971908e-04 5.005706e-04
4.463301e+01 4.870935e-04 3.821916e-04 5.885282e-04 4.905607e-04
4.468501e+01 4.819296e-04 3.821043e-04 5.823355e-04 4.813491e-04
4.473701e+01 4.783032e-04 3.824750e-04 5.789462e-04 4.734885e-04
4.478901e+01 4.763400e-04 3.830766e-04 5.784691e-04 4.674743e-04
4.484101e+01 4.759972e-04 3.837213e-04 5.806720e-04 4.635984e-04
4.489301e+01 4.770174e-04 3.842492e-04 5.849285e-04 4.618746e-04
4.494501e+01 4.789415e-04 3.845091e-04 5.902692e-04 4.620462e-04
4.499701e+01 4.811855e-04 3.843576e-04 5.955447e-04 4.636542e-04
4.504901e+01 4.831647e-04 3.836894e-04 5.996685e-04 4.661361e-04
4.510101e+01 4.844315e-04 3.824911e-04 6.018704e-04 4.689329e-04
4.515301e+01 4.847829e-04 3.808922e-04 6.018704e-04 4.715862e-04
4.520501e+01 4.842945e-04 3.791793e-04 5.998995e-04 4.738047e-04
4.525701e+01 4.832633e-04 3.777580e-04 5.965491e-04 4.754827e-04
4.530901e+01 4.820786e-04 3.770698e-04 5.925030e-04 4.766629e-04
4.536101e+01 4.810732e-04 3.774912e-04 5.882653e-04 4.774631e-04
4.541301e+01 4.804154e-04 3.792419e-04 5.840010e-04 4.780034e-04
4.546501e+01 4.800806e-04 3.823201e-04 5.795537e-04 4.783680e-04
4.551701e+01 4.799003e-04 3.864695e-04 5.746195e-04 4.786118e-04
4.556901e+01 4.796540e-04 3.911843e-04 5.689851e-04 4.787927e-04
4.562101e+01 4.791553e-04 3.957609e-04 5.627085e-04 4.789964e-04
4.567301e+01 4.783013e-04 3.994081e-04 5.561609e-04 4.793349e-04
4.572501e+01 4.770810e-04 4.014047e-04 5.499161e-04 4.799222e-04
4.577701e+01 4.755569e-04 4.012746e-04 5.445464e-04 4.808498e-04
4.582901e+01 4.738430e-04 3.989212e-04 5.404254e-04 4.821824e-04
4.588101e+01 4.720878e-04 3.946690e-04 5.376231e-04 4.839713e-04
4.593301e+01 4.704656e-04 3.891882e-04 5.359375e-04 4.862711e-04
4.598501e+01 4.691694e-04 3.833255e-04 5.350435e-04 4.891393e-04
4.603701e+01 4.684025e-04 3.779003e-04 5.346932e-04 4.926138e-04
4.608901e+01 4.683677e-04 3.735379e-04 5.348849e-04 4.966805e-04
4.614101e+01 4.692535e-04 3.705880e-04 5.359251e-04 5.012473e-04
4.619301e+01 4.712092e-04 3.691361e-04 5.383542e-04 5.061374e-04
4.624501e+01 4.743096e-04 3.690759e-04 5.427534e-04 5.110995e-04
4.629701e+01 4.785124e-04 3.701980e-04 5.495072e-04 5.158319e-04
4.634901e+01 4.836286e-04 3.722563e-04 5.586149e-04 5.200146e-04
4.640101e+01 4.893269e-04 3.750000e-04 5.696282e-04 5.233523e-04
4.645301e+01 4.951818e-04 3.781785e-04 5.817382e-04 5.256287e-04
4.650501e+01 5.007554e-04 3.815378e-04 5.939660e-04 5.267624e-04
4.655701e+01 5.056808e-04 3.848196e-04 6.053757e-04 5.268471e-04
4.660901e+01 5.097173e-04 3.877671e-04 6.152337e-04 5.261512e-04
4.666101e+01 5.127631e-04 3.901348e-04 6.230832e-04 5.250714e-04
4.671301e+01 5.148361e-04 3.917006e-04 6.287544e-04 5.240532e-04
4.676501e+01 5.160475e-04 3.922822e-04 6.323479e-04 5.235124e-04
4.681701e+01 5.165874e-04 3.917621e-04 6.342104e-04 5.237897e-04
4.686901e+01 5.167183e-04 3.901234e-04 6.348854e-04 5.251462e-04
4.692101e+01 5.167572e-04 3.874847e-04 6.350071e-04 5.277798e-04
4.697301e+01 5.170236e-04 3.841155e-04 6.351280e-04 5.318274e-04
4.702501e+01 5.177549e-04 3.804096e-04 6.355260e-04 5.373291e-04
4.707701e+01 5.190154e-04 3.768087e-04 6.360780e-04 5.441596e-04
4.712901e+01 5.206464e-04 3.736916e-04 6.362826e-04 5.519651e-04
4.718101e+01 5.222928e-04 3.712695e-04 6.354580e-04 5.601510e-04
4.723301e+01 5.235098e-04 3.695328e-04 6.330502e-04 5.679466e-04
4.728501e+01 5.239117e-04 3.682773e-04 6.289198e-04 5.745379e-04
4.733701e+01 5.233018e-04 3.672050e-04 6.234715e-04 5.792288e-04
4.738901e+01 5.217304e-04 3.660583e-04 6.175567e-04 5.815761e-04
4.744101e+01 5.194603e-04 3.647349e-04 6.121812e-04 5.814649e-04
4.749301e+01 5.168640e-04 3.633396e-04 6.081410e-04 5.791115e-04
4.754501e+01 5.143032e-04 3.621597e-04 6.057409e-04 5.750091e-04
4.759701e+01 5.120434e-04 3.615841e-04 6.047096e-04 5.698365e-04
4.764901e+01 5.102316e-04 3.620037e-04 6.043406e-04 5.643506e-04
4.770101e+01 5.089336e-04 3.637313e-04 6.037898e-04 5.592798e-04
4.775301e+01 5.081981e-04 3.669573e-04 6.024024e-04 5.552345e-04
4.780501e+01 5.081057e-04 3.717368e-04 5.999316e-04 5.526488e-04
4.785701e+01 5.087716e-04 3.779901e-04 5.965666e-04 5.517582e-04
4.790901e+01 5.102924e-04 3.854992e-04 5.927751e-04 5.526028e-04
4.796101e+01 5.126641e-04 3.939042e-04 5.890486e-04 5.550394e-04
4.801301e+01 5.157161e-04 4.027153e-04 5.856797e-04 5.587535e-04
4.806501e+01 5.191080e-04 4.113622e-04 5.826772e-04 5.632845e-04
4.811701e+01 5.224093e-04 4.192858e-04 5.798518e-04 5.680904e-04
4.816901e+01 5.252440e-04 4.260508e-04 5.770139e-04 5.726672e-04
4.822101e+01 5.274413e-04 4.314425e-04 5.741749e-04 5.767067e-04
4.827301e+01 5.291271e-04 4.355097e-04 5.716411e-04 5.802304e-04
4.832501e+01 5.307047e-04 4.385371e-04 5.699501e-04 5.836269e-04
4.837701e+01 5.327242e-04 4.409576e-04 5.696714e-04 5.875437e-04
4.842901e+01 5.356828e-04 4.432371e-04 5.711575e-04 5.926539e-04
4.848101e+01 5.398333e-04 4.457672e-04 5.743494e-04 5.993833e-04
4.853301e+01 5.450753e-04 4.487937e-04 5.787162e-04 6.077162e-04
4.858501e+01 5.509713e-04 4.523894e-04 5.833549e-04 6.171694e-04
4.863701e+01 5.568778e-04 4.564676e-04 5.872137e-04 6.269521e-04
4.868901e+01 5.621411e-04 4.608215e-04 5.893616e-04 6.362402e-04
4.874101e+01 5.662833e-04 4.651772e-04 5.892213e-04 6.444514e-04
4.879301e+01 5.691198e-04 4.692497e-04 5.867011e-04 6.514088e-04
4.884501e+01 5.707803e-04 4.727910e-04 5.822036e-04 6.573462e-04
4.889701e+01 5.716393e-04 4.756218e-04 5.765241e-04 6.627719e-04
4.894901e+01 5.721900e-04 4.776390e-04 5.706698e-04 6.682612e-04
4.900101e+01 5.729001e-04 4.788003e-04 5.656450e-04 6.742551e-04
4.905301e+01 5.740929e-04 4.790976e-04 5.622533e-04 6.809279e-04
4.910501e+01 5.758861e-04 4.785396e-04 5.609671e-04 6.881517e-04
4.915701e+01 5.782103e-04 4.771629e-04 5.619066e-04 6.955613e-04
4.920901e+01 5.809020e-04 4.750722e-04 5.649337e-04 7.027002e-04
4.926101e+01 5.838407e-04 4.724908e-04 5.698261e-04 7.092052e-04
4.931301e+01 5.870712e-04 4.697878e-04 5.764543e-04 7.149715e-04
4.936501e+01 5.908548e-04 4.674520e-04 5.848811e-04 7.202314e-04
4.941701e+01 5.956171e-04 4.660097e-04 5.953365e-04 7.255050e-04
4.946901e+01 6.018043e-04 4.659142e-04 6.080765e-04 7.314223e-04
4.952101e+01 6.097078e-04 4.674501e-04 6.231933e-04 7.384801e-04
4.957301e+01 6.193296e-04 4.706933e-04 6.404666e-04 7.468289e-04
4.962501e+01 6.303504e-04 4.755377e-04 6.593295e-04 7.561841e-04
4.967701e+01 6.422132e-04 4.817688e-04 6.789689e-04 7.659020e-04
4.972901e+01 6.542870e-04 4.891497e-04 6.985220e-04 7.751893e-04
4.978101e+01 6.660411e-04 4.974839e-04 7.172870e-04 7.833524e-04
4.983301e+01 6.771616e-04 5.066403e-04 7.348598e-04 7.899846e-04
4.988501e+01 6.875679e-04 5.165395e-04 7.511447e-04 7.950194e-04
4.993701e+01 6.973318e-04 5.271150e-04 7.662342e-04 7.986461e-04
4.998901e+01 7.065362e-04 5.382626e-04 7.802095e-04 8.011365e-04
5.004101e+01 7.151325e-04 5.497939e-04 7.929414e-04 8.026621e-04
5.009301e+01 7.228532e-04 5.614106e-04 8.039759e-04 8.031733e-04
5.014501e+01 7.292186e-04 5.727131e-04 8.125612e-04 8.023815e-04
5.019701e+01 7.336439e-04 5.832533e-04 8.178245e-04 7.998538e-04
5.024901e+01 7.356191e-04 5.926199e-04 8.190481e-04 7.951894e-04
5.030101e+01 7.349030e-04 6.005348e-04 8.159496e-04 7.882246e-04
5.035301e+01 7.316576e-04 6.069229e-04 8.088577e-04 7.791922e-04
5.040501e+01 7.264684e-04 6.119262e-04 7.987091e-04 7.687697e-04
5.045701e+01 7.202310e-04 6.158493e-04 7.868628e-04 7.579810e-04
5.050901e+01 7.139390e-04 6.190511e-04 7.747987e-04 7.479673e-04
5.056101e+01 7.084438e-04 6.218217e-04 7.638115e-04 7.396982e-04
5.061301e+01 7.042701e-04 6.242905e-04 7.548035e-04 7.337164e-04
5.066501e+01 7.015454e-04 6.264050e-04 7.482284e-04 7.300029e-04
5.071701e+01 7.000588e-04 6.279941e-04 7.441755e-04 7.280068e-04
5.076901e+01 6.994180e-04 6.288965e-04 7.425282e-04 7.268292e-04
5.082101e+01 6.992403e-04 6.291103e-04 7.431068e-04 7.255038e-04
5.087301e+01 6.993042e-04 6.289043e-04 7.457248e-04 7.232834e-04
5.092501e+01 6.996057e-04 6.288427e-04 7.501361e-04 7.198383e-04
5.097701e+01 7.003018e-04 6.296969e-04 7.559122e-04 7.152962e-04
5.102901e+01 7.015681e-04 6.322600e-04 7.623340e-04 7.101104e-04
5.108101e+01 7.034398e-04 6.371152e-04 7.683882e-04 7.048159e-04
5.113301e+01 7.057093e-04 6.444339e-04 7.729107e-04 6.997835e-04
5.118501e+01 7.079335e-04 6.538686e-04 7.748475e-04 6.950844e-04
5.123701e+01 7.095466e-04 6.645803e-04 7.735402e-04 6.905193e-04
5.128901e+01 7.100314e-04 6.753945e-04 7.689192e-04 6.857804e-04
5.134101e+01 7.090740e-04 6.850449e-04 7.615258e-04 6.806512e-04
5.139301e+01 7.066466e-04 6.924420e-04 7.523553e-04 6.751426e-04
5.144501e+01 7.029984e-04 6.968942e-04 7.425857e-04 6.695152e-04
5.149701e+01 6.985729e-04 6.982233e-04 7.332931e-04 6.642024e-04
5.154901e+01 6.938925e-04 6.967452e-04 7.252405e-04 6.596919e-04
5.160101e+01 6.894476e-04 6.931322e-04 7.187875e-04 6.564231e-04
5.165301e+01 6.856192e-04 6.882181e-04 7.139144e-04 6.547251e-04
5.170501e+01 6.826472e-04 6.828232e-04 7.103290e-04 6.547893e-04
5.175701e+01 6.806432e-04 6.776535e-04 7.076140e-04 6.566621e-04
5.180901e+01 6.796329e-04 6.732732e-04 7.053772e-04 6.602483e-04
5.186101e+01 6.796036e-04 6.701068e-04 7.033717e-04 6.653323e-04
5.191301e+01 6.805358e-04 6.684207e-04 7.015565e-04 6.716301e-04
5.196501e+01 6.824057e-04 6.682713e-04 7.000807e-04 6.788652e-04
5.201701e+01 6.851644e-04 6.694564e-04 6.991924e-04 6.868443e-04
5.206901e+01 6.887088e-04 6.715307e-04 6.991027e-04 6.954929e-04
5.212101e+01 6.928632e-04 6.739159e-04 6.998517e-04 7.048220e-04
5.217301e+01 6.973786e-04 6.760785e-04 7.012261e-04 7.148312e-04
5.222501e+01 7.019485e-04 6.777001e-04 7.027540e-04 7.253912e-04
5.227701e+01 7.062331e-04 6.787584e-04 7.037740e-04 7.361669e-04
5.232901e+01 7.098851e-04 6.794837e-04 7.035484e-04 7.466234e-04
5.238101e+01 7.125722e-04 6.802159e-04 7.013844e-04 7.561164e-04
5.243301e+01 7.139973e-04 6.812320e-04 6.967371e-04 7.640228e-04
5.248501e+01 7.139188e-04 6.826162e-04 6.892837e-04 7.698564e-04
5.253701e+01 7.121727e-04 6.842165e-04 6.789698e-04 7.733317e-04
5.258901e+01 7.086973e-04 6.856865e-04 6.660299e-04 7.743756e-04
5.264101e+01 7.035557e-04 6.865811e-04 6.509793e-04 7.731068e-04
5.269301e+01 6.969452e-04 6.864633e-04 6.345694e-04 7.698029e-04
5.274501e+01 6.891835e-04 6.849867e-04 6.177046e-04 7.648593e-04
5.279701e+01 6.806672e-04 6.819402e-04 6.013282e-04 7.587332e-04
5.284901e+01 6.718114e-04 6.772652e-04 5.862992e-04 7.518698e-04
5.290101e+01 6.629936e-04 6.710682e-04 5.732862e-04 7.446264e-04
5.295301e+01 6.545236e-04 6.636494e-04 5.627038e-04 7.372175e-04
5.300501e+01 6.466494e-04 6.555437e-04 5.547031e-04 7.297013e-04
5.305701e+01 6.395861e-04 6.475412e-04 5.492111e-04 7.220062e-04
5.310901e+01 6.335391e-04 6.406388e-04 5.459994e-04 7.139792e-04
5.316101e+01 6.286938e-04 6.358897e-04 5.447563e-04 7.054353e-04
5.321301e+01 6.251669e-04 6.341652e-04 5.451378e-04 6.961977e-04
5.326501e+01 6.229430e-04 6.358976e-04 5.467899e-04 6.861413e-04
5.331701e+01 6.218367e-04 6.409042e-04 5.493494e-04 6.752567e-04
5.336901e+01 6.215132e-04 6.483727e-04 5.524368e-04 6.637301e-04
5.342101e+01 6.215665e-04 6.570340e-04 5.556596e-04 6.520058e-04
5.347301e+01 6.216218e-04 6.654669e-04 5.586253e-04 6.407732e-04
5.352501e+01 6.214150e-04 6.724365e-04 5.609620e-04 6.308465e-04
5.357701e+01 6.208160e-04 6.771547e-04 5.623370e-04 6.229562e-04
5.362901e+01 6.197996e-04 6.793895e-04 5.624783e-04 6.175309e-04
5.368101e+01 6.183914e-04 6.794064e-04 5.612049e-04 6.145628e-04
5.373301e+01 6.166241e-04 6.777821e-04 5.584718e-04 6.136184e-04
5.378501e+01 6.145215e-04 6.751682e-04 5.544144e-04 6.139819e-04
5.383701e+01 6.121053e-04 6.720895e-04 5.493635e-04 6.148630e-04
5.388901e+01 6.094058e-04 6.688400e-04 5.437982e-04 6.155792e-04
5.394101e+01 6.064618e-04 6.654947e-04 5.382330e-04 6.156578e-04
5.399301e+01 6.033096e-04 6.620081e-04 5.330729e-04 6.148479e-04
5.404501e+01 5.999733e-04 6.583384e-04 5.284992e-04 6.130822e-04
5.409701e+01 5.964744e-04 6.545361e-04 5.244500e-04 6.104372e-04
5.414901e+01 5.928683e-04 6.507634e-04 5.207153e-04 6.071262e-04
5.420101e+01 5.892941e-04 6.472491e-04 5.171083e-04 6.035250e-04
5.425301e+01 5.860116e-04 6.442091e-04 5.136309e-04 6.001948e-04
5.430501e+01 5.833900e-04 6.417639e-04 5.105473e-04 5.978587e-04
5.435701e+01 5.818343e-04 6.398780e-04 5.083238e-04 5.973010e-04
5.440901e+01 5.816644e-04 6.383361e-04 5.074617e-04 5.991955e-04
5.446101e+01 5.829941e-04 6.367682e-04 5.083008e-04 6.039133e-04
5.451301e+01 5.856652e-04 6.347296e-04 5.108853e-04 6.113807e-04
5.456501e+01 5.892726e-04 6.318260e-04 5.149446e-04 6.210471e-04
5.461701e+01 5.932718e-04 6.278508e-04 5.199830e-04 6.319816e-04
5.466901e+01 5.971265e-04 6.228863e-04 5.254288e-04 6.430646e-04
5.472101e+01 6.004393e-04 6.173337e-04 5.307761e-04 6.532081e-04
5.477301e+01 6.030252e-04 6.118615e-04 5.356772e-04 6.615369e-04
5.482501e+01 6.049176e-04 6.072929e-04 5.399727e-04 6.674873e-04
5.487701e+01 6.063178e-04 6.044673e-04 5.436692e-04 6.708168e-04
5.492901e+01 6.075103e-04 6.041055e-04 5.468809e-04 6.715445e-04
5.498101e+01 6.087665e-04 6.066946e-04 5.497538e-04 6.698511e-04
5.503301e+01 6.102563e-04 6.124044e-04 5.523925e-04 6.659719e-04
5.508501e+01 6.119924e-04 6.210498e-04 5.548142e-04 6.601132e-04
5.513701e+01 6.138318e-04 6.321187e-04 5.569527e-04 6.524240e-04
5.518901e+01 6.155442e-04 6.448784e-04 5.587145e-04 6.430397e-04
5.524101e+01 6.169335e-04 6.585473e-04 5.600646e-04 6.321887e-04
5.529301e+01 6.179687e-04 6.724886e-04 5.610996e-04 6.203178e-04
5.534501e+01 6.188660e-04 6.863624e-04 5.620684e-04 6.081674e-04
5.539701e+01 6.200799e-04 7.001792e-04 5.633229e-04 5.967376e-04
5.544901e+01 6.221929e-04 7.142278e-04 5.652174e-04 5.871336e-04
5.550101e+01 6.257431e-04 7.288970e-04 5.679982e-04 5.803340e-04
5.555301e+01 6.310490e-04 7.444509e-04 5.717266e-04 5.769696e-04
5.560501e+01 6.380970e-04 7.608337e-04 5.762630e-04 5.771943e-04
5.565701e+01 6.465238e-04 7.775715e-04 5.813105e-04 5.806895e-04
5.570901e+01 6.556935e-04 7.938039e-04 5.864920e-04 5.867845e-04
5.576101e+01 6.648358e-04 8.084370e-04 5.914344e-04 5.946359e-04
5.581301e+01 6.732044e-04 8.203718e-04 5.958370e-04 6.034045e-04
5.586501e+01 6.802196e-04 8.287459e-04 5.995212e-04 6.123916e-04
5.591701e+01 6.855703e-04 8.331269e-04 6.024596e-04 6.211245e-04
5.596901e+01 6.892630e-04 8.336095e-04 6.047826e-04 6.293969e-04
5.602101e+01 6.916042e-04 8.307979e-04 6.067485e-04 6.372663e-04
5.607301e+01 6.931141e-04 8.256778e-04 6.086660e-04 6.449985e-04
5.612501e+01 6.943806e-04 8.194162e-04 6.107771e-04 6.529486e-04
5.617701e+01 6.958893e-04 8.131420e-04 6.131339e-04 6.613920e-04
5.622901e+01 6.978786e-04 8.077654e-04 6.155195e-04 6.703510e-04
5.628101e+01 7.002727e-04 8.038768e-04 6.174539e-04 6.794874e-04
5.633301e+01 7.027157e-04 8.017346e-04 6.182941e-04 6.881185e-04
5.638501e+01 7.046935e-04 8.013178e-04 6.173953e-04 6.953674e-04
5.643701e+01 7.056886e-04 8.023976e-04 6.142758e-04 7.003925e-04
5.648901e+01 7.053015e-04 8.045821e-04 6.087257e-04 7.025967e-04
5.654101e+01 7.032843e-04 8.073049e-04 6.008283e-04 7.017196e-04
5.659301e+01 6.994790e-04 8.097685e-04 5.908959e-04 6.977724e-04
5.664501e+01 6.936949e-04 8.108832e-04 5.793503e-04 6.908512e-04
5.669701e+01 6.855926e-04 8.092645e-04 5.665854e-04 6.809280e-04
5.674901e+01 6.746342e-04 8.033353e-04 5.528415e-04 6.677258e-04
