4.376469e+00 0.000000e+00 0.000000e+00 0.000000e+00 0.000000e+00
4.428469e+00 0.000000e+00 0.000000e+00 0.000000e+00 0.000000e+00
4.480469e+00 0.000000e+00 0.000000e+00 0.000000e+00 0.000000e+00
4.532469e+00 0.000000e+00 0.000000e+00 0.000000e+00 0.000000e+00
4.584469e+00 0.000000e+00 0.000000e+00 0.000000e+00 0.000000e+00
4.636469e+00 0.000000e+00 0.000000e+00 0.000000e+00 0.000000e+00
4.688469e+00 0.000000e+00 0.000000e+00 0.000000e+00 0.000000e+00
4.740469e+00 0.000000e+00 0.000000e+00 0.000000e+00 0.000000e+00
4.792469e+00 0.000000e+00 0.000000e+00 0.000000e+00 0.000000e+00
4.844469e+00 0.000000e+00 0.000000e+00 0.000000e+00 0.000000e+00
4.896469e+00 0.000000e+00 0.000000e+00 0.000000e+00 0.000000e+00
4.948469e+00 0.000000e+00 0.000000e+00 0.000000e+00 0.000000e+00
5.000469e+00 0.000000e+00 0.000000e+00 0.000000e+00 0.000000e+00
5.052469e+00 0.000000e+00 0.000000e+00 0.000000e+00 0.000000e+00
5.104469e+00 0.000000e+00 0.000000e+00 0.000000e+00 0.000000e+00
5.156469e+00 0.000000e+00 0.000000e+00 0.000000e+00 0.000000e+00
5.208469e+00 0.000000e+00 0.000000e+00 0.000000e+00 0.000000e+00
5.260469e+00 0.000000e+00 0.000000e+00 0.000000e+00 0.000000e+00
5.312469e+00 0.000000e+00 0.000000e+00 0.000000e+00 0.000000e+00
5.364469e+00 0.000000e+00 0.000000e+00 0.000000e+00 0.000000e+00
5.416469e+00 0.000000e+00 0.000000e+00 0.000000e+00 0.000000e+00
5.468469e+00 0.000000e+00 0.000000e+00 0.000000e+00 0.000000e+00
5.520469e+00 0.000000e+00 0.000000e+00 0.000000e+00 0.000000e+00
5.572469e+00 0.000000e+00 0.000000e+00 0.000000e+00 0.000000e+00
5.624469e+00 0.000000e+00 0.000000e+00 0.000000e+00 0.000000e+00
5.676469e+00 0.000000e+00 0.000000e+00 0.000000e+00 0.000000e+00
5.728469e+00 0.000000e+00 0.000000e+00 0.000000e+00 0.000000e+00
5.780469e+00 0.000000e+00 0.000000e+00 0.000000e+00 0.000000e+00
5.832469e+00 0.000000e+00 0.000000e+00 0.000000e+00 0.000000e+00
5.884469e+00 0.000000e+00 0.000000e+00 0.000000e+00 0.000000e+00
5.936469e+00 0.000000e+00 0.000000e+00 0.000000e+00 0.000000e+00
5.988469e+00 0.000000e+00 0.000000e+00 0.000000e+00 0.000000e+00
6.040469e+00 0.000000e+00 0.000000e+00 0.000000e+00 0.000000e+00
6.092469e+00 0.000000e+00 0.000000e+00 0.000000e+00 0.000000e+00
6.144469e+00 0.000000e+00 0.000000e+00 0.000000e+00 0.000000e+00
6.196469e+00 0.000000e+00 0.000000e+00 0.000000e+00 0.000000e+00
6.248469e+00 0.000000e+00 0.000000e+00 0.000000e+00 0.000000e+00
6.300469e+00 0.000000e+00 0.000000e+00 0.000000e+00 0.000000e+00
6.352469e+00 0.000000e+00 0.000000e+00 0.000000e+00 0.000000e+00
6.404469e+00 0.000000e+00 0.000000e+00 0.000000e+00 0.000000e+00
6.456469e+00 0.000000e+00 0.000000e+00 0.000000e+00 0.000000e+00
6.508469e+00 0.000000e+00 0.000000e+00 0.000000e+00 0.000000e+00
6.560469e+00 0.000000e+00 0.000000e+00 0.000000e+00 0.000000e+00
6.612469e+00 0.000000e+00 0.000000e+00 0.000000e+00 0.000000e+00
6.664469e+00 0.000000e+00 0.000000e+00 0.000000e+00 0.000000e+00
6.716469e+00 0.000000e+00 0.000000e+00 0.000000e+00 0.000000e+00
6.768469e+00 0.000000e+00 0.000000e+00 0.000000e+00 0.000000e+00
6.820469e+00 0.000000e+00 0.000000e+00 0.000000e+00 0.000000e+00
6.872469e+00 0.000000e+00 0.000000e+00 0.000000e+00 0.000000e+00
6.924469e+00 0.000000e+00 0.000000e+00 0.000000e+00 0.000000e+00
6.976469e+00 0.000000e+00 0.000000e+00 0.000000e+00 0.000000e+00
7.028469e+00 0.000000e+00 0.000000e+00 0.000000e+00 0.000000e+00
7.080469e+00 0.000000e+00 0.000000e+00 0.000000e+00 0.000000e+00
7.132469e+00 0.000000e+00 0.000000e+00 0.000000e+00 0.000000e+00
7.184469e+00 0.000000e+00 0.000000e+00 0.000000e+00 0.000000e+00
7.236469e+00 0.000000e+00 0.000000e+00 0.000000e+00 0.000000e+00
7.288469e+00 0.000000e+00 0.000000e+00 0.000000e+00 0.000000e+00
7.340469e+00 0.000000e+00 0.000000e+00 0.000000e+00 0.000000e+00
7.392469e+00 0.000000e+00 0.000000e+00 0.000000e+00 0.000000e+00
7.444469e+00 0.000000e+00 0.000000e+00 0.000000e+00 0.000000e+00
7.496469e+00 0.000000e+00 0.000000e+00 0.000000e+00 0.000000e+00
7.548469e+00 0.000000e+00 0.000000e+00 0.000000e+00 0.000000e+00
7.600469e+00 0.000000e+00 0.000000e+00 0.000000e+00 0.000000e+00
7.652469e+00 0.000000e+00 0.000000e+00 0.000000e+00 0.000000e+00
7.704469e+00 0.000000e+00 0.000000e+00 0.000000e+00 0.000000e+00
7.756469e+00 0.000000e+00 0.000000e+00 0.000000e+00 0.000000e+00
7.808469e+00 0.000000e+00 0.000000e+00 0.000000e+00 0.000000e+00
7.860469e+00 0.000000e+00 0.000000e+00 0.000000e+00 0.000000e+00
7.912469e+00 0.000000e+00 0.000000e+00 0.000000e+00 0.000000e+00
7.964469e+00 0.000000e+00 0.000000e+00 0.000000e+00 0.000000e+00
8.016469e+00 0.000000e+00 0.000000e+00 0.000000e+00 0.000000e+00
8.068469e+00 0.000000e+00 0.000000e+00 0.000000e+00 0.000000e+00
8.120469e+00 0.000000e+00 0.000000e+00 0.000000e+00 0.000000e+00
8.172469e+00 0.000000e+00 0.000000e+00 0.000000e+00 0.000000e+00
8.224469e+00 7.858077e-15 1.825398e-14 1.056178e-15 4.264075e-15
8.276469e+00 8.134006e-14 1.757726e-13 1.916540e-14 4.908211e-14
8.328469e+00 3.652269e-13 7.871184e-13 8.738196e-14 2.211804e-13
8.380469e+00 1.946212e-12 4.077923e-12 5.389143e-13 1.221800e-12
8.432469e+00 8.216717e-12 1.706764e-11 2.369076e-12 5.213437e-12
8.484469e+00 3.177902e-11 6.565747e-11 9.385529e-12 2.029405e-11
8.536469e+00 1.148671e-10 2.360933e-10 3.470063e-11 7.380746e-11
8.588469e+00 3.893700e-10 7.963867e-10 1.200944e-10 2.516289e-10
8.640469e+00 1.242055e-09 2.528213e-09 3.908021e-10 8.071496e-10
8.692469e+00 3.728651e-09 7.554329e-09 1.195599e-09 2.436026e-09
8.744469e+00 1.054407e-08 2.126675e-08 3.441826e-09 6.923622e-09
8.796469e+00 2.810320e-08 5.644093e-08 9.327596e-09 1.854108e-08
8.848469e+00 7.064992e-08 1.413233e-07 2.381205e-08 4.681443e-08
8.900469e+00 1.676542e-07 3.341342e-07 5.730081e-08 1.115275e-07
8.952469e+00 3.758674e-07 7.466379e-07 1.300721e-07 2.508921e-07
9.004469e+00 7.968402e-07 1.578348e-06 2.787532e-07 5.334191e-07
9.056469e+00 1.598984e-06 3.159663e-06 5.644785e-07 1.072810e-06
9.108469e+00 3.040073e-06 5.996163e-06 1.081098e-06 2.042957e-06
9.160469e+00 5.481742e-06 1.079798e-05 1.960115e-06 3.687135e-06
9.212469e+00 9.383304e-06 1.846983e-05 3.367449e-06 6.312631e-06
9.264469e+00 1.526038e-05 3.003344e-05 5.486680e-06 1.026103e-05
9.316469e+00 2.359730e-05 4.645952e-05 8.485147e-06 1.584722e-05
9.368469e+00 3.471285e-05 6.840675e-05 1.246386e-05 2.326794e-05
9.420469e+00 4.859757e-05 9.589977e-05 1.739933e-05 3.249362e-05
9.472469e+00 6.476204e-05 1.280215e-04 2.309298e-05 4.317158e-05
9.524469e+00 8.215361e-05 1.627318e-04 2.914950e-05 5.457955e-05
9.576469e+00 9.920151e-05 1.969308e-04 3.500464e-05 6.566912e-05
9.628469e+00 1.140301e-04 2.268503e-04 4.001573e-05 7.522422e-05
9.680469e+00 1.248366e-04 2.487641e-04 4.361383e-05 8.213175e-05
9.732469e+00 1.303753e-04 2.598971e-04 4.550098e-05 8.572768e-05
9.784469e+00 1.304459e-04 2.593158e-04 4.586570e-05 8.615611e-05
9.836469e+00 1.262687e-04 2.485495e-04 4.558695e-05 8.466957e-05
9.888469e+00 1.206526e-04 2.317493e-04 4.639951e-05 8.380885e-05
9.940469e+00 1.179088e-04 2.153137e-04 5.099353e-05 8.741907e-05
9.992469e+00 1.235126e-04 2.070503e-04 6.301160e-05 1.004759e-04
1.004447e+01 1.435519e-04 2.150489e-04 8.689600e-05 1.287106e-04
1.009647e+01 1.840262e-04 2.464794e-04 1.275474e-04 1.780520e-04
1.014847e+01 2.500945e-04 3.065202e-04 1.898081e-04 2.539554e-04
1.020047e+01 3.454138e-04 3.975929e-04 2.778788e-04 3.607698e-04
1.025247e+01 4.717523e-04 5.190445e-04 3.948698e-04 5.013426e-04
1.030447e+01 6.290412e-04 6.673757e-04 5.427059e-04 6.770419e-04
1.035647e+01 8.159214e-04 8.370342e-04 7.224919e-04 8.882380e-04
1.040847e+01 1.030655e-03 1.021662e-03 9.352230e-04 1.135080e-03
1.046047e+01 1.272085e-03 1.215524e-03 1.182512e-03 1.418219e-03
1.051247e+01 1.540251e-03 1.414731e-03 1.466937e-03 1.739086e-03
1.056447e+01 1.836372e-03 1.617872e-03 1.791769e-03 2.099476e-03
1.061647e+01 2.162150e-03 1.825879e-03 2.160119e-03 2.500453e-03
1.066847e+01 2.518643e-03 2.041260e-03 2.573799e-03 2.940870e-03
1.072047e+01 2.905096e-03 2.267149e-03 3.032224e-03 3.415916e-03
1.077247e+01 3.318046e-03 2.506640e-03 3.531511e-03 3.915987e-03
1.082447e+01 3.750810e-03 2.762675e-03 4.063695e-03 4.426061e-03
1.087647e+01 4.193246e-03 3.038199e-03 4.615922e-03 4.925617e-03
1.092847e+01 4.631681e-03 3.335987e-03 5.169718e-03 5.389339e-03
1.098047e+01 5.049151e-03 3.657522e-03 5.700864e-03 5.789066e-03
1.103247e+01 5.426333e-03 4.000825e-03 6.180717e-03 6.097457e-03
1.108447e+01 5.743600e-03 4.357946e-03 6.579607e-03 6.293248e-03
1.113647e+01 5.984159e-03 4.713472e-03 6.872120e-03 6.366885e-03
1.118847e+01 6.137557e-03 5.045386e-03 7.042910e-03 6.324375e-03
1.124047e+01 6.202252e-03 5.328797e-03 7.090823e-03 6.187137e-03
1.129247e+01 6.185984e-03 5.541662e-03 7.029290e-03 5.987001e-03
1.134447e+01 6.103501e-03 5.670478e-03 6.882353e-03 5.757671e-03
1.139647e+01 5.972429e-03 5.713668e-03 6.677705e-03 5.525913e-03
1.144847e+01 5.809039e-03 5.681336e-03 6.439675e-03 5.306104e-03
1.150047e+01 5.625668e-03 5.591681e-03 6.185054e-03 5.100269e-03
1.155247e+01 5.430612e-03 5.465751e-03 5.923026e-03 4.903057e-03
1.160447e+01 5.229855e-03 5.322629e-03 5.658181e-03 4.708757e-03
1.165647e+01 5.029077e-03 5.176491e-03 5.394061e-03 4.516680e-03
1.170847e+01 4.834382e-03 5.035813e-03 5.134869e-03 4.332463e-03
1.176047e+01 4.651226e-03 4.903981e-03 4.884591e-03 4.165106e-03
1.181247e+01 4.482210e-03 4.780250e-03 4.644629e-03 4.021752e-03
1.186447e+01 4.325123e-03 4.660357e-03 4.411942e-03 3.903072e-03
1.191647e+01 4.172509e-03 4.536792e-03 4.179213e-03 3.801521e-03
1.196847e+01 4.013224e-03 4.399331e-03 3.937208e-03 3.703132e-03
1.202047e+01 3.835533e-03 4.236477e-03 3.678225e-03 3.591898e-03
1.207247e+01 3.630632e-03 4.038039e-03 3.399057e-03 3.454802e-03
1.212447e+01 3.395379e-03 3.798290e-03 3.102317e-03 3.285529e-03
1.217647e+01 3.133364e-03 3.518575e-03 2.795833e-03 3.085683e-03
1.222847e+01 2.854092e-03 3.208224e-03 2.490637e-03 2.863416e-03
1.228047e+01 2.570664e-03 2.883176e-03 2.198465e-03 2.630352e-03
1.233247e+01 2.296798e-03 2.562671e-03 1.929585e-03 2.398138e-03
1.238447e+01 2.044113e-03 2.265077e-03 1.691411e-03 2.175850e-03
1.243647e+01 1.820367e-03 2.004211e-03 1.487983e-03 1.968909e-03
1.248847e+01 1.628911e-03 1.787175e-03 1.320094e-03 1.779466e-03
1.254047e+01 1.469204e-03 1.614105e-03 1.185822e-03 1.607684e-03
1.259247e+01 1.337981e-03 1.479553e-03 1.081233e-03 1.453157e-03
1.264447e+01 1.230615e-03 1.374822e-03 1.001161e-03 1.315860e-03
1.269647e+01 1.142288e-03 1.290477e-03 9.399996e-04 1.196389e-03
1.274847e+01 1.068813e-03 1.218374e-03 8.924622e-04 1.095603e-03
1.280047e+01 1.007029e-03 1.152845e-03 8.542165e-04 1.014027e-03
1.285247e+01 9.548579e-04 1.090927e-03 8.222884e-04 9.513587e-04
1.290447e+01 9.111151e-04 1.031853e-03 7.951584e-04 9.063344e-04
1.295647e+01 8.752305e-04 9.761634e-04 7.725556e-04 8.769726e-04
1.300847e+01 8.469832e-04 9.248471e-04 7.550436e-04 8.610589e-04
1.306047e+01 8.263225e-04 8.787983e-04 7.435328e-04 8.566363e-04
1.311247e+01 8.132631e-04 8.386639e-04 7.388446e-04 8.622808e-04
1.316447e+01 8.077895e-04 8.049400e-04 7.413833e-04 8.770452e-04
1.321647e+01 8.097018e-04 7.780918e-04 7.509156e-04 9.000982e-04
1.326847e+01 8.183858e-04 7.585100e-04 7.664351e-04 9.302124e-04
1.332047e+01 8.325649e-04 7.462646e-04 7.861072e-04 9.653229e-04
1.337247e+01 8.501451e-04 7.407625e-04 8.073288e-04 1.002344e-03
1.342447e+01 8.682582e-04 7.404953e-04 8.269434e-04 1.037336e-03
1.347647e+01 8.835459e-04 7.430371e-04 8.416217e-04 1.065979e-03
1.352847e+01 8.926432e-04 7.453486e-04 8.483544e-04 1.084227e-03
1.358047e+01 8.927447e-04 7.443137e-04 8.449495e-04 1.088971e-03
1.363247e+01 8.821170e-04 7.373486e-04 8.304138e-04 1.078589e-03
1.368447e+01 8.604509e-04 7.229052e-04 8.051297e-04 1.053318e-03
1.373647e+01 8.290116e-04 7.007624e-04 7.708113e-04 1.015461e-03
1.378847e+01 7.906230e-04 6.721015e-04 7.302944e-04 9.694732e-04
1.384047e+01 7.495737e-04 6.394661e-04 6.872778e-04 9.219771e-04
1.389247e+01 7.115435e-04 6.067395e-04 6.461462e-04 8.817448e-04
1.394447e+01 6.836058e-04 5.792301e-04 6.119875e-04 8.595999e-04
1.399647e+01 6.742639e-04 5.638395e-04 5.908461e-04 8.681061e-04
1.404847e+01 6.933640e-04 5.691478e-04 5.901542e-04 9.207900e-04
1.410047e+01 7.516382e-04 6.051445e-04 6.191565e-04 1.030614e-03
1.415247e+01 8.596334e-04 6.823248e-04 6.890233e-04 1.207552e-03
1.420447e+01 1.025928e-03 8.100056e-04 8.122750e-04 1.455504e-03
1.425647e+01 1.254822e-03 9.940200e-04 1.001184e-03 1.769264e-03
1.430847e+01 1.544027e-03 1.234353e-03 1.265031e-03 2.132697e-03
1.436047e+01 1.883133e-03 1.523631e-03 1.606498e-03 2.519270e-03
1.441247e+01 2.253639e-03 1.847419e-03 2.017999e-03 2.895498e-03
1.446447e+01 2.630937e-03 2.186761e-03 2.479196e-03 3.226854e-03
1.451647e+01 2.988021e-03 2.522438e-03 2.957047e-03 3.484578e-03
1.456847e+01 3.299953e-03 2.839319e-03 3.409260e-03 3.651280e-03
1.462047e+01 3.547758e-03 3.128774e-03 3.790983e-03 3.723517e-03
1.467247e+01 3.720573e-03 3.387724e-03 4.063326e-03 3.710671e-03
1.472447e+01 3.815583e-03 3.614620e-03 4.201300e-03 3.630829e-03
1.477647e+01 3.836176e-03 3.804451e-03 4.198721e-03 3.505356e-03
1.482847e+01 3.789385e-03 3.945687e-03 4.068466e-03 3.354003e-03
1.488047e+01 3.683734e-03 4.021301e-03 3.838120e-03 3.191782e-03
1.493247e+01 3.528146e-03 4.013862e-03 3.542653e-03 3.027922e-03
1.498447e+01 3.331870e-03 3.912484e-03 3.216646e-03 2.866479e-03
1.503647e+01 3.104886e-03 3.718387e-03 2.888437e-03 2.707834e-03
1.508847e+01 2.858119e-03 3.446505e-03 2.577434e-03 2.550417e-03
1.514047e+01 2.603091e-03 3.122564e-03 2.294497e-03 2.392213e-03
1.519247e+01 2.351051e-03 2.777059e-03 2.044216e-03 2.231876e-03
1.524447e+01 2.111904e-03 2.438671e-03 1.827633e-03 2.069408e-03
1.529647e+01 1.893389e-03 2.129385e-03 1.644298e-03 1.906485e-03
1.534847e+01 1.700746e-03 1.862460e-03 1.493282e-03 1.746497e-03
1.540047e+01 1.536944e-03 1.643084e-03 1.373398e-03 1.594351e-03
1.545247e+01 1.403313e-03 1.470723e-03 1.283148e-03 1.456070e-03
1.550447e+01 1.300323e-03 1.341954e-03 1.220837e-03 1.338178e-03
1.555647e+01 1.228228e-03 1.252843e-03 1.184955e-03 1.246885e-03
1.560847e+01 1.187331e-03 1.200291e-03 1.174575e-03 1.187125e-03
1.566047e+01 1.177735e-03 1.182241e-03 1.189405e-03 1.161558e-03
1.571247e+01 1.198631e-03 1.196969e-03 1.229222e-03 1.169703e-03
1.576447e+01 1.247389e-03 1.241941e-03 1.292780e-03 1.207446e-03
1.581647e+01 1.318865e-03 1.312830e-03 1.376590e-03 1.267175e-03
1.586847e+01 1.405337e-03 1.403148e-03 1.474163e-03 1.338698e-03
1.592047e+01 1.497221e-03 1.504609e-03 1.576186e-03 1.410867e-03
1.597247e+01 1.584414e-03 1.608011e-03 1.671690e-03 1.473543e-03
1.602447e+01 1.657799e-03 1.704216e-03 1.749877e-03 1.519303e-03
1.607647e+01 1.710406e-03 1.784921e-03 1.801974e-03 1.544322e-03
1.612847e+01 1.737944e-03 1.843151e-03 1.822524e-03 1.548158e-03
1.618047e+01 1.738719e-03 1.873660e-03 1.809844e-03 1.532652e-03
1.623247e+01 1.713232e-03 1.873447e-03 1.765763e-03 1.500484e-03
1.628447e+01 1.663794e-03 1.842373e-03 1.694947e-03 1.454063e-03
1.633647e+01 1.594290e-03 1.783598e-03 1.604113e-03 1.395160e-03
1.638847e+01 1.509995e-03 1.703449e-03 1.501251e-03 1.325286e-03
1.644047e+01 1.417226e-03 1.610476e-03 1.394771e-03 1.246430e-03
1.649247e+01 1.322664e-03 1.513823e-03 1.292519e-03 1.161650e-03
1.654447e+01 1.232421e-03 1.421392e-03 1.200730e-03 1.075142e-03
1.659647e+01 1.151093e-03 1.338395e-03 1.123170e-03 9.917124e-04
1.664847e+01 1.081130e-03 1.266768e-03 1.060763e-03 9.158591e-04
1.670047e+01 1.022741e-03 1.205533e-03 1.011862e-03 8.508287e-04
1.675247e+01 9.743035e-04 1.151859e-03 9.730765e-04 7.979744e-04
1.680447e+01 9.331005e-04 1.102355e-03 9.403372e-04 7.566095e-04
1.685647e+01 8.961103e-04 1.054111e-03 9.098599e-04 7.243594e-04
1.690847e+01 8.606300e-04 1.005272e-03 8.787442e-04 6.978737e-04
1.696047e+01 8.246543e-04 9.551040e-04 8.451742e-04 6.736846e-04
1.701247e+01 7.870413e-04 9.037790e-04 8.083501e-04 6.489948e-04
1.706447e+01 7.475549e-04 8.521005e-04 7.683342e-04 6.222299e-04
1.711647e+01 7.068502e-04 8.013364e-04 7.259405e-04 5.932738e-04
1.716847e+01 6.664249e-04 7.531834e-04 6.826901e-04 5.634010e-04
1.722047e+01 6.285175e-04 7.097849e-04 6.407765e-04 5.349911e-04
1.727247e+01 5.959401e-04 6.736924e-04 6.029774e-04 5.111504e-04
1.732447e+01 5.718431e-04 6.477022e-04 5.724859e-04 4.953411e-04
1.737647e+01 5.594264e-04 6.345581e-04 5.526665e-04 4.910546e-04
1.742847e+01 5.615976e-04 6.365636e-04 5.467469e-04 5.014823e-04
1.748047e+01 5.805606e-04 6.551618e-04 5.574243e-04 5.290957e-04
1.753247e+01 6.173299e-04 6.905420e-04 5.863649e-04 5.750827e-04
1.758447e+01 6.712167e-04 7.413340e-04 6.336155e-04 6.387007e-04
1.763647e+01 7.394167e-04 8.044572e-04 6.970485e-04 7.167444e-04
1.768847e+01 8.168829e-04 8.751959e-04 7.720529e-04 8.033998e-04
1.774047e+01 8.966448e-04 9.475446e-04 8.516950e-04 8.906948e-04
1.779247e+01 9.706146e-04 1.014809e-03 9.274702e-04 9.695650e-04
1.784447e+01 1.030752e-03 1.070373e-03 9.905683e-04 1.031314e-03
1.789647e+01 1.070317e-03 1.108504e-03 1.033368e-03 1.069079e-03
1.794847e+01 1.084906e-03 1.125038e-03 1.050762e-03 1.078919e-03
1.800047e+01 1.073039e-03 1.117880e-03 1.040964e-03 1.060273e-03
1.805247e+01 1.036204e-03 1.087250e-03 1.005596e-03 1.015767e-03
1.810447e+01 9.784429e-04 1.035678e-03 9.491189e-04 9.505320e-04
1.815647e+01 9.056261e-04 9.677631e-04 8.778471e-04 8.712683e-04
1.820847e+01 8.246114e-04 8.896906e-04 7.988506e-04 7.852930e-04
1.826047e+01 7.424351e-04 8.085525e-04 7.190292e-04 6.997236e-04
1.831247e+01 6.656276e-04 7.315393e-04 6.444810e-04 6.208626e-04
1.836447e+01 5.996787e-04 6.651059e-04 5.801555e-04 5.537747e-04
1.841647e+01 5.486401e-04 6.142263e-04 5.296844e-04 5.020097e-04
1.846847e+01 5.148478e-04 5.818389e-04 4.952762e-04 4.674283e-04
1.852047e+01 4.987655e-04 5.685542e-04 4.776171e-04 4.501252e-04
1.857247e+01 4.989779e-04 5.726631e-04 4.757939e-04 4.484766e-04
1.862447e+01 5.123703e-04 5.904503e-04 4.873098e-04 4.593508e-04
1.867647e+01 5.345145e-04 6.167764e-04 5.082681e-04 4.784989e-04
1.872847e+01 5.602382e-04 6.458486e-04 5.337706e-04 5.010955e-04
1.878047e+01 5.843126e-04 6.720599e-04 5.585211e-04 5.223568e-04
1.883247e+01 6.021576e-04 6.907627e-04 5.775657e-04 5.381443e-04
1.888447e+01 6.104542e-04 6.988538e-04 5.870479e-04 5.454608e-04
1.893647e+01 6.075638e-04 6.950901e-04 5.848260e-04 5.427752e-04
1.898847e+01 5.936821e-04 6.801051e-04 5.708034e-04 5.301378e-04
1.904047e+01 5.706993e-04 6.561465e-04 5.468729e-04 5.090785e-04
1.909247e+01 5.417870e-04 6.265896e-04 5.164665e-04 4.823049e-04
1.914447e+01 5.107866e-04 5.953138e-04 4.838074e-04 4.532387e-04
1.919647e+01 4.815204e-04 5.660501e-04 4.530520e-04 4.254591e-04
1.924847e+01 4.571725e-04 5.418216e-04 4.275443e-04 4.021516e-04
1.930047e+01 4.398796e-04 5.245935e-04 4.093684e-04 3.856770e-04
1.935247e+01 4.306193e-04 5.152074e-04 3.992862e-04 3.773643e-04
1.940447e+01 4.293942e-04 5.135973e-04 3.970157e-04 3.775697e-04
1.945647e+01 4.356140e-04 5.191914e-04 4.016983e-04 3.859523e-04
1.950847e+01 4.485077e-04 5.313328e-04 4.123585e-04 4.018316e-04
1.956047e+01 4.674031e-04 5.495459e-04 4.281969e-04 4.244665e-04
1.961247e+01 4.917822e-04 5.735472e-04 4.486528e-04 4.531465e-04
1.966447e+01 5.211350e-04 6.030248e-04 4.732815e-04 4.870987e-04
1.971647e+01 5.547323e-04 6.373217e-04 5.015592e-04 5.253160e-04
1.976847e+01 5.914623e-04 6.751998e-04 5.327322e-04 5.664550e-04
1.982047e+01 6.298300e-04 7.148129e-04 5.657781e-04 6.088992e-04
1.987247e+01 6.681264e-04 7.539133e-04 5.994805e-04 6.509853e-04
1.992447e+01 7.046978e-04 7.902213e-04 6.325742e-04 6.912980e-04
1.997647e+01 7.382225e-04 8.218426e-04 6.639113e-04 7.289138e-04
2.002847e+01 7.679254e-04 8.476386e-04 6.926184e-04 7.635191e-04
2.008047e+01 7.937018e-04 8.674801e-04 7.182278e-04 7.953976e-04
2.013247e+01 8.161441e-04 8.823320e-04 7.407676e-04 8.253327e-04
2.018447e+01 8.364513e-04 8.941060e-04 7.607814e-04 8.544666e-04
2.023647e+01 8.561966e-04 9.052358e-04 7.792392e-04 8.841147e-04
2.028847e+01 8.769429e-04 9.180069e-04 7.973188e-04 9.155030e-04
2.034047e+01 8.997625e-04 9.337991e-04 8.160816e-04 9.494069e-04
2.039247e+01 9.247878e-04 9.525101e-04 8.361157e-04 9.857376e-04
2.044447e+01 9.509662e-04 9.724280e-04 8.572636e-04 1.023207e-03
2.049647e+01 9.761568e-04 9.906757e-04 8.785460e-04 1.059249e-03
2.054847e+01 9.975988e-04 1.004112e-03 8.983515e-04 1.090333e-03
2.060047e+01 1.012642e-03 1.010364e-03 9.148728e-04 1.112688e-03
2.065247e+01 1.019513e-03 1.008601e-03 9.266779e-04 1.123260e-03
2.070447e+01 1.017872e-03 9.997789e-04 9.332303e-04 1.120608e-03
2.075647e+01 1.008956e-03 9.863135e-04 9.351585e-04 1.105396e-03
2.080847e+01 9.952537e-04 9.713557e-04 9.341387e-04 1.080267e-03
2.086047e+01 9.798159e-04 9.579559e-04 9.323791e-04 1.049113e-03
2.091247e+01 9.654009e-04 9.483581e-04 9.318533e-04 1.015991e-03
2.096447e+01 9.537306e-04 9.435630e-04 9.335448e-04 9.840839e-04
2.101647e+01 9.450762e-04 9.431923e-04 9.369849e-04 9.550512e-04
2.106847e+01 9.382853e-04 9.456228e-04 9.402709e-04 9.289621e-04
2.112047e+01 9.312157e-04 9.483445e-04 9.405630e-04 9.047395e-04
2.117247e+01 9.214135e-04 9.484796e-04 9.348813e-04 8.808795e-04
2.122447e+01 9.068126e-04 9.433698e-04 9.209186e-04 8.561496e-04
2.127647e+01 8.862514e-04 9.311120e-04 8.976112e-04 8.300310e-04
2.132847e+01 8.596875e-04 9.109189e-04 8.653346e-04 8.028091e-04
2.138047e+01 8.281052e-04 8.832222e-04 8.257440e-04 7.753493e-04
2.143247e+01 7.931962e-04 8.495061e-04 7.813868e-04 7.486957e-04
2.148447e+01 7.569431e-04 8.119298e-04 7.352405e-04 7.236589e-04
2.153647e+01 7.212215e-04 7.728421e-04 6.902837e-04 7.005388e-04
2.158847e+01 6.875048e-04 7.343066e-04 6.491426e-04 6.790654e-04
2.164047e+01 6.567025e-04 6.977410e-04 6.138106e-04 6.585560e-04
2.169247e+01 6.291336e-04 6.637474e-04 5.854384e-04 6.382150e-04
2.174447e+01 6.046080e-04 6.321584e-04 5.642168e-04 6.174487e-04
2.179647e+01 5.825805e-04 6.022701e-04 5.493961e-04 5.960751e-04
2.184847e+01 5.623362e-04 5.731789e-04 5.394773e-04 5.743525e-04
2.190047e+01 5.431713e-04 5.441148e-04 5.325599e-04 5.528392e-04
2.195247e+01 5.245390e-04 5.146765e-04 5.267760e-04 5.321645e-04
2.200447e+01 5.061451e-04 4.849213e-04 5.206906e-04 5.128234e-04
2.205647e+01 4.879794e-04 4.553144e-04 5.135485e-04 4.950754e-04
2.210847e+01 4.702810e-04 4.265829e-04 5.052978e-04 4.789621e-04
2.216047e+01 4.534405e-04 3.995304e-04 4.963973e-04 4.643939e-04
2.221247e+01 4.378621e-04 3.748646e-04 4.874919e-04 4.512298e-04
2.226447e+01 4.238194e-04 3.530736e-04 4.790830e-04 4.393016e-04
2.231647e+01 4.113546e-04 3.343748e-04 4.713080e-04 4.283809e-04
2.236847e+01 4.002557e-04 3.187394e-04 4.638948e-04 4.181330e-04
2.242047e+01 3.901226e-04 3.059779e-04 4.562812e-04 4.081086e-04
2.247247e+01 3.804948e-04 2.958497e-04 4.478348e-04 3.978000e-04
2.252447e+01 3.709943e-04 2.881538e-04 4.380839e-04 3.867453e-04
2.257647e+01 3.614291e-04 2.827707e-04 4.268788e-04 3.746378e-04
2.262847e+01 3.518316e-04 2.796497e-04 4.144461e-04 3.613989e-04
2.268047e+01 3.424316e-04 2.787664e-04 4.013335e-04 3.471948e-04
2.273247e+01 3.335901e-04 2.800808e-04 3.882830e-04 3.324066e-04
2.278447e+01 3.257237e-04 2.835187e-04 3.760767e-04 3.175758e-04
2.283647e+01 3.192399e-04 2.889783e-04 3.654002e-04 3.033412e-04
2.288847e+01 3.144900e-04 2.963469e-04 3.567495e-04 2.903737e-04
2.294047e+01 3.117399e-04 3.055146e-04 3.503985e-04 2.793067e-04
2.299247e+01 3.111617e-04 3.163856e-04 3.464283e-04 2.706712e-04
2.304447e+01 3.128552e-04 3.288955e-04 3.448120e-04 2.648581e-04
2.309647e+01 3.169041e-04 3.430436e-04 3.455347e-04 2.621340e-04
2.314847e+01 3.234565e-04 3.589342e-04 3.487127e-04 2.627226e-04
2.320047e+01 3.327985e-04 3.768075e-04 3.546635e-04 2.669246e-04
2.325247e+01 3.453849e-04 3.970428e-04 3.638855e-04 2.752262e-04
2.330447e+01 3.618015e-04 4.201348e-04 3.769366e-04 2.883332e-04
2.335647e+01 3.826709e-04 4.466611e-04 3.942517e-04 3.070997e-04
2.340847e+01 4.085415e-04 4.772718e-04 4.159883e-04 3.323646e-04
2.346047e+01 4.398165e-04 5.127048e-04 4.419916e-04 3.647532e-04
2.351247e+01 4.767525e-04 5.538046e-04 4.719315e-04 4.045213e-04
2.356447e+01 5.195217e-04 6.014947e-04 5.055689e-04 4.515015e-04
2.361647e+01 5.682900e-04 6.566654e-04 5.430231e-04 5.051814e-04
2.366847e+01 6.232529e-04 7.199815e-04 5.848811e-04 5.648960e-04
2.372047e+01 6.845894e-04 7.916515e-04 6.320381e-04 6.300785e-04
2.377247e+01 7.523278e-04 8.712169e-04 6.852818e-04 7.004848e-04
2.382447e+01 8.261515e-04 9.573959e-04 7.447677e-04 7.762908e-04
2.387647e+01 9.051941e-04 1.047986e-03 8.096153e-04 8.579813e-04
2.392847e+01 9.878861e-04 1.139831e-03 8.778242e-04 9.460028e-04
2.398047e+01 1.071910e-03 1.228901e-03 9.465781e-04 1.040251e-03
2.403247e+01 1.154307e-03 1.310544e-03 1.012825e-03 1.139550e-03
2.408447e+01 1.231743e-03 1.379996e-03 1.073895e-03 1.241337e-03
2.413647e+01 1.300890e-03 1.433061e-03 1.127910e-03 1.341699e-03
2.418847e+01 1.358842e-03 1.466834e-03 1.173866e-03 1.435827e-03
2.424047e+01 1.403469e-03 1.480192e-03 1.211438e-03 1.518776e-03
2.429247e+01 1.433634e-03 1.473912e-03 1.240681e-03 1.586309e-03
2.434447e+01 1.449250e-03 1.450362e-03 1.261793e-03 1.635594e-03
2.439647e+01 1.451175e-03 1.412928e-03 1.275037e-03 1.665562e-03
2.444847e+01 1.440991e-03 1.365355e-03 1.280775e-03 1.676843e-03
2.450047e+01 1.420708e-03 1.311203e-03 1.279567e-03 1.671353e-03
2.455247e+01 1.392466e-03 1.253466e-03 1.272266e-03 1.651664e-03
2.460447e+01 1.358296e-03 1.194402e-03 1.260106e-03 1.620380e-03
2.465647e+01 1.320001e-03 1.135528e-03 1.244780e-03 1.579695e-03
2.470847e+01 1.279160e-03 1.077761e-03 1.228465e-03 1.531253e-03
2.476047e+01 1.237221e-03 1.021666e-03 1.213704e-03 1.476294e-03
2.481247e+01 1.195596e-03 9.677276e-04 1.203067e-03 1.415995e-03
2.486447e+01 1.155664e-03 9.165582e-04 1.198609e-03 1.351824e-03
2.491647e+01 1.118662e-03 8.689800e-04 1.201251e-03 1.285756e-03
2.496847e+01 1.085511e-03 8.259511e-04 1.210320e-03 1.220263e-03
2.502047e+01 1.056668e-03 7.883908e-04 1.223508e-03 1.158104e-03
2.507247e+01 1.032131e-03 7.569981e-04 1.237367e-03 1.102027e-03
2.512447e+01 1.011658e-03 7.321664e-04 1.248279e-03 1.054528e-03
2.517647e+01 9.951749e-04 7.140719e-04 1.253674e-03 1.017779e-03
2.522847e+01 9.832554e-04 7.029403e-04 1.253089e-03 9.937364e-04
2.528047e+01 9.774938e-04 6.994221e-04 1.248736e-03 9.843235e-04
2.533247e+01 9.805835e-04 7.049310e-04 1.245300e-03 9.915197e-04
2.538447e+01 9.959762e-04 7.217799e-04 1.248961e-03 1.017188e-03
2.543647e+01 1.027129e-03 7.529829e-04 1.265822e-03 1.062581e-03
2.548847e+01 1.076495e-03 8.016898e-04 1.300154e-03 1.127641e-03
2.554047e+01 1.144561e-03 8.703420e-04 1.352998e-03 1.210344e-03
2.559247e+01 1.229254e-03 9.597554e-04 1.421604e-03 1.306404e-03
2.564447e+01 1.325977e-03 1.068393e-03 1.499972e-03 1.409565e-03
2.569647e+01 1.428313e-03 1.192086e-03 1.580368e-03 1.512485e-03
2.574847e+01 1.529206e-03 1.324345e-03 1.655294e-03 1.607978e-03
2.580047e+01 1.622249e-03 1.457282e-03 1.719223e-03 1.690243e-03
2.585247e+01 1.702720e-03 1.582939e-03 1.769509e-03 1.755712e-03
2.590447e+01 1.768110e-03 1.694713e-03 1.806275e-03 1.803341e-03
2.595647e+01 1.818133e-03 1.788484e-03 1.831560e-03 1.834354e-03
2.600847e+01 1.854331e-03 1.863129e-03 1.848229e-03 1.851635e-03
2.606047e+01 1.879479e-03 1.920292e-03 1.859156e-03 1.858988e-03
2.611247e+01 1.896934e-03 1.963527e-03 1.866841e-03 1.860433e-03
2.616447e+01 1.910024e-03 1.997114e-03 1.873323e-03 1.859635e-03
2.621647e+01 1.921515e-03 2.024942e-03 1.880105e-03 1.859497e-03
2.626847e+01 1.933198e-03 2.049762e-03 1.887873e-03 1.861959e-03
2.632047e+01 1.945669e-03 2.072908e-03 1.896087e-03 1.868011e-03
2.637247e+01 1.958345e-03 2.094413e-03 1.902727e-03 1.877895e-03
2.642447e+01 1.969756e-03 2.113346e-03 1.904514e-03 1.891408e-03
2.647647e+01 1.978026e-03 2.128192e-03 1.897719e-03 1.908166e-03
2.652847e+01 1.981449e-03 2.137205e-03 1.879431e-03 1.927712e-03
2.658047e+01 1.978994e-03 2.138719e-03 1.848838e-03 1.949425e-03
2.663247e+01 1.970588e-03 2.131420e-03 1.808062e-03 1.972283e-03
2.668447e+01 1.957115e-03 2.114549e-03 1.762194e-03 1.994602e-03
2.673647e+01 1.940107e-03 2.087974e-03 1.718457e-03 2.013891e-03
2.678847e+01 1.921252e-03 2.052088e-03 1.684740e-03 2.026930e-03
2.684047e+01 1.901892e-03 2.007586e-03 1.667937e-03 2.030152e-03
2.689247e+01 1.882707e-03 1.955238e-03 1.672566e-03 2.020318e-03
2.694447e+01 1.863732e-03 1.895824e-03 1.699989e-03 1.995383e-03
2.699647e+01 1.844657e-03 1.830312e-03 1.748313e-03 1.955347e-03
2.704847e+01 1.825260e-03 1.760185e-03 1.812827e-03 1.902768e-03
2.710047e+01 1.805693e-03 1.687714e-03 1.886740e-03 1.842624e-03
2.715247e+01 1.786462e-03 1.615955e-03 1.962017e-03 1.781414e-03
2.720447e+01 1.768076e-03 1.548362e-03 2.030240e-03 1.725625e-03
2.725647e+01 1.750552e-03 1.488145e-03 2.083492e-03 1.680019e-03
2.730847e+01 1.733060e-03 1.437586e-03 2.115263e-03 1.646331e-03
2.736047e+01 1.713907e-03 1.397602e-03 2.121273e-03 1.622846e-03
2.741247e+01 1.690904e-03 1.367671e-03 2.100014e-03 1.605025e-03
2.746447e+01 1.661948e-03 1.346115e-03 2.052819e-03 1.586910e-03
2.751647e+01 1.625590e-03 1.330570e-03 1.983398e-03 1.562803e-03
2.756847e+01 1.581355e-03 1.318456e-03 1.896975e-03 1.528635e-03
2.762047e+01 1.529767e-03 1.307315e-03 1.799319e-03 1.482667e-03
2.767247e+01 1.472125e-03 1.294965e-03 1.695951e-03 1.425458e-03
2.772447e+01 1.410191e-03 1.279550e-03 1.591714e-03 1.359308e-03
2.777647e+01 1.345906e-03 1.259553e-03 1.490658e-03 1.287508e-03
2.782847e+01 1.281201e-03 1.233888e-03 1.396066e-03 1.213648e-03
2.788047e+01 1.217872e-03 1.202059e-03 1.310456e-03 1.141101e-03
2.793247e+01 1.157497e-03 1.164347e-03 1.235446e-03 1.072698e-03
2.798447e+01 1.101337e-03 1.121945e-03 1.171555e-03 1.010512e-03
2.803647e+01 1.050246e-03 1.076919e-03 1.118076e-03 9.557417e-04
2.808847e+01 1.004608e-03 1.031994e-03 1.073158e-03 9.086735e-04
2.814047e+01 9.643551e-04 9.901440e-04 1.034146e-03 8.687752e-04
2.819247e+01 9.290442e-04 9.541059e-04 9.981210e-04 8.349058e-04
2.824447e+01 8.980037e-04 9.258979e-04 9.625013e-04 8.056120e-04
2.829647e+01 8.704820e-04 9.064827e-04 9.255255e-04 7.794378e-04
2.834847e+01 8.457713e-04 8.956456e-04 8.864959e-04 7.551722e-04
2.840047e+01 8.232792e-04 8.921165e-04 8.457293e-04 7.319920e-04
2.845247e+01 8.025509e-04 8.938963e-04 8.042633e-04 7.094932e-04
2.850447e+01 7.832604e-04 8.986946e-04 7.634439e-04 6.876427e-04
2.855647e+01 7.651961e-04 9.043607e-04 7.245411e-04 6.666866e-04
2.860847e+01 7.482540e-04 9.092042e-04 6.885068e-04 6.470508e-04
2.866047e+01 7.324358e-04 9.121483e-04 6.559073e-04 6.292517e-04
2.871247e+01 7.178395e-04 9.127172e-04 6.269817e-04 6.138195e-04
2.876447e+01 7.046261e-04 9.109097e-04 6.017383e-04 6.012303e-04
2.881647e+01 6.929605e-04 9.070278e-04 5.800177e-04 5.918360e-04
2.886847e+01 6.829364e-04 9.015122e-04 5.615070e-04 5.857902e-04
2.892047e+01 6.745076e-04 8.948041e-04 5.457415e-04 5.829771e-04
2.897247e+01 6.674452e-04 8.872283e-04 5.321413e-04 5.829660e-04
2.902447e+01 6.613379e-04 8.788870e-04 5.201064e-04 5.850203e-04
2.907647e+01 6.556355e-04 8.695783e-04 5.091440e-04 5.881841e-04
2.912847e+01 6.497275e-04 8.587695e-04 4.989753e-04 5.914377e-04
2.918047e+01 6.430368e-04 8.456575e-04 4.895697e-04 5.938833e-04
2.923247e+01 6.351010e-04 8.293202e-04 4.810884e-04 5.948943e-04
2.928447e+01 6.256193e-04 8.089278e-04 4.737555e-04 5.941747e-04
2.933647e+01 6.144572e-04 7.839572e-04 4.677055e-04 5.917088e-04
2.938847e+01 6.016159e-04 7.543485e-04 4.628645e-04 5.876347e-04
2.944047e+01 5.871924e-04 7.205672e-04 4.589059e-04 5.821041e-04
2.949247e+01 5.713535e-04 6.835634e-04 4.553004e-04 5.751967e-04
2.954447e+01 5.543359e-04 6.446441e-04 4.514416e-04 5.669219e-04
2.959647e+01 5.364666e-04 6.052932e-04 4.468063e-04 5.573002e-04
2.964847e+01 5.181813e-04 5.669759e-04 4.410915e-04 5.464764e-04
2.970047e+01 5.000197e-04 5.309710e-04 4.342826e-04 5.348054e-04
2.975247e+01 4.825849e-04 4.982605e-04 4.266337e-04 5.228605e-04
2.980447e+01 4.664726e-04 4.694920e-04 4.185762e-04 5.113495e-04
2.985647e+01 4.521871e-04 4.450039e-04 4.105943e-04 5.009630e-04
2.990847e+01 4.400699e-04 4.248862e-04 4.031142e-04 4.922094e-04
2.996047e+01 4.302606e-04 4.090404e-04 3.964351e-04 4.853062e-04
3.001247e+01 4.226974e-04 3.972129e-04 3.907125e-04 4.801666e-04
3.006447e+01 4.171538e-04 3.889991e-04 3.859792e-04 4.764831e-04
3.011647e+01 4.132933e-04 3.838391e-04 3.821835e-04 4.738572e-04
3.016847e+01 4.107252e-04 3.810383e-04 3.792282e-04 4.719090e-04
3.022047e+01 4.090538e-04 3.798367e-04 3.770014e-04 4.703233e-04
3.027247e+01 4.079227e-04 3.795286e-04 3.754026e-04 4.688368e-04
3.032447e+01 4.070628e-04 3.796017e-04 3.743725e-04 4.672142e-04
3.037647e+01 4.063457e-04 3.798465e-04 3.739259e-04 4.652648e-04
3.042847e+01 4.058267e-04 3.803888e-04 3.741823e-04 4.629091e-04
3.048047e+01 4.057492e-04 3.816167e-04 3.753739e-04 4.602570e-04
3.053247e+01 4.064877e-04 3.840199e-04 3.778152e-04 4.576281e-04
3.058447e+01 4.084279e-04 3.879891e-04 3.818241e-04 4.554705e-04
3.063647e+01 4.118194e-04 3.936529e-04 3.876106e-04 4.541945e-04
3.068847e+01 4.166578e-04 4.008124e-04 3.951676e-04 4.539936e-04
3.074047e+01 4.226502e-04 4.089990e-04 4.042093e-04 4.547424e-04
3.079247e+01 4.292808e-04 4.176246e-04 4.141910e-04 4.560269e-04
3.084447e+01 4.359529e-04 4.261524e-04 4.244126e-04 4.572938e-04
3.089647e+01 4.421464e-04 4.342153e-04 4.341713e-04 4.580526e-04
3.094847e+01 4.475315e-04 4.416451e-04 4.429067e-04 4.580426e-04
3.100047e+01 4.520050e-04 4.484289e-04 4.502802e-04 4.573057e-04
3.105247e+01 4.556547e-04 4.546448e-04 4.561656e-04 4.561536e-04
3.110447e+01 4.586845e-04 4.604248e-04 4.605674e-04 4.550614e-04
3.115647e+01 4.613385e-04 4.659577e-04 4.635206e-04 4.545373e-04
3.120847e+01 4.638479e-04 4.715025e-04 4.650280e-04 4.550131e-04
3.126047e+01 4.664040e-04 4.773686e-04 4.650693e-04 4.567739e-04
3.131247e+01 4.691472e-04 4.838412e-04 4.636674e-04 4.599330e-04
3.136447e+01 4.721594e-04 4.910690e-04 4.609665e-04 4.644428e-04
3.141647e+01 4.754544e-04 4.989642e-04 4.572665e-04 4.701323e-04
3.146847e+01 4.789691e-04 5.071642e-04 4.529854e-04 4.767577e-04
3.152047e+01 4.825655e-04 5.150817e-04 4.485667e-04 4.840482e-04
3.157247e+01 4.860475e-04 5.220315e-04 4.443807e-04 4.917302e-04
3.162447e+01 4.891942e-04 5.273897e-04 4.406730e-04 4.995198e-04
3.167647e+01 4.918024e-04 5.307314e-04 4.375855e-04 5.070905e-04
3.172847e+01 4.937235e-04 5.319005e-04 4.352310e-04 5.140389e-04
3.178047e+01 4.948771e-04 5.309892e-04 4.337695e-04 5.198726e-04
3.183247e+01 4.952338e-04 5.282354e-04 4.334321e-04 5.240339e-04
3.188447e+01 4.947700e-04 5.238819e-04 4.344703e-04 5.259579e-04
3.193647e+01 4.934181e-04 5.180588e-04 4.370488e-04 5.251467e-04
3.198847e+01 4.910425e-04 5.107449e-04 4.411374e-04 5.212450e-04
3.204047e+01 4.874651e-04 5.018302e-04 4.464580e-04 5.141070e-04
3.209247e+01 4.825379e-04 4.912499e-04 4.525156e-04 5.038482e-04
3.214447e+01 4.762320e-04 4.791222e-04 4.586990e-04 4.908748e-04
3.219647e+01 4.687000e-04 4.658193e-04 4.644060e-04 4.758746e-04
3.224847e+01 4.602810e-04 4.519359e-04 4.691486e-04 4.597585e-04
3.230047e+01 4.514525e-04 4.381787e-04 4.726200e-04 4.435589e-04
3.235247e+01 4.427643e-04 4.252391e-04 4.747369e-04 4.283171e-04
3.240447e+01 4.348001e-04 4.137193e-04 4.756814e-04 4.149995e-04
3.245647e+01 4.281882e-04 4.041438e-04 4.759486e-04 4.044721e-04
3.250847e+01 4.236408e-04 3.970339e-04 4.763672e-04 3.975211e-04
3.256047e+01 4.219687e-04 3.929871e-04 4.780408e-04 3.948781e-04
3.261247e+01 4.240183e-04 3.926895e-04 4.821686e-04 3.971967e-04
3.266447e+01 4.305141e-04 3.968264e-04 4.897591e-04 4.049569e-04
3.271647e+01 4.418439e-04 4.059005e-04 5.013153e-04 4.183158e-04
3.276847e+01 4.578648e-04 4.200199e-04 5.166137e-04 4.369608e-04
3.282047e+01 4.778164e-04 4.387378e-04 5.346811e-04 4.600304e-04
3.287247e+01 5.003887e-04 4.610186e-04 5.540003e-04 4.861471e-04
3.292447e+01 5.239368e-04 4.853610e-04 5.728798e-04 5.135696e-04
3.297647e+01 5.467805e-04 5.100563e-04 5.898532e-04 5.404320e-04
3.302847e+01 5.674975e-04 5.335104e-04 6.039668e-04 5.650154e-04
3.308047e+01 5.851360e-04 5.545364e-04 6.148835e-04 5.859881e-04
3.313247e+01 5.993097e-04 5.725433e-04 6.228175e-04 6.025684e-04
3.318447e+01 6.101868e-04 5.875877e-04 6.283836e-04 6.145892e-04
3.323647e+01 6.184093e-04 6.003055e-04 6.324491e-04 6.224733e-04
3.328847e+01 6.249811e-04 6.117677e-04 6.360294e-04 6.271462e-04
3.334047e+01 6.311392e-04 6.233040e-04 6.402093e-04 6.299042e-04
3.339247e+01 6.382039e-04 6.363165e-04 6.460466e-04 6.322487e-04
3.344447e+01 6.474034e-04 6.520895e-04 6.544322e-04 6.356886e-04
3.349647e+01 6.596846e-04 6.715987e-04 6.659243e-04 6.415307e-04
3.354847e+01 6.755485e-04 6.953409e-04 6.806068e-04 6.506979e-04
3.360047e+01 6.949520e-04 7.232130e-04 6.980161e-04 6.636269e-04
3.365247e+01 7.173021e-04 7.544743e-04 7.171583e-04 6.802735e-04
3.370447e+01 7.415442e-04 7.878114e-04 7.366107e-04 7.002105e-04
3.375647e+01 7.663242e-04 8.215086e-04 7.546957e-04 7.227682e-04
3.380847e+01 7.901954e-04 8.537041e-04 7.697220e-04 7.471602e-04
3.386047e+01 8.118450e-04 8.826919e-04 7.802814e-04 7.725617e-04
3.391247e+01 8.303039e-04 9.072019e-04 7.855658e-04 7.981438e-04
3.396447e+01 8.450985e-04 9.265844e-04 7.856251e-04 8.230859e-04
3.401647e+01 8.562972e-04 9.408342e-04 7.814691e-04 8.465883e-04
3.406847e+01 8.644252e-04 9.504412e-04 7.749379e-04 8.678964e-04
3.412047e+01 8.702656e-04 9.561154e-04 7.683396e-04 8.863417e-04
3.417247e+01 8.746119e-04 9.584916e-04 7.639443e-04 9.013999e-04
3.422447e+01 8.780628e-04 9.579342e-04 7.634894e-04 9.127649e-04
3.427647e+01 8.809336e-04 9.545229e-04 7.678556e-04 9.204224e-04
3.432847e+01 8.833084e-04 9.482209e-04 7.770111e-04 9.246934e-04
3.438047e+01 8.851932e-04 9.391429e-04 7.902188e-04 9.262180e-04
3.443247e+01 8.866867e-04 9.277913e-04 8.064037e-04 9.258651e-04
3.448447e+01 8.880787e-04 9.151395e-04 8.245209e-04 9.245756e-04
3.453647e+01 8.898199e-04 9.025097e-04 8.437795e-04 9.231704e-04
3.458847e+01 8.923628e-04 8.912811e-04 8.636505e-04 9.221567e-04
3.464047e+01 8.959323e-04 8.825376e-04 8.836878e-04 9.215714e-04
3.469247e+01 9.003186e-04 8.767827e-04 9.032687e-04 9.209044e-04
3.474447e+01 9.047855e-04 8.738192e-04 9.213914e-04 9.191458e-04
3.479647e+01 9.081473e-04 8.728208e-04 9.366364e-04 9.149846e-04
3.484847e+01 9.090116e-04 8.725571e-04 9.473315e-04 9.071464e-04
3.490047e+01 9.061208e-04 8.716914e-04 9.518823e-04 8.947889e-04
3.495247e+01 8.986856e-04 8.690654e-04 9.491678e-04 8.778237e-04
3.500447e+01 8.866010e-04 8.639075e-04 9.388697e-04 8.570257e-04
3.505647e+01 8.704698e-04 8.559323e-04 9.216196e-04 8.338575e-04
3.510847e+01 8.514276e-04 8.453281e-04 8.989020e-04 8.100528e-04
3.516047e+01 8.308326e-04 8.326453e-04 8.727377e-04 7.871149e-04
3.521247e+01 8.099325e-04 8.186141e-04 8.452515e-04 7.659319e-04
3.526447e+01 7.896208e-04 8.039391e-04 8.182657e-04 7.466575e-04
3.531647e+01 7.703495e-04 7.891313e-04 7.930389e-04 7.288784e-04
3.536847e+01 7.521964e-04 7.744367e-04 7.701955e-04 7.119570e-04
3.542047e+01 7.350253e-04 7.598878e-04 7.498138e-04 6.953742e-04
3.547247e+01 7.186569e-04 7.454523e-04 7.315939e-04 6.789245e-04
3.552447e+01 7.029850e-04 7.312029e-04 7.150314e-04 6.627206e-04
3.557647e+01 6.880141e-04 7.174186e-04 6.995624e-04 6.470612e-04
3.562847e+01 6.738392e-04 7.045648e-04 6.846803e-04 6.322723e-04
3.568047e+01 6.606043e-04 6.931628e-04 6.700397e-04 6.186105e-04
3.573247e+01 6.484757e-04 6.836221e-04 6.555445e-04 6.062605e-04
3.578447e+01 6.376408e-04 6.761227e-04 6.413995e-04 5.954001e-04
3.583647e+01 6.283240e-04 6.706022e-04 6.280928e-04 5.862770e-04
3.588847e+01 6.207938e-04 6.668418e-04 6.162978e-04 5.792419e-04
3.594047e+01 6.153379e-04 6.645937e-04 6.067135e-04 5.747064e-04
3.599247e+01 6.121971e-04 6.636813e-04 5.998868e-04 5.730231e-04
3.604447e+01 6.114737e-04 6.640296e-04 5.960701e-04 5.743214e-04
3.609647e+01 6.130438e-04 6.656254e-04 5.951501e-04 5.783559e-04
3.614847e+01 6.165116e-04 6.684371e-04 5.966598e-04 5.844380e-04
3.620047e+01 6.212289e-04 6.723323e-04 5.998608e-04 5.914936e-04
3.625247e+01 6.263789e-04 6.770197e-04 6.038723e-04 5.982447e-04
3.630447e+01 6.311010e-04 6.820275e-04 6.078145e-04 6.034609e-04
3.635647e+01 6.346226e-04 6.867283e-04 6.109385e-04 6.062012e-04
3.640847e+01 6.363708e-04 6.904165e-04 6.127131e-04 6.059827e-04
3.646047e+01 6.360461e-04 6.924355e-04 6.128519e-04 6.028509e-04
3.651247e+01 6.336539e-04 6.923277e-04 6.112766e-04 5.973573e-04
3.656447e+01 6.294840e-04 6.899549e-04 6.080379e-04 5.904592e-04
3.661647e+01 6.240370e-04 6.855310e-04 6.032285e-04 5.833515e-04
3.666847e+01 6.178984e-04 6.795330e-04 5.969258e-04 5.772363e-04
3.672047e+01 6.115872e-04 6.725130e-04 5.891860e-04 5.730627e-04
3.677247e+01 6.054213e-04 6.648807e-04 5.800832e-04 5.712999e-04
3.682447e+01 5.994449e-04 6.567504e-04 5.697621e-04 5.718221e-04
3.687647e+01 5.934447e-04 6.479178e-04 5.584613e-04 5.739550e-04
3.692847e+01 5.870415e-04 6.379730e-04 5.464825e-04 5.766688e-04
3.698047e+01 5.798160e-04 6.264944e-04 5.341089e-04 5.788448e-04
3.703247e+01 5.714206e-04 6.132338e-04 5.215142e-04 5.795139e-04
3.708447e+01 5.616434e-04 5.982185e-04 5.087157e-04 5.779962e-04
3.713647e+01 5.504241e-04 5.817401e-04 4.956069e-04 5.739253e-04
3.718847e+01 5.378391e-04 5.642590e-04 4.820616e-04 5.671968e-04
3.724047e+01 5.240805e-04 5.462835e-04 4.680594e-04 5.578986e-04
3.729247e+01 5.094371e-04 5.282823e-04 4.537659e-04 5.462630e-04
3.734447e+01 4.942780e-04 5.106583e-04 4.395240e-04 5.326517e-04
3.739647e+01 4.790288e-04 4.937738e-04 4.257598e-04 5.175528e-04
3.744847e+01 4.641398e-04 4.779979e-04 4.128527e-04 5.015688e-04
3.750047e+01 4.500527e-04 4.637406e-04 4.010351e-04 4.853822e-04
3.755247e+01 4.371743e-04 4.514539e-04 3.903671e-04 4.697020e-04
3.760447e+01 4.258604e-04 4.415898e-04 3.807863e-04 4.552051e-04
3.765647e+01 4.164008e-04 4.345203e-04 3.721964e-04 4.424856e-04
3.770847e+01 4.089973e-04 4.304326e-04 3.645424e-04 4.320170e-04
3.776047e+01 4.037303e-04 4.292238e-04 3.578394e-04 4.241277e-04
3.781247e+01 4.005230e-04 4.304299e-04 3.521540e-04 4.189851e-04
3.786447e+01 3.991264e-04 4.332249e-04 3.475645e-04 4.165896e-04
3.791647e+01 3.991440e-04 4.365171e-04 3.441316e-04 4.167832e-04
3.796847e+01 4.001038e-04 4.391364e-04 3.418960e-04 4.192792e-04
3.802047e+01 4.015617e-04 4.400767e-04 3.408941e-04 4.237142e-04
3.807247e+01 4.032027e-04 4.387254e-04 3.411716e-04 4.297113e-04
3.812447e+01 4.049044e-04 4.350060e-04 3.427733e-04 4.369339e-04
3.817647e+01 4.067336e-04 4.293828e-04 3.457086e-04 4.451093e-04
3.822847e+01 4.088799e-04 4.227218e-04 3.499077e-04 4.540103e-04
3.828047e+01 4.115505e-04 4.160518e-04 3.551924e-04 4.634074e-04
3.833247e+01 4.148696e-04 4.103079e-04 3.612822e-04 4.730189e-04
3.838447e+01 4.188223e-04 4.061391e-04 3.678395e-04 4.824883e-04
3.843647e+01 4.232629e-04 4.038339e-04 3.745475e-04 4.914073e-04
3.848847e+01 4.279791e-04 4.033664e-04 3.811978e-04 4.993731e-04
3.854047e+01 4.327790e-04 4.045223e-04 3.877603e-04 5.060544e-04
3.859247e+01 4.375599e-04 4.070382e-04 3.944052e-04 5.112362e-04
3.864447e+01 4.423286e-04 4.106973e-04 4.014574e-04 5.148309e-04
3.869647e+01 4.471685e-04 4.153534e-04 4.092861e-04 5.168662e-04
3.874847e+01 4.521744e-04 4.208909e-04 4.181600e-04 5.174724e-04
3.880047e+01 4.573874e-04 4.271559e-04 4.281218e-04 5.168845e-04
3.885247e+01 4.627625e-04 4.339024e-04 4.389356e-04 5.154495e-04
3.890447e+01 4.681765e-04 4.407837e-04 4.501321e-04 5.136137e-04
3.895647e+01 4.734677e-04 4.474011e-04 4.611350e-04 5.118671e-04
3.900847e+01 4.784835e-04 4.533881e-04 4.714178e-04 5.106446e-04
3.906047e+01 4.831160e-04 4.584996e-04 4.806312e-04 5.102171e-04
3.911247e+01 4.873190e-04 4.626684e-04 4.886655e-04 5.106231e-04
3.916447e+01 4.911103e-04 4.660119e-04 4.956430e-04 5.116759e-04
3.921647e+01 4.945673e-04 4.687889e-04 5.018633e-04 5.130498e-04
3.926847e+01 4.978191e-04 4.713299e-04 5.077240e-04 5.144034e-04
3.932047e+01 5.010251e-04 4.739627e-04 5.136306e-04 5.154819e-04
3.937247e+01 5.043345e-04 4.769503e-04 5.199007e-04 5.161525e-04
3.942447e+01 5.078286e-04 4.804483e-04 5.266717e-04 5.163658e-04
3.947647e+01 5.114653e-04 4.844810e-04 5.338327e-04 5.160822e-04
3.952847e+01 5.150545e-04 4.889386e-04 5.410078e-04 5.152173e-04
3.958047e+01 5.182851e-04 4.935974e-04 5.476100e-04 5.136480e-04
3.963247e+01 5.208005e-04 4.981616e-04 5.529606e-04 5.112793e-04
3.968447e+01 5.222986e-04 5.023191e-04 5.564440e-04 5.081326e-04
3.973647e+01 5.226172e-04 5.057982e-04 5.576531e-04 5.044002e-04
3.978847e+01 5.217746e-04 5.084117e-04 5.564852e-04 5.004267e-04
3.984047e+01 5.199517e-04 5.100825e-04 5.531605e-04 4.966121e-04
3.989247e+01 5.174232e-04 5.108468e-04 5.481571e-04 4.932656e-04
3.994447e+01 5.144607e-04 5.108376e-04 5.420789e-04 4.904655e-04
3.999647e+01 5.112382e-04 5.102476e-04 5.354877e-04 4.879794e-04
4.004847e+01 5.077710e-04 5.092755e-04 5.287490e-04 4.852886e-04
4.010047e+01 5.039095e-04 5.080629e-04 5.219400e-04 4.817257e-04
4.015247e+01 4.993939e-04 5.066366e-04 5.148531e-04 4.766920e-04
4.020447e+01 4.939501e-04 5.048718e-04 5.070974e-04 4.698811e-04
4.025647e+01 4.873917e-04 5.024921e-04 4.982613e-04 4.614217e-04
4.030847e+01 4.796885e-04 4.991108e-04 4.880785e-04 4.518762e-04
4.036047e+01 4.709791e-04 4.943081e-04 4.765406e-04 4.420887e-04
4.041247e+01 4.615290e-04 4.877222e-04 4.639237e-04 4.329410e-04
4.046447e+01 4.516576e-04 4.791321e-04 4.507323e-04 4.251083e-04
4.051647e+01 4.416662e-04 4.685129e-04 4.375862e-04 4.188996e-04
4.056847e+01 4.317895e-04 4.560537e-04 4.250901e-04 4.142247e-04
4.062047e+01 4.221807e-04 4.421442e-04 4.137218e-04 4.106761e-04
4.067247e+01 4.129273e-04 4.273374e-04 4.037635e-04 4.076811e-04
4.072447e+01 4.040843e-04 4.122955e-04 3.952905e-04 4.046670e-04
4.077647e+01 3.957119e-04 3.977243e-04 3.882162e-04 4.011951e-04
4.082847e+01 3.879062e-04 3.843017e-04 3.823783e-04 3.970387e-04
4.088047e+01 3.808146e-04 3.726112e-04 3.776337e-04 3.921990e-04
4.093247e+01 3.746306e-04 3.630964e-04 3.739274e-04 3.868682e-04
4.098447e+01 3.695689e-04 3.560439e-04 3.713051e-04 3.813578e-04
4.103647e+01 3.658255e-04 3.515920e-04 3.698655e-04 3.760189e-04
4.108847e+01 3.635324e-04 3.497501e-04 3.696729e-04 3.711742e-04
4.114047e+01 3.627208e-04 3.504159e-04 3.706686e-04 3.670778e-04
4.119247e+01 3.633016e-04 3.533830e-04 3.726207e-04 3.639010e-04
4.124447e+01 3.650717e-04 3.583474e-04 3.751311e-04 3.617364e-04
4.129647e+01 3.677435e-04 3.649230e-04 3.776986e-04 3.606089e-04
4.134847e+01 3.709924e-04 3.726730e-04 3.798175e-04 3.604867e-04
4.140047e+01 3.745122e-04 3.811547e-04 3.810876e-04 3.612944e-04
4.145247e+01 3.780682e-04 3.899652e-04 3.813104e-04 3.629289e-04
4.150447e+01 3.815362e-04 3.987794e-04 3.805527e-04 3.652766e-04
4.155647e+01 3.849188e-04 4.073741e-04 3.791553e-04 3.682271e-04
4.160847e+01 3.883334e-04 4.156425e-04 3.776770e-04 3.716807e-04
4.166047e+01 3.919771e-04 4.236010e-04 3.767765e-04 3.755539e-04
4.171247e+01 3.960814e-04 4.313870e-04 3.770626e-04 3.797945e-04
4.176447e+01 4.008707e-04 4.392406e-04 3.789585e-04 3.844129e-04
4.181647e+01 4.065369e-04 4.474643e-04 3.826297e-04 3.895169e-04
4.186847e+01 4.132284e-04 4.563628e-04 3.879965e-04 3.953260e-04
4.192047e+01 4.210437e-04 4.661778e-04 3.948159e-04 4.021373e-04
4.197247e+01 4.300219e-04 4.770387e-04 4.027892e-04 4.102379e-04
4.202447e+01 4.401298e-04 4.889481e-04 4.116499e-04 4.197913e-04
4.207647e+01 4.512527e-04 5.018064e-04 4.212079e-04 4.307439e-04
4.212847e+01 4.632052e-04 5.154625e-04 4.313588e-04 4.427942e-04
4.218047e+01 4.757613e-04 5.297665e-04 4.420830e-04 4.554344e-04
4.223247e+01 4.886966e-04 5.445991e-04 4.534461e-04 4.680445e-04
4.228447e+01 5.018185e-04 5.598641e-04 4.655925e-04 4.799988e-04
4.233647e+01 5.149680e-04 5.754442e-04 4.787038e-04 4.907562e-04
4.238847e+01 5.279910e-04 5.911383e-04 4.929087e-04 4.999259e-04
4.244047e+01 5.406948e-04 6.066050e-04 5.081664e-04 5.073128e-04
4.249247e+01 5.528199e-04 6.213365e-04 5.241766e-04 5.129465e-04
4.254447e+01 5.640461e-04 6.346804e-04 5.403726e-04 5.170852e-04
4.259647e+01 5.740382e-04 6.459146e-04 5.560185e-04 5.201815e-04
4.264847e+01 5.825158e-04 6.543657e-04 5.703784e-04 5.228032e-04
4.270047e+01 5.893205e-04 6.595456e-04 5.828879e-04 5.255281e-04
4.275247e+01 5.944565e-04 6.612701e-04 5.932577e-04 5.288417e-04
4.280447e+01 5.980904e-04 6.597219e-04 6.014806e-04 5.330688e-04
4.285647e+01 6.005136e-04 6.554319e-04 6.077591e-04 5.383497e-04
4.290847e+01 6.020799e-04 6.491800e-04 6.124074e-04 5.446524e-04
4.296047e+01 6.031424e-04 6.418469e-04 6.157786e-04 5.518018e-04
4.301247e+01 6.040054e-04 6.342634e-04 6.182387e-04 5.595140e-04
4.306447e+01 6.049014e-04 6.270979e-04 6.201748e-04 5.674314e-04
4.311647e+01 6.059881e-04 6.208003e-04 6.219983e-04 5.751655e-04
4.316847e+01 6.073497e-04 6.155930e-04 6.241119e-04 5.823443e-04
4.322047e+01 6.089943e-04 6.114933e-04 6.268302e-04 5.886594e-04
4.327247e+01 6.108448e-04 6.083554e-04 6.302798e-04 5.938993e-04
4.332447e+01 6.127376e-04 6.059328e-04 6.343198e-04 5.979602e-04
4.337647e+01 6.144412e-04 6.039617e-04 6.385272e-04 6.008348e-04
4.342847e+01 6.157003e-04 6.022490e-04 6.422644e-04 6.025874e-04
4.348047e+01 6.162922e-04 6.007337e-04 6.448177e-04 6.033252e-04
4.353247e+01 6.160753e-04 5.994932e-04 6.455630e-04 6.031697e-04
4.358447e+01 6.150055e-04 5.986844e-04 6.441054e-04 6.022265e-04
4.363647e+01 6.131161e-04 5.984481e-04 6.403489e-04 6.005511e-04
4.368847e+01 6.104711e-04 5.988203e-04 6.344780e-04 5.981150e-04
4.374047e+01 6.071169e-04 5.996914e-04 6.268720e-04 5.947873e-04
4.379247e+01 6.030555e-04 6.008235e-04 6.179913e-04 5.903518e-04
4.384447e+01 5.982501e-04 6.019014e-04 6.082821e-04 5.845668e-04
4.389647e+01 5.926550e-04 6.025814e-04 5.981234e-04 5.772603e-04
4.394847e+01 5.862496e-04 6.025103e-04 5.878158e-04 5.684227e-04
4.400047e+01 5.790574e-04 6.013199e-04 5.775943e-04 5.582580e-04
4.405247e+01 5.711426e-04 5.986253e-04 5.676414e-04 5.471610e-04
4.410447e+01 5.625918e-04 5.940586e-04 5.580924e-04 5.356245e-04
4.415647e+01 5.534995e-04 5.873494e-04 5.490352e-04 5.241141e-04
4.420847e+01 5.439698e-04 5.784270e-04 5.405144e-04 5.129681e-04
4.426047e+01 5.341364e-04 5.674957e-04 5.325454e-04 5.023679e-04
4.431247e+01 5.241855e-04 5.550365e-04 5.251335e-04 4.923865e-04
4.436447e+01 5.143628e-04 5.417221e-04 5.182869e-04 4.830795e-04
4.441647e+01 5.049503e-04 5.282754e-04 5.120148e-04 4.745607e-04
4.446847e+01 4.962198e-04 5.153302e-04 5.063141e-04 4.670151e-04
4.452047e+01 4.883843e-04 5.033542e-04 5.011578e-04 4.606410e-04
4.457247e+01 4.815689e-04 4.926518e-04 4.964971e-04 4.555576e-04
4.462447e+01 4.758104e-04 4.834229e-04 4.922788e-04 4.517293e-04
4.467647e+01 4.710763e-04 4.758202e-04 4.884619e-04 4.489469e-04
4.472847e+01 4.672808e-04 4.699589e-04 4.850153e-04 4.468683e-04
4.478047e+01 4.642831e-04 4.658697e-04 4.818905e-04 4.450892e-04
4.483247e+01 4.618713e-04 4.634255e-04 4.789811e-04 4.432074e-04
4.488447e+01 4.597510e-04 4.622907e-04 4.761025e-04 4.408597e-04
4.493647e+01 4.575587e-04 4.619294e-04 4.730121e-04 4.377347e-04
4.498847e+01 4.549101e-04 4.616759e-04 4.694739e-04 4.335805e-04
4.504047e+01 4.514677e-04 4.608455e-04 4.653355e-04 4.282219e-04
4.509247e+01 4.470060e-04 4.588516e-04 4.605795e-04 4.215869e-04
4.514447e+01 4.414487e-04 4.553026e-04 4.553147e-04 4.137288e-04
4.519647e+01 4.348679e-04 4.500625e-04 4.497128e-04 4.048283e-04
4.524847e+01 4.274519e-04 4.432664e-04 4.439177e-04 3.951715e-04
4.530047e+01 4.194564e-04 4.352866e-04 4.379738e-04 3.851090e-04
4.535247e+01 4.111542e-04 4.266508e-04 4.318023e-04 3.750095e-04
4.540447e+01 4.027907e-04 4.179253e-04 4.252284e-04 3.652185e-04
4.545647e+01 3.945520e-04 4.095877e-04 4.180424e-04 3.560258e-04
4.550847e+01 3.865447e-04 4.019242e-04 4.100656e-04 3.476444e-04
4.556047e+01 3.787962e-04 3.949859e-04 4.012027e-04 3.401999e-04
4.561247e+01 3.712746e-04 3.886170e-04 3.914746e-04 3.337320e-04
4.566447e+01 3.639281e-04 3.825474e-04 3.810317e-04 3.282053e-04
4.571647e+01 3.567286e-04 3.765113e-04 3.701487e-04 3.235258e-04
4.576847e+01 3.497022e-04 3.703496e-04 3.592000e-04 3.195569e-04
4.582047e+01 3.429343e-04 3.640550e-04 3.486163e-04 3.161316e-04
4.587247e+01 3.365458e-04 3.577499e-04 3.388228e-04 3.130646e-04
4.592447e+01 3.306498e-04 3.516118e-04 3.301694e-04 3.101681e-04
4.597647e+01 3.253076e-04 3.457840e-04 3.228617e-04 3.072772e-04
4.602847e+01 3.204983e-04 3.403112e-04 3.169056e-04 3.042782e-04
4.608047e+01 3.161112e-04 3.351239e-04 3.120803e-04 3.011295e-04
4.613247e+01 3.119627e-04 3.300710e-04 3.079536e-04 2.978637e-04
4.618447e+01 3.078319e-04 3.249815e-04 3.039478e-04 2.945664e-04
4.623647e+01 3.035071e-04 3.197294e-04 2.994510e-04 2.913411e-04
4.628847e+01 2.988346e-04 3.142775e-04 2.939495e-04 2.882767e-04
4.634047e+01 2.937569e-04 3.086928e-04 2.871439e-04 2.854339e-04
4.639247e+01 2.883325e-04 3.031310e-04 2.790129e-04 2.828537e-04
4.644447e+01 2.827285e-04 2.978004e-04 2.698044e-04 2.805806e-04
4.649647e+01 2.771875e-04 2.929183e-04 2.599626e-04 2.786817e-04
4.654847e+01 2.719792e-04 2.886729e-04 2.500161e-04 2.772487e-04
4.660047e+01 2.673487e-04 2.852031e-04 2.404660e-04 2.763771e-04
4.665247e+01 2.634758e-04 2.825952e-04 2.317004e-04 2.761319e-04
4.670447e+01 2.604496e-04 2.808893e-04 2.239498e-04 2.765097e-04
4.675647e+01 2.582571e-04 2.800800e-04 2.172821e-04 2.774091e-04
4.680847e+01 2.567845e-04 2.801059e-04 2.116269e-04 2.786208e-04
4.686047e+01 2.558310e-04 2.808313e-04 2.068189e-04 2.798428e-04
4.691247e+01 2.551380e-04 2.820375e-04 2.026513e-04 2.807252e-04
4.696447e+01 2.544352e-04 2.834376e-04 1.989282e-04 2.809397e-04
4.701647e+01 2.534934e-04 2.847188e-04 1.955059e-04 2.802555e-04
4.706847e+01 2.521680e-04 2.855966e-04 1.923110e-04 2.785964e-04
4.712047e+01 2.504164e-04 2.858613e-04 1.893302e-04 2.760579e-04
4.717247e+01 2.482845e-04 2.853995e-04 1.865780e-04 2.728761e-04
4.722447e+01 2.458708e-04 2.841907e-04 1.840592e-04 2.693626e-04
4.727647e+01 2.432876e-04 2.822892e-04 1.817439e-04 2.658297e-04
4.732847e+01 2.406346e-04 2.798050e-04 1.795664e-04 2.625323e-04
4.738047e+01 2.379909e-04 2.768890e-04 1.774461e-04 2.596376e-04
4.743247e+01 2.354204e-04 2.737193e-04 1.753181e-04 2.572237e-04
4.748447e+01 2.329795e-04 2.704837e-04 1.731590e-04 2.552957e-04
4.753647e+01 2.307223e-04 2.673544e-04 1.710016e-04 2.538108e-04
4.758847e+01 2.287000e-04 2.644638e-04 1.689337e-04 2.527027e-04
4.764047e+01 2.269582e-04 2.618896e-04 1.670862e-04 2.518990e-04
4.769247e+01 2.255344e-04 2.596602e-04 1.656133e-04 2.513296e-04
4.774447e+01 2.244568e-04 2.577773e-04 1.646684e-04 2.509246e-04
4.779647e+01 2.237427e-04 2.562435e-04 1.643778e-04 2.506068e-04
4.784847e+01 2.233931e-04 2.550768e-04 1.648150e-04 2.502875e-04
4.790047e+01 2.233829e-04 2.542947e-04 1.659803e-04 2.498737e-04
4.795247e+01 2.236487e-04 2.538696e-04 1.677881e-04 2.492885e-04
4.800447e+01 2.240817e-04 2.536761e-04 1.700692e-04 2.484999e-04
4.805647e+01 2.245313e-04 2.534616e-04 1.725874e-04 2.475449e-04
4.810847e+01 2.248236e-04 2.528644e-04 1.750716e-04 2.465349e-04
4.816047e+01 2.247904e-04 2.514840e-04 1.772545e-04 2.456326e-04
4.821247e+01 2.242941e-04 2.489764e-04 1.789070e-04 2.449990e-04
4.826447e+01 2.232404e-04 2.451371e-04 1.798605e-04 2.447236e-04
4.831647e+01 2.215701e-04 2.399393e-04 1.800115e-04 2.447593e-04
4.836847e+01 2.192401e-04 2.335170e-04 1.793147e-04 2.448885e-04
4.842047e+01 2.162047e-04 2.261081e-04 1.777701e-04 2.447360e-04
4.847247e+01 2.124103e-04 2.179876e-04 1.754129e-04 2.438303e-04
4.852447e+01 2.078059e-04 2.094168e-04 1.723075e-04 2.416935e-04
4.857647e+01 2.023640e-04 2.006184e-04 1.685409e-04 2.379328e-04
4.862847e+01 1.960978e-04 1.917731e-04 1.642138e-04 2.323064e-04
4.868047e+01 1.890656e-04 1.830191e-04 1.594256e-04 2.247522e-04
4.873247e+01 1.813610e-04 1.744438e-04 1.542593e-04 2.153800e-04
4.878447e+01 1.730927e-04 1.660684e-04 1.487716e-04 2.044382e-04
4.883647e+01 1.643669e-04 1.578395e-04 1.429931e-04 1.922682e-04
4.888847e+01 1.552804e-04 1.496439e-04 1.369382e-04 1.792592e-04
4.894047e+01 1.459267e-04 1.413510e-04 1.306199e-04 1.658092e-04
4.899247e+01 1.364117e-04 1.328731e-04 1.240651e-04 1.522970e-04
4.904447e+01 1.268691e-04 1.242171e-04 1.173234e-04 1.390669e-04
4.909647e+01 1.174677e-04 1.155102e-04 1.104689e-04 1.264239e-04
4.914847e+01 1.084066e-04 1.069872e-04 1.035962e-04 1.146364e-04
4.920047e+01 9.989969e-05 9.895052e-05 9.681109e-05 1.039375e-04
4.925247e+01 9.215211e-05 9.171472e-05 9.021985e-05 9.452176e-05
4.930447e+01 8.533255e-05 8.555021e-05 8.391652e-05 8.653093e-05
4.935647e+01 7.954307e-05 8.063040e-05 7.796969e-05 8.002911e-05
4.940847e+01 7.478880e-05 7.698532e-05 7.240878e-05 7.497231e-05
4.946047e+01 7.095330e-05 7.446691e-05 6.721178e-05 7.118122e-05
4.951247e+01 6.778920e-05 7.273832e-05 6.229895e-05 6.833032e-05
4.956447e+01 6.493542e-05 7.130195e-05 5.753853e-05 6.596578e-05
4.961647e+01 6.196731e-05 6.957344e-05 5.276894e-05 6.355955e-05
4.966847e+01 5.847528e-05 6.699303e-05 4.783656e-05 6.059625e-05
4.972047e+01 5.415477e-05 6.314791e-05 4.264041e-05 5.667597e-05
4.977247e+01 4.888143e-05 5.786961e-05 3.716959e-05 5.160508e-05
4.982447e+01 4.274646e-05 5.127510e-05 3.151909e-05 4.544518e-05
4.987647e+01 3.603825e-05 4.373769e-05 2.587634e-05 3.850070e-05
4.992847e+01 2.917463e-05 3.579720e-05 2.048153e-05 3.124515e-05
4.998047e+01 2.260676e-05 2.803804e-05 1.557410e-05 2.420815e-05
5.003247e+01 1.672415e-05 2.097151e-05 1.134257e-05 1.785837e-05
5.008447e+01 1.178706e-05 1.495260e-05 7.891686e-06 1.251689e-05
5.013647e+01 7.900498e-06 1.014665e-05 5.233751e-06 8.321096e-06
5.018847e+01 5.028412e-06 6.543613e-06 3.302143e-06 5.239481e-06
5.024047e+01 3.034967e-06 4.005072e-06 1.978634e-06 3.121196e-06
5.029247e+01 1.735010e-06 2.323465e-06 1.124199e-06 1.757366e-06
5.034447e+01 9.384210e-07 1.276009e-06 6.048008e-07 9.344529e-07
5.039647e+01 4.797346e-07 6.625926e-07 3.076892e-07 4.689220e-07
5.044847e+01 2.315808e-07 3.249556e-07 1.478535e-07 2.219331e-07
5.050047e+01 1.054679e-07 1.503577e-07 6.703586e-08 9.901020e-08
5.055247e+01 4.527926e-08 6.557281e-08 2.864967e-08 4.161531e-08
5.060447e+01 1.831086e-08 2.692925e-08 1.153168e-08 1.647164e-08
5.065647e+01 6.970148e-09 1.040562e-08 4.368071e-09 6.136750e-09
5.070847e+01 2.495830e-09 3.780341e-09 1.555991e-09 2.151159e-09
5.076047e+01 8.401601e-10 1.290381e-09 5.209158e-10 7.091835e-10
5.081247e+01 2.657214e-10 4.135733e-10 1.638055e-10 2.197853e-10
5.086447e+01 7.890305e-11 1.243734e-10 4.834561e-11 6.399013e-11
5.091647e+01 2.196924e-11 3.505893e-11 1.336508e-11 1.748372e-11
5.096847e+01 5.710170e-12 9.232668e-12 3.445648e-12 4.452194e-12
5.102047e+01 1.368546e-12 2.245247e-12 8.274842e-13 1.032906e-12
5.107247e+01 2.922573e-13 4.992410e-13 1.758356e-13 2.016952e-13
5.112447e+01 5.086985e-14 9.348455e-14 2.663053e-14 3.249447e-14
5.117647e+01 1.853138e-16 3.409737e-16 1.525296e-16 6.243803e-17
5.122847e+01 0.000000e+00 0.000000e+00 0.000000e+00 0.000000e+00
5.128047e+01 0.000000e+00 0.000000e+00 0.000000e+00 0.000000e+00
5.133247e+01 0.000000e+00 0.000000e+00 0.000000e+00 0.000000e+00
5.138447e+01 0.000000e+00 0.000000e+00 0.000000e+00 0.000000e+00
5.143647e+01 0.000000e+00 0.000000e+00 0.000000e+00 0.000000e+00
5.148847e+01 0.000000e+00 0.000000e+00 0.000000e+00 0.000000e+00
5.154047e+01 0.000000e+00 0.000000e+00 0.000000e+00 0.000000e+00
5.159247e+01 0.000000e+00 0.000000e+00 0.000000e+00 0.000000e+00
5.164447e+01 0.000000e+00 0.000000e+00 0.000000e+00 0.000000e+00
5.169647e+01 0.000000e+00 0.000000e+00 0.000000e+00 0.000000e+00
5.174847e+01 0.000000e+00 0.000000e+00 0.000000e+00 0.000000e+00
5.180047e+01 0.000000e+00 0.000000e+00 0.000000e+00 0.000000e+00
5.185247e+01 0.000000e+00 0.000000e+00 0.000000e+00 0.000000e+00
5.190447e+01 0.000000e+00 0.000000e+00 0.000000e+00 0.000000e+00
5.195647e+01 0.000000e+00 0.000000e+00 0.000000e+00 0.000000e+00
5.200847e+01 0.000000e+00 0.000000e+00 0.000000e+00 0.000000e+00
5.206047e+01 0.000000e+00 0.000000e+00 0.000000e+00 0.000000e+00
5.211247e+01 0.000000e+00 0.000000e+00 0.000000e+00 0.000000e+00
5.216447e+01 0.000000e+00 0.000000e+00 0.000000e+00 0.000000e+00
5.221647e+01 0.000000e+00 0.000000e+00 0.000000e+00 0.000000e+00
5.226847e+01 0.000000e+00 0.000000e+00 0.000000e+00 0.000000e+00
5.232047e+01 0.000000e+00 0.000000e+00 0.000000e+00 0.000000e+00
5.237247e+01 0.000000e+00 0.000000e+00 0.000000e+00 0.000000e+00
5.242447e+01 0.000000e+00 0.000000e+00 0.000000e+00 0.000000e+00
5.247647e+01 0.000000e+00 0.000000e+00 0.000000e+00 0.000000e+00
5.252847e+01 0.000000e+00 0.000000e+00 0.000000e+00 0.000000e+00
5.258047e+01 0.000000e+00 0.000000e+00 0.000000e+00 0.000000e+00
5.263247e+01 0.000000e+00 0.000000e+00 0.000000e+00 0.000000e+00
5.268447e+01 0.000000e+00 0.000000e+00 0.000000e+00 0.000000e+00
5.273647e+01 0.000000e+00 0.000000e+00 0.000000e+00 0.000000e+00
5.278847e+01 0.000000e+00 0.000000e+00 0.000000e+00 0.000000e+00
5.284047e+01 0.000000e+00 0.000000e+00 0.000000e+00 0.000000e+00
5.289247e+01 0.000000e+00 0.000000e+00 0.000000e+00 0.000000e+00
5.294447e+01 0.000000e+00 0.000000e+00 0.000000e+00 0.000000e+00
5.299647e+01 0.000000e+00 0.000000e+00 0.000000e+00 0.000000e+00
5.304847e+01 0.000000e+00 0.000000e+00 0.000000e+00 0.000000e+00
5.310047e+01 0.000000e+00 0.000000e+00 0.000000e+00 0.000000e+00
5.315247e+01 0.000000e+00 0.000000e+00 0.000000e+00 0.000000e+00
5.320447e+01 0.000000e+00 0.000000e+00 0.000000e+00 0.000000e+00
5.325647e+01 0.000000e+00 0.000000e+00 0.000000e+00 0.000000e+00
5.330847e+01 0.000000e+00 0.000000e+00 0.000000e+00 0.000000e+00
5.336047e+01 0.000000e+00 0.000000e+00 0.000000e+00 0.000000e+00
5.341247e+01 0.000000e+00 0.000000e+00 0.000000e+00 0.000000e+00
5.346447e+01 0.000000e+00 0.000000e+00 0.000000e+00 0.000000e+00
5.351647e+01 0.000000e+00 0.000000e+00 0.000000e+00 0.000000e+00
5.356847e+01 0.000000e+00 0.000000e+00 0.000000e+00 0.000000e+00
5.362047e+01 0.000000e+00 0.000000e+00 0.000000e+00 0.000000e+00
5.367247e+01 0.000000e+00 0.000000e+00 0.000000e+00 0.000000e+00
5.372447e+01 0.000000e+00 0.000000e+00 0.000000e+00 0.000000e+00
5.377647e+01 0.000000e+00 0.000000e+00 0.000000e+00 0.000000e+00
5.382847e+01 0.000000e+00 0.000000e+00 0.000000e+00 0.000000e+00
5.388047e+01 0.000000e+00 0.000000e+00 0.000000e+00 0.000000e+00
5.393247e+01 0.000000e+00 0.000000e+00 0.000000e+00 0.000000e+00
5.398447e+01 0.000000e+00 0.000000e+00 0.000000e+00 0.000000e+00
5.403647e+01 0.000000e+00 0.000000e+00 0.000000e+00 0.000000e+00
5.408847e+01 0.000000e+00 0.000000e+00 0.000000e+00 0.000000e+00
5.414047e+01 0.000000e+00 0.000000e+00 0.000000e+00 0.000000e+00
5.419247e+01 0.000000e+00 0.000000e+00 0.000000e+00 0.000000e+00
5.424447e+01 0.000000e+00 0.000000e+00 0.000000e+00 0.000000e+00
5.429647e+01 0.000000e+00 0.000000e+00 0.000000e+00 0.000000e+00
5.434847e+01 0.000000e+00 0.000000e+00 0.000000e+00 0.000000e+00
5.440047e+01 0.000000e+00 0.000000e+00 0.000000e+00 0.000000e+00
5.445247e+01 0.000000e+00 0.000000e+00 0.000000e+00 0.000000e+00
5.450447e+01 0.000000e+00 0.000000e+00 0.000000e+00 0.000000e+00
5.455647e+01 0.000000e+00 0.000000e+00 0.000000e+00 0.000000e+00
5.460847e+01 0.000000e+00 0.000000e+00 0.000000e+00 0.000000e+00
5.466047e+01 0.000000e+00 0.000000e+00 0.000000e+00 0.000000e+00
5.471247e+01 0.000000e+00 0.000000e+00 0.000000e+00 0.000000e+00
5.476447e+01 0.000000e+00 0.000000e+00 0.000000e+00 0.000000e+00
5.481647e+01 0.000000e+00 0.000000e+00 0.000000e+00 0.000000e+00
5.486847e+01 0.000000e+00 0.000000e+00 0.000000e+00 0.000000e+00
5.492047e+01 0.000000e+00 0.000000e+00 0.000000e+00 0.000000e+00
5.497247e+01 0.000000e+00 0.000000e+00 0.000000e+00 0.000000e+00
5.502447e+01 0.000000e+00 0.000000e+00 0.000000e+00 0.000000e+00
5.507647e+01 0.000000e+00 0.000000e+00 0.000000e+00 0.000000e+00
5.512847e+01 0.000000e+00 0.000000e+00 0.000000e+00 0.000000e+00
5.518047e+01 0.000000e+00 0.000000e+00 0.000000e+00 0.000000e+00
5.523247e+01 0.000000e+00 0.000000e+00 0.000000e+00 0.000000e+00
5.528447e+01 0.000000e+00 0.000000e+00 0.000000e+00 0.000000e+00
5.533647e+01 0.000000e+00 0.000000e+00 0.000000e+00 0.000000e+00
5.538847e+01 0.000000e+00 0.000000e+00 0.000000e+00 0.000000e+00
5.544047e+01 0.000000e+00 0.000000e+00 0.000000e+00 0.000000e+00
5.549247e+01 0.000000e+00 0.000000e+00 0.000000e+00 0.000000e+00
5.554447e+01 0.000000e+00 0.000000e+00 0.000000e+00 0.000000e+00
5.559647e+01 0.000000e+00 0.000000e+00 0.000000e+00 0.000000e+00
5.564847e+01 0.000000e+00 0.000000e+00 0.000000e+00 0.000000e+00
5.570047e+01 0.000000e+00 0.000000e+00 0.000000e+00 0.000000e+00
5.575247e+01 0.000000e+00 0.000000e+00 0.000000e+00 0.000000e+00
5.580447e+01 0.000000e+00 0.000000e+00 0.000000e+00 0.000000e+00
5.585647e+01 0.000000e+00 0.000000e+00 0.000000e+00 0.000000e+00
5.590847e+01 0.000000e+00 0.000000e+00 0.000000e+00 0.000000e+00
5.596047e+01 0.000000e+00 0.000000e+00 0.000000e+00 0.000000e+00
5.601247e+01 0.000000e+00 0.000000e+00 0.000000e+00 0.000000e+00
5.606447e+01 0.000000e+00 0.000000e+00 0.000000e+00 0.000000e+00
5.611647e+01 0.000000e+00 0.000000e+00 0.000000e+00 0.000000e+00
5.616847e+01 0.000000e+00 0.000000e+00 0.000000e+00 0.000000e+00
5.622047e+01 0.000000e+00 0.000000e+00 0.000000e+00 0.000000e+00
5.627247e+01 0.000000e+00 0.000000e+00 0.000000e+00 0.000000e+00
5.632447e+01 0.000000e+00 0.000000e+00 0.000000e+00 0.000000e+00
5.637647e+01 0.000000e+00 0.000000e+00 0.000000e+00 0.000000e+00
5.642847e+01 0.000000e+00 0.000000e+00 0.000000e+00 0.000000e+00
