3.501312e+00 0.000000e+00 0.000000e+00 0.000000e+00 0.000000e+00
3.553312e+00 0.000000e+00 0.000000e+00 0.000000e+00 0.000000e+00
3.605312e+00 0.000000e+00 0.000000e+00 0.000000e+00 0.000000e+00
3.657312e+00 0.000000e+00 0.000000e+00 0.000000e+00 0.000000e+00
3.709312e+00 0.000000e+00 0.000000e+00 0.000000e+00 0.000000e+00
3.761312e+00 0.000000e+00 0.000000e+00 0.000000e+00 0.000000e+00
3.813312e+00 0.000000e+00 0.000000e+00 0.000000e+00 0.000000e+00
3.865312e+00 0.000000e+00 0.000000e+00 0.000000e+00 0.000000e+00
3.917312e+00 0.000000e+00 0.000000e+00 0.000000e+00 0.000000e+00
3.969312e+00 0.000000e+00 0.000000e+00 0.000000e+00 0.000000e+00
4.021312e+00 0.000000e+00 0.000000e+00 0.000000e+00 0.000000e+00
4.073312e+00 0.000000e+00 0.000000e+00 0.000000e+00 0.000000e+00
4.125312e+00 0.000000e+00 0.000000e+00 0.000000e+00 0.000000e+00
4.177312e+00 0.000000e+00 0.000000e+00 0.000000e+00 0.000000e+00
4.229312e+00 0.000000e+00 0.000000e+00 0.000000e+00 0.000000e+00
4.281312e+00 0.000000e+00 0.000000e+00 0.000000e+00 0.000000e+00
4.333312e+00 0.000000e+00 0.000000e+00 0.000000e+00 0.000000e+00
4.385312e+00 0.000000e+00 0.000000e+00 0.000000e+00 0.000000e+00
4.437312e+00 0.000000e+00 0.000000e+00 0.000000e+00 0.000000e+00
4.489312e+00 0.000000e+00 0.000000e+00 0.000000e+00 0.000000e+00
4.541312e+00 0.000000e+00 0.000000e+00 0.000000e+00 0.000000e+00
4.593312e+00 0.000000e+00 0.000000e+00 0.000000e+00 0.000000e+00
4.645312e+00 0.000000e+00 0.000000e+00 0.000000e+00 0.000000e+00
4.697312e+00 0.000000e+00 0.000000e+00 0.000000e+00 0.000000e+00
4.749312e+00 0.000000e+00 0.000000e+00 0.000000e+00 0.000000e+00
4.801312e+00 0.000000e+00 0.000000e+00 0.000000e+00 0.000000e+00
4.853312e+00 0.000000e+00 0.000000e+00 0.000000e+00 0.000000e+00
4.905312e+00 0.000000e+00 0.000000e+00 0.000000e+00 0.000000e+00
4.957312e+00 0.000000e+00 0.000000e+00 0.000000e+00 0.000000e+00
5.009312e+00 0.000000e+00 0.000000e+00 0.000000e+00 0.000000e+00
5.061312e+00 0.000000e+00 0.000000e+00 0.000000e+00 0.000000e+00
5.113312e+00 0.000000e+00 0.000000e+00 0.000000e+00 0.000000e+00
5.165312e+00 0.000000e+00 0.000000e+00 0.000000e+00 0.000000e+00
5.217312e+00 0.000000e+00 0.000000e+00 0.000000e+00 0.000000e+00
5.269312e+00 0.000000e+00 0.000000e+00 0.000000e+00 0.000000e+00
5.321312e+00 0.000000e+00 0.000000e+00 0.000000e+00 0.000000e+00
5.373312e+00 0.000000e+00 0.000000e+00 0.000000e+00 0.000000e+00
5.425312e+00 0.000000e+00 0.000000e+00 0.000000e+00 0.000000e+00
5.477312e+00 0.000000e+00 0.000000e+00 0.000000e+00 0.000000e+00
5.529312e+00 0.000000e+00 0.000000e+00 0.000000e+00 0.000000e+00
5.581312e+00 0.000000e+00 0.000000e+00 0.000000e+00 0.000000e+00
5.633312e+00 0.000000e+00 0.000000e+00 0.000000e+00 0.000000e+00
5.685312e+00 0.000000e+00 0.000000e+00 0.000000e+00 0.000000e+00
5.737312e+00 0.000000e+00 0.000000e+00 0.000000e+00 0.000000e+00
5.789312e+00 0.000000e+00 0.000000e+00 0.000000e+00 0.000000e+00
5.841312e+00 0.000000e+00 0.000000e+00 0.000000e+00 0.000000e+00
5.893312e+00 0.000000e+00 0.000000e+00 0.000000e+00 0.000000e+00
5.945312e+00 0.000000e+00 0.000000e+00 0.000000e+00 0.000000e+00
5.997312e+00 0.000000e+00 0.000000e+00 0.000000e+00 0.000000e+00
6.049312e+00 0.000000e+00 0.000000e+00 0.000000e+00 0.000000e+00
6.101312e+00 0.000000e+00 0.000000e+00 0.000000e+00 0.000000e+00
6.153312e+00 0.000000e+00 0.000000e+00 0.000000e+00 0.000000e+00
6.205312e+00 0.000000e+00 0.000000e+00 0.000000e+00 0.000000e+00
6.257312e+00 0.000000e+00 0.000000e+00 0.000000e+00 0.000000e+00
6.309312e+00 0.000000e+00 0.000000e+00 0.000000e+00 0.000000e+00
6.361312e+00 0.000000e+00 0.000000e+00 0.000000e+00 0.000000e+00
6.413312e+00 0.000000e+00 0.000000e+00 0.000000e+00 0.000000e+00
6.465312e+00 0.000000e+00 0.000000e+00 0.000000e+00 0.000000e+00
6.517312e+00 0.000000e+00 0.000000e+00 0.000000e+00 0.000000e+00
6.569312e+00 0.000000e+00 0.000000e+00 0.000000e+00 0.000000e+00
6.621312e+00 0.000000e+00 0.000000e+00 0.000000e+00 0.000000e+00
6.673312e+00 0.000000e+00 0.000000e+00 0.000000e+00 0.000000e+00
6.725312e+00 0.000000e+00 0.000000e+00 0.000000e+00 0.000000e+00
6.777312e+00 0.000000e+00 0.000000e+00 0.000000e+00 0.000000e+00
6.829312e+00 0.000000e+00 0.000000e+00 0.000000e+00 0.000000e+00
6.881312e+00 0.000000e+00 0.000000e+00 0.000000e+00 0.000000e+00
6.933312e+00 0.000000e+00 0.000000e+00 0.000000e+00 0.000000e+00
6.985312e+00 0.000000e+00 0.000000e+00 0.000000e+00 0.000000e+00
7.037312e+00 0.000000e+00 0.000000e+00 0.000000e+00 0.000000e+00
7.089312e+00 0.000000e+00 0.000000e+00 0.000000e+00 0.000000e+00
7.141312e+00 0.000000e+00 0.000000e+00 0.000000e+00 0.000000e+00
7.193312e+00 0.000000e+00 0.000000e+00 0.000000e+00 0.000000e+00
7.245312e+00 0.000000e+00 0.000000e+00 0.000000e+00 0.000000e+00
7.297312e+00 0.000000e+00 0.000000e+00 0.000000e+00 0.000000e+00
7.349312e+00 3.319466e-15 6.920798e-15 3.029481e-15 8.118991e-18
7.401312e+00 1.519253e-14 3.167511e-14 1.386533e-14 3.715899e-17
7.453312e+00 6.498808e-14 1.354945e-13 5.931079e-14 1.589526e-16
7.505312e+00 3.790953e-13 7.022041e-13 3.472349e-13 8.784682e-14
7.557312e+00 1.503436e-12 2.737763e-12 1.375674e-12 3.968692e-13
7.609312e+00 5.804747e-12 1.025429e-11 5.296812e-12 1.863140e-12
7.661312e+00 2.062049e-11 3.560187e-11 1.877417e-11 7.485449e-12
7.713312e+00 6.918145e-11 1.165430e-10 6.281389e-11 2.818751e-11
7.765312e+00 2.198209e-10 3.604888e-10 1.988835e-10 1.000902e-10
7.817312e+00 6.596770e-10 1.052456e-09 5.945154e-10 3.320599e-10
7.869312e+00 1.873149e-09 2.904624e-09 1.680506e-09 1.034318e-09
7.921312e+00 5.035388e-09 7.585081e-09 4.494794e-09 3.026288e-09
7.973312e+00 1.281866e-08 1.875441e-08 1.137905e-08 8.322519e-09
8.025312e+00 3.091474e-08 4.393876e-08 2.727902e-08 2.152644e-08
8.077312e+00 7.065427e-08 9.760670e-08 6.195069e-08 5.240543e-08
8.129312e+00 1.530763e-07 2.057222e-07 1.333355e-07 1.201711e-07
8.181312e+00 3.145133e-07 4.116553e-07 2.721055e-07 2.597791e-07
8.233312e+00 6.130994e-07 7.825880e-07 5.268258e-07 5.298845e-07
8.285312e+00 1.134587e-06 1.414534e-06 9.683615e-07 1.020866e-06
8.337312e+00 1.994781e-06 2.433177e-06 1.691338e-06 1.859829e-06
8.389312e+00 3.335461e-06 3.987650e-06 2.810202e-06 3.208531e-06
8.441312e+00 5.311727e-06 6.235860e-06 4.448366e-06 5.250954e-06
8.493312e+00 8.071862e-06 9.323311e-06 6.721402e-06 8.170872e-06
8.545312e+00 1.173542e-05 1.336165e-05 9.718727e-06 1.212588e-05
8.597312e+00 1.637915e-05 1.841614e-05 1.349096e-05 1.723036e-05
8.649312e+00 2.204008e-05 2.450958e-05 1.804981e-05 2.356084e-05
8.701312e+00 2.873809e-05 3.164312e-05 2.338211e-05 3.118904e-05
8.753312e+00 3.650758e-05 3.982204e-05 2.947097e-05 4.022972e-05
8.805312e+00 4.541534e-05 4.906606e-05 3.630869e-05 5.087127e-05
8.857312e+00 5.553976e-05 5.938414e-05 4.388548e-05 6.334965e-05
8.909312e+00 6.690177e-05 7.071093e-05 5.214897e-05 7.784542e-05
8.961312e+00 7.936820e-05 8.282859e-05 6.094886e-05 9.432715e-05
9.013312e+00 9.257806e-05 9.532059e-05 6.999965e-05 1.124139e-04
9.065312e+00 1.059519e-04 1.076053e-04 7.889824e-05 1.313522e-04
9.117312e+00 1.188210e-04 1.190713e-04 8.721725e-05 1.501745e-04
9.169312e+00 1.306644e-04 1.292923e-04 9.466573e-05 1.680353e-04
9.221312e+00 1.413968e-04 1.382660e-04 1.012833e-04 1.846411e-04
9.273312e+00 1.516256e-04 1.466090e-04 1.076246e-04 2.006431e-04
9.325312e+00 1.628074e-04 1.556555e-04 1.148952e-04 2.178715e-04
9.377312e+00 1.772536e-04 1.674271e-04 1.250043e-04 2.393295e-04
9.429312e+00 1.979503e-04 1.844491e-04 1.404891e-04 2.689126e-04
9.481312e+00 2.281687e-04 2.093973e-04 1.642557e-04 3.108531e-04
9.533312e+00 2.708808e-04 2.445909e-04 1.991048e-04 3.689467e-04
9.585312e+00 3.280716e-04 2.914252e-04 2.470901e-04 4.456994e-04
9.637312e+00 4.001463e-04 3.499311e-04 3.088889e-04 5.416189e-04
9.689312e+00 4.856810e-04 4.186847e-04 3.834569e-04 6.549015e-04
9.741312e+00 5.816955e-04 4.952047e-04 4.682222e-04 7.816596e-04
9.793312e+00 6.844239e-04 5.767602e-04 5.598700e-04 9.166413e-04
9.845312e+00 7.903197e-04 6.612778e-04 6.554730e-04 1.054208e-03
9.897312e+00 8.968925e-04 7.479245e-04 7.534679e-04 1.189285e-03
9.949312e+00 1.003053e-03 8.370702e-04 8.539792e-04 1.318108e-03
1.000131e+01 1.108912e-03 9.296598e-04 9.582937e-04 1.438782e-03
1.005331e+01 1.215301e-03 1.026380e-03 1.067775e-03 1.551748e-03
1.010531e+01 1.323408e-03 1.127141e-03 1.182866e-03 1.660218e-03
1.015731e+01 1.434791e-03 1.231209e-03 1.302805e-03 1.770359e-03
1.020931e+01 1.551642e-03 1.337861e-03 1.426208e-03 1.890856e-03
1.026131e+01 1.676862e-03 1.447054e-03 1.552061e-03 2.031472e-03
1.031331e+01 1.813469e-03 1.559505e-03 1.680307e-03 2.200596e-03
1.036531e+01 1.963281e-03 1.675959e-03 1.811472e-03 2.402410e-03
1.041731e+01 2.125441e-03 1.796020e-03 1.945439e-03 2.634863e-03
1.046931e+01 2.295741e-03 1.917332e-03 2.080201e-03 2.889690e-03
1.052131e+01 2.467540e-03 2.035856e-03 2.211660e-03 3.155105e-03
1.057331e+01 2.634310e-03 2.147424e-03 2.334980e-03 3.420525e-03
1.062531e+01 2.792861e-03 2.249975e-03 2.447134e-03 3.681475e-03
1.067731e+01 2.945661e-03 2.345369e-03 2.549397e-03 3.942217e-03
1.072931e+01 3.100748e-03 2.439733e-03 2.648366e-03 4.214144e-03
1.078131e+01 3.268692e-03 2.541854e-03 2.754628e-03 4.509594e-03
1.083331e+01 3.457401e-03 2.660012e-03 2.879234e-03 4.832956e-03
1.088531e+01 3.666761e-03 2.798354e-03 3.029157e-03 5.172773e-03
1.093731e+01 3.885551e-03 2.954132e-03 3.203446e-03 5.499076e-03
1.098931e+01 4.092353e-03 3.116868e-03 3.391609e-03 5.768583e-03
1.104131e+01 4.260642e-03 3.269849e-03 3.574973e-03 5.937104e-03
1.109331e+01 4.366416e-03 3.393590e-03 3.730755e-03 5.974903e-03
1.114531e+01 4.395603e-03 3.470317e-03 3.837639e-03 5.878853e-03
1.119731e+01 4.348563e-03 3.488282e-03 3.881191e-03 5.676215e-03
1.124931e+01 4.240220e-03 3.444758e-03 3.857504e-03 5.418397e-03
1.130131e+01 4.096058e-03 3.346892e-03 3.774015e-03 5.167267e-03
1.135331e+01 3.945549e-03 3.210117e-03 3.647311e-03 4.979219e-03
1.140531e+01 3.815124e-03 3.054479e-03 3.498637e-03 4.892257e-03
1.145731e+01 3.722572e-03 2.899892e-03 3.348544e-03 4.919278e-03
1.150931e+01 3.674092e-03 2.761740e-03 3.212350e-03 5.048185e-03
1.156131e+01 3.664530e-03 2.648229e-03 3.097728e-03 5.247631e-03
1.161331e+01 3.680548e-03 2.560246e-03 3.004967e-03 5.476432e-03
1.166531e+01 3.705782e-03 2.493515e-03 2.929420e-03 5.694411e-03
1.171731e+01 3.726342e-03 2.441946e-03 2.864936e-03 5.872146e-03
1.176931e+01 3.734781e-03 2.400648e-03 2.806824e-03 5.996872e-03
1.182131e+01 3.731031e-03 2.367419e-03 2.753286e-03 6.072386e-03
1.187331e+01 3.719985e-03 2.342323e-03 2.705022e-03 6.112609e-03
1.192531e+01 3.706839e-03 2.325874e-03 2.663504e-03 6.131138e-03
1.197731e+01 3.692357e-03 2.316908e-03 2.628911e-03 6.131253e-03
1.202931e+01 3.670327e-03 2.311205e-03 2.598711e-03 6.101064e-03
1.208131e+01 3.628458e-03 2.301518e-03 2.567552e-03 6.016305e-03
1.213331e+01 3.552405e-03 2.279035e-03 2.528510e-03 5.849671e-03
1.218531e+01 3.431153e-03 2.235755e-03 2.475252e-03 5.582450e-03
1.223731e+01 3.261442e-03 2.166908e-03 2.404243e-03 5.213175e-03
1.228931e+01 3.049437e-03 2.072525e-03 2.316093e-03 4.759693e-03
1.234131e+01 2.809092e-03 1.957559e-03 2.215399e-03 4.254319e-03
1.239331e+01 2.558131e-03 1.830530e-03 2.109069e-03 3.734795e-03
1.244531e+01 2.313378e-03 1.701233e-03 2.003770e-03 3.235131e-03
1.249731e+01 2.087198e-03 1.578407e-03 1.903578e-03 2.779608e-03
1.254931e+01 1.886047e-03 1.468152e-03 1.808836e-03 2.381152e-03
1.260131e+01 1.711102e-03 1.373459e-03 1.716633e-03 2.043215e-03
1.265331e+01 1.560175e-03 1.294692e-03 1.622635e-03 1.763197e-03
1.270531e+01 1.429842e-03 1.230551e-03 1.523355e-03 1.535619e-03
1.275731e+01 1.317010e-03 1.178992e-03 1.417928e-03 1.354110e-03
1.280931e+01 1.219590e-03 1.137827e-03 1.308719e-03 1.212225e-03
1.286131e+01 1.136452e-03 1.104970e-03 1.200730e-03 1.103656e-03
1.291331e+01 1.067027e-03 1.078489e-03 1.100211e-03 1.022381e-03
1.296531e+01 1.010915e-03 1.056628e-03 1.013132e-03 9.629843e-04
1.301731e+01 9.676459e-04 1.037889e-03 9.439929e-04 9.210555e-04
1.306931e+01 9.365610e-04 1.021121e-03 8.952005e-04 8.933613e-04
1.312131e+01 9.166799e-04 1.005514e-03 8.669237e-04 8.776017e-04
1.317331e+01 9.064921e-04 9.904507e-04 8.572515e-04 8.717740e-04
1.322531e+01 9.037344e-04 9.752607e-04 8.625169e-04 8.734257e-04
1.327731e+01 9.053171e-04 9.590233e-04 8.777551e-04 8.791730e-04
1.332931e+01 9.075414e-04 9.405349e-04 8.973218e-04 8.847675e-04
1.338131e+01 9.066241e-04 9.184731e-04 9.156648e-04 8.857344e-04
1.343331e+01 8.993876e-04 8.916712e-04 9.281617e-04 8.783299e-04
1.348531e+01 8.838831e-04 8.593722e-04 9.318595e-04 8.604178e-04
1.353731e+01 8.597336e-04 8.213647e-04 9.259259e-04 8.319100e-04
1.358931e+01 8.280920e-04 7.779862e-04 9.116577e-04 7.946321e-04
1.364131e+01 7.912540e-04 7.300411e-04 8.919936e-04 7.517274e-04
1.369331e+01 7.520742e-04 6.787077e-04 8.706371e-04 7.068780e-04
1.374531e+01 7.133922e-04 6.254965e-04 8.510568e-04 6.636232e-04
1.379731e+01 6.776475e-04 5.722998e-04 8.357281e-04 6.249146e-04
1.384931e+01 6.467856e-04 5.215594e-04 8.259295e-04 5.928678e-04
1.390131e+01 6.224468e-04 4.765561e-04 8.222107e-04 5.685736e-04
1.395331e+01 6.063509e-04 4.417915e-04 8.253868e-04 5.518744e-04
1.400531e+01 6.007490e-04 4.233677e-04 8.377054e-04 5.411738e-04
1.405731e+01 6.088130e-04 4.291830e-04 8.637654e-04 5.334905e-04
1.410931e+01 6.348200e-04 4.686754e-04 9.108149e-04 5.249696e-04
1.416131e+01 6.839590e-04 5.518263e-04 9.881769e-04 5.118738e-04
1.421331e+01 7.615857e-04 6.872593e-04 1.105704e-03 4.917933e-04
1.426531e+01 8.718676e-04 8.795905e-04 1.271384e-03 4.646284e-04
1.431731e+01 1.016030e-03 1.126616e-03 1.488511e-03 4.329636e-04
1.436931e+01 1.190733e-03 1.417279e-03 1.753172e-03 4.017472e-04
1.442131e+01 1.387281e-03 1.731390e-03 2.052900e-03 3.775525e-04
1.447331e+01 1.592238e-03 2.041652e-03 2.367177e-03 3.678839e-04
1.452531e+01 1.789550e-03 2.317810e-03 2.669956e-03 3.808833e-04
1.457731e+01 1.963721e-03 2.532003e-03 2.933702e-03 4.254570e-04
1.462931e+01 2.103169e-03 2.663982e-03 3.134037e-03 5.114889e-04
1.468131e+01 2.202841e-03 2.704955e-03 3.253928e-03 6.496405e-04
1.473331e+01 2.265392e-03 2.659265e-03 3.286554e-03 8.503578e-04
1.478531e+01 2.300703e-03 2.543718e-03 3.236342e-03 1.122049e-03
1.483731e+01 2.323868e-03 2.384805e-03 3.118025e-03 1.468773e-03
1.488931e+01 2.352113e-03 2.214426e-03 2.953878e-03 1.888034e-03
1.494131e+01 2.401259e-03 2.064848e-03 2.769657e-03 2.369273e-03
1.499331e+01 2.482420e-03 1.963730e-03 2.590044e-03 2.893485e-03
1.504531e+01 2.599595e-03 1.930099e-03 2.434588e-03 3.434096e-03
1.509731e+01 2.748689e-03 1.971985e-03 2.315083e-03 3.958999e-03
1.514931e+01 2.918166e-03 2.086117e-03 2.234872e-03 4.433508e-03
1.520131e+01 3.091179e-03 2.259614e-03 2.190024e-03 4.823900e-03
1.525331e+01 3.248685e-03 2.473101e-03 2.171765e-03 5.101190e-03
1.530531e+01 3.372829e-03 2.704416e-03 2.169302e-03 5.244769e-03
1.535731e+01 3.449907e-03 2.931980e-03 2.172294e-03 5.245446e-03
1.540931e+01 3.472361e-03 3.137191e-03 2.172514e-03 5.107379e-03
1.546131e+01 3.439509e-03 3.305583e-03 2.164627e-03 4.848318e-03
1.551331e+01 3.356986e-03 3.426958e-03 2.146228e-03 4.497771e-03
1.556531e+01 3.235139e-03 3.495017e-03 2.117339e-03 4.093061e-03
1.561731e+01 3.086855e-03 3.507033e-03 2.079619e-03 3.673913e-03
1.566931e+01 2.925335e-03 3.463880e-03 2.035432e-03 3.276692e-03
1.572131e+01 2.762316e-03 3.370315e-03 1.987020e-03 2.929614e-03
1.577331e+01 2.606968e-03 3.235107e-03 1.935926e-03 2.649872e-03
1.582531e+01 2.465459e-03 3.070530e-03 1.882852e-03 2.442994e-03
1.587731e+01 2.341021e-03 2.891014e-03 1.827948e-03 2.304101e-03
1.592931e+01 2.234299e-03 2.711080e-03 1.771417e-03 2.220400e-03
1.598131e+01 2.143835e-03 2.543073e-03 1.714158e-03 2.174275e-03
1.603331e+01 2.066674e-03 2.395322e-03 1.658196e-03 2.146504e-03
1.608531e+01 1.999084e-03 2.271262e-03 1.606698e-03 2.119291e-03
1.613731e+01 1.937383e-03 2.169779e-03 1.563564e-03 2.078805e-03
1.618931e+01 1.878742e-03 2.086611e-03 1.532720e-03 2.016895e-03
1.624131e+01 1.821766e-03 2.016338e-03 1.517295e-03 1.931664e-03
1.629331e+01 1.766642e-03 1.954271e-03 1.518862e-03 1.826793e-03
1.634531e+01 1.714770e-03 1.897640e-03 1.536873e-03 1.709796e-03
1.639731e+01 1.667959e-03 1.845793e-03 1.568397e-03 1.589686e-03
1.644931e+01 1.627492e-03 1.799520e-03 1.608254e-03 1.474702e-03
1.650131e+01 1.593399e-03 1.759929e-03 1.649584e-03 1.370684e-03
1.655331e+01 1.564239e-03 1.727440e-03 1.684862e-03 1.280416e-03
1.660531e+01 1.537507e-03 1.701307e-03 1.707253e-03 1.203962e-03
1.665731e+01 1.510549e-03 1.679833e-03 1.712109e-03 1.139705e-03
1.670931e+01 1.481724e-03 1.661160e-03 1.698355e-03 1.085658e-03
1.676131e+01 1.451485e-03 1.644341e-03 1.669450e-03 1.040663e-03
1.681331e+01 1.423073e-03 1.630338e-03 1.633683e-03 1.005198e-03
1.686531e+01 1.402636e-03 1.622625e-03 1.603587e-03 9.816970e-04
1.691731e+01 1.398653e-03 1.627152e-03 1.594427e-03 9.743821e-04
1.696931e+01 1.420683e-03 1.651575e-03 1.621845e-03 9.886289e-04
1.702131e+01 1.477555e-03 1.703805e-03 1.698944e-03 1.029914e-03
1.707331e+01 1.575288e-03 1.790136e-03 1.833294e-03 1.102433e-03
1.712531e+01 1.715164e-03 1.913385e-03 2.024507e-03 1.207599e-03
1.717731e+01 1.892492e-03 2.071582e-03 2.263118e-03 1.342775e-03
1.722931e+01 2.096544e-03 2.257644e-03 2.531320e-03 1.500667e-03
1.728131e+01 2.311890e-03 2.460246e-03 2.805737e-03 1.669687e-03
1.733331e+01 2.520939e-03 2.665707e-03 3.061706e-03 1.835404e-03
1.738531e+01 2.707050e-03 2.860343e-03 3.277966e-03 1.982840e-03
1.743731e+01 2.857304e-03 3.032555e-03 3.440303e-03 2.099054e-03
1.748931e+01 2.964114e-03 3.174052e-03 3.542964e-03 2.175327e-03
1.754131e+01 3.025262e-03 3.279942e-03 3.587507e-03 2.208337e-03
1.759331e+01 3.042604e-03 3.347964e-03 3.579828e-03 2.200021e-03
1.764531e+01 3.020200e-03 3.377450e-03 3.526843e-03 2.156306e-03
1.769731e+01 2.962748e-03 3.368643e-03 3.434381e-03 2.085219e-03
1.774931e+01 2.874937e-03 3.322740e-03 3.307019e-03 1.995052e-03
1.780131e+01 2.761743e-03 3.242590e-03 3.149556e-03 1.893084e-03
1.785331e+01 2.629188e-03 3.133605e-03 2.968911e-03 1.785048e-03
1.790531e+01 2.484903e-03 3.004356e-03 2.775179e-03 1.675174e-03
1.795731e+01 2.338040e-03 2.866454e-03 2.581117e-03 1.566548e-03
1.800931e+01 2.198451e-03 2.733616e-03 2.400228e-03 1.461508e-03
1.806131e+01 2.075449e-03 2.620131e-03 2.244269e-03 1.361945e-03
1.811331e+01 1.976586e-03 2.539122e-03 2.121149e-03 1.269488e-03
1.816531e+01 1.906827e-03 2.500995e-03 2.033896e-03 1.185591e-03
1.821731e+01 1.868250e-03 2.512335e-03 1.980898e-03 1.111519e-03
1.826931e+01 1.860228e-03 2.575233e-03 1.957171e-03 1.048279e-03
1.832131e+01 1.879888e-03 2.686958e-03 1.956196e-03 9.965093e-04
1.837331e+01 1.922660e-03 2.839797e-03 1.971799e-03 9.563831e-04
1.842531e+01 1.982762e-03 3.021112e-03 1.999604e-03 9.275701e-04
1.847731e+01 2.053576e-03 3.213770e-03 2.037695e-03 9.092630e-04
1.852931e+01 2.127948e-03 3.397254e-03 2.086333e-03 9.002582e-04
1.858131e+01 2.198494e-03 3.549610e-03 2.146796e-03 8.990755e-04
1.863331e+01 2.257998e-03 3.650195e-03 2.219685e-03 9.041141e-04
1.868531e+01 2.299967e-03 3.682808e-03 2.303251e-03 9.138415e-04
1.873731e+01 2.319293e-03 3.638576e-03 2.392312e-03 9.269907e-04
1.878931e+01 2.312886e-03 3.517783e-03 2.478177e-03 9.426982e-04
1.884131e+01 2.280081e-03 3.330023e-03 2.549710e-03 9.605110e-04
1.889331e+01 2.222656e-03 3.092432e-03 2.595309e-03 9.802284e-04
1.894531e+01 2.144424e-03 2.826349e-03 2.605295e-03 1.001628e-03
1.899731e+01 2.050515e-03 2.553301e-03 2.574049e-03 1.024196e-03
1.904931e+01 1.946570e-03 2.291459e-03 2.501255e-03 1.046996e-03
1.910131e+01 1.838030e-03 2.053492e-03 2.391873e-03 1.068726e-03
1.915331e+01 1.729651e-03 1.846162e-03 2.254847e-03 1.087944e-03
1.920531e+01 1.625230e-03 1.671355e-03 2.101004e-03 1.103330e-03
1.925731e+01 1.527505e-03 1.527776e-03 1.940842e-03 1.113897e-03
1.930931e+01 1.438178e-03 1.412568e-03 1.782889e-03 1.119077e-03
1.936131e+01 1.358038e-03 1.322392e-03 1.633016e-03 1.118707e-03
1.941331e+01 1.287181e-03 1.253923e-03 1.494637e-03 1.112982e-03
1.946531e+01 1.225289e-03 1.203995e-03 1.369467e-03 1.102406e-03
1.951731e+01 1.171918e-03 1.169607e-03 1.258346e-03 1.087803e-03
1.956931e+01 1.126686e-03 1.147906e-03 1.161797e-03 1.070355e-03
1.962131e+01 1.089330e-03 1.136133e-03 1.080212e-03 1.051645e-03
1.967331e+01 1.059621e-03 1.131494e-03 1.013726e-03 1.033642e-03
1.972531e+01 1.037207e-03 1.131026e-03 9.619951e-04 1.018601e-03
1.977731e+01 1.021503e-03 1.131589e-03 9.240470e-04 1.008872e-03
1.982931e+01 1.011685e-03 1.130106e-03 8.982987e-04 1.006650e-03
1.988131e+01 1.006833e-03 1.124024e-03 8.827447e-04 1.013730e-03
1.993331e+01 1.006121e-03 1.111849e-03 8.752313e-04 1.031284e-03
1.998531e+01 1.008947e-03 1.093489e-03 8.737157e-04 1.059635e-03
2.003731e+01 1.014889e-03 1.070213e-03 8.764320e-04 1.098021e-03
2.008931e+01 1.023479e-03 1.044140e-03 8.819392e-04 1.144357e-03
2.014131e+01 1.033875e-03 1.017431e-03 8.890829e-04 1.195111e-03
2.019331e+01 1.044613e-03 9.914668e-04 8.969294e-04 1.245443e-03
2.024531e+01 1.053599e-03 9.663506e-04 9.047167e-04 1.289729e-03
2.029731e+01 1.058404e-03 9.409518e-04 9.118251e-04 1.322435e-03
2.034931e+01 1.056791e-03 9.134745e-04 9.177311e-04 1.339168e-03
2.040131e+01 1.047262e-03 8.822943e-04 9.219061e-04 1.337584e-03
2.045331e+01 1.029410e-03 8.466930e-04 9.236683e-04 1.317868e-03
2.050531e+01 1.003957e-03 8.071888e-04 9.220658e-04 1.282616e-03
2.055731e+01 9.724773e-04 7.653707e-04 9.158937e-04 1.236167e-03
2.060931e+01 9.369588e-04 7.233836e-04 9.039151e-04 1.183578e-03
2.066131e+01 8.993763e-04 6.833349e-04 8.852433e-04 1.129551e-03
2.071331e+01 8.614017e-04 6.468740e-04 8.597424e-04 1.077589e-03
2.076531e+01 8.242835e-04 6.150467e-04 8.282550e-04 1.029549e-03
2.081731e+01 7.888525e-04 5.883778e-04 7.925382e-04 9.856414e-04
2.086931e+01 7.555892e-04 5.670370e-04 7.549202e-04 9.448106e-04
2.092131e+01 7.247093e-04 5.509591e-04 7.178230e-04 9.053459e-04
2.097331e+01 6.962534e-04 5.398648e-04 6.833432e-04 8.655523e-04
2.102531e+01 6.701808e-04 5.332148e-04 6.530211e-04 8.243064e-04
2.107731e+01 6.464581e-04 5.301814e-04 6.278115e-04 7.813813e-04
2.112931e+01 6.251199e-04 5.297017e-04 6.081654e-04 7.374926e-04
2.118131e+01 6.062767e-04 5.306248e-04 5.941090e-04 6.940964e-04
2.123331e+01 5.900601e-04 5.319014e-04 5.852526e-04 6.530263e-04
2.128531e+01 5.765196e-04 5.327393e-04 5.807462e-04 6.160732e-04
2.133731e+01 5.655057e-04 5.326646e-04 5.792525e-04 5.845999e-04
2.138931e+01 5.565826e-04 5.314752e-04 5.790137e-04 5.592589e-04
2.144131e+01 5.490048e-04 5.291191e-04 5.780459e-04 5.398495e-04
2.149331e+01 5.417742e-04 5.255556e-04 5.744361e-04 5.253309e-04
2.154531e+01 5.337697e-04 5.206565e-04 5.666694e-04 5.139834e-04
2.159731e+01 5.239221e-04 5.141807e-04 5.538971e-04 5.036886e-04
2.164931e+01 5.113955e-04 5.058320e-04 5.360702e-04 4.922844e-04
2.170131e+01 4.957399e-04 4.953780e-04 5.139024e-04 4.779394e-04
2.175331e+01 4.769864e-04 4.827907e-04 4.886820e-04 4.594865e-04
2.180531e+01 4.556690e-04 4.683582e-04 4.619949e-04 4.366537e-04
2.185731e+01 4.327688e-04 4.527213e-04 4.354438e-04 4.101414e-04
2.190931e+01 4.095891e-04 4.368121e-04 4.104372e-04 3.815179e-04
2.196131e+01 3.875790e-04 4.217034e-04 3.880842e-04 3.529495e-04
2.201331e+01 3.681376e-04 4.084066e-04 3.691839e-04 3.268223e-04
2.206531e+01 3.524282e-04 3.976746e-04 3.542654e-04 3.053447e-04
2.211731e+01 3.412337e-04 3.898613e-04 3.436279e-04 2.902119e-04
2.216931e+01 3.348680e-04 3.848713e-04 3.373476e-04 2.823851e-04
2.222131e+01 3.331512e-04 3.822065e-04 3.352542e-04 2.819927e-04
2.227331e+01 3.354459e-04 3.810908e-04 3.369069e-04 2.883400e-04
2.232531e+01 3.407504e-04 3.806360e-04 3.416121e-04 3.000032e-04
2.237731e+01 3.478410e-04 3.800123e-04 3.485084e-04 3.150023e-04
2.242931e+01 3.554477e-04 3.785867e-04 3.567095e-04 3.310469e-04
2.248131e+01 3.624385e-04 3.760090e-04 3.654633e-04 3.458432e-04
2.253331e+01 3.679745e-04 3.722363e-04 3.742711e-04 3.574160e-04
2.258531e+01 3.716019e-04 3.675015e-04 3.829283e-04 3.643760e-04
2.263731e+01 3.732612e-04 3.622402e-04 3.914802e-04 3.660633e-04
2.268931e+01 3.732174e-04 3.569986e-04 4.001199e-04 3.625338e-04
2.274131e+01 3.719394e-04 3.523410e-04 4.090660e-04 3.544111e-04
2.279331e+01 3.699637e-04 3.487701e-04 4.184512e-04 3.426696e-04
2.284531e+01 3.677788e-04 3.466682e-04 4.282460e-04 3.284223e-04
2.289731e+01 3.657516e-04 3.462617e-04 4.382334e-04 3.127597e-04
2.294931e+01 3.641019e-04 3.476112e-04 4.480495e-04 2.966450e-04
2.300131e+01 3.629197e-04 3.506266e-04 4.572862e-04 2.808464e-04
2.305331e+01 3.622038e-04 3.550988e-04 4.656214e-04 2.658911e-04
2.310531e+01 3.618986e-04 3.607391e-04 4.729153e-04 2.520415e-04
2.315731e+01 3.619137e-04 3.672128e-04 4.792157e-04 2.393125e-04
2.320931e+01 3.621246e-04 3.741664e-04 4.846640e-04 2.275435e-04
2.326131e+01 3.623759e-04 3.812518e-04 4.893557e-04 2.165201e-04
2.331331e+01 3.625040e-04 3.881542e-04 4.932470e-04 2.061106e-04
2.336531e+01 3.623854e-04 3.946162e-04 4.961700e-04 1.963701e-04
2.341731e+01 3.619866e-04 4.004444e-04 4.979459e-04 1.875693e-04
2.346931e+01 3.613769e-04 4.054827e-04 4.985143e-04 1.801339e-04
2.352131e+01 3.606796e-04 4.095505e-04 4.979744e-04 1.745138e-04
2.357331e+01 3.599654e-04 4.123708e-04 4.964945e-04 1.710309e-04
2.362531e+01 3.591346e-04 4.135200e-04 4.941259e-04 1.697579e-04
2.367731e+01 3.578457e-04 4.124355e-04 4.906352e-04 1.704663e-04
2.372931e+01 3.555385e-04 4.084964e-04 4.854645e-04 1.726547e-04
2.378131e+01 3.515650e-04 4.011717e-04 4.778748e-04 1.756484e-04
2.383331e+01 3.453955e-04 3.902112e-04 4.672303e-04 1.787450e-04
2.388531e+01 3.368413e-04 3.758288e-04 4.533186e-04 1.813767e-04
2.393731e+01 3.262179e-04 3.588210e-04 4.365813e-04 1.832514e-04
2.398931e+01 3.143899e-04 3.405615e-04 4.181739e-04 1.844344e-04
2.404131e+01 3.026686e-04 3.228391e-04 3.998319e-04 1.853347e-04
2.409331e+01 2.925736e-04 3.075553e-04 3.835825e-04 1.865829e-04
2.414531e+01 2.855158e-04 2.963520e-04 3.713705e-04 1.888249e-04
2.419731e+01 2.824827e-04 2.902761e-04 3.646797e-04 1.924923e-04
2.424931e+01 2.838166e-04 2.895835e-04 3.642308e-04 1.976356e-04
2.430131e+01 2.891549e-04 2.937423e-04 3.698291e-04 2.038933e-04
2.435331e+01 2.975551e-04 3.016268e-04 3.804144e-04 2.106241e-04
2.440531e+01 3.077749e-04 3.118348e-04 3.943202e-04 2.171696e-04
2.445731e+01 3.186243e-04 3.230283e-04 4.096897e-04 2.231549e-04
2.450931e+01 3.292834e-04 3.342030e-04 4.249345e-04 2.287128e-04
2.456131e+01 3.394859e-04 3.448303e-04 4.390948e-04 2.345327e-04
2.461331e+01 3.495136e-04 3.548589e-04 4.519844e-04 2.416975e-04
2.466531e+01 3.600120e-04 3.646040e-04 4.640801e-04 2.513518e-04
2.471731e+01 3.716983e-04 3.745684e-04 4.762087e-04 2.643179e-04
2.476931e+01 3.850681e-04 3.852416e-04 4.891563e-04 2.808065e-04
2.482131e+01 4.001955e-04 3.969130e-04 5.033360e-04 3.003376e-04
2.487331e+01 4.166795e-04 4.095257e-04 5.186087e-04 3.219041e-04
2.492531e+01 4.337273e-04 4.225989e-04 5.342755e-04 3.443075e-04
2.497731e+01 4.503273e-04 4.352430e-04 5.492075e-04 3.665313e-04
2.502931e+01 4.654538e-04 4.462891e-04 5.620610e-04 3.880113e-04
2.508131e+01 4.782623e-04 4.545278e-04 5.715335e-04 4.087256e-04
2.513331e+01 4.882530e-04 4.590134e-04 5.766317e-04 4.291138e-04
2.518531e+01 4.953835e-04 4.593480e-04 5.769050e-04 4.498976e-04
2.523731e+01 5.001042e-04 4.558432e-04 5.725826e-04 4.718867e-04
2.528931e+01 5.032844e-04 4.494818e-04 5.645492e-04 4.958221e-04
2.534131e+01 5.060256e-04 4.416737e-04 5.541416e-04 5.222616e-04
2.539331e+01 5.093998e-04 4.338837e-04 5.428278e-04 5.514879e-04
2.544531e+01 5.141965e-04 4.272652e-04 5.318875e-04 5.834369e-04
2.549731e+01 5.207720e-04 4.224310e-04 5.222177e-04 6.176672e-04
2.554931e+01 5.290519e-04 4.194324e-04 5.143176e-04 6.534057e-04
2.560131e+01 5.386680e-04 4.179208e-04 5.084146e-04 6.896687e-04
2.565331e+01 5.491415e-04 4.173960e-04 5.046240e-04 7.254046e-04
2.570531e+01 5.600076e-04 4.174199e-04 5.030384e-04 7.595645e-04
2.575731e+01 5.708167e-04 4.177104e-04 5.037048e-04 7.910347e-04
2.580931e+01 5.810302e-04 4.181086e-04 5.065251e-04 8.184569e-04
2.586131e+01 5.899024e-04 4.184751e-04 5.111665e-04 8.400655e-04
2.591331e+01 5.964611e-04 4.186079e-04 5.170601e-04 8.537152e-04
2.596531e+01 5.996531e-04 4.182451e-04 5.235084e-04 8.572057e-04
2.601731e+01 5.986268e-04 4.171599e-04 5.298630e-04 8.488576e-04
2.606931e+01 5.930404e-04 4.152923e-04 5.356959e-04 8.281331e-04
2.612131e+01 5.832559e-04 4.128370e-04 5.409017e-04 7.960290e-04
2.617331e+01 5.703269e-04 4.102269e-04 5.457101e-04 7.550437e-04
2.622531e+01 5.557820e-04 4.080094e-04 5.506355e-04 7.087010e-04
2.627731e+01 5.412948e-04 4.066677e-04 5.564095e-04 6.608073e-04
2.632931e+01 5.283708e-04 4.064716e-04 5.639211e-04 6.147196e-04
2.638131e+01 5.181471e-04 4.074223e-04 5.741556e-04 5.728635e-04
2.643331e+01 5.113322e-04 4.093103e-04 5.880897e-04 5.365966e-04
2.648531e+01 5.082404e-04 4.118520e-04 6.065096e-04 5.063597e-04
2.653731e+01 5.088563e-04 4.148391e-04 6.297658e-04 4.819641e-04
2.658931e+01 5.128834e-04 4.182397e-04 6.575387e-04 4.628717e-04
2.664131e+01 5.197796e-04 4.222202e-04 6.887238e-04 4.483947e-04
2.669331e+01 5.288100e-04 4.270969e-04 7.215180e-04 4.378150e-04
2.674531e+01 5.391398e-04 4.332496e-04 7.537060e-04 4.304639e-04
2.679731e+01 5.499594e-04 4.410357e-04 7.830521e-04 4.257905e-04
2.684931e+01 5.605996e-04 4.507208e-04 8.076565e-04 4.234215e-04
2.690131e+01 5.705930e-04 4.624223e-04 8.261670e-04 4.231899e-04
2.695331e+01 5.796649e-04 4.760518e-04 8.378293e-04 4.251135e-04
2.700531e+01 5.876731e-04 4.912573e-04 8.424474e-04 4.293145e-04
2.705731e+01 5.945486e-04 5.074009e-04 8.403496e-04 4.358953e-04
2.710931e+01 6.002763e-04 5.236262e-04 8.324041e-04 4.447987e-04
2.716131e+01 6.049296e-04 5.390563e-04 8.200418e-04 4.556905e-04
2.721331e+01 6.087361e-04 5.530998e-04 8.052071e-04 4.679015e-04
2.726531e+01 6.121369e-04 5.657644e-04 7.901910e-04 4.804554e-04
2.731731e+01 6.158001e-04 5.778319e-04 7.773798e-04 4.921885e-04
2.736931e+01 6.205671e-04 5.907697e-04 7.689942e-04 5.019375e-04
2.742131e+01 6.273213e-04 6.063478e-04 7.668708e-04 5.087453e-04
2.747331e+01 6.367854e-04 6.260571e-04 7.722703e-04 5.120287e-04
2.752531e+01 6.492829e-04 6.505217e-04 7.856691e-04 5.116580e-04
2.757731e+01 6.645383e-04 6.791314e-04 8.065468e-04 5.079368e-04
2.762931e+01 6.816126e-04 7.100512e-04 8.332823e-04 5.015044e-04
2.768131e+01 6.990566e-04 7.406398e-04 8.633196e-04 4.932104e-04
2.773331e+01 7.152813e-04 7.681523e-04 8.936796e-04 4.840122e-04
2.778531e+01 7.290397e-04 7.904927e-04 9.217085e-04 4.749177e-04
2.783731e+01 7.398310e-04 8.067544e-04 9.457809e-04 4.669578e-04
2.788931e+01 7.480514e-04 8.173673e-04 9.656384e-04 4.611485e-04
2.794131e+01 7.548101e-04 8.238220e-04 9.821979e-04 4.584104e-04
2.799331e+01 7.614850e-04 8.280981e-04 9.969145e-04 4.594423e-04
2.804531e+01 7.692019e-04 8.320234e-04 1.010997e-03 4.645853e-04
2.809731e+01 7.784512e-04 8.367890e-04 1.024831e-03 4.737340e-04
2.814931e+01 7.889825e-04 8.427658e-04 1.037838e-03 4.863440e-04
2.820131e+01 7.999916e-04 8.496365e-04 1.048783e-03 5.015554e-04
2.825331e+01 8.104923e-04 8.567441e-04 1.056325e-03 5.184079e-04
2.830531e+01 8.196983e-04 8.634884e-04 1.059516e-03 5.360909e-04
2.835731e+01 8.272600e-04 8.696017e-04 1.058029e-03 5.541493e-04
2.840931e+01 8.332798e-04 8.752048e-04 1.052056e-03 5.725782e-04
2.846131e+01 8.381363e-04 8.806424e-04 1.041999e-03 5.917678e-04
2.851331e+01 8.422321e-04 8.861952e-04 1.028185e-03 6.123159e-04
2.856531e+01 8.457897e-04 8.918094e-04 1.010787e-03 6.347725e-04
2.861731e+01 8.487780e-04 8.969721e-04 9.899546e-04 6.594075e-04
2.866931e+01 8.509759e-04 9.007858e-04 9.660532e-04 6.860885e-04
2.872131e+01 8.521113e-04 9.022136e-04 9.398146e-04 7.143057e-04
2.877331e+01 8.520017e-04 9.003939e-04 9.122931e-04 7.433180e-04
2.882531e+01 8.506322e-04 8.949067e-04 8.846496e-04 7.723404e-04
2.887731e+01 8.481537e-04 8.858963e-04 8.578954e-04 8.006692e-04
2.892931e+01 8.448118e-04 8.740154e-04 8.327380e-04 8.276821e-04
2.898131e+01 8.408451e-04 8.602259e-04 8.095904e-04 8.527192e-04
2.903331e+01 8.363931e-04 8.455439e-04 7.887002e-04 8.749353e-04
2.908531e+01 8.314557e-04 8.308363e-04 7.702820e-04 8.932489e-04
2.913731e+01 8.259293e-04 8.167532e-04 7.545567e-04 9.064780e-04
2.918931e+01 8.197182e-04 8.038179e-04 7.416768e-04 9.136599e-04
2.924131e+01 8.128874e-04 7.926178e-04 7.316031e-04 9.144414e-04
2.929331e+01 8.057954e-04 7.839768e-04 7.240342e-04 9.093751e-04
2.934531e+01 7.991418e-04 7.789793e-04 7.184623e-04 8.999839e-04
2.939731e+01 7.938931e-04 7.787752e-04 7.143486e-04 8.885556e-04
2.944931e+01 7.910943e-04 7.842029e-04 7.113380e-04 8.777419e-04
2.950131e+01 7.916251e-04 7.953784e-04 7.094019e-04 8.700951e-04
2.955331e+01 7.959843e-04 8.114464e-04 7.088327e-04 8.676739e-04
2.960531e+01 8.041753e-04 8.306492e-04 7.100885e-04 8.717881e-04
2.965731e+01 8.157282e-04 8.507358e-04 7.135559e-04 8.828930e-04
2.970931e+01 8.298420e-04 8.695810e-04 7.193399e-04 9.006050e-04
2.976131e+01 8.455828e-04 8.857741e-04 7.271656e-04 9.238087e-04
2.981331e+01 8.620639e-04 8.989368e-04 7.364236e-04 9.508314e-04
2.986531e+01 8.785444e-04 9.096438e-04 7.463227e-04 9.796669e-04
2.991731e+01 8.944317e-04 9.189987e-04 7.560759e-04 1.008220e-03
2.996931e+01 9.092189e-04 9.280650e-04 7.650468e-04 1.034545e-03
3.002131e+01 9.224255e-04 9.374102e-04 7.728236e-04 1.057043e-03
3.007331e+01 9.336043e-04 9.469503e-04 7.792386e-04 1.074624e-03
3.012531e+01 9.424417e-04 9.561344e-04 7.843817e-04 1.086809e-03
3.017731e+01 9.489193e-04 9.643542e-04 7.886434e-04 1.093760e-03
3.022931e+01 9.534522e-04 9.713710e-04 7.927780e-04 1.096207e-03
3.028131e+01 9.569066e-04 9.775544e-04 7.979223e-04 1.095243e-03
3.033331e+01 9.604396e-04 9.838206e-04 8.054845e-04 1.092014e-03
3.038531e+01 9.651793e-04 9.912872e-04 8.168555e-04 1.087395e-03
3.043731e+01 9.718509e-04 1.000792e-03 8.329826e-04 1.081778e-03
3.048931e+01 9.804943e-04 1.012485e-03 8.539403e-04 1.075057e-03
3.054131e+01 9.903904e-04 1.025671e-03 8.786754e-04 1.066825e-03
3.059331e+01 1.000231e-03 1.038981e-03 9.050590e-04 1.056655e-03
3.064531e+01 1.008464e-03 1.050800e-03 9.302583e-04 1.044334e-03
3.069731e+01 1.013670e-03 1.059758e-03 9.513166e-04 1.029935e-03
3.074931e+01 1.014858e-03 1.065098e-03 9.657526e-04 1.013722e-03
3.080131e+01 1.011598e-03 1.066784e-03 9.720113e-04 9.959993e-04
3.085331e+01 1.004017e-03 1.065365e-03 9.696781e-04 9.770090e-04
3.090531e+01 9.927108e-04 1.061700e-03 9.594561e-04 9.569762e-04
3.095731e+01 9.786359e-04 1.056689e-03 9.429588e-04 9.362602e-04
3.100931e+01 9.629983e-04 1.051087e-03 9.223745e-04 9.155338e-04
3.106131e+01 9.471239e-04 1.045433e-03 9.000547e-04 8.958844e-04
3.111331e+01 9.322990e-04 1.040037e-03 8.780911e-04 8.787693e-04
3.116531e+01 9.195987e-04 1.034999e-03 8.579730e-04 8.658242e-04
3.121731e+01 9.097540e-04 1.030256e-03 8.404325e-04 8.585731e-04
3.126931e+01 9.031156e-04 1.025686e-03 8.255399e-04 8.581206e-04
3.132131e+01 8.997281e-04 1.021257e-03 8.130214e-04 8.649059e-04
3.137331e+01 8.994682e-04 1.017168e-03 8.026619e-04 8.785748e-04
3.142531e+01 9.021560e-04 1.013870e-03 7.946093e-04 8.979887e-04
3.147731e+01 9.075627e-04 1.011890e-03 7.894380e-04 9.213603e-04
3.152931e+01 9.153086e-04 1.011487e-03 7.879538e-04 9.464847e-04
3.158131e+01 9.247332e-04 1.012310e-03 7.908501e-04 9.710393e-04
3.163331e+01 9.348551e-04 1.013247e-03 7.983933e-04 9.929249e-04
3.168531e+01 9.445082e-04 1.012635e-03 8.102768e-04 1.010613e-03
3.173731e+01 9.526332e-04 1.008783e-03 8.256769e-04 1.023440e-03
3.178931e+01 9.586006e-04 1.000612e-03 8.434333e-04 1.031757e-03
3.184131e+01 9.623983e-04 9.881103e-04 8.622286e-04 1.036856e-03
3.189331e+01 9.645652e-04 9.723867e-04 8.806796e-04 1.040629e-03
3.194531e+01 9.658794e-04 9.552752e-04 8.973383e-04 1.045025e-03
3.199731e+01 9.669346e-04 9.386734e-04 9.106840e-04 1.051447e-03
3.204931e+01 9.678030e-04 9.238995e-04 9.192006e-04 1.060309e-03
3.210131e+01 9.679470e-04 9.113359e-04 9.215878e-04 1.070917e-03
3.215331e+01 9.664240e-04 9.004727e-04 9.170579e-04 1.081741e-03
3.220531e+01 9.622890e-04 8.902746e-04 9.056010e-04 1.090992e-03
3.225731e+01 9.550183e-04 8.796654e-04 8.880911e-04 1.097298e-03
3.230931e+01 9.447741e-04 8.679068e-04 8.661679e-04 1.100248e-03
3.236131e+01 9.324177e-04 8.547455e-04 8.419260e-04 1.100582e-03
3.241331e+01 9.192864e-04 8.403363e-04 8.175196e-04 1.100003e-03
3.246531e+01 9.068409e-04 8.250525e-04 7.948084e-04 1.100662e-03
3.251731e+01 8.963180e-04 8.093091e-04 7.751321e-04 1.104513e-03
3.256931e+01 8.884930e-04 7.934729e-04 7.592311e-04 1.112775e-03
3.262131e+01 8.835973e-04 7.778459e-04 7.472828e-04 1.125663e-03
3.267331e+01 8.813773e-04 7.626626e-04 7.389990e-04 1.142470e-03
3.272531e+01 8.812442e-04 7.480446e-04 7.337473e-04 1.161941e-03
3.277731e+01 8.824583e-04 7.339168e-04 7.306747e-04 1.182783e-03
3.282931e+01 8.842996e-04 7.199408e-04 7.288276e-04 1.204130e-03
3.288131e+01 8.861979e-04 7.055458e-04 7.272623e-04 1.225786e-03
3.293331e+01 8.878091e-04 6.900926e-04 7.251340e-04 1.248201e-03
3.298531e+01 8.890396e-04 6.731392e-04 7.217585e-04 1.272221e-03
3.303731e+01 8.900310e-04 6.547040e-04 7.166530e-04 1.298736e-03
3.308931e+01 8.911195e-04 6.354115e-04 7.095710e-04 1.328376e-03
3.314131e+01 8.927839e-04 6.164449e-04 7.005427e-04 1.361364e-03
3.319331e+01 8.955860e-04 5.993142e-04 6.899138e-04 1.397530e-03
3.324531e+01 9.000976e-04 5.855256e-04 6.783494e-04 1.436418e-03
3.329731e+01 9.068048e-04 5.762664e-04 6.667622e-04 1.477386e-03
3.334931e+01 9.159908e-04 5.721996e-04 6.561436e-04 1.519629e-03
3.340131e+01 9.276157e-04 5.734051e-04 6.473211e-04 1.562121e-03
3.345331e+01 9.412318e-04 5.794531e-04 6.407139e-04 1.603528e-03
3.350531e+01 9.559836e-04 5.895633e-04 6.361909e-04 1.642197e-03
3.355731e+01 9.707241e-04 6.028040e-04 6.331158e-04 1.676253e-03
3.360931e+01 9.842411e-04 6.182919e-04 6.305952e-04 1.703836e-03
3.366131e+01 9.955366e-04 6.353624e-04 6.278535e-04 1.723394e-03
3.371331e+01 1.004067e-03 6.536808e-04 6.245845e-04 1.733934e-03
3.376531e+01 1.009851e-03 6.732632e-04 6.211221e-04 1.735167e-03
3.381731e+01 1.013409e-03 6.943897e-04 6.183414e-04 1.727494e-03
3.386931e+01 1.015546e-03 7.174154e-04 6.173247e-04 1.711897e-03
3.392131e+01 1.017079e-03 7.425212e-04 6.189313e-04 1.689786e-03
3.397331e+01 1.018601e-03 7.694769e-04 6.234549e-04 1.662872e-03
3.402531e+01 1.020345e-03 7.975000e-04 6.305003e-04 1.633034e-03
3.407731e+01 1.022178e-03 8.252707e-04 6.391097e-04 1.602152e-03
3.412931e+01 1.023678e-03 8.511186e-04 6.480612e-04 1.571853e-03
3.418131e+01 1.024250e-03 8.733322e-04 6.562052e-04 1.543214e-03
3.423331e+01 1.023249e-03 8.904980e-04 6.627267e-04 1.516523e-03
3.428531e+01 1.020088e-03 9.017630e-04 6.672759e-04 1.491225e-03
3.433731e+01 1.014344e-03 9.069480e-04 6.699737e-04 1.466110e-03
3.438931e+01 1.005858e-03 9.065003e-04 6.713284e-04 1.439744e-03
3.444131e+01 9.948127e-04 9.013390e-04 6.720987e-04 1.411001e-03
3.449331e+01 9.817748e-04 8.926673e-04 6.731279e-04 1.379529e-03
3.454531e+01 9.676651e-04 8.818119e-04 6.751757e-04 1.346008e-03
3.459731e+01 9.536483e-04 8.700973e-04 6.787827e-04 1.312065e-03
3.464931e+01 9.409453e-04 8.587319e-04 6.842153e-04 1.279889e-03
3.470131e+01 9.306167e-04 8.486889e-04 6.915152e-04 1.251646e-03
3.475331e+01 9.233858e-04 8.406001e-04 7.006391e-04 1.228918e-03
3.480531e+01 9.195647e-04 8.347172e-04 7.116230e-04 1.212354e-03
3.485731e+01 9.191050e-04 8.309832e-04 7.246828e-04 1.201649e-03
3.490931e+01 9.217380e-04 8.292078e-04 7.401901e-04 1.195816e-03
3.496131e+01 9.271329e-04 8.292811e-04 7.585186e-04 1.193599e-03
3.501331e+01 9.350039e-04 8.313306e-04 7.798327e-04 1.193848e-03
3.506531e+01 9.451346e-04 8.357554e-04 8.039198e-04 1.195729e-03
3.511731e+01 9.573331e-04 8.431270e-04 8.301506e-04 1.198722e-03
3.516931e+01 9.713563e-04 8.540084e-04 8.575835e-04 1.202477e-03
3.522131e+01 9.868413e-04 8.687653e-04 8.851525e-04 1.206606e-03
3.527331e+01 1.003265e-03 8.874321e-04 9.118468e-04 1.210516e-03
3.532531e+01 1.019942e-03 9.096594e-04 9.368119e-04 1.213355e-03
3.537731e+01 1.036064e-03 9.347333e-04 9.593675e-04 1.214092e-03
3.542931e+01 1.050787e-03 9.616432e-04 9.789964e-04 1.211720e-03
3.548131e+01 1.063355e-03 9.891751e-04 9.953691e-04 1.205522e-03
3.553331e+01 1.073253e-03 1.016020e-03 1.008428e-03 1.195312e-03
3.558531e+01 1.080323e-03 1.040891e-03 1.018497e-03 1.181581e-03
3.563731e+01 1.084818e-03 1.062641e-03 1.026343e-03 1.165471e-03
3.568931e+01 1.087354e-03 1.080358e-03 1.033134e-03 1.148569e-03
3.574131e+01 1.088753e-03 1.093419e-03 1.040297e-03 1.132544e-03
3.579331e+01 1.089817e-03 1.101485e-03 1.049285e-03 1.118682e-03
3.584531e+01 1.091086e-03 1.104466e-03 1.061332e-03 1.107460e-03
3.589731e+01 1.092656e-03 1.102467e-03 1.077214e-03 1.098287e-03
3.594931e+01 1.094115e-03 1.095756e-03 1.097045e-03 1.089544e-03
3.600131e+01 1.094636e-03 1.084763e-03 1.120159e-03 1.078985e-03
3.605331e+01 1.093201e-03 1.070076e-03 1.145121e-03 1.064405e-03
3.610531e+01 1.088917e-03 1.052442e-03 1.169914e-03 1.044396e-03
3.615731e+01 1.081307e-03 1.032721e-03 1.192291e-03 1.018910e-03
3.620931e+01 1.070473e-03 1.011819e-03 1.210174e-03 9.894251e-04
3.626131e+01 1.057072e-03 9.905988e-04 1.221983e-03 9.586349e-04
3.631331e+01 1.042097e-03 9.697792e-04 1.226762e-03 9.297504e-04
3.636531e+01 1.026547e-03 9.498599e-04 1.224110e-03 9.056709e-04
3.641731e+01 1.011131e-03 9.310741e-04 1.214016e-03 8.883013e-04
3.646931e+01 9.961282e-04 9.133962e-04 1.196761e-03 8.782279e-04
3.652131e+01 9.814721e-04 8.966130e-04 1.172982e-03 8.748214e-04
3.657331e+01 9.669991e-04 8.804560e-04 1.143871e-03 8.766701e-04
3.662531e+01 9.527532e-04 8.647691e-04 1.111345e-03 8.821455e-04
3.667731e+01 9.391831e-04 8.496602e-04 1.078006e-03 8.898826e-04
3.672931e+01 9.271323e-04 8.355682e-04 1.046810e-03 8.990187e-04
3.678131e+01 9.176068e-04 8.231909e-04 1.020480e-03 9.091499e-04
3.683331e+01 9.114084e-04 8.132660e-04 1.000884e-03 9.200750e-04
3.688531e+01 9.087804e-04 8.062801e-04 9.885894e-04 9.314717e-04
3.693731e+01 9.092140e-04 8.022291e-04 9.827585e-04 9.426543e-04
3.698931e+01 9.114984e-04 8.005508e-04 9.814350e-04 9.525094e-04
3.704131e+01 9.140009e-04 8.002737e-04 9.821082e-04 9.596207e-04
3.709331e+01 9.150717e-04 8.003215e-04 9.823743e-04 9.625195e-04
3.714531e+01 9.134323e-04 7.998447e-04 9.804805e-04 9.599718e-04
3.719731e+01 9.084265e-04 7.984569e-04 9.755975e-04 9.512250e-04
3.724931e+01 9.000853e-04 7.963124e-04 9.677720e-04 9.361715e-04
3.730131e+01 8.890279e-04 7.940382e-04 9.576363e-04 9.154092e-04
3.735331e+01 8.762651e-04 7.925724e-04 9.460360e-04 8.901869e-04
3.740531e+01 8.629773e-04 7.929598e-04 9.337421e-04 8.622299e-04
3.745731e+01 8.503191e-04 7.961370e-04 9.213495e-04 8.334708e-04
3.750931e+01 8.392799e-04 8.027311e-04 9.093598e-04 8.057487e-04
3.756131e+01 8.306126e-04 8.129084e-04 8.983670e-04 7.805625e-04
3.761331e+01 8.248284e-04 8.263134e-04 8.892271e-04 7.589446e-04
3.766531e+01 8.222351e-04 8.421283e-04 8.831138e-04 7.414632e-04
3.771731e+01 8.229810e-04 8.592391e-04 8.814043e-04 7.282997e-04
3.776931e+01 8.270566e-04 8.764517e-04 8.853895e-04 7.193285e-04
3.782131e+01 8.342332e-04 8.926863e-04 8.958613e-04 7.141521e-04
3.787331e+01 8.439597e-04 9.070951e-04 9.126793e-04 7.121048e-04
3.792531e+01 8.552808e-04 9.190965e-04 9.344700e-04 7.122761e-04
3.797731e+01 8.668565e-04 9.283584e-04 9.586121e-04 7.135991e-04
3.802931e+01 8.771286e-04 9.347752e-04 9.816027e-04 7.150079e-04
3.808131e+01 8.846134e-04 9.384633e-04 9.997593e-04 7.156176e-04
3.813331e+01 8.882323e-04 9.397672e-04 1.010067e-03 7.148632e-04
3.818531e+01 8.875595e-04 9.392423e-04 1.010881e-03 7.125555e-04
3.823731e+01 8.828890e-04 9.375812e-04 1.002234e-03 7.088516e-04
3.828931e+01 8.750948e-04 9.354747e-04 9.856369e-04 7.041730e-04
3.834131e+01 8.653393e-04 9.334399e-04 9.634716e-04 6.991063e-04
3.839331e+01 8.547407e-04 9.316720e-04 9.382432e-04 6.943070e-04
3.844531e+01 8.441200e-04 9.299803e-04 9.119743e-04 6.904056e-04
3.849731e+01 8.338979e-04 9.278370e-04 8.859435e-04 6.879131e-04
3.854931e+01 8.241509e-04 9.245218e-04 8.607915e-04 6.871395e-04
3.860131e+01 8.147732e-04 9.193091e-04 8.368633e-04 6.881472e-04
3.865331e+01 8.056600e-04 9.116408e-04 8.145810e-04 6.907583e-04
3.870531e+01 7.968397e-04 9.012447e-04 7.946692e-04 6.946051e-04
3.875731e+01 7.885121e-04 8.881896e-04 7.781517e-04 6.991950e-04
3.880931e+01 7.809977e-04 8.728854e-04 7.661482e-04 7.039596e-04
3.886131e+01 7.746350e-04 8.560364e-04 7.595805e-04 7.082881e-04
3.891331e+01 7.696843e-04 8.385592e-04 7.589143e-04 7.115795e-04
3.896531e+01 7.662901e-04 8.214837e-04 7.640343e-04 7.133522e-04
3.901731e+01 7.645241e-04 8.058679e-04 7.742893e-04 7.134152e-04
3.906931e+01 7.644937e-04 7.927608e-04 7.886737e-04 7.120465e-04
3.912131e+01 7.664553e-04 7.832188e-04 8.060681e-04 7.100789e-04
3.917331e+01 7.708658e-04 7.783410e-04 8.254445e-04 7.088119e-04
3.922531e+01 7.783204e-04 7.792576e-04 8.459672e-04 7.097364e-04
3.927731e+01 7.893810e-04 7.870150e-04 8.669724e-04 7.141555e-04
3.932931e+01 8.043553e-04 8.023515e-04 8.878696e-04 7.228447e-04
3.938131e+01 8.231177e-04 8.254282e-04 9.080464e-04 7.358784e-04
3.943331e+01 8.450488e-04 8.556279e-04 9.268550e-04 7.526634e-04
3.948531e+01 8.691189e-04 8.915251e-04 9.437140e-04 7.721177e-04
3.953731e+01 8.940809e-04 9.310694e-04 9.582954e-04 7.928779e-04
3.958931e+01 9.186978e-04 9.719358e-04 9.707100e-04 8.134478e-04
3.964131e+01 9.419341e-04 1.011925e-03 9.815919e-04 8.322851e-04
3.969331e+01 9.630717e-04 1.049289e-03 9.920234e-04 8.479021e-04
3.974531e+01 9.817528e-04 1.082891e-03 1.003308e-03 8.590589e-04
3.979731e+01 9.979696e-04 1.112192e-03 1.016670e-03 8.650470e-04
3.984931e+01 1.012014e-03 1.137116e-03 1.032972e-03 8.659556e-04
3.990131e+01 1.024389e-03 1.157865e-03 1.052546e-03 8.627553e-04
3.995331e+01 1.035668e-03 1.174757e-03 1.075153e-03 8.570942e-04
4.000531e+01 1.046343e-03 1.188123e-03 1.100069e-03 8.508373e-04
4.005731e+01 1.056693e-03 1.198288e-03 1.126263e-03 8.455278e-04
4.010931e+01 1.066751e-03 1.205633e-03 1.152624e-03 8.419967e-04
4.016131e+01 1.076394e-03 1.210706e-03 1.178201e-03 8.402750e-04
4.021331e+01 1.085502e-03 1.214306e-03 1.202396e-03 8.398047e-04
4.026531e+01 1.094106e-03 1.217467e-03 1.225054e-03 8.397965e-04
4.031731e+01 1.102400e-03 1.221261e-03 1.246400e-03 8.395374e-04
4.036931e+01 1.110601e-03 1.226447e-03 1.266848e-03 8.385084e-04
4.042131e+01 1.118710e-03 1.233088e-03 1.286733e-03 8.363103e-04
4.047331e+01 1.126312e-03 1.240340e-03 1.306089e-03 8.325080e-04
4.052531e+01 1.132560e-03 1.246567e-03 1.324573e-03 8.265409e-04
4.057731e+01 1.136383e-03 1.249795e-03 1.341564e-03 8.177888e-04
4.062931e+01 1.136833e-03 1.248356e-03 1.356373e-03 8.057705e-04
4.068131e+01 1.133420e-03 1.241445e-03 1.368451e-03 7.903650e-04
4.073331e+01 1.126248e-03 1.229350e-03 1.377474e-03 7.719211e-04
4.078531e+01 1.115915e-03 1.213278e-03 1.383278e-03 7.511885e-04
4.083731e+01 1.103220e-03 1.194862e-03 1.385703e-03 7.290955e-04
4.088931e+01 1.088845e-03 1.175580e-03 1.384474e-03 7.064824e-04
4.094131e+01 1.073153e-03 1.156330e-03 1.379218e-03 6.839117e-04
4.099331e+01 1.056183e-03 1.137301e-03 1.369619e-03 6.616275e-04
4.104531e+01 1.037820e-03 1.118157e-03 1.355642e-03 6.396610e-04
4.109731e+01 1.018031e-03 1.098400e-03 1.337680e-03 6.180118e-04
4.114931e+01 9.970416e-04 1.077754e-03 1.316554e-03 5.968168e-04
4.120131e+01 9.753853e-04 1.056386e-03 1.293334e-03 5.764358e-04
4.125331e+01 9.538012e-04 1.034911e-03 1.269066e-03 5.574268e-04
4.130531e+01 9.330441e-04 1.014191e-03 1.244515e-03 5.404259e-04
4.135731e+01 9.136796e-04 9.950345e-04 1.220024e-03 5.259807e-04
4.140931e+01 8.959444e-04 9.779307e-04 1.195509e-03 5.143938e-04
4.146131e+01 8.797116e-04 9.629177e-04 1.170583e-03 5.056345e-04
4.151331e+01 8.645660e-04 9.496212e-04 1.144727e-03 4.993498e-04
4.156531e+01 8.499551e-04 9.374281e-04 1.117463e-03 4.949740e-04
4.161731e+01 8.353662e-04 9.257132e-04 1.088485e-03 4.919002e-04
4.166931e+01 8.204754e-04 9.140288e-04 1.057746e-03 4.896509e-04
4.172131e+01 8.052327e-04 9.022002e-04 1.025507e-03 4.879906e-04
4.177331e+01 7.898645e-04 8.903132e-04 9.923359e-04 4.869443e-04
4.182531e+01 7.748018e-04 8.786232e-04 9.590528e-04 4.867294e-04
4.187731e+01 7.605594e-04 8.674366e-04 9.266013e-04 4.876402e-04
4.192931e+01 7.476082e-04 8.570171e-04 8.958680e-04 4.899395e-04
4.198131e+01 7.362836e-04 8.475497e-04 8.675052e-04 4.937959e-04
4.203331e+01 7.267559e-04 8.391621e-04 8.418300e-04 4.992757e-04
4.208531e+01 7.190606e-04 8.319686e-04 8.188471e-04 5.063661e-04
4.213731e+01 7.131537e-04 8.260836e-04 7.983840e-04 5.149933e-04
4.218931e+01 7.089516e-04 8.215695e-04 7.802681e-04 5.250173e-04
4.224131e+01 7.063314e-04 8.183335e-04 7.644528e-04 5.362079e-04
4.229331e+01 7.051020e-04 8.160412e-04 7.510335e-04 5.482313e-04
4.234531e+01 7.049847e-04 8.141283e-04 7.401563e-04 5.606695e-04
4.239731e+01 7.056366e-04 8.119487e-04 7.318876e-04 5.730734e-04
4.244931e+01 7.067245e-04 8.090185e-04 7.261269e-04 5.850282e-04
4.250131e+01 7.080178e-04 8.052416e-04 7.226142e-04 5.961977e-04
4.255331e+01 7.094505e-04 8.009997e-04 7.210173e-04 6.063345e-04
4.260531e+01 7.111124e-04 7.970460e-04 7.210328e-04 6.152583e-04
4.265731e+01 7.131651e-04 7.942387e-04 7.224277e-04 6.228289e-04
4.270931e+01 7.157184e-04 7.932278e-04 7.249852e-04 6.289421e-04
4.276131e+01 7.187256e-04 7.942260e-04 7.283862e-04 6.335646e-04
4.281331e+01 7.219515e-04 7.969516e-04 7.321025e-04 6.368005e-04
4.286531e+01 7.250294e-04 8.007521e-04 7.353809e-04 6.389552e-04
4.291731e+01 7.275807e-04 8.048372e-04 7.373553e-04 6.405497e-04
4.296931e+01 7.293411e-04 8.085169e-04 7.372637e-04 6.422428e-04
4.302131e+01 7.302351e-04 8.113466e-04 7.346959e-04 6.446627e-04
4.307331e+01 7.303721e-04 8.131457e-04 7.297794e-04 6.481913e-04
4.312531e+01 7.299789e-04 8.139164e-04 7.232280e-04 6.527923e-04
4.317731e+01 7.293044e-04 8.137341e-04 7.162151e-04 6.579640e-04
4.322931e+01 7.285396e-04 8.126738e-04 7.100893e-04 6.628557e-04
4.328131e+01 7.277678e-04 8.107940e-04 7.060040e-04 6.665054e-04
4.333331e+01 7.269438e-04 8.081528e-04 7.045751e-04 6.681035e-04
4.338531e+01 7.258921e-04 8.048144e-04 7.056855e-04 6.671764e-04
4.343731e+01 7.243250e-04 8.008283e-04 7.085134e-04 6.636334e-04
4.348931e+01 7.218874e-04 7.961931e-04 7.117767e-04 6.576924e-04
4.354131e+01 7.182319e-04 7.908406e-04 7.141034e-04 6.497518e-04
4.359331e+01 7.131110e-04 7.846613e-04 7.143908e-04 6.402810e-04
4.364531e+01 7.064554e-04 7.775609e-04 7.120376e-04 6.297678e-04
4.369731e+01 6.984114e-04 7.695202e-04 7.070018e-04 6.187122e-04
4.374931e+01 6.893225e-04 7.606266e-04 6.997119e-04 6.076290e-04
4.380131e+01 6.796634e-04 7.510677e-04 6.908970e-04 5.970256e-04
4.385331e+01 6.699476e-04 7.410962e-04 6.814029e-04 5.873436e-04
4.390531e+01 6.606312e-04 7.309836e-04 6.720290e-04 5.788811e-04
4.395731e+01 6.520368e-04 7.209797e-04 6.634047e-04 5.717259e-04
4.400931e+01 6.443098e-04 7.112860e-04 6.559160e-04 5.657274e-04
4.406131e+01 6.374224e-04 7.020481e-04 6.496931e-04 5.605262e-04
4.411331e+01 6.312235e-04 6.933679e-04 6.446599e-04 5.556428e-04
4.416531e+01 6.255245e-04 6.853395e-04 6.406241e-04 5.506100e-04
4.421731e+01 6.201941e-04 6.780986e-04 6.373684e-04 5.451154e-04
4.426931e+01 6.152273e-04 6.718666e-04 6.347054e-04 5.391099e-04
4.432131e+01 6.107612e-04 6.669582e-04 6.324859e-04 5.328394e-04
4.437331e+01 6.070268e-04 6.637256e-04 6.305737e-04 5.267810e-04
4.442531e+01 6.042494e-04 6.624377e-04 6.288173e-04 5.214931e-04
4.447731e+01 6.025301e-04 6.631268e-04 6.270343e-04 5.174291e-04
4.452931e+01 6.017477e-04 6.654652e-04 6.250052e-04 5.147728e-04
4.458131e+01 6.015176e-04 6.687313e-04 6.224677e-04 5.133538e-04
4.463331e+01 6.012246e-04 6.718967e-04 6.191084e-04 5.126687e-04
4.468531e+01 6.001306e-04 6.738128e-04 6.145741e-04 5.120049e-04
4.473731e+01 5.975328e-04 6.734467e-04 6.085248e-04 5.106271e-04
4.478931e+01 5.929353e-04 6.700989e-04 6.007376e-04 5.079694e-04
4.484131e+01 5.861882e-04 6.635573e-04 5.912360e-04 5.037713e-04
4.489331e+01 5.775568e-04 6.541584e-04 5.803935e-04 4.981185e-04
4.494531e+01 5.676986e-04 6.427492e-04 5.689607e-04 4.913860e-04
4.499731e+01 5.575524e-04 6.305522e-04 5.579850e-04 4.841200e-04
4.504931e+01 5.481698e-04 6.189571e-04 5.486331e-04 4.769193e-04
4.510131e+01 5.405319e-04 6.092779e-04 5.419578e-04 4.703600e-04
4.515331e+01 5.353933e-04 6.025306e-04 5.386738e-04 4.649753e-04
4.520531e+01 5.331814e-04 5.992831e-04 5.390065e-04 4.612545e-04
4.525731e+01 5.339582e-04 5.996047e-04 5.426567e-04 4.596133e-04
4.530931e+01 5.374397e-04 6.031180e-04 5.488881e-04 4.603129e-04
4.536131e+01 5.430607e-04 6.091281e-04 5.567085e-04 4.633454e-04
4.541331e+01 5.500764e-04 6.167947e-04 5.650895e-04 4.683450e-04
4.546531e+01 5.576837e-04 6.253035e-04 5.731668e-04 4.745808e-04
4.551731e+01 5.651452e-04 6.339972e-04 5.803817e-04 4.810568e-04
4.556931e+01 5.718933e-04 6.424357e-04 5.865507e-04 4.866937e-04
4.562131e+01 5.775977e-04 6.503843e-04 5.918720e-04 4.905368e-04
4.567331e+01 5.821901e-04 6.577571e-04 5.968828e-04 4.919303e-04
4.572531e+01 5.858493e-04 6.645586e-04 6.023695e-04 4.906197e-04
4.577731e+01 5.889503e-04 6.708559e-04 6.092227e-04 4.867723e-04
4.582931e+01 5.919801e-04 6.767798e-04 6.182327e-04 4.809278e-04
4.588131e+01 5.954249e-04 6.825261e-04 6.298495e-04 4.738990e-04
4.593331e+01 5.996486e-04 6.883237e-04 6.439756e-04 4.666464e-04
4.598531e+01 6.047962e-04 6.943641e-04 6.598779e-04 4.601468e-04
4.603731e+01 6.107621e-04 7.007217e-04 6.762899e-04 4.552746e-04
4.608931e+01 6.172431e-04 7.073135e-04 6.917055e-04 4.527102e-04
4.614131e+01 6.238684e-04 7.139379e-04 7.047844e-04 4.528830e-04
4.619331e+01 6.303621e-04 7.203944e-04 7.147352e-04 4.559567e-04
4.624531e+01 6.366777e-04 7.266392e-04 7.215380e-04 4.618560e-04
4.629731e+01 6.430536e-04 7.329029e-04 7.259264e-04 4.703316e-04
4.634931e+01 6.499620e-04 7.397017e-04 7.291349e-04 4.810495e-04
4.640131e+01 6.579673e-04 7.477246e-04 7.324988e-04 4.936784e-04
4.645331e+01 6.675432e-04 7.576372e-04 7.370438e-04 5.079485e-04
4.650531e+01 6.789181e-04 7.698896e-04 7.432015e-04 5.236630e-04
4.655731e+01 6.920063e-04 7.846121e-04 7.507380e-04 5.406689e-04
4.660931e+01 7.064485e-04 8.016301e-04 7.589045e-04 5.588110e-04
4.666131e+01 7.217354e-04 8.205701e-04 7.667370e-04 5.778992e-04
4.671331e+01 7.373573e-04 8.409830e-04 7.733826e-04 5.977063e-04
4.676531e+01 7.529140e-04 8.624171e-04 7.783326e-04 6.179924e-04
4.681731e+01 7.681492e-04 8.844153e-04 7.814936e-04 6.385387e-04
4.686931e+01 7.829135e-04 9.064630e-04 7.831040e-04 6.591735e-04
4.692131e+01 7.970980e-04 9.279467e-04 7.835661e-04 6.797811e-04
4.697331e+01 8.105862e-04 9.481835e-04 7.832818e-04 7.002933e-04
4.702531e+01 8.232549e-04 9.665364e-04 7.825579e-04 7.206703e-04
4.707731e+01 8.350175e-04 9.825767e-04 7.815955e-04 7.408804e-04
4.712931e+01 8.458786e-04 9.962091e-04 7.805367e-04 7.608902e-04
4.718131e+01 8.559586e-04 1.007678e-03 7.795263e-04 7.806719e-04
4.723331e+01 8.654697e-04 1.017430e-03 7.787562e-04 8.002224e-04
4.728531e+01 8.746547e-04 1.025900e-03 7.784859e-04 8.195783e-04
4.733731e+01 8.837258e-04 1.033321e-03 7.790452e-04 8.388112e-04
4.738931e+01 8.928413e-04 1.039695e-03 7.808242e-04 8.580049e-04
4.744131e+01 9.021389e-04 1.044926e-03 7.842456e-04 8.772449e-04
4.749331e+01 9.118069e-04 1.049057e-03 7.897065e-04 8.966573e-04
4.754531e+01 9.221430e-04 1.052438e-03 7.974840e-04 9.165070e-04
4.759731e+01 9.335436e-04 1.055704e-03 8.076146e-04 9.373124e-04
4.764931e+01 9.463917e-04 1.059510e-03 8.197820e-04 9.598829e-04
4.770131e+01 9.608630e-04 1.064130e-03 8.332628e-04 9.851957e-04
4.775331e+01 9.767240e-04 1.069107e-03 8.469754e-04 1.014090e-03
4.780531e+01 9.932165e-04 1.073147e-03 8.596477e-04 1.046855e-03
4.785731e+01 1.009097e-03 1.074361e-03 8.700625e-04 1.082869e-03
4.790931e+01 1.022837e-03 1.070781e-03 8.772973e-04 1.120433e-03
4.796131e+01 1.032907e-03 1.060964e-03 8.808649e-04 1.156892e-03
4.801331e+01 1.038055e-03 1.044435e-03 8.807045e-04 1.189026e-03
4.806531e+01 1.037489e-03 1.021811e-03 8.770459e-04 1.213611e-03
4.811731e+01 1.030936e-03 9.945753e-04 8.702270e-04 1.228005e-03
4.816931e+01 1.018601e-03 9.646100e-04 8.605548e-04 1.230638e-03
4.822131e+01 1.001076e-03 9.336925e-04 8.482584e-04 1.221276e-03
4.827331e+01 9.792225e-04 9.031211e-04 8.335283e-04 1.201018e-03
4.832531e+01 9.540636e-04 8.735745e-04 8.165967e-04 1.172020e-03
4.837731e+01 9.266738e-04 8.452029e-04 7.978136e-04 1.137005e-03
4.842931e+01 8.980906e-04 8.178730e-04 7.776917e-04 1.098707e-03
4.848131e+01 8.692474e-04 7.914492e-04 7.569066e-04 1.059386e-03
4.853331e+01 8.409335e-04 7.660031e-04 7.362472e-04 1.020550e-03
4.858531e+01 8.137725e-04 7.418811e-04 7.165102e-04 9.829262e-04
4.863731e+01 7.882060e-04 7.196211e-04 6.983527e-04 9.466442e-04
4.868931e+01 7.644776e-04 6.997648e-04 6.821385e-04 9.115295e-04
4.874131e+01 7.426231e-04 6.826446e-04 6.678346e-04 8.773900e-04
4.879331e+01 7.224834e-04 6.682246e-04 6.550086e-04 8.442170e-04
4.884531e+01 7.037533e-04 6.560505e-04 6.429428e-04 8.122665e-04
4.889731e+01 6.860677e-04 6.453272e-04 6.308378e-04 7.820381e-04
4.894931e+01 6.691112e-04 6.351034e-04 6.180398e-04 7.541904e-04
4.900131e+01 6.527234e-04 6.245143e-04 6.042189e-04 7.294372e-04
4.905331e+01 6.369696e-04 6.130150e-04 5.894434e-04 7.084504e-04
4.910531e+01 6.221464e-04 6.005280e-04 5.741320e-04 6.917793e-04
4.915731e+01 6.087114e-04 5.874485e-04 5.589032e-04 6.797824e-04
4.920931e+01 5.971447e-04 5.744908e-04 5.443723e-04 6.725710e-04
4.926131e+01 5.877815e-04 5.624162e-04 5.309613e-04 6.699670e-04
4.931331e+01 5.806671e-04 5.517322e-04 5.187793e-04 6.714900e-04
4.936531e+01 5.754884e-04 5.424708e-04 5.076079e-04 6.763866e-04
4.941731e+01 5.716086e-04 5.341277e-04 4.969909e-04 6.837073e-04
4.946931e+01 5.681968e-04 5.257827e-04 4.863907e-04 6.924171e-04
4.952131e+01 5.644097e-04 5.163533e-04 4.753593e-04 7.015164e-04
4.957331e+01 5.595674e-04 5.048918e-04 4.636696e-04 7.101409e-04
4.962531e+01 5.532741e-04 4.908313e-04 4.513748e-04 7.176163e-04
4.967731e+01 5.454560e-04 4.741177e-04 4.387903e-04 7.234599e-04
4.972931e+01 5.363204e-04 4.552131e-04 4.264098e-04 7.273383e-04
4.978131e+01 5.262609e-04 4.349883e-04 4.147837e-04 7.290107e-04
4.983331e+01 5.157421e-04 4.145468e-04 4.043913e-04 7.282881e-04
4.988531e+01 5.051994e-04 3.950261e-04 3.955370e-04 7.250351e-04
4.993731e+01 4.949747e-04 3.774149e-04 3.882973e-04 7.192119e-04
4.998931e+01 4.852926e-04 3.624207e-04 3.825264e-04 7.109307e-04
5.004131e+01 4.762676e-04 3.504017e-04 3.779144e-04 7.004868e-04
5.009331e+01 4.679269e-04 3.413705e-04 3.740732e-04 6.883369e-04
5.014531e+01 4.602362e-04 3.350542e-04 3.706223e-04 6.750321e-04
5.019731e+01 4.531300e-04 3.309921e-04 3.672554e-04 6.611425e-04
5.024931e+01 4.465483e-04 3.286440e-04 3.637786e-04 6.472222e-04
5.030131e+01 4.404836e-04 3.274893e-04 3.601276e-04 6.338337e-04
5.035331e+01 4.350258e-04 3.271041e-04 3.563680e-04 6.216053e-04
5.040531e+01 4.303849e-04 3.272099e-04 3.526809e-04 6.112638e-04
5.045731e+01 4.268702e-04 3.276967e-04 3.493310e-04 6.035828e-04
5.050931e+01 4.248204e-04 3.286166e-04 3.466126e-04 5.992322e-04
5.056131e+01 4.244992e-04 3.301493e-04 3.447815e-04 5.985667e-04
5.061331e+01 4.259899e-04 3.325417e-04 3.439892e-04 6.014387e-04
5.066531e+01 4.291310e-04 3.360290e-04 3.442431e-04 6.071210e-04
5.071731e+01 4.335196e-04 3.407542e-04 3.454086e-04 6.143962e-04
5.076931e+01 4.385865e-04 3.467024e-04 3.472557e-04 6.218014e-04
5.082131e+01 4.437185e-04 3.536622e-04 3.495342e-04 6.279590e-04
5.087331e+01 4.483849e-04 3.612250e-04 3.520463e-04 6.318834e-04
5.092531e+01 4.522271e-04 3.688277e-04 3.546913e-04 6.331624e-04
5.097731e+01 4.550888e-04 3.758419e-04 3.574654e-04 6.319590e-04
5.102931e+01 4.569935e-04 3.817013e-04 3.604278e-04 6.288514e-04
5.108131e+01 4.580930e-04 3.860379e-04 3.636546e-04 6.245864e-04
5.113331e+01 4.586129e-04 3.887832e-04 3.672085e-04 6.198470e-04
5.118531e+01 4.588113e-04 3.901904e-04 3.711363e-04 6.151072e-04
5.123731e+01 4.589489e-04 3.907599e-04 3.754858e-04 6.106010e-04
5.128931e+01 4.592617e-04 3.910907e-04 3.803189e-04 6.063755e-04
5.134131e+01 4.599306e-04 3.917138e-04 3.857004e-04 6.023775e-04
5.139331e+01 4.610488e-04 3.929665e-04 3.916583e-04 5.985215e-04
5.144531e+01 4.625968e-04 3.949440e-04 3.981290e-04 5.947176e-04
5.149731e+01 4.644359e-04 3.975255e-04 4.049178e-04 5.908645e-04
5.154931e+01 4.663255e-04 4.004484e-04 4.116985e-04 5.868295e-04
5.160131e+01 4.679648e-04 4.033946e-04 4.180604e-04 5.824393e-04
5.165331e+01 4.690502e-04 4.060669e-04 4.235935e-04 5.774901e-04
5.170531e+01 4.693351e-04 4.082467e-04 4.279810e-04 5.717775e-04
5.175731e+01 4.686774e-04 4.098320e-04 4.310654e-04 5.651348e-04
5.180931e+01 4.670633e-04 4.108522e-04 4.328643e-04 5.574734e-04
5.186131e+01 4.646026e-04 4.114563e-04 4.335332e-04 5.488183e-04
5.191331e+01 4.615029e-04 4.118754e-04 4.332968e-04 5.393366e-04
5.196531e+01 4.580344e-04 4.123645e-04 4.323856e-04 5.293531e-04
5.201731e+01 4.544966e-04 4.131388e-04 4.310108e-04 5.193402e-04
5.206931e+01 4.511931e-04 4.143198e-04 4.293869e-04 5.098727e-04
5.212131e+01 4.484078e-04 4.159020e-04 4.277817e-04 5.015396e-04
5.217331e+01 4.463762e-04 4.177483e-04 4.265516e-04 4.948286e-04
5.222531e+01 4.452487e-04 4.196168e-04 4.261205e-04 4.900087e-04
5.227731e+01 4.450527e-04 4.212158e-04 4.268880e-04 4.870542e-04
5.232931e+01 4.456698e-04 4.222778e-04 4.290924e-04 4.856392e-04
5.238131e+01 4.468445e-04 4.226360e-04 4.326834e-04 4.852141e-04
5.243331e+01 4.482300e-04 4.222781e-04 4.372684e-04 4.851433e-04
5.248531e+01 4.494632e-04 4.213597e-04 4.421702e-04 4.848597e-04
5.253731e+01 4.502479e-04 4.201655e-04 4.465910e-04 4.839871e-04
5.258931e+01 4.504187e-04 4.190324e-04 4.498325e-04 4.823912e-04
5.264131e+01 4.499668e-04 4.182557e-04 4.514975e-04 4.801470e-04
5.269331e+01 4.490190e-04 4.180131e-04 4.516015e-04 4.774423e-04
5.274531e+01 4.477791e-04 4.183253e-04 4.505536e-04 4.744583e-04
5.279731e+01 4.464526e-04 4.190613e-04 4.490154e-04 4.712811e-04
5.284931e+01 4.451813e-04 4.199803e-04 4.476841e-04 4.678795e-04
5.290131e+01 4.440085e-04 4.207934e-04 4.470791e-04 4.641529e-04
5.295331e+01 4.428836e-04 4.212317e-04 4.474005e-04 4.600186e-04
5.300531e+01 4.416984e-04 4.211099e-04 4.485028e-04 4.554825e-04
5.305731e+01 4.403352e-04 4.203752e-04 4.499808e-04 4.506497e-04
5.310931e+01 4.387089e-04 4.191329e-04 4.513257e-04 4.456680e-04
5.316131e+01 4.367884e-04 4.176378e-04 4.520892e-04 4.406381e-04
5.321331e+01 4.346003e-04 4.162504e-04 4.520026e-04 4.355479e-04
5.326531e+01 4.322207e-04 4.153656e-04 4.510248e-04 4.302716e-04
5.331731e+01 4.297635e-04 4.153319e-04 4.493234e-04 4.246353e-04
5.336931e+01 4.273692e-04 4.163823e-04 4.472136e-04 4.185117e-04
5.342131e+01 4.251875e-04 4.185924e-04 4.450804e-04 4.118897e-04
5.347331e+01 4.233511e-04 4.218684e-04 4.433026e-04 4.048823e-04
5.352531e+01 4.219399e-04 4.259605e-04 4.421845e-04 3.976748e-04
5.357731e+01 4.209477e-04 4.304938e-04 4.419023e-04 3.904471e-04
5.362931e+01 4.202684e-04 4.350153e-04 4.424699e-04 3.833201e-04
5.368131e+01 4.197148e-04 4.390538e-04 4.437335e-04 3.763572e-04
5.373331e+01 4.190699e-04 4.421900e-04 4.453981e-04 3.696217e-04
5.378531e+01 4.181527e-04 4.441224e-04 4.470803e-04 3.632553e-04
5.383731e+01 4.168714e-04 4.447115e-04 4.483764e-04 3.575263e-04
5.388931e+01 4.152441e-04 4.439891e-04 4.489310e-04 3.528123e-04
5.394131e+01 4.133810e-04 4.421325e-04 4.484981e-04 3.495124e-04
5.399331e+01 4.114433e-04 4.394170e-04 4.469863e-04 3.479264e-04
5.404531e+01 4.095988e-04 4.361642e-04 4.444803e-04 3.481518e-04
5.409731e+01 4.079905e-04 4.326953e-04 4.412329e-04 3.500434e-04
5.414931e+01 4.067221e-04 4.292950e-04 4.376252e-04 3.532461e-04
5.420131e+01 4.058557e-04 4.261834e-04 4.341036e-04 3.572801e-04
5.425331e+01 4.054161e-04 4.235015e-04 4.311050e-04 3.616418e-04
5.430531e+01 4.053977e-04 4.213168e-04 4.289870e-04 3.658894e-04
5.435731e+01 4.057732e-04 4.196492e-04 4.279686e-04 3.697019e-04
5.440931e+01 4.065032e-04 4.185070e-04 4.280896e-04 3.729129e-04
5.446131e+01 4.075430e-04 4.179118e-04 4.291938e-04 3.755234e-04
5.451331e+01 4.088451e-04 4.178924e-04 4.309512e-04 3.776916e-04
5.456531e+01 4.103562e-04 4.184497e-04 4.329283e-04 3.796905e-04
5.461731e+01 4.120152e-04 4.195106e-04 4.347031e-04 3.818320e-04
5.466931e+01 4.137583e-04 4.209058e-04 4.359970e-04 3.843719e-04
5.472131e+01 4.155318e-04 4.223932e-04 4.367753e-04 3.874267e-04
5.477331e+01 4.173074e-04 4.237228e-04 4.372675e-04 3.909320e-04
5.482531e+01 4.190843e-04 4.247123e-04 4.378815e-04 3.946593e-04
5.487731e+01 4.208670e-04 4.252902e-04 4.390292e-04 3.982816e-04
5.492931e+01 4.226200e-04 4.254766e-04 4.409239e-04 4.014594e-04
5.498131e+01 4.242182e-04 4.253091e-04 4.434323e-04 4.039132e-04
5.503331e+01 4.254240e-04 4.247557e-04 4.460539e-04 4.054622e-04
5.508531e+01 4.259147e-04 4.236662e-04 4.480525e-04 4.060255e-04
5.513731e+01 4.253668e-04 4.217991e-04 4.487021e-04 4.055992e-04
5.518931e+01 4.235673e-04 4.189163e-04 4.475580e-04 4.042275e-04
5.524131e+01 4.205078e-04 4.148962e-04 4.446467e-04 4.019806e-04
5.529331e+01 4.164135e-04 4.098031e-04 4.404942e-04 3.989433e-04
5.534531e+01 4.116848e-04 4.038700e-04 4.359761e-04 3.952082e-04
5.539731e+01 4.067667e-04 3.973983e-04 4.320372e-04 3.908647e-04
5.544931e+01 4.019928e-04 3.906212e-04 4.293794e-04 3.859778e-04
5.550131e+01 3.974598e-04 3.835988e-04 4.282218e-04 3.805588e-04
5.555331e+01 3.929803e-04 3.761918e-04 4.282090e-04 3.745399e-04
