3.369215e+00 0.000000e+00 0.000000e+00 0.000000e+00 0.000000e+00
3.421215e+00 0.000000e+00 0.000000e+00 0.000000e+00 0.000000e+00
3.473215e+00 0.000000e+00 0.000000e+00 0.000000e+00 0.000000e+00
3.525215e+00 0.000000e+00 0.000000e+00 0.000000e+00 0.000000e+00
3.577215e+00 0.000000e+00 0.000000e+00 0.000000e+00 0.000000e+00
3.629215e+00 0.000000e+00 0.000000e+00 0.000000e+00 0.000000e+00
3.681215e+00 0.000000e+00 0.000000e+00 0.000000e+00 0.000000e+00
3.733215e+00 0.000000e+00 0.000000e+00 0.000000e+00 0.000000e+00
3.785215e+00 0.000000e+00 0.000000e+00 0.000000e+00 0.000000e+00
3.837215e+00 0.000000e+00 0.000000e+00 0.000000e+00 0.000000e+00
3.889215e+00 0.000000e+00 0.000000e+00 0.000000e+00 0.000000e+00
3.941215e+00 0.000000e+00 0.000000e+00 0.000000e+00 0.000000e+00
3.993215e+00 0.000000e+00 0.000000e+00 0.000000e+00 0.000000e+00
4.045215e+00 0.000000e+00 0.000000e+00 0.000000e+00 0.000000e+00
4.097215e+00 0.000000e+00 0.000000e+00 0.000000e+00 0.000000e+00
4.149215e+00 0.000000e+00 0.000000e+00 0.000000e+00 0.000000e+00
4.201215e+00 0.000000e+00 0.000000e+00 0.000000e+00 0.000000e+00
4.253215e+00 0.000000e+00 0.000000e+00 0.000000e+00 0.000000e+00
4.305215e+00 0.000000e+00 0.000000e+00 0.000000e+00 0.000000e+00
4.357215e+00 0.000000e+00 0.000000e+00 0.000000e+00 0.000000e+00
4.409215e+00 0.000000e+00 0.000000e+00 0.000000e+00 0.000000e+00
4.461215e+00 0.000000e+00 0.000000e+00 0.000000e+00 0.000000e+00
4.513215e+00 0.000000e+00 0.000000e+00 0.000000e+00 0.000000e+00
4.565215e+00 0.000000e+00 0.000000e+00 0.000000e+00 0.000000e+00
4.617215e+00 0.000000e+00 0.000000e+00 0.000000e+00 0.000000e+00
4.669215e+00 0.000000e+00 0.000000e+00 0.000000e+00 0.000000e+00
4.721215e+00 0.000000e+00 0.000000e+00 0.000000e+00 0.000000e+00
4.773215e+00 0.000000e+00 0.000000e+00 0.000000e+00 0.000000e+00
4.825215e+00 0.000000e+00 0.000000e+00 0.000000e+00 0.000000e+00
4.877215e+00 0.000000e+00 0.000000e+00 0.000000e+00 0.000000e+00
4.929215e+00 0.000000e+00 0.000000e+00 0.000000e+00 0.000000e+00
4.981215e+00 0.000000e+00 0.000000e+00 0.000000e+00 0.000000e+00
5.033215e+00 0.000000e+00 0.000000e+00 0.000000e+00 0.000000e+00
5.085215e+00 0.000000e+00 0.000000e+00 0.000000e+00 0.000000e+00
5.137215e+00 0.000000e+00 0.000000e+00 0.000000e+00 0.000000e+00
5.189215e+00 0.000000e+00 0.000000e+00 0.000000e+00 0.000000e+00
5.241215e+00 0.000000e+00 0.000000e+00 0.000000e+00 0.000000e+00
5.293215e+00 0.000000e+00 0.000000e+00 0.000000e+00 0.000000e+00
5.345215e+00 0.000000e+00 0.000000e+00 0.000000e+00 0.000000e+00
5.397215e+00 0.000000e+00 0.000000e+00 0.000000e+00 0.000000e+00
5.449215e+00 0.000000e+00 0.000000e+00 0.000000e+00 0.000000e+00
5.501215e+00 0.000000e+00 0.000000e+00 0.000000e+00 0.000000e+00
5.553215e+00 0.000000e+00 0.000000e+00 0.000000e+00 0.000000e+00
5.605215e+00 0.000000e+00 0.000000e+00 0.000000e+00 0.000000e+00
5.657215e+00 0.000000e+00 0.000000e+00 0.000000e+00 0.000000e+00
5.709215e+00 0.000000e+00 0.000000e+00 0.000000e+00 0.000000e+00
5.761215e+00 0.000000e+00 0.000000e+00 0.000000e+00 0.000000e+00
5.813215e+00 0.000000e+00 0.000000e+00 0.000000e+00 0.000000e+00
5.865215e+00 0.000000e+00 0.000000e+00 0.000000e+00 0.000000e+00
5.917215e+00 0.000000e+00 0.000000e+00 0.000000e+00 0.000000e+00
5.969215e+00 0.000000e+00 0.000000e+00 0.000000e+00 0.000000e+00
6.021215e+00 0.000000e+00 0.000000e+00 0.000000e+00 0.000000e+00
6.073215e+00 0.000000e+00 0.000000e+00 0.000000e+00 0.000000e+00
6.125215e+00 0.000000e+00 0.000000e+00 0.000000e+00 0.000000e+00
6.177215e+00 0.000000e+00 0.000000e+00 0.000000e+00 0.000000e+00
6.229215e+00 0.000000e+00 0.000000e+00 0.000000e+00 0.000000e+00
6.281215e+00 0.000000e+00 0.000000e+00 0.000000e+00 0.000000e+00
6.333215e+00 0.000000e+00 0.000000e+00 0.000000e+00 0.000000e+00
6.385215e+00 0.000000e+00 0.000000e+00 0.000000e+00 0.000000e+00
6.437215e+00 0.000000e+00 0.000000e+00 0.000000e+00 0.000000e+00
6.489215e+00 0.000000e+00 0.000000e+00 0.000000e+00 0.000000e+00
6.541215e+00 0.000000e+00 0.000000e+00 0.000000e+00 0.000000e+00
6.593215e+00 0.000000e+00 0.000000e+00 0.000000e+00 0.000000e+00
6.645215e+00 0.000000e+00 0.000000e+00 0.000000e+00 0.000000e+00
6.697215e+00 0.000000e+00 0.000000e+00 0.000000e+00 0.000000e+00
6.749215e+00 0.000000e+00 0.000000e+00 0.000000e+00 0.000000e+00
6.801215e+00 0.000000e+00 0.000000e+00 0.000000e+00 0.000000e+00
6.853215e+00 0.000000e+00 0.000000e+00 0.000000e+00 0.000000e+00
6.905215e+00 0.000000e+00 0.000000e+00 0.000000e+00 0.000000e+00
6.957215e+00 0.000000e+00 0.000000e+00 0.000000e+00 0.000000e+00
7.009215e+00 0.000000e+00 0.000000e+00 0.000000e+00 0.000000e+00
7.061215e+00 0.000000e+00 0.000000e+00 0.000000e+00 0.000000e+00
7.113215e+00 0.000000e+00 0.000000e+00 0.000000e+00 0.000000e+00
7.165215e+00 0.000000e+00 0.000000e+00 0.000000e+00 0.000000e+00
7.217215e+00 4.342477e-14 1.290960e-13 1.046103e-15 1.321740e-16
7.269215e+00 1.987465e-13 5.908467e-13 4.787803e-15 6.049340e-16
7.321215e+00 8.501647e-13 2.527426e-12 2.048047e-14 2.587686e-15
7.373215e+00 4.010488e-12 1.175805e-11 1.844180e-13 8.899552e-14
7.425215e+00 1.542107e-11 4.511032e-11 7.603695e-13 3.925178e-13
7.477215e+00 5.641709e-11 1.643238e-10 3.132117e-12 1.795299e-12
7.529215e+00 1.921746e-10 5.578393e-10 1.160253e-11 7.082089e-12
7.581215e+00 6.163657e-10 1.782132e-09 4.063299e-11 2.633204e-11
7.633215e+00 1.862058e-09 5.360239e-09 1.340807e-10 9.185514e-11
7.685215e+00 5.304446e-09 1.519505e-08 4.174450e-10 3.008386e-10
7.737215e+00 1.426364e-08 4.063849e-08 1.226165e-09 9.262833e-10
7.789215e+00 3.624582e-08 1.026564e-07 3.399423e-09 2.681653e-09
7.841215e+00 8.712908e-08 2.451882e-07 8.895584e-09 7.303417e-09
7.893215e+00 1.983415e-07 5.543248e-07 2.197964e-08 1.872014e-08
7.945215e+00 4.280058e-07 1.187535e-06 5.129721e-08 4.518570e-08
7.997215e+00 8.764049e-07 2.413300e-06 1.131389e-07 1.027761e-07
8.049215e+00 1.704498e-06 4.657090e-06 2.359586e-07 2.204445e-07
8.101215e+00 3.151658e-06 8.543048e-06 4.656762e-07 4.462503e-07
8.153215e+00 5.545799e-06 1.491357e-05 8.704515e-07 8.533770e-07
8.205215e+00 9.297200e-06 2.480548e-05 1.542741e-06 1.543377e-06
8.257215e+00 1.486889e-05 3.936719e-05 2.596083e-06 2.643404e-06
8.309215e+00 2.272340e-05 5.972034e-05 4.154880e-06 4.294971e-06
8.361215e+00 3.325768e-05 8.680053e-05 6.337865e-06 6.634639e-06
8.413215e+00 4.675082e-05 1.212414e-04 9.239323e-06 9.771679e-06
8.465215e+00 6.335388e-05 1.633749e-04 1.291489e-05 1.377181e-05
8.517215e+00 8.313927e-05 2.133832e-04 1.737833e-05 1.865630e-05
8.569215e+00 1.061956e-04 2.715567e-04 2.261078e-05 2.441923e-05
8.621215e+00 1.327144e-04 3.385144e-04 2.857537e-05 3.105337e-05
8.673215e+00 1.629920e-04 4.151886e-04 3.522363e-05 3.856369e-05
8.725215e+00 1.972876e-04 5.024368e-04 4.248029e-05 4.694585e-05
8.777215e+00 2.355469e-04 6.003128e-04 5.020557e-05 5.612241e-05
8.829215e+00 2.770855e-04 7.072455e-04 5.815319e-05 6.585772e-05
8.881215e+00 3.203866e-04 8.195019e-04 6.595858e-05 7.569934e-05
8.933215e+00 3.631436e-04 9.312376e-04 7.319348e-05 8.499964e-05
8.985215e+00 4.025822e-04 1.035192e-03 7.950531e-05 9.304899e-05
9.037215e+00 4.359827e-04 1.123808e-03 8.483039e-05 9.930933e-05
9.089215e+00 4.612547e-04 1.190424e-03 8.964188e-05 1.036985e-04
9.141215e+00 4.774418e-04 1.230293e-03 9.517506e-05 1.068575e-04
9.193215e+00 4.850944e-04 1.241384e-03 1.035633e-04 1.103362e-04
9.245215e+00 4.864824e-04 1.224999e-03 1.178112e-04 1.166367e-04
9.297215e+00 4.855836e-04 1.186160e-03 1.415358e-04 1.290555e-04
9.349215e+00 4.877346e-04 1.133493e-03 1.784405e-04 1.512698e-04
9.401215e+00 4.988576e-04 1.078333e-03 2.315746e-04 1.866648e-04
9.453215e+00 5.243487e-04 1.032980e-03 3.025586e-04 2.375072e-04
9.505215e+00 5.679374e-04 1.008542e-03 3.910614e-04 3.042092e-04
9.557215e+00 6.309667e-04 1.013087e-03 4.948057e-04 3.850071e-04
9.609215e+00 7.124333e-04 1.050785e-03 6.102127e-04 4.763018e-04
9.661215e+00 8.097904e-04 1.122200e-03 7.335102e-04 5.736611e-04
9.713215e+00 9.201258e-04 1.225341e-03 8.618807e-04 6.731556e-04
9.765215e+00 1.041138e-03 1.356743e-03 9.941851e-04 7.724850e-04
9.817215e+00 1.171499e-03 1.512073e-03 1.131013e-03 8.714100e-04
9.869215e+00 1.310623e-03 1.686324e-03 1.274181e-03 9.713640e-04
9.921215e+00 1.458256e-03 1.874122e-03 1.426064e-03 1.074583e-03
9.973215e+00 1.614383e-03 2.070631e-03 1.589145e-03 1.183374e-03
1.002522e+01 1.779587e-03 2.272914e-03 1.765836e-03 1.300010e-03
1.007722e+01 1.955479e-03 2.480916e-03 1.958297e-03 1.427225e-03
1.012922e+01 2.144528e-03 2.696994e-03 2.167860e-03 1.568729e-03
1.018122e+01 2.348839e-03 2.923640e-03 2.393944e-03 1.728931e-03
1.023322e+01 2.568216e-03 3.160213e-03 2.632896e-03 1.911540e-03
1.028522e+01 2.798533e-03 3.400519e-03 2.877564e-03 2.117517e-03
1.033722e+01 3.031637e-03 3.632953e-03 3.118291e-03 2.343667e-03
1.038922e+01 3.257364e-03 3.843605e-03 3.345344e-03 2.583143e-03
1.044122e+01 3.467060e-03 4.020982e-03 3.551868e-03 2.828331e-03
1.049322e+01 3.656982e-03 4.159834e-03 3.735895e-03 3.075217e-03
1.054522e+01 3.829771e-03 4.261906e-03 3.900117e-03 3.327289e-03
1.059722e+01 3.993023e-03 4.333098e-03 4.049175e-03 3.596797e-03
1.064922e+01 4.155376e-03 4.378552e-03 4.185535e-03 3.902040e-03
1.070122e+01 4.321723e-03 4.398382e-03 4.305994e-03 4.260793e-03
1.075322e+01 4.489583e-03 4.386390e-03 4.400747e-03 4.681614e-03
1.080522e+01 4.648102e-03 4.332517e-03 4.455814e-03 5.155974e-03
1.085722e+01 4.780066e-03 4.227779e-03 4.457917e-03 5.654502e-03
1.090922e+01 4.866231e-03 4.069261e-03 4.399620e-03 6.129811e-03
1.096122e+01 4.890509e-03 3.862858e-03 4.282374e-03 6.526294e-03
1.101322e+01 4.844437e-03 3.622672e-03 4.116186e-03 6.794453e-03
1.106522e+01 4.729642e-03 3.367576e-03 3.916316e-03 6.905034e-03
1.111722e+01 4.557646e-03 3.116537e-03 3.698717e-03 6.857684e-03
1.116922e+01 4.347177e-03 2.884517e-03 3.476259e-03 6.680753e-03
1.122122e+01 4.119866e-03 2.680165e-03 3.257022e-03 6.422410e-03
1.127322e+01 3.895687e-03 2.505607e-03 3.044729e-03 6.136724e-03
1.132522e+01 3.689452e-03 2.357903e-03 2.840474e-03 5.869978e-03
1.137722e+01 3.509227e-03 2.231370e-03 2.644637e-03 5.651674e-03
1.142922e+01 3.356777e-03 2.120009e-03 2.458241e-03 5.492082e-03
1.148122e+01 3.229469e-03 2.019407e-03 2.283549e-03 5.385451e-03
1.153322e+01 3.122710e-03 1.927754e-03 2.124050e-03 5.316325e-03
1.158522e+01 3.032007e-03 1.845784e-03 1.984037e-03 5.266201e-03
1.163722e+01 2.954095e-03 1.775745e-03 1.867901e-03 5.218638e-03
1.168922e+01 2.887002e-03 1.719811e-03 1.779164e-03 5.162031e-03
1.174122e+01 2.829316e-03 1.678502e-03 1.719354e-03 5.090092e-03
1.179322e+01 2.779042e-03 1.649692e-03 1.686963e-03 5.000471e-03
1.184522e+01 2.732487e-03 1.628513e-03 1.676805e-03 4.892143e-03
1.189722e+01 2.683589e-03 1.608160e-03 1.680151e-03 4.762457e-03
1.194922e+01 2.624100e-03 1.581329e-03 1.685848e-03 4.605125e-03
1.200122e+01 2.544899e-03 1.541889e-03 1.682399e-03 4.410410e-03
1.205322e+01 2.438380e-03 1.486382e-03 1.660593e-03 4.168165e-03
1.210522e+01 2.301279e-03 1.414970e-03 1.615902e-03 3.872964e-03
1.215722e+01 2.136829e-03 1.331519e-03 1.549766e-03 3.529203e-03
1.220922e+01 1.955131e-03 1.242732e-03 1.469123e-03 3.153538e-03
1.226122e+01 1.771219e-03 1.156486e-03 1.384207e-03 2.772963e-03
1.231322e+01 1.601333e-03 1.079889e-03 1.305319e-03 2.418791e-03
1.236522e+01 1.458729e-03 1.017653e-03 1.239770e-03 2.118764e-03
1.241722e+01 1.350551e-03 9.713259e-04 1.190070e-03 1.890256e-03
1.246922e+01 1.276785e-03 9.395252e-04 1.153930e-03 1.736901e-03
1.252122e+01 1.231357e-03 9.189338e-04 1.125837e-03 1.649299e-03
1.257322e+01 1.204639e-03 9.055531e-04 1.099433e-03 1.608932e-03
1.262522e+01 1.186320e-03 8.957048e-04 1.069719e-03 1.593538e-03
1.267722e+01 1.167723e-03 8.865242e-04 1.034382e-03 1.582262e-03
1.272922e+01 1.143164e-03 8.759988e-04 9.940027e-04 1.559491e-03
1.278122e+01 1.110345e-03 8.628163e-04 9.513739e-04 1.516845e-03
1.283322e+01 1.070000e-03 8.462842e-04 9.103861e-04 1.453329e-03
1.288522e+01 1.025085e-03 8.264208e-04 8.749298e-04 1.373905e-03
1.293722e+01 9.797440e-04 8.041170e-04 8.480682e-04 1.287047e-03
1.298922e+01 9.382238e-04 7.811670e-04 8.315411e-04 1.201963e-03
1.304122e+01 9.039453e-04 7.600130e-04 8.255678e-04 1.126255e-03
1.309322e+01 8.788800e-04 7.432007e-04 8.289356e-04 1.064504e-03
1.314522e+01 8.633526e-04 7.327051e-04 8.394002e-04 1.017952e-03
1.319722e+01 8.562728e-04 7.293653e-04 8.543936e-04 9.850596e-04
1.324922e+01 8.556748e-04 7.326331e-04 8.719043e-04 9.624869e-04
1.330122e+01 8.593614e-04 7.407286e-04 8.912580e-04 9.460977e-04
1.335322e+01 8.654517e-04 7.511617e-04 9.134928e-04 9.317004e-04
1.340522e+01 8.727152e-04 7.614851e-04 9.411746e-04 9.154858e-04
1.345722e+01 8.807101e-04 7.701029e-04 9.777548e-04 8.942727e-04
1.350922e+01 8.898275e-04 7.769570e-04 1.026803e-03 8.657228e-04
1.356122e+01 9.013450e-04 7.839340e-04 1.091479e-03 8.286225e-04
1.361322e+01 9.174980e-04 7.948787e-04 1.174424e-03 7.831910e-04
1.366522e+01 9.414580e-04 8.151713e-04 1.277946e-03 7.312566e-04
1.371722e+01 9.770520e-04 8.509219e-04 1.404124e-03 6.761102e-04
1.376922e+01 1.028124e-03 9.079355e-04 1.554496e-03 6.219396e-04
1.382122e+01 1.097590e-03 9.906434e-04 1.729195e-03 5.729308e-04
1.387322e+01 1.186403e-03 1.101178e-03 1.925739e-03 5.322929e-04
1.392522e+01 1.292698e-03 1.238680e-03 2.137878e-03 5.015352e-04
1.397722e+01 1.411338e-03 1.398869e-03 2.354900e-03 4.802442e-04
1.402922e+01 1.534017e-03 1.573913e-03 2.561708e-03 4.664305e-04
1.408122e+01 1.649977e-03 1.752747e-03 2.739859e-03 4.573260e-04
1.413322e+01 1.747381e-03 1.922056e-03 2.869693e-03 4.503940e-04
1.418522e+01 1.815288e-03 2.068057e-03 2.933510e-03 4.442959e-04
1.423722e+01 1.845951e-03 2.178898e-03 2.919349e-03 4.396064e-04
1.428922e+01 1.836859e-03 2.247045e-03 2.824389e-03 4.391429e-04
1.434122e+01 1.791784e-03 2.270815e-03 2.656675e-03 4.478630e-04
1.439322e+01 1.720316e-03 2.254379e-03 2.434188e-03 4.723823e-04
1.444522e+01 1.635896e-03 2.206189e-03 2.181238e-03 5.202601e-04
1.449722e+01 1.553034e-03 2.136531e-03 1.923316e-03 5.992551e-04
1.454922e+01 1.484733e-03 2.055261e-03 1.682222e-03 7.167169e-04
1.460122e+01 1.440965e-03 1.970630e-03 1.473116e-03 8.791506e-04
1.465322e+01 1.428464e-03 1.889396e-03 1.304158e-03 1.091837e-03
1.470522e+01 1.451422e-03 1.817739e-03 1.178221e-03 1.358305e-03
1.475722e+01 1.512342e-03 1.762090e-03 1.095444e-03 1.679493e-03
1.480922e+01 1.612361e-03 1.729158e-03 1.055324e-03 2.052603e-03
1.486122e+01 1.750775e-03 1.724891e-03 1.057586e-03 2.469848e-03
1.491322e+01 1.923963e-03 1.752695e-03 1.101753e-03 2.917442e-03
1.496522e+01 2.124258e-03 1.811603e-03 1.185943e-03 3.375227e-03
1.501722e+01 2.339387e-03 1.895239e-03 1.305612e-03 3.817311e-03
1.506922e+01 2.553022e-03 1.992172e-03 1.452930e-03 4.213964e-03
1.512122e+01 2.746627e-03 2.087893e-03 1.617160e-03 4.534827e-03
1.517322e+01 2.902398e-03 2.167997e-03 1.786020e-03 4.753179e-03
1.522522e+01 3.006632e-03 2.221691e-03 1.947635e-03 4.850571e-03
1.527722e+01 3.052582e-03 2.244467e-03 2.092483e-03 4.820796e-03
1.532922e+01 3.041907e-03 2.239026e-03 2.214745e-03 4.671951e-03
1.538122e+01 2.984189e-03 2.214157e-03 2.312713e-03 4.425696e-03
1.543322e+01 2.894584e-03 2.182032e-03 2.388218e-03 4.113503e-03
1.548522e+01 2.790317e-03 2.154893e-03 2.445318e-03 3.770741e-03
1.553722e+01 2.687023e-03 2.142157e-03 2.488692e-03 3.430218e-03
1.558922e+01 2.595919e-03 2.148598e-03 2.522136e-03 3.117022e-03
1.564122e+01 2.522409e-03 2.173733e-03 2.547506e-03 2.845989e-03
1.569322e+01 2.466173e-03 2.212199e-03 2.564289e-03 2.622031e-03
1.574522e+01 2.422406e-03 2.254839e-03 2.569833e-03 2.442547e-03
1.579722e+01 2.383702e-03 2.290338e-03 2.560170e-03 2.300597e-03
1.584922e+01 2.342093e-03 2.307316e-03 2.531300e-03 2.187664e-03
1.590122e+01 2.290923e-03 2.296634e-03 2.480703e-03 2.095432e-03
1.595322e+01 2.226273e-03 2.253448e-03 2.408738e-03 2.016633e-03
1.600522e+01 2.147740e-03 2.178383e-03 2.319480e-03 1.945357e-03
1.605722e+01 2.058382e-03 2.077387e-03 2.220600e-03 1.877158e-03
1.610922e+01 1.963822e-03 1.960253e-03 2.122116e-03 1.809097e-03
1.616122e+01 1.870739e-03 1.838306e-03 2.034269e-03 1.739643e-03
1.621322e+01 1.785179e-03 1.722030e-03 1.965149e-03 1.668360e-03
1.626522e+01 1.711228e-03 1.619344e-03 1.918874e-03 1.595467e-03
1.631722e+01 1.650422e-03 1.534882e-03 1.894937e-03 1.521447e-03
1.636922e+01 1.601996e-03 1.470217e-03 1.888879e-03 1.446891e-03
1.642122e+01 1.563775e-03 1.424711e-03 1.893968e-03 1.372645e-03
1.647322e+01 1.533320e-03 1.396571e-03 1.903280e-03 1.300110e-03
1.652522e+01 1.508979e-03 1.383854e-03 1.911574e-03 1.231507e-03
1.657722e+01 1.490602e-03 1.385256e-03 1.916572e-03 1.169978e-03
1.662922e+01 1.479873e-03 1.400618e-03 1.919532e-03 1.119469e-03
1.668122e+01 1.480235e-03 1.431082e-03 1.925122e-03 1.084501e-03
1.673322e+01 1.496424e-03 1.478792e-03 1.940604e-03 1.069876e-03
1.678522e+01 1.533569e-03 1.546071e-03 1.974313e-03 1.080323e-03
1.683722e+01 1.595903e-03 1.634144e-03 2.033538e-03 1.120029e-03
1.688922e+01 1.685292e-03 1.741717e-03 2.122150e-03 1.192009e-03
1.694122e+01 1.799947e-03 1.863896e-03 2.238643e-03 1.297302e-03
1.699322e+01 1.933800e-03 1.991971e-03 2.375316e-03 1.434115e-03
1.704522e+01 2.076875e-03 2.114436e-03 2.519093e-03 1.597098e-03
1.709722e+01 2.216714e-03 2.219131e-03 2.653941e-03 1.777071e-03
1.714922e+01 2.340542e-03 2.295949e-03 2.764210e-03 1.961465e-03
1.720122e+01 2.437560e-03 2.339164e-03 2.837862e-03 2.135655e-03
1.725322e+01 2.500720e-03 2.348486e-03 2.868603e-03 2.285072e-03
1.730522e+01 2.527485e-03 2.328436e-03 2.856373e-03 2.397647e-03
1.735722e+01 2.519511e-03 2.286325e-03 2.806278e-03 2.465930e-03
1.740922e+01 2.481535e-03 2.229772e-03 2.726592e-03 2.488241e-03
1.746122e+01 2.420006e-03 2.164824e-03 2.626663e-03 2.468530e-03
1.751322e+01 2.341936e-03 2.095384e-03 2.515384e-03 2.415041e-03
1.756522e+01 2.254232e-03 2.023924e-03 2.400490e-03 2.338283e-03
1.761722e+01 2.163416e-03 1.952817e-03 2.288483e-03 2.248948e-03
1.766922e+01 2.075482e-03 1.885401e-03 2.184750e-03 2.156296e-03
1.772122e+01 1.995643e-03 1.826175e-03 2.093500e-03 2.067254e-03
1.777322e+01 1.927903e-03 1.780064e-03 2.017424e-03 1.986219e-03
1.782522e+01 1.874608e-03 1.751198e-03 1.957290e-03 1.915336e-03
1.787722e+01 1.836220e-03 1.741837e-03 1.911812e-03 1.855013e-03
1.792922e+01 1.811469e-03 1.751871e-03 1.878049e-03 1.804486e-03
1.798122e+01 1.797883e-03 1.779003e-03 1.852321e-03 1.762326e-03
1.803322e+01 1.792526e-03 1.819385e-03 1.831339e-03 1.726853e-03
1.808522e+01 1.792669e-03 1.868419e-03 1.813143e-03 1.696445e-03
1.813722e+01 1.796213e-03 1.921466e-03 1.797476e-03 1.669696e-03
1.818922e+01 1.801754e-03 1.974381e-03 1.785473e-03 1.645408e-03
1.824122e+01 1.808376e-03 2.023909e-03 1.778791e-03 1.622427e-03
1.829322e+01 1.815322e-03 2.067988e-03 1.778530e-03 1.599448e-03
1.834522e+01 1.821742e-03 2.105961e-03 1.784339e-03 1.574926e-03
1.839722e+01 1.826645e-03 2.138640e-03 1.794041e-03 1.547254e-03
1.844922e+01 1.829084e-03 2.168139e-03 1.803925e-03 1.515190e-03
1.850122e+01 1.828489e-03 2.197403e-03 1.809653e-03 1.478410e-03
1.855322e+01 1.824961e-03 2.229440e-03 1.807531e-03 1.437913e-03
1.860522e+01 1.819374e-03 2.266351e-03 1.795738e-03 1.396032e-03
1.865722e+01 1.813157e-03 2.308380e-03 1.775114e-03 1.355977e-03
1.870922e+01 1.807826e-03 2.353292e-03 1.749178e-03 1.321007e-03
1.876122e+01 1.804394e-03 2.396339e-03 1.723286e-03 1.293556e-03
1.881322e+01 1.802918e-03 2.430971e-03 1.703158e-03 1.274626e-03
1.886522e+01 1.802317e-03 2.450136e-03 1.693160e-03 1.263654e-03
1.891722e+01 1.800521e-03 2.447796e-03 1.694899e-03 1.258867e-03
1.896922e+01 1.794881e-03 2.420178e-03 1.706538e-03 1.257927e-03
1.902122e+01 1.782703e-03 2.366425e-03 1.723069e-03 1.258615e-03
1.907322e+01 1.761778e-03 2.288530e-03 1.737468e-03 1.259337e-03
1.912522e+01 1.730820e-03 2.190741e-03 1.742412e-03 1.259308e-03
1.917722e+01 1.689721e-03 2.078704e-03 1.732029e-03 1.258429e-03
1.922922e+01 1.639563e-03 1.958599e-03 1.703191e-03 1.256899e-03
1.928122e+01 1.582361e-03 1.836404e-03 1.655985e-03 1.254693e-03
1.933322e+01 1.520583e-03 1.717336e-03 1.593306e-03 1.251105e-03
1.938522e+01 1.456587e-03 1.605443e-03 1.519793e-03 1.244526e-03
1.943722e+01 1.392161e-03 1.503348e-03 1.440514e-03 1.232619e-03
1.948922e+01 1.328304e-03 1.412167e-03 1.359840e-03 1.212906e-03
1.954122e+01 1.265335e-03 1.331611e-03 1.280802e-03 1.183593e-03
1.959322e+01 1.203237e-03 1.260314e-03 1.205045e-03 1.144351e-03
1.964522e+01 1.142113e-03 1.196349e-03 1.133235e-03 1.096757e-03
1.969722e+01 1.082587e-03 1.137857e-03 1.065679e-03 1.044226e-03
1.974922e+01 1.025995e-03 1.083643e-03 1.002881e-03 9.914612e-04
1.980122e+01 9.743328e-04 1.033577e-03 9.458230e-04 9.435986e-04
1.985322e+01 9.299732e-04 9.886825e-04 8.959343e-04 9.053028e-04
1.990522e+01 8.952326e-04 9.508574e-04 8.548280e-04 8.800123e-04
1.995722e+01 8.718978e-04 9.222974e-04 8.239423e-04 8.694536e-04
2.000922e+01 8.608167e-04 9.047738e-04 8.042242e-04 8.734520e-04
2.006122e+01 8.616359e-04 8.989637e-04 7.959197e-04 8.900243e-04
2.011322e+01 8.727394e-04 9.040294e-04 7.984701e-04 9.157188e-04
2.016522e+01 8.914067e-04 9.175755e-04 8.104933e-04 9.461512e-04
2.021722e+01 9.141672e-04 9.360028e-04 8.298427e-04 9.766559e-04
2.026922e+01 9.372854e-04 9.551531e-04 8.537715e-04 1.002932e-03
2.032122e+01 9.572778e-04 9.710594e-04 8.792234e-04 1.021551e-03
2.037322e+01 9.713559e-04 9.806007e-04 9.032303e-04 1.030237e-03
2.042522e+01 9.777157e-04 9.819156e-04 9.233323e-04 1.027899e-03
2.047722e+01 9.756403e-04 9.745241e-04 9.378903e-04 1.014506e-03
2.052922e+01 9.654285e-04 9.591838e-04 9.461865e-04 9.909151e-04
2.058122e+01 9.481981e-04 9.375577e-04 9.482827e-04 9.587540e-04
2.063322e+01 9.256156e-04 9.117799e-04 9.447076e-04 9.203594e-04
2.068522e+01 8.996020e-04 8.840110e-04 9.361143e-04 8.786806e-04
2.073722e+01 8.720546e-04 8.560636e-04 9.230510e-04 8.370491e-04
2.078922e+01 8.446202e-04 8.291712e-04 9.059226e-04 7.987667e-04
2.084122e+01 8.185451e-04 8.039355e-04 8.851235e-04 7.665761e-04
2.089322e+01 7.946151e-04 7.804357e-04 8.612355e-04 7.421740e-04
2.094522e+01 7.731761e-04 7.584351e-04 8.351546e-04 7.259387e-04
2.099722e+01 7.542097e-04 7.375970e-04 8.080556e-04 7.169766e-04
2.104922e+01 7.374356e-04 7.176417e-04 7.811971e-04 7.134681e-04
2.110122e+01 7.224219e-04 6.984181e-04 7.556618e-04 7.131857e-04
2.115322e+01 7.086940e-04 6.799041e-04 7.321631e-04 7.140148e-04
2.120522e+01 6.958354e-04 6.621643e-04 7.110034e-04 7.143383e-04
2.125722e+01 6.835625e-04 6.452889e-04 6.921805e-04 7.132182e-04
2.130922e+01 6.717522e-04 6.293223e-04 6.755541e-04 7.103800e-04
2.136122e+01 6.604036e-04 6.141910e-04 6.609671e-04 7.060525e-04
2.141322e+01 6.495442e-04 5.996432e-04 6.482620e-04 7.007275e-04
2.146522e+01 6.391137e-04 5.852309e-04 6.372074e-04 6.949029e-04
2.151722e+01 6.288740e-04 5.703578e-04 6.274089e-04 6.888552e-04
2.156922e+01 6.183843e-04 5.544000e-04 6.182738e-04 6.824790e-04
2.162122e+01 6.070505e-04 5.368728e-04 6.090617e-04 6.752170e-04
2.167322e+01 5.942310e-04 5.175919e-04 5.989975e-04 6.661036e-04
2.172522e+01 5.793671e-04 4.967649e-04 5.874008e-04 6.539355e-04
2.177722e+01 5.621091e-04 4.749693e-04 5.737977e-04 6.375602e-04
2.182922e+01 5.424210e-04 4.530184e-04 5.580058e-04 6.162389e-04
2.188122e+01 5.206505e-04 4.317649e-04 5.401963e-04 5.899902e-04
2.193322e+01 4.975464e-04 4.119186e-04 5.209248e-04 5.597959e-04
2.198522e+01 4.742046e-04 3.939482e-04 5.010982e-04 5.275673e-04
2.203722e+01 4.519284e-04 3.780926e-04 4.818502e-04 4.958422e-04
2.208922e+01 4.320227e-04 3.644557e-04 4.643309e-04 4.672816e-04
2.214122e+01 4.155701e-04 3.531229e-04 4.494704e-04 4.441171e-04
2.219322e+01 4.032562e-04 3.442436e-04 4.378049e-04 4.277201e-04
2.224522e+01 3.952943e-04 3.380450e-04 4.294279e-04 4.184099e-04
2.229722e+01 3.914560e-04 3.347793e-04 4.240698e-04 4.155191e-04
2.234922e+01 3.911718e-04 3.346280e-04 4.212411e-04 4.176464e-04
2.240122e+01 3.936482e-04 3.375969e-04 4.203620e-04 4.229856e-04
2.245322e+01 3.979676e-04 3.434366e-04 4.208301e-04 4.296363e-04
2.250522e+01 4.031693e-04 3.516157e-04 4.220424e-04 4.358498e-04
2.255722e+01 4.083298e-04 3.613627e-04 4.234200e-04 4.402069e-04
2.260922e+01 4.126581e-04 3.717714e-04 4.244703e-04 4.417326e-04
2.266122e+01 4.155914e-04 3.819466e-04 4.248777e-04 4.399497e-04
2.271322e+01 4.168608e-04 3.911510e-04 4.245715e-04 4.348598e-04
2.276522e+01 4.164986e-04 3.989176e-04 4.237241e-04 4.268542e-04
2.281722e+01 4.147839e-04 4.051042e-04 4.226721e-04 4.165754e-04
2.286922e+01 4.121503e-04 4.098835e-04 4.217968e-04 4.047707e-04
2.292122e+01 4.090915e-04 4.136777e-04 4.214188e-04 3.921781e-04
2.297322e+01 4.060835e-04 4.170516e-04 4.217405e-04 3.794585e-04
2.302522e+01 4.035278e-04 4.205837e-04 4.228328e-04 3.671669e-04
2.307722e+01 4.017052e-04 4.247337e-04 4.246447e-04 3.557372e-04
2.312922e+01 4.007427e-04 4.297397e-04 4.270221e-04 3.454664e-04
2.318122e+01 4.006067e-04 4.355762e-04 4.297440e-04 3.364999e-04
2.323322e+01 4.011408e-04 4.419954e-04 4.325915e-04 3.288354e-04
2.328522e+01 4.021468e-04 4.486414e-04 4.354457e-04 3.223534e-04
2.333722e+01 4.034760e-04 4.551879e-04 4.383747e-04 3.168655e-04
2.338922e+01 4.050758e-04 4.614242e-04 4.416505e-04 3.121526e-04
2.344122e+01 4.069531e-04 4.672360e-04 4.456523e-04 3.079711e-04
2.349322e+01 4.090577e-04 4.724786e-04 4.506657e-04 3.040287e-04
2.354522e+01 4.111382e-04 4.768103e-04 4.566459e-04 2.999585e-04
2.359722e+01 4.126577e-04 4.795904e-04 4.630494e-04 2.953334e-04
2.364922e+01 4.128312e-04 4.799264e-04 4.688262e-04 2.897410e-04
2.370122e+01 4.108013e-04 4.768903e-04 4.726109e-04 2.829028e-04
2.375322e+01 4.059001e-04 4.698349e-04 4.730787e-04 2.747868e-04
2.380522e+01 3.979035e-04 4.586919e-04 4.693601e-04 2.656585e-04
2.385722e+01 3.871854e-04 4.441320e-04 4.613817e-04 2.560425e-04
2.390922e+01 3.747169e-04 4.275253e-04 4.500125e-04 2.466128e-04
2.396122e+01 3.619109e-04 4.107171e-04 4.369598e-04 2.380558e-04
2.401322e+01 3.503630e-04 3.956942e-04 4.244374e-04 2.309575e-04
2.406522e+01 3.415594e-04 3.842382e-04 4.147028e-04 2.257372e-04
2.411722e+01 3.366201e-04 3.776404e-04 4.095939e-04 2.226258e-04
2.416922e+01 3.361250e-04 3.765174e-04 4.101879e-04 2.216697e-04
2.422122e+01 3.400499e-04 3.807398e-04 4.166636e-04 2.227463e-04
2.427322e+01 3.478198e-04 3.894788e-04 4.283864e-04 2.255943e-04
2.432522e+01 3.584697e-04 4.013723e-04 4.441718e-04 2.298649e-04
2.437722e+01 3.708765e-04 4.148011e-04 4.626346e-04 2.351939e-04
2.442922e+01 3.840037e-04 4.282243e-04 4.825121e-04 2.412747e-04
2.448122e+01 3.970853e-04 4.404869e-04 5.028663e-04 2.479026e-04
2.453322e+01 4.096984e-04 4.509978e-04 5.231264e-04 2.549712e-04
2.458522e+01 4.217152e-04 4.597196e-04 5.429996e-04 2.624263e-04
2.463722e+01 4.331750e-04 4.669904e-04 5.623270e-04 2.702076e-04
2.468922e+01 4.441493e-04 4.732692e-04 5.809650e-04 2.782138e-04
2.474122e+01 4.546587e-04 4.789236e-04 5.987389e-04 2.863136e-04
2.479322e+01 4.646664e-04 4.841347e-04 6.154640e-04 2.944005e-04
2.484522e+01 4.741281e-04 4.889273e-04 6.309888e-04 3.024681e-04
2.489722e+01 4.830559e-04 4.932733e-04 6.452125e-04 3.106819e-04
2.494922e+01 4.915554e-04 4.971941e-04 6.580481e-04 3.194242e-04
2.500122e+01 4.998134e-04 5.008110e-04 6.693350e-04 3.292941e-04
2.505322e+01 5.080357e-04 5.043230e-04 6.787364e-04 3.410479e-04
2.510522e+01 5.163556e-04 5.079305e-04 6.856722e-04 3.554640e-04
2.515722e+01 5.247432e-04 5.117462e-04 6.893432e-04 3.731401e-04
2.520922e+01 5.329615e-04 5.157424e-04 6.888770e-04 3.942651e-04
2.526122e+01 5.406001e-04 5.197721e-04 6.835818e-04 4.184463e-04
2.531322e+01 5.471965e-04 5.236679e-04 6.732338e-04 4.446879e-04
2.536522e+01 5.524214e-04 5.273840e-04 6.582970e-04 4.715833e-04
2.541722e+01 5.562701e-04 5.311189e-04 6.399833e-04 4.977081e-04
2.546922e+01 5.591935e-04 5.353567e-04 6.201217e-04 5.221022e-04
2.552122e+01 5.621097e-04 5.407896e-04 6.008706e-04 5.446689e-04
2.557322e+01 5.662642e-04 5.481247e-04 5.843502e-04 5.663177e-04
2.562522e+01 5.729552e-04 5.578228e-04 5.722794e-04 5.887634e-04
2.567722e+01 5.831887e-04 5.698557e-04 5.656867e-04 6.140237e-04
2.572922e+01 5.973688e-04 5.835852e-04 5.647436e-04 6.437775e-04
2.578122e+01 6.151318e-04 5.978415e-04 5.687554e-04 6.787986e-04
2.583322e+01 6.353884e-04 6.112096e-04 5.763192e-04 7.186365e-04
2.588522e+01 6.565540e-04 6.224377e-04 5.856183e-04 7.616059e-04
2.593722e+01 6.768767e-04 6.308145e-04 5.947880e-04 8.050276e-04
2.598922e+01 6.947427e-04 6.363695e-04 6.022591e-04 8.455994e-04
2.604122e+01 7.088750e-04 6.398289e-04 6.070017e-04 8.797945e-04
2.609322e+01 7.184142e-04 6.423683e-04 6.086246e-04 9.042499e-04
2.614522e+01 7.229256e-04 6.452808e-04 6.073298e-04 9.161664e-04
2.619722e+01 7.223912e-04 6.496848e-04 6.037534e-04 9.137355e-04
2.624922e+01 7.172091e-04 6.563440e-04 5.987429e-04 8.965403e-04
2.630122e+01 7.081813e-04 6.656119e-04 5.931340e-04 8.657978e-04
2.635322e+01 6.964529e-04 6.774670e-04 5.875948e-04 8.242968e-04
2.640522e+01 6.833835e-04 6.915956e-04 5.825887e-04 7.759663e-04
2.645722e+01 6.703692e-04 7.074821e-04 5.784662e-04 7.251594e-04
2.650922e+01 6.586597e-04 7.244804e-04 5.756283e-04 6.758705e-04
2.656122e+01 6.492190e-04 7.418596e-04 5.746630e-04 6.311344e-04
2.661322e+01 6.426576e-04 7.588439e-04 5.763550e-04 5.927738e-04
2.666522e+01 6.392414e-04 7.746867e-04 5.815349e-04 5.615026e-04
2.671722e+01 6.389581e-04 7.888021e-04 5.908208e-04 5.372515e-04
2.676922e+01 6.416097e-04 8.009242e-04 6.043759e-04 5.195290e-04
2.682122e+01 6.468920e-04 8.112045e-04 6.218006e-04 5.076709e-04
2.687322e+01 6.544321e-04 8.201404e-04 6.422226e-04 5.009332e-04
2.692522e+01 6.637763e-04 8.282973e-04 6.645532e-04 4.984786e-04
2.697722e+01 6.743547e-04 8.359081e-04 6.878108e-04 4.993453e-04
2.702922e+01 6.854679e-04 8.425475e-04 7.113893e-04 5.024669e-04
2.708122e+01 6.963383e-04 8.470870e-04 7.351736e-04 5.067542e-04
2.713322e+01 7.062302e-04 8.480271e-04 7.594686e-04 5.111948e-04
2.718522e+01 7.146005e-04 8.441112e-04 7.847752e-04 5.149153e-04
2.723722e+01 7.212177e-04 8.349759e-04 8.115038e-04 5.171734e-04
2.728922e+01 7.261986e-04 8.215545e-04 8.397355e-04 5.173058e-04
2.734122e+01 7.299541e-04 8.060504e-04 8.691178e-04 5.146941e-04
2.739322e+01 7.330704e-04 7.914786e-04 8.989191e-04 5.088134e-04
2.744522e+01 7.361729e-04 7.809374e-04 9.282013e-04 4.993800e-04
2.749722e+01 7.398060e-04 7.768519e-04 9.560221e-04 4.865440e-04
2.754922e+01 7.443420e-04 7.804164e-04 9.815849e-04 4.710247e-04
2.760122e+01 7.499155e-04 7.913699e-04 1.004286e-03 4.540905e-04
2.765322e+01 7.563777e-04 8.081277e-04 1.023662e-03 4.373436e-04
2.770522e+01 7.632774e-04 8.282004e-04 1.039270e-03 4.223616e-04
2.775722e+01 7.698864e-04 8.487776e-04 1.050565e-03 4.103163e-04
2.780922e+01 7.752928e-04 8.673415e-04 1.056826e-03 4.017111e-04
2.786122e+01 7.785681e-04 8.821822e-04 1.057186e-03 3.963362e-04
2.791322e+01 7.789835e-04 8.927139e-04 1.050783e-03 3.934530e-04
2.796522e+01 7.762177e-04 8.995224e-04 1.036998e-03 3.921321e-04
2.801722e+01 7.704801e-04 9.041284e-04 1.015693e-03 3.916188e-04
2.806922e+01 7.624938e-04 9.085166e-04 9.873657e-04 3.915991e-04
2.812122e+01 7.533323e-04 9.145479e-04 9.531570e-04 3.922920e-04
2.817322e+01 7.441622e-04 9.234134e-04 9.147092e-04 3.943640e-04
2.822522e+01 7.359818e-04 9.352862e-04 8.739408e-04 3.987183e-04
2.827722e+01 7.294425e-04 9.492738e-04 8.328097e-04 4.062440e-04
2.832922e+01 7.248035e-04 9.636856e-04 7.931195e-04 4.176055e-04
2.838122e+01 7.220110e-04 9.765235e-04 7.563812e-04 4.331283e-04
2.843322e+01 7.208473e-04 9.860289e-04 7.237185e-04 4.527946e-04
2.848522e+01 7.210776e-04 9.910971e-04 6.958113e-04 4.763244e-04
2.853722e+01 7.225368e-04 9.914321e-04 6.728943e-04 5.032842e-04
2.858922e+01 7.251413e-04 9.874301e-04 6.548374e-04 5.331564e-04
2.864122e+01 7.288482e-04 9.799042e-04 6.413108e-04 5.653296e-04
2.869322e+01 7.336050e-04 9.698116e-04 6.319860e-04 5.990174e-04
2.874522e+01 7.393224e-04 9.581066e-04 6.266882e-04 6.331724e-04
2.879722e+01 7.458796e-04 9.457273e-04 6.254249e-04 6.664866e-04
2.884922e+01 7.531495e-04 9.336274e-04 6.282786e-04 6.975426e-04
2.890122e+01 7.610222e-04 9.227351e-04 6.352261e-04 7.251054e-04
2.895322e+01 7.694140e-04 9.137934e-04 6.459889e-04 7.484597e-04
2.900522e+01 7.782623e-04 9.071392e-04 6.599945e-04 7.676533e-04
2.905722e+01 7.875113e-04 9.025482e-04 6.764624e-04 7.835234e-04
2.910922e+01 7.970972e-04 8.992567e-04 6.945632e-04 7.974718e-04
2.916122e+01 8.069366e-04 8.961832e-04 7.135718e-04 8.110548e-04
2.921322e+01 8.169209e-04 8.922780e-04 7.329540e-04 8.255308e-04
2.926522e+01 8.269226e-04 8.868745e-04 7.523722e-04 8.415213e-04
2.931722e+01 8.368143e-04 8.799223e-04 7.716346e-04 8.588859e-04
2.936922e+01 8.464986e-04 8.720371e-04 7.906335e-04 8.768252e-04
2.942122e+01 8.559378e-04 8.643658e-04 8.093080e-04 8.941395e-04
2.947322e+01 8.651664e-04 8.583198e-04 8.276402e-04 9.095391e-04
2.952522e+01 8.742791e-04 8.552590e-04 8.456680e-04 9.219103e-04
2.957722e+01 8.833950e-04 8.562129e-04 8.634743e-04 9.304976e-04
2.962922e+01 8.926092e-04 8.616969e-04 8.811231e-04 9.350077e-04
2.968122e+01 9.019481e-04 8.716424e-04 8.985424e-04 9.356594e-04
2.973322e+01 9.113366e-04 8.854227e-04 9.153949e-04 9.331922e-04
2.978522e+01 9.205868e-04 9.019394e-04 9.310042e-04 9.288169e-04
2.983722e+01 9.294091e-04 9.197510e-04 9.443912e-04 9.240852e-04
2.988922e+01 9.374492e-04 9.372371e-04 9.544334e-04 9.206771e-04
2.994122e+01 9.443469e-04 9.527954e-04 9.601039e-04 9.201415e-04
2.999322e+01 9.498044e-04 9.650477e-04 9.607148e-04 9.236506e-04
3.004522e+01 9.536424e-04 9.730100e-04 9.560944e-04 9.318228e-04
3.009722e+01 9.558266e-04 9.761864e-04 9.466564e-04 9.446370e-04
3.014922e+01 9.564582e-04 9.745840e-04 9.333585e-04 9.614321e-04
3.020122e+01 9.557466e-04 9.686873e-04 9.175751e-04 9.809774e-04
3.025322e+01 9.539878e-04 9.594423e-04 9.009158e-04 1.001605e-03
3.030522e+01 9.515656e-04 9.482670e-04 8.850187e-04 1.021411e-03
3.035722e+01 9.489611e-04 9.370374e-04 8.713402e-04 1.038506e-03
3.040922e+01 9.467360e-04 9.279652e-04 8.609587e-04 1.051284e-03
3.046122e+01 9.454523e-04 9.232990e-04 8.544161e-04 1.058642e-03
3.051322e+01 9.455317e-04 9.248683e-04 8.516323e-04 1.060095e-03
3.056522e+01 9.471017e-04 9.335902e-04 8.519319e-04 1.055783e-03
3.061722e+01 9.499067e-04 9.491193e-04 8.541991e-04 1.046402e-03
3.066922e+01 9.533450e-04 9.697960e-04 8.571345e-04 1.033104e-03
3.072122e+01 9.566333e-04 9.929463e-04 8.595381e-04 1.017415e-03
3.077322e+01 9.590372e-04 1.015454e-03 8.605225e-04 1.001135e-03
3.082522e+01 9.600755e-04 1.034425e-03 8.595956e-04 9.862054e-04
3.087722e+01 9.596241e-04 1.047754e-03 8.566087e-04 9.745093e-04
3.092922e+01 9.579014e-04 1.054452e-03 8.516309e-04 9.676217e-04
3.098122e+01 9.553640e-04 1.054699e-03 8.448213e-04 9.665717e-04
3.103322e+01 9.525680e-04 1.049670e-03 8.363464e-04 9.716873e-04
3.108522e+01 9.500366e-04 1.041195e-03 8.263491e-04 9.825655e-04
3.113722e+01 9.481568e-04 1.031347e-03 8.149552e-04 9.981681e-04
3.118922e+01 9.471123e-04 1.022029e-03 8.023070e-04 1.017001e-03
3.124122e+01 9.468558e-04 1.014617e-03 7.886222e-04 1.037328e-03
3.129322e+01 9.471316e-04 1.009745e-03 7.742723e-04 1.057377e-03
3.134522e+01 9.475513e-04 1.007266e-03 7.598445e-04 1.075544e-03
3.139722e+01 9.477166e-04 1.006428e-03 7.461431e-04 1.090579e-03
3.144922e+01 9.473617e-04 1.006202e-03 7.340971e-04 1.101786e-03
3.150122e+01 9.464715e-04 1.005651e-03 7.245887e-04 1.109174e-03
3.155322e+01 9.453257e-04 1.004202e-03 7.182573e-04 1.113518e-03
3.160522e+01 9.444319e-04 1.001706e-03 7.153491e-04 1.116241e-03
3.165722e+01 9.443429e-04 9.982824e-04 7.156566e-04 1.119090e-03
3.170922e+01 9.454066e-04 9.940214e-04 7.185529e-04 1.123646e-03
3.176122e+01 9.475427e-04 9.887344e-04 7.231000e-04 1.130794e-03
3.181322e+01 9.501526e-04 9.818880e-04 7.282071e-04 1.140363e-03
3.186522e+01 9.522328e-04 9.727816e-04 7.328255e-04 1.151091e-03
3.191722e+01 9.526772e-04 9.608796e-04 7.361668e-04 1.160985e-03
3.196922e+01 9.506705e-04 9.461272e-04 7.379120e-04 1.167972e-03
3.202122e+01 9.460211e-04 9.290879e-04 7.383548e-04 1.170621e-03
3.207322e+01 9.393000e-04 9.108418e-04 7.384128e-04 1.168645e-03
3.212522e+01 9.317304e-04 8.927065e-04 7.394676e-04 1.163017e-03
3.217722e+01 9.248719e-04 8.759189e-04 7.430566e-04 1.155640e-03
3.222922e+01 9.202183e-04 8.613997e-04 7.505010e-04 1.148754e-03
3.228122e+01 9.188507e-04 8.496527e-04 7.625898e-04 1.144310e-03
3.233322e+01 9.212387e-04 8.407721e-04 7.794179e-04 1.143526e-03
3.238522e+01 9.272158e-04 8.344943e-04 8.004083e-04 1.146745e-03
3.243722e+01 9.360870e-04 8.302512e-04 8.244756e-04 1.153534e-03
3.248922e+01 9.468007e-04 8.272185e-04 8.502381e-04 1.162946e-03
3.254122e+01 9.581290e-04 8.243837e-04 8.761975e-04 1.173806e-03
3.259322e+01 9.688269e-04 8.206522e-04 9.008498e-04 1.184979e-03
3.264522e+01 9.777685e-04 8.149887e-04 9.227524e-04 1.195564e-03
3.269722e+01 9.840628e-04 8.065691e-04 9.405945e-04 1.205025e-03
3.274922e+01 9.871521e-04 7.949112e-04 9.533079e-04 1.213237e-03
3.280122e+01 9.868854e-04 7.799592e-04 9.602104e-04 1.220487e-03
3.285322e+01 9.835586e-04 7.621052e-04 9.611339e-04 1.227437e-03
3.290522e+01 9.779091e-04 7.421448e-04 9.564818e-04 1.235101e-03
3.295722e+01 9.710591e-04 7.211720e-04 9.471795e-04 1.244826e-03
3.300922e+01 9.644087e-04 7.004404e-04 9.345361e-04 1.258250e-03
3.306122e+01 9.594913e-04 6.812273e-04 9.200731e-04 1.277173e-03
3.311322e+01 9.578125e-04 6.647409e-04 9.053825e-04 1.303314e-03
3.316522e+01 9.606934e-04 6.520856e-04 8.920483e-04 1.337946e-03
3.321722e+01 9.691296e-04 6.442681e-04 8.816064e-04 1.381514e-03
3.326922e+01 9.836667e-04 6.421943e-04 8.754848e-04 1.433321e-03
3.332122e+01 1.004290e-03 6.466066e-04 8.748713e-04 1.491392e-03
3.337322e+01 1.030338e-03 6.579446e-04 8.805023e-04 1.552566e-03
3.342522e+01 1.060463e-03 6.761715e-04 8.924298e-04 1.612786e-03
3.347722e+01 1.092682e-03 7.006506e-04 9.098558e-04 1.667540e-03
3.352922e+01 1.124549e-03 7.301622e-04 9.311219e-04 1.712363e-03
3.358122e+01 1.153454e-03 7.630929e-04 9.538977e-04 1.743371e-03
3.363322e+01 1.177020e-03 7.977488e-04 9.755536e-04 1.757758e-03
3.368522e+01 1.193510e-03 8.326706e-04 9.936413e-04 1.754218e-03
3.373722e+01 1.202139e-03 8.668261e-04 1.006365e-03 1.733226e-03
3.378922e+01 1.203191e-03 8.996127e-04 1.012910e-03 1.697051e-03
3.384122e+01 1.197907e-03 9.307005e-04 1.013536e-03 1.649486e-03
3.389322e+01 1.188158e-03 9.598167e-04 1.009395e-03 1.595263e-03
3.394522e+01 1.176011e-03 9.865803e-04 1.002158e-03 1.539295e-03
3.399722e+01 1.163302e-03 1.010447e-03 9.935425e-04 1.485916e-03
3.404922e+01 1.151334e-03 1.030761e-03 9.849149e-04 1.438325e-03
3.410122e+01 1.140762e-03 1.046869e-03 9.770524e-04 1.398364e-03
3.415322e+01 1.131674e-03 1.058262e-03 9.701049e-04 1.366655e-03
3.420522e+01 1.123801e-03 1.064705e-03 9.637289e-04 1.342969e-03
3.425722e+01 1.116781e-03 1.066372e-03 9.573248e-04 1.326646e-03
3.430922e+01 1.110372e-03 1.063946e-03 9.503031e-04 1.316868e-03
3.436122e+01 1.104560e-03 1.058636e-03 9.423178e-04 1.312727e-03
3.441322e+01 1.099546e-03 1.052097e-03 9.334220e-04 1.313121e-03
3.446522e+01 1.095648e-03 1.046211e-03 9.241131e-04 1.316621e-03
3.451722e+01 1.093163e-03 1.042794e-03 9.152506e-04 1.321444e-03
3.456922e+01 1.092248e-03 1.043283e-03 9.078541e-04 1.325607e-03
3.462122e+01 1.092862e-03 1.048527e-03 9.028311e-04 1.327229e-03
3.467322e+01 1.094773e-03 1.058702e-03 9.007194e-04 1.324897e-03
3.472522e+01 1.097632e-03 1.073402e-03 9.015391e-04 1.317956e-03
3.477722e+01 1.101096e-03 1.091843e-03 9.048165e-04 1.306629e-03
3.482922e+01 1.104930e-03 1.113124e-03 9.097660e-04 1.291900e-03
3.488122e+01 1.109071e-03 1.136470e-03 9.155456e-04 1.275199e-03
3.493322e+01 1.113597e-03 1.161382e-03 9.214671e-04 1.257941e-03
3.498522e+01 1.118610e-03 1.187650e-03 9.270758e-04 1.241104e-03
3.503722e+01 1.124084e-03 1.215203e-03 9.320962e-04 1.224953e-03
3.508922e+01 1.129739e-03 1.243849e-03 9.363140e-04 1.209054e-03
3.514122e+01 1.134998e-03 1.272970e-03 9.394943e-04 1.192529e-03
3.519322e+01 1.139058e-03 1.301319e-03 9.413968e-04 1.174458e-03
3.524522e+01 1.141041e-03 1.327013e-03 9.418780e-04 1.154233e-03
3.529722e+01 1.140171e-03 1.347796e-03 9.410076e-04 1.131709e-03
3.534922e+01 1.135913e-03 1.361505e-03 9.391143e-04 1.107119e-03
3.540122e+01 1.128048e-03 1.366592e-03 9.367156e-04 1.080836e-03
3.545322e+01 1.116662e-03 1.362488e-03 9.343477e-04 1.053152e-03
3.550522e+01 1.102076e-03 1.349663e-03 9.323652e-04 1.024201e-03
3.555722e+01 1.084747e-03 1.329352e-03 9.307995e-04 9.940886e-04
3.560922e+01 1.065189e-03 1.303088e-03 9.293388e-04 9.631410e-04
3.566122e+01 1.043948e-03 1.272270e-03 9.274433e-04 9.321302e-04
3.571322e+01 1.021619e-03 1.237972e-03 9.245487e-04 9.023359e-04
3.576522e+01 9.988949e-04 1.201031e-03 9.202715e-04 8.753823e-04
3.581722e+01 9.765837e-04 1.162327e-03 9.145284e-04 8.528953e-04
3.586922e+01 9.555426e-04 1.123014e-03 9.075199e-04 8.360941e-04
3.592122e+01 9.365309e-04 1.084540e-03 8.995951e-04 8.254577e-04
3.597322e+01 9.200273e-04 1.048429e-03 8.910790e-04 8.205738e-04
3.602522e+01 9.061024e-04 1.015927e-03 8.821616e-04 8.202182e-04
3.607722e+01 8.944247e-04 9.877033e-04 8.729241e-04 8.226466e-04
3.612922e+01 8.844235e-04 9.637519e-04 8.634994e-04 8.260193e-04
3.618122e+01 8.755519e-04 9.435170e-04 8.542977e-04 8.288410e-04
3.623322e+01 8.675411e-04 9.261468e-04 8.461860e-04 8.302905e-04
3.628522e+01 8.605436e-04 9.107503e-04 8.405281e-04 8.303524e-04
3.633722e+01 8.551113e-04 8.965630e-04 8.390453e-04 8.297255e-04
3.638922e+01 8.520290e-04 8.830091e-04 8.435194e-04 8.295586e-04
3.644122e+01 8.520717e-04 8.697054e-04 8.554009e-04 8.311088e-04
3.649322e+01 8.557652e-04 8.564664e-04 8.754075e-04 8.354218e-04
3.654522e+01 8.632083e-04 8.433270e-04 9.031966e-04 8.431014e-04
3.659722e+01 8.739785e-04 8.305571e-04 9.371915e-04 8.541869e-04
3.664922e+01 8.871250e-04 8.186220e-04 9.746237e-04 8.681293e-04
3.670122e+01 9.012468e-04 8.080726e-04 1.011822e-03 8.838457e-04
3.675322e+01 9.146564e-04 7.993925e-04 1.044733e-03 8.998441e-04
3.680522e+01 9.256275e-04 7.928735e-04 1.069588e-03 9.144208e-04
3.685722e+01 9.327017e-04 7.885798e-04 1.083601e-03 9.259245e-04
3.690922e+01 9.349929e-04 7.864188e-04 1.085508e-03 9.330519e-04
3.696122e+01 9.323962e-04 7.862664e-04 1.075820e-03 9.351019e-04
3.701322e+01 9.256111e-04 7.880556e-04 1.056676e-03 9.321023e-04
3.706522e+01 9.159378e-04 7.917473e-04 1.031320e-03 9.247459e-04
3.711722e+01 9.048909e-04 7.971684e-04 1.003358e-03 9.141461e-04
3.716922e+01 8.937544e-04 8.037830e-04 9.759854e-04 9.014949e-04
3.722122e+01 8.832379e-04 8.105243e-04 9.514371e-04 8.877523e-04
3.727322e+01 8.733552e-04 8.158073e-04 9.307764e-04 8.734819e-04
3.732522e+01 8.635607e-04 8.177743e-04 9.140297e-04 8.588781e-04
3.737722e+01 8.530745e-04 8.147184e-04 9.005588e-04 8.439463e-04
3.742922e+01 8.412638e-04 8.055445e-04 8.895117e-04 8.287352e-04
3.748122e+01 8.279414e-04 7.901016e-04 8.802150e-04 8.135077e-04
3.753322e+01 8.134885e-04 7.692703e-04 8.724218e-04 7.987735e-04
3.758522e+01 7.987869e-04 7.447943e-04 8.663923e-04 7.851741e-04
3.763722e+01 7.850091e-04 7.189370e-04 8.628161e-04 7.732740e-04
3.768922e+01 7.733536e-04 6.940961e-04 8.626139e-04 7.633508e-04
3.774122e+01 7.648037e-04 6.724823e-04 8.666603e-04 7.552686e-04
3.779322e+01 7.599568e-04 6.559073e-04 8.754808e-04 7.484824e-04
3.784522e+01 7.589331e-04 6.456576e-04 8.889754e-04 7.421663e-04
3.789722e+01 7.613533e-04 6.424072e-04 9.062357e-04 7.354171e-04
3.794922e+01 7.663774e-04 6.461422e-04 9.255226e-04 7.274674e-04
3.800122e+01 7.728093e-04 6.561177e-04 9.444617e-04 7.178487e-04
3.805322e+01 7.792737e-04 6.708996e-04 9.604574e-04 7.064640e-04
3.810522e+01 7.844494e-04 6.885400e-04 9.712442e-04 6.935641e-04
3.815722e+01 7.873141e-04 7.068917e-04 9.754072e-04 6.796433e-04
3.820922e+01 7.873306e-04 7.240068e-04 9.726858e-04 6.652993e-04
3.826122e+01 7.845180e-04 7.385138e-04 9.639350e-04 6.511051e-04
3.831322e+01 7.793855e-04 7.498569e-04 9.507678e-04 6.375319e-04
3.836522e+01 7.727601e-04 7.583117e-04 9.350344e-04 6.249343e-04
3.841722e+01 7.655696e-04 7.647613e-04 9.183584e-04 6.135891e-04
3.846922e+01 7.586524e-04 7.703039e-04 9.018923e-04 6.037609e-04
3.852122e+01 7.526413e-04 7.758244e-04 8.863295e-04 5.957699e-04
3.857322e+01 7.479377e-04 7.816842e-04 8.720847e-04 5.900443e-04
3.862522e+01 7.447611e-04 7.876344e-04 8.595116e-04 5.871373e-04
3.867722e+01 7.432390e-04 7.929700e-04 8.490537e-04 5.876933e-04
3.872922e+01 7.434989e-04 7.968477e-04 8.412978e-04 5.923511e-04
3.878122e+01 7.457271e-04 7.986328e-04 8.369557e-04 6.015929e-04
3.883322e+01 7.501783e-04 7.981456e-04 8.368161e-04 6.155731e-04
3.888522e+01 7.571365e-04 7.957359e-04 8.416909e-04 6.339827e-04
3.893722e+01 7.668461e-04 7.921872e-04 8.523531e-04 6.559979e-04
3.898922e+01 7.794304e-04 7.885153e-04 8.694415e-04 6.803346e-04
3.904122e+01 7.948120e-04 7.857412e-04 8.933036e-04 7.053913e-04
3.909322e+01 8.126402e-04 7.847128e-04 9.237701e-04 7.294375e-04
3.914522e+01 8.322369e-04 7.860088e-04 9.599024e-04 7.507996e-04
3.919722e+01 8.525871e-04 7.899311e-04 9.998133e-04 7.680170e-04
3.924922e+01 8.724050e-04 7.965593e-04 1.040693e-03 7.799630e-04
3.930122e+01 8.902997e-04 8.058289e-04 1.079134e-03 7.859363e-04
3.935322e+01 9.050197e-04 8.175948e-04 1.111742e-03 7.857225e-04
3.940522e+01 9.157131e-04 8.316578e-04 1.135870e-03 7.796118e-04
3.945722e+01 9.221122e-04 8.477583e-04 1.150224e-03 7.683544e-04
3.950922e+01 9.245688e-04 8.655647e-04 1.155095e-03 7.530469e-04
3.956122e+01 9.239237e-04 8.846857e-04 1.152119e-03 7.349663e-04
3.961322e+01 9.212581e-04 9.047192e-04 1.143663e-03 7.153918e-04
3.966522e+01 9.176222e-04 9.253166e-04 1.132096e-03 6.954545e-04
3.971722e+01 9.138292e-04 9.462210e-04 1.119221e-03 6.760455e-04
3.976922e+01 9.103633e-04 9.672477e-04 1.106058e-03 6.577837e-04
3.982122e+01 9.073941e-04 9.882025e-04 1.092951e-03 6.410293e-04
3.987322e+01 9.048508e-04 1.008772e-03 1.079860e-03 6.259203e-04
3.992522e+01 9.025040e-04 1.028433e-03 1.066665e-03 6.124143e-04
3.997722e+01 9.000254e-04 1.046426e-03 1.053320e-03 6.003301e-04
4.002922e+01 8.970258e-04 1.061816e-03 1.039870e-03 5.893918e-04
4.008122e+01 8.930943e-04 1.073630e-03 1.026371e-03 5.792814e-04
4.013322e+01 8.878571e-04 1.081075e-03 1.012795e-03 5.697019e-04
4.018522e+01 8.810580e-04 1.083749e-03 9.989786e-04 5.604462e-04
4.023722e+01 8.726313e-04 1.081797e-03 9.846438e-04 5.514531e-04
4.028922e+01 8.627319e-04 1.075905e-03 9.694612e-04 5.428298e-04
4.034122e+01 8.516951e-04 1.067108e-03 9.531529e-04 5.348248e-04
4.039322e+01 8.399350e-04 1.056443e-03 9.356065e-04 5.277558e-04
4.044522e+01 8.278246e-04 1.044574e-03 9.169825e-04 5.219177e-04
4.049722e+01 8.156109e-04 1.031539e-03 8.977853e-04 5.175078e-04
4.054922e+01 8.034023e-04 1.016750e-03 8.788591e-04 5.145979e-04
4.060122e+01 7.912263e-04 9.992433e-04 8.612773e-04 5.131582e-04
4.065322e+01 7.791225e-04 9.781238e-04 8.461295e-04 5.131142e-04
4.070522e+01 7.672274e-04 9.530205e-04 8.342597e-04 5.144020e-04
4.075722e+01 7.558165e-04 9.244008e-04 8.260536e-04 5.169950e-04
4.080922e+01 7.452965e-04 8.936269e-04 8.213713e-04 5.208913e-04
4.086122e+01 7.361598e-04 8.627323e-04 8.196726e-04 5.260747e-04
4.091322e+01 7.289192e-04 8.339947e-04 8.202931e-04 5.324699e-04
4.096522e+01 7.240379e-04 8.094485e-04 8.227552e-04 5.399101e-04
4.101722e+01 7.218595e-04 7.904872e-04 8.269657e-04 5.481257e-04
4.106922e+01 7.225381e-04 7.776577e-04 8.332026e-04 5.567539e-04
4.112122e+01 7.259736e-04 7.706607e-04 8.418898e-04 5.653703e-04
4.117322e+01 7.317697e-04 7.684999e-04 8.532649e-04 5.735444e-04
4.122522e+01 7.392356e-04 7.696942e-04 8.670997e-04 5.809129e-04
4.127722e+01 7.474522e-04 7.724935e-04 8.826066e-04 5.872565e-04
4.132922e+01 7.554020e-04 7.750869e-04 8.985710e-04 5.925480e-04
4.138122e+01 7.621388e-04 7.758203e-04 9.136454e-04 5.969508e-04
4.143322e+01 7.669588e-04 7.734393e-04 9.266756e-04 6.007614e-04
4.148522e+01 7.695288e-04 7.673288e-04 9.369339e-04 6.043236e-04
4.153722e+01 7.699435e-04 7.576847e-04 9.441916e-04 6.079544e-04
4.158922e+01 7.686939e-04 7.455379e-04 9.486282e-04 6.119157e-04
4.164122e+01 7.665513e-04 7.325828e-04 9.506321e-04 6.164391e-04
4.169322e+01 7.643889e-04 7.208253e-04 9.505629e-04 6.217786e-04
4.174522e+01 7.629812e-04 7.121356e-04 9.485546e-04 6.282532e-04
4.179722e+01 7.628328e-04 7.078344e-04 9.444222e-04 6.362417e-04
4.184922e+01 7.640879e-04 7.084358e-04 9.377119e-04 6.461162e-04
4.190122e+01 7.665443e-04 7.136202e-04 9.278870e-04 6.581258e-04
4.195322e+01 7.697603e-04 7.224280e-04 9.145894e-04 6.722634e-04
4.200522e+01 7.732082e-04 7.335914e-04 8.978720e-04 6.881613e-04
4.205722e+01 7.764147e-04 7.458803e-04 8.783047e-04 7.050590e-04
4.210922e+01 7.790399e-04 7.583527e-04 8.569024e-04 7.218646e-04
4.216122e+01 7.808859e-04 7.704487e-04 8.349069e-04 7.373023e-04
4.221322e+01 7.818557e-04 7.819365e-04 8.135149e-04 7.501158e-04
4.226522e+01 7.819043e-04 7.927702e-04 7.936606e-04 7.592822e-04
4.231722e+01 7.810195e-04 8.029369e-04 7.759267e-04 7.641948e-04
4.236922e+01 7.792440e-04 8.123609e-04 7.605923e-04 7.647788e-04
4.242122e+01 7.767227e-04 8.208916e-04 7.477670e-04 7.615095e-04
4.247322e+01 7.737343e-04 8.283587e-04 7.375293e-04 7.553149e-04
4.252522e+01 7.706702e-04 8.346414e-04 7.299952e-04 7.473739e-04
4.257722e+01 7.679403e-04 8.396860e-04 7.252729e-04 7.388620e-04
4.262922e+01 7.658275e-04 8.434375e-04 7.233202e-04 7.307246e-04
4.268122e+01 7.643436e-04 8.457054e-04 7.237691e-04 7.235563e-04
4.273322e+01 7.631561e-04 8.460449e-04 7.258122e-04 7.176112e-04
4.278522e+01 7.616327e-04 8.437552e-04 7.282329e-04 7.129099e-04
4.283722e+01 7.590033e-04 8.380502e-04 7.296006e-04 7.093591e-04
4.288922e+01 7.545855e-04 8.283637e-04 7.285842e-04 7.068087e-04
4.294122e+01 7.479890e-04 8.146629e-04 7.242776e-04 7.050263e-04
4.299322e+01 7.392252e-04 7.976169e-04 7.164294e-04 7.036294e-04
4.304522e+01 7.286945e-04 7.785269e-04 7.055045e-04 7.020520e-04
4.309722e+01 7.170714e-04 7.590400e-04 6.925710e-04 6.996033e-04
4.314922e+01 7.051479e-04 7.407654e-04 6.790577e-04 6.956207e-04
4.320122e+01 6.936871e-04 7.249464e-04 6.664587e-04 6.896563e-04
4.325322e+01 6.833224e-04 7.122946e-04 6.560600e-04 6.816128e-04
4.330522e+01 6.745039e-04 7.030064e-04 6.487454e-04 6.717598e-04
4.335722e+01 6.674786e-04 6.969067e-04 6.449112e-04 6.606178e-04
4.340922e+01 6.622919e-04 6.936362e-04 6.444851e-04 6.487545e-04
4.346122e+01 6.588065e-04 6.928150e-04 6.470242e-04 6.365803e-04
4.351322e+01 6.567424e-04 6.941483e-04 6.518483e-04 6.242305e-04
4.356522e+01 6.557425e-04 6.974706e-04 6.581699e-04 6.115870e-04
4.361722e+01 6.554545e-04 7.027327e-04 6.651981e-04 5.984328e-04
4.366922e+01 6.556096e-04 7.099417e-04 6.722116e-04 5.846756e-04
4.372122e+01 6.560702e-04 7.190660e-04 6.786082e-04 5.705363e-04
4.377322e+01 6.568245e-04 7.299247e-04 6.839377e-04 5.566109e-04
4.382522e+01 6.579251e-04 7.420968e-04 6.879173e-04 5.437612e-04
4.387722e+01 6.593932e-04 7.548869e-04 6.904255e-04 5.328671e-04
4.392922e+01 6.611325e-04 7.673790e-04 6.914817e-04 5.245369e-04
4.398122e+01 6.628993e-04 7.785809e-04 6.912232e-04 5.188938e-04
4.403322e+01 6.643513e-04 7.876308e-04 6.898956e-04 5.155273e-04
4.408522e+01 6.651613e-04 7.940020e-04 6.878549e-04 5.136271e-04
4.413722e+01 6.651439e-04 7.976297e-04 6.855619e-04 5.122400e-04
4.418922e+01 6.643310e-04 7.988999e-04 6.835428e-04 5.105504e-04
4.424122e+01 6.629579e-04 7.984886e-04 6.823035e-04 5.080816e-04
4.429322e+01 6.613628e-04 7.971035e-04 6.822195e-04 5.047654e-04
4.434522e+01 6.598502e-04 7.952243e-04 6.834432e-04 5.008829e-04
4.439722e+01 6.585817e-04 7.929449e-04 6.858749e-04 4.969252e-04
4.444922e+01 6.575429e-04 7.899810e-04 6.892130e-04 4.934348e-04
4.450122e+01 6.565906e-04 7.858335e-04 6.930632e-04 4.908752e-04
4.455322e+01 6.555440e-04 7.800331e-04 6.970530e-04 4.895460e-04
4.460522e+01 6.542665e-04 7.723593e-04 7.009021e-04 4.895381e-04
4.465722e+01 6.526936e-04 7.629444e-04 7.044175e-04 4.907188e-04
4.470922e+01 6.508006e-04 7.522293e-04 7.074288e-04 4.927437e-04
4.476122e+01 6.485375e-04 7.408043e-04 7.097068e-04 4.951015e-04
4.481322e+01 6.457775e-04 7.292137e-04 7.109186e-04 4.972003e-04
4.486522e+01 6.423169e-04 7.178078e-04 7.106530e-04 4.984898e-04
4.491722e+01 6.379337e-04 7.066911e-04 7.085130e-04 4.985971e-04
4.496922e+01 6.324818e-04 6.957672e-04 7.042392e-04 4.974390e-04
4.502122e+01 6.259757e-04 6.848405e-04 6.978119e-04 4.952747e-04
4.507322e+01 6.186307e-04 6.737264e-04 6.894891e-04 4.926766e-04
4.512522e+01 6.108418e-04 6.623375e-04 6.797687e-04 4.904191e-04
4.517722e+01 6.031145e-04 6.507345e-04 6.692977e-04 4.893112e-04
4.522922e+01 5.959756e-04 6.391459e-04 6.587687e-04 4.900123e-04
4.528122e+01 5.898902e-04 6.279527e-04 6.488391e-04 4.928787e-04
4.533322e+01 5.851966e-04 6.176340e-04 6.400780e-04 4.978778e-04
4.538522e+01 5.820594e-04 6.086734e-04 6.329218e-04 5.045829e-04
4.543722e+01 5.804359e-04 6.014506e-04 6.276165e-04 5.122407e-04
4.548922e+01 5.800636e-04 5.961571e-04 6.241510e-04 5.198826e-04
4.554122e+01 5.804835e-04 5.927764e-04 6.222183e-04 5.264557e-04
4.559322e+01 5.811153e-04 5.911417e-04 6.212498e-04 5.309543e-04
4.564522e+01 5.813811e-04 5.910489e-04 6.205486e-04 5.325459e-04
4.569722e+01 5.808510e-04 5.923716e-04 6.194954e-04 5.306860e-04
4.574922e+01 5.793652e-04 5.951230e-04 6.177613e-04 5.252112e-04
4.580122e+01 5.770890e-04 5.994325e-04 6.154456e-04 5.163890e-04
4.585322e+01 5.744769e-04 6.054430e-04 6.130809e-04 5.049068e-04
4.590522e+01 5.721524e-04 6.131742e-04 6.114932e-04 4.917897e-04
4.595722e+01 5.707427e-04 6.224139e-04 6.115587e-04 4.782554e-04
4.600922e+01 5.707179e-04 6.326849e-04 6.139370e-04 4.655319e-04
4.606122e+01 5.722847e-04 6.433005e-04 6.188766e-04 4.546768e-04
4.611322e+01 5.753610e-04 6.534773e-04 6.261639e-04 4.464418e-04
4.616522e+01 5.796374e-04 6.624599e-04 6.352357e-04 4.412164e-04
4.621722e+01 5.846960e-04 6.696210e-04 6.454054e-04 4.390615e-04
4.626922e+01 5.901467e-04 6.745285e-04 6.561018e-04 4.398096e-04
4.632122e+01 5.957312e-04 6.769923e-04 6.670137e-04 4.431874e-04
4.637322e+01 6.013613e-04 6.770970e-04 6.780799e-04 4.489069e-04
4.642522e+01 6.070856e-04 6.752124e-04 6.893472e-04 4.566973e-04
4.647722e+01 6.130078e-04 6.719572e-04 7.007838e-04 4.662824e-04
4.652922e+01 6.191988e-04 6.681068e-04 7.121522e-04 4.773375e-04
4.658122e+01 6.256449e-04 6.644622e-04 7.230024e-04 4.894701e-04
4.663322e+01 6.322485e-04 6.617191e-04 7.327788e-04 5.022477e-04
4.668522e+01 6.388742e-04 6.603801e-04 7.409757e-04 5.152667e-04
4.673722e+01 6.454091e-04 6.607249e-04 7.472677e-04 5.282346e-04
4.678922e+01 6.518075e-04 6.628252e-04 7.515707e-04 5.410267e-04
4.684122e+01 6.581002e-04 6.665766e-04 7.540308e-04 5.536933e-04
4.689322e+01 6.643707e-04 6.717267e-04 7.549695e-04 5.664160e-04
4.694522e+01 6.707174e-04 6.779051e-04 7.548138e-04 5.794333e-04
4.699722e+01 6.772233e-04 6.846758e-04 7.540293e-04 5.929647e-04
4.704922e+01 6.839541e-04 6.916347e-04 7.530694e-04 6.071582e-04
4.710122e+01 6.909869e-04 6.985464e-04 7.523472e-04 6.220669e-04
4.715322e+01 6.984565e-04 7.054800e-04 7.522436e-04 6.376459e-04
4.720522e+01 7.065953e-04 7.128780e-04 7.531516e-04 6.537562e-04
4.725722e+01 7.157408e-04 7.215058e-04 7.555397e-04 6.701769e-04
4.730922e+01 7.263044e-04 7.322703e-04 7.599974e-04 6.866455e-04
4.736122e+01 7.387096e-04 7.459576e-04 7.672235e-04 7.029477e-04
4.741322e+01 7.533249e-04 7.629765e-04 7.779383e-04 7.190599e-04
4.746522e+01 7.704098e-04 7.831908e-04 7.927356e-04 7.353030e-04
4.751722e+01 7.900748e-04 8.058781e-04 8.119117e-04 7.524347e-04
4.756922e+01 8.122412e-04 8.298012e-04 8.353198e-04 7.716027e-04
4.762122e+01 8.365823e-04 8.533515e-04 8.622785e-04 7.941170e-04
4.767322e+01 8.624513e-04 8.747279e-04 8.915497e-04 8.210764e-04
4.772522e+01 8.888260e-04 8.921396e-04 9.213868e-04 8.529517e-04
4.777722e+01 9.143178e-04 9.040274e-04 9.496512e-04 8.892749e-04
4.782922e+01 9.372772e-04 9.092791e-04 9.739956e-04 9.285568e-04
4.788122e+01 9.559897e-04 9.073872e-04 9.921030e-04 9.684789e-04
4.793322e+01 9.689162e-04 8.984929e-04 1.001959e-03 1.006296e-03
4.798522e+01 9.749108e-04 8.833003e-04 1.002125e-03 1.039307e-03
4.803722e+01 9.733678e-04 8.629000e-04 9.919640e-04 1.065239e-03
4.808922e+01 9.642820e-04 8.385819e-04 9.717889e-04 1.082475e-03
4.814122e+01 9.482406e-04 8.117048e-04 9.428882e-04 1.090129e-03
4.819322e+01 9.263684e-04 7.836382e-04 9.074177e-04 1.088049e-03
4.824522e+01 9.002341e-04 7.557351e-04 8.681547e-04 1.076812e-03
4.829722e+01 8.717029e-04 7.292764e-04 8.281392e-04 1.057693e-03
4.834922e+01 8.427235e-04 7.053568e-04 7.902548e-04 1.032559e-03
4.840122e+01 8.150594e-04 6.847398e-04 7.568166e-04 1.003622e-03
4.845322e+01 7.900205e-04 6.677436e-04 7.292487e-04 9.730690e-04
4.850522e+01 7.682700e-04 6.542226e-04 7.079242e-04 9.426633e-04
4.855722e+01 7.497822e-04 6.436652e-04 6.922081e-04 9.134734e-04
4.860922e+01 7.339739e-04 6.353769e-04 6.807018e-04 8.858430e-04
4.866122e+01 7.199732e-04 6.286793e-04 6.716250e-04 8.596151e-04
4.871322e+01 7.069310e-04 6.230453e-04 6.632356e-04 8.345121e-04
4.876522e+01 6.942652e-04 6.181243e-04 6.541744e-04 8.104968e-04
4.881722e+01 6.817566e-04 6.136585e-04 6.436544e-04 7.879570e-04
4.886922e+01 6.694866e-04 6.093491e-04 6.314703e-04 7.676405e-04
4.892122e+01 6.576710e-04 6.047563e-04 6.178668e-04 7.503898e-04
4.897322e+01 6.464861e-04 5.993039e-04 6.033393e-04 7.368153e-04
4.902522e+01 6.359696e-04 5.924059e-04 5.884420e-04 7.270608e-04
4.907722e+01 6.260281e-04 5.836665e-04 5.736550e-04 7.207628e-04
4.912922e+01 6.165293e-04 5.730634e-04 5.593222e-04 7.172024e-04
4.918122e+01 6.074155e-04 5.610244e-04 5.456532e-04 7.155688e-04
4.923322e+01 5.987798e-04 5.483595e-04 5.327619e-04 7.152180e-04
4.928522e+01 5.908725e-04 5.360657e-04 5.207198e-04 7.158322e-04
4.933722e+01 5.840408e-04 5.250772e-04 5.096008e-04 7.174443e-04
4.938922e+01 5.786303e-04 5.160466e-04 4.994995e-04 7.203449e-04
4.944122e+01 5.748855e-04 5.092219e-04 4.905164e-04 7.249181e-04
4.949322e+01 5.728730e-04 5.044471e-04 4.827163e-04 7.314555e-04
4.954522e+01 5.724444e-04 5.012664e-04 4.760798e-04 7.399871e-04
4.959722e+01 5.732385e-04 4.990807e-04 4.704731e-04 7.501619e-04
4.964922e+01 5.747195e-04 4.972947e-04 4.656540e-04 7.612099e-04
4.970122e+01 5.762449e-04 4.954080e-04 4.613138e-04 7.720130e-04
4.975322e+01 5.771546e-04 4.930368e-04 4.571406e-04 7.812863e-04
4.980522e+01 5.768667e-04 4.898902e-04 4.528808e-04 7.878292e-04
4.985722e+01 5.749630e-04 4.857394e-04 4.483799e-04 7.907697e-04
4.990922e+01 5.712437e-04 4.804190e-04 4.435960e-04 7.897161e-04
4.996122e+01 5.657403e-04 4.738676e-04 4.385858e-04 7.847675e-04
5.001322e+01 5.586863e-04 4.661869e-04 4.334738e-04 7.763982e-04
5.006522e+01 5.504601e-04 4.576808e-04 4.284143e-04 7.652853e-04
5.011722e+01 5.415212e-04 4.488378e-04 4.235625e-04 7.521634e-04
5.016922e+01 5.323565e-04 4.402446e-04 4.190630e-04 7.377620e-04
5.022122e+01 5.234440e-04 4.324533e-04 4.150617e-04 7.228170e-04
5.027322e+01 5.152283e-04 4.258478e-04 4.117297e-04 7.081074e-04
5.032522e+01 5.080980e-04 4.205621e-04 4.092798e-04 6.944522e-04
5.037722e+01 5.023583e-04 4.164887e-04 4.079531e-04 6.826329e-04
5.042922e+01 4.982018e-04 4.133781e-04 4.079701e-04 6.732571e-04
5.048122e+01 4.956888e-04 4.109940e-04 4.094593e-04 6.666131e-04
5.053322e+01 4.947469e-04 4.092589e-04 4.123967e-04 6.625851e-04
5.058522e+01 4.951962e-04 4.083273e-04 4.165859e-04 6.606754e-04
5.063722e+01 4.967946e-04 4.085450e-04 4.216957e-04 6.601431e-04
5.068922e+01 4.992896e-04 4.103015e-04 4.273469e-04 6.602202e-04
5.074122e+01 5.024601e-04 4.138265e-04 4.332204e-04 6.603333e-04
5.079322e+01 5.061366e-04 4.190099e-04 4.391495e-04 6.602504e-04
5.084522e+01 5.101964e-04 4.253231e-04 4.451670e-04 6.600990e-04
5.089722e+01 5.145399e-04 4.318826e-04 4.514844e-04 6.602528e-04
5.094922e+01 5.190612e-04 4.376470e-04 4.584049e-04 6.611318e-04
5.100122e+01 5.236238e-04 4.416889e-04 4.661854e-04 6.629971e-04
5.105322e+01 5.280521e-04 4.434532e-04 4.748884e-04 6.658147e-04
5.110522e+01 5.321433e-04 4.429220e-04 4.842750e-04 6.692329e-04
5.115722e+01 5.356971e-04 4.406345e-04 4.937909e-04 6.726660e-04
5.120922e+01 5.385562e-04 4.375562e-04 5.026696e-04 6.754429e-04
5.126122e+01 5.406416e-04 4.348361e-04 5.101339e-04 6.769547e-04
5.131322e+01 5.419672e-04 4.335177e-04 5.156317e-04 6.767523e-04
5.136522e+01 5.426254e-04 4.342813e-04 5.190227e-04 6.745721e-04
5.141722e+01 5.427473e-04 4.372891e-04 5.206463e-04 6.703065e-04
5.146922e+01 5.424618e-04 4.421746e-04 5.212498e-04 6.639610e-04
5.152122e+01 5.418740e-04 4.481793e-04 5.218020e-04 6.556407e-04
5.157322e+01 5.410770e-04 4.543943e-04 5.232568e-04 6.455799e-04
5.162522e+01 5.401859e-04 4.600305e-04 5.263358e-04 6.341914e-04
5.167722e+01 5.393679e-04 4.646311e-04 5.313853e-04 6.220872e-04
5.172922e+01 5.388413e-04 4.681631e-04 5.383364e-04 6.100244e-04
5.178122e+01 5.388372e-04 4.709674e-04 5.467722e-04 5.987720e-04
5.183322e+01 5.395381e-04 4.736006e-04 5.560750e-04 5.889387e-04
5.188522e+01 5.410256e-04 4.766382e-04 5.656077e-04 5.808310e-04
5.193722e+01 5.432632e-04 4.805155e-04 5.748703e-04 5.744038e-04
5.198922e+01 5.461208e-04 4.854591e-04 5.835812e-04 5.693222e-04
5.204122e+01 5.494239e-04 4.915096e-04 5.916557e-04 5.651064e-04
5.209322e+01 5.529988e-04 4.985992e-04 5.990958e-04 5.613013e-04
5.214522e+01 5.566905e-04 5.066208e-04 6.058392e-04 5.576115e-04
5.219722e+01 5.603469e-04 5.154433e-04 6.116358e-04 5.539616e-04
5.224922e+01 5.637859e-04 5.248677e-04 6.160133e-04 5.504765e-04
5.230122e+01 5.667719e-04 5.345600e-04 6.183591e-04 5.473966e-04
5.235322e+01 5.690235e-04 5.440149e-04 6.180943e-04 5.449613e-04
5.240522e+01 5.702555e-04 5.525912e-04 6.148762e-04 5.432992e-04
5.245722e+01 5.702413e-04 5.596174e-04 6.087508e-04 5.423556e-04
5.250922e+01 5.688683e-04 5.645282e-04 6.001954e-04 5.418811e-04
5.256122e+01 5.661663e-04 5.669781e-04 5.900366e-04 5.414841e-04
5.261322e+01 5.622983e-04 5.668906e-04 5.792717e-04 5.407326e-04
5.266522e+01 5.575210e-04 5.644346e-04 5.688527e-04 5.392759e-04
5.271722e+01 5.521324e-04 5.599519e-04 5.594938e-04 5.369514e-04
5.276922e+01 5.464237e-04 5.538741e-04 5.515520e-04 5.338449e-04
5.282122e+01 5.406505e-04 5.466592e-04 5.450080e-04 5.302843e-04
5.287322e+01 5.350242e-04 5.387597e-04 5.395461e-04 5.267667e-04
5.292522e+01 5.297184e-04 5.306086e-04 5.347079e-04 5.238386e-04
5.297722e+01 5.248775e-04 5.226022e-04 5.300689e-04 5.219613e-04
5.302922e+01 5.206144e-04 5.150616e-04 5.253790e-04 5.214025e-04
5.308122e+01 5.169908e-04 5.081775e-04 5.206152e-04 5.221796e-04
5.313322e+01 5.139840e-04 5.019552e-04 5.159322e-04 5.240646e-04
5.318522e+01 5.114543e-04 4.961929e-04 5.115366e-04 5.266334e-04
5.323722e+01 5.091322e-04 4.905131e-04 5.075474e-04 5.293362e-04
5.328922e+01 5.066455e-04 4.844564e-04 5.039095e-04 5.315707e-04
5.334122e+01 5.035905e-04 4.776183e-04 5.004000e-04 5.327532e-04
5.339322e+01 4.996364e-04 4.697909e-04 4.967190e-04 5.323992e-04
5.344522e+01 4.946321e-04 4.610616e-04 4.926194e-04 5.302153e-04
5.349722e+01 4.886747e-04 4.518289e-04 4.880126e-04 5.261825e-04
5.354922e+01 4.821063e-04 4.427211e-04 4.830054e-04 5.205924e-04
5.360122e+01 4.754321e-04 4.344395e-04 4.778589e-04 5.139980e-04
5.365322e+01 4.691809e-04 4.275770e-04 4.728913e-04 5.070742e-04
5.370522e+01 4.637550e-04 4.224715e-04 4.683659e-04 5.004275e-04
5.375722e+01 4.593250e-04 4.191390e-04 4.644046e-04 4.944315e-04
5.380922e+01 4.558048e-04 4.173002e-04 4.609531e-04 4.891610e-04
5.386122e+01 4.529140e-04 4.164820e-04 4.578068e-04 4.844533e-04
5.391322e+01 4.503030e-04 4.161604e-04 4.546861e-04 4.800627e-04
5.396522e+01 4.476893e-04 4.159033e-04 4.513379e-04 4.758267e-04
5.401722e+01 4.449541e-04 4.154784e-04 4.476268e-04 4.717572e-04
5.406922e+01 4.421664e-04 4.148995e-04 4.435852e-04 4.680146e-04
5.412122e+01 4.395318e-04 4.143993e-04 4.394046e-04 4.647915e-04
5.417322e+01 4.372960e-04 4.143314e-04 4.353740e-04 4.621826e-04
5.422522e+01 4.356499e-04 4.150295e-04 4.317928e-04 4.601274e-04
5.427722e+01 4.346750e-04 4.166681e-04 4.288943e-04 4.584625e-04
5.432922e+01 4.343443e-04 4.191720e-04 4.268050e-04 4.570558e-04
5.438122e+01 4.345655e-04 4.222107e-04 4.255456e-04 4.559401e-04
5.443322e+01 4.352331e-04 4.252805e-04 4.250589e-04 4.553600e-04
5.448522e+01 4.362595e-04 4.278415e-04 4.252423e-04 4.556948e-04
5.453722e+01 4.375715e-04 4.294577e-04 4.259705e-04 4.572863e-04
5.458922e+01 4.390833e-04 4.298864e-04 4.271103e-04 4.602531e-04
5.464122e+01 4.406694e-04 4.290923e-04 4.285358e-04 4.643800e-04
5.469322e+01 4.421602e-04 4.271947e-04 4.301526e-04 4.691334e-04
5.474522e+01 4.433682e-04 4.243864e-04 4.319257e-04 4.737926e-04
5.479722e+01 4.441339e-04 4.208672e-04 4.338935e-04 4.776410e-04
5.484922e+01 4.443694e-04 4.168158e-04 4.361512e-04 4.801412e-04
5.490122e+01 4.440797e-04 4.123960e-04 4.388055e-04 4.810376e-04
5.495322e+01 4.433524e-04 4.077750e-04 4.419182e-04 4.803638e-04
5.500522e+01 4.423239e-04 4.031280e-04 4.454687e-04 4.783751e-04
5.505722e+01 4.411360e-04 3.986201e-04 4.493470e-04 4.754410e-04
5.510922e+01 4.398952e-04 3.943748e-04 4.533719e-04 4.719391e-04
5.516122e+01 4.386391e-04 3.904417e-04 4.573042e-04 4.681713e-04
5.521322e+01 4.373070e-04 3.867776e-04 4.608364e-04 4.643070e-04
5.526522e+01 4.357170e-04 3.832411e-04 4.635639e-04 4.603460e-04
5.531722e+01 4.335585e-04 3.795991e-04 4.649768e-04 4.560995e-04
5.536922e+01 4.304180e-04 3.755458e-04 4.645101e-04 4.511982e-04
5.542122e+01 4.258487e-04 3.707376e-04 4.616642e-04 4.451442e-04
