6.666051e+00 0.000000e+00 0.000000e+00 0.000000e+00 0.000000e+00
6.718051e+00 0.000000e+00 0.000000e+00 0.000000e+00 0.000000e+00
6.770051e+00 0.000000e+00 0.000000e+00 0.000000e+00 0.000000e+00
6.822051e+00 0.000000e+00 0.000000e+00 0.000000e+00 0.000000e+00
6.874051e+00 0.000000e+00 0.000000e+00 0.000000e+00 0.000000e+00
6.926051e+00 0.000000e+00 0.000000e+00 0.000000e+00 0.000000e+00
6.978051e+00 0.000000e+00 0.000000e+00 0.000000e+00 0.000000e+00
7.030051e+00 0.000000e+00 0.000000e+00 0.000000e+00 0.000000e+00
7.082051e+00 0.000000e+00 0.000000e+00 0.000000e+00 0.000000e+00
7.134051e+00 0.000000e+00 0.000000e+00 0.000000e+00 0.000000e+00
7.186051e+00 0.000000e+00 0.000000e+00 0.000000e+00 0.000000e+00
7.238051e+00 0.000000e+00 0.000000e+00 0.000000e+00 0.000000e+00
7.290051e+00 0.000000e+00 0.000000e+00 0.000000e+00 0.000000e+00
7.342051e+00 0.000000e+00 0.000000e+00 0.000000e+00 0.000000e+00
7.394051e+00 0.000000e+00 0.000000e+00 0.000000e+00 0.000000e+00
7.446051e+00 0.000000e+00 0.000000e+00 0.000000e+00 0.000000e+00
7.498051e+00 0.000000e+00 0.000000e+00 0.000000e+00 0.000000e+00
7.550051e+00 0.000000e+00 0.000000e+00 0.000000e+00 0.000000e+00
7.602051e+00 0.000000e+00 0.000000e+00 0.000000e+00 0.000000e+00
7.654051e+00 0.000000e+00 0.000000e+00 0.000000e+00 0.000000e+00
7.706051e+00 0.000000e+00 0.000000e+00 0.000000e+00 0.000000e+00
7.758051e+00 0.000000e+00 0.000000e+00 0.000000e+00 0.000000e+00
7.810051e+00 0.000000e+00 0.000000e+00 0.000000e+00 0.000000e+00
7.862051e+00 0.000000e+00 0.000000e+00 0.000000e+00 0.000000e+00
7.914051e+00 0.000000e+00 0.000000e+00 0.000000e+00 0.000000e+00
7.966051e+00 0.000000e+00 0.000000e+00 0.000000e+00 0.000000e+00
8.018051e+00 0.000000e+00 0.000000e+00 0.000000e+00 0.000000e+00
8.070051e+00 0.000000e+00 0.000000e+00 0.000000e+00 0.000000e+00
8.122051e+00 0.000000e+00 0.000000e+00 0.000000e+00 0.000000e+00
8.174051e+00 0.000000e+00 0.000000e+00 0.000000e+00 0.000000e+00
8.226051e+00 0.000000e+00 0.000000e+00 0.000000e+00 0.000000e+00
8.278051e+00 0.000000e+00 0.000000e+00 0.000000e+00 0.000000e+00
8.330051e+00 0.000000e+00 0.000000e+00 0.000000e+00 0.000000e+00
8.382051e+00 0.000000e+00 0.000000e+00 0.000000e+00 0.000000e+00
8.434051e+00 0.000000e+00 0.000000e+00 0.000000e+00 0.000000e+00
8.486051e+00 0.000000e+00 0.000000e+00 0.000000e+00 0.000000e+00
8.538051e+00 0.000000e+00 0.000000e+00 0.000000e+00 0.000000e+00
8.590051e+00 0.000000e+00 0.000000e+00 0.000000e+00 0.000000e+00
8.642051e+00 0.000000e+00 0.000000e+00 0.000000e+00 0.000000e+00
8.694051e+00 0.000000e+00 0.000000e+00 0.000000e+00 0.000000e+00
8.746051e+00 0.000000e+00 0.000000e+00 0.000000e+00 0.000000e+00
8.798051e+00 0.000000e+00 0.000000e+00 0.000000e+00 0.000000e+00
8.850051e+00 0.000000e+00 0.000000e+00 0.000000e+00 0.000000e+00
8.902051e+00 0.000000e+00 0.000000e+00 0.000000e+00 0.000000e+00
8.954051e+00 0.000000e+00 0.000000e+00 0.000000e+00 0.000000e+00
9.006051e+00 0.000000e+00 0.000000e+00 0.000000e+00 0.000000e+00
9.058051e+00 0.000000e+00 0.000000e+00 0.000000e+00 0.000000e+00
9.110051e+00 0.000000e+00 0.000000e+00 0.000000e+00 0.000000e+00
9.162051e+00 0.000000e+00 0.000000e+00 0.000000e+00 0.000000e+00
9.214051e+00 0.000000e+00 0.000000e+00 0.000000e+00 0.000000e+00
9.266051e+00 0.000000e+00 0.000000e+00 0.000000e+00 0.000000e+00
9.318051e+00 0.000000e+00 0.000000e+00 0.000000e+00 0.000000e+00
9.370051e+00 0.000000e+00 0.000000e+00 0.000000e+00 0.000000e+00
9.422051e+00 0.000000e+00 0.000000e+00 0.000000e+00 0.000000e+00
9.474051e+00 0.000000e+00 0.000000e+00 0.000000e+00 0.000000e+00
9.526051e+00 0.000000e+00 0.000000e+00 0.000000e+00 0.000000e+00
9.578051e+00 0.000000e+00 0.000000e+00 0.000000e+00 0.000000e+00
9.630051e+00 0.000000e+00 0.000000e+00 0.000000e+00 0.000000e+00
9.682051e+00 0.000000e+00 0.000000e+00 0.000000e+00 0.000000e+00
9.734051e+00 0.000000e+00 0.000000e+00 0.000000e+00 0.000000e+00
9.786051e+00 0.000000e+00 0.000000e+00 0.000000e+00 0.000000e+00
9.838051e+00 0.000000e+00 0.000000e+00 0.000000e+00 0.000000e+00
9.890051e+00 0.000000e+00 0.000000e+00 0.000000e+00 0.000000e+00
9.942051e+00 0.000000e+00 0.000000e+00 0.000000e+00 0.000000e+00
9.994051e+00 0.000000e+00 0.000000e+00 0.000000e+00 0.000000e+00
1.004605e+01 0.000000e+00 0.000000e+00 0.000000e+00 0.000000e+00
1.009805e+01 0.000000e+00 0.000000e+00 0.000000e+00 0.000000e+00
1.015005e+01 0.000000e+00 0.000000e+00 0.000000e+00 0.000000e+00
1.020205e+01 0.000000e+00 0.000000e+00 0.000000e+00 0.000000e+00
1.025405e+01 0.000000e+00 0.000000e+00 0.000000e+00 0.000000e+00
1.030605e+01 0.000000e+00 0.000000e+00 0.000000e+00 0.000000e+00
1.035805e+01 0.000000e+00 0.000000e+00 0.000000e+00 0.000000e+00
1.041005e+01 0.000000e+00 0.000000e+00 0.000000e+00 0.000000e+00
1.046205e+01 0.000000e+00 0.000000e+00 0.000000e+00 0.000000e+00
1.051405e+01 2.140865e-14 5.484819e-14 8.925455e-15 4.523211e-16
1.056605e+01 9.798312e-14 2.510292e-13 4.085002e-14 2.070183e-15
1.061805e+01 5.943588e-13 1.486291e-12 2.590547e-13 3.773099e-14
1.067005e+01 2.475665e-12 6.175199e-12 1.083325e-12 1.684709e-13
1.072205e+01 1.022359e-11 2.528738e-11 4.530084e-12 8.532971e-13
1.077405e+01 3.795984e-11 9.352327e-11 1.691557e-11 3.440687e-12
1.082605e+01 1.333340e-10 3.269236e-10 5.979990e-11 1.327859e-11
1.087805e+01 4.394345e-10 1.072427e-09 1.983452e-10 4.753123e-11
1.093005e+01 1.365145e-09 3.315176e-09 6.201535e-10 1.601070e-10
1.098205e+01 3.997683e-09 9.657715e-09 1.827895e-09 5.074389e-10
1.103405e+01 1.104289e-08 2.653376e-08 5.082330e-09 1.512588e-09
1.108605e+01 2.879839e-08 6.881138e-08 1.334019e-08 4.243588e-09
1.113805e+01 7.095488e-08 1.685773e-07 3.307737e-08 1.120996e-08
1.119005e+01 1.652905e-07 3.904511e-07 7.752712e-08 2.789315e-08
1.124205e+01 3.643701e-07 8.558030e-07 1.718960e-07 6.541143e-08
1.129405e+01 7.608367e-07 1.776980e-06 3.608665e-07 1.446642e-07
1.134605e+01 1.506576e-06 3.499713e-06 7.180318e-07 3.019823e-07
1.139805e+01 2.832893e-06 6.547275e-06 1.355791e-06 5.956132e-07
1.145005e+01 5.066524e-06 1.165522e-05 2.432967e-06 1.111384e-06
1.150205e+01 8.634919e-06 1.978317e-05 4.156619e-06 1.964973e-06
1.155405e+01 1.405504e-05 3.209228e-05 6.774861e-06 3.297994e-06
1.160605e+01 2.190302e-05 4.988375e-05 1.055925e-05 5.266046e-06
1.165805e+01 3.276560e-05 7.450018e-05 1.577766e-05 8.018945e-06
1.171005e+01 4.717582e-05 1.071920e-04 2.265997e-05 1.167554e-05
1.176205e+01 6.553232e-05 1.489421e-04 3.135829e-05 1.629654e-05
1.181405e+01 8.799726e-05 2.002324e-04 4.190123e-05 2.185819e-05
1.186605e+01 1.143685e-04 2.607364e-04 5.414118e-05 2.822793e-05
1.191805e+01 1.439348e-04 3.289622e-04 6.769795e-05 3.514420e-05
1.197005e+01 1.753484e-04 4.019267e-04 8.191276e-05 4.220560e-05
1.202205e+01 2.065759e-04 4.750097e-04 9.583756e-05 4.888042e-05
1.207405e+01 2.349968e-04 5.421522e-04 1.082888e-04 5.454937e-05
1.212605e+01 2.576909e-04 5.965002e-04 1.179836e-04 5.858896e-05
1.217805e+01 2.719008e-04 6.314622e-04 1.237510e-04 6.048917e-05
1.223005e+01 2.755831e-04 6.419821e-04 1.247822e-04 5.998496e-05
1.228205e+01 2.679157e-04 6.257081e-04 1.208641e-04 5.717468e-05
1.233405e+01 2.496212e-04 5.837163e-04 1.125402e-04 5.260708e-05
1.238605e+01 2.230162e-04 5.205470e-04 1.011638e-04 4.733783e-05
1.243805e+01 1.917760e-04 4.435110e-04 8.884265e-05 4.297441e-05
1.249005e+01 1.604895e-04 3.614456e-04 7.829455e-05 4.172853e-05
1.254205e+01 1.341288e-04 2.832741e-04 7.264384e-05 4.646835e-05
1.259405e+01 1.175475e-04 2.167583e-04 7.516852e-05 6.071552e-05
1.264605e+01 1.150668e-04 1.677218e-04 8.898819e-05 8.849033e-05
1.269805e+01 1.301349e-04 1.398131e-04 1.166805e-04 1.339110e-04
1.275005e+01 1.650158e-04 1.346664e-04 1.598526e-04 2.005284e-04
1.280205e+01 2.204956e-04 1.522159e-04 2.187581e-04 2.905130e-04
1.285405e+01 2.956663e-04 1.909574e-04 2.921006e-04 4.039409e-04
1.290605e+01 3.878998e-04 2.480939e-04 3.771398e-04 5.384657e-04
1.295805e+01 4.931045e-04 3.196533e-04 4.701128e-04 6.895473e-04
1.301005e+01 6.062599e-04 4.007379e-04 5.668458e-04 8.511959e-04
1.306205e+01 7.221208e-04 4.860158e-04 6.633589e-04 1.016988e-03
1.311405e+01 8.359416e-04 5.704372e-04 7.563218e-04 1.181066e-03
1.316605e+01 9.441164e-04 6.500225e-04 8.433597e-04 1.338967e-03
1.321805e+01 1.044700e-03 7.225044e-04 9.233211e-04 1.488274e-03
1.327005e+01 1.137789e-03 7.876386e-04 9.965778e-04 1.629152e-03
1.332205e+01 1.225670e-03 8.471019e-04 1.065247e-03 1.764662e-03
1.337405e+01 1.312537e-03 9.040139e-04 1.133060e-03 1.900537e-03
1.342605e+01 1.403626e-03 9.621880e-04 1.204613e-03 2.044075e-03
1.347805e+01 1.503782e-03 1.025232e-03 1.284045e-03 2.202069e-03
1.353005e+01 1.615822e-03 1.095623e-03 1.373558e-03 2.378286e-03
1.358205e+01 1.739292e-03 1.173928e-03 1.472480e-03 2.571469e-03
1.363405e+01 1.870254e-03 1.258421e-03 1.577418e-03 2.774923e-03
1.368605e+01 2.002386e-03 1.345326e-03 1.683580e-03 2.978251e-03
1.373805e+01 2.129152e-03 1.429788e-03 1.786727e-03 3.170941e-03
1.379005e+01 2.246293e-03 1.507280e-03 1.884919e-03 3.346680e-03
1.384205e+01 2.353719e-03 1.574938e-03 1.979362e-03 3.506856e-03
1.389405e+01 2.456124e-03 1.632304e-03 2.074189e-03 3.661880e-03
1.394605e+01 2.562070e-03 1.681301e-03 2.175511e-03 3.829397e-03
1.399805e+01 2.681706e-03 1.725747e-03 2.290202e-03 4.029168e-03
1.405005e+01 2.823582e-03 1.770866e-03 2.424582e-03 4.275298e-03
1.410205e+01 2.991207e-03 1.823012e-03 2.582830e-03 4.567780e-03
1.415405e+01 3.180312e-03 1.889351e-03 2.764995e-03 4.886589e-03
1.420605e+01 3.377949e-03 1.976983e-03 2.965009e-03 5.191854e-03
1.425805e+01 3.564341e-03 2.091176e-03 3.169750e-03 5.432098e-03
1.431005e+01 3.717476e-03 2.233058e-03 3.360285e-03 5.559086e-03
1.436205e+01 3.819166e-03 2.397681e-03 3.515661e-03 5.544157e-03
1.441405e+01 3.860341e-03 2.573542e-03 3.618301e-03 5.389179e-03
1.446605e+01 3.843437e-03 2.744173e-03 3.658983e-03 5.127153e-03
1.451805e+01 3.781033e-03 2.891603e-03 3.639396e-03 4.812100e-03
1.457005e+01 3.691592e-03 3.000652e-03 3.571323e-03 4.502802e-03
1.462205e+01 3.594363e-03 3.062672e-03 3.473102e-03 4.247315e-03
1.467405e+01 3.505463e-03 3.077520e-03 3.365095e-03 4.073774e-03
1.472605e+01 3.436086e-03 3.053202e-03 3.265870e-03 3.989187e-03
1.477805e+01 3.392457e-03 3.003451e-03 3.189904e-03 3.984014e-03
1.483005e+01 3.376440e-03 2.944108e-03 3.146498e-03 4.038714e-03
1.488205e+01 3.385927e-03 2.889382e-03 3.139117e-03 4.129282e-03
1.493405e+01 3.414923e-03 2.848967e-03 3.164781e-03 4.231021e-03
1.498605e+01 3.454014e-03 2.826607e-03 3.213945e-03 4.321491e-03
1.503805e+01 3.491961e-03 2.820271e-03 3.271837e-03 4.383774e-03
1.509005e+01 3.518564e-03 2.823777e-03 3.321863e-03 4.410051e-03
1.514205e+01 3.528013e-03 2.829324e-03 3.350577e-03 4.404138e-03
1.519405e+01 3.521298e-03 2.830233e-03 3.352512e-03 4.381150e-03
1.524605e+01 3.506391e-03 2.823139e-03 3.332699e-03 4.363336e-03
1.529805e+01 3.495753e-03 2.809086e-03 3.305409e-03 4.372763e-03
1.535005e+01 3.501930e-03 2.793351e-03 3.289275e-03 4.423163e-03
1.540205e+01 3.532900e-03 2.784178e-03 3.300583e-03 4.513940e-03
1.545405e+01 3.588975e-03 2.790848e-03 3.347361e-03 4.628717e-03
1.550605e+01 3.662415e-03 2.821542e-03 3.426497e-03 4.739205e-03
1.555805e+01 3.739761e-03 2.881370e-03 3.524756e-03 4.813158e-03
1.561005e+01 3.805832e-03 2.970860e-03 3.623010e-03 4.823625e-03
1.566205e+01 3.847772e-03 3.085178e-03 3.701892e-03 4.756245e-03
1.571405e+01 3.857768e-03 3.214263e-03 3.746845e-03 4.612196e-03
1.576605e+01 3.833759e-03 3.344016e-03 3.751092e-03 4.406169e-03
1.581805e+01 3.778359e-03 3.458463e-03 3.715972e-03 4.160641e-03
1.587005e+01 3.696882e-03 3.542589e-03 3.649076e-03 3.898981e-03
1.592205e+01 3.595472e-03 3.585291e-03 3.561198e-03 3.639928e-03
1.597405e+01 3.480046e-03 3.581755e-03 3.463294e-03 3.395089e-03
1.602605e+01 3.356191e-03 3.534574e-03 3.364338e-03 3.169661e-03
1.607805e+01 3.229666e-03 3.453209e-03 3.270431e-03 2.965358e-03
1.613005e+01 3.106913e-03 3.351843e-03 3.184950e-03 2.783945e-03
1.618205e+01 2.995119e-03 3.246199e-03 3.109324e-03 2.629833e-03
1.623405e+01 2.901630e-03 3.150184e-03 3.043927e-03 2.510779e-03
1.628605e+01 2.832880e-03 3.073275e-03 2.988825e-03 2.436539e-03
1.633805e+01 2.793164e-03 3.019261e-03 2.944203e-03 2.416029e-03
1.639005e+01 2.783630e-03 2.986508e-03 2.910390e-03 2.453991e-03
1.644205e+01 2.801725e-03 2.969475e-03 2.887473e-03 2.548227e-03
1.649405e+01 2.841242e-03 2.960886e-03 2.874571e-03 2.688268e-03
1.654605e+01 2.892950e-03 2.953834e-03 2.869126e-03 2.855890e-03
1.659805e+01 2.945803e-03 2.943241e-03 2.866678e-03 3.027490e-03
1.665005e+01 2.988592e-03 2.926389e-03 2.861518e-03 3.177869e-03
1.670205e+01 3.011842e-03 2.902615e-03 2.848240e-03 3.284670e-03
1.675405e+01 3.009553e-03 2.872552e-03 2.823621e-03 3.332485e-03
1.680605e+01 2.980296e-03 2.837311e-03 2.787909e-03 3.315668e-03
1.685805e+01 2.927235e-03 2.797871e-03 2.744696e-03 3.239137e-03
1.691005e+01 2.856947e-03 2.754665e-03 2.699196e-03 3.116979e-03
1.696205e+01 2.777397e-03 2.707343e-03 2.655632e-03 2.969216e-03
1.701405e+01 2.695777e-03 2.654696e-03 2.615038e-03 2.817596e-03
1.706605e+01 2.617017e-03 2.594931e-03 2.574695e-03 2.681424e-03
1.711805e+01 2.543462e-03 2.526412e-03 2.529623e-03 2.574350e-03
1.717005e+01 2.475626e-03 2.448753e-03 2.475458e-03 2.502667e-03
1.722205e+01 2.413457e-03 2.363809e-03 2.411290e-03 2.465272e-03
1.727405e+01 2.357358e-03 2.275995e-03 2.341029e-03 2.455051e-03
1.732605e+01 2.308481e-03 2.191565e-03 2.272661e-03 2.461215e-03
1.737805e+01 2.268254e-03 2.117021e-03 2.215797e-03 2.471944e-03
1.743005e+01 2.237550e-03 2.057255e-03 2.178703e-03 2.476693e-03
1.748205e+01 2.215989e-03 2.014189e-03 2.166101e-03 2.467678e-03
1.753405e+01 2.201743e-03 1.986434e-03 2.178462e-03 2.440333e-03
1.758605e+01 2.191888e-03 1.970002e-03 2.212724e-03 2.392938e-03
1.763805e+01 2.183117e-03 1.959702e-03 2.263771e-03 2.325879e-03
1.769005e+01 2.172510e-03 1.950644e-03 2.325858e-03 2.241028e-03
1.774205e+01 2.158119e-03 1.939385e-03 2.393469e-03 2.141502e-03
1.779405e+01 2.139236e-03 1.924445e-03 2.461582e-03 2.031680e-03
1.784605e+01 2.116342e-03 1.906223e-03 2.525641e-03 1.917161e-03
1.789805e+01 2.090842e-03 1.886505e-03 2.581631e-03 1.804389e-03
1.795005e+01 2.064741e-03 1.867862e-03 2.626425e-03 1.699938e-03
1.800205e+01 2.040377e-03 1.853160e-03 2.658290e-03 1.609679e-03
1.805405e+01 2.020217e-03 1.845276e-03 2.677226e-03 1.538150e-03
1.810605e+01 2.006672e-03 1.846952e-03 2.684834e-03 1.488230e-03
1.815805e+01 2.001795e-03 1.860635e-03 2.683674e-03 1.461075e-03
1.821005e+01 2.006873e-03 1.888141e-03 2.676354e-03 1.456124e-03
1.826205e+01 2.022009e-03 1.930166e-03 2.664796e-03 1.471066e-03
1.831405e+01 2.045917e-03 1.985826e-03 2.650079e-03 1.501847e-03
1.836605e+01 2.076125e-03 2.052508e-03 2.632972e-03 1.542894e-03
1.841805e+01 2.109668e-03 2.126324e-03 2.614961e-03 1.587717e-03
1.847005e+01 2.144121e-03 2.203214e-03 2.599273e-03 1.629877e-03
1.852205e+01 2.178659e-03 2.280497e-03 2.591399e-03 1.664079e-03
1.857405e+01 2.214726e-03 2.358400e-03 2.598727e-03 1.687051e-03
1.862605e+01 2.256035e-03 2.440984e-03 2.629234e-03 1.697886e-03
1.867805e+01 2.307755e-03 2.536017e-03 2.689496e-03 1.697751e-03
1.873005e+01 2.375080e-03 2.653604e-03 2.782528e-03 1.689109e-03
1.878205e+01 2.461530e-03 2.803810e-03 2.906021e-03 1.674758e-03
1.883405e+01 2.567451e-03 2.993831e-03 3.051464e-03 1.657060e-03
1.888605e+01 2.689150e-03 3.225453e-03 3.204425e-03 1.637572e-03
1.893805e+01 2.818895e-03 3.493518e-03 3.346060e-03 1.617106e-03
1.899005e+01 2.945844e-03 3.785801e-03 3.455691e-03 1.596041e-03
1.904205e+01 3.057705e-03 4.084328e-03 3.514148e-03 1.574640e-03
1.909405e+01 3.142767e-03 4.367795e-03 3.507327e-03 1.553178e-03
1.914605e+01 3.191878e-03 4.614535e-03 3.429255e-03 1.531844e-03
1.919805e+01 3.199966e-03 4.805495e-03 3.283854e-03 1.510548e-03
1.925005e+01 3.166793e-03 4.926791e-03 3.084786e-03 1.488802e-03
1.930205e+01 3.096831e-03 4.971520e-03 2.853178e-03 1.465797e-03
1.935405e+01 2.998288e-03 4.940584e-03 2.613668e-03 1.440613e-03
1.940605e+01 2.881474e-03 4.842297e-03 2.389716e-03 1.412410e-03
1.945805e+01 2.756851e-03 4.690683e-03 2.199398e-03 1.380471e-03
1.951005e+01 2.633172e-03 4.502654e-03 2.052715e-03 1.344147e-03
1.956205e+01 2.516171e-03 4.294647e-03 1.951017e-03 1.302850e-03
1.961405e+01 2.408116e-03 4.079595e-03 1.888483e-03 1.256271e-03
1.966605e+01 2.308354e-03 3.865177e-03 1.855087e-03 1.204799e-03
1.971805e+01 2.214649e-03 3.653886e-03 1.840141e-03 1.149919e-03
1.977005e+01 2.124849e-03 3.444825e-03 1.835450e-03 1.094272e-03
1.982205e+01 2.038345e-03 3.236476e-03 1.837323e-03 1.041236e-03
1.987405e+01 1.956859e-03 3.029362e-03 1.847086e-03 9.941279e-04
1.992605e+01 1.884381e-03 2.827616e-03 1.870134e-03 9.553934e-04
1.997805e+01 1.826338e-03 2.638976e-03 1.913900e-03 9.261358e-04
2.003005e+01 1.788245e-03 2.473308e-03 1.985255e-03 9.061723e-04
2.008205e+01 1.774191e-03 2.340179e-03 2.087874e-03 8.945211e-04
2.013405e+01 1.785472e-03 2.246252e-03 2.220115e-03 8.900484e-04
2.018605e+01 1.819711e-03 2.193198e-03 2.373944e-03 8.919903e-04
2.023805e+01 1.870746e-03 2.176704e-03 2.535352e-03 9.001836e-04
2.029005e+01 1.929428e-03 2.186856e-03 2.686444e-03 9.149850e-04
2.034205e+01 1.985218e-03 2.209855e-03 2.808847e-03 9.369520e-04
2.039405e+01 2.028169e-03 2.230628e-03 2.887490e-03 9.663899e-04
2.044605e+01 2.050696e-03 2.235646e-03 2.913560e-03 1.002881e-03
2.049805e+01 2.048593e-03 2.215208e-03 2.885636e-03 1.044933e-03
2.055005e+01 2.021103e-03 2.164673e-03 2.808741e-03 1.089893e-03
2.060205e+01 1.970222e-03 2.084504e-03 2.691924e-03 1.134239e-03
2.065405e+01 1.899692e-03 1.979352e-03 2.545490e-03 1.174235e-03
2.070605e+01 1.814129e-03 1.856647e-03 2.378970e-03 1.206770e-03
2.075805e+01 1.718507e-03 1.725114e-03 2.200350e-03 1.230058e-03
2.081005e+01 1.617930e-03 1.593520e-03 2.016357e-03 1.243913e-03
2.086205e+01 1.517438e-03 1.469727e-03 1.833165e-03 1.249421e-03
2.091405e+01 1.421657e-03 1.360018e-03 1.656799e-03 1.248155e-03
2.096605e+01 1.334263e-03 1.268621e-03 1.492919e-03 1.241248e-03
2.101805e+01 1.257431e-03 1.197453e-03 1.346077e-03 1.228762e-03
2.107005e+01 1.191552e-03 1.146112e-03 1.218901e-03 1.209642e-03
2.112205e+01 1.135396e-03 1.112209e-03 1.111680e-03 1.182300e-03
2.117405e+01 1.086733e-03 1.092013e-03 1.022608e-03 1.145578e-03
2.122605e+01 1.043208e-03 1.081325e-03 9.486291e-04 1.099671e-03
2.127805e+01 1.003181e-03 1.076364e-03 8.865487e-04 1.046630e-03
2.133005e+01 9.662172e-04 1.074449e-03 8.339934e-04 9.902097e-04
2.138205e+01 9.331171e-04 1.074305e-03 7.898965e-04 9.351495e-04
2.143405e+01 9.054856e-04 1.075926e-03 7.544100e-04 8.861210e-04
2.148605e+01 8.850487e-04 1.080050e-03 7.283672e-04 8.467289e-04
2.153805e+01 8.729586e-04 1.087455e-03 7.125640e-04 8.188566e-04
2.159005e+01 8.693122e-04 1.098296e-03 7.071394e-04 8.025015e-04
2.164205e+01 8.730083e-04 1.111717e-03 7.112466e-04 7.960616e-04
2.169405e+01 8.819476e-04 1.125869e-03 7.230733e-04 7.969009e-04
2.174605e+01 8.934770e-04 1.138294e-03 7.401536e-04 8.019837e-04
2.179805e+01 9.049238e-04 1.146520e-03 7.598467e-04 8.084052e-04
2.185005e+01 9.140705e-04 1.148639e-03 7.798361e-04 8.137366e-04
2.190205e+01 9.194588e-04 1.143664e-03 7.985199e-04 8.161920e-04
2.195405e+01 9.204794e-04 1.131564e-03 8.151944e-04 8.146795e-04
2.200605e+01 9.172628e-04 1.113004e-03 8.299820e-04 8.088019e-04
2.205805e+01 9.104273e-04 1.088932e-03 8.435155e-04 7.988338e-04
2.211005e+01 9.007640e-04 1.060178e-03 8.564614e-04 7.856522e-04
2.216205e+01 8.889411e-04 1.027220e-03 8.690279e-04 7.705750e-04
2.221405e+01 8.753010e-04 9.901875e-04 8.806303e-04 7.550853e-04
2.226605e+01 8.598003e-04 9.490761e-04 8.898513e-04 7.404735e-04
2.231805e+01 8.420982e-04 9.040696e-04 8.947352e-04 7.274898e-04
2.237005e+01 8.217549e-04 8.558213e-04 8.933212e-04 7.161222e-04
2.242205e+01 7.984607e-04 8.055738e-04 8.842203e-04 7.055880e-04
2.247405e+01 7.722145e-04 7.550592e-04 8.670257e-04 6.945584e-04
2.252605e+01 7.433958e-04 7.062137e-04 8.424227e-04 6.815509e-04
2.257805e+01 7.127243e-04 6.608104e-04 8.119990e-04 6.653634e-04
2.263005e+01 6.811416e-04 6.201425e-04 7.778712e-04 6.454111e-04
2.268205e+01 6.496695e-04 5.848567e-04 7.422835e-04 6.218681e-04
2.273405e+01 6.192856e-04 5.549710e-04 7.072957e-04 5.955900e-04
2.278605e+01 5.908366e-04 5.300368e-04 6.746022e-04 5.678707e-04
2.283805e+01 5.649820e-04 5.093641e-04 6.454527e-04 5.401294e-04
2.289005e+01 5.421571e-04 4.922217e-04 6.206217e-04 5.136280e-04
2.294205e+01 5.225453e-04 4.779609e-04 6.003890e-04 4.892859e-04
2.299405e+01 5.060649e-04 4.660500e-04 5.845280e-04 4.676166e-04
2.304605e+01 4.923818e-04 4.560432e-04 5.723297e-04 4.487726e-04
2.309805e+01 4.809595e-04 4.475214e-04 5.626912e-04 4.326661e-04
2.315005e+01 4.711469e-04 4.400400e-04 5.542809e-04 4.191197e-04
2.320205e+01 4.622909e-04 4.331099e-04 5.457562e-04 4.080066e-04
2.325405e+01 4.538492e-04 4.262240e-04 5.359845e-04 3.993391e-04
2.330605e+01 4.454742e-04 4.189254e-04 5.242141e-04 3.932830e-04
2.335805e+01 4.370493e-04 4.108968e-04 5.101602e-04 3.900909e-04
2.341005e+01 4.286718e-04 4.020356e-04 4.940039e-04 3.899759e-04
2.346205e+01 4.205906e-04 3.924792e-04 4.763227e-04 3.929698e-04
2.351405e+01 4.131212e-04 3.825626e-04 4.579770e-04 3.988239e-04
2.356605e+01 4.065632e-04 3.727217e-04 4.399642e-04 4.070036e-04
2.361805e+01 4.011447e-04 3.633790e-04 4.232480e-04 4.168072e-04
2.367005e+01 3.970110e-04 3.548586e-04 4.085743e-04 4.276001e-04
2.372205e+01 3.942633e-04 3.473569e-04 3.963088e-04 4.391241e-04
2.377405e+01 3.930388e-04 3.409625e-04 3.863397e-04 4.518142e-04
2.382605e+01 3.936100e-04 3.356957e-04 3.780914e-04 4.670429e-04
2.387805e+01 3.964671e-04 3.315304e-04 3.706618e-04 4.872090e-04
2.393005e+01 4.023488e-04 3.283849e-04 3.630588e-04 5.156025e-04
2.398205e+01 4.121871e-04 3.260923e-04 3.544710e-04 5.559981e-04
2.403405e+01 4.269552e-04 3.243829e-04 3.444927e-04 6.119900e-04
2.408605e+01 4.474336e-04 3.229062e-04 3.332320e-04 6.861626e-04
2.413805e+01 4.739510e-04 3.212960e-04 3.212668e-04 7.792901e-04
2.419005e+01 5.061846e-04 3.192595e-04 3.094679e-04 8.898265e-04
2.424205e+01 5.431093e-04 3.166561e-04 2.987501e-04 1.013922e-03
2.429405e+01 5.831406e-04 3.135364e-04 2.898384e-04 1.146047e-03
2.434605e+01 6.244370e-04 3.101254e-04 2.831224e-04 1.280063e-03
2.439805e+01 6.652352e-04 3.067543e-04 2.786292e-04 1.410322e-03
2.445005e+01 7.040590e-04 3.037587e-04 2.760966e-04 1.532322e-03
2.450205e+01 7.396926e-04 3.013746e-04 2.750906e-04 1.642613e-03
2.455405e+01 7.709467e-04 2.996656e-04 2.751110e-04 1.738064e-03
2.460605e+01 7.963854e-04 2.985077e-04 2.756537e-04 1.814995e-03
2.465805e+01 8.142383e-04 2.976378e-04 2.762350e-04 1.868842e-03
2.471005e+01 8.226444e-04 2.967468e-04 2.764076e-04 1.894779e-03
2.476205e+01 8.201825e-04 2.955750e-04 2.757926e-04 1.889180e-03
2.481405e+01 8.064624e-04 2.939728e-04 2.741291e-04 1.851285e-03
2.486605e+01 7.824891e-04 2.919038e-04 2.713149e-04 1.784248e-03
2.491805e+01 7.506067e-04 2.894017e-04 2.674095e-04 1.695009e-03
2.497005e+01 7.140392e-04 2.865110e-04 2.625863e-04 1.593020e-03
2.502205e+01 6.762225e-04 2.832465e-04 2.570558e-04 1.488365e-03
2.507405e+01 6.401879e-04 2.795918e-04 2.509970e-04 1.389975e-03
2.512605e+01 6.081782e-04 2.755371e-04 2.445344e-04 1.304463e-03
2.517805e+01 5.815307e-04 2.711334e-04 2.377674e-04 1.235691e-03
2.523005e+01 5.607405e-04 2.665348e-04 2.308294e-04 1.184857e-03
2.528205e+01 5.455907e-04 2.619972e-04 2.239384e-04 1.150837e-03
2.533405e+01 5.352826e-04 2.578281e-04 2.174058e-04 1.130614e-03
2.538605e+01 5.285724e-04 2.543003e-04 2.115949e-04 1.119822e-03
2.543805e+01 5.239574e-04 2.515683e-04 2.068509e-04 1.113453e-03
2.549005e+01 5.199280e-04 2.496292e-04 2.034318e-04 1.106723e-03
2.554205e+01 5.152496e-04 2.483493e-04 2.014705e-04 1.095929e-03
2.559405e+01 5.091924e-04 2.475481e-04 2.009753e-04 1.079054e-03
2.564605e+01 5.016293e-04 2.470990e-04 2.018561e-04 1.055933e-03
2.569805e+01 4.929683e-04 2.470006e-04 2.039528e-04 1.027951e-03
2.575005e+01 4.839485e-04 2.473841e-04 2.070484e-04 9.974131e-04
2.580205e+01 4.753739e-04 2.484527e-04 2.108611e-04 9.668078e-04
2.585405e+01 4.678700e-04 2.503791e-04 2.150306e-04 9.382003e-04
2.590605e+01 4.617278e-04 2.532007e-04 2.191172e-04 9.128656e-04
2.595805e+01 4.568593e-04 2.567572e-04 2.226358e-04 8.911850e-04
2.601005e+01 4.528550e-04 2.606990e-04 2.251307e-04 8.727353e-04
2.606205e+01 4.491094e-04 2.645721e-04 2.262808e-04 8.564754e-04
2.611405e+01 4.449740e-04 2.679590e-04 2.260093e-04 8.409537e-04
2.616605e+01 4.398987e-04 2.706314e-04 2.245605e-04 8.245042e-04
2.621805e+01 4.335407e-04 2.726664e-04 2.225127e-04 8.054431e-04
2.627005e+01 4.258271e-04 2.744838e-04 2.207110e-04 7.822866e-04
2.632205e+01 4.169665e-04 2.767884e-04 2.201264e-04 7.539846e-04
2.637405e+01 4.074066e-04 2.804251e-04 2.216694e-04 7.201251e-04
2.642605e+01 3.977408e-04 2.861793e-04 2.260032e-04 6.810400e-04
2.647805e+01 3.885790e-04 2.945715e-04 2.334007e-04 6.377646e-04
2.653005e+01 3.804172e-04 3.057050e-04 2.436855e-04 5.918610e-04
2.658205e+01 3.735507e-04 3.192122e-04 2.562723e-04 5.451676e-04
2.663405e+01 3.680588e-04 3.343232e-04 2.702952e-04 4.995580e-04
2.668605e+01 3.638601e-04 3.500338e-04 2.847851e-04 4.567614e-04
2.673805e+01 3.608070e-04 3.653232e-04 2.988467e-04 4.182511e-04
2.679005e+01 3.587740e-04 3.793540e-04 3.117946e-04 3.851736e-04
2.684205e+01 3.577142e-04 3.916082e-04 3.232369e-04 3.582975e-04
2.689405e+01 3.576815e-04 4.019446e-04 3.331180e-04 3.379819e-04
2.694605e+01 3.588354e-04 4.105849e-04 3.417402e-04 3.241812e-04
2.699805e+01 3.614344e-04 4.180495e-04 3.497640e-04 3.164896e-04
2.705005e+01 3.658085e-04 4.250555e-04 3.581653e-04 3.142048e-04
2.710205e+01 3.722931e-04 4.323893e-04 3.681139e-04 3.163763e-04
2.715405e+01 3.811206e-04 4.407734e-04 3.807632e-04 3.218251e-04
2.720605e+01 3.922999e-04 4.507581e-04 3.969798e-04 3.291620e-04
2.725805e+01 4.055365e-04 4.626657e-04 4.170857e-04 3.368582e-04
2.731005e+01 4.202375e-04 4.765989e-04 4.407043e-04 3.434093e-04
2.736205e+01 4.356133e-04 4.924891e-04 4.667792e-04 3.475716e-04
2.741405e+01 4.508413e-04 5.101443e-04 4.937849e-04 3.485948e-04
2.746605e+01 4.652252e-04 5.292534e-04 5.200773e-04 3.463449e-04
2.751805e+01 4.782896e-04 5.493401e-04 5.442733e-04 3.412555e-04
2.757005e+01 4.897801e-04 5.696930e-04 5.655252e-04 3.341221e-04
2.762205e+01 4.995807e-04 5.893257e-04 5.835876e-04 3.258287e-04
2.767405e+01 5.076001e-04 6.070149e-04 5.986576e-04 3.171277e-04
2.772605e+01 5.136885e-04 6.214348e-04 6.110757e-04 3.085551e-04
2.777805e+01 5.176381e-04 6.313713e-04 6.210449e-04 3.004979e-04
2.783005e+01 5.192842e-04 6.359653e-04 6.285266e-04 2.933607e-04
2.788205e+01 5.186817e-04 6.349280e-04 6.333789e-04 2.877382e-04
2.793405e+01 5.162862e-04 6.286716e-04 6.356746e-04 2.845125e-04
2.798605e+01 5.130587e-04 6.183223e-04 6.360322e-04 2.848217e-04
2.803805e+01 5.104287e-04 6.056070e-04 6.357771e-04 2.899021e-04
2.809005e+01 5.101039e-04 5.926369e-04 6.368299e-04 3.008450e-04
2.814205e+01 5.137691e-04 5.816272e-04 6.413439e-04 3.183363e-04
2.819405e+01 5.227546e-04 5.746026e-04 6.512111e-04 3.424500e-04
2.824605e+01 5.377533e-04 5.731263e-04 6.675903e-04 3.725433e-04
2.829805e+01 5.586438e-04 5.780866e-04 6.905816e-04 4.072631e-04
2.835005e+01 5.844442e-04 5.895696e-04 7.191124e-04 4.446505e-04
2.840205e+01 6.134063e-04 6.068495e-04 7.510543e-04 4.823151e-04
2.845405e+01 6.432463e-04 6.285197e-04 7.835482e-04 5.176709e-04
2.850605e+01 6.714928e-04 6.527608e-04 8.134815e-04 5.482361e-04
2.855805e+01 6.959048e-04 6.776997e-04 8.380264e-04 5.719883e-04
2.861005e+01 7.148819e-04 7.017829e-04 8.551338e-04 5.877290e-04
2.866205e+01 7.277752e-04 7.240712e-04 8.638895e-04 5.953649e-04
2.871405e+01 7.350256e-04 7.443928e-04 8.646823e-04 5.960017e-04
2.876605e+01 7.381007e-04 7.633300e-04 8.591794e-04 5.917929e-04
2.881805e+01 7.392528e-04 7.820629e-04 8.501295e-04 5.855660e-04
2.887005e+01 7.411579e-04 8.021205e-04 8.410187e-04 5.803345e-04
2.892205e+01 7.465052e-04 8.250961e-04 8.355908e-04 5.788287e-04
2.897405e+01 7.575932e-04 8.523738e-04 8.372531e-04 5.831527e-04
2.902605e+01 7.759709e-04 8.848890e-04 8.484213e-04 5.946023e-04
2.907805e+01 8.021559e-04 9.229268e-04 8.699172e-04 6.136236e-04
2.913005e+01 8.354743e-04 9.659638e-04 9.005968e-04 6.398621e-04
2.918205e+01 8.740798e-04 1.012576e-03 9.373934e-04 6.722703e-04
2.923405e+01 9.152025e-04 1.060465e-03 9.758851e-04 7.092572e-04
2.928605e+01 9.556240e-04 1.106670e-03 1.011321e-03 7.488811e-04
2.933805e+01 9.923008e-04 1.147985e-03 1.039840e-03 7.890771e-04
2.939005e+01 1.022980e-03 1.181542e-03 1.059487e-03 8.279116e-04
2.944205e+01 1.046634e-03 1.205417e-03 1.070642e-03 8.638435e-04
2.949405e+01 1.063575e-03 1.219059e-03 1.075697e-03 8.959680e-04
2.954605e+01 1.075225e-03 1.223377e-03 1.078101e-03 9.241974e-04
2.959805e+01 1.083623e-03 1.220417e-03 1.081137e-03 9.493156e-04
2.965005e+01 1.090832e-03 1.212738e-03 1.086902e-03 9.728557e-04
2.970205e+01 1.098444e-03 1.202702e-03 1.095833e-03 9.967971e-04
2.975405e+01 1.107335e-03 1.191948e-03 1.106901e-03 1.023156e-03
2.980605e+01 1.117698e-03 1.181208e-03 1.118295e-03 1.053591e-03
2.985805e+01 1.129305e-03 1.170498e-03 1.128286e-03 1.089131e-03
2.991005e+01 1.141837e-03 1.159542e-03 1.135903e-03 1.130065e-03
2.996205e+01 1.155130e-03 1.148232e-03 1.141205e-03 1.175953e-03
3.001405e+01 1.169236e-03 1.136925e-03 1.145120e-03 1.225662e-03
3.006605e+01 1.184294e-03 1.126483e-03 1.148985e-03 1.277416e-03
3.011805e+01 1.200319e-03 1.118046e-03 1.154042e-03 1.328869e-03
3.017005e+01 1.217024e-03 1.112640e-03 1.161113e-03 1.377320e-03
3.022205e+01 1.233803e-03 1.110771e-03 1.170539e-03 1.420100e-03
3.027405e+01 1.249862e-03 1.112141e-03 1.182344e-03 1.455102e-03
3.032605e+01 1.264439e-03 1.115600e-03 1.196443e-03 1.481274e-03
3.037805e+01 1.276974e-03 1.119343e-03 1.212716e-03 1.498862e-03
3.043005e+01 1.287142e-03 1.121283e-03 1.230875e-03 1.509268e-03
3.048205e+01 1.294745e-03 1.119488e-03 1.250196e-03 1.514552e-03
3.053405e+01 1.299543e-03 1.112529e-03 1.269326e-03 1.516773e-03
3.058605e+01 1.301153e-03 1.099695e-03 1.286327e-03 1.517436e-03
3.063805e+01 1.299109e-03 1.081028e-03 1.299045e-03 1.517253e-03
3.069005e+01 1.293049e-03 1.057231e-03 1.305670e-03 1.516246e-03
3.074205e+01 1.282938e-03 1.029492e-03 1.305262e-03 1.514061e-03
3.079405e+01 1.269176e-03 9.992735e-04 1.297978e-03 1.510276e-03
3.084605e+01 1.252516e-03 9.680935e-04 1.284900e-03 1.504556e-03
3.089805e+01 1.233830e-03 9.373365e-04 1.267505e-03 1.496648e-03
3.095005e+01 1.213834e-03 9.081355e-04 1.247053e-03 1.486315e-03
3.100205e+01 1.192955e-03 8.813400e-04 1.224171e-03 1.473355e-03
3.105405e+01 1.171390e-03 8.575638e-04 1.198864e-03 1.457743e-03
3.110605e+01 1.149335e-03 8.372792e-04 1.170913e-03 1.439814e-03
3.115805e+01 1.127241e-03 8.209110e-04 1.140467e-03 1.420343e-03
3.121005e+01 1.105925e-03 8.088969e-04 1.108481e-03 1.400398e-03
3.126205e+01 1.086488e-03 8.016939e-04 1.076777e-03 1.380992e-03
3.131405e+01 1.070033e-03 7.997221e-04 1.047673e-03 1.362702e-03
3.136605e+01 1.057345e-03 8.032408e-04 1.023349e-03 1.345446e-03
3.141805e+01 1.048647e-03 8.121702e-04 1.005221e-03 1.328551e-03
3.147005e+01 1.043522e-03 8.259010e-04 9.935755e-04 1.311089e-03
3.152205e+01 1.041008e-03 8.431713e-04 9.875593e-04 1.292293e-03
3.157405e+01 1.039808e-03 8.620908e-04 9.854884e-04 1.271845e-03
3.162605e+01 1.038517e-03 8.803538e-04 9.853054e-04 1.249892e-03
3.167805e+01 1.035811e-03 8.956120e-04 9.850232e-04 1.226798e-03
3.173005e+01 1.030582e-03 9.059080e-04 9.830387e-04 1.202801e-03
3.178205e+01 1.022031e-03 9.100456e-04 9.782829e-04 1.177764e-03
3.183405e+01 1.009742e-03 9.077963e-04 9.702335e-04 1.151195e-03
3.188605e+01 9.937473e-04 8.998995e-04 9.588414e-04 1.122501e-03
3.193805e+01 9.745535e-04 8.878742e-04 9.444190e-04 1.091367e-03
3.199005e+01 9.530875e-04 8.736978e-04 9.275317e-04 1.058033e-03
3.204205e+01 9.305519e-04 8.594182e-04 9.089201e-04 1.023317e-03
3.209405e+01 9.082019e-04 8.467683e-04 8.894717e-04 9.883656e-04
3.214605e+01 8.871076e-04 8.368547e-04 8.702304e-04 9.542378e-04
3.219805e+01 8.679851e-04 8.299998e-04 8.524083e-04 9.215471e-04
3.225005e+01 8.511589e-04 8.257988e-04 8.373503e-04 8.903277e-04
3.230205e+01 8.366727e-04 8.234026e-04 8.264189e-04 8.601967e-04
3.235405e+01 8.244968e-04 8.219515e-04 8.208096e-04 8.307291e-04
3.240605e+01 8.147420e-04 8.210065e-04 8.213489e-04 8.018705e-04
3.245805e+01 8.077825e-04 8.208033e-04 8.283395e-04 7.742046e-04
3.251005e+01 8.042259e-04 8.222100e-04 8.414993e-04 7.489684e-04
3.256205e+01 8.047346e-04 8.263914e-04 8.599953e-04 7.278172e-04
3.261405e+01 8.097630e-04 8.343091e-04 8.825472e-04 7.124325e-04
3.266605e+01 8.193154e-04 8.462679e-04 9.075676e-04 7.041108e-04
3.271805e+01 8.328282e-04 8.616993e-04 9.333235e-04 7.034617e-04
3.277005e+01 8.492352e-04 8.792853e-04 9.581243e-04 7.102961e-04
3.282205e+01 8.672132e-04 8.973805e-04 9.805353e-04 7.237238e-04
3.287405e+01 8.855252e-04 9.145738e-04 9.995901e-04 7.424119e-04
3.292605e+01 9.033389e-04 9.301725e-04 1.014935e-03 7.649091e-04
3.297805e+01 9.203873e-04 9.444190e-04 1.026822e-03 7.899207e-04
3.303005e+01 9.368966e-04 9.583523e-04 1.035891e-03 8.164470e-04
3.308205e+01 9.532964e-04 9.733612e-04 1.042772e-03 8.437560e-04
3.313405e+01 9.698269e-04 9.905911e-04 1.047652e-03 8.712374e-04
3.318605e+01 9.862196e-04 1.010425e-03 1.050007e-03 8.982265e-04
3.323805e+01 1.001605e-03 1.032235e-03 1.048693e-03 9.238856e-04
3.329005e+01 1.014694e-03 1.054480e-03 1.042421e-03 9.471820e-04
3.334205e+01 1.024164e-03 1.075113e-03 1.030431e-03 9.669497e-04
3.339405e+01 1.029042e-03 1.092090e-03 1.013042e-03 9.819939e-04
3.344605e+01 1.028930e-03 1.103806e-03 9.917752e-04 9.912080e-04
3.349805e+01 1.023973e-03 1.109284e-03 9.689317e-04 9.937019e-04
3.355005e+01 1.014631e-03 1.108130e-03 9.468114e-04 9.889517e-04
3.360205e+01 1.001419e-03 1.100364e-03 9.269316e-04 9.769629e-04
3.365405e+01 9.847643e-04 1.086271e-03 9.096172e-04 9.584051e-04
3.370605e+01 9.650562e-04 1.066377e-03 8.941370e-04 9.346546e-04
3.375805e+01 9.428349e-04 1.041527e-03 8.792860e-04 9.076917e-04
3.381005e+01 9.189704e-04 1.012959e-03 8.641048e-04 8.798469e-04
3.386205e+01 8.947057e-04 9.822846e-04 8.483895e-04 8.534429e-04
3.391405e+01 8.715095e-04 9.513213e-04 8.327842e-04 8.304229e-04
3.396605e+01 8.507885e-04 9.218444e-04 8.184625e-04 8.120587e-04
3.401805e+01 8.335783e-04 8.953375e-04 8.065890e-04 7.988083e-04
3.407005e+01 8.203300e-04 8.728210e-04 7.978230e-04 7.903459e-04
3.412205e+01 8.108619e-04 8.547776e-04 7.920671e-04 7.857410e-04
3.417405e+01 8.044717e-04 8.411556e-04 7.885300e-04 7.837295e-04
3.422605e+01 8.001545e-04 8.314255e-04 7.860343e-04 7.830036e-04
3.427805e+01 7.968505e-04 8.246882e-04 7.834125e-04 7.824508e-04
3.433005e+01 7.936561e-04 8.198447e-04 7.798323e-04 7.812914e-04
3.438205e+01 7.899593e-04 8.158175e-04 7.749544e-04 7.791061e-04
3.443405e+01 7.854879e-04 8.117775e-04 7.689064e-04 7.757796e-04
3.448605e+01 7.802833e-04 8.073025e-04 7.621338e-04 7.714138e-04
3.453805e+01 7.746225e-04 8.024059e-04 7.552128e-04 7.662488e-04
3.459005e+01 7.689098e-04 7.974262e-04 7.486992e-04 7.606041e-04
3.464205e+01 7.635628e-04 7.928235e-04 7.430471e-04 7.548179e-04
3.469405e+01 7.589078e-04 7.889716e-04 7.385924e-04 7.491595e-04
3.474605e+01 7.551014e-04 7.860211e-04 7.355687e-04 7.437143e-04
3.479805e+01 7.520893e-04 7.838672e-04 7.341218e-04 7.382790e-04
3.485005e+01 7.496091e-04 7.822037e-04 7.343028e-04 7.323207e-04
3.490205e+01 7.472314e-04 7.806091e-04 7.360373e-04 7.250478e-04
3.495405e+01 7.444304e-04 7.786080e-04 7.390848e-04 7.155983e-04
3.500605e+01 7.406623e-04 7.756792e-04 7.430060e-04 7.033017e-04
3.505805e+01 7.354358e-04 7.712220e-04 7.471566e-04 6.879288e-04
3.511005e+01 7.283615e-04 7.645300e-04 7.507213e-04 6.698333e-04
3.516205e+01 7.191788e-04 7.548318e-04 7.527878e-04 6.499168e-04
3.521405e+01 7.077685e-04 7.414362e-04 7.524512e-04 6.294181e-04
3.526605e+01 6.941595e-04 7.239596e-04 7.489238e-04 6.095952e-04
3.531805e+01 6.785360e-04 7.025597e-04 7.416249e-04 5.914235e-04
3.537005e+01 6.612391e-04 6.780654e-04 7.302315e-04 5.754202e-04
3.542205e+01 6.427538e-04 6.519209e-04 7.146909e-04 5.616497e-04
3.547405e+01 6.236715e-04 6.259291e-04 6.952079e-04 5.498775e-04
3.552605e+01 6.046209e-04 6.018650e-04 6.722221e-04 5.397757e-04
3.557805e+01 5.861763e-04 5.810825e-04 6.463769e-04 5.310696e-04
3.563005e+01 5.687588e-04 5.642433e-04 6.184697e-04 5.235634e-04
3.568205e+01 5.525595e-04 5.512452e-04 5.893763e-04 5.170570e-04
3.573405e+01 5.375156e-04 5.413579e-04 5.599581e-04 5.112309e-04
3.578605e+01 5.233598e-04 5.335019e-04 5.309829e-04 5.055947e-04
3.583805e+01 5.097370e-04 5.265674e-04 5.030906e-04 4.995530e-04
3.589005e+01 4.963538e-04 5.196736e-04 4.768154e-04 4.925726e-04
3.594205e+01 4.831067e-04 5.123080e-04 4.526387e-04 4.843733e-04
3.599405e+01 4.701401e-04 5.043414e-04 4.310315e-04 4.750474e-04
3.604605e+01 4.578183e-04 4.959609e-04 4.124447e-04 4.650493e-04
3.609805e+01 4.466279e-04 4.875744e-04 3.972469e-04 4.550624e-04
3.615005e+01 4.370585e-04 4.797259e-04 3.856414e-04 4.458081e-04
3.620205e+01 4.295070e-04 4.730268e-04 3.776134e-04 4.378810e-04
3.625405e+01 4.242356e-04 4.680897e-04 3.729463e-04 4.316708e-04
3.630605e+01 4.213787e-04 4.654541e-04 3.713040e-04 4.273780e-04
3.635805e+01 4.209775e-04 4.655045e-04 3.723413e-04 4.250868e-04
3.641005e+01 4.230101e-04 4.684013e-04 3.757891e-04 4.248398e-04
3.646205e+01 4.274013e-04 4.740450e-04 3.814785e-04 4.266805e-04
3.651405e+01 4.340178e-04 4.820892e-04 3.893045e-04 4.306597e-04
3.656605e+01 4.426636e-04 4.920016e-04 3.991613e-04 4.368279e-04
3.661805e+01 4.530930e-04 5.031563e-04 4.108906e-04 4.452322e-04
3.667005e+01 4.650388e-04 5.149349e-04 4.242674e-04 4.559141e-04
3.672205e+01 4.782399e-04 5.268072e-04 4.390257e-04 4.688867e-04
3.677405e+01 4.924524e-04 5.383758e-04 4.549041e-04 4.840773e-04
3.682605e+01 5.074435e-04 5.493840e-04 4.716894e-04 5.012571e-04
3.687805e+01 5.229839e-04 5.597018e-04 4.892398e-04 5.200100e-04
3.693005e+01 5.388608e-04 5.693086e-04 5.074734e-04 5.398003e-04
3.698205e+01 5.549166e-04 5.782794e-04 5.263159e-04 5.601545e-04
3.703405e+01 5.710928e-04 5.867637e-04 5.456134e-04 5.809012e-04
3.708605e+01 5.874452e-04 5.949373e-04 5.650336e-04 6.023645e-04
3.713805e+01 6.041050e-04 6.029208e-04 5.839978e-04 6.253966e-04
3.719005e+01 6.211903e-04 6.106822e-04 6.016878e-04 6.512009e-04
3.724205e+01 6.387004e-04 6.179665e-04 6.171518e-04 6.809830e-04
3.729405e+01 6.564392e-04 6.242909e-04 6.294861e-04 7.155406e-04
3.734605e+01 6.739971e-04 6.290238e-04 6.380364e-04 7.549311e-04
3.739805e+01 6.907999e-04 6.315289e-04 6.425484e-04 7.983225e-04
3.745005e+01 7.062067e-04 6.313295e-04 6.432227e-04 8.440680e-04
3.750205e+01 7.196301e-04 6.282434e-04 6.406730e-04 8.899738e-04
3.755405e+01 7.306503e-04 6.224530e-04 6.358167e-04 9.336811e-04
3.760605e+01 7.391037e-04 6.144997e-04 6.297447e-04 9.730668e-04
3.765805e+01 7.451332e-04 6.052151e-04 6.236007e-04 1.006584e-03
3.771005e+01 7.491949e-04 5.956120e-04 6.184843e-04 1.033488e-03
3.776205e+01 7.520199e-04 5.867613e-04 6.153765e-04 1.053922e-03
3.781405e+01 7.545271e-04 5.796768e-04 6.150800e-04 1.068825e-03
3.786605e+01 7.576848e-04 5.752186e-04 6.181659e-04 1.079670e-03
3.791805e+01 7.623282e-04 5.740187e-04 6.249246e-04 1.088041e-03
3.797005e+01 7.689575e-04 5.764207e-04 6.353146e-04 1.095137e-03
3.802205e+01 7.775658e-04 5.824276e-04 6.489182e-04 1.101352e-03
3.807405e+01 7.875573e-04 5.916597e-04 6.649141e-04 1.106098e-03
3.812605e+01 7.977999e-04 6.033443e-04 6.820927e-04 1.107963e-03
3.817805e+01 8.068236e-04 6.163742e-04 6.989406e-04 1.105156e-03
3.823005e+01 8.131247e-04 6.294588e-04 7.138116e-04 1.096104e-03
3.828205e+01 8.154999e-04 6.413612e-04 7.251767e-04 1.079962e-03
3.833405e+01 8.133195e-04 6.511597e-04 7.319041e-04 1.056895e-03
3.838605e+01 8.066626e-04 6.584402e-04 7.334896e-04 1.028058e-03
3.843805e+01 7.962735e-04 6.633339e-04 7.301512e-04 9.953355e-04
3.849005e+01 7.833508e-04 6.663704e-04 7.227387e-04 9.609434e-04
3.854205e+01 7.692275e-04 6.681964e-04 7.124749e-04 9.270111e-04
3.859405e+01 7.550387e-04 6.692693e-04 7.006202e-04 8.952266e-04
3.864605e+01 7.414774e-04 6.696476e-04 6.881852e-04 8.665993e-04
3.869805e+01 7.287074e-04 6.689578e-04 6.757978e-04 8.413667e-04
3.875005e+01 7.164466e-04 6.665361e-04 6.637570e-04 8.190467e-04
3.880205e+01 7.041720e-04 6.616792e-04 6.522214e-04 7.986155e-04
3.885405e+01 6.913594e-04 6.538974e-04 6.414148e-04 7.787661e-04
3.890605e+01 6.776712e-04 6.430797e-04 6.317368e-04 7.581971e-04
3.895805e+01 6.630406e-04 6.295255e-04 6.237146e-04 7.358817e-04
3.901005e+01 6.476538e-04 6.138540e-04 6.178255e-04 7.112819e-04
3.906205e+01 6.318717e-04 5.968499e-04 6.142848e-04 6.844805e-04
3.911405e+01 6.161455e-04 5.793141e-04 6.129128e-04 6.562094e-04
3.916605e+01 6.009588e-04 5.619700e-04 6.131506e-04 6.277559e-04
3.921805e+01 5.867963e-04 5.454310e-04 6.142149e-04 6.007430e-04
3.927005e+01 5.741053e-04 5.301992e-04 6.153092e-04 5.768074e-04
3.932205e+01 5.632273e-04 5.166514e-04 6.157939e-04 5.572366e-04
3.937405e+01 5.543031e-04 5.049984e-04 6.152544e-04 5.426564e-04
3.942605e+01 5.471972e-04 4.952456e-04 6.134817e-04 5.328642e-04
3.947805e+01 5.415006e-04 4.872107e-04 6.104240e-04 5.268672e-04
3.953005e+01 5.366431e-04 4.806308e-04 6.061704e-04 5.231281e-04
3.958205e+01 5.320873e-04 4.753340e-04 6.009778e-04 5.199502e-04
3.963405e+01 5.275294e-04 4.713956e-04 5.953036e-04 5.158890e-04
3.968605e+01 5.230168e-04 4.691883e-04 5.897901e-04 5.100719e-04
3.973805e+01 5.189318e-04 4.692805e-04 5.851786e-04 5.023363e-04
3.979005e+01 5.158489e-04 4.722151e-04 5.821701e-04 4.931615e-04
3.984205e+01 5.143216e-04 4.782540e-04 5.812796e-04 4.834313e-04
3.989405e+01 5.146727e-04 4.871861e-04 5.827196e-04 4.741124e-04
3.994605e+01 5.168471e-04 4.982602e-04 5.863285e-04 4.659526e-04
3.999805e+01 5.203635e-04 5.102570e-04 5.915475e-04 4.592860e-04
4.005005e+01 5.243750e-04 5.216744e-04 5.974591e-04 4.539914e-04
4.010205e+01 5.278281e-04 5.309795e-04 6.029071e-04 4.495976e-04
4.015405e+01 5.296880e-04 5.368720e-04 6.067111e-04 4.454809e-04
4.020605e+01 5.291737e-04 5.384998e-04 6.079398e-04 4.410815e-04
4.025805e+01 5.259344e-04 5.355796e-04 6.061604e-04 4.360632e-04
4.031005e+01 5.201114e-04 5.283971e-04 6.015609e-04 4.303761e-04
4.036205e+01 5.122666e-04 5.177010e-04 5.948801e-04 4.242186e-04
4.041405e+01 5.032103e-04 5.045390e-04 5.871608e-04 4.179310e-04
4.046605e+01 4.937958e-04 4.900877e-04 5.794271e-04 4.118726e-04
4.051805e+01 4.847558e-04 4.755167e-04 5.724240e-04 4.063267e-04
4.057005e+01 4.766247e-04 4.618924e-04 5.665219e-04 4.014600e-04
4.062205e+01 4.697504e-04 4.501105e-04 5.618038e-04 3.973370e-04
4.067405e+01 4.643565e-04 4.408415e-04 5.582584e-04 3.939695e-04
4.072605e+01 4.606055e-04 4.344873e-04 5.559564e-04 3.913728e-04
4.077805e+01 4.586256e-04 4.311599e-04 5.551114e-04 3.896054e-04
4.083005e+01 4.584914e-04 4.306967e-04 5.559977e-04 3.887797e-04
4.088205e+01 4.601813e-04 4.327190e-04 5.587829e-04 3.890421e-04
4.093405e+01 4.635463e-04 4.367279e-04 5.633750e-04 3.905359e-04
4.098605e+01 4.683174e-04 4.422191e-04 5.693704e-04 3.933628e-04
4.103805e+01 4.741614e-04 4.487915e-04 5.761359e-04 3.975567e-04
4.109005e+01 4.807658e-04 4.562239e-04 5.829948e-04 4.030789e-04
4.114205e+01 4.879242e-04 4.644991e-04 5.894452e-04 4.098284e-04
4.119405e+01 4.955844e-04 4.737617e-04 5.953347e-04 4.176567e-04
4.124605e+01 5.038361e-04 4.842097e-04 6.009311e-04 4.263675e-04
4.129805e+01 5.128333e-04 4.959396e-04 6.068623e-04 4.356980e-04
4.135005e+01 5.226677e-04 5.087874e-04 6.139310e-04 4.452845e-04
4.140205e+01 5.332357e-04 5.222228e-04 6.228449e-04 4.546394e-04
4.145405e+01 5.441509e-04 5.353545e-04 6.339332e-04 4.631649e-04
4.150605e+01 5.547456e-04 5.470723e-04 6.469413e-04 4.702232e-04
4.155805e+01 5.641799e-04 5.563023e-04 6.609847e-04 4.752529e-04
4.161005e+01 5.716344e-04 5.623008e-04 6.747020e-04 4.779005e-04
4.166205e+01 5.765297e-04 5.648847e-04 6.865819e-04 4.781226e-04
4.171405e+01 5.787002e-04 5.645117e-04 6.953678e-04 4.762211e-04
4.176605e+01 5.784612e-04 5.621761e-04 7.004075e-04 4.728000e-04
4.181805e+01 5.765448e-04 5.591514e-04 7.018269e-04 4.686562e-04
4.187005e+01 5.739232e-04 5.566667e-04 7.004665e-04 4.646364e-04
4.192205e+01 5.715742e-04 5.556177e-04 6.976061e-04 4.614988e-04
4.197405e+01 5.702609e-04 5.563927e-04 6.945791e-04 4.598110e-04
4.202605e+01 5.703889e-04 5.588495e-04 6.924112e-04 4.599061e-04
4.207805e+01 5.719760e-04 5.624267e-04 6.916001e-04 4.619012e-04
4.213005e+01 5.747317e-04 5.663435e-04 6.920883e-04 4.657633e-04
4.218205e+01 5.782080e-04 5.698228e-04 6.934105e-04 4.713908e-04
4.223405e+01 5.819653e-04 5.722861e-04 6.949401e-04 4.786696e-04
4.228605e+01 5.856979e-04 5.734788e-04 6.961415e-04 4.874733e-04
4.233805e+01 5.892879e-04 5.735091e-04 6.967529e-04 4.976017e-04
4.239005e+01 5.927871e-04 5.728041e-04 6.968672e-04 5.086899e-04
4.244205e+01 5.963510e-04 5.719975e-04 6.969117e-04 5.201439e-04
4.249405e+01 6.001619e-04 5.717829e-04 6.975486e-04 5.311541e-04
4.254605e+01 6.043639e-04 5.727651e-04 6.995189e-04 5.408076e-04
4.259805e+01 6.090189e-04 5.753458e-04 7.034447e-04 5.482662e-04
4.265005e+01 6.140756e-04 5.796647e-04 7.096185e-04 5.529436e-04
4.270205e+01 6.193485e-04 5.856075e-04 7.178260e-04 5.546120e-04
4.275405e+01 6.245160e-04 5.928753e-04 7.272747e-04 5.533979e-04
4.280605e+01 6.291557e-04 6.010966e-04 7.366895e-04 5.496811e-04
4.285805e+01 6.328309e-04 6.099524e-04 7.445946e-04 5.439455e-04
4.291005e+01 6.352125e-04 6.192764e-04 7.497200e-04 5.366412e-04
4.296205e+01 6.362000e-04 6.290900e-04 7.514093e-04 5.281006e-04
4.301405e+01 6.359841e-04 6.395504e-04 7.498800e-04 5.185219e-04
4.306605e+01 6.350177e-04 6.508193e-04 7.462261e-04 5.080077e-04
4.311805e+01 6.338910e-04 6.628994e-04 7.421407e-04 4.966329e-04
4.317005e+01 6.331542e-04 6.755111e-04 7.394364e-04 4.845152e-04
4.322205e+01 6.331533e-04 6.880750e-04 7.395201e-04 4.718649e-04
4.327405e+01 6.339408e-04 6.998228e-04 7.429965e-04 4.590031e-04
4.332605e+01 6.352922e-04 7.100019e-04 7.495309e-04 4.463439e-04
4.337805e+01 6.368140e-04 7.180916e-04 7.580028e-04 4.343475e-04
4.343005e+01 6.380901e-04 7.239395e-04 7.668759e-04 4.234550e-04
4.348205e+01 6.388046e-04 7.277607e-04 7.746321e-04 4.140211e-04
4.353405e+01 6.387922e-04 7.300054e-04 7.801101e-04 4.062611e-04
4.358605e+01 6.380110e-04 7.311537e-04 7.826460e-04 4.002331e-04
4.363805e+01 6.364667e-04 7.315255e-04 7.820084e-04 3.958662e-04
4.369005e+01 6.341408e-04 7.311816e-04 7.782088e-04 3.930320e-04
4.374205e+01 6.309629e-04 7.299488e-04 7.713068e-04 3.916330e-04
4.379405e+01 6.268421e-04 7.275516e-04 7.613088e-04 3.916658e-04
4.384605e+01 6.217383e-04 7.237944e-04 7.481965e-04 3.932240e-04
4.389805e+01 6.157328e-04 7.187179e-04 7.320528e-04 3.964278e-04
4.395005e+01 6.090609e-04 7.126687e-04 7.132113e-04 4.013027e-04
4.400205e+01 6.020879e-04 7.062545e-04 6.923514e-04 4.076577e-04
4.405405e+01 5.952361e-04 7.002066e-04 6.704894e-04 4.150121e-04
4.410605e+01 5.888952e-04 6.952098e-04 6.488650e-04 4.226110e-04
4.415805e+01 5.833540e-04 6.917712e-04 6.287558e-04 4.295351e-04
4.421005e+01 5.787789e-04 6.901737e-04 6.112809e-04 4.348821e-04
4.426205e+01 5.752439e-04 6.905083e-04 5.972512e-04 4.379722e-04
4.431405e+01 5.727866e-04 6.927338e-04 5.871103e-04 4.385156e-04
4.436605e+01 5.714556e-04 6.967007e-04 5.809773e-04 4.366886e-04
4.441805e+01 5.713229e-04 7.021101e-04 5.787673e-04 4.330914e-04
4.447005e+01 5.724570e-04 7.084329e-04 5.803359e-04 4.286022e-04
4.452205e+01 5.748785e-04 7.148664e-04 5.855891e-04 4.241800e-04
4.457405e+01 5.785288e-04 7.203970e-04 5.945111e-04 4.206782e-04
4.462605e+01 5.832696e-04 7.239907e-04 6.071010e-04 4.187170e-04
4.467805e+01 5.889063e-04 7.248553e-04 6.232421e-04 4.186215e-04
4.473005e+01 5.952119e-04 7.226709e-04 6.425536e-04 4.204112e-04
4.478205e+01 6.019301e-04 7.176886e-04 6.642792e-04 4.238226e-04
4.483405e+01 6.087564e-04 7.106545e-04 6.872525e-04 4.283622e-04
4.488605e+01 6.153196e-04 7.025930e-04 7.099617e-04 4.334042e-04
4.493805e+01 6.211923e-04 6.945369e-04 7.307059e-04 4.383342e-04
4.499005e+01 6.259434e-04 6.873033e-04 7.478149e-04 4.427121e-04
4.504205e+01 6.292175e-04 6.813762e-04 7.598835e-04 4.463928e-04
4.509405e+01 6.308072e-04 6.769114e-04 7.659679e-04 4.495421e-04
4.514605e+01 6.306851e-04 6.738309e-04 7.657014e-04 4.525230e-04
4.519805e+01 6.289847e-04 6.719548e-04 7.593127e-04 4.556865e-04
4.525005e+01 6.259454e-04 6.711187e-04 7.475600e-04 4.591576e-04
4.530205e+01 6.218525e-04 6.712354e-04 7.316065e-04 4.627155e-04
4.535405e+01 6.169934e-04 6.722870e-04 7.128642e-04 4.658289e-04
4.540605e+01 6.116355e-04 6.742523e-04 6.928173e-04 4.678369e-04
4.545805e+01 6.060125e-04 6.770032e-04 6.728356e-04 4.681987e-04
4.551005e+01 6.003049e-04 6.802140e-04 6.539956e-04 4.667051e-04
4.556205e+01 5.946128e-04 6.833321e-04 6.369435e-04 4.635629e-04
4.561405e+01 5.889330e-04 6.856354e-04 6.218420e-04 4.593217e-04
4.566605e+01 5.831595e-04 6.863712e-04 6.084265e-04 4.546808e-04
4.571805e+01 5.771177e-04 6.849360e-04 5.961560e-04 4.502611e-04
4.577005e+01 5.706249e-04 6.810296e-04 5.844101e-04 4.464350e-04
4.582205e+01 5.635536e-04 6.747229e-04 5.726666e-04 4.432713e-04
4.587405e+01 5.558699e-04 6.664061e-04 5.606054e-04 4.405982e-04
4.592605e+01 5.476327e-04 6.566353e-04 5.481233e-04 4.381395e-04
4.597805e+01 5.389604e-04 6.459417e-04 5.352823e-04 4.356573e-04
4.603005e+01 5.299881e-04 6.346835e-04 5.222312e-04 4.330497e-04
4.608205e+01 5.208429e-04 6.230017e-04 5.091444e-04 4.303827e-04
4.613405e+01 5.116482e-04 6.108835e-04 4.961958e-04 4.278651e-04
4.618605e+01 5.025485e-04 5.982869e-04 4.835656e-04 4.257930e-04
4.623805e+01 4.937329e-04 5.852536e-04 4.714594e-04 4.244855e-04
4.629005e+01 4.854341e-04 5.719620e-04 4.601181e-04 4.242221e-04
4.634205e+01 4.778998e-04 5.587138e-04 4.498035e-04 4.251822e-04
4.639405e+01 4.713440e-04 5.458866e-04 4.407581e-04 4.273874e-04
4.644605e+01 4.658992e-04 5.338927e-04 4.331492e-04 4.306557e-04
4.649805e+01 4.615868e-04 5.231593e-04 4.270131e-04 4.345880e-04
4.655005e+01 4.583165e-04 5.141175e-04 4.222241e-04 4.386080e-04
4.660205e+01 4.559147e-04 5.071764e-04 4.185081e-04 4.420597e-04
4.665405e+01 4.541725e-04 5.026647e-04 4.155104e-04 4.443424e-04
4.670605e+01 4.528956e-04 5.007452e-04 4.129039e-04 4.450377e-04
4.675805e+01 4.519376e-04 5.013291e-04 4.105031e-04 4.439806e-04
4.681005e+01 4.512012e-04 5.040197e-04 4.083346e-04 4.412494e-04
4.686205e+01 4.506119e-04 5.081173e-04 4.066288e-04 4.370896e-04
4.691405e+01 4.500806e-04 5.126992e-04 4.057285e-04 4.318141e-04
4.696605e+01 4.494827e-04 5.167713e-04 4.059499e-04 4.257268e-04
4.701805e+01 4.486689e-04 5.194612e-04 4.074526e-04 4.190930e-04
4.707005e+01 4.475061e-04 5.202011e-04 4.101692e-04 4.121479e-04
4.712205e+01 4.459230e-04 5.188394e-04 4.138155e-04 4.051141e-04
4.717405e+01 4.439358e-04 5.156426e-04 4.179602e-04 3.982047e-04
4.722605e+01 4.416356e-04 5.111835e-04 4.221164e-04 3.916069e-04
4.727805e+01 4.391449e-04 5.061598e-04 4.258136e-04 3.854614e-04
4.733005e+01 4.365675e-04 5.012111e-04 4.286383e-04 3.798532e-04
4.738205e+01 4.339578e-04 4.967974e-04 4.302554e-04 3.748205e-04
4.743405e+01 4.313264e-04 4.931690e-04 4.304374e-04 3.703728e-04
4.748605e+01 4.286774e-04 4.904150e-04 4.291137e-04 3.665034e-04
4.753805e+01 4.260539e-04 4.885425e-04 4.264264e-04 3.631927e-04
4.759005e+01 4.235648e-04 4.875353e-04 4.227527e-04 3.604064e-04
4.764205e+01 4.213725e-04 4.873612e-04 4.186549e-04 3.581013e-04
4.769405e+01 4.196413e-04 4.879334e-04 4.147474e-04 3.562430e-04
4.774605e+01 4.184672e-04 4.890596e-04 4.115152e-04 3.548269e-04
4.779805e+01 4.178203e-04 4.904204e-04 4.091547e-04 3.538857e-04
4.785005e+01 4.175253e-04 4.915985e-04 4.075047e-04 3.534726e-04
4.790205e+01 4.172899e-04 4.921489e-04 4.060973e-04 3.536237e-04
4.795405e+01 4.167665e-04 4.916780e-04 4.043057e-04 3.543157e-04
4.800605e+01 4.156220e-04 4.898965e-04 4.015256e-04 3.554438e-04
4.805805e+01 4.135969e-04 4.866328e-04 3.973272e-04 3.568308e-04
4.811005e+01 4.105437e-04 4.818218e-04 3.915458e-04 3.582635e-04
4.816205e+01 4.064494e-04 4.755016e-04 3.843098e-04 3.595369e-04
4.821405e+01 4.014509e-04 4.678383e-04 3.760265e-04 3.604879e-04
4.826605e+01 3.958417e-04 4.591729e-04 3.673429e-04 3.610093e-04
4.831805e+01 3.900631e-04 4.500542e-04 3.590829e-04 3.610524e-04
4.837005e+01 3.846690e-04 4.412143e-04 3.521583e-04 3.606344e-04
4.842205e+01 3.802585e-04 4.334666e-04 3.474533e-04 3.598556e-04
4.847405e+01 3.773863e-04 4.275455e-04 3.456956e-04 3.589178e-04
4.852605e+01 3.764684e-04 4.239427e-04 3.473369e-04 3.581255e-04
4.857805e+01 3.777105e-04 4.228090e-04 3.524677e-04 3.578549e-04
4.863005e+01 3.810824e-04 4.239620e-04 3.607885e-04 3.584965e-04
4.868205e+01 3.863482e-04 4.269978e-04 3.716495e-04 3.603973e-04
4.873405e+01 3.931463e-04 4.314553e-04 3.841556e-04 3.638281e-04
4.878605e+01 4.010878e-04 4.369599e-04 3.973157e-04 3.689878e-04
4.883805e+01 4.098362e-04 4.432866e-04 4.101950e-04 3.760268e-04
4.889005e+01 4.191362e-04 4.503265e-04 4.220249e-04 3.850570e-04
4.894205e+01 4.287861e-04 4.579941e-04 4.322425e-04 3.961217e-04
4.899405e+01 4.385779e-04 4.661452e-04 4.404625e-04 4.091262e-04
4.904605e+01 4.482489e-04 4.745643e-04 4.464223e-04 4.237599e-04
4.909805e+01 4.574820e-04 4.830396e-04 4.499512e-04 4.394551e-04
4.915005e+01 4.659650e-04 4.914781e-04 4.509976e-04 4.554193e-04
4.920205e+01 4.734805e-04 4.999863e-04 4.497049e-04 4.707503e-04
4.925405e+01 4.799817e-04 5.088502e-04 4.464850e-04 4.846098e-04
4.930605e+01 4.856160e-04 5.184107e-04 4.420301e-04 4.964072e-04
4.935805e+01 4.906861e-04 5.288908e-04 4.372259e-04 5.059416e-04
4.941005e+01 4.955669e-04 5.402615e-04 4.329816e-04 5.134575e-04
4.946205e+01 5.006123e-04 5.522089e-04 4.300309e-04 5.195970e-04
4.951405e+01 5.060767e-04 5.642019e-04 4.287756e-04 5.252527e-04
4.956605e+01 5.120624e-04 5.756101e-04 4.292220e-04 5.313552e-04
4.961805e+01 5.184901e-04 5.858067e-04 4.310212e-04 5.386425e-04
4.967005e+01 5.250950e-04 5.942227e-04 4.335935e-04 5.474687e-04
4.972205e+01 5.314528e-04 6.003657e-04 4.362921e-04 5.577004e-04
4.977405e+01 5.370479e-04 6.038418e-04 4.385668e-04 5.687351e-04
4.982605e+01 5.413817e-04 6.044121e-04 4.400899e-04 5.796431e-04
4.987805e+01 5.441002e-04 6.020779e-04 4.408219e-04 5.894009e-04
4.993005e+01 5.451025e-04 5.971574e-04 4.410037e-04 5.971463e-04
4.998205e+01 5.445849e-04 5.903007e-04 4.410793e-04 6.023746e-04
5.003405e+01 5.429945e-04 5.824096e-04 4.415673e-04 6.050067e-04
5.008605e+01 5.408976e-04 5.744652e-04 4.429155e-04 6.053119e-04
5.013805e+01 5.388053e-04 5.673130e-04 4.453781e-04 6.037249e-04
5.019005e+01 5.370245e-04 5.614793e-04 4.489493e-04 6.006450e-04
5.024205e+01 5.355930e-04 5.570969e-04 4.533729e-04 5.963092e-04
5.029405e+01 5.343259e-04 5.539697e-04 4.582207e-04 5.907871e-04
5.034605e+01 5.329491e-04 5.517509e-04 4.630090e-04 5.840874e-04
5.039805e+01 5.312561e-04 5.501489e-04 4.673107e-04 5.763086e-04
5.045005e+01 5.292159e-04 5.490639e-04 4.708283e-04 5.677554e-04
5.050205e+01 5.269924e-04 5.485960e-04 4.734166e-04 5.589647e-04
5.055405e+01 5.248791e-04 5.489370e-04 4.750728e-04 5.506276e-04
5.060605e+01 5.231931e-04 5.502185e-04 4.759210e-04 5.434397e-04
5.065805e+01 5.221801e-04 5.524033e-04 4.762052e-04 5.379320e-04
5.071005e+01 5.219628e-04 5.552699e-04 4.762825e-04 5.343359e-04
5.076205e+01 5.225337e-04 5.584832e-04 4.765946e-04 5.325234e-04
5.081405e+01 5.237786e-04 5.616994e-04 4.776029e-04 5.320335e-04
5.086605e+01 5.255114e-04 5.646547e-04 4.797038e-04 5.321757e-04
5.091805e+01 5.275160e-04 5.672098e-04 4.831602e-04 5.321778e-04
5.097005e+01 5.295926e-04 5.693535e-04 4.880860e-04 5.313382e-04
5.102205e+01 5.316048e-04 5.711817e-04 4.944847e-04 5.291480e-04
5.107405e+01 5.335113e-04 5.728645e-04 5.023082e-04 5.253612e-04
5.112605e+01 5.353627e-04 5.746016e-04 5.114784e-04 5.200081e-04
5.117805e+01 5.372574e-04 5.765738e-04 5.218366e-04 5.133619e-04
5.123005e+01 5.392707e-04 5.788994e-04 5.330387e-04 5.058741e-04
5.128205e+01 5.413934e-04 5.816167e-04 5.444630e-04 4.981006e-04
5.133405e+01 5.435160e-04 5.846992e-04 5.552121e-04 4.906368e-04
5.138605e+01 5.454709e-04 5.880947e-04 5.642503e-04 4.840677e-04
5.143805e+01 5.471118e-04 5.917618e-04 5.706449e-04 4.789287e-04
5.149005e+01 5.483869e-04 5.956781e-04 5.738189e-04 4.756637e-04
5.154205e+01 5.493647e-04 5.998174e-04 5.737010e-04 4.745757e-04
5.159405e+01 5.502011e-04 6.041161e-04 5.707086e-04 4.757785e-04
5.164605e+01 5.510683e-04 6.084579e-04 5.655748e-04 4.791722e-04
5.169805e+01 5.520843e-04 6.126912e-04 5.591020e-04 4.844596e-04
5.175005e+01 5.532757e-04 6.166701e-04 5.519548e-04 4.912023e-04
5.180205e+01 5.545847e-04 6.202921e-04 5.445684e-04 4.988937e-04
5.185405e+01 5.559060e-04 6.235152e-04 5.371826e-04 5.070200e-04
5.190605e+01 5.571276e-04 6.263480e-04 5.299427e-04 5.150921e-04
5.195805e+01 5.581540e-04 6.288279e-04 5.229813e-04 5.226527e-04
5.201005e+01 5.589002e-04 6.309979e-04 5.164239e-04 5.292788e-04
5.206205e+01 5.592678e-04 6.328908e-04 5.103165e-04 5.345961e-04
5.211405e+01 5.591205e-04 6.345171e-04 5.045361e-04 5.383084e-04
5.216605e+01 5.582773e-04 6.358505e-04 4.987538e-04 5.402276e-04
5.221805e+01 5.565308e-04 6.368093e-04 4.924954e-04 5.402878e-04
5.227005e+01 5.536856e-04 6.372372e-04 4.852867e-04 5.385329e-04
5.232205e+01 5.496018e-04 6.368989e-04 4.768282e-04 5.350782e-04
5.237405e+01 5.442329e-04 6.355091e-04 4.671294e-04 5.300603e-04
5.242605e+01 5.376494e-04 6.328013e-04 4.565573e-04 5.235896e-04
5.247805e+01 5.300483e-04 6.286293e-04 4.457889e-04 5.157266e-04
5.253005e+01 5.217492e-04 6.230660e-04 4.356895e-04 5.064922e-04
5.258205e+01 5.131746e-04 6.164515e-04 4.271552e-04 4.959171e-04
5.263405e+01 5.048064e-04 6.093502e-04 4.209542e-04 4.841147e-04
5.268605e+01 4.971157e-04 6.024087e-04 4.175937e-04 4.713446e-04
5.273805e+01 4.904721e-04 5.961511e-04 4.172288e-04 4.580363e-04
5.279005e+01 4.850567e-04 5.907886e-04 4.196285e-04 4.447528e-04
5.284205e+01 4.808136e-04 5.861271e-04 4.242081e-04 4.321055e-04
5.289405e+01 4.774674e-04 5.816209e-04 4.301285e-04 4.206527e-04
5.294605e+01 4.746063e-04 5.765581e-04 4.364430e-04 4.108176e-04
5.299805e+01 4.717986e-04 5.702968e-04 4.422549e-04 4.028441e-04
5.305005e+01 4.686929e-04 5.624504e-04 4.468424e-04 3.967860e-04
5.310205e+01 4.650622e-04 5.529477e-04 4.497258e-04 3.925132e-04
5.315405e+01 4.607858e-04 5.419608e-04 4.506711e-04 3.897255e-04
5.320605e+01 4.557951e-04 5.297564e-04 4.496515e-04 3.879774e-04
5.325805e+01 4.500259e-04 5.165554e-04 4.467902e-04 3.867321e-04
5.331005e+01 4.434062e-04 5.024676e-04 4.423053e-04 3.854458e-04
5.336205e+01 4.358860e-04 4.875188e-04 4.364673e-04 3.836721e-04
5.341405e+01 4.274902e-04 4.717429e-04 4.295756e-04 3.811520e-04
5.346605e+01 4.183667e-04 4.552847e-04 4.219542e-04 3.778613e-04
5.351805e+01 4.088052e-04 4.384605e-04 4.139574e-04 3.739977e-04
5.357005e+01 3.992116e-04 4.217494e-04 4.059691e-04 3.699164e-04
5.362205e+01 3.900405e-04 4.057169e-04 3.983714e-04 3.660332e-04
5.367405e+01 3.816995e-04 3.908993e-04 3.914772e-04 3.627221e-04
5.372605e+01 3.744542e-04 3.776907e-04 3.854418e-04 3.602299e-04
5.377805e+01 3.683645e-04 3.662698e-04 3.801968e-04 3.586270e-04
5.383005e+01 3.632782e-04 3.565839e-04 3.754430e-04 3.578078e-04
5.388205e+01 3.588833e-04 3.483896e-04 3.707214e-04 3.575389e-04
5.393405e+01 3.548041e-04 3.413309e-04 3.655409e-04 3.575406e-04
5.398605e+01 3.507047e-04 3.350295e-04 3.595158e-04 3.575687e-04
5.403805e+01 3.463662e-04 3.291640e-04 3.524671e-04 3.574674e-04
5.409005e+01 3.417170e-04 3.235193e-04 3.444585e-04 3.571730e-04
5.414205e+01 3.368145e-04 3.179998e-04 3.357668e-04 3.566771e-04
5.419405e+01 3.317959e-04 3.126089e-04 3.268074e-04 3.559713e-04
5.424605e+01 3.268212e-04 3.074135e-04 3.180429e-04 3.550072e-04
5.429805e+01 3.220324e-04 3.025117e-04 3.098982e-04 3.536873e-04
5.435005e+01 3.175335e-04 2.980166e-04 3.026971e-04 3.518868e-04
5.440205e+01 3.133870e-04 2.940505e-04 2.966236e-04 3.494868e-04
5.445405e+01 3.096115e-04 2.907313e-04 2.917056e-04 3.463977e-04
5.450605e+01 3.061721e-04 2.881359e-04 2.878174e-04 3.425630e-04
5.455805e+01 3.029644e-04 2.862448e-04 2.847013e-04 3.379471e-04
5.461005e+01 2.998089e-04 2.848925e-04 2.820115e-04 3.325228e-04
5.466205e+01 2.964687e-04 2.837573e-04 2.793792e-04 3.262696e-04
5.471405e+01 2.926940e-04 2.824078e-04 2.764866e-04 3.191876e-04
5.476605e+01 2.882794e-04 2.803972e-04 2.731242e-04 3.113169e-04
5.481805e+01 2.831096e-04 2.773701e-04 2.692071e-04 3.027516e-04
5.487005e+01 2.771754e-04 2.731430e-04 2.647414e-04 2.936418e-04
5.492205e+01 2.705581e-04 2.677309e-04 2.597598e-04 2.841836e-04
5.497405e+01 2.633951e-04 2.613194e-04 2.542622e-04 2.746039e-04
5.502605e+01 2.558473e-04 2.542000e-04 2.481967e-04 2.651451e-04
5.507805e+01 2.480781e-04 2.466950e-04 2.414913e-04 2.560481e-04
5.513005e+01 2.402450e-04 2.390945e-04 2.341151e-04 2.475253e-04
5.518205e+01 2.324901e-04 2.316167e-04 2.261301e-04 2.397235e-04
5.523405e+01 2.249242e-04 2.243902e-04 2.177008e-04 2.326815e-04
5.528605e+01 2.176031e-04 2.174527e-04 2.090533e-04 2.263032e-04
5.533805e+01 2.105115e-04 2.107627e-04 2.004090e-04 2.203629e-04
5.539005e+01 2.035652e-04 2.042187e-04 1.919244e-04 2.145525e-04
5.544205e+01 1.966369e-04 1.976865e-04 1.836670e-04 2.085571e-04
5.549405e+01 1.895966e-04 1.910287e-04 1.756289e-04 2.021323e-04
5.554605e+01 1.823499e-04 1.841298e-04 1.677637e-04 1.951560e-04
5.559805e+01 1.748582e-04 1.769132e-04 1.600244e-04 1.876371e-04
5.565005e+01 1.671403e-04 1.693464e-04 1.523879e-04 1.796865e-04
5.570205e+01 1.592580e-04 1.614410e-04 1.448648e-04 1.714683e-04
5.575405e+01 1.513004e-04 1.532514e-04 1.374978e-04 1.631520e-04
5.580605e+01 1.433694e-04 1.448731e-04 1.303547e-04 1.548804e-04
5.585805e+01 1.355698e-04 1.364386e-04 1.235155e-04 1.467554e-04
5.591005e+01 1.279996e-04 1.281043e-04 1.170543e-04 1.388400e-04
5.596205e+01 1.207389e-04 1.200294e-04 1.110200e-04 1.311672e-04
5.601405e+01 1.138411e-04 1.123508e-04 1.054196e-04 1.237531e-04
5.606605e+01 1.073295e-04 1.051645e-04 1.002146e-04 1.166093e-04
5.611805e+01 1.012004e-04 9.851776e-05 9.533236e-05 1.097512e-04
5.617005e+01 9.543342e-05 9.241211e-05 9.068839e-05 1.031998e-04
5.622205e+01 8.999948e-05 8.681133e-05 8.621058e-05 9.697652e-05
5.627405e+01 8.486478e-05 8.164960e-05 8.185325e-05 9.109149e-05
5.632605e+01 7.998577e-05 7.683696e-05 7.759332e-05 8.552701e-05
5.637805e+01 7.529805e-05 7.226327e-05 7.340921e-05 8.022167e-05
5.643005e+01 7.070506e-05 6.780270e-05 6.925205e-05 7.506043e-05
5.648205e+01 6.607473e-05 6.332074e-05 6.502461e-05 6.987884e-05
5.653405e+01 6.125200e-05 5.868535e-05 6.058269e-05 6.448796e-05
5.658605e+01 5.608971e-05 5.378381e-05 5.576537e-05 5.871996e-05
5.663805e+01 5.049240e-05 4.854552e-05 5.044785e-05 5.248381e-05
5.669005e+01 4.445891e-05 4.296685e-05 4.459844e-05 4.581144e-05
5.674205e+01 3.810609e-05 3.712910e-05 3.831589e-05 3.887327e-05
5.679405e+01 3.166007e-05 3.119909e-05 3.182933e-05 3.195179e-05
5.684605e+01 2.541394e-05 2.540582e-05 2.545668e-05 2.537931e-05
5.689805e+01 1.966437e-05 1.999702e-05 1.953498e-05 1.946111e-05
5.695005e+01 1.464885e-05 1.518859e-05 1.434669e-05 1.441128e-05
5.700205e+01 1.050376e-05 1.112388e-05 1.006630e-05 1.032111e-05
5.705405e+01 7.253828e-06 7.855318e-06 6.741490e-06 7.164677e-06
5.710605e+01 4.830216e-06 5.350673e-06 4.308237e-06 4.831737e-06
5.715805e+01 3.105220e-06 3.517023e-06 2.628181e-06 3.170456e-06
5.721005e+01 1.929026e-06 2.230931e-06 1.531754e-06 2.024394e-06
5.726205e+01 1.158093e-06 1.364742e-06 8.538979e-07 1.255640e-06
5.731405e+01 6.712264e-07 8.038788e-07 4.558871e-07 7.539133e-07
5.736605e+01 3.747812e-07 4.548377e-07 2.333592e-07 4.361468e-07
5.741805e+01 2.009693e-07 2.464459e-07 1.146054e-07 2.418566e-07
5.747005e+01 1.031203e-07 1.274438e-07 5.400209e-08 1.279150e-07
5.752205e+01 5.044014e-08 6.268652e-08 2.439597e-08 6.423791e-08
5.757405e+01 2.343478e-08 2.923562e-08 1.055057e-08 3.051816e-08
5.762605e+01 1.030869e-08 1.289192e-08 4.358766e-09 1.367540e-08
5.767805e+01 4.281754e-09 5.362418e-09 1.715889e-09 5.766955e-09
5.773005e+01 1.675495e-09 2.099880e-09 6.419202e-10 2.284685e-09
5.778205e+01 6.165728e-10 7.729135e-10 2.276069e-10 8.491980e-10
5.783405e+01 2.130737e-10 2.670755e-10 7.629218e-11 2.958535e-10
5.788605e+01 6.905613e-11 8.653367e-11 2.411281e-11 9.652190e-11
5.793805e+01 2.096024e-11 2.626270e-11 7.153572e-12 2.946446e-11
5.799005e+01 5.950529e-12 7.449984e-12 1.989717e-12 8.411884e-12
5.804205e+01 1.578000e-12 1.972129e-12 5.166933e-13 2.245178e-12
5.809405e+01 3.918429e-13 4.894229e-13 1.251027e-13 5.610029e-13
5.814605e+01 9.090597e-14 1.139793e-13 2.861096e-14 1.301277e-13
5.819805e+01 1.952337e-14 2.402508e-14 6.171820e-15 2.837320e-14
5.825005e+01 0.000000e+00 0.000000e+00 0.000000e+00 0.000000e+00
5.830205e+01 0.000000e+00 0.000000e+00 0.000000e+00 0.000000e+00
5.835405e+01 0.000000e+00 0.000000e+00 0.000000e+00 0.000000e+00
5.840605e+01 0.000000e+00 0.000000e+00 0.000000e+00 0.000000e+00
5.845805e+01 0.000000e+00 0.000000e+00 0.000000e+00 0.000000e+00
5.851005e+01 0.000000e+00 0.000000e+00 0.000000e+00 0.000000e+00
5.856205e+01 0.000000e+00 0.000000e+00 0.000000e+00 0.000000e+00
5.861405e+01 0.000000e+00 0.000000e+00 0.000000e+00 0.000000e+00
5.866605e+01 0.000000e+00 0.000000e+00 0.000000e+00 0.000000e+00
5.871805e+01 0.000000e+00 0.000000e+00 0.000000e+00 0.000000e+00
