6.772842e+00 0.000000e+00 0.000000e+00 0.000000e+00 0.000000e+00
6.824842e+00 0.000000e+00 0.000000e+00 0.000000e+00 0.000000e+00
6.876842e+00 0.000000e+00 0.000000e+00 0.000000e+00 0.000000e+00
6.928842e+00 0.000000e+00 0.000000e+00 0.000000e+00 0.000000e+00
6.980842e+00 0.000000e+00 0.000000e+00 0.000000e+00 0.000000e+00
7.032842e+00 0.000000e+00 0.000000e+00 0.000000e+00 0.000000e+00
7.084842e+00 0.000000e+00 0.000000e+00 0.000000e+00 0.000000e+00
7.136842e+00 0.000000e+00 0.000000e+00 0.000000e+00 0.000000e+00
7.188842e+00 0.000000e+00 0.000000e+00 0.000000e+00 0.000000e+00
7.240842e+00 0.000000e+00 0.000000e+00 0.000000e+00 0.000000e+00
7.292842e+00 0.000000e+00 0.000000e+00 0.000000e+00 0.000000e+00
7.344842e+00 0.000000e+00 0.000000e+00 0.000000e+00 0.000000e+00
7.396842e+00 0.000000e+00 0.000000e+00 0.000000e+00 0.000000e+00
7.448842e+00 0.000000e+00 0.000000e+00 0.000000e+00 0.000000e+00
7.500842e+00 0.000000e+00 0.000000e+00 0.000000e+00 0.000000e+00
7.552842e+00 0.000000e+00 0.000000e+00 0.000000e+00 0.000000e+00
7.604842e+00 0.000000e+00 0.000000e+00 0.000000e+00 0.000000e+00
7.656842e+00 0.000000e+00 0.000000e+00 0.000000e+00 0.000000e+00
7.708842e+00 0.000000e+00 0.000000e+00 0.000000e+00 0.000000e+00
7.760842e+00 0.000000e+00 0.000000e+00 0.000000e+00 0.000000e+00
7.812842e+00 0.000000e+00 0.000000e+00 0.000000e+00 0.000000e+00
7.864842e+00 0.000000e+00 0.000000e+00 0.000000e+00 0.000000e+00
7.916842e+00 0.000000e+00 0.000000e+00 0.000000e+00 0.000000e+00
7.968842e+00 0.000000e+00 0.000000e+00 0.000000e+00 0.000000e+00
8.020842e+00 0.000000e+00 0.000000e+00 0.000000e+00 0.000000e+00
8.072842e+00 0.000000e+00 0.000000e+00 0.000000e+00 0.000000e+00
8.124842e+00 0.000000e+00 0.000000e+00 0.000000e+00 0.000000e+00
8.176842e+00 0.000000e+00 0.000000e+00 0.000000e+00 0.000000e+00
8.228842e+00 0.000000e+00 0.000000e+00 0.000000e+00 0.000000e+00
8.280842e+00 0.000000e+00 0.000000e+00 0.000000e+00 0.000000e+00
8.332842e+00 0.000000e+00 0.000000e+00 0.000000e+00 0.000000e+00
8.384842e+00 0.000000e+00 0.000000e+00 0.000000e+00 0.000000e+00
8.436842e+00 0.000000e+00 0.000000e+00 0.000000e+00 0.000000e+00
8.488842e+00 0.000000e+00 0.000000e+00 0.000000e+00 0.000000e+00
8.540842e+00 0.000000e+00 0.000000e+00 0.000000e+00 0.000000e+00
8.592842e+00 0.000000e+00 0.000000e+00 0.000000e+00 0.000000e+00
8.644842e+00 0.000000e+00 0.000000e+00 0.000000e+00 0.000000e+00
8.696842e+00 0.000000e+00 0.000000e+00 0.000000e+00 0.000000e+00
8.748842e+00 0.000000e+00 0.000000e+00 0.000000e+00 0.000000e+00
8.800842e+00 0.000000e+00 0.000000e+00 0.000000e+00 0.000000e+00
8.852842e+00 0.000000e+00 0.000000e+00 0.000000e+00 0.000000e+00
8.904842e+00 0.000000e+00 0.000000e+00 0.000000e+00 0.000000e+00
8.956842e+00 0.000000e+00 0.000000e+00 0.000000e+00 0.000000e+00
9.008842e+00 0.000000e+00 0.000000e+00 0.000000e+00 0.000000e+00
9.060842e+00 0.000000e+00 0.000000e+00 0.000000e+00 0.000000e+00
9.112842e+00 0.000000e+00 0.000000e+00 0.000000e+00 0.000000e+00
9.164842e+00 0.000000e+00 0.000000e+00 0.000000e+00 0.000000e+00
9.216842e+00 0.000000e+00 0.000000e+00 0.000000e+00 0.000000e+00
9.268842e+00 0.000000e+00 0.000000e+00 0.000000e+00 0.000000e+00
9.320842e+00 0.000000e+00 0.000000e+00 0.000000e+00 0.000000e+00
9.372842e+00 0.000000e+00 0.000000e+00 0.000000e+00 0.000000e+00
9.424842e+00 0.000000e+00 0.000000e+00 0.000000e+00 0.000000e+00
9.476842e+00 0.000000e+00 0.000000e+00 0.000000e+00 0.000000e+00
9.528842e+00 0.000000e+00 0.000000e+00 0.000000e+00 0.000000e+00
9.580842e+00 0.000000e+00 0.000000e+00 0.000000e+00 0.000000e+00
9.632842e+00 0.000000e+00 0.000000e+00 0.000000e+00 0.000000e+00
9.684842e+00 0.000000e+00 0.000000e+00 0.000000e+00 0.000000e+00
9.736842e+00 0.000000e+00 0.000000e+00 0.000000e+00 0.000000e+00
9.788842e+00 0.000000e+00 0.000000e+00 0.000000e+00 0.000000e+00
9.840842e+00 0.000000e+00 0.000000e+00 0.000000e+00 0.000000e+00
9.892842e+00 0.000000e+00 0.000000e+00 0.000000e+00 0.000000e+00
9.944842e+00 0.000000e+00 0.000000e+00 0.000000e+00 0.000000e+00
9.996842e+00 0.000000e+00 0.000000e+00 0.000000e+00 0.000000e+00
1.004884e+01 0.000000e+00 0.000000e+00 0.000000e+00 0.000000e+00
1.010084e+01 0.000000e+00 0.000000e+00 0.000000e+00 0.000000e+00
1.015284e+01 0.000000e+00 0.000000e+00 0.000000e+00 0.000000e+00
1.020484e+01 0.000000e+00 0.000000e+00 0.000000e+00 0.000000e+00
1.025684e+01 0.000000e+00 0.000000e+00 0.000000e+00 0.000000e+00
1.030884e+01 0.000000e+00 0.000000e+00 0.000000e+00 0.000000e+00
1.036084e+01 0.000000e+00 0.000000e+00 0.000000e+00 0.000000e+00
1.041284e+01 0.000000e+00 0.000000e+00 0.000000e+00 0.000000e+00
1.046484e+01 0.000000e+00 0.000000e+00 0.000000e+00 0.000000e+00
1.051684e+01 0.000000e+00 0.000000e+00 0.000000e+00 0.000000e+00
1.056884e+01 0.000000e+00 0.000000e+00 0.000000e+00 0.000000e+00
1.062084e+01 3.661150e-15 2.566668e-17 1.006426e-14 8.935266e-16
1.067284e+01 1.675635e-14 1.174713e-16 4.606208e-14 4.089492e-15
1.072484e+01 1.229131e-13 2.232529e-14 2.976066e-13 4.880725e-14
1.077684e+01 5.198389e-13 1.006457e-13 1.245410e-12 2.134615e-13
1.082884e+01 2.270854e-12 5.250869e-13 5.250244e-12 1.037232e-12
1.088084e+01 8.618928e-12 2.122646e-12 1.963406e-11 4.100079e-12
1.093284e+01 3.112045e-11 8.202659e-12 6.964079e-11 1.551789e-11
1.098484e+01 1.051053e-10 2.930499e-11 2.314053e-10 5.460577e-11
1.103684e+01 3.346282e-10 9.826531e-11 7.247115e-10 1.809079e-10
1.108884e+01 1.004538e-09 3.094237e-10 2.139785e-09 5.644064e-10
1.114084e+01 2.844290e-09 9.151947e-10 5.959540e-09 1.658136e-09
1.119284e+01 7.601133e-09 2.544635e-09 1.566888e-08 4.589879e-09
1.124484e+01 1.918180e-08 6.654861e-09 3.891596e-08 1.197457e-08
1.129684e+01 4.573242e-08 1.638007e-08 9.136307e-08 2.945410e-08
1.134884e+01 1.030770e-07 3.797247e-08 2.029180e-07 6.834068e-08
1.140084e+01 2.197989e-07 8.297466e-08 4.267532e-07 1.496688e-07
1.145284e+01 4.438211e-07 1.710582e-07 8.507728e-07 3.096324e-07
1.150484e+01 8.495478e-07 3.330601e-07 1.609887e-06 6.056969e-07
1.155684e+01 1.543637e-06 6.132118e-07 2.895962e-06 1.121737e-06
1.160884e+01 2.666694e-06 1.069100e-06 4.961286e-06 1.969697e-06
1.166084e+01 4.388150e-06 1.767846e-06 8.111524e-06 3.285078e-06
1.171284e+01 6.892621e-06 2.777649e-06 1.268576e-05 5.214452e-06
1.176484e+01 1.035789e-05 4.155135e-06 1.902343e-05 7.895113e-06
1.181684e+01 1.492633e-05 5.930506e-06 2.741937e-05 1.142911e-05
1.186884e+01 2.067219e-05 8.093502e-06 3.806792e-05 1.585514e-05
1.192084e+01 2.756704e-05 1.058320e-05 5.099621e-05 2.112172e-05
1.197284e+01 3.544563e-05 1.328377e-05 6.598851e-05 2.706462e-05
1.202484e+01 4.397712e-05 1.602739e-05 8.251175e-05 3.339222e-05
1.207684e+01 5.265165e-05 1.860497e-05 9.966491e-05 3.968509e-05
1.212884e+01 6.079682e-05 2.078541e-05 1.161862e-04 4.541884e-05
1.218084e+01 6.763757e-05 2.234368e-05 1.305508e-04 5.001817e-05
1.223284e+01 7.240340e-05 2.309556e-05 1.411722e-04 5.294247e-05
1.228484e+01 7.446982e-05 2.293382e-05 1.466853e-04 5.379035e-05
1.233684e+01 7.350438e-05 2.185784e-05 1.462558e-04 5.239950e-05
1.238884e+01 6.958138e-05 1.998953e-05 1.398388e-04 4.891580e-05
1.244084e+01 6.323822e-05 1.757450e-05 1.283226e-04 4.381752e-05
1.249284e+01 5.546927e-05 1.497691e-05 1.135285e-04 3.790238e-05
1.254484e+01 4.767902e-05 1.268618e-05 9.808281e-05 3.226806e-05
1.259684e+01 4.163172e-05 1.135740e-05 8.521166e-05 2.832609e-05
1.264884e+01 3.942735e-05 1.189996e-05 7.850714e-05 2.787495e-05
1.270084e+01 4.350236e-05 1.560680e-05 8.168297e-05 3.321731e-05
1.275284e+01 5.660933e-05 2.428136e-05 9.829703e-05 4.724960e-05
1.280484e+01 8.169855e-05 4.028230e-05 1.314061e-04 7.340722e-05
1.285684e+01 1.216326e-04 6.638777e-05 1.831584e-04 1.153515e-04
1.290884e+01 1.787257e-04 1.054096e-04 2.544057e-04 1.763619e-04
1.296084e+01 2.541966e-04 1.595773e-04 3.444727e-04 2.585400e-04
1.301284e+01 3.477059e-04 2.298476e-04 4.511921e-04 3.620780e-04
1.306484e+01 4.571690e-04 3.154108e-04 5.711940e-04 4.849023e-04
1.311684e+01 5.789603e-04 4.136835e-04 7.002996e-04 6.228978e-04
1.316884e+01 7.084820e-04 5.209248e-04 8.338410e-04 7.706802e-04
1.322084e+01 8.409438e-04 6.333385e-04 9.668623e-04 9.226305e-04
1.327284e+01 9.721431e-04 7.482419e-04 1.094375e-03 1.073813e-03
1.332484e+01 1.099083e-03 8.647921e-04 1.211931e-03 1.220524e-03
1.337684e+01 1.220350e-03 9.839515e-04 1.316597e-03 1.360502e-03
1.342884e+01 1.336251e-03 1.107760e-03 1.408007e-03 1.492985e-03
1.348084e+01 1.448655e-03 1.238333e-03 1.488833e-03 1.618799e-03
1.353284e+01 1.560517e-03 1.377073e-03 1.564102e-03 1.740376e-03
1.358484e+01 1.675016e-03 1.524323e-03 1.639302e-03 1.861424e-03
1.363684e+01 1.794465e-03 1.679370e-03 1.718011e-03 1.986013e-03
1.368884e+01 1.919317e-03 1.840541e-03 1.800186e-03 2.117225e-03
1.374084e+01 2.047753e-03 2.005332e-03 1.882085e-03 2.255842e-03
1.379284e+01 2.176162e-03 2.170773e-03 1.957999e-03 2.399713e-03
1.384484e+01 2.300466e-03 2.334251e-03 2.023043e-03 2.544104e-03
1.389684e+01 2.417826e-03 2.494681e-03 2.075820e-03 2.682978e-03
1.394884e+01 2.528092e-03 2.653456e-03 2.119924e-03 2.810896e-03
1.400084e+01 2.634580e-03 2.814518e-03 2.163903e-03 2.925319e-03
1.405284e+01 2.744083e-03 2.983355e-03 2.219806e-03 3.029088e-03
1.410484e+01 2.866162e-03 3.165288e-03 2.300649e-03 3.132549e-03
1.415684e+01 3.011587e-03 3.363698e-03 2.417022e-03 3.254040e-03
1.420884e+01 3.189596e-03 3.578556e-03 2.573183e-03 3.417049e-03
1.426084e+01 3.403937e-03 3.805139e-03 2.763504e-03 3.643167e-03
1.431284e+01 3.648561e-03 4.032847e-03 2.970793e-03 3.942041e-03
1.436484e+01 3.904956e-03 4.244641e-03 3.168070e-03 4.302156e-03
1.441684e+01 4.143378e-03 4.418259e-03 3.324403e-03 4.687471e-03
1.446884e+01 4.329072e-03 4.530233e-03 3.413558e-03 5.043426e-03
1.452084e+01 4.432216e-03 4.562379e-03 3.422455e-03 5.311815e-03
1.457284e+01 4.437994e-03 4.508603e-03 3.355962e-03 5.449418e-03
1.462484e+01 4.352473e-03 4.378841e-03 3.235804e-03 5.442773e-03
1.467684e+01 4.201454e-03 4.197681e-03 3.093862e-03 5.312818e-03
1.472884e+01 4.022614e-03 3.997613e-03 2.962557e-03 5.107672e-03
1.478084e+01 3.854289e-03 3.809572e-03 2.866095e-03 4.887200e-03
1.483284e+01 3.725520e-03 3.654850e-03 2.815571e-03 4.706139e-03
1.488484e+01 3.650831e-03 3.541633e-03 2.808900e-03 4.601961e-03
1.493684e+01 3.630509e-03 3.466903e-03 2.834417e-03 4.590208e-03
1.498884e+01 3.654550e-03 3.421694e-03 2.875884e-03 4.666073e-03
1.504084e+01 3.707435e-03 3.396346e-03 2.916879e-03 4.809081e-03
1.509284e+01 3.771733e-03 3.383143e-03 2.943711e-03 4.988344e-03
1.514484e+01 3.830285e-03 3.375810e-03 2.947113e-03 5.167932e-03
1.519684e+01 3.868062e-03 3.367491e-03 2.923450e-03 5.313246e-03
1.524884e+01 3.874687e-03 3.349570e-03 2.875739e-03 5.398751e-03
1.530084e+01 3.847482e-03 3.312831e-03 2.814113e-03 5.415501e-03
1.535284e+01 3.793588e-03 3.250667e-03 2.754865e-03 5.375231e-03
1.540484e+01 3.729377e-03 3.162589e-03 2.717485e-03 5.308056e-03
1.545684e+01 3.676338e-03 3.056037e-03 2.719831e-03 5.253147e-03
1.550884e+01 3.654317e-03 2.945400e-03 2.772582e-03 5.244969e-03
1.556084e+01 3.674455e-03 2.848622e-03 2.874718e-03 5.300024e-03
1.561284e+01 3.734578e-03 2.782710e-03 3.011807e-03 5.409218e-03
1.566484e+01 3.818938e-03 2.759668e-03 3.158176e-03 5.538969e-03
1.571684e+01 3.902476e-03 2.783801e-03 3.282804e-03 5.640822e-03
1.576884e+01 3.958073e-03 2.850679e-03 3.357379e-03 5.666161e-03
1.582084e+01 3.964166e-03 2.947655e-03 3.364046e-03 5.580798e-03
1.587284e+01 3.910191e-03 3.055796e-03 3.300310e-03 5.374469e-03
1.592484e+01 3.798343e-03 3.153115e-03 3.179518e-03 5.062395e-03
1.597684e+01 3.641625e-03 3.218839e-03 3.026920e-03 4.679116e-03
1.602884e+01 3.459456e-03 3.237973e-03 2.872793e-03 4.267601e-03
1.608084e+01 3.272630e-03 3.205015e-03 2.744903e-03 3.867971e-03
1.613284e+01 3.099223e-03 3.125588e-03 2.662400e-03 3.509682e-03
1.618484e+01 2.952241e-03 3.015196e-03 2.632483e-03 3.209044e-03
1.623684e+01 2.839019e-03 2.895300e-03 2.650183e-03 2.971574e-03
1.628884e+01 2.761867e-03 2.787787e-03 2.700909e-03 2.796905e-03
1.634084e+01 2.719349e-03 2.709546e-03 2.764993e-03 2.683507e-03
1.639284e+01 2.707695e-03 2.668777e-03 2.823135e-03 2.631175e-03
1.644484e+01 2.722020e-03 2.663986e-03 2.861419e-03 2.640655e-03
1.649684e+01 2.757105e-03 2.685692e-03 2.874504e-03 2.711119e-03
1.654884e+01 2.807646e-03 2.719987e-03 2.865936e-03 2.837013e-03
1.660084e+01 2.868005e-03 2.752605e-03 2.845487e-03 3.005922e-03
1.665284e+01 2.931764e-03 2.772229e-03 2.824522e-03 3.198542e-03
1.670484e+01 2.991503e-03 2.772258e-03 2.811291e-03 3.390958e-03
1.675684e+01 3.039177e-03 2.750944e-03 2.808040e-03 3.558547e-03
1.680884e+01 3.067196e-03 2.710383e-03 2.810957e-03 3.680247e-03
1.686084e+01 3.069905e-03 2.655082e-03 2.812674e-03 3.741959e-03
1.691284e+01 3.044930e-03 2.590627e-03 2.805867e-03 3.738297e-03
1.696484e+01 2.993803e-03 2.522654e-03 2.786206e-03 3.672549e-03
1.701684e+01 2.921567e-03 2.456034e-03 2.753398e-03 3.555270e-03
1.706884e+01 2.835473e-03 2.394174e-03 2.710181e-03 3.402065e-03
1.712084e+01 2.743223e-03 2.338469e-03 2.660156e-03 3.231043e-03
1.717284e+01 2.651369e-03 2.288130e-03 2.605803e-03 3.060175e-03
1.722484e+01 2.564365e-03 2.240608e-03 2.547761e-03 2.904725e-03
1.727684e+01 2.484457e-03 2.192641e-03 2.485675e-03 2.775056e-03
1.732884e+01 2.412318e-03 2.141629e-03 2.420065e-03 2.675261e-03
1.738084e+01 2.348036e-03 2.086862e-03 2.354125e-03 2.603120e-03
1.743284e+01 2.292038e-03 2.030100e-03 2.294466e-03 2.551549e-03
1.748484e+01 2.245579e-03 1.975250e-03 2.250265e-03 2.511222e-03
1.753684e+01 2.210613e-03 1.927239e-03 2.231092e-03 2.473509e-03
1.758884e+01 2.189147e-03 1.890490e-03 2.244196e-03 2.432757e-03
1.764084e+01 2.182341e-03 1.867569e-03 2.292280e-03 2.387173e-03
1.769284e+01 2.189744e-03 1.858473e-03 2.372537e-03 2.338223e-03
1.774484e+01 2.208993e-03 1.860770e-03 2.477194e-03 2.289014e-03
1.779684e+01 2.236085e-03 1.870437e-03 2.595300e-03 2.242517e-03
1.784884e+01 2.266170e-03 1.883026e-03 2.715101e-03 2.200384e-03
1.790084e+01 2.294570e-03 1.894689e-03 2.826310e-03 2.162711e-03
1.795284e+01 2.317698e-03 1.902782e-03 2.921712e-03 2.128598e-03
1.800484e+01 2.333626e-03 1.906001e-03 2.997820e-03 2.097057e-03
1.805684e+01 2.342196e-03 1.904242e-03 3.054598e-03 2.067747e-03
1.810884e+01 2.344731e-03 1.898455e-03 3.094485e-03 2.041254e-03
1.816084e+01 2.343550e-03 1.890643e-03 3.121125e-03 2.018883e-03
1.821284e+01 2.341442e-03 1.883941e-03 3.138198e-03 2.002187e-03
1.826484e+01 2.341250e-03 1.882570e-03 3.148707e-03 1.992473e-03
1.831684e+01 2.345567e-03 1.891385e-03 3.154825e-03 1.990491e-03
1.836884e+01 2.356518e-03 1.914982e-03 3.158194e-03 1.996379e-03
1.842084e+01 2.375565e-03 1.956550e-03 3.160346e-03 2.009798e-03
1.847284e+01 2.403334e-03 2.016926e-03 3.162925e-03 2.030152e-03
1.852484e+01 2.439523e-03 2.094312e-03 3.167553e-03 2.056705e-03
1.857684e+01 2.482951e-03 2.184903e-03 3.175470e-03 2.088480e-03
1.862884e+01 2.531815e-03 2.284281e-03 3.187272e-03 2.123893e-03
1.868084e+01 2.584093e-03 2.389057e-03 3.202996e-03 2.160226e-03
1.873284e+01 2.637950e-03 2.498071e-03 3.222559e-03 2.193222e-03
1.878484e+01 2.692004e-03 2.612597e-03 3.246229e-03 2.217187e-03
1.883684e+01 2.745311e-03 2.735377e-03 3.274708e-03 2.225848e-03
1.888884e+01 2.797109e-03 2.868774e-03 3.308599e-03 2.213955e-03
1.894084e+01 2.846418e-03 3.012692e-03 3.347389e-03 2.179173e-03
1.899284e+01 2.891628e-03 3.162987e-03 3.388412e-03 2.123486e-03
1.904484e+01 2.930199e-03 3.310892e-03 3.426307e-03 2.053398e-03
1.909684e+01 2.958517e-03 3.443651e-03 3.453303e-03 1.978597e-03
1.914884e+01 2.972009e-03 3.546270e-03 3.460346e-03 1.909410e-03
1.920084e+01 2.965600e-03 3.604035e-03 3.438809e-03 1.853956e-03
1.925284e+01 2.934627e-03 3.605418e-03 3.382411e-03 1.816051e-03
1.930484e+01 2.876121e-03 3.544807e-03 3.288964e-03 1.794592e-03
1.935684e+01 2.790154e-03 3.424433e-03 3.161525e-03 1.784504e-03
1.940884e+01 2.680709e-03 3.254814e-03 3.008625e-03 1.778688e-03
1.946084e+01 2.555562e-03 3.053297e-03 2.843281e-03 1.770108e-03
1.951284e+01 2.424971e-03 2.840834e-03 2.680806e-03 1.753272e-03
1.956484e+01 2.299460e-03 2.637792e-03 2.535797e-03 1.724790e-03
1.961684e+01 2.187407e-03 2.460036e-03 2.419038e-03 1.683148e-03
1.966884e+01 2.093261e-03 2.316455e-03 2.335213e-03 1.628114e-03
1.972084e+01 2.016990e-03 2.208566e-03 2.282155e-03 1.560248e-03
1.977284e+01 1.954893e-03 2.131999e-03 2.251894e-03 1.480785e-03
1.982484e+01 1.901413e-03 2.079129e-03 2.233223e-03 1.391888e-03
1.987684e+01 1.851310e-03 2.041867e-03 2.215039e-03 1.297025e-03
1.992884e+01 1.801484e-03 2.013838e-03 2.189490e-03 1.201123e-03
1.998084e+01 1.751947e-03 1.991572e-03 2.154055e-03 1.110213e-03
2.003284e+01 1.705727e-03 1.974658e-03 2.111980e-03 1.030544e-03
2.008484e+01 1.667792e-03 1.965055e-03 2.070953e-03 9.673684e-04
2.013684e+01 1.643311e-03 1.965775e-03 2.040367e-03 9.237920e-04
2.018884e+01 1.635732e-03 1.979225e-03 2.027905e-03 9.000660e-04
2.024084e+01 1.645177e-03 2.005569e-03 2.036443e-03 8.935183e-04
2.029284e+01 1.667651e-03 2.041557e-03 2.062283e-03 8.991142e-04
2.034484e+01 1.695380e-03 2.080243e-03 2.095432e-03 9.104648e-04
2.039684e+01 1.718317e-03 2.111884e-03 2.122039e-03 9.210286e-04
2.044884e+01 1.726500e-03 2.125921e-03 2.128313e-03 9.252667e-04
2.050084e+01 1.712555e-03 2.113541e-03 2.104581e-03 9.195425e-04
2.055284e+01 1.673546e-03 2.070009e-03 2.048030e-03 9.026004e-04
2.060484e+01 1.611531e-03 1.995990e-03 1.963084e-03 8.755192e-04
2.065684e+01 1.532655e-03 1.897399e-03 1.859412e-03 8.411534e-04
2.070884e+01 1.445190e-03 1.783876e-03 1.748473e-03 8.032224e-04
2.076084e+01 1.357283e-03 1.666461e-03 1.640060e-03 7.653274e-04
2.081284e+01 1.275207e-03 1.555277e-03 1.540156e-03 7.301900e-04
2.086484e+01 1.202613e-03 1.457888e-03 1.450647e-03 6.993038e-04
2.091684e+01 1.140761e-03 1.378659e-03 1.370618e-03 6.730068e-04
2.096884e+01 1.089386e-03 1.318992e-03 1.298331e-03 6.508348e-04
2.102084e+01 1.047655e-03 1.278083e-03 1.232935e-03 6.319479e-04
2.107284e+01 1.014821e-03 1.253723e-03 1.175270e-03 6.154696e-04
2.112484e+01 9.904049e-04 1.242871e-03 1.127669e-03 6.006748e-04
2.117684e+01 9.740289e-04 1.241942e-03 1.093093e-03 5.870516e-04
2.122884e+01 9.651121e-04 1.246947e-03 1.074088e-03 5.743018e-04
2.128084e+01 9.626701e-04 1.253738e-03 1.071939e-03 5.623340e-04
2.133284e+01 9.653070e-04 1.258450e-03 1.086210e-03 5.512612e-04
2.138484e+01 9.713636e-04 1.258100e-03 1.114602e-03 5.413884e-04
2.143684e+01 9.791016e-04 1.251101e-03 1.153041e-03 5.331636e-04
2.148884e+01 9.868225e-04 1.237446e-03 1.195935e-03 5.270866e-04
2.154084e+01 9.928965e-04 1.218422e-03 1.236674e-03 5.235936e-04
2.159284e+01 9.957609e-04 1.195919e-03 1.268414e-03 5.229496e-04
2.164484e+01 9.939706e-04 1.171597e-03 1.285138e-03 5.251770e-04
2.169684e+01 9.863382e-04 1.146218e-03 1.282766e-03 5.300306e-04
2.174884e+01 9.721339e-04 1.119408e-03 1.259983e-03 5.370113e-04
2.180084e+01 9.512637e-04 1.089896e-03 1.218485e-03 5.454092e-04
2.185284e+01 9.243480e-04 1.056143e-03 1.162535e-03 5.543669e-04
2.190484e+01 8.926705e-04 1.017080e-03 1.097966e-03 5.629655e-04
2.195684e+01 8.580088e-04 9.727091e-04 1.030987e-03 5.703305e-04
2.200884e+01 8.223946e-04 9.243174e-04 9.671237e-04 5.757427e-04
2.206084e+01 7.878468e-04 8.742724e-04 9.105342e-04 5.787337e-04
2.211284e+01 7.561168e-04 8.254755e-04 8.637355e-04 5.791393e-04
2.216484e+01 7.284777e-04 7.806915e-04 8.276410e-04 5.771007e-04
2.221684e+01 7.055873e-04 7.419856e-04 8.017563e-04 5.730198e-04
2.226884e+01 6.874514e-04 7.104304e-04 7.844335e-04 5.674903e-04
2.232084e+01 6.735046e-04 6.861224e-04 7.731653e-04 5.612261e-04
2.237284e+01 6.627965e-04 6.684346e-04 7.649558e-04 5.549992e-04
2.242484e+01 6.542471e-04 6.563692e-04 7.567890e-04 5.495831e-04
2.247684e+01 6.469063e-04 6.488776e-04 7.461472e-04 5.456940e-04
2.252884e+01 6.401492e-04 6.450617e-04 7.314603e-04 5.439255e-04
2.258084e+01 6.337573e-04 6.442298e-04 7.123507e-04 5.446915e-04
2.263284e+01 6.278713e-04 6.458307e-04 6.895923e-04 5.481908e-04
2.268484e+01 6.228397e-04 6.493171e-04 6.647998e-04 5.544020e-04
2.273684e+01 6.190111e-04 6.540000e-04 6.399448e-04 5.630884e-04
2.278884e+01 6.165234e-04 6.589468e-04 6.168404e-04 5.737830e-04
2.284084e+01 6.151363e-04 6.629599e-04 5.967198e-04 5.857293e-04
2.289284e+01 6.141494e-04 6.646521e-04 5.800020e-04 5.977940e-04
2.294484e+01 6.124391e-04 6.626136e-04 5.662897e-04 6.084140e-04
2.299684e+01 6.086320e-04 6.556461e-04 5.545920e-04 6.156579e-04
2.304884e+01 6.013974e-04 6.430226e-04 5.437099e-04 6.174597e-04
2.310084e+01 5.897925e-04 6.247115e-04 5.326623e-04 6.120037e-04
2.315284e+01 5.735554e-04 6.014952e-04 5.210086e-04 5.981624e-04
2.320484e+01 5.532389e-04 5.749244e-04 5.089546e-04 5.758379e-04
2.325684e+01 5.301283e-04 5.470884e-04 4.972162e-04 5.460803e-04
2.330884e+01 5.059636e-04 5.202431e-04 4.867187e-04 5.109291e-04
2.336084e+01 4.825622e-04 4.963938e-04 4.782696e-04 4.730231e-04
2.341284e+01 4.614631e-04 4.769541e-04 4.723354e-04 4.350998e-04
2.346484e+01 4.436937e-04 4.625743e-04 4.689759e-04 3.995309e-04
2.351684e+01 4.296962e-04 4.531706e-04 4.679028e-04 3.680151e-04
2.356884e+01 4.193937e-04 4.481135e-04 4.685814e-04 3.414863e-04
2.362084e+01 4.123385e-04 4.464871e-04 4.703029e-04 3.202255e-04
2.367284e+01 4.078816e-04 4.473276e-04 4.722134e-04 3.041037e-04
2.372484e+01 4.053251e-04 4.497793e-04 4.733361e-04 2.928599e-04
2.377684e+01 4.040426e-04 4.531516e-04 4.726457e-04 2.863305e-04
2.382884e+01 4.035709e-04 4.569023e-04 4.692232e-04 2.845871e-04
2.388084e+01 4.036800e-04 4.605926e-04 4.624662e-04 2.879812e-04
2.393284e+01 4.044151e-04 4.638577e-04 4.522790e-04 2.971086e-04
2.398484e+01 4.060914e-04 4.664172e-04 4.391584e-04 3.126985e-04
2.403684e+01 4.092173e-04 4.681234e-04 4.241175e-04 3.354109e-04
2.408884e+01 4.143328e-04 4.690116e-04 4.084538e-04 3.655330e-04
2.414084e+01 4.217843e-04 4.693038e-04 3.934252e-04 4.026240e-04
2.419284e+01 4.315019e-04 4.693280e-04 3.799394e-04 4.452385e-04
2.424484e+01 4.428749e-04 4.693544e-04 3.683588e-04 4.909114e-04
2.429684e+01 4.548113e-04 4.694031e-04 3.584819e-04 5.365488e-04
2.434884e+01 4.660105e-04 4.691154e-04 3.496991e-04 5.792170e-04
2.440084e+01 4.753850e-04 4.677707e-04 3.412610e-04 6.171234e-04
2.445284e+01 4.824882e-04 4.644738e-04 3.325582e-04 6.504326e-04
2.450484e+01 4.877760e-04 4.584579e-04 3.233207e-04 6.815495e-04
2.455684e+01 4.925757e-04 4.493827e-04 3.136872e-04 7.146572e-04
2.460884e+01 4.987350e-04 4.375047e-04 3.041461e-04 7.545543e-04
2.466084e+01 5.080437e-04 4.236468e-04 2.953926e-04 8.050918e-04
2.471284e+01 5.216077e-04 4.089847e-04 2.881576e-04 8.676807e-04
2.476484e+01 5.393854e-04 3.947419e-04 2.830501e-04 9.403643e-04
2.481684e+01 5.600542e-04 3.819107e-04 2.804364e-04 1.017816e-03
2.486884e+01 5.812666e-04 3.710919e-04 2.803642e-04 1.092344e-03
2.492084e+01 6.002222e-04 3.624762e-04 2.825384e-04 1.155652e-03
2.497284e+01 6.143588e-04 3.559321e-04 2.863550e-04 1.200789e-03
2.502484e+01 6.219285e-04 3.511281e-04 2.909919e-04 1.223666e-03
2.507684e+01 6.222786e-04 3.476295e-04 2.955411e-04 1.223665e-03
2.512884e+01 6.157980e-04 3.449421e-04 2.991545e-04 1.203297e-03
2.518084e+01 6.036286e-04 3.425217e-04 3.011690e-04 1.167195e-03
2.523284e+01 5.873115e-04 3.397876e-04 3.011881e-04 1.120959e-03
2.528484e+01 5.685072e-04 3.361756e-04 2.991115e-04 1.070234e-03
2.533684e+01 5.488322e-04 3.312340e-04 2.951191e-04 1.020143e-03
2.538884e+01 5.297631e-04 3.247304e-04 2.896173e-04 9.749415e-04
2.544084e+01 5.125295e-04 3.167197e-04 2.831585e-04 9.377104e-04
2.549284e+01 4.979646e-04 3.075349e-04 2.763428e-04 9.100161e-04
2.554484e+01 4.863520e-04 2.976968e-04 2.697164e-04 8.916427e-04
2.559684e+01 4.773600e-04 2.877768e-04 2.636893e-04 8.806139e-04
2.564884e+01 4.701364e-04 2.782685e-04 2.584937e-04 8.736469e-04
2.570084e+01 4.635702e-04 2.695150e-04 2.541984e-04 8.669972e-04
2.575284e+01 4.566427e-04 2.617091e-04 2.507683e-04 8.574506e-04
2.580484e+01 4.487388e-04 2.549453e-04 2.481454e-04 8.431258e-04
2.585684e+01 4.398034e-04 2.492835e-04 2.463093e-04 8.238175e-04
2.590884e+01 4.302910e-04 2.447862e-04 2.452912e-04 8.007956e-04
2.596084e+01 4.209447e-04 2.415092e-04 2.451325e-04 7.761924e-04
2.601284e+01 4.125017e-04 2.394560e-04 2.458092e-04 7.522399e-04
2.606484e+01 4.054379e-04 2.385231e-04 2.471612e-04 7.306293e-04
2.611684e+01 3.998354e-04 2.384720e-04 2.488673e-04 7.121668e-04
2.616884e+01 3.954022e-04 2.389527e-04 2.504907e-04 6.967632e-04
2.622084e+01 3.916217e-04 2.395888e-04 2.515924e-04 6.836837e-04
2.627284e+01 3.879720e-04 2.401057e-04 2.518823e-04 6.719279e-04
2.632484e+01 3.841445e-04 2.404667e-04 2.513566e-04 6.606102e-04
2.637684e+01 3.801901e-04 2.409636e-04 2.503696e-04 6.492371e-04
2.642884e+01 3.765442e-04 2.422193e-04 2.496016e-04 6.378115e-04
2.648084e+01 3.739120e-04 2.450843e-04 2.499216e-04 6.267300e-04
2.653284e+01 3.730412e-04 2.504498e-04 2.521804e-04 6.164935e-04
2.658484e+01 3.744527e-04 2.590345e-04 2.569977e-04 6.073259e-04
2.663684e+01 3.782261e-04 2.712090e-04 2.646103e-04 5.988591e-04
2.668884e+01 3.839255e-04 2.869033e-04 2.748259e-04 5.900474e-04
2.674084e+01 3.906964e-04 3.056062e-04 2.870895e-04 5.793935e-04
2.679284e+01 3.974955e-04 3.264340e-04 3.006336e-04 5.654188e-04
2.684484e+01 4.033604e-04 3.482393e-04 3.146585e-04 5.471835e-04
2.689684e+01 4.076212e-04 3.697404e-04 3.284923e-04 5.246310e-04
2.694884e+01 4.099988e-04 3.896731e-04 3.416967e-04 4.986266e-04
2.700084e+01 4.105977e-04 4.069668e-04 3.541153e-04 4.707110e-04
2.705284e+01 4.098415e-04 4.209306e-04 3.658817e-04 4.427123e-04
2.710484e+01 4.084012e-04 4.314109e-04 3.774124e-04 4.163804e-04
2.715684e+01 4.071341e-04 4.388646e-04 3.893945e-04 3.931432e-04
2.720884e+01 4.070176e-04 4.443045e-04 4.027524e-04 3.739958e-04
2.726084e+01 4.090496e-04 4.491076e-04 4.185634e-04 3.594777e-04
2.731284e+01 4.141041e-04 4.547234e-04 4.378955e-04 3.496935e-04
2.736484e+01 4.227617e-04 4.623521e-04 4.615715e-04 3.443616e-04
2.741684e+01 4.351579e-04 4.726756e-04 4.899059e-04 3.428922e-04
2.746884e+01 4.508986e-04 4.857071e-04 5.224956e-04 3.444932e-04
2.752084e+01 4.690766e-04 5.007903e-04 5.581550e-04 3.482844e-04
2.757284e+01 4.883964e-04 5.167417e-04 5.950557e-04 3.533918e-04
2.762484e+01 5.073895e-04 5.320962e-04 6.310676e-04 3.590049e-04
2.767684e+01 5.246742e-04 5.453963e-04 6.642189e-04 3.644073e-04
2.772884e+01 5.392019e-04 5.554640e-04 6.931373e-04 3.690045e-04
2.778084e+01 5.504322e-04 5.615943e-04 7.173274e-04 3.723749e-04
2.783284e+01 5.583951e-04 5.636397e-04 7.372001e-04 3.743456e-04
2.788484e+01 5.636396e-04 5.619788e-04 7.538662e-04 3.750737e-04
2.793684e+01 5.670954e-04 5.574001e-04 7.687929e-04 3.750933e-04
2.798884e+01 5.698993e-04 5.509500e-04 7.834582e-04 3.752899e-04
2.804084e+01 5.732251e-04 5.437870e-04 7.991076e-04 3.767808e-04
2.809284e+01 5.781387e-04 5.370614e-04 8.166460e-04 3.807088e-04
2.814484e+01 5.854764e-04 5.318147e-04 8.366246e-04 3.879898e-04
2.819684e+01 5.957440e-04 5.288880e-04 8.592572e-04 3.990869e-04
2.824884e+01 6.090487e-04 5.288437e-04 8.844133e-04 4.138891e-04
2.830084e+01 6.250902e-04 5.319263e-04 9.115896e-04 4.317545e-04
2.835284e+01 6.432378e-04 5.380910e-04 9.399047e-04 4.517178e-04
2.840484e+01 6.626959e-04 5.471128e-04 9.681756e-04 4.727994e-04
2.845684e+01 6.827185e-04 5.587563e-04 9.950986e-04 4.943008e-04
2.850884e+01 7.028090e-04 5.729593e-04 1.019495e-03 5.159730e-04
2.856084e+01 7.228362e-04 5.899764e-04 1.040534e-03 5.379983e-04
2.861284e+01 7.430286e-04 6.104302e-04 1.057848e-03 5.608079e-04
2.866484e+01 7.638570e-04 6.352421e-04 1.071498e-03 5.848309e-04
2.871684e+01 7.858531e-04 6.654415e-04 1.081829e-03 6.102890e-04
2.876884e+01 8.094315e-04 7.018965e-04 1.089280e-03 6.371182e-04
2.882084e+01 8.347740e-04 7.450528e-04 1.094240e-03 6.650291e-04
2.887284e+01 8.618141e-04 7.947902e-04 1.097002e-03 6.936499e-04
2.892484e+01 8.903252e-04 8.504736e-04 1.097835e-03 7.226674e-04
2.897684e+01 9.200813e-04 9.111910e-04 1.097157e-03 7.518956e-04
2.902884e+01 9.510177e-04 9.760541e-04 1.095756e-03 7.812427e-04
2.908084e+01 9.833000e-04 1.044378e-03 1.094928e-03 8.105935e-04
2.913284e+01 1.017227e-03 1.115596e-03 1.096433e-03 8.396541e-04
2.918484e+01 1.052977e-03 1.188911e-03 1.102197e-03 8.678226e-04
2.923684e+01 1.090291e-03 1.262865e-03 1.113858e-03 8.941487e-04
2.928884e+01 1.128279e-03 1.335082e-03 1.132323e-03 9.174327e-04
2.934084e+01 1.165481e-03 1.402395e-03 1.157575e-03 9.364740e-04
2.939284e+01 1.200210e-03 1.461382e-03 1.188826e-03 9.504210e-04
2.944484e+01 1.231056e-03 1.509134e-03 1.224921e-03 9.591120e-04
2.949684e+01 1.257340e-03 1.543971e-03 1.264780e-03 9.632707e-04
2.954884e+01 1.279300e-03 1.565827e-03 1.307618e-03 9.644549e-04
2.960084e+01 1.297926e-03 1.576199e-03 1.352837e-03 9.647428e-04
2.965284e+01 1.314531e-03 1.577687e-03 1.399658e-03 9.662470e-04
2.970484e+01 1.330214e-03 1.573315e-03 1.446715e-03 9.706131e-04
2.975684e+01 1.345451e-03 1.565850e-03 1.491831e-03 9.786712e-04
2.980884e+01 1.359924e-03 1.557314e-03 1.532118e-03 9.903395e-04
2.986084e+01 1.372640e-03 1.548763e-03 1.564371e-03 1.004785e-03
2.991284e+01 1.382230e-03 1.540331e-03 1.585610e-03 1.020748e-03
2.996484e+01 1.387295e-03 1.531428e-03 1.593570e-03 1.036886e-03
3.001684e+01 1.386667e-03 1.520986e-03 1.586995e-03 1.052021e-03
3.006884e+01 1.379538e-03 1.507696e-03 1.565682e-03 1.065236e-03
3.012084e+01 1.365477e-03 1.490224e-03 1.530345e-03 1.075862e-03
3.017284e+01 1.344447e-03 1.467451e-03 1.482453e-03 1.083436e-03
3.022484e+01 1.316865e-03 1.438746e-03 1.424158e-03 1.087692e-03
3.027684e+01 1.283709e-03 1.404201e-03 1.358330e-03 1.088597e-03
3.032884e+01 1.246564e-03 1.364729e-03 1.288571e-03 1.086392e-03
3.038084e+01 1.207520e-03 1.321936e-03 1.219049e-03 1.081575e-03
3.043284e+01 1.168876e-03 1.277783e-03 1.154033e-03 1.074812e-03
3.048484e+01 1.132718e-03 1.234167e-03 1.097193e-03 1.066795e-03
3.053684e+01 1.100537e-03 1.192600e-03 1.050898e-03 1.058115e-03
3.058884e+01 1.073016e-03 1.154098e-03 1.015790e-03 1.049159e-03
3.064084e+01 1.050060e-03 1.119261e-03 9.908316e-04 1.040086e-03
3.069284e+01 1.031025e-03 1.088448e-03 9.737902e-04 1.030836e-03
3.074484e+01 1.015020e-03 1.061886e-03 9.619776e-04 1.021195e-03
3.079684e+01 1.001159e-03 1.039667e-03 9.529378e-04 1.010872e-03
3.084884e+01 9.887034e-04 1.021626e-03 9.448679e-04 9.996160e-04
3.090084e+01 9.770908e-04 1.007228e-03 9.366964e-04 9.873483e-04
3.095284e+01 9.659196e-04 9.955424e-04 9.279090e-04 9.743074e-04
3.100484e+01 9.549466e-04 9.853839e-04 9.182957e-04 9.611604e-04
3.105684e+01 9.441245e-04 9.755696e-04 9.077767e-04 9.490273e-04
3.110884e+01 9.336561e-04 9.652280e-04 8.963773e-04 9.393628e-04
3.116084e+01 9.240157e-04 9.540434e-04 8.843178e-04 9.336859e-04
3.121284e+01 9.158967e-04 9.423556e-04 8.721242e-04 9.332102e-04
3.126484e+01 9.100768e-04 9.310788e-04 8.606557e-04 9.384958e-04
3.131684e+01 9.072367e-04 9.214592e-04 8.509905e-04 9.492603e-04
3.136884e+01 9.077878e-04 9.147387e-04 8.441767e-04 9.644481e-04
3.142084e+01 9.117640e-04 9.118172e-04 8.409205e-04 9.825543e-04
3.147284e+01 9.188048e-04 9.130119e-04 8.413151e-04 1.002087e-03
3.152484e+01 9.282224e-04 9.179793e-04 8.447103e-04 1.021978e-03
3.157684e+01 9.391104e-04 9.258137e-04 8.497730e-04 1.041745e-03
3.162884e+01 9.504493e-04 9.352838e-04 8.547233e-04 1.061341e-03
3.168084e+01 9.611827e-04 9.451239e-04 8.576754e-04 1.080749e-03
3.173284e+01 9.702770e-04 9.543046e-04 8.569920e-04 1.099534e-03
3.178484e+01 9.768004e-04 9.622250e-04 8.515774e-04 1.116599e-03
3.183684e+01 9.800483e-04 9.688102e-04 8.410677e-04 1.130267e-03
3.188884e+01 9.796952e-04 9.745082e-04 8.259034e-04 1.138674e-03
3.194084e+01 9.759073e-04 9.801846e-04 8.072870e-04 1.140250e-03
3.199284e+01 9.693399e-04 9.869044e-04 7.870365e-04 1.134079e-03
3.204484e+01 9.609891e-04 9.956198e-04 7.673570e-04 1.119990e-03
3.209684e+01 9.519432e-04 1.006828e-03 7.505620e-04 1.098440e-03
3.214884e+01 9.431405e-04 1.020313e-03 7.387845e-04 1.070324e-03
3.220084e+01 9.352357e-04 1.035099e-03 7.337087e-04 1.036899e-03
3.225284e+01 9.286216e-04 1.049675e-03 7.363549e-04 9.998347e-04
3.230484e+01 9.235626e-04 1.062441e-03 7.469450e-04 9.613019e-04
3.235684e+01 9.203495e-04 1.072240e-03 7.648840e-04 9.239241e-04
3.240884e+01 9.193845e-04 1.078774e-03 7.888876e-04 8.904921e-04
3.246084e+01 9.211637e-04 1.082744e-03 8.172588e-04 8.634879e-04
3.251284e+01 9.261799e-04 1.085686e-03 8.482694e-04 8.445838e-04
3.256484e+01 9.348061e-04 1.089547e-03 8.805518e-04 8.343193e-04
3.261684e+01 9.472089e-04 1.096175e-03 9.133724e-04 8.320794e-04
3.266884e+01 9.633060e-04 1.106874e-03 9.466757e-04 8.363683e-04
3.272084e+01 9.827503e-04 1.122138e-03 9.808513e-04 8.452616e-04
3.277284e+01 1.004917e-03 1.141600e-03 1.016280e-03 8.568724e-04
3.282484e+01 1.028893e-03 1.164162e-03 1.052826e-03 8.696907e-04
3.287684e+01 1.053487e-03 1.188249e-03 1.089486e-03 8.827262e-04
3.292884e+01 1.077307e-03 1.212095e-03 1.124365e-03 8.954617e-04
3.298084e+01 1.098899e-03 1.234005e-03 1.155005e-03 9.076859e-04
3.303284e+01 1.116915e-03 1.252520e-03 1.178929e-03 9.192961e-04
3.308484e+01 1.130255e-03 1.266456e-03 1.194158e-03 9.301504e-04
3.313684e+01 1.138126e-03 1.274849e-03 1.199515e-03 9.400145e-04
3.318884e+01 1.140043e-03 1.276863e-03 1.194663e-03 9.486019e-04
3.324084e+01 1.135805e-03 1.271766e-03 1.179976e-03 9.556734e-04
3.329284e+01 1.125518e-03 1.259035e-03 1.156379e-03 9.611399e-04
3.334484e+01 1.109656e-03 1.238577e-03 1.125275e-03 9.651167e-04
3.339684e+01 1.089113e-03 1.210946e-03 1.088500e-03 9.678927e-04
3.344884e+01 1.065163e-03 1.177430e-03 1.048247e-03 9.698126e-04
3.350084e+01 1.039299e-03 1.139915e-03 1.006882e-03 9.711008e-04
3.355284e+01 1.012989e-03 1.100585e-03 9.666966e-04 9.716850e-04
3.360484e+01 9.874413e-04 1.061566e-03 9.296755e-04 9.710830e-04
3.365684e+01 9.634721e-04 1.024653e-03 8.973633e-04 9.684001e-04
3.370884e+01 9.414957e-04 9.911950e-04 8.708356e-04 9.624566e-04
3.376084e+01 9.216036e-04 9.620643e-04 8.507256e-04 9.520209e-04
3.381284e+01 9.036625e-04 9.376378e-04 8.372500e-04 9.360996e-04
3.386484e+01 8.873902e-04 9.177417e-04 8.302158e-04 9.142132e-04
3.391684e+01 8.724063e-04 9.016016e-04 8.290286e-04 8.865887e-04
3.396884e+01 8.582828e-04 8.879068e-04 8.327243e-04 8.542174e-04
3.402084e+01 8.446128e-04 8.750595e-04 8.400274e-04 8.187517e-04
3.407284e+01 8.310867e-04 8.615882e-04 8.494170e-04 7.822549e-04
3.412484e+01 8.175485e-04 8.465942e-04 8.591936e-04 7.468577e-04
3.417684e+01 8.040110e-04 8.300648e-04 8.675612e-04 7.144071e-04
3.422884e+01 7.906300e-04 8.129311e-04 8.727579e-04 6.862011e-04
3.428084e+01 7.776558e-04 7.968451e-04 8.732491e-04 6.628733e-04
3.433284e+01 7.653806e-04 7.837467e-04 8.679601e-04 6.444349e-04
3.438484e+01 7.540862e-04 7.753456e-04 8.564838e-04 6.304292e-04
3.443684e+01 7.439892e-04 7.726561e-04 8.391895e-04 6.201220e-04
3.448884e+01 7.351822e-04 7.756972e-04 8.171782e-04 6.126714e-04
3.454084e+01 7.275858e-04 7.834294e-04 7.920725e-04 6.072556e-04
3.459284e+01 7.209303e-04 7.939403e-04 7.656828e-04 6.031677e-04
3.464484e+01 7.147827e-04 8.048256e-04 7.396310e-04 5.998914e-04
3.469684e+01 7.086160e-04 8.136609e-04 7.150358e-04 5.971512e-04
3.474884e+01 7.018991e-04 8.184350e-04 6.923501e-04 5.949122e-04
3.480084e+01 6.941841e-04 8.178449e-04 6.714003e-04 5.933070e-04
3.485284e+01 6.851720e-04 8.114080e-04 6.516113e-04 5.924968e-04
3.490484e+01 6.747510e-04 7.994115e-04 6.323348e-04 5.925067e-04
3.495684e+01 6.630040e-04 7.827509e-04 6.131625e-04 5.930984e-04
3.500884e+01 6.501859e-04 7.627120e-04 5.941097e-04 5.937359e-04
3.506084e+01 6.366679e-04 7.407332e-04 5.756053e-04 5.936653e-04
3.511284e+01 6.228545e-04 7.181754e-04 5.583015e-04 5.920866e-04
3.516484e+01 6.090924e-04 6.961385e-04 5.427825e-04 5.883562e-04
3.521684e+01 5.956040e-04 6.753679e-04 5.292946e-04 5.821495e-04
3.526884e+01 5.824711e-04 6.562809e-04 5.176027e-04 5.735296e-04
3.532084e+01 5.696770e-04 6.390922e-04 5.070301e-04 5.629086e-04
3.537284e+01 5.571836e-04 6.239622e-04 4.966605e-04 5.509282e-04
3.542484e+01 5.450002e-04 6.110733e-04 4.856210e-04 5.383062e-04
3.547684e+01 5.332053e-04 6.005783e-04 4.733382e-04 5.256994e-04
3.552884e+01 5.219131e-04 5.924471e-04 4.596807e-04 5.136115e-04
3.558084e+01 5.112076e-04 5.863121e-04 4.449543e-04 5.023563e-04
3.563284e+01 5.010915e-04 5.814313e-04 4.297760e-04 4.920671e-04
3.568484e+01 4.914864e-04 5.768302e-04 4.148917e-04 4.827372e-04
3.573684e+01 4.822896e-04 5.715889e-04 4.010081e-04 4.742718e-04
3.578884e+01 4.734580e-04 5.651527e-04 3.886863e-04 4.665351e-04
3.584084e+01 4.650723e-04 5.575240e-04 3.783087e-04 4.593841e-04
3.589284e+01 4.573465e-04 5.492408e-04 3.701085e-04 4.526902e-04
3.594484e+01 4.505758e-04 5.411462e-04 3.642294e-04 4.463518e-04
3.599684e+01 4.450428e-04 5.340421e-04 3.607839e-04 4.403024e-04
3.604884e+01 4.409206e-04 5.283728e-04 3.598808e-04 4.345083e-04
3.610084e+01 4.382040e-04 5.240584e-04 3.616049e-04 4.289487e-04
3.615284e+01 4.366874e-04 5.205336e-04 3.659519e-04 4.235768e-04
3.620484e+01 4.359935e-04 5.169589e-04 3.727429e-04 4.182787e-04
3.625684e+01 4.356431e-04 5.125112e-04 3.815575e-04 4.128605e-04
3.630884e+01 4.351546e-04 5.066431e-04 3.917281e-04 4.070925e-04
3.636084e+01 4.341529e-04 4.992298e-04 4.024195e-04 4.008093e-04
3.641284e+01 4.324672e-04 4.905755e-04 4.127904e-04 3.940356e-04
3.646484e+01 4.301928e-04 4.813031e-04 4.222021e-04 3.870731e-04
3.651684e+01 4.276975e-04 4.721850e-04 4.304123e-04 3.804951e-04
3.656884e+01 4.255625e-04 4.639793e-04 4.376845e-04 3.750237e-04
3.662084e+01 4.244683e-04 4.573190e-04 4.447602e-04 3.713258e-04
3.667284e+01 4.250539e-04 4.526747e-04 4.526837e-04 3.698032e-04
3.672484e+01 4.277888e-04 4.503809e-04 4.625170e-04 3.704686e-04
3.677684e+01 4.328960e-04 4.506919e-04 4.750276e-04 3.729684e-04
3.682884e+01 4.403412e-04 4.538249e-04 4.904460e-04 3.767527e-04
3.688084e+01 4.498858e-04 4.599558e-04 5.083686e-04 3.813331e-04
3.693284e+01 4.611756e-04 4.691587e-04 5.278363e-04 3.865318e-04
3.698484e+01 4.738330e-04 4.813109e-04 5.475577e-04 3.926303e-04
3.703684e+01 4.875262e-04 4.960080e-04 5.662052e-04 4.003653e-04
3.708884e+01 5.019948e-04 5.125334e-04 5.826838e-04 4.107671e-04
3.714084e+01 5.170283e-04 5.299064e-04 5.962928e-04 4.248857e-04
3.719284e+01 5.324047e-04 5.469992e-04 6.067413e-04 4.434735e-04
3.724484e+01 5.478133e-04 5.626933e-04 6.140398e-04 4.667069e-04
3.729684e+01 5.628032e-04 5.760384e-04 6.183436e-04 4.940276e-04
3.734884e+01 5.767972e-04 5.863890e-04 6.198366e-04 5.241661e-04
3.740084e+01 5.891967e-04 5.934997e-04 6.187177e-04 5.553728e-04
3.745284e+01 5.995541e-04 5.975604e-04 6.152866e-04 5.858154e-04
3.750484e+01 6.077520e-04 5.991549e-04 6.100682e-04 6.140329e-04
3.755684e+01 6.141021e-04 5.991300e-04 6.038868e-04 6.392895e-04
3.760884e+01 6.193009e-04 5.983936e-04 5.978237e-04 6.616853e-04
3.766084e+01 6.242370e-04 5.976936e-04 5.930485e-04 6.819689e-04
3.771284e+01 6.297178e-04 5.974546e-04 5.905740e-04 7.011249e-04
3.776484e+01 6.362257e-04 5.977361e-04 5.910207e-04 7.199201e-04
3.781684e+01 6.438070e-04 5.983337e-04 5.944693e-04 7.386182e-04
3.786884e+01 6.521415e-04 5.989796e-04 6.004506e-04 7.569942e-04
3.792084e+01 6.607554e-04 5.995567e-04 6.080775e-04 7.746320e-04
3.797284e+01 6.692867e-04 6.002289e-04 6.162838e-04 7.913473e-04
3.802484e+01 6.776877e-04 6.014338e-04 6.241104e-04 8.075191e-04
3.807684e+01 6.862871e-04 6.037403e-04 6.309566e-04 8.241643e-04
3.812884e+01 6.956894e-04 6.076362e-04 6.367125e-04 8.427196e-04
3.818084e+01 7.065566e-04 6.133309e-04 6.417127e-04 8.646261e-04
3.823284e+01 7.193515e-04 6.206505e-04 6.465116e-04 8.908923e-04
3.828484e+01 7.341369e-04 6.290559e-04 6.515573e-04 9.217976e-04
3.833684e+01 7.504947e-04 6.377640e-04 6.569003e-04 9.568198e-04
3.838884e+01 7.675853e-04 6.459171e-04 6.620673e-04 9.947715e-04
3.844084e+01 7.843146e-04 6.527360e-04 6.661634e-04 1.034044e-03
3.849284e+01 7.995393e-04 6.576200e-04 6.681590e-04 1.072839e-03
3.854484e+01 8.122426e-04 6.601925e-04 6.672409e-04 1.109295e-03
3.859684e+01 8.216358e-04 6.603144e-04 6.630868e-04 1.141506e-03
3.864884e+01 8.271863e-04 6.580829e-04 6.559699e-04 1.167506e-03
3.870084e+01 8.286003e-04 6.538080e-04 6.466829e-04 1.185310e-03
3.875284e+01 8.257937e-04 6.479448e-04 6.363299e-04 1.193106e-03
3.880484e+01 8.188689e-04 6.409705e-04 6.260679e-04 1.189568e-03
3.885684e+01 8.080945e-04 6.332391e-04 6.168664e-04 1.174178e-03
3.890884e+01 7.938778e-04 6.248772e-04 6.093331e-04 1.147423e-03
3.896084e+01 7.767274e-04 6.157866e-04 6.036266e-04 1.110769e-03
3.901284e+01 7.572150e-04 6.057661e-04 5.994656e-04 1.066413e-03
3.906484e+01 7.359521e-04 5.947008e-04 5.962271e-04 1.016929e-03
3.911684e+01 7.135836e-04 5.827221e-04 5.931142e-04 9.649145e-04
3.916884e+01 6.907907e-04 5.702571e-04 5.893594e-04 9.127557e-04
3.922084e+01 6.682850e-04 5.579424e-04 5.844178e-04 8.624949e-04
3.927284e+01 6.467788e-04 5.464478e-04 5.781063e-04 8.157822e-04
3.932484e+01 6.269317e-04 5.362926e-04 5.706567e-04 7.738458e-04
3.937684e+01 6.092838e-04 5.277316e-04 5.626647e-04 7.374550e-04
3.942884e+01 5.941925e-04 5.207431e-04 5.549460e-04 7.068883e-04
3.948084e+01 5.817905e-04 5.151064e-04 5.483293e-04 6.819358e-04
3.953284e+01 5.719778e-04 5.105231e-04 5.434451e-04 6.619654e-04
3.958484e+01 5.644549e-04 5.067347e-04 5.405742e-04 6.460558e-04
3.963684e+01 5.587964e-04 5.036078e-04 5.396098e-04 6.331715e-04
3.968884e+01 5.545532e-04 5.011702e-04 5.401494e-04 6.223400e-04
3.974084e+01 5.513575e-04 4.996027e-04 5.416818e-04 6.127880e-04
3.979284e+01 5.489978e-04 4.991889e-04 5.437916e-04 6.040129e-04
3.984484e+01 5.474373e-04 5.002330e-04 5.462925e-04 5.957863e-04
3.989684e+01 5.467671e-04 5.029602e-04 5.492328e-04 5.881083e-04
3.994884e+01 5.471114e-04 5.074180e-04 5.527751e-04 5.811411e-04
4.000084e+01 5.485208e-04 5.134062e-04 5.570149e-04 5.751413e-04
4.005284e+01 5.508934e-04 5.204571e-04 5.618275e-04 5.703957e-04
4.010484e+01 5.539488e-04 5.278782e-04 5.668178e-04 5.671503e-04
4.015684e+01 5.572586e-04 5.348553e-04 5.713951e-04 5.655255e-04
4.020884e+01 5.603213e-04 5.405937e-04 5.749387e-04 5.654316e-04
4.026084e+01 5.626567e-04 5.444652e-04 5.769867e-04 5.665182e-04
4.031284e+01 5.638992e-04 5.461198e-04 5.773799e-04 5.681979e-04
4.036484e+01 5.638689e-04 5.455331e-04 5.763151e-04 5.697586e-04
4.041684e+01 5.626027e-04 5.429738e-04 5.742957e-04 5.705387e-04
4.046884e+01 5.603326e-04 5.389043e-04 5.719925e-04 5.701008e-04
4.052084e+01 5.574078e-04 5.338432e-04 5.700486e-04 5.683316e-04
4.057284e+01 5.541779e-04 5.282274e-04 5.688758e-04 5.654306e-04
4.062484e+01 5.508714e-04 5.223103e-04 5.685070e-04 5.617967e-04
4.067684e+01 5.475185e-04 5.161195e-04 5.685615e-04 5.578743e-04
4.072884e+01 5.439563e-04 5.094861e-04 5.683578e-04 5.540251e-04
4.078084e+01 5.399230e-04 5.021430e-04 5.671518e-04 5.504742e-04
4.083284e+01 5.352105e-04 4.938743e-04 5.644260e-04 5.473311e-04
4.088484e+01 5.298170e-04 4.846755e-04 5.601225e-04 5.446529e-04
4.093684e+01 5.240402e-04 4.748761e-04 5.547389e-04 5.425057e-04
4.098884e+01 5.184776e-04 4.651751e-04 5.492614e-04 5.409961e-04
4.104084e+01 5.139369e-04 4.565652e-04 5.449761e-04 5.402694e-04
4.109284e+01 5.112917e-04 4.501548e-04 5.432337e-04 5.404865e-04
4.114484e+01 5.113215e-04 4.469351e-04 5.452356e-04 5.417937e-04
4.119684e+01 5.145741e-04 4.475584e-04 5.518732e-04 5.442905e-04
4.124884e+01 5.212698e-04 4.521944e-04 5.636181e-04 5.479968e-04
4.130084e+01 5.312623e-04 4.605116e-04 5.804484e-04 5.528270e-04
4.135284e+01 5.440616e-04 4.717906e-04 6.018087e-04 5.585855e-04
4.140484e+01 5.589161e-04 4.851340e-04 6.266190e-04 5.649954e-04
4.145684e+01 5.749388e-04 4.997006e-04 6.533580e-04 5.717577e-04
4.150884e+01 5.912446e-04 5.148807e-04 6.802366e-04 5.786165e-04
4.156084e+01 6.070677e-04 5.303548e-04 7.054488e-04 5.853996e-04
4.161284e+01 6.218334e-04 5.460258e-04 7.274574e-04 5.920169e-04
4.166484e+01 6.351837e-04 5.618721e-04 7.452508e-04 5.984282e-04
4.171684e+01 6.469719e-04 5.777991e-04 7.585076e-04 6.046091e-04
4.176884e+01 6.572453e-04 5.935628e-04 7.676261e-04 6.105470e-04
4.182084e+01 6.662245e-04 6.087967e-04 7.736049e-04 6.162717e-04
4.187284e+01 6.742720e-04 6.231196e-04 7.777965e-04 6.219000e-04
4.192484e+01 6.818331e-04 6.362619e-04 7.815801e-04 6.276573e-04
4.197684e+01 6.893413e-04 6.481458e-04 7.860279e-04 6.338502e-04
4.202884e+01 6.971060e-04 6.588767e-04 7.916508e-04 6.407906e-04
4.208084e+01 7.052178e-04 6.686561e-04 7.983000e-04 6.486973e-04
4.213284e+01 7.135144e-04 6.776610e-04 8.052673e-04 6.576149e-04
4.218484e+01 7.216310e-04 6.859502e-04 8.115587e-04 6.673841e-04
4.223684e+01 7.291221e-04 6.934407e-04 8.162501e-04 6.776755e-04
4.228884e+01 7.356116e-04 6.999635e-04 8.187968e-04 6.880745e-04
4.234084e+01 7.409141e-04 7.053716e-04 8.191881e-04 6.981827e-04
4.239284e+01 7.450820e-04 7.096535e-04 8.178960e-04 7.076965e-04
4.244484e+01 7.483670e-04 7.130087e-04 8.156526e-04 7.164397e-04
4.249684e+01 7.511180e-04 7.158583e-04 8.131454e-04 7.243503e-04
4.254884e+01 7.536576e-04 7.187881e-04 8.107418e-04 7.314430e-04
4.260084e+01 7.561837e-04 7.224432e-04 8.083362e-04 7.377717e-04
4.265284e+01 7.587252e-04 7.274073e-04 8.053686e-04 7.433998e-04
4.270484e+01 7.611615e-04 7.341062e-04 8.010097e-04 7.483686e-04
4.275684e+01 7.632902e-04 7.427649e-04 7.944579e-04 7.526478e-04
4.280884e+01 7.649170e-04 7.534301e-04 7.852485e-04 7.560724e-04
4.286084e+01 7.659325e-04 7.660372e-04 7.734655e-04 7.582947e-04
4.291284e+01 7.663494e-04 7.804827e-04 7.597714e-04 7.587941e-04
4.296484e+01 7.662882e-04 7.966580e-04 7.452360e-04 7.569705e-04
4.301684e+01 7.659224e-04 8.144281e-04 7.310277e-04 7.523115e-04
4.306884e+01 7.654082e-04 8.335642e-04 7.180818e-04 7.445787e-04
4.312084e+01 7.648251e-04 8.536642e-04 7.068691e-04 7.339419e-04
4.317284e+01 7.641430e-04 8.740930e-04 6.973337e-04 7.210022e-04
4.322484e+01 7.632167e-04 8.939629e-04 6.890011e-04 7.066861e-04
4.327684e+01 7.618012e-04 9.121617e-04 6.811948e-04 6.920472e-04
4.332884e+01 7.595883e-04 9.274413e-04 6.732821e-04 6.780415e-04
4.338084e+01 7.562702e-04 9.385796e-04 6.648784e-04 6.653528e-04
4.343284e+01 7.516338e-04 9.446169e-04 6.559702e-04 6.543142e-04
4.348484e+01 7.456674e-04 9.451296e-04 6.469389e-04 6.449336e-04
4.353684e+01 7.386407e-04 9.404526e-04 6.384793e-04 6.369902e-04
4.358884e+01 7.311063e-04 9.317422e-04 6.314267e-04 6.301501e-04
4.364084e+01 7.237947e-04 9.208001e-04 6.265280e-04 6.240560e-04
4.369284e+01 7.174191e-04 9.096649e-04 6.242239e-04 6.183683e-04
4.374484e+01 7.124575e-04 9.000833e-04 6.245206e-04 6.127687e-04
4.379684e+01 7.090011e-04 8.930428e-04 6.270056e-04 6.069550e-04
4.384884e+01 7.067344e-04 8.885409e-04 6.310032e-04 6.006591e-04
4.390084e+01 7.050564e-04 8.856778e-04 6.357952e-04 5.936962e-04
4.395284e+01 7.032865e-04 8.830270e-04 6.408043e-04 5.860281e-04
4.400484e+01 7.008687e-04 8.791330e-04 6.456631e-04 5.778101e-04
4.405684e+01 6.975027e-04 8.729516e-04 6.501646e-04 5.693919e-04
4.410884e+01 6.931761e-04 8.640988e-04 6.541580e-04 5.612716e-04
4.416084e+01 6.881239e-04 8.528734e-04 6.574771e-04 5.540212e-04
4.421284e+01 6.827593e-04 8.401054e-04 6.599557e-04 5.482168e-04
4.426484e+01 6.776108e-04 8.269213e-04 6.615171e-04 5.443942e-04
4.431684e+01 6.732730e-04 8.145079e-04 6.622754e-04 5.430356e-04
4.436884e+01 6.703574e-04 8.039241e-04 6.625788e-04 5.445692e-04
4.442084e+01 6.694276e-04 7.959743e-04 6.629554e-04 5.493532e-04
4.447284e+01 6.709115e-04 7.911365e-04 6.639761e-04 5.576219e-04
4.452484e+01 6.750010e-04 7.895253e-04 6.660840e-04 5.693937e-04
4.457684e+01 6.815644e-04 7.908671e-04 6.694559e-04 5.843703e-04
4.462884e+01 6.900998e-04 7.944768e-04 6.739456e-04 6.018772e-04
4.468084e+01 6.997596e-04 7.992593e-04 6.791271e-04 6.208923e-04
4.473284e+01 7.094616e-04 8.037862e-04 6.844196e-04 6.401791e-04
4.478484e+01 7.180802e-04 8.065009e-04 6.892454e-04 6.584945e-04
4.483684e+01 7.246795e-04 8.060557e-04 6.931683e-04 6.748145e-04
4.488884e+01 7.287254e-04 8.017009e-04 6.959677e-04 6.885077e-04
4.494084e+01 7.302066e-04 7.935750e-04 6.976324e-04 6.994123e-04
4.499284e+01 7.296135e-04 7.827464e-04 6.982905e-04 7.078037e-04
4.504484e+01 7.277742e-04 7.709377e-04 6.981122e-04 7.142728e-04
4.509684e+01 7.255981e-04 7.600017e-04 6.972367e-04 7.195560e-04
4.514884e+01 7.238170e-04 7.513320e-04 6.957576e-04 7.243615e-04
4.520084e+01 7.228092e-04 7.454252e-04 6.937758e-04 7.292266e-04
4.525284e+01 7.225521e-04 7.417490e-04 6.914816e-04 7.344257e-04
4.530484e+01 7.226934e-04 7.389489e-04 6.892035e-04 7.399279e-04
4.535684e+01 7.226882e-04 7.353025e-04 6.873626e-04 7.453995e-04
4.540884e+01 7.219407e-04 7.292531e-04 6.863228e-04 7.502462e-04
4.546084e+01 7.199136e-04 7.198526e-04 6.861923e-04 7.536958e-04
4.551284e+01 7.161961e-04 7.069869e-04 6.866807e-04 7.549207e-04
4.556484e+01 7.105473e-04 6.913442e-04 6.871106e-04 7.531872e-04
4.561684e+01 7.029271e-04 6.741659e-04 6.866158e-04 7.479996e-04
4.566884e+01 6.935166e-04 6.568829e-04 6.844694e-04 7.391976e-04
4.572084e+01 6.827149e-04 6.407594e-04 6.804092e-04 7.269761e-04
4.577284e+01 6.710952e-04 6.266446e-04 6.748189e-04 7.118222e-04
4.582484e+01 6.593187e-04 6.148797e-04 6.686761e-04 6.944003e-04
4.587684e+01 6.480169e-04 6.053457e-04 6.632752e-04 6.754297e-04
4.592884e+01 6.376717e-04 5.975962e-04 6.598252e-04 6.555936e-04
4.598084e+01 6.285247e-04 5.910091e-04 6.590739e-04 6.354912e-04
4.603284e+01 6.205399e-04 5.849141e-04 6.610893e-04 6.156165e-04
4.608484e+01 6.134279e-04 5.786837e-04 6.652600e-04 5.963401e-04
4.613684e+01 6.067246e-04 5.718031e-04 6.704875e-04 5.778833e-04
4.618884e+01 5.999039e-04 5.639328e-04 6.754779e-04 5.603009e-04
4.624084e+01 5.924979e-04 5.549652e-04 6.790276e-04 5.435008e-04
4.629284e+01 5.841983e-04 5.450504e-04 6.802251e-04 5.273194e-04
4.634484e+01 5.749141e-04 5.345608e-04 6.785408e-04 5.116407e-04
4.639684e+01 5.647714e-04 5.239826e-04 6.738162e-04 4.965155e-04
4.644884e+01 5.540579e-04 5.137561e-04 6.661875e-04 4.822302e-04
4.650084e+01 5.431351e-04 5.041269e-04 6.559875e-04 4.692909e-04
4.655284e+01 5.323543e-04 4.950754e-04 6.436623e-04 4.583252e-04
4.660484e+01 5.220100e-04 4.863662e-04 6.297277e-04 4.499361e-04
4.665684e+01 5.123386e-04 4.776976e-04 6.147650e-04 4.445530e-04
4.670884e+01 5.035453e-04 4.688851e-04 5.994307e-04 4.423202e-04
4.676084e+01 4.958250e-04 4.599888e-04 5.844433e-04 4.430428e-04
4.681284e+01 4.893497e-04 4.513289e-04 5.705230e-04 4.461972e-04
4.686484e+01 4.842253e-04 4.433851e-04 5.582937e-04 4.509973e-04
4.691684e+01 4.804423e-04 4.366347e-04 5.481855e-04 4.565068e-04
4.696884e+01 4.778531e-04 4.314041e-04 5.403821e-04 4.617731e-04
4.702084e+01 4.761933e-04 4.277918e-04 5.348305e-04 4.659576e-04
4.707284e+01 4.751362e-04 4.256824e-04 5.312990e-04 4.684273e-04
4.712484e+01 4.743511e-04 4.248225e-04 5.294441e-04 4.687866e-04
4.717684e+01 4.735380e-04 4.249146e-04 5.288564e-04 4.668431e-04
4.722884e+01 4.724297e-04 4.256839e-04 5.290760e-04 4.625292e-04
4.728084e+01 4.707741e-04 4.269036e-04 5.295981e-04 4.558207e-04
4.733284e+01 4.683246e-04 4.283871e-04 5.298915e-04 4.466952e-04
4.738484e+01 4.648590e-04 4.299754e-04 5.294473e-04 4.351544e-04
4.743684e+01 4.602299e-04 4.315383e-04 5.278508e-04 4.213008e-04
4.748884e+01 4.544260e-04 4.329945e-04 5.248567e-04 4.054268e-04
4.754084e+01 4.476142e-04 4.343334e-04 5.204445e-04 3.880648e-04
4.759284e+01 4.401348e-04 4.356145e-04 5.148311e-04 3.699589e-04
4.764484e+01 4.324439e-04 4.369353e-04 5.084365e-04 3.519599e-04
4.769684e+01 4.250181e-04 4.383720e-04 5.018064e-04 3.348759e-04
4.774884e+01 4.182554e-04 4.399179e-04 4.955132e-04 3.193352e-04
4.780084e+01 4.124049e-04 4.414454e-04 4.900631e-04 3.057062e-04
4.785284e+01 4.075445e-04 4.427064e-04 4.858359e-04 2.940913e-04
4.790484e+01 4.036078e-04 4.433745e-04 4.830646e-04 2.843843e-04
4.795684e+01 4.004417e-04 4.431222e-04 4.818449e-04 2.763581e-04
4.800884e+01 3.978732e-04 4.417194e-04 4.821493e-04 2.697508e-04
4.806084e+01 3.957623e-04 4.391324e-04 4.838266e-04 2.643277e-04
4.811284e+01 3.940307e-04 4.355939e-04 4.865900e-04 2.599081e-04
4.816484e+01 3.926605e-04 4.316074e-04 4.900132e-04 2.563608e-04
4.821684e+01 3.916677e-04 4.278633e-04 4.935612e-04 2.535787e-04
4.826884e+01 3.910626e-04 4.250751e-04 4.966611e-04 2.514517e-04
4.832084e+01 3.908130e-04 4.237848e-04 4.987997e-04 2.498545e-04
4.837284e+01 3.908310e-04 4.242142e-04 4.996184e-04 2.486605e-04
4.842484e+01 3.909960e-04 4.262314e-04 4.989819e-04 2.477746e-04
4.847684e+01 3.912088e-04 4.294545e-04 4.970063e-04 2.471656e-04
4.852884e+01 3.914570e-04 4.334502e-04 4.940446e-04 2.468762e-04
4.858084e+01 3.918564e-04 4.379382e-04 4.906287e-04 2.470024e-04
4.863284e+01 3.926446e-04 4.429092e-04 4.873715e-04 2.476533e-04
4.868484e+01 3.941231e-04 4.486139e-04 4.848408e-04 2.489145e-04
4.873684e+01 3.965711e-04 4.554459e-04 4.834326e-04 2.508347e-04
4.878884e+01 4.001692e-04 4.637896e-04 4.832796e-04 2.534384e-04
4.884084e+01 4.049583e-04 4.738989e-04 4.842265e-04 2.567495e-04
4.889284e+01 4.108391e-04 4.858328e-04 4.858771e-04 2.608073e-04
4.894484e+01 4.175937e-04 4.994251e-04 4.876965e-04 2.656595e-04
4.899684e+01 4.249077e-04 5.142505e-04 4.891353e-04 2.713373e-04
4.904884e+01 4.323862e-04 5.295811e-04 4.897496e-04 2.778280e-04
4.910084e+01 4.395793e-04 5.443725e-04 4.893001e-04 2.850653e-04
4.915284e+01 4.460373e-04 5.573410e-04 4.878218e-04 2.929489e-04
4.920484e+01 4.514031e-04 5.671697e-04 4.856524e-04 3.013873e-04
4.925684e+01 4.555180e-04 5.728121e-04 4.834001e-04 3.103417e-04
4.930884e+01 4.584943e-04 5.737999e-04 4.818390e-04 3.198440e-04
4.936084e+01 4.607151e-04 5.704318e-04 4.817450e-04 3.299686e-04
4.941284e+01 4.627468e-04 5.637617e-04 4.837148e-04 3.407640e-04
4.946484e+01 4.651904e-04 5.553742e-04 4.880273e-04 3.521696e-04
4.951684e+01 4.685251e-04 5.470174e-04 4.945972e-04 3.639606e-04
4.956884e+01 4.729969e-04 5.402061e-04 5.030318e-04 3.757526e-04
4.962084e+01 4.785803e-04 5.359068e-04 5.127564e-04 3.870776e-04
4.967284e+01 4.850123e-04 5.343796e-04 5.231479e-04 3.975093e-04
4.972484e+01 4.918731e-04 5.351998e-04 5.336219e-04 4.067975e-04
4.977684e+01 4.986840e-04 5.374341e-04 5.436552e-04 4.149628e-04
4.982884e+01 5.050000e-04 5.399153e-04 5.527705e-04 4.223140e-04
4.988084e+01 5.104863e-04 5.415437e-04 5.605360e-04 4.293792e-04
4.993284e+01 5.149776e-04 5.415468e-04 5.666169e-04 4.367692e-04
4.998484e+01 5.185136e-04 5.396426e-04 5.708811e-04 4.450172e-04
5.003684e+01 5.213426e-04 5.360784e-04 5.735065e-04 4.544427e-04
5.008884e+01 5.238805e-04 5.315444e-04 5.750204e-04 4.650766e-04
5.014084e+01 5.266216e-04 5.269919e-04 5.762139e-04 4.766591e-04
5.019284e+01 5.300116e-04 5.234091e-04 5.779297e-04 4.886962e-04
5.024484e+01 5.343171e-04 5.216190e-04 5.807835e-04 5.005489e-04
5.029684e+01 5.395361e-04 5.221566e-04 5.849233e-04 5.115284e-04
5.034884e+01 5.453864e-04 5.252516e-04 5.899275e-04 5.209802e-04
5.040084e+01 5.513845e-04 5.309018e-04 5.948994e-04 5.283524e-04
5.045284e+01 5.569892e-04 5.389820e-04 5.987348e-04 5.332508e-04
5.050484e+01 5.617615e-04 5.493226e-04 6.004744e-04 5.354876e-04
5.055684e+01 5.654849e-04 5.617118e-04 5.996151e-04 5.351278e-04
5.060884e+01 5.682078e-04 5.758236e-04 5.962756e-04 5.325242e-04
5.066084e+01 5.702012e-04 5.911149e-04 5.911700e-04 5.283188e-04
5.071284e+01 5.718555e-04 6.067613e-04 5.854194e-04 5.233858e-04
5.076484e+01 5.735565e-04 6.216891e-04 5.802786e-04 5.187018e-04
5.081684e+01 5.755874e-04 6.347239e-04 5.768729e-04 5.151654e-04
5.086884e+01 5.780832e-04 6.448218e-04 5.760101e-04 5.134176e-04
5.092084e+01 5.810443e-04 6.513111e-04 5.780934e-04 5.137285e-04
5.097284e+01 5.843907e-04 6.540560e-04 5.831230e-04 5.159932e-04
5.102484e+01 5.880245e-04 6.534775e-04 5.907582e-04 5.198379e-04
5.107684e+01 5.918728e-04 6.504200e-04 6.004083e-04 5.247901e-04
5.112884e+01 5.958946e-04 6.459090e-04 6.113307e-04 5.304442e-04
5.118084e+01 6.000545e-04 6.408840e-04 6.227209e-04 5.365587e-04
5.123284e+01 6.042759e-04 6.359893e-04 6.337851e-04 5.430535e-04
5.128484e+01 6.083940e-04 6.314701e-04 6.437917e-04 5.499202e-04
5.133684e+01 6.121256e-04 6.271801e-04 6.521050e-04 5.570915e-04
5.138884e+01 6.150700e-04 6.226712e-04 6.582046e-04 5.643343e-04
5.144084e+01 6.167505e-04 6.173309e-04 6.617019e-04 5.712186e-04
5.149284e+01 6.166918e-04 6.105379e-04 6.623580e-04 5.771797e-04
5.154484e+01 6.145200e-04 6.018130e-04 6.600991e-04 5.816477e-04
5.159684e+01 6.100515e-04 5.909443e-04 6.550221e-04 5.841881e-04
5.164884e+01 6.033419e-04 5.780607e-04 6.473753e-04 5.845897e-04
5.170084e+01 5.946734e-04 5.636343e-04 6.375146e-04 5.828713e-04
5.175284e+01 5.844889e-04 5.484070e-04 6.258428e-04 5.792170e-04
5.180484e+01 5.733022e-04 5.332609e-04 6.127548e-04 5.738910e-04
5.185684e+01 5.616217e-04 5.190682e-04 5.986099e-04 5.671868e-04
5.190884e+01 5.499160e-04 5.065646e-04 5.837411e-04 5.594422e-04
5.196084e+01 5.386257e-04 4.962773e-04 5.684968e-04 5.511029e-04
5.201284e+01 5.281994e-04 4.885187e-04 5.532954e-04 5.427840e-04
5.206484e+01 5.191172e-04 4.834284e-04 5.386611e-04 5.352622e-04
5.211684e+01 5.118672e-04 4.810264e-04 5.252132e-04 5.293620e-04
5.216884e+01 5.068579e-04 4.812363e-04 5.135895e-04 5.257478e-04
5.222084e+01 5.042843e-04 4.838551e-04 5.043100e-04 5.246877e-04
5.227284e+01 5.039962e-04 4.884814e-04 4.976209e-04 5.258862e-04
5.232484e+01 5.054319e-04 4.944480e-04 4.933779e-04 5.284699e-04
5.237684e+01 5.076711e-04 5.008196e-04 4.910327e-04 5.311611e-04
5.242884e+01 5.096155e-04 5.064995e-04 4.897467e-04 5.326004e-04
5.248084e+01 5.102554e-04 5.104325e-04 4.886101e-04 5.317236e-04
5.253284e+01 5.089319e-04 5.118402e-04 4.868905e-04 5.280649e-04
5.258484e+01 5.054977e-04 5.103906e-04 4.842168e-04 5.218858e-04
5.263684e+01 5.003136e-04 5.062272e-04 4.806278e-04 5.140859e-04
5.268884e+01 4.940784e-04 4.998420e-04 4.764667e-04 5.059266e-04
5.274084e+01 4.875618e-04 4.918510e-04 4.721701e-04 4.986644e-04
5.279284e+01 4.813406e-04 4.827719e-04 4.680376e-04 4.932124e-04
5.284484e+01 4.756362e-04 4.728979e-04 4.640777e-04 4.899331e-04
5.289684e+01 4.703024e-04 4.623077e-04 4.599860e-04 4.886135e-04
5.294884e+01 4.649509e-04 4.509876e-04 4.552591e-04 4.886061e-04
5.300084e+01 4.591521e-04 4.389944e-04 4.493894e-04 4.890724e-04
5.305284e+01 4.526254e-04 4.265760e-04 4.420592e-04 4.892411e-04
5.310484e+01 4.453519e-04 4.141937e-04 4.332589e-04 4.886032e-04
5.315684e+01 4.375768e-04 4.024382e-04 4.232927e-04 4.869996e-04
5.320884e+01 4.297189e-04 3.918800e-04 4.126818e-04 4.845950e-04
5.326084e+01 4.222334e-04 3.829206e-04 4.020189e-04 4.817609e-04
5.331284e+01 4.154830e-04 3.757024e-04 3.918348e-04 4.789119e-04
5.336484e+01 4.096578e-04 3.701061e-04 3.825222e-04 4.763453e-04
5.341684e+01 4.047561e-04 3.658169e-04 3.743251e-04 4.741263e-04
5.346884e+01 4.006135e-04 3.624213e-04 3.673692e-04 4.720501e-04
5.352084e+01 3.969578e-04 3.594907e-04 3.616932e-04 4.696896e-04
5.357284e+01 3.934663e-04 3.566316e-04 3.572550e-04 4.665125e-04
5.362484e+01 3.898161e-04 3.535062e-04 3.539091e-04 4.620331e-04
5.367684e+01 3.857228e-04 3.498403e-04 3.513766e-04 4.559515e-04
5.372884e+01 3.809720e-04 3.454364e-04 3.492388e-04 4.482408e-04
5.378084e+01 3.754440e-04 3.401950e-04 3.469752e-04 4.391617e-04
5.383284e+01 3.691316e-04 3.341381e-04 3.440462e-04 4.292106e-04
5.388484e+01 3.621494e-04 3.274196e-04 3.399998e-04 4.190287e-04
5.393684e+01 3.547267e-04 3.203088e-04 3.345669e-04 4.093044e-04
5.398884e+01 3.471816e-04 3.131394e-04 3.277167e-04 4.006887e-04
5.404084e+01 3.398697e-04 3.062302e-04 3.196550e-04 3.937240e-04
5.409284e+01 3.331146e-04 2.997994e-04 3.107695e-04 3.887750e-04
5.414484e+01 3.271336e-04 2.939012e-04 3.015438e-04 3.859559e-04
5.419684e+01 3.219820e-04 2.884120e-04 2.924648e-04 3.850693e-04
5.424884e+01 3.175360e-04 2.830734e-04 2.839449e-04 3.855897e-04
5.430084e+01 3.135236e-04 2.775752e-04 2.762735e-04 3.867222e-04
5.435284e+01 3.095959e-04 2.716456e-04 2.695976e-04 3.875444e-04
5.440484e+01 3.054169e-04 2.651173e-04 2.639320e-04 3.872015e-04
5.445684e+01 3.007486e-04 2.579548e-04 2.591921e-04 3.850990e-04
5.450884e+01 2.955068e-04 2.502504e-04 2.552400e-04 3.810301e-04
5.456084e+01 2.897788e-04 2.422034e-04 2.519345e-04 3.751984e-04
5.461284e+01 2.837985e-04 2.340973e-04 2.491683e-04 3.681299e-04
5.466484e+01 2.778848e-04 2.262714e-04 2.468803e-04 3.605026e-04
5.471684e+01 2.723571e-04 2.190816e-04 2.450392e-04 3.529505e-04
5.476884e+01 2.674477e-04 2.128416e-04 2.436044e-04 3.458972e-04
5.482084e+01 2.632354e-04 2.077560e-04 2.424820e-04 3.394682e-04
5.487284e+01 2.596210e-04 2.038637e-04 2.414981e-04 3.335013e-04
5.492484e+01 2.563540e-04 2.010172e-04 2.404017e-04 3.276432e-04
5.497684e+01 2.531014e-04 1.989087e-04 2.389005e-04 3.214949e-04
5.502884e+01 2.495343e-04 1.971376e-04 2.367146e-04 3.147507e-04
5.508084e+01 2.454032e-04 1.952956e-04 2.336289e-04 3.072850e-04
5.513284e+01 2.405766e-04 1.930412e-04 2.295289e-04 2.991596e-04
5.518484e+01 2.350402e-04 1.901451e-04 2.244125e-04 2.905630e-04
5.523684e+01 2.288663e-04 1.865029e-04 2.183813e-04 2.817146e-04
5.528884e+01 2.221742e-04 1.821238e-04 2.116183e-04 2.727804e-04
5.534084e+01 2.150990e-04 1.771093e-04 2.043573e-04 2.638305e-04
5.539284e+01 2.077748e-04 1.716287e-04 1.968482e-04 2.548475e-04
5.544484e+01 2.003273e-04 1.658924e-04 1.893197e-04 2.457697e-04
5.549684e+01 1.928689e-04 1.601202e-04 1.819435e-04 2.365431e-04
5.554884e+01 1.854902e-04 1.545051e-04 1.748084e-04 2.271571e-04
5.560084e+01 1.782486e-04 1.491809e-04 1.679107e-04 2.176543e-04
5.565284e+01 1.711631e-04 1.442044e-04 1.611694e-04 2.081156e-04
5.570484e+01 1.642200e-04 1.395604e-04 1.544640e-04 1.986354e-04
5.575684e+01 1.573924e-04 1.351886e-04 1.476876e-04 1.893010e-04
5.580884e+01 1.506672e-04 1.310211e-04 1.407959e-04 1.801846e-04
5.586084e+01 1.440669e-04 1.270148e-04 1.338378e-04 1.713481e-04
5.591284e+01 1.376553e-04 1.231635e-04 1.269514e-04 1.628510e-04
5.596484e+01 1.315229e-04 1.194875e-04 1.203284e-04 1.547528e-04
5.601684e+01 1.257556e-04 1.160054e-04 1.141585e-04 1.471030e-04
5.606884e+01 1.203999e-04 1.127042e-04 1.085727e-04 1.399227e-04
5.612084e+01 1.154390e-04 1.095220e-04 1.036086e-04 1.331865e-04
5.617284e+01 1.107905e-04 1.063494e-04 9.920661e-05 1.268153e-04
5.622484e+01 1.063262e-04 1.030524e-04 9.523836e-05 1.206879e-04
5.627684e+01 1.019093e-04 9.950381e-05 9.155403e-05 1.146702e-04
5.632884e+01 9.743253e-05 9.561437e-05 8.802965e-05 1.086536e-04
5.638084e+01 9.284526e-05 9.135157e-05 8.459473e-05 1.025895e-04
5.643284e+01 8.815760e-05 8.674087e-05 8.122958e-05 9.650236e-05
5.648484e+01 8.341895e-05 8.184996e-05 7.793428e-05 9.047262e-05
5.653684e+01 7.867837e-05 7.676121e-05 7.468425e-05 8.458966e-05
5.658884e+01 7.394201e-05 7.154105e-05 7.139310e-05 7.889187e-05
5.664084e+01 6.914608e-05 6.621648e-05 6.790156e-05 7.332021e-05
5.669284e+01 6.416003e-05 6.076782e-05 6.400063e-05 6.771165e-05
5.674484e+01 5.882392e-05 5.514298e-05 5.948447e-05 6.184430e-05
5.679684e+01 5.300989e-05 4.929083e-05 5.421652e-05 5.552232e-05
5.684884e+01 4.668597e-05 4.320323e-05 4.818712e-05 4.866757e-05
5.690084e+01 3.995656e-05 3.694925e-05 4.154208e-05 4.137834e-05
5.695284e+01 3.306142e-05 3.068599e-05 3.457046e-05 3.392780e-05
5.700484e+01 2.633080e-05 2.463868e-05 2.765257e-05 2.670114e-05
5.705684e+01 2.011176e-05 1.905559e-05 2.118307e-05 2.009662e-05
5.710884e+01 1.469150e-05 1.415354e-05 1.549234e-05 1.442862e-05
5.716084e+01 1.024293e-05 1.007343e-05 1.078925e-05 9.866103e-06
5.721284e+01 6.806503e-06 6.859254e-06 7.139694e-06 6.420560e-06
5.726484e+01 4.307400e-06 4.463917e-06 4.481503e-06 3.976781e-06
5.731684e+01 2.595106e-06 2.774710e-06 2.664516e-06 2.346092e-06
5.736884e+01 1.488558e-06 1.646669e-06 1.498971e-06 1.320034e-06
5.742084e+01 8.131781e-07 9.327004e-07 7.972532e-07 7.095808e-07
5.747284e+01 4.232691e-07 5.040351e-07 4.006645e-07 3.651077e-07
5.752484e+01 2.100215e-07 2.597321e-07 1.901925e-07 1.801398e-07
5.757684e+01 9.937491e-08 1.275264e-07 8.526329e-08 8.533502e-08
5.762884e+01 4.484318e-08 5.959897e-08 3.609839e-08 3.883218e-08
5.768084e+01 1.929368e-08 2.647875e-08 1.443559e-08 1.696669e-08
5.773284e+01 7.909665e-09 1.116759e-08 5.453999e-09 7.107409e-09
5.778484e+01 3.086652e-09 4.464392e-09 1.947514e-09 2.848049e-09
5.783684e+01 1.145065e-09 1.689029e-09 6.575071e-10 1.088659e-09
5.788884e+01 4.031876e-10 6.038504e-10 2.099570e-10 3.957554e-10
5.794084e+01 1.345126e-10 2.037080e-10 6.342558e-11 1.364042e-10
5.799284e+01 4.243385e-11 6.474460e-11 1.811224e-11 4.444470e-11
5.804484e+01 1.261711e-11 1.935717e-11 4.870284e-12 1.362387e-11
5.809684e+01 3.526301e-12 5.425058e-12 1.233067e-12 3.920777e-12
5.814884e+01 9.068341e-13 1.409870e-12 2.638472e-13 1.046785e-12
5.820084e+01 2.183545e-13 3.459143e-13 4.365430e-14 2.654948e-13
5.825284e+01 4.929733e-14 7.556484e-14 9.134142e-15 6.319302e-14
5.830484e+01 1.040187e-14 1.538993e-14 1.584900e-15 1.423079e-14
5.835684e+01 0.000000e+00 0.000000e+00 0.000000e+00 0.000000e+00
5.840884e+01 0.000000e+00 0.000000e+00 0.000000e+00 0.000000e+00
5.846084e+01 0.000000e+00 0.000000e+00 0.000000e+00 0.000000e+00
5.851284e+01 0.000000e+00 0.000000e+00 0.000000e+00 0.000000e+00
5.856484e+01 0.000000e+00 0.000000e+00 0.000000e+00 0.000000e+00
5.861684e+01 0.000000e+00 0.000000e+00 0.000000e+00 0.000000e+00
5.866884e+01 0.000000e+00 0.000000e+00 0.000000e+00 0.000000e+00
5.872084e+01 0.000000e+00 0.000000e+00 0.000000e+00 0.000000e+00
5.877284e+01 0.000000e+00 0.000000e+00 0.000000e+00 0.000000e+00
5.882484e+01 0.000000e+00 0.000000e+00 0.000000e+00 0.000000e+00
