4.870893e+00 0.000000e+00 0.000000e+00 0.000000e+00 0.000000e+00
4.922893e+00 0.000000e+00 0.000000e+00 0.000000e+00 0.000000e+00
4.974893e+00 0.000000e+00 0.000000e+00 0.000000e+00 0.000000e+00
5.026893e+00 0.000000e+00 0.000000e+00 0.000000e+00 0.000000e+00
5.078893e+00 0.000000e+00 0.000000e+00 0.000000e+00 0.000000e+00
5.130893e+00 0.000000e+00 0.000000e+00 0.000000e+00 0.000000e+00
5.182893e+00 0.000000e+00 0.000000e+00 0.000000e+00 0.000000e+00
5.234893e+00 0.000000e+00 0.000000e+00 0.000000e+00 0.000000e+00
5.286893e+00 0.000000e+00 0.000000e+00 0.000000e+00 0.000000e+00
5.338893e+00 0.000000e+00 0.000000e+00 0.000000e+00 0.000000e+00
5.390893e+00 0.000000e+00 0.000000e+00 0.000000e+00 0.000000e+00
5.442893e+00 0.000000e+00 0.000000e+00 0.000000e+00 0.000000e+00
5.494893e+00 0.000000e+00 0.000000e+00 0.000000e+00 0.000000e+00
5.546893e+00 0.000000e+00 0.000000e+00 0.000000e+00 0.000000e+00
5.598893e+00 0.000000e+00 0.000000e+00 0.000000e+00 0.000000e+00
5.650893e+00 0.000000e+00 0.000000e+00 0.000000e+00 0.000000e+00
5.702893e+00 0.000000e+00 0.000000e+00 0.000000e+00 0.000000e+00
5.754893e+00 0.000000e+00 0.000000e+00 0.000000e+00 0.000000e+00
5.806893e+00 0.000000e+00 0.000000e+00 0.000000e+00 0.000000e+00
5.858893e+00 0.000000e+00 0.000000e+00 0.000000e+00 0.000000e+00
5.910893e+00 0.000000e+00 0.000000e+00 0.000000e+00 0.000000e+00
5.962893e+00 0.000000e+00 0.000000e+00 0.000000e+00 0.000000e+00
6.014893e+00 0.000000e+00 0.000000e+00 0.000000e+00 0.000000e+00
6.066893e+00 0.000000e+00 0.000000e+00 0.000000e+00 0.000000e+00
6.118893e+00 0.000000e+00 0.000000e+00 0.000000e+00 0.000000e+00
6.170893e+00 0.000000e+00 0.000000e+00 0.000000e+00 0.000000e+00
6.222893e+00 0.000000e+00 0.000000e+00 0.000000e+00 0.000000e+00
6.274893e+00 0.000000e+00 0.000000e+00 0.000000e+00 0.000000e+00
6.326893e+00 0.000000e+00 0.000000e+00 0.000000e+00 0.000000e+00
6.378893e+00 0.000000e+00 0.000000e+00 0.000000e+00 0.000000e+00
6.430893e+00 0.000000e+00 0.000000e+00 0.000000e+00 0.000000e+00
6.482893e+00 0.000000e+00 0.000000e+00 0.000000e+00 0.000000e+00
6.534893e+00 0.000000e+00 0.000000e+00 0.000000e+00 0.000000e+00
6.586893e+00 0.000000e+00 0.000000e+00 0.000000e+00 0.000000e+00
6.638893e+00 0.000000e+00 0.000000e+00 0.000000e+00 0.000000e+00
6.690893e+00 0.000000e+00 0.000000e+00 0.000000e+00 0.000000e+00
6.742893e+00 0.000000e+00 0.000000e+00 0.000000e+00 0.000000e+00
6.794893e+00 0.000000e+00 0.000000e+00 0.000000e+00 0.000000e+00
6.846893e+00 0.000000e+00 0.000000e+00 0.000000e+00 0.000000e+00
6.898893e+00 0.000000e+00 0.000000e+00 0.000000e+00 0.000000e+00
6.950893e+00 0.000000e+00 0.000000e+00 0.000000e+00 0.000000e+00
7.002893e+00 0.000000e+00 0.000000e+00 0.000000e+00 0.000000e+00
7.054893e+00 0.000000e+00 0.000000e+00 0.000000e+00 0.000000e+00
7.106893e+00 0.000000e+00 0.000000e+00 0.000000e+00 0.000000e+00
7.158893e+00 0.000000e+00 0.000000e+00 0.000000e+00 0.000000e+00
7.210893e+00 0.000000e+00 0.000000e+00 0.000000e+00 0.000000e+00
7.262893e+00 0.000000e+00 0.000000e+00 0.000000e+00 0.000000e+00
7.314893e+00 0.000000e+00 0.000000e+00 0.000000e+00 0.000000e+00
7.366893e+00 0.000000e+00 0.000000e+00 0.000000e+00 0.000000e+00
7.418893e+00 0.000000e+00 0.000000e+00 0.000000e+00 0.000000e+00
7.470893e+00 0.000000e+00 0.000000e+00 0.000000e+00 0.000000e+00
7.522893e+00 0.000000e+00 0.000000e+00 0.000000e+00 0.000000e+00
7.574893e+00 0.000000e+00 0.000000e+00 0.000000e+00 0.000000e+00
7.626893e+00 0.000000e+00 0.000000e+00 0.000000e+00 0.000000e+00
7.678893e+00 0.000000e+00 0.000000e+00 0.000000e+00 0.000000e+00
7.730893e+00 0.000000e+00 0.000000e+00 0.000000e+00 0.000000e+00
7.782893e+00 0.000000e+00 0.000000e+00 0.000000e+00 0.000000e+00
7.834893e+00 0.000000e+00 0.000000e+00 0.000000e+00 0.000000e+00
7.886893e+00 0.000000e+00 0.000000e+00 0.000000e+00 0.000000e+00
7.938893e+00 0.000000e+00 0.000000e+00 0.000000e+00 0.000000e+00
7.990893e+00 0.000000e+00 0.000000e+00 0.000000e+00 0.000000e+00
8.042893e+00 0.000000e+00 0.000000e+00 0.000000e+00 0.000000e+00
8.094893e+00 0.000000e+00 0.000000e+00 0.000000e+00 0.000000e+00
8.146893e+00 0.000000e+00 0.000000e+00 0.000000e+00 0.000000e+00
8.198893e+00 0.000000e+00 0.000000e+00 0.000000e+00 0.000000e+00
8.250893e+00 0.000000e+00 0.000000e+00 0.000000e+00 0.000000e+00
8.302893e+00 0.000000e+00 0.000000e+00 0.000000e+00 0.000000e+00
8.354893e+00 0.000000e+00 0.000000e+00 0.000000e+00 0.000000e+00
8.406893e+00 0.000000e+00 0.000000e+00 0.000000e+00 0.000000e+00
8.458893e+00 0.000000e+00 0.000000e+00 0.000000e+00 0.000000e+00
8.510893e+00 0.000000e+00 0.000000e+00 0.000000e+00 0.000000e+00
8.562893e+00 0.000000e+00 0.000000e+00 0.000000e+00 0.000000e+00
8.614893e+00 0.000000e+00 0.000000e+00 0.000000e+00 0.000000e+00
8.666893e+00 0.000000e+00 0.000000e+00 0.000000e+00 0.000000e+00
8.718893e+00 2.992760e-14 2.391398e-16 5.619341e-14 3.335025e-14
8.770893e+00 1.369726e-13 1.094495e-15 2.571860e-13 1.526374e-13
8.822893e+00 9.217389e-13 4.059819e-14 1.705378e-12 1.019240e-12
8.874893e+00 3.960132e-12 1.810446e-13 7.318071e-12 4.381280e-12
8.926893e+00 1.652939e-11 9.837404e-13 3.039129e-11 1.821314e-11
8.978893e+00 6.227887e-11 4.045132e-12 1.142550e-10 6.853653e-11
9.030893e+00 2.198531e-10 1.533289e-11 4.025608e-10 2.416656e-10
9.082893e+00 7.306726e-10 5.462907e-11 1.335207e-09 8.021816e-10
9.134893e+00 2.284912e-09 1.825902e-10 4.166760e-09 2.505385e-09
9.186893e+00 6.730705e-09 5.730894e-10 1.224841e-08 7.370612e-09
9.238893e+00 1.869588e-08 1.690819e-09 3.395111e-08 2.044573e-08
9.290893e+00 4.899901e-08 4.691074e-09 8.879602e-08 5.350993e-08
9.342893e+00 1.212481e-07 1.224437e-08 2.192817e-07 1.322181e-07
9.394893e+00 2.835240e-07 3.008545e-08 5.117749e-07 3.087116e-07
9.446893e+00 6.271259e-07 6.963558e-08 1.129966e-06 6.817765e-07
9.498893e+00 1.313600e-06 1.519547e-07 2.363071e-06 1.425775e-06
9.550893e+00 2.609114e-06 3.129122e-07 4.687228e-06 2.827201e-06
9.602893e+00 4.921698e-06 6.087586e-07 8.832452e-06 5.323882e-06
9.654893e+00 8.832716e-06 1.120333e-06 1.584040e-05 9.537420e-06
9.706893e+00 1.511058e-05 1.953311e-06 2.709243e-05 1.628600e-05
9.758893e+00 2.469356e-05 3.231685e-06 4.428525e-05 2.656376e-05
9.810893e+00 3.862995e-05 5.082567e-06 6.933267e-05 4.147462e-05
9.862893e+00 5.796627e-05 7.612323e-06 1.041748e-04 6.211167e-05
9.914893e+00 8.357732e-05 1.087657e-05 1.504790e-04 8.937637e-05
9.966893e+00 1.159371e-04 1.484886e-05 2.092251e-04 1.237374e-04
1.001889e+01 1.548429e-04 1.939456e-05 2.801914e-04 1.649427e-04
1.007089e+01 1.991320e-04 2.425720e-05 3.614124e-04 2.117264e-04
1.012289e+01 2.464698e-04 2.906505e-05 4.487512e-04 2.615931e-04
1.017489e+01 2.933182e-04 3.336449e-05 5.357978e-04 3.107924e-04
1.022689e+01 3.351943e-04 3.668325e-05 6.143013e-04 3.545982e-04
1.027889e+01 3.672660e-04 3.861982e-05 6.752389e-04 3.879393e-04
1.033089e+01 3.852262e-04 3.894792e-05 7.104163e-04 4.063144e-04
1.038289e+01 3.862563e-04 3.772056e-05 7.142556e-04 4.067927e-04
1.043489e+01 3.698171e-04 3.536166e-05 6.852685e-04 3.888211e-04
1.048689e+01 3.380211e-04 3.274402e-05 6.267372e-04 3.545819e-04
1.053889e+01 2.954639e-04 3.126143e-05 5.463515e-04 3.087788e-04
1.059089e+01 2.485747e-04 3.289995e-05 4.549030e-04 2.579212e-04
1.064289e+01 2.047004e-04 4.028959e-05 3.644645e-04 2.093471e-04
1.069489e+01 1.711943e-04 5.667990e-05 2.866247e-04 1.702782e-04
1.074689e+01 1.547076e-04 8.575572e-05 2.312429e-04 1.471241e-04
1.079889e+01 1.607306e-04 1.312230e-04 2.058881e-04 1.450808e-04
1.085089e+01 1.932905e-04 1.961671e-04 2.157934e-04 1.679111e-04
1.090289e+01 2.546688e-04 2.822983e-04 2.639669e-04 2.177411e-04
1.095489e+01 3.450782e-04 3.892934e-04 3.511484e-04 2.947929e-04
1.100689e+01 4.623718e-04 5.144539e-04 4.755342e-04 3.971273e-04
1.105889e+01 6.019540e-04 6.528155e-04 6.324611e-04 5.205855e-04
1.111089e+01 7.570579e-04 7.976970e-04 8.143782e-04 6.590984e-04
1.116289e+01 9.194463e-04 9.415702e-04 1.011371e-03 8.053973e-04
1.121489e+01 1.080466e-03 1.077108e-03 1.212295e-03 9.519940e-04
1.126689e+01 1.232287e-03 1.198298e-03 1.406345e-03 1.092219e-03
1.131889e+01 1.369129e-03 1.301487e-03 1.584762e-03 1.221137e-03
1.137089e+01 1.488225e-03 1.386142e-03 1.742298e-03 1.336234e-03
1.142289e+01 1.590276e-03 1.454997e-03 1.878070e-03 1.437761e-03
1.147489e+01 1.679121e-03 1.513324e-03 1.995444e-03 1.528595e-03
1.152689e+01 1.760533e-03 1.567373e-03 2.100750e-03 1.613475e-03
1.157889e+01 1.840362e-03 1.622441e-03 2.201001e-03 1.697644e-03
1.163089e+01 1.922639e-03 1.681347e-03 2.301302e-03 1.785269e-03
1.168289e+01 2.008401e-03 1.743960e-03 2.402981e-03 1.878262e-03
1.173489e+01 2.095789e-03 1.807981e-03 2.503326e-03 1.976059e-03
1.178689e+01 2.181389e-03 1.870547e-03 2.597088e-03 2.076531e-03
1.183889e+01 2.262208e-03 1.929945e-03 2.679044e-03 2.177635e-03
1.189089e+01 2.337412e-03 1.986789e-03 2.746357e-03 2.279091e-03
1.194289e+01 2.409185e-03 2.044388e-03 2.799716e-03 2.383450e-03
1.199489e+01 2.482529e-03 2.108384e-03 2.843014e-03 2.496189e-03
1.204689e+01 2.564185e-03 2.185768e-03 2.882025e-03 2.624762e-03
1.209889e+01 2.660929e-03 2.283318e-03 2.922809e-03 2.776661e-03
1.215089e+01 2.777462e-03 2.405494e-03 2.970257e-03 2.956634e-03
1.220289e+01 2.914180e-03 2.552136e-03 3.026842e-03 3.163562e-03
1.225489e+01 3.065425e-03 2.716738e-03 3.091540e-03 3.387996e-03
1.230689e+01 3.219050e-03 2.886220e-03 3.159209e-03 3.611722e-03
1.235889e+01 3.358026e-03 3.042807e-03 3.220932e-03 3.810339e-03
1.241089e+01 3.464103e-03 3.167811e-03 3.265727e-03 3.958771e-03
1.246289e+01 3.522652e-03 3.246309e-03 3.283476e-03 4.038171e-03
1.251489e+01 3.527083e-03 3.271280e-03 3.268185e-03 4.041786e-03
1.256689e+01 3.481276e-03 3.245917e-03 3.220400e-03 3.977510e-03
1.261889e+01 3.399100e-03 3.183439e-03 3.147772e-03 3.866088e-03
1.267089e+01 3.301198e-03 3.104405e-03 3.063513e-03 3.735677e-03
1.272289e+01 3.210109e-03 3.032202e-03 2.983316e-03 3.614811e-03
1.277489e+01 3.145218e-03 2.987724e-03 2.921807e-03 3.526124e-03
1.282689e+01 3.118885e-03 2.984485e-03 2.889640e-03 3.482529e-03
1.287889e+01 3.134494e-03 3.025326e-03 2.891900e-03 3.486256e-03
1.293089e+01 3.186549e-03 3.101595e-03 2.927908e-03 3.530143e-03
1.298289e+01 3.262439e-03 3.195151e-03 2.992054e-03 3.600114e-03
1.303489e+01 3.345347e-03 3.282855e-03 3.075107e-03 3.678079e-03
1.308689e+01 3.417719e-03 3.342571e-03 3.165565e-03 3.745022e-03
1.313889e+01 3.464790e-03 3.359185e-03 3.250891e-03 3.784294e-03
1.319089e+01 3.477634e-03 3.329099e-03 3.318812e-03 3.784990e-03
1.324289e+01 3.455264e-03 3.261958e-03 3.359009e-03 3.744826e-03
1.329489e+01 3.405388e-03 3.179138e-03 3.365392e-03 3.671634e-03
1.334689e+01 3.343603e-03 3.109362e-03 3.338675e-03 3.582773e-03
1.339889e+01 3.291010e-03 3.082474e-03 3.288366e-03 3.502191e-03
1.345089e+01 3.270376e-03 3.122633e-03 3.232956e-03 3.455540e-03
1.350289e+01 3.301250e-03 3.242156e-03 3.197385e-03 3.464208e-03
1.355489e+01 3.394839e-03 3.437211e-03 3.207799e-03 3.539507e-03
1.360689e+01 3.549921e-03 3.686491e-03 3.284791e-03 3.678481e-03
1.365889e+01 3.751204e-03 3.953774e-03 3.437131e-03 3.862706e-03
1.371089e+01 3.971106e-03 4.194429e-03 3.657967e-03 4.060923e-03
1.376289e+01 4.174815e-03 4.364574e-03 3.924649e-03 4.235222e-03
1.381489e+01 4.327239e-03 4.430375e-03 4.202151e-03 4.349192e-03
1.386689e+01 4.399788e-03 4.374661e-03 4.449085e-03 4.375618e-03
1.391889e+01 4.375113e-03 4.198999e-03 4.624872e-03 4.301469e-03
1.397089e+01 4.248997e-03 3.921213e-03 4.696719e-03 4.129059e-03
1.402289e+01 4.029684e-03 3.569957e-03 4.645295e-03 3.873800e-03
1.407489e+01 3.735622e-03 3.178590e-03 4.468254e-03 3.560023e-03
1.412689e+01 3.392500e-03 2.780096e-03 4.180912e-03 3.216492e-03
1.417889e+01 3.030062e-03 2.403758e-03 3.813774e-03 2.872653e-03
1.423089e+01 2.678786e-03 2.073379e-03 3.407204e-03 2.555775e-03
1.428289e+01 2.366521e-03 1.806513e-03 3.004320e-03 2.288730e-03
1.433489e+01 2.115401e-03 1.614296e-03 2.643772e-03 2.088135e-03
1.438689e+01 1.939561e-03 1.501673e-03 2.354070e-03 1.962942e-03
1.443889e+01 1.844086e-03 1.467912e-03 2.150548e-03 1.913798e-03
1.449089e+01 1.825307e-03 1.507256e-03 2.035185e-03 1.933480e-03
1.454289e+01 1.872202e-03 1.609507e-03 1.998693e-03 2.008406e-03
1.459489e+01 1.968442e-03 1.760504e-03 2.023928e-03 2.120893e-03
1.464689e+01 2.094683e-03 1.942652e-03 2.089701e-03 2.251696e-03
1.469889e+01 2.230869e-03 2.135908e-03 2.174336e-03 2.382362e-03
1.475089e+01 2.358427e-03 2.319581e-03 2.258587e-03 2.497114e-03
1.480289e+01 2.462252e-03 2.474958e-03 2.327698e-03 2.584098e-03
1.485489e+01 2.532254e-03 2.588296e-03 2.372490e-03 2.635975e-03
1.490689e+01 2.564238e-03 2.653338e-03 2.389479e-03 2.649898e-03
1.495889e+01 2.559949e-03 2.672563e-03 2.380200e-03 2.627085e-03
1.501089e+01 2.526369e-03 2.656741e-03 2.350120e-03 2.572246e-03
1.506289e+01 2.474545e-03 2.622977e-03 2.307582e-03 2.493077e-03
1.511489e+01 2.418244e-03 2.591769e-03 2.263094e-03 2.399870e-03
1.516689e+01 2.372557e-03 2.583672e-03 2.228948e-03 2.305053e-03
1.521889e+01 2.352392e-03 2.615989e-03 2.218793e-03 2.222396e-03
1.527089e+01 2.370710e-03 2.699778e-03 2.246603e-03 2.165747e-03
1.532289e+01 2.436528e-03 2.837599e-03 2.324589e-03 2.147395e-03
1.537489e+01 2.553024e-03 3.022555e-03 2.460155e-03 2.176363e-03
1.542689e+01 2.716257e-03 3.239172e-03 2.652642e-03 2.256958e-03
1.547889e+01 2.914967e-03 3.466102e-03 2.891072e-03 2.387728e-03
1.553089e+01 3.131601e-03 3.679912e-03 3.154053e-03 2.560838e-03
1.558289e+01 3.344288e-03 3.858640e-03 3.412361e-03 2.761864e-03
1.563489e+01 3.529316e-03 3.984016e-03 3.633697e-03 2.970236e-03
1.568689e+01 3.663742e-03 4.042091e-03 3.788381e-03 3.160756e-03
1.573889e+01 3.728078e-03 4.023114e-03 3.854510e-03 3.306611e-03
1.579089e+01 3.709108e-03 3.921962e-03 3.821516e-03 3.383847e-03
1.584289e+01 3.602696e-03 3.739826e-03 3.691716e-03 3.376547e-03
1.589489e+01 3.415917e-03 3.486617e-03 3.479869e-03 3.281267e-03
1.594689e+01 3.167474e-03 3.182385e-03 3.210940e-03 3.109096e-03
1.599889e+01 2.885487e-03 2.856020e-03 2.916242e-03 2.884200e-03
1.605089e+01 2.602592e-03 2.540610e-03 2.628330e-03 2.638837e-03
1.610289e+01 2.349376e-03 2.266618e-03 2.375425e-03 2.406086e-03
1.615489e+01 2.148094e-03 2.055277e-03 2.176552e-03 2.212454e-03
1.620689e+01 2.008641e-03 1.914658e-03 2.038707e-03 2.072558e-03
1.625889e+01 1.927970e-03 1.839712e-03 1.956837e-03 1.987360e-03
1.631089e+01 1.892871e-03 1.815867e-03 1.916635e-03 1.946110e-03
1.636289e+01 1.884868e-03 1.824469e-03 1.899161e-03 1.930973e-03
1.641489e+01 1.885444e-03 1.847944e-03 1.885816e-03 1.922571e-03
1.646689e+01 1.880020e-03 1.873134e-03 1.862193e-03 1.904733e-03
1.651889e+01 1.859848e-03 1.892281e-03 1.819938e-03 1.867324e-03
1.657089e+01 1.821865e-03 1.902130e-03 1.756586e-03 1.806881e-03
1.662289e+01 1.767184e-03 1.902079e-03 1.673995e-03 1.725477e-03
1.667489e+01 1.699110e-03 1.892363e-03 1.576366e-03 1.628601e-03
1.672689e+01 1.621444e-03 1.872849e-03 1.468594e-03 1.522890e-03
1.677889e+01 1.537445e-03 1.842660e-03 1.355335e-03 1.414342e-03
1.683089e+01 1.449499e-03 1.800479e-03 1.240701e-03 1.307317e-03
1.688289e+01 1.359304e-03 1.745247e-03 1.128285e-03 1.204380e-03
1.693489e+01 1.268292e-03 1.676893e-03 1.021230e-03 1.106752e-03
1.698689e+01 1.178027e-03 1.596824e-03 9.221969e-04 1.015060e-03
1.703889e+01 1.090405e-03 1.507977e-03 8.332424e-04 9.299952e-04
1.709089e+01 1.007588e-03 1.414422e-03 7.556857e-04 8.526570e-04
1.714289e+01 9.317360e-04 1.320677e-03 6.900506e-04 7.844804e-04
1.719489e+01 8.646523e-04 1.230980e-03 6.361200e-04 7.268573e-04
1.724689e+01 8.075036e-04 1.148762e-03 5.931015e-04 6.806472e-04
1.729889e+01 7.606932e-04 1.076425e-03 5.598675e-04 6.457874e-04
1.735089e+01 7.239022e-04 1.015353e-03 5.352139e-04 6.211400e-04
1.740289e+01 6.962378e-04 9.660208e-04 5.180812e-04 6.046114e-04
1.745489e+01 6.764173e-04 9.280668e-04 5.076892e-04 5.934959e-04
1.750689e+01 6.629419e-04 9.003193e-04 5.035615e-04 5.849450e-04
1.755889e+01 6.542571e-04 8.808787e-04 5.054380e-04 5.764546e-04
1.761089e+01 6.489109e-04 8.673631e-04 5.130992e-04 5.662704e-04
1.766289e+01 6.457133e-04 8.573550e-04 5.261484e-04 5.536366e-04
1.771489e+01 6.438734e-04 8.489523e-04 5.438198e-04 5.388481e-04
1.776689e+01 6.430775e-04 8.412371e-04 5.648886e-04 5.231069e-04
1.781889e+01 6.434730e-04 8.344637e-04 5.877373e-04 5.082181e-04
1.787089e+01 6.455400e-04 8.298501e-04 6.105837e-04 4.961863e-04
1.792289e+01 6.498558e-04 8.289896e-04 6.317994e-04 4.887785e-04
1.797489e+01 6.567904e-04 8.330460e-04 6.502000e-04 4.871253e-04
1.802689e+01 6.662017e-04 8.419938e-04 6.651840e-04 4.914272e-04
1.807889e+01 6.772291e-04 8.541885e-04 6.766632e-04 5.008357e-04
1.813089e+01 6.882829e-04 8.664648e-04 6.848271e-04 5.135568e-04
1.818289e+01 6.972838e-04 8.747943e-04 6.898746e-04 5.271824e-04
1.823489e+01 7.021339e-04 8.753341e-04 6.918690e-04 5.391987e-04
1.828689e+01 7.013091e-04 8.655492e-04 6.908191e-04 5.475591e-04
1.833889e+01 6.943980e-04 8.450448e-04 6.869676e-04 5.511816e-04
1.839089e+01 6.824006e-04 8.158325e-04 6.811374e-04 5.502318e-04
1.844289e+01 6.676472e-04 7.819239e-04 6.749228e-04 5.460948e-04
1.849489e+01 6.533115e-04 7.483592e-04 6.705573e-04 5.410181e-04
1.854689e+01 6.426329e-04 7.199556e-04 6.704400e-04 5.375030e-04
1.859889e+01 6.380866e-04 7.001543e-04 6.764865e-04 5.376191e-04
1.865089e+01 6.407906e-04 6.903206e-04 6.895859e-04 5.424653e-04
1.870289e+01 6.503590e-04 6.896974e-04 7.094056e-04 5.519741e-04
1.875489e+01 6.652411e-04 6.959787e-04 7.346131e-04 5.651315e-04
1.880689e+01 6.833726e-04 7.062430e-04 7.633620e-04 5.805128e-04
1.885889e+01 7.028416e-04 7.178658e-04 7.937680e-04 5.968910e-04
1.891089e+01 7.222813e-04 7.290782e-04 8.241381e-04 6.136274e-04
1.896289e+01 7.408599e-04 7.390252e-04 8.528993e-04 6.306553e-04
1.901489e+01 7.579460e-04 7.474124e-04 8.783657e-04 6.480599e-04
1.906689e+01 7.726811e-04 7.539954e-04 8.985771e-04 6.654707e-04
1.911889e+01 7.837320e-04 7.582080e-04 9.113893e-04 6.815988e-04
1.917089e+01 7.894007e-04 7.591264e-04 9.148588e-04 6.942169e-04
1.922289e+01 7.881039e-04 7.557992e-04 9.078190e-04 7.006936e-04
1.927489e+01 7.790617e-04 7.477893e-04 8.904666e-04 6.989293e-04
1.932689e+01 7.629146e-04 7.356619e-04 8.647504e-04 6.883316e-04
1.937889e+01 7.419702e-04 7.211415e-04 8.343781e-04 6.703910e-04
1.943089e+01 7.198867e-04 7.067872e-04 8.043186e-04 6.485542e-04
1.948289e+01 7.008046e-04 6.952448e-04 7.798108e-04 6.273583e-04
1.953489e+01 6.881799e-04 6.883510e-04 7.650792e-04 6.111095e-04
1.958689e+01 6.837363e-04 6.864772e-04 7.621429e-04 6.025890e-04
1.963889e+01 6.869628e-04 6.884370e-04 7.701720e-04 6.022796e-04
1.969089e+01 6.953922e-04 6.920528e-04 7.857186e-04 6.084051e-04
1.974289e+01 7.055921e-04 6.951868e-04 8.038342e-04 6.177553e-04
1.979489e+01 7.145036e-04 6.968200e-04 8.197211e-04 6.269698e-04
1.984689e+01 7.206108e-04 6.977166e-04 8.303246e-04 6.337912e-04
1.989889e+01 7.244952e-04 7.003676e-04 8.352804e-04 6.378377e-04
1.995089e+01 7.285794e-04 7.081925e-04 8.368956e-04 6.406502e-04
2.000289e+01 7.361892e-04 7.242801e-04 8.392315e-04 6.450559e-04
2.005489e+01 7.503270e-04 7.501485e-04 8.466901e-04 6.541425e-04
2.010689e+01 7.726318e-04 7.850067e-04 8.626355e-04 6.702532e-04
2.015889e+01 8.028886e-04 8.258105e-04 8.884907e-04 6.943647e-04
2.021089e+01 8.392038e-04 8.680816e-04 9.235118e-04 7.260180e-04
2.026289e+01 8.786977e-04 9.071532e-04 9.652012e-04 7.637386e-04
2.031489e+01 9.184033e-04 9.393562e-04 1.010150e-03 8.057041e-04
2.036689e+01 9.560444e-04 9.627401e-04 1.055032e-03 8.503614e-04
2.041889e+01 9.904665e-04 9.771788e-04 1.097467e-03 8.967540e-04
2.047089e+01 1.021647e-03 9.839889e-04 1.136497e-03 9.444558e-04
2.052289e+01 1.050335e-03 9.853337e-04 1.172515e-03 9.931577e-04
2.057489e+01 1.077461e-03 9.836608e-04 1.206632e-03 1.042090e-03
2.062689e+01 1.103520e-03 9.812894e-04 1.239713e-03 1.089557e-03
2.067889e+01 1.128154e-03 9.801515e-04 1.271461e-03 1.132851e-03
2.073089e+01 1.150137e-03 9.816583e-04 1.300021e-03 1.168732e-03
2.078289e+01 1.167808e-03 9.866850e-04 1.322375e-03 1.194363e-03
2.083489e+01 1.179847e-03 9.956771e-04 1.335463e-03 1.208401e-03
2.088689e+01 1.186075e-03 1.008843e-03 1.337612e-03 1.211771e-03
2.093889e+01 1.187937e-03 1.026355e-03 1.329672e-03 1.207784e-03
2.099089e+01 1.188450e-03 1.048484e-03 1.315355e-03 1.201511e-03
2.104289e+01 1.191607e-03 1.075610e-03 1.300567e-03 1.198642e-03
2.109489e+01 1.201436e-03 1.108146e-03 1.291958e-03 1.204203e-03
2.114689e+01 1.220994e-03 1.146374e-03 1.295139e-03 1.221469e-03
2.119889e+01 1.251552e-03 1.190223e-03 1.313151e-03 1.251281e-03
2.125089e+01 1.292168e-03 1.239017e-03 1.345620e-03 1.291868e-03
2.130289e+01 1.339754e-03 1.291230e-03 1.388837e-03 1.339194e-03
2.135489e+01 1.389642e-03 1.344385e-03 1.436708e-03 1.387834e-03
2.140689e+01 1.436559e-03 1.395196e-03 1.482270e-03 1.432213e-03
2.145889e+01 1.475753e-03 1.440002e-03 1.519311e-03 1.467945e-03
2.151089e+01 1.503959e-03 1.475404e-03 1.543604e-03 1.492869e-03
2.156289e+01 1.519934e-03 1.498925e-03 1.553438e-03 1.507439e-03
2.161489e+01 1.524420e-03 1.509534e-03 1.549390e-03 1.514335e-03
2.166689e+01 1.519672e-03 1.507934e-03 1.533604e-03 1.517479e-03
2.171889e+01 1.508828e-03 1.496628e-03 1.508990e-03 1.520868e-03
2.177089e+01 1.495409e-03 1.479805e-03 1.478716e-03 1.527706e-03
2.182289e+01 1.483124e-03 1.463073e-03 1.446138e-03 1.540161e-03
2.187489e+01 1.475906e-03 1.452998e-03 1.415001e-03 1.559720e-03
2.192689e+01 1.477930e-03 1.456383e-03 1.389581e-03 1.587827e-03
2.197889e+01 1.493367e-03 1.479322e-03 1.374456e-03 1.626323e-03
2.203089e+01 1.525769e-03 1.526136e-03 1.373857e-03 1.677313e-03
2.208289e+01 1.577195e-03 1.598419e-03 1.390776e-03 1.742389e-03
2.213489e+01 1.647399e-03 1.694472e-03 1.426220e-03 1.821505e-03
2.218689e+01 1.733413e-03 1.809301e-03 1.478914e-03 1.912024e-03
2.223889e+01 1.829765e-03 1.935261e-03 1.545571e-03 2.008465e-03
2.229089e+01 1.929351e-03 2.063239e-03 1.621592e-03 2.103223e-03
2.234289e+01 2.024731e-03 2.184134e-03 1.701929e-03 2.188131e-03
2.239489e+01 2.109476e-03 2.290255e-03 1.781795e-03 2.256378e-03
2.244689e+01 2.179147e-03 2.376291e-03 1.857069e-03 2.304082e-03
2.249889e+01 2.231661e-03 2.439611e-03 1.924393e-03 2.330978e-03
2.255089e+01 2.266996e-03 2.479907e-03 1.981105e-03 2.339975e-03
2.260289e+01 2.286464e-03 2.498394e-03 2.025182e-03 2.335817e-03
2.265489e+01 2.291854e-03 2.496957e-03 2.055278e-03 2.323326e-03
2.270689e+01 2.284746e-03 2.477538e-03 2.070848e-03 2.305853e-03
2.275889e+01 2.266175e-03 2.441946e-03 2.072207e-03 2.284373e-03
2.281089e+01 2.236623e-03 2.391995e-03 2.060447e-03 2.257428e-03
2.286289e+01 2.196269e-03 2.329763e-03 2.037206e-03 2.221840e-03
2.291489e+01 2.145350e-03 2.257742e-03 2.004381e-03 2.173928e-03
2.296689e+01 2.084514e-03 2.178742e-03 1.963947e-03 2.110853e-03
2.301889e+01 2.015069e-03 2.095565e-03 1.917913e-03 2.031729e-03
2.307089e+01 1.939065e-03 2.010592e-03 1.868370e-03 1.938234e-03
2.312289e+01 1.859168e-03 1.925441e-03 1.817471e-03 1.834594e-03
2.317489e+01 1.778346e-03 1.840837e-03 1.767260e-03 1.726942e-03
2.322689e+01 1.699439e-03 1.756730e-03 1.719366e-03 1.622221e-03
2.327889e+01 1.624714e-03 1.672610e-03 1.674665e-03 1.526865e-03
2.333089e+01 1.555521e-03 1.587902e-03 1.633078e-03 1.445583e-03
2.338289e+01 1.492126e-03 1.502302e-03 1.593552e-03 1.380524e-03
2.343489e+01 1.433763e-03 1.415978e-03 1.554251e-03 1.331060e-03
2.348689e+01 1.378898e-03 1.329609e-03 1.512883e-03 1.294202e-03
2.353889e+01 1.325631e-03 1.244282e-03 1.467099e-03 1.265511e-03
2.359089e+01 1.272142e-03 1.161305e-03 1.414933e-03 1.240186e-03
2.364289e+01 1.217068e-03 1.081988e-03 1.355198e-03 1.214019e-03
2.369489e+01 1.159728e-03 1.007411e-03 1.287788e-03 1.183985e-03
2.374689e+01 1.100157e-03 9.382602e-04 1.213780e-03 1.148433e-03
2.379889e+01 1.039007e-03 8.747551e-04 1.135290e-03 1.106977e-03
2.385089e+01 9.773621e-04 8.167113e-04 1.055117e-03 1.060258e-03
2.390289e+01 9.165658e-04 7.637338e-04 9.762699e-04 1.009694e-03
2.395489e+01 8.580885e-04 7.154725e-04 9.015385e-04 9.572544e-04
2.400689e+01 8.034273e-04 6.718398e-04 8.332080e-04 9.052342e-04
2.405889e+01 7.540068e-04 6.330983e-04 7.729465e-04 8.559756e-04
2.411089e+01 7.110487e-04 5.997815e-04 7.218088e-04 8.115558e-04
2.416289e+01 6.754125e-04 5.724830e-04 6.802699e-04 7.734847e-04
2.421489e+01 6.474435e-04 5.516071e-04 6.482349e-04 7.424885e-04
2.426689e+01 6.268751e-04 5.371707e-04 6.250276e-04 7.184271e-04
2.431889e+01 6.128222e-04 5.287107e-04 6.094071e-04 7.003487e-04
2.437089e+01 6.038676e-04 5.252855e-04 5.996597e-04 6.866575e-04
2.442289e+01 5.982236e-04 5.255334e-04 5.937753e-04 6.753622e-04
2.447489e+01 5.939400e-04 5.277564e-04 5.896799e-04 6.643837e-04
2.452689e+01 5.891390e-04 5.300435e-04 5.854725e-04 6.519009e-04
2.457889e+01 5.822655e-04 5.304713e-04 5.796323e-04 6.366928e-04
2.463089e+01 5.723334e-04 5.274112e-04 5.711855e-04 6.184035e-04
2.468289e+01 5.591328e-04 5.199096e-04 5.598415e-04 5.976473e-04
2.473489e+01 5.433443e-04 5.080399e-04 5.460909e-04 5.759020e-04
2.478689e+01 5.265095e-04 4.930885e-04 5.312315e-04 5.552085e-04
2.483889e+01 5.108255e-04 4.774624e-04 5.172555e-04 5.377586e-04
2.489089e+01 4.987726e-04 4.642840e-04 5.065472e-04 5.254865e-04
2.494289e+01 4.926270e-04 4.567367e-04 5.013948e-04 5.197497e-04
2.499489e+01 4.939578e-04 4.573170e-04 5.034197e-04 5.211368e-04
2.504689e+01 5.032299e-04 4.671950e-04 5.130981e-04 5.293967e-04
2.509889e+01 5.196400e-04 4.858760e-04 5.295628e-04 5.434811e-04
2.515089e+01 5.412600e-04 5.112864e-04 5.507865e-04 5.617070e-04
2.520289e+01 5.654749e-04 5.402803e-04 5.740997e-04 5.820447e-04
2.525489e+01 5.895959e-04 5.694290e-04 5.968590e-04 6.024996e-04
2.530689e+01 6.114561e-04 5.958477e-04 6.170266e-04 6.214939e-04
2.535889e+01 6.298012e-04 6.178001e-04 6.334813e-04 6.381222e-04
2.541089e+01 6.443606e-04 6.348915e-04 6.460122e-04 6.521782e-04
2.546289e+01 6.556109e-04 6.478124e-04 6.550757e-04 6.639446e-04
2.551489e+01 6.643513e-04 6.577527e-04 6.614590e-04 6.738421e-04
2.556689e+01 6.712678e-04 6.657262e-04 6.659748e-04 6.821023e-04
2.561889e+01 6.766442e-04 6.720712e-04 6.692515e-04 6.886098e-04
2.567089e+01 6.803036e-04 6.763166e-04 6.716236e-04 6.929705e-04
2.572289e+01 6.817654e-04 6.774551e-04 6.730978e-04 6.947433e-04
2.577489e+01 6.805233e-04 6.744912e-04 6.733804e-04 6.936983e-04
2.582689e+01 6.763185e-04 6.670295e-04 6.719631e-04 6.899630e-04
2.587889e+01 6.693106e-04 6.556584e-04 6.682781e-04 6.839954e-04
2.593089e+01 6.601101e-04 6.419877e-04 6.619177e-04 6.764250e-04
2.598289e+01 6.497021e-04 6.283432e-04 6.528866e-04 6.678764e-04
2.603489e+01 6.393218e-04 6.172475e-04 6.418244e-04 6.588935e-04
2.608689e+01 6.303371e-04 6.108744e-04 6.301207e-04 6.500162e-04
2.613889e+01 6.241569e-04 6.106484e-04 6.198580e-04 6.419644e-04
2.619089e+01 6.221549e-04 6.170962e-04 6.135597e-04 6.358088e-04
2.624289e+01 6.255826e-04 6.299662e-04 6.137781e-04 6.330036e-04
2.629489e+01 6.354559e-04 6.485365e-04 6.226084e-04 6.352228e-04
2.634689e+01 6.524179e-04 6.719656e-04 6.412429e-04 6.440452e-04
2.639889e+01 6.765990e-04 6.995142e-04 6.696685e-04 6.606142e-04
2.645089e+01 7.075023e-04 7.305320e-04 7.065763e-04 6.853988e-04
2.650289e+01 7.439441e-04 7.642170e-04 7.494992e-04 7.181162e-04
2.655489e+01 7.840738e-04 7.992926e-04 7.951510e-04 7.577776e-04
2.660689e+01 8.254933e-04 8.338102e-04 8.399100e-04 8.027596e-04
2.665889e+01 8.654801e-04 8.652424e-04 8.803689e-04 8.508289e-04
2.671089e+01 9.012967e-04 8.908936e-04 9.138616e-04 8.991349e-04
2.676289e+01 9.305423e-04 9.084932e-04 9.388643e-04 9.442694e-04
2.681489e+01 9.514804e-04 9.167477e-04 9.551745e-04 9.825188e-04
2.686689e+01 9.632717e-04 9.156511e-04 9.638093e-04 1.010355e-03
2.691889e+01 9.660635e-04 9.064657e-04 9.666407e-04 1.025084e-03
2.697089e+01 9.609258e-04 8.914272e-04 9.658765e-04 1.025474e-03
2.702289e+01 9.496648e-04 8.733080e-04 9.635569e-04 1.012129e-03
2.707489e+01 9.345667e-04 8.549734e-04 9.612303e-04 9.874964e-04
2.712689e+01 9.181181e-04 8.390076e-04 9.598902e-04 9.554566e-04
2.717889e+01 9.027265e-04 8.274208e-04 9.601331e-04 9.206255e-04
2.723089e+01 8.904494e-04 8.214248e-04 9.623999e-04 8.875236e-04
2.728289e+01 8.827444e-04 8.212878e-04 9.671323e-04 8.598131e-04
2.733489e+01 8.802725e-04 8.263165e-04 9.747343e-04 8.397666e-04
2.738689e+01 8.828092e-04 8.350268e-04 9.853312e-04 8.280697e-04
2.743889e+01 8.893129e-04 8.455255e-04 9.984329e-04 8.239804e-04
2.749089e+01 8.981630e-04 8.560412e-04 1.012672e-03 8.257754e-04
2.754289e+01 9.075286e-04 8.654568e-04 1.025788e-03 8.313407e-04
2.759489e+01 9.157808e-04 8.736584e-04 1.034947e-03 8.387374e-04
2.764689e+01 9.218448e-04 8.815614e-04 1.037367e-03 8.466065e-04
2.769889e+01 9.254147e-04 8.908019e-04 1.031089e-03 8.543532e-04
2.775089e+01 9.269968e-04 9.032203e-04 1.015632e-03 8.621382e-04
2.780289e+01 9.277937e-04 9.203481e-04 9.922858e-04 8.707472e-04
2.785489e+01 9.294655e-04 9.430829e-04 9.639126e-04 8.814010e-04
2.790689e+01 9.338095e-04 9.716143e-04 9.342882e-04 8.955259e-04
2.795889e+01 9.423990e-04 1.005522e-03 9.072046e-04 9.144707e-04
2.801089e+01 9.562308e-04 1.043893e-03 8.856248e-04 9.391750e-04
2.806289e+01 9.754495e-04 1.085349e-03 8.711516e-04 9.698480e-04
2.811489e+01 9.992296e-04 1.127990e-03 8.639332e-04 1.005766e-03
2.816689e+01 1.025880e-03 1.169376e-03 8.629679e-04 1.045297e-03
2.821889e+01 1.053175e-03 1.206699e-03 8.666391e-04 1.086188e-03
2.827089e+01 1.078829e-03 1.237182e-03 8.732676e-04 1.126038e-03
2.832289e+01 1.100969e-03 1.258611e-03 8.815054e-04 1.162790e-03
2.837489e+01 1.118453e-03 1.269797e-03 8.904878e-04 1.195074e-03
2.842689e+01 1.130947e-03 1.270790e-03 8.997771e-04 1.222274e-03
2.847889e+01 1.138786e-03 1.262796e-03 9.092027e-04 1.244360e-03
2.853089e+01 1.142737e-03 1.247898e-03 9.187250e-04 1.261588e-03
2.858289e+01 1.143793e-03 1.228730e-03 9.284013e-04 1.274247e-03
2.863489e+01 1.143092e-03 1.208229e-03 9.384540e-04 1.282592e-03
2.868689e+01 1.141936e-03 1.189445e-03 9.493649e-04 1.286997e-03
2.873889e+01 1.141808e-03 1.175311e-03 9.618893e-04 1.288225e-03
2.879089e+01 1.144289e-03 1.168284e-03 9.769124e-04 1.287670e-03
2.884289e+01 1.150789e-03 1.169855e-03 9.951414e-04 1.287372e-03
2.889489e+01 1.162190e-03 1.180113e-03 1.016726e-03 1.289730e-03
2.894689e+01 1.178519e-03 1.197600e-03 1.040963e-03 1.296995e-03
2.899889e+01 1.198888e-03 1.219675e-03 1.066257e-03 1.310732e-03
2.905089e+01 1.221767e-03 1.243393e-03 1.090400e-03 1.331509e-03
2.910289e+01 1.245565e-03 1.266604e-03 1.111155e-03 1.358937e-03
2.915489e+01 1.269270e-03 1.288838e-03 1.126929e-03 1.392043e-03
2.920689e+01 1.292876e-03 1.311529e-03 1.137328e-03 1.429771e-03
2.925889e+01 1.317366e-03 1.337406e-03 1.143348e-03 1.471346e-03
2.931089e+01 1.344232e-03 1.369245e-03 1.147137e-03 1.516314e-03
2.936289e+01 1.374715e-03 1.408495e-03 1.151383e-03 1.564266e-03
2.941489e+01 1.409085e-03 1.454328e-03 1.158539e-03 1.614386e-03
2.946689e+01 1.446267e-03 1.503535e-03 1.170153e-03 1.665113e-03
2.951889e+01 1.483974e-03 1.551305e-03 1.186528e-03 1.714089e-03
2.957089e+01 1.519285e-03 1.592575e-03 1.206818e-03 1.758462e-03
2.962289e+01 1.549419e-03 1.623433e-03 1.229453e-03 1.795371e-03
2.967489e+01 1.572394e-03 1.642067e-03 1.252703e-03 1.822412e-03
2.972689e+01 1.587321e-03 1.648942e-03 1.275130e-03 1.837891e-03
2.977889e+01 1.594289e-03 1.646245e-03 1.295779e-03 1.840844e-03
2.983089e+01 1.593962e-03 1.636869e-03 1.314086e-03 1.830930e-03
2.988289e+01 1.587125e-03 1.623387e-03 1.329619e-03 1.808368e-03
2.993489e+01 1.574390e-03 1.607406e-03 1.341781e-03 1.773984e-03
2.998689e+01 1.556156e-03 1.589490e-03 1.349628e-03 1.729350e-03
3.003889e+01 1.532786e-03 1.569581e-03 1.351874e-03 1.676901e-03
3.009089e+01 1.504867e-03 1.547630e-03 1.347094e-03 1.619877e-03
3.014289e+01 1.473407e-03 1.524093e-03 1.334092e-03 1.562037e-03
3.019489e+01 1.439854e-03 1.500072e-03 1.312336e-03 1.507153e-03
3.024689e+01 1.405926e-03 1.477090e-03 1.282309e-03 1.458380e-03
3.029889e+01 1.373337e-03 1.456716e-03 1.245632e-03 1.417663e-03
3.035089e+01 1.343509e-03 1.440277e-03 1.204897e-03 1.385354e-03
3.040289e+01 1.317402e-03 1.428806e-03 1.163232e-03 1.360168e-03
3.045489e+01 1.295472e-03 1.423159e-03 1.123736e-03 1.339519e-03
3.050689e+01 1.277741e-03 1.424093e-03 1.088950e-03 1.320180e-03
3.055889e+01 1.263891e-03 1.432097e-03 1.060493e-03 1.299084e-03
3.061089e+01 1.253331e-03 1.446977e-03 1.038935e-03 1.274080e-03
3.066289e+01 1.245233e-03 1.467373e-03 1.023897e-03 1.244430e-03
3.071489e+01 1.238588e-03 1.490520e-03 1.014313e-03 1.210930e-03
3.076689e+01 1.232296e-03 1.512488e-03 1.008776e-03 1.175625e-03
3.081889e+01 1.225321e-03 1.528904e-03 1.005853e-03 1.141207e-03
3.087089e+01 1.216843e-03 1.535945e-03 1.004300e-03 1.110285e-03
3.092289e+01 1.206365e-03 1.531221e-03 1.003131e-03 1.084743e-03
3.097489e+01 1.193739e-03 1.514269e-03 1.001578e-03 1.065371e-03
3.102689e+01 1.179125e-03 1.486495e-03 9.990133e-04 1.051866e-03
3.107889e+01 1.162894e-03 1.450658e-03 9.949100e-04 1.043114e-03
3.113089e+01 1.145534e-03 1.410075e-03 9.888874e-04 1.037639e-03
3.118289e+01 1.127559e-03 1.367848e-03 9.808172e-04 1.034012e-03
3.123489e+01 1.109451e-03 1.326297e-03 9.709204e-04 1.031136e-03
3.128689e+01 1.091632e-03 1.286741e-03 9.597752e-04 1.028379e-03
3.133889e+01 1.074476e-03 1.249638e-03 9.481929e-04 1.025599e-03
3.139089e+01 1.058351e-03 1.214953e-03 9.369865e-04 1.023115e-03
3.144289e+01 1.043649e-03 1.182602e-03 9.267164e-04 1.021629e-03
3.149489e+01 1.030787e-03 1.152760e-03 9.175275e-04 1.022074e-03
3.154689e+01 1.020147e-03 1.125913e-03 9.091581e-04 1.025368e-03
3.159889e+01 1.011959e-03 1.102650e-03 9.011242e-04 1.032104e-03
3.165089e+01 1.006183e-03 1.083288e-03 8.929941e-04 1.042268e-03
3.170289e+01 1.002412e-03 1.067519e-03 8.846221e-04 1.055095e-03
3.175489e+01 9.998694e-04 1.054242e-03 8.762286e-04 1.069137e-03
3.180689e+01 9.975134e-04 1.041676e-03 8.682976e-04 1.082567e-03
3.185889e+01 9.942316e-04 1.027724e-03 8.613526e-04 1.093618e-03
3.191089e+01 9.890838e-04 1.010493e-03 8.557330e-04 1.101025e-03
3.196289e+01 9.815157e-04 9.887604e-04 8.514807e-04 1.104306e-03
3.201489e+01 9.714719e-04 9.622542e-04 8.483772e-04 1.103784e-03
3.206689e+01 9.593662e-04 9.316425e-04 8.460902e-04 1.100366e-03
3.211889e+01 9.459233e-04 8.982687e-04 8.443379e-04 1.095163e-03
3.217089e+01 9.319549e-04 8.637568e-04 8.429846e-04 1.089123e-03
3.222289e+01 9.181551e-04 8.296482e-04 8.420302e-04 1.082787e-03
3.227489e+01 9.049781e-04 7.971910e-04 8.415190e-04 1.076224e-03
3.232689e+01 8.926185e-04 7.673099e-04 8.414259e-04 1.069120e-03
3.237889e+01 8.810689e-04 7.406994e-04 8.415871e-04 1.060920e-03
3.243089e+01 8.702090e-04 7.179304e-04 8.417106e-04 1.050986e-03
3.248289e+01 8.598878e-04 6.994829e-04 8.414637e-04 1.038717e-03
3.253489e+01 8.499769e-04 6.856710e-04 8.405931e-04 1.023667e-03
3.258689e+01 8.403929e-04 6.765035e-04 8.390122e-04 1.005663e-03
3.263889e+01 8.310932e-04 6.715596e-04 8.368027e-04 9.849173e-04
3.269089e+01 8.220524e-04 6.699648e-04 8.341184e-04 9.620741e-04
3.274289e+01 8.132273e-04 6.705007e-04 8.310376e-04 9.381435e-04
3.279489e+01 8.045234e-04 6.718278e-04 8.274431e-04 9.142994e-04
3.284689e+01 7.957805e-04 6.727489e-04 8.230010e-04 8.915916e-04
3.289889e+01 7.867852e-04 6.724245e-04 8.172551e-04 8.706762e-04
3.295089e+01 7.773107e-04 6.704728e-04 8.097914e-04 8.516680e-04
3.300289e+01 7.671619e-04 6.669250e-04 8.003899e-04 8.341708e-04
3.305489e+01 7.562007e-04 6.620579e-04 7.890860e-04 8.174583e-04
3.310689e+01 7.443348e-04 6.561644e-04 7.761170e-04 8.007231e-04
3.315889e+01 7.314750e-04 6.493473e-04 7.617828e-04 7.832947e-04
3.321089e+01 7.174909e-04 6.414167e-04 7.462938e-04 7.647621e-04
3.326289e+01 7.022019e-04 6.319380e-04 7.296824e-04 7.449854e-04
3.331489e+01 6.854218e-04 6.204154e-04 7.118213e-04 7.240287e-04
3.336689e+01 6.670465e-04 6.065344e-04 6.925460e-04 7.020590e-04
3.341889e+01 6.471455e-04 5.903562e-04 6.718235e-04 6.792567e-04
3.347089e+01 6.260121e-04 5.723758e-04 6.498929e-04 6.557676e-04
3.352289e+01 6.041473e-04 5.534231e-04 6.273112e-04 6.317077e-04
3.357489e+01 5.821863e-04 5.344577e-04 6.048819e-04 6.072194e-04
3.362689e+01 5.607986e-04 5.163459e-04 5.834941e-04 5.825559e-04
3.367889e+01 5.405986e-04 4.997038e-04 5.639316e-04 5.581605e-04
3.373089e+01 5.220853e-04 4.848402e-04 5.467160e-04 5.346996e-04
3.378289e+01 5.056107e-04 4.717898e-04 5.320241e-04 5.130183e-04
3.383489e+01 4.913675e-04 4.604008e-04 5.196895e-04 4.940122e-04
3.388689e+01 4.793880e-04 4.504442e-04 5.092760e-04 4.784437e-04
3.393889e+01 4.695601e-04 4.417209e-04 5.002002e-04 4.667592e-04
3.399089e+01 4.616706e-04 4.341512e-04 4.918854e-04 4.589752e-04
3.404289e+01 4.554793e-04 4.278299e-04 4.839225e-04 4.546855e-04
3.409489e+01 4.508114e-04 4.230303e-04 4.762101e-04 4.531937e-04
3.414689e+01 4.476350e-04 4.201475e-04 4.690323e-04 4.537252e-04
3.419889e+01 4.460860e-04 4.195960e-04 4.630332e-04 4.556287e-04
3.425089e+01 4.464146e-04 4.216908e-04 4.590690e-04 4.584841e-04
3.430289e+01 4.488601e-04 4.265485e-04 4.579560e-04 4.620757e-04
3.435489e+01 4.534959e-04 4.340363e-04 4.601877e-04 4.662638e-04
3.440689e+01 4.601087e-04 4.437735e-04 4.657179e-04 4.708346e-04
3.445889e+01 4.681668e-04 4.551811e-04 4.739011e-04 4.754181e-04
3.451089e+01 4.769041e-04 4.675666e-04 4.836292e-04 4.795165e-04
3.456289e+01 4.854974e-04 4.802411e-04 4.936270e-04 4.826242e-04
3.461489e+01 4.932805e-04 4.926611e-04 5.028064e-04 4.843740e-04
3.466689e+01 4.999255e-04 5.045782e-04 5.105554e-04 4.846429e-04
3.471889e+01 5.055341e-04 5.161542e-04 5.168626e-04 4.835854e-04
3.477089e+01 5.106130e-04 5.279909e-04 5.222488e-04 4.815994e-04
3.482289e+01 5.159426e-04 5.410314e-04 5.275453e-04 4.792511e-04
3.487489e+01 5.223798e-04 5.563366e-04 5.336171e-04 4.771857e-04
3.492689e+01 5.306553e-04 5.747924e-04 5.411364e-04 4.760371e-04
3.497889e+01 5.412252e-04 5.968482e-04 5.504769e-04 4.763503e-04
3.503089e+01 5.542179e-04 6.223839e-04 5.617393e-04 4.785304e-04
3.508289e+01 5.694840e-04 6.507581e-04 5.748581e-04 4.828356e-04
3.513489e+01 5.867120e-04 6.810112e-04 5.897141e-04 4.894108e-04
3.518689e+01 6.055525e-04 7.121283e-04 6.061927e-04 4.983364e-04
3.523889e+01 6.256882e-04 7.432451e-04 6.241701e-04 5.096493e-04
3.529089e+01 6.468235e-04 7.737122e-04 6.434569e-04 5.233012e-04
3.534289e+01 6.686064e-04 8.030128e-04 6.637477e-04 5.390586e-04
3.539489e+01 6.905369e-04 8.305982e-04 6.846208e-04 5.563918e-04
3.544689e+01 7.119222e-04 8.557414e-04 7.055990e-04 5.744262e-04
3.549889e+01 7.319182e-04 8.774931e-04 7.262479e-04 5.920136e-04
3.555089e+01 7.496540e-04 8.947695e-04 7.462601e-04 6.079323e-04
3.560289e+01 7.643917e-04 9.065456e-04 7.654725e-04 6.211571e-04
3.565489e+01 7.756596e-04 9.120868e-04 7.837904e-04 6.311016e-04
3.570689e+01 7.833010e-04 9.111349e-04 8.010339e-04 6.377341e-04
3.575889e+01 7.874228e-04 9.039780e-04 8.167748e-04 6.415157e-04
3.581089e+01 7.882728e-04 8.913804e-04 8.302555e-04 6.431824e-04
3.586289e+01 7.861071e-04 8.744024e-04 8.404652e-04 6.434536e-04
3.591489e+01 7.811185e-04 8.541912e-04 8.463885e-04 6.427757e-04
3.596689e+01 7.734599e-04 8.318289e-04 8.473562e-04 6.411945e-04
3.601889e+01 7.633468e-04 8.082825e-04 8.433653e-04 6.383925e-04
3.607089e+01 7.511763e-04 7.844343e-04 8.352240e-04 6.338708e-04
3.612289e+01 7.375892e-04 7.611213e-04 8.244416e-04 6.272047e-04
3.617489e+01 7.234293e-04 7.391190e-04 8.128843e-04 6.182846e-04
3.622689e+01 7.096104e-04 7.190505e-04 8.023204e-04 6.074604e-04
3.627889e+01 6.969400e-04 7.012631e-04 7.940163e-04 5.955405e-04
3.633089e+01 6.859660e-04 6.857478e-04 7.885114e-04 5.836386e-04
3.638289e+01 6.768913e-04 6.721559e-04 7.856085e-04 5.729094e-04
3.643489e+01 6.695680e-04 6.599216e-04 7.845270e-04 5.642555e-04
3.648689e+01 6.635587e-04 6.484462e-04 7.841245e-04 5.581053e-04
3.653889e+01 6.582444e-04 6.372774e-04 7.831114e-04 5.543445e-04
3.659089e+01 6.529604e-04 6.262195e-04 7.802329e-04 5.524289e-04
3.664289e+01 6.471384e-04 6.153452e-04 7.744340e-04 5.516359e-04
3.669489e+01 6.404283e-04 6.049138e-04 7.650211e-04 5.513500e-04
3.674689e+01 6.327643e-04 5.952334e-04 7.517975e-04 5.512619e-04
3.679889e+01 6.243475e-04 5.865168e-04 7.351221e-04 5.514037e-04
3.685089e+01 6.155474e-04 5.787831e-04 7.158404e-04 5.520188e-04
3.690289e+01 6.067544e-04 5.718359e-04 6.950829e-04 5.533442e-04
3.695489e+01 5.982407e-04 5.653280e-04 6.739817e-04 5.554125e-04
3.700689e+01 5.900818e-04 5.588900e-04 6.534005e-04 5.579549e-04
3.705889e+01 5.821598e-04 5.522810e-04 6.337690e-04 5.604294e-04
3.711089e+01 5.742371e-04 5.455050e-04 6.150736e-04 5.621326e-04
3.716289e+01 5.660619e-04 5.388481e-04 5.969972e-04 5.623404e-04
3.721489e+01 5.574651e-04 5.328133e-04 5.791497e-04 5.604322e-04
3.726689e+01 5.484201e-04 5.279675e-04 5.613073e-04 5.559855e-04
3.731889e+01 5.390589e-04 5.247536e-04 5.435814e-04 5.488416e-04
3.737089e+01 5.296438e-04 5.233327e-04 5.264629e-04 5.391359e-04
3.742289e+01 5.205032e-04 5.235142e-04 5.107223e-04 5.272731e-04
3.747489e+01 5.119395e-04 5.247980e-04 4.971860e-04 5.138345e-04
3.752689e+01 5.041277e-04 5.265045e-04 4.864489e-04 4.994297e-04
3.757889e+01 4.970319e-04 5.279402e-04 4.786143e-04 4.845414e-04
3.763089e+01 4.903742e-04 5.285327e-04 4.731609e-04 4.694290e-04
3.768289e+01 4.836785e-04 5.278932e-04 4.690066e-04 4.541358e-04
3.773489e+01 4.763867e-04 5.257915e-04 4.647698e-04 4.385988e-04
3.778689e+01 4.680113e-04 5.220738e-04 4.591494e-04 4.228108e-04
3.783889e+01 4.582713e-04 5.165723e-04 4.512851e-04 4.069566e-04
3.789089e+01 4.471627e-04 5.090643e-04 4.409673e-04 3.914567e-04
3.794289e+01 4.349444e-04 4.993109e-04 4.286266e-04 3.768956e-04
3.799489e+01 4.220546e-04 4.871673e-04 4.151316e-04 3.638648e-04
3.804689e+01 4.089984e-04 4.727145e-04 4.014945e-04 3.527864e-04
3.809889e+01 3.962486e-04 4.563460e-04 3.886053e-04 3.437946e-04
3.815089e+01 3.841872e-04 4.387632e-04 3.770775e-04 3.367208e-04
3.820289e+01 3.730958e-04 4.208740e-04 3.672282e-04 3.311852e-04
3.825489e+01 3.631809e-04 4.036343e-04 3.591559e-04 3.267525e-04
3.830689e+01 3.546095e-04 3.878908e-04 3.528517e-04 3.230860e-04
3.835889e+01 3.475317e-04 3.742714e-04 3.482838e-04 3.200398e-04
3.841089e+01 3.420725e-04 3.631419e-04 3.454155e-04 3.176600e-04
3.846289e+01 3.382909e-04 3.546131e-04 3.441578e-04 3.161018e-04
3.851489e+01 3.361237e-04 3.485757e-04 3.442890e-04 3.155064e-04
3.856689e+01 3.353417e-04 3.447410e-04 3.453971e-04 3.158870e-04
3.861889e+01 3.355488e-04 3.426830e-04 3.468962e-04 3.170672e-04
3.867089e+01 3.362380e-04 3.418895e-04 3.481358e-04 3.186888e-04
3.872289e+01 3.368961e-04 3.418340e-04 3.485730e-04 3.202814e-04
3.877489e+01 3.371256e-04 3.420631e-04 3.479421e-04 3.213717e-04
3.882689e+01 3.367454e-04 3.422834e-04 3.463496e-04 3.216032e-04
3.887889e+01 3.358381e-04 3.424158e-04 3.442577e-04 3.208407e-04
3.893089e+01 3.347330e-04 3.425946e-04 3.423713e-04 3.192329e-04
3.898289e+01 3.339347e-04 3.431069e-04 3.414793e-04 3.172180e-04
3.903489e+01 3.340208e-04 3.442931e-04 3.423102e-04 3.154590e-04
3.908689e+01 3.355330e-04 3.464475e-04 3.454339e-04 3.147177e-04
3.913889e+01 3.388848e-04 3.497524e-04 3.512113e-04 3.156906e-04
3.919089e+01 3.442961e-04 3.542649e-04 3.597753e-04 3.188480e-04
3.924289e+01 3.517634e-04 3.599459e-04 3.710280e-04 3.243162e-04
3.929489e+01 3.610624e-04 3.667033e-04 3.846522e-04 3.318316e-04
3.934689e+01 3.717762e-04 3.744147e-04 4.001378e-04 3.407761e-04
3.939889e+01 3.833398e-04 3.829134e-04 4.168243e-04 3.502818e-04
3.945089e+01 3.950934e-04 3.919456e-04 4.339510e-04 3.593835e-04
3.950289e+01 4.063454e-04 4.011366e-04 4.507076e-04 3.671921e-04
3.955489e+01 4.164488e-04 4.100040e-04 4.662825e-04 3.730600e-04
3.960689e+01 4.248892e-04 4.180424e-04 4.799162e-04 3.767092e-04
3.965889e+01 4.313762e-04 4.248643e-04 4.909707e-04 3.782938e-04
3.971089e+01 4.359138e-04 4.303463e-04 4.990149e-04 3.783802e-04
3.976289e+01 4.388223e-04 4.347141e-04 5.039096e-04 3.778432e-04
3.981489e+01 4.406895e-04 4.385137e-04 5.058574e-04 3.776973e-04
3.986689e+01 4.422470e-04 4.424573e-04 5.053830e-04 3.789006e-04
3.991889e+01 4.441944e-04 4.471915e-04 5.032234e-04 3.821683e-04
3.997089e+01 4.470193e-04 4.530752e-04 5.001475e-04 3.878352e-04
4.002289e+01 4.508723e-04 4.600631e-04 4.967640e-04 3.957898e-04
4.007489e+01 4.555480e-04 4.677515e-04 4.933982e-04 4.054943e-04
4.012689e+01 4.605816e-04 4.755657e-04 4.900964e-04 4.160826e-04
4.017889e+01 4.654276e-04 4.829993e-04 4.867643e-04 4.265191e-04
4.023089e+01 4.696476e-04 4.897849e-04 4.833740e-04 4.357838e-04
4.028289e+01 4.730337e-04 4.959177e-04 4.801381e-04 4.430454e-04
4.033489e+01 4.756297e-04 5.015352e-04 4.775589e-04 4.477950e-04
4.038689e+01 4.776624e-04 5.067437e-04 4.763219e-04 4.499217e-04
4.043889e+01 4.794364e-04 5.115050e-04 4.770763e-04 4.497280e-04
4.049089e+01 4.812439e-04 5.156518e-04 4.801937e-04 4.478862e-04
4.054289e+01 4.833162e-04 5.190131e-04 4.855967e-04 4.453387e-04
4.059489e+01 4.858066e-04 5.215563e-04 4.927191e-04 4.431443e-04
4.064689e+01 4.887816e-04 5.234478e-04 5.006101e-04 4.422870e-04
4.069889e+01 4.922087e-04 5.249863e-04 5.081564e-04 4.434834e-04
4.075089e+01 4.959489e-04 5.264422e-04 5.143664e-04 4.470382e-04
4.080289e+01 4.997731e-04 5.278882e-04 5.186361e-04 4.527949e-04
4.085489e+01 5.034052e-04 5.291019e-04 5.209151e-04 4.601986e-04
4.090689e+01 5.065780e-04 5.295779e-04 5.217069e-04 4.684490e-04
4.095889e+01 5.090760e-04 5.286417e-04 5.218963e-04 4.766902e-04
4.101089e+01 5.107581e-04 5.256272e-04 5.224648e-04 4.841823e-04
4.106289e+01 5.115738e-04 5.200841e-04 5.242134e-04 4.904240e-04
4.111489e+01 5.116042e-04 5.119773e-04 5.276107e-04 4.952247e-04
4.116689e+01 5.111332e-04 5.018342e-04 5.328251e-04 4.987404e-04
4.121889e+01 5.107205e-04 4.907805e-04 5.399018e-04 5.014793e-04
4.127089e+01 5.112097e-04 4.804111e-04 5.489644e-04 5.042535e-04
4.132289e+01 5.136152e-04 4.724879e-04 5.603085e-04 5.080490e-04
4.137489e+01 5.188832e-04 4.685336e-04 5.743143e-04 5.138015e-04
4.142689e+01 5.275962e-04 4.694506e-04 5.912132e-04 5.221247e-04
4.147889e+01 5.397422e-04 4.753102e-04 6.108345e-04 5.330820e-04
4.153089e+01 5.546594e-04 4.853954e-04 6.324753e-04 5.461073e-04
4.158289e+01 5.711942e-04 4.984767e-04 6.549766e-04 5.601294e-04
4.163489e+01 5.880153e-04 5.132031e-04 6.769769e-04 5.738659e-04
4.168689e+01 6.039527e-04 5.284566e-04 6.972276e-04 5.861738e-04
4.173889e+01 6.182327e-04 5.435514e-04 7.148319e-04 5.963148e-04
4.179089e+01 6.305390e-04 5.582454e-04 7.293287e-04 6.040429e-04
4.184289e+01 6.409204e-04 5.726150e-04 7.406350e-04 6.095110e-04
4.189489e+01 6.496297e-04 5.868816e-04 7.489296e-04 6.130780e-04
4.194689e+01 6.569885e-04 6.012664e-04 7.545701e-04 6.151290e-04
4.199889e+01 6.633255e-04 6.159067e-04 7.580775e-04 6.159924e-04
4.205089e+01 6.689784e-04 6.308199e-04 7.601518e-04 6.159636e-04
4.210289e+01 6.743018e-04 6.458809e-04 7.616440e-04 6.153804e-04
4.215489e+01 6.796302e-04 6.607890e-04 7.634280e-04 6.146737e-04
4.220689e+01 6.851832e-04 6.750249e-04 7.661856e-04 6.143392e-04
4.225889e+01 6.909479e-04 6.878282e-04 7.701841e-04 6.148315e-04
4.231089e+01 6.966061e-04 6.982351e-04 7.751571e-04 6.164259e-04
4.236289e+01 7.015595e-04 7.052020e-04 7.803606e-04 6.191160e-04
4.241489e+01 7.050659e-04 7.078047e-04 7.848000e-04 6.225929e-04
4.246689e+01 7.064440e-04 7.054674e-04 7.875431e-04 6.263215e-04
4.251889e+01 7.052768e-04 6.981495e-04 7.879954e-04 6.296856e-04
4.257089e+01 7.015415e-04 6.864292e-04 7.860386e-04 6.321566e-04
4.262289e+01 6.956282e-04 6.714564e-04 7.819983e-04 6.334299e-04
4.267489e+01 6.882554e-04 6.547906e-04 7.764824e-04 6.334933e-04
4.272689e+01 6.803202e-04 6.381699e-04 7.701804e-04 6.326103e-04
4.277889e+01 6.727341e-04 6.232638e-04 7.637077e-04 6.312308e-04
4.283089e+01 6.662809e-04 6.114477e-04 7.575369e-04 6.298581e-04
4.288289e+01 6.615114e-04 6.036227e-04 7.520038e-04 6.289077e-04
4.293489e+01 6.586784e-04 6.001030e-04 7.473382e-04 6.285941e-04
4.298689e+01 6.577133e-04 6.005928e-04 7.436742e-04 6.288729e-04
4.303889e+01 6.582504e-04 6.042726e-04 7.410236e-04 6.294550e-04
4.309089e+01 6.597046e-04 6.099863e-04 7.392347e-04 6.298929e-04
4.314289e+01 6.613928e-04 6.164882e-04 7.379751e-04 6.297151e-04
4.319489e+01 6.626754e-04 6.226823e-04 7.367725e-04 6.285714e-04
4.324689e+01 6.630856e-04 6.277925e-04 7.351182e-04 6.263460e-04
4.329889e+01 6.624179e-04 6.314346e-04 7.326129e-04 6.232063e-04
4.335089e+01 6.607617e-04 6.335930e-04 7.291146e-04 6.195776e-04
4.340289e+01 6.584748e-04 6.345349e-04 7.248402e-04 6.160494e-04
4.345489e+01 6.561046e-04 6.346918e-04 7.203832e-04 6.132389e-04
4.350689e+01 6.542708e-04 6.345397e-04 7.166260e-04 6.116467e-04
4.355889e+01 6.535335e-04 6.345004e-04 7.145583e-04 6.115419e-04
4.361089e+01 6.542800e-04 6.348865e-04 7.150447e-04 6.129087e-04
4.366289e+01 6.566545e-04 6.358973e-04 7.186052e-04 6.154611e-04
4.371489e+01 6.605469e-04 6.376546e-04 7.252696e-04 6.187163e-04
4.376689e+01 6.656265e-04 6.402414e-04 7.345406e-04 6.220975e-04
4.381889e+01 6.714019e-04 6.437033e-04 7.454608e-04 6.250415e-04
4.387089e+01 6.772795e-04 6.479931e-04 7.567504e-04 6.270950e-04
4.392289e+01 6.826126e-04 6.528787e-04 7.669739e-04 6.279852e-04
4.397489e+01 6.867424e-04 6.578722e-04 7.747061e-04 6.276490e-04
4.402689e+01 6.890446e-04 6.622398e-04 7.786876e-04 6.262062e-04
4.407889e+01 6.889878e-04 6.651190e-04 7.779683e-04 6.238761e-04
4.413089e+01 6.862050e-04 6.657143e-04 7.720317e-04 6.208690e-04
4.418289e+01 6.805596e-04 6.634988e-04 7.608773e-04 6.173028e-04
4.423489e+01 6.721873e-04 6.583398e-04 7.450340e-04 6.131880e-04
4.428689e+01 6.614877e-04 6.505003e-04 7.254828e-04 6.084799e-04
4.433889e+01 6.490571e-04 6.405233e-04 7.034962e-04 6.031519e-04
4.439089e+01 6.355694e-04 6.290558e-04 6.804256e-04 5.972266e-04
4.444289e+01 6.216357e-04 6.166905e-04 6.574854e-04 5.907311e-04
4.449489e+01 6.076897e-04 6.038842e-04 6.355829e-04 5.836021e-04
4.454689e+01 5.939389e-04 5.909708e-04 6.152340e-04 5.756119e-04
4.459889e+01 5.804002e-04 5.782305e-04 5.965827e-04 5.663876e-04
4.465089e+01 5.670049e-04 5.659546e-04 5.795160e-04 5.555439e-04
4.470289e+01 5.537237e-04 5.544526e-04 5.638310e-04 5.428875e-04
4.475489e+01 5.406600e-04 5.439921e-04 5.493884e-04 5.285996e-04
4.480689e+01 5.280712e-04 5.347157e-04 5.361865e-04 5.133113e-04
4.485889e+01 5.163182e-04 5.266006e-04 5.243275e-04 4.980266e-04
4.491089e+01 5.057741e-04 5.195028e-04 5.139063e-04 4.839131e-04
4.496289e+01 4.967360e-04 5.132733e-04 5.049026e-04 4.720320e-04
4.501489e+01 4.893773e-04 5.078756e-04 4.971579e-04 4.630985e-04
4.506689e+01 4.837517e-04 5.034273e-04 4.904767e-04 4.573512e-04
4.511889e+01 4.798367e-04 5.001291e-04 4.848107e-04 4.545702e-04
4.517089e+01 4.775887e-04 4.981136e-04 4.804241e-04 4.542284e-04
4.522289e+01 4.769819e-04 4.973021e-04 4.779279e-04 4.557156e-04
4.527489e+01 4.780094e-04 4.973573e-04 4.781260e-04 4.585448e-04
4.532689e+01 4.806470e-04 4.977650e-04 4.817100e-04 4.624660e-04
4.537889e+01 4.847925e-04 4.980048e-04 4.889217e-04 4.674510e-04
4.543089e+01 4.902090e-04 4.977196e-04 4.993348e-04 4.735726e-04
4.548289e+01 4.965043e-04 4.968021e-04 5.118584e-04 4.808522e-04
4.553489e+01 5.031653e-04 4.953661e-04 5.249750e-04 4.891549e-04
4.558689e+01 5.096518e-04 4.936427e-04 5.371248e-04 4.981878e-04
4.563889e+01 5.155203e-04 4.918717e-04 5.470940e-04 5.075952e-04
4.569089e+01 5.205363e-04 4.902480e-04 5.542742e-04 5.170868e-04
4.574289e+01 5.247219e-04 4.889293e-04 5.587195e-04 5.265169e-04
4.579489e+01 5.283109e-04 4.880676e-04 5.610115e-04 5.358537e-04
4.584689e+01 5.316200e-04 4.878098e-04 5.620062e-04 5.450441e-04
4.589889e+01 5.348884e-04 4.882477e-04 5.625701e-04 5.538475e-04
4.595089e+01 5.381579e-04 4.893413e-04 5.633947e-04 5.617377e-04
4.600289e+01 5.412499e-04 4.908669e-04 5.649328e-04 5.679499e-04
4.605489e+01 5.438498e-04 4.924353e-04 5.674412e-04 5.716728e-04
4.610689e+01 5.456551e-04 4.935815e-04 5.710689e-04 5.723149e-04
4.615889e+01 5.465132e-04 4.938888e-04 5.759196e-04 5.697312e-04
4.621089e+01 5.464834e-04 4.930918e-04 5.820415e-04 5.643169e-04
4.626289e+01 5.458002e-04 4.911177e-04 5.893530e-04 5.569301e-04
4.631489e+01 5.447649e-04 4.880611e-04 5.975576e-04 5.486761e-04
4.636689e+01 5.436255e-04 4.841258e-04 6.061179e-04 5.406327e-04
4.641889e+01 5.425060e-04 4.795763e-04 6.143305e-04 5.336113e-04
4.647089e+01 5.414157e-04 4.747315e-04 6.214901e-04 5.280255e-04
4.652289e+01 5.403244e-04 4.699971e-04 6.270752e-04 5.239009e-04
4.657489e+01 5.392602e-04 4.658974e-04 6.308783e-04 5.210049e-04
4.662689e+01 5.383738e-04 4.630562e-04 6.330313e-04 5.190340e-04
4.667889e+01 5.379353e-04 4.620948e-04 6.339322e-04 5.177789e-04
4.673089e+01 5.382642e-04 4.634617e-04 6.341254e-04 5.172054e-04
4.678289e+01 5.396260e-04 4.672519e-04 6.341928e-04 5.174332e-04
4.683489e+01 5.421407e-04 4.730954e-04 6.346820e-04 5.186446e-04
4.688689e+01 5.457398e-04 4.801763e-04 6.360596e-04 5.209835e-04
4.693889e+01 5.501839e-04 4.873954e-04 6.386563e-04 5.244999e-04
4.699089e+01 5.551247e-04 4.936274e-04 6.425909e-04 5.291557e-04
4.704289e+01 5.601836e-04 4.979849e-04 6.476972e-04 5.348685e-04
4.709489e+01 5.650155e-04 4.999932e-04 6.535058e-04 5.415476e-04
4.714689e+01 5.693435e-04 4.996195e-04 6.593244e-04 5.490866e-04
4.719889e+01 5.729647e-04 4.971631e-04 6.644177e-04 5.573132e-04
4.725089e+01 5.757407e-04 4.930694e-04 6.682259e-04 5.659269e-04
4.730289e+01 5.775843e-04 4.877583e-04 6.705277e-04 5.744670e-04
4.735489e+01 5.784500e-04 4.815399e-04 6.714659e-04 5.823442e-04
4.740689e+01 5.783296e-04 4.746372e-04 6.714133e-04 5.889382e-04
4.745889e+01 5.772559e-04 4.672818e-04 6.707410e-04 5.937448e-04
4.751089e+01 5.753186e-04 4.598178e-04 6.696038e-04 5.965341e-04
4.756289e+01 5.726937e-04 4.527519e-04 6.678588e-04 5.974703e-04
4.761489e+01 5.696770e-04 4.467208e-04 6.651637e-04 5.971466e-04
4.766689e+01 5.666990e-04 4.423846e-04 6.612114e-04 5.965009e-04
4.771889e+01 5.642965e-04 4.402863e-04 6.559840e-04 5.966193e-04
4.777089e+01 5.630354e-04 4.407279e-04 6.498972e-04 5.984811e-04
4.782289e+01 5.633992e-04 4.437005e-04 6.437611e-04 6.027360e-04
4.787489e+01 5.656865e-04 4.488898e-04 6.385696e-04 6.096001e-04
4.792689e+01 5.699566e-04 4.557461e-04 6.352111e-04 6.189127e-04
4.797889e+01 5.760465e-04 4.635978e-04 6.342238e-04 6.303178e-04
4.803089e+01 5.836485e-04 4.717747e-04 6.356982e-04 6.434724e-04
4.808289e+01 5.924145e-04 4.797143e-04 6.393579e-04 6.581714e-04
4.813489e+01 6.020416e-04 4.870288e-04 6.447741e-04 6.743220e-04
4.818689e+01 6.123091e-04 4.935276e-04 6.516111e-04 6.917885e-04
4.823889e+01 6.230637e-04 4.991997e-04 6.597894e-04 7.102020e-04
4.829089e+01 6.341735e-04 5.041765e-04 6.694932e-04 7.288510e-04
4.834289e+01 6.454806e-04 5.086962e-04 6.810186e-04 7.467271e-04
4.839489e+01 6.567789e-04 5.130814e-04 6.945312e-04 7.627240e-04
4.844689e+01 6.678249e-04 5.177219e-04 7.098391e-04 7.759138e-04
4.849889e+01 6.783755e-04 5.230391e-04 7.262855e-04 7.858020e-04
4.855089e+01 6.882366e-04 5.294167e-04 7.428146e-04 7.924786e-04
4.860289e+01 6.973079e-04 5.371055e-04 7.581920e-04 7.966263e-04
4.865489e+01 7.056106e-04 5.461396e-04 7.713003e-04 7.993920e-04
4.870689e+01 7.132887e-04 5.563096e-04 7.814005e-04 8.021560e-04
4.875889e+01 7.205763e-04 5.672122e-04 7.882710e-04 8.062457e-04
4.881089e+01 7.277336e-04 5.783608e-04 7.921904e-04 8.126497e-04
4.886289e+01 7.349649e-04 5.893083e-04 7.937996e-04 8.217867e-04
4.891489e+01 7.423447e-04 5.997339e-04 7.939192e-04 8.333811e-04
4.896689e+01 7.497846e-04 6.094688e-04 7.934004e-04 8.464846e-04
4.901889e+01 7.570573e-04 6.184654e-04 7.930496e-04 8.596571e-04
4.907089e+01 7.638761e-04 6.267317e-04 7.936137e-04 8.712830e-04
4.912289e+01 7.700000e-04 6.342580e-04 7.957796e-04 8.799624e-04
4.917489e+01 7.753252e-04 6.409572e-04 8.001388e-04 8.848795e-04
4.922689e+01 7.799295e-04 6.466382e-04 8.071005e-04 8.860499e-04
4.927889e+01 7.840559e-04 6.510196e-04 8.167772e-04 8.843709e-04
4.933089e+01 7.880434e-04 6.537785e-04 8.288990e-04 8.814526e-04
4.938289e+01 7.922339e-04 6.546171e-04 8.428125e-04 8.792720e-04
4.943489e+01 7.968870e-04 6.533288e-04 8.575956e-04 8.797366e-04
4.948689e+01 8.021357e-04 6.498639e-04 8.722743e-04 8.842689e-04
4.953889e+01 8.079987e-04 6.444058e-04 8.860787e-04 8.935115e-04
4.959089e+01 8.144416e-04 6.374582e-04 8.986460e-04 9.072205e-04
4.964289e+01 8.214555e-04 6.299085e-04 9.100891e-04 9.243688e-04
4.969489e+01 8.291052e-04 6.229991e-04 9.208906e-04 9.434258e-04
4.974689e+01 8.375141e-04 6.181460e-04 9.316590e-04 9.627372e-04
4.979889e+01 8.467796e-04 6.166080e-04 9.428351e-04 9.808957e-04
4.985089e+01 8.568537e-04 6.191000e-04 9.544629e-04 9.969983e-04
4.990289e+01 8.674474e-04 6.255104e-04 9.661081e-04 1.010724e-03
4.995489e+01 8.780118e-04 6.348640e-04 9.769523e-04 1.022219e-03
5.000689e+01 8.878195e-04 6.455799e-04 9.860266e-04 1.031852e-03
5.005889e+01 8.961197e-04 6.559395e-04 9.925061e-04 1.039914e-03
5.011089e+01 9.023114e-04 6.645855e-04 9.959633e-04 1.046386e-03
5.016289e+01 9.060700e-04 6.708623e-04 9.964960e-04 1.050852e-03
5.021489e+01 9.073886e-04 6.748889e-04 9.946846e-04 1.052592e-03
5.026689e+01 9.065350e-04 6.773735e-04 9.913941e-04 1.050837e-03
5.031889e+01 9.039551e-04 6.792839e-04 9.875003e-04 1.045081e-03
5.037089e+01 9.001636e-04 6.815183e-04 9.836446e-04 1.035328e-03
5.042289e+01 8.956551e-04 6.846847e-04 9.801088e-04 1.022172e-03
5.047489e+01 8.908436e-04 6.890253e-04 9.768401e-04 1.006665e-03
5.052689e+01 8.860262e-04 6.944535e-04 9.735835e-04 9.900417e-04
5.057889e+01 8.813615e-04 7.006459e-04 9.700316e-04 9.734070e-04
5.063089e+01 8.768558e-04 7.071457e-04 9.659062e-04 9.575156e-04
5.068289e+01 8.723658e-04 7.134641e-04 9.609371e-04 9.426962e-04
5.073489e+01 8.676267e-04 7.191840e-04 9.547777e-04 9.289185e-04
5.078689e+01 8.623168e-04 7.240646e-04 9.469417e-04 9.159441e-04
5.083889e+01 8.561542e-04 7.281226e-04 9.368444e-04 9.034957e-04
5.089089e+01 8.490037e-04 7.316481e-04 9.239673e-04 8.913958e-04
5.094289e+01 8.409555e-04 7.351249e-04 9.080938e-04 8.796477e-04
5.099489e+01 8.323396e-04 7.390619e-04 8.895073e-04 8.684495e-04
5.104689e+01 8.236579e-04 7.437869e-04 8.690526e-04 8.581342e-04
5.109889e+01 8.154507e-04 7.492833e-04 8.480193e-04 8.490496e-04
5.115089e+01 8.081435e-04 7.551433e-04 8.278818e-04 8.414054e-04
5.120289e+01 8.019349e-04 7.606721e-04 8.099866e-04 8.351458e-04
5.125489e+01 7.967689e-04 7.651179e-04 7.952841e-04 8.299049e-04
5.130689e+01 7.924025e-04 7.679505e-04 7.841756e-04 8.250813e-04
5.135889e+01 7.885366e-04 7.690879e-04 7.764995e-04 8.200224e-04
5.141089e+01 7.849571e-04 7.689746e-04 7.716415e-04 8.142552e-04
5.146289e+01 7.816251e-04 7.684718e-04 7.687305e-04 8.076731e-04
5.151489e+01 7.786853e-04 7.685839e-04 7.668706e-04 8.006015e-04
5.156689e+01 7.763943e-04 7.701191e-04 7.653525e-04 7.937112e-04
5.161889e+01 7.750087e-04 7.734167e-04 7.637935e-04 7.878159e-04
5.167089e+01 7.746834e-04 7.782493e-04 7.621710e-04 7.836299e-04
5.172289e+01 7.754179e-04 7.839410e-04 7.607445e-04 7.815681e-04
5.177489e+01 7.770600e-04 7.896419e-04 7.598982e-04 7.816398e-04
5.182689e+01 7.793461e-04 7.946376e-04 7.599579e-04 7.834429e-04
5.187889e+01 7.819481e-04 7.985595e-04 7.610473e-04 7.862374e-04
5.193089e+01 7.845073e-04 8.014261e-04 7.630256e-04 7.890703e-04
5.198289e+01 7.866598e-04 8.035266e-04 7.655202e-04 7.909327e-04
5.203489e+01 7.880647e-04 8.052339e-04 7.680302e-04 7.909301e-04
5.208689e+01 7.884462e-04 8.068420e-04 7.700582e-04 7.884383e-04
5.213889e+01 7.876404e-04 8.084884e-04 7.712249e-04 7.832080e-04
5.219089e+01 7.856281e-04 8.101620e-04 7.713374e-04 7.753848e-04
5.224289e+01 7.825339e-04 8.117554e-04 7.704094e-04 7.654369e-04
5.229489e+01 7.785950e-04 8.131195e-04 7.686447e-04 7.540208e-04
5.234689e+01 7.741114e-04 8.141023e-04 7.663981e-04 7.418338e-04
5.239889e+01 7.693977e-04 8.145708e-04 7.641223e-04 7.295000e-04
5.245089e+01 7.647428e-04 8.144176e-04 7.622967e-04 7.175142e-04
5.250289e+01 7.603770e-04 8.135471e-04 7.613434e-04 7.062406e-04
5.255489e+01 7.564424e-04 8.118350e-04 7.615409e-04 6.959513e-04
5.260689e+01 7.529731e-04 8.090802e-04 7.629538e-04 6.868853e-04
5.265889e+01 7.498978e-04 8.049869e-04 7.654004e-04 6.793062e-04
5.271089e+01 7.470719e-04 7.992164e-04 7.684667e-04 6.735327e-04
5.276289e+01 7.443304e-04 7.915112e-04 7.715677e-04 6.699123e-04
5.281489e+01 7.415397e-04 7.818467e-04 7.740456e-04 6.687267e-04
5.286689e+01 7.386247e-04 7.705394e-04 7.752862e-04 6.700484e-04
5.291889e+01 7.355622e-04 7.582562e-04 7.748246e-04 6.736057e-04
5.297089e+01 7.323540e-04 7.459165e-04 7.724154e-04 6.787301e-04
5.302289e+01 7.290014e-04 7.345239e-04 7.680465e-04 6.844337e-04
5.307489e+01 7.254972e-04 7.249826e-04 7.619000e-04 6.896090e-04
5.312689e+01 7.218326e-04 7.179421e-04 7.542746e-04 6.932811e-04
5.317889e+01 7.180057e-04 7.136959e-04 7.455025e-04 6.948187e-04
5.323089e+01 7.140181e-04 7.121432e-04 7.358852e-04 6.940258e-04
5.328289e+01 7.098666e-04 7.128224e-04 7.256718e-04 6.911055e-04
5.333489e+01 7.055446e-04 7.150098e-04 7.150873e-04 6.865367e-04
5.338689e+01 7.010678e-04 7.178630e-04 7.044028e-04 6.809376e-04
5.343889e+01 6.965169e-04 7.205686e-04 6.940193e-04 6.749630e-04
5.349089e+01 6.920669e-04 7.224508e-04 6.845142e-04 6.692358e-04
5.354289e+01 6.879685e-04 7.230218e-04 6.766010e-04 6.642827e-04
5.359489e+01 6.844698e-04 7.219837e-04 6.709820e-04 6.604436e-04
5.364689e+01 6.817048e-04 7.192201e-04 6.681271e-04 6.577671e-04
5.369889e+01 6.796062e-04 7.148084e-04 6.680655e-04 6.559448e-04
5.375089e+01 6.778980e-04 7.090571e-04 6.702848e-04 6.543520e-04
5.380289e+01 6.761868e-04 7.025383e-04 6.737984e-04 6.522237e-04
5.385489e+01 6.741186e-04 6.960639e-04 6.773677e-04 6.489241e-04
5.390689e+01 6.715279e-04 6.905713e-04 6.798053e-04 6.442071e-04
5.395889e+01 6.685071e-04 6.869216e-04 6.802535e-04 6.383463e-04
5.401089e+01 6.653622e-04 6.856650e-04 6.783531e-04 6.320684e-04
5.406289e+01 6.624783e-04 6.868578e-04 6.742673e-04 6.263097e-04
5.411489e+01 6.601635e-04 6.900107e-04 6.685761e-04 6.219036e-04
5.416689e+01 6.585455e-04 6.942042e-04 6.620969e-04 6.193355e-04
5.421889e+01 6.575669e-04 6.983380e-04 6.556944e-04 6.186683e-04
5.427089e+01 6.570726e-04 7.014325e-04 6.501263e-04 6.196591e-04
5.432289e+01 6.569392e-04 7.028775e-04 6.459407e-04 6.219995e-04
5.437489e+01 6.571765e-04 7.025555e-04 6.434139e-04 6.255601e-04
5.442689e+01 6.579492e-04 7.008185e-04 6.425091e-04 6.305200e-04
5.447889e+01 6.595063e-04 6.983496e-04 6.428548e-04 6.373145e-04
5.453089e+01 6.620513e-04 6.959695e-04 6.437658e-04 6.464185e-04
5.458289e+01 6.656141e-04 6.944434e-04 6.443375e-04 6.580615e-04
5.463489e+01 6.699877e-04 6.943305e-04 6.436268e-04 6.720059e-04
5.468689e+01 6.747620e-04 6.959009e-04 6.408876e-04 6.874975e-04
5.473889e+01 6.794464e-04 6.991320e-04 6.357897e-04 7.034174e-04
5.479089e+01 6.836288e-04 7.037805e-04 6.285381e-04 7.185678e-04
5.484289e+01 6.871039e-04 7.095086e-04 6.198402e-04 7.319629e-04
5.489489e+01 6.899126e-04 7.160152e-04 6.107228e-04 7.429998e-04
5.494689e+01 6.922786e-04 7.231224e-04 6.022607e-04 7.514526e-04
5.499889e+01 6.944697e-04 7.307789e-04 5.953035e-04 7.573267e-04
5.505089e+01 6.966478e-04 7.389851e-04 5.902862e-04 7.606719e-04
5.510289e+01 6.987709e-04 7.476813e-04 5.871694e-04 7.614620e-04
5.515489e+01 7.005875e-04 7.566555e-04 5.855114e-04 7.595956e-04
5.520689e+01 7.017187e-04 7.655168e-04 5.846339e-04 7.550053e-04
5.525889e+01 7.017884e-04 7.737424e-04 5.838199e-04 7.478029e-04
5.531089e+01 7.005442e-04 7.807731e-04 5.824845e-04 7.383751e-04
5.536289e+01 6.979165e-04 7.861146e-04 5.802707e-04 7.273642e-04
5.541489e+01 6.939950e-04 7.894044e-04 5.770551e-04 7.155255e-04
5.546689e+01 6.889379e-04 7.904258e-04 5.728780e-04 7.035099e-04
5.551889e+01 6.828605e-04 7.890725e-04 5.678416e-04 6.916676e-04
5.557089e+01 6.757604e-04 7.852854e-04 5.620241e-04 6.799717e-04
5.562289e+01 6.675194e-04 7.789936e-04 5.554476e-04 6.681169e-04
5.567489e+01 6.579831e-04 7.700841e-04 5.481017e-04 6.557634e-04
5.572689e+01 6.470805e-04 7.584218e-04 5.400030e-04 6.428168e-04
5.577889e+01 6.349260e-04 7.439171e-04 5.312537e-04 6.296072e-04
5.583089e+01 6.218590e-04 7.266302e-04 5.220774e-04 6.168694e-04
5.588289e+01 6.084108e-04 7.068749e-04 5.128274e-04 6.055301e-04
5.593489e+01 5.952204e-04 6.852834e-04 5.039789e-04 5.963988e-04
5.598689e+01 5.829365e-04 6.627925e-04 4.961118e-04 5.899053e-04
5.603889e+01 5.721344e-04 6.405370e-04 4.898772e-04 5.859891e-04
5.609089e+01 5.632565e-04 6.196684e-04 4.859348e-04 5.841663e-04
5.614289e+01 5.565746e-04 6.011533e-04 4.848569e-04 5.837134e-04
5.619489e+01 5.521693e-04 5.856172e-04 4.870154e-04 5.838753e-04
5.624689e+01 5.499300e-04 5.732843e-04 4.924888e-04 5.840170e-04
5.629889e+01 5.495807e-04 5.640238e-04 5.010228e-04 5.836956e-04
5.635089e+01 5.507332e-04 5.574723e-04 5.120574e-04 5.826699e-04
5.640289e+01 5.529539e-04 5.531736e-04 5.248074e-04 5.808808e-04
5.645489e+01 5.558222e-04 5.506805e-04 5.383664e-04 5.784196e-04
5.650689e+01 5.589612e-04 5.495943e-04 5.518103e-04 5.754789e-04
5.655889e+01 5.620358e-04 5.495482e-04 5.642883e-04 5.722708e-04
5.661089e+01 5.647269e-04 5.501679e-04 5.750992e-04 5.689136e-04
5.666289e+01 5.667013e-04 5.510433e-04 5.837458e-04 5.653148e-04
5.671489e+01 5.675876e-04 5.517231e-04 5.899473e-04 5.610924e-04
5.676689e+01 5.669583e-04 5.517176e-04 5.935856e-04 5.555718e-04
5.681889e+01 5.643089e-04 5.504822e-04 5.945785e-04 5.478661e-04
5.687089e+01 5.590287e-04 5.473637e-04 5.927068e-04 5.370155e-04
5.692289e+01 5.503741e-04 5.415238e-04 5.874564e-04 5.221421e-04
