6.104681e+00 0.000000e+00 0.000000e+00 0.000000e+00 0.000000e+00
6.156681e+00 0.000000e+00 0.000000e+00 0.000000e+00 0.000000e+00
6.208681e+00 0.000000e+00 0.000000e+00 0.000000e+00 0.000000e+00
6.260681e+00 0.000000e+00 0.000000e+00 0.000000e+00 0.000000e+00
6.312681e+00 0.000000e+00 0.000000e+00 0.000000e+00 0.000000e+00
6.364681e+00 0.000000e+00 0.000000e+00 0.000000e+00 0.000000e+00
6.416681e+00 0.000000e+00 0.000000e+00 0.000000e+00 0.000000e+00
6.468681e+00 0.000000e+00 0.000000e+00 0.000000e+00 0.000000e+00
6.520681e+00 0.000000e+00 0.000000e+00 0.000000e+00 0.000000e+00
6.572681e+00 0.000000e+00 0.000000e+00 0.000000e+00 0.000000e+00
6.624681e+00 0.000000e+00 0.000000e+00 0.000000e+00 0.000000e+00
6.676681e+00 0.000000e+00 0.000000e+00 0.000000e+00 0.000000e+00
6.728681e+00 0.000000e+00 0.000000e+00 0.000000e+00 0.000000e+00
6.780681e+00 0.000000e+00 0.000000e+00 0.000000e+00 0.000000e+00
6.832681e+00 0.000000e+00 0.000000e+00 0.000000e+00 0.000000e+00
6.884681e+00 0.000000e+00 0.000000e+00 0.000000e+00 0.000000e+00
6.936681e+00 0.000000e+00 0.000000e+00 0.000000e+00 0.000000e+00
6.988681e+00 0.000000e+00 0.000000e+00 0.000000e+00 0.000000e+00
7.040681e+00 0.000000e+00 0.000000e+00 0.000000e+00 0.000000e+00
7.092681e+00 0.000000e+00 0.000000e+00 0.000000e+00 0.000000e+00
7.144681e+00 0.000000e+00 0.000000e+00 0.000000e+00 0.000000e+00
7.196681e+00 0.000000e+00 0.000000e+00 0.000000e+00 0.000000e+00
7.248681e+00 0.000000e+00 0.000000e+00 0.000000e+00 0.000000e+00
7.300681e+00 0.000000e+00 0.000000e+00 0.000000e+00 0.000000e+00
7.352681e+00 0.000000e+00 0.000000e+00 0.000000e+00 0.000000e+00
7.404681e+00 0.000000e+00 0.000000e+00 0.000000e+00 0.000000e+00
7.456681e+00 0.000000e+00 0.000000e+00 0.000000e+00 0.000000e+00
7.508681e+00 0.000000e+00 0.000000e+00 0.000000e+00 0.000000e+00
7.560681e+00 0.000000e+00 0.000000e+00 0.000000e+00 0.000000e+00
7.612681e+00 0.000000e+00 0.000000e+00 0.000000e+00 0.000000e+00
7.664681e+00 0.000000e+00 0.000000e+00 0.000000e+00 0.000000e+00
7.716681e+00 0.000000e+00 0.000000e+00 0.000000e+00 0.000000e+00
7.768681e+00 0.000000e+00 0.000000e+00 0.000000e+00 0.000000e+00
7.820681e+00 0.000000e+00 0.000000e+00 0.000000e+00 0.000000e+00
7.872681e+00 0.000000e+00 0.000000e+00 0.000000e+00 0.000000e+00
7.924681e+00 0.000000e+00 0.000000e+00 0.000000e+00 0.000000e+00
7.976681e+00 0.000000e+00 0.000000e+00 0.000000e+00 0.000000e+00
8.028681e+00 0.000000e+00 0.000000e+00 0.000000e+00 0.000000e+00
8.080681e+00 0.000000e+00 0.000000e+00 0.000000e+00 0.000000e+00
8.132681e+00 0.000000e+00 0.000000e+00 0.000000e+00 0.000000e+00
8.184681e+00 0.000000e+00 0.000000e+00 0.000000e+00 0.000000e+00
8.236681e+00 0.000000e+00 0.000000e+00 0.000000e+00 0.000000e+00
8.288681e+00 0.000000e+00 0.000000e+00 0.000000e+00 0.000000e+00
8.340681e+00 0.000000e+00 0.000000e+00 0.000000e+00 0.000000e+00
8.392681e+00 0.000000e+00 0.000000e+00 0.000000e+00 0.000000e+00
8.444681e+00 0.000000e+00 0.000000e+00 0.000000e+00 0.000000e+00
8.496681e+00 0.000000e+00 0.000000e+00 0.000000e+00 0.000000e+00
8.548681e+00 0.000000e+00 0.000000e+00 0.000000e+00 0.000000e+00
8.600681e+00 0.000000e+00 0.000000e+00 0.000000e+00 0.000000e+00
8.652681e+00 0.000000e+00 0.000000e+00 0.000000e+00 0.000000e+00
8.704681e+00 0.000000e+00 0.000000e+00 0.000000e+00 0.000000e+00
8.756681e+00 0.000000e+00 0.000000e+00 0.000000e+00 0.000000e+00
8.808681e+00 0.000000e+00 0.000000e+00 0.000000e+00 0.000000e+00
8.860681e+00 0.000000e+00 0.000000e+00 0.000000e+00 0.000000e+00
8.912681e+00 0.000000e+00 0.000000e+00 0.000000e+00 0.000000e+00
8.964681e+00 0.000000e+00 0.000000e+00 0.000000e+00 0.000000e+00
9.016681e+00 0.000000e+00 0.000000e+00 0.000000e+00 0.000000e+00
9.068681e+00 0.000000e+00 0.000000e+00 0.000000e+00 0.000000e+00
9.120681e+00 0.000000e+00 0.000000e+00 0.000000e+00 0.000000e+00
9.172681e+00 0.000000e+00 0.000000e+00 0.000000e+00 0.000000e+00
9.224681e+00 0.000000e+00 0.000000e+00 0.000000e+00 0.000000e+00
9.276681e+00 0.000000e+00 0.000000e+00 0.000000e+00 0.000000e+00
9.328681e+00 0.000000e+00 0.000000e+00 0.000000e+00 0.000000e+00
9.380681e+00 0.000000e+00 0.000000e+00 0.000000e+00 0.000000e+00
9.432681e+00 0.000000e+00 0.000000e+00 0.000000e+00 0.000000e+00
9.484681e+00 0.000000e+00 0.000000e+00 0.000000e+00 0.000000e+00
9.536681e+00 0.000000e+00 0.000000e+00 0.000000e+00 0.000000e+00
9.588681e+00 0.000000e+00 0.000000e+00 0.000000e+00 0.000000e+00
9.640681e+00 0.000000e+00 0.000000e+00 0.000000e+00 0.000000e+00
9.692681e+00 0.000000e+00 0.000000e+00 0.000000e+00 0.000000e+00
9.744681e+00 0.000000e+00 0.000000e+00 0.000000e+00 0.000000e+00
9.796681e+00 0.000000e+00 0.000000e+00 0.000000e+00 0.000000e+00
9.848681e+00 0.000000e+00 0.000000e+00 0.000000e+00 0.000000e+00
9.900681e+00 0.000000e+00 0.000000e+00 0.000000e+00 0.000000e+00
9.952681e+00 6.736881e-15 1.873388e-14 2.016536e-16 1.275111e-15
1.000468e+01 7.739515e-14 1.933039e-13 1.424903e-14 2.463253e-14
1.005668e+01 3.686505e-13 9.134066e-13 6.721277e-14 1.253322e-13
1.010868e+01 1.979899e-12 4.728353e-12 4.838628e-13 7.274826e-13
1.016068e+01 8.606814e-12 2.029324e-11 2.244405e-12 3.282801e-12
1.021268e+01 3.401494e-11 7.962890e-11 9.165902e-12 1.325001e-11
1.026468e+01 1.255969e-10 2.919751e-10 3.492150e-11 4.989419e-11
1.031668e+01 4.337295e-10 1.001976e-09 1.239633e-10 1.752492e-10
1.036868e+01 1.406979e-09 3.231052e-09 4.123167e-10 5.775688e-10
1.042068e+01 4.301948e-09 9.823956e-09 1.289520e-09 1.792367e-09
1.047268e+01 1.241194e-08 2.819637e-08 3.796260e-09 5.243196e-09
1.052468e+01 3.387069e-08 7.653202e-08 1.060525e-08 1.447480e-08
1.057668e+01 8.734397e-08 1.964176e-07 2.789102e-08 3.772328e-08
1.062868e+01 2.132968e-07 4.774327e-07 6.946602e-08 9.299169e-08
1.068068e+01 4.939661e-07 1.100517e-06 1.644413e-07 2.169404e-07
1.073268e+01 1.086813e-06 2.409095e-06 3.717075e-07 4.796360e-07
1.078468e+01 2.276990e-06 5.016487e-06 8.073738e-07 1.007109e-06
1.083668e+01 4.555759e-06 9.955504e-06 1.698207e-06 2.013566e-06
1.088868e+01 8.737168e-06 1.887376e-05 3.489854e-06 3.847890e-06
1.094068e+01 1.613766e-05 3.427989e-05 7.065828e-06 7.067270e-06
1.099268e+01 2.887059e-05 5.986237e-05 1.417469e-05 1.257470e-05
1.104468e+01 5.034790e-05 1.009369e-04 2.820146e-05 2.190537e-05
1.109668e+01 8.611576e-05 1.651136e-04 5.541139e-05 3.782226e-05
1.114868e+01 1.451264e-04 2.632580e-04 1.066639e-04 6.545750e-05
1.120068e+01 2.413857e-04 4.106569e-04 1.992635e-04 1.142368e-04
1.125268e+01 3.955476e-04 6.279354e-04 3.580953e-04 2.006121e-04
1.130468e+01 6.355006e-04 9.407595e-04 6.146809e-04 3.510613e-04
1.135668e+01 9.945446e-04 1.377020e-03 1.002725e-03 6.038883e-04
1.140868e+01 1.505819e-03 1.960488e-03 1.549574e-03 1.007394e-03
1.146068e+01 2.192614e-03 2.701204e-03 2.264897e-03 1.611741e-03
1.151268e+01 3.056092e-03 3.584920e-03 3.130148e-03 2.453207e-03
1.156468e+01 4.064103e-03 4.565696e-03 4.093638e-03 3.532974e-03
1.161668e+01 5.145994e-03 5.565977e-03 5.074863e-03 4.797143e-03
1.166868e+01 6.197469e-03 6.486320e-03 5.978143e-03 6.127945e-03
1.172068e+01 7.096481e-03 7.223104e-03 6.711268e-03 7.355072e-03
1.177268e+01 7.726967e-03 7.689058e-03 7.202448e-03 8.289394e-03
1.182468e+01 8.003863e-03 7.830280e-03 7.410233e-03 8.771076e-03
1.187668e+01 7.892006e-03 7.635213e-03 7.325298e-03 8.715508e-03
1.192868e+01 7.413474e-03 7.134460e-03 6.966965e-03 8.138999e-03
1.198068e+01 6.641746e-03 6.393174e-03 6.378392e-03 7.153670e-03
1.203268e+01 5.684987e-03 5.498879e-03 5.622136e-03 5.933945e-03
1.208468e+01 4.663499e-03 4.547226e-03 4.774736e-03 4.668534e-03
1.213668e+01 3.687257e-03 3.627674e-03 3.918123e-03 3.515975e-03
1.218868e+01 2.838717e-03 2.811118e-03 3.127631e-03 2.577402e-03
1.224068e+01 2.164076e-03 2.141722e-03 2.459583e-03 1.890923e-03
1.229268e+01 1.673661e-03 1.634787e-03 1.942980e-03 1.443217e-03
1.234468e+01 1.349682e-03 1.280902e-03 1.578532e-03 1.189612e-03
1.239668e+01 1.157952e-03 1.054656e-03 1.344974e-03 1.074227e-03
1.244868e+01 1.059773e-03 9.247299e-04 1.209585e-03 1.045003e-03
1.250068e+01 1.020943e-03 8.622107e-04 1.138652e-03 1.061967e-03
1.255268e+01 1.016441e-03 8.451974e-04 1.104660e-03 1.099467e-03
1.260468e+01 1.030966e-03 8.595806e-04 1.089085e-03 1.144234e-03
1.265668e+01 1.056745e-03 8.972577e-04 1.081659e-03 1.191320e-03
1.270868e+01 1.090415e-03 9.535813e-04 1.077941e-03 1.239724e-03
1.276068e+01 1.130520e-03 1.025520e-03 1.076959e-03 1.289081e-03
1.281268e+01 1.176461e-03 1.111241e-03 1.079981e-03 1.338161e-03
1.286468e+01 1.228966e-03 1.211044e-03 1.090606e-03 1.385248e-03
1.291668e+01 1.291550e-03 1.328993e-03 1.115761e-03 1.429895e-03
1.296868e+01 1.372117e-03 1.474289e-03 1.166786e-03 1.475276e-03
1.302068e+01 1.483771e-03 1.661326e-03 1.259695e-03 1.530291e-03
1.307268e+01 1.644001e-03 1.907509e-03 1.413763e-03 1.610730e-03
1.312468e+01 1.871770e-03 2.228434e-03 1.647945e-03 1.738932e-03
1.317668e+01 2.182638e-03 2.631058e-03 1.975360e-03 1.941496e-03
1.322868e+01 2.582901e-03 3.106770e-03 2.397072e-03 2.244861e-03
1.328068e+01 3.064562e-03 3.627299e-03 2.897363e-03 2.669023e-03
1.333268e+01 3.603212e-03 4.146275e-03 3.442990e-03 3.220370e-03
1.338468e+01 4.160327e-03 4.607669e-03 3.987947e-03 3.885366e-03
1.343668e+01 4.689954e-03 4.959433e-03 4.483188e-03 4.627241e-03
1.348868e+01 5.147973e-03 5.167949e-03 4.888327e-03 5.387643e-03
1.354068e+01 5.500918e-03 5.227781e-03 5.180897e-03 6.094076e-03
1.359268e+01 5.731443e-03 5.162689e-03 5.359429e-03 6.672211e-03
1.364468e+01 5.838921e-03 5.017313e-03 5.439216e-03 7.060233e-03
1.369668e+01 5.835664e-03 4.842746e-03 5.443006e-03 7.221239e-03
1.374868e+01 5.740800e-03 4.681429e-03 5.391015e-03 7.149956e-03
1.380068e+01 5.574335e-03 4.556596e-03 5.294615e-03 6.871794e-03
1.385268e+01 5.353289e-03 4.469181e-03 5.155779e-03 6.434906e-03
1.390468e+01 5.090563e-03 4.402082e-03 4.971408e-03 5.898201e-03
1.395668e+01 4.796023e-03 4.329268e-03 4.739520e-03 5.319282e-03
1.400868e+01 4.478550e-03 4.226072e-03 4.463999e-03 4.745579e-03
1.406068e+01 4.147801e-03 4.077322e-03 4.155920e-03 4.210159e-03
1.411268e+01 3.814834e-03 3.881200e-03 3.831450e-03 3.731851e-03
1.416468e+01 3.491442e-03 3.648397e-03 3.507881e-03 3.318047e-03
1.421668e+01 3.188638e-03 3.397685e-03 3.199810e-03 2.968420e-03
1.426868e+01 2.915017e-03 3.149947e-03 2.916910e-03 2.678195e-03
1.432068e+01 2.675616e-03 2.922738e-03 2.663690e-03 2.440420e-03
1.437268e+01 2.471560e-03 2.726800e-03 2.440682e-03 2.247197e-03
1.442468e+01 2.300387e-03 2.564882e-03 2.246067e-03 2.090212e-03
1.447668e+01 2.156781e-03 2.432467e-03 2.076917e-03 1.960959e-03
1.452868e+01 2.033461e-03 2.319654e-03 1.929726e-03 1.851003e-03
1.458068e+01 1.922150e-03 2.213616e-03 1.800414e-03 1.752419e-03
1.463268e+01 1.814648e-03 2.101293e-03 1.684265e-03 1.658386e-03
1.468468e+01 1.704012e-03 1.972089e-03 1.576195e-03 1.563752e-03
1.473668e+01 1.585669e-03 1.820182e-03 1.471432e-03 1.465393e-03
1.478868e+01 1.458196e-03 1.645909e-03 1.366411e-03 1.362268e-03
1.484068e+01 1.323460e-03 1.455710e-03 1.259492e-03 1.255178e-03
1.489268e+01 1.186023e-03 1.260514e-03 1.151205e-03 1.146349e-03
1.494468e+01 1.051938e-03 1.073001e-03 1.043910e-03 1.038905e-03
1.499668e+01 9.273256e-04 9.046093e-04 9.410350e-04 9.363325e-04
1.504868e+01 8.171433e-04 7.632513e-04 8.461967e-04 8.419818e-04
1.510068e+01 7.244927e-04 6.523251e-04 7.624975e-04 7.586556e-04
1.515268e+01 6.505408e-04 5.710922e-04 6.921693e-04 6.883610e-04
1.520468e+01 5.949230e-04 5.159843e-04 6.365298e-04 6.322549e-04
1.525668e+01 5.563533e-04 4.821985e-04 5.961028e-04 5.907586e-04
1.530868e+01 5.331704e-04 4.650206e-04 5.707390e-04 5.637516e-04
1.536068e+01 5.236554e-04 4.605830e-04 5.596569e-04 5.507264e-04
1.541268e+01 5.261001e-04 4.660450e-04 5.614332e-04 5.508220e-04
1.546468e+01 5.387106e-04 4.793686e-04 5.740299e-04 5.627333e-04
1.551668e+01 5.594726e-04 4.989244e-04 5.949219e-04 5.845715e-04
1.556868e+01 5.860806e-04 5.231313e-04 6.213235e-04 6.137870e-04
1.562068e+01 6.159869e-04 5.502586e-04 6.504471e-04 6.472550e-04
1.567268e+01 6.465694e-04 5.784307e-04 6.797221e-04 6.815554e-04
1.572468e+01 6.753715e-04 6.057869e-04 7.069281e-04 7.133996e-04
1.577668e+01 7.003418e-04 6.306929e-04 7.302495e-04 7.400831e-04
1.582868e+01 7.199926e-04 6.518819e-04 7.482816e-04 7.598141e-04
1.588068e+01 7.334325e-04 6.684639e-04 7.600202e-04 7.718136e-04
1.593268e+01 7.402926e-04 6.798346e-04 7.648620e-04 7.761814e-04
1.598468e+01 7.406290e-04 6.856026e-04 7.626451e-04 7.736392e-04
1.603668e+01 7.349005e-04 6.856504e-04 7.537458e-04 7.653055e-04
1.608868e+01 7.240549e-04 6.803455e-04 7.392117e-04 7.526076e-04
1.614068e+01 7.096372e-04 6.707734e-04 7.208440e-04 7.372942e-04
1.619268e+01 6.937601e-04 6.587832e-04 7.010959e-04 7.214011e-04
1.624468e+01 6.788029e-04 6.466961e-04 6.826933e-04 7.070193e-04
1.629668e+01 6.668642e-04 6.367146e-04 6.680230e-04 6.958551e-04
1.634868e+01 6.591760e-04 6.302713e-04 6.585039e-04 6.887527e-04
1.640068e+01 6.557788e-04 6.276444e-04 6.542364e-04 6.854556e-04
1.645268e+01 6.556674e-04 6.280565e-04 6.541425e-04 6.848033e-04
1.650468e+01 6.573868e-04 6.302393e-04 6.565794e-04 6.853418e-04
1.655668e+01 6.598149e-04 6.331949e-04 6.601602e-04 6.860895e-04
1.660868e+01 6.627614e-04 6.367858e-04 6.644034e-04 6.870951e-04
1.666068e+01 6.670980e-04 6.418741e-04 6.699087e-04 6.895111e-04
1.671268e+01 6.743612e-04 6.499550e-04 6.779940e-04 6.951348e-04
1.676468e+01 6.860117e-04 6.624629e-04 6.899701e-04 7.056022e-04
1.681668e+01 7.026590e-04 6.800471e-04 7.063751e-04 7.215549e-04
1.686868e+01 7.235563e-04 7.020964e-04 7.264797e-04 7.420928e-04
1.692068e+01 7.465550e-04 7.266797e-04 7.482562e-04 7.647292e-04
1.697268e+01 7.685699e-04 7.509453e-04 7.688487e-04 7.859158e-04
1.702468e+01 7.864719e-04 7.719186e-04 7.854391e-04 8.020579e-04
1.707668e+01 7.982108e-04 7.875479e-04 7.962972e-04 8.107871e-04
1.712868e+01 8.038883e-04 7.977718e-04 8.017432e-04 8.121500e-04
1.718068e+01 8.064842e-04 8.053363e-04 8.047643e-04 8.093520e-04
1.723268e+01 8.120191e-04 8.161141e-04 8.111292e-04 8.088140e-04
1.728468e+01 8.290876e-04 8.387819e-04 8.289876e-04 8.194934e-04
1.733668e+01 8.678324e-04 8.838339e-04 8.680541e-04 8.516093e-04
1.738868e+01 9.384978e-04 9.620143e-04 9.384754e-04 9.150037e-04
1.744068e+01 1.049704e-03 1.082324e-03 1.049404e-03 1.017383e-03
1.749268e+01 1.206604e-03 1.249862e-03 1.207249e-03 1.162702e-03
1.754468e+01 1.409182e-03 1.463897e-03 1.413681e-03 1.349969e-03
1.759668e+01 1.651056e-03 1.716686e-03 1.663717e-03 1.572765e-03
1.764868e+01 1.919210e-03 1.993503e-03 1.944507e-03 1.819621e-03
1.770068e+01 2.194904e-03 2.274073e-03 2.235513e-03 2.075126e-03
1.775268e+01 2.455755e-03 2.535195e-03 2.510605e-03 2.321466e-03
1.780468e+01 2.678720e-03 2.754051e-03 2.742022e-03 2.540086e-03
1.785668e+01 2.843497e-03 2.911553e-03 2.905519e-03 2.713418e-03
1.790868e+01 2.935850e-03 2.995232e-03 2.985461e-03 2.826859e-03
1.796068e+01 2.950279e-03 3.001303e-03 2.978439e-03 2.871094e-03
1.801268e+01 2.891425e-03 2.935604e-03 2.894245e-03 2.844427e-03
1.806468e+01 2.773696e-03 2.813081e-03 2.753765e-03 2.754243e-03
1.811668e+01 2.618850e-03 2.655625e-03 2.584289e-03 2.616636e-03
1.816868e+01 2.451875e-03 2.488350e-03 2.413545e-03 2.453729e-03
1.822068e+01 2.296098e-03 2.334965e-03 2.264153e-03 2.289176e-03
1.827268e+01 2.168826e-03 2.213322e-03 2.149963e-03 2.143192e-03
1.832468e+01 2.078667e-03 2.132313e-03 2.075006e-03 2.028681e-03
1.837668e+01 2.025121e-03 2.090902e-03 2.034884e-03 1.949576e-03
1.842868e+01 2.000240e-03 2.079453e-03 2.019687e-03 1.901578e-03
1.848068e+01 1.991621e-03 2.082815e-03 2.017339e-03 1.874709e-03
1.853268e+01 1.985779e-03 2.084284e-03 2.016420e-03 1.856632e-03
1.858468e+01 1.971092e-03 2.069447e-03 2.008026e-03 1.835803e-03
1.863668e+01 1.939829e-03 2.029102e-03 1.986599e-03 1.803785e-03
1.868868e+01 1.889039e-03 1.960726e-03 1.949933e-03 1.756459e-03
1.874068e+01 1.820329e-03 1.868273e-03 1.898587e-03 1.694127e-03
1.879268e+01 1.738702e-03 1.760495e-03 1.834965e-03 1.620647e-03
1.884468e+01 1.650823e-03 1.648273e-03 1.762273e-03 1.541922e-03
1.889668e+01 1.563166e-03 1.541749e-03 1.683623e-03 1.464126e-03
1.894868e+01 1.480551e-03 1.448033e-03 1.601495e-03 1.392123e-03
1.900068e+01 1.405415e-03 1.370093e-03 1.517644e-03 1.328507e-03
1.905268e+01 1.337935e-03 1.306985e-03 1.433363e-03 1.273456e-03
1.910468e+01 1.276772e-03 1.255147e-03 1.349838e-03 1.225330e-03
1.915668e+01 1.220062e-03 1.210158e-03 1.268351e-03 1.181677e-03
1.920868e+01 1.166250e-03 1.168309e-03 1.190236e-03 1.140205e-03
1.926068e+01 1.114551e-03 1.127532e-03 1.116698e-03 1.099423e-03
1.931268e+01 1.065050e-03 1.087582e-03 1.048724e-03 1.058843e-03
1.936468e+01 1.018588e-03 1.049664e-03 9.872081e-04 1.018892e-03
1.941668e+01 9.766068e-04 1.015853e-03 9.332610e-04 9.807063e-04
1.946868e+01 9.409794e-04 9.885558e-04 8.884399e-04 9.459424e-04
1.952068e+01 9.137969e-04 9.701099e-04 8.546861e-04 9.165947e-04
1.957268e+01 8.970369e-04 9.624431e-04 8.339081e-04 8.947596e-04
1.962468e+01 8.921429e-04 9.667202e-04 8.274002e-04 8.823083e-04
1.967668e+01 8.996417e-04 9.829998e-04 8.354054e-04 8.805199e-04
1.972868e+01 9.189628e-04 1.010043e-03 8.570533e-04 8.897919e-04
1.978068e+01 9.485579e-04 1.045433e-03 8.906854e-04 9.095551e-04
1.983268e+01 9.863041e-04 1.086069e-03 9.343761e-04 9.384668e-04
1.988468e+01 1.030081e-03 1.128947e-03 9.864103e-04 9.748875e-04
1.993668e+01 1.078387e-03 1.172016e-03 1.045590e-03 1.017555e-03
1.998868e+01 1.130856e-03 1.214892e-03 1.111386e-03 1.066290e-03
2.004068e+01 1.188552e-03 1.259196e-03 1.184003e-03 1.122456e-03
2.009268e+01 1.253854e-03 1.308367e-03 1.264316e-03 1.188880e-03
2.014468e+01 1.329759e-03 1.366825e-03 1.353488e-03 1.268964e-03
2.019668e+01 1.418546e-03 1.438503e-03 1.452119e-03 1.365017e-03
2.024868e+01 1.520043e-03 1.524960e-03 1.558980e-03 1.476190e-03
2.030068e+01 1.630070e-03 1.623625e-03 1.669794e-03 1.596792e-03
2.035268e+01 1.739866e-03 1.726899e-03 1.776815e-03 1.715883e-03
2.040468e+01 1.837129e-03 1.822787e-03 1.869823e-03 1.818778e-03
2.045668e+01 1.908743e-03 1.897278e-03 1.938585e-03 1.890368e-03
2.050868e+01 1.944451e-03 1.937959e-03 1.976023e-03 1.919370e-03
2.056068e+01 1.940159e-03 1.937708e-03 1.980793e-03 1.901976e-03
2.061268e+01 1.899506e-03 1.897060e-03 1.958000e-03 1.843457e-03
2.066468e+01 1.832964e-03 1.824273e-03 1.917631e-03 1.756989e-03
2.071668e+01 1.754787e-03 1.733008e-03 1.871295e-03 1.660058e-03
2.076868e+01 1.679025e-03 1.638528e-03 1.828739e-03 1.569809e-03
2.082068e+01 1.616128e-03 1.553836e-03 1.795575e-03 1.498972e-03
2.087268e+01 1.571247e-03 1.487103e-03 1.773011e-03 1.453629e-03
2.092468e+01 1.544509e-03 1.441006e-03 1.759295e-03 1.433224e-03
2.097668e+01 1.532693e-03 1.413834e-03 1.751882e-03 1.432364e-03
2.102868e+01 1.531383e-03 1.401543e-03 1.749140e-03 1.443465e-03
2.108068e+01 1.536673e-03 1.399844e-03 1.750903e-03 1.459273e-03
2.113268e+01 1.545983e-03 1.405557e-03 1.757832e-03 1.474559e-03
2.118468e+01 1.557918e-03 1.416937e-03 1.770117e-03 1.486699e-03
2.123668e+01 1.571517e-03 1.433067e-03 1.786226e-03 1.495258e-03
2.128868e+01 1.585336e-03 1.452763e-03 1.802303e-03 1.500942e-03
2.134068e+01 1.596810e-03 1.473554e-03 1.812452e-03 1.504425e-03
2.139268e+01 1.602193e-03 1.491254e-03 1.809834e-03 1.505490e-03
2.144468e+01 1.597107e-03 1.500377e-03 1.788216e-03 1.502728e-03
2.149668e+01 1.577552e-03 1.495321e-03 1.743500e-03 1.493835e-03
2.154868e+01 1.540993e-03 1.471904e-03 1.674783e-03 1.476293e-03
2.160068e+01 1.487178e-03 1.428701e-03 1.584658e-03 1.448174e-03
2.165268e+01 1.418381e-03 1.367668e-03 1.478686e-03 1.408789e-03
2.170468e+01 1.339026e-03 1.293818e-03 1.364251e-03 1.359011e-03
2.175668e+01 1.254797e-03 1.214064e-03 1.249140e-03 1.301189e-03
2.180868e+01 1.171529e-03 1.135603e-03 1.140267e-03 1.238716e-03
2.186068e+01 1.094197e-03 1.064368e-03 1.042852e-03 1.175372e-03
2.191268e+01 1.026273e-03 1.003999e-03 9.601881e-04 1.114632e-03
2.196468e+01 9.695450e-04 9.555668e-04 8.939221e-04 1.059146e-03
2.201668e+01 9.243901e-04 9.180394e-04 8.446023e-04 1.010529e-03
2.206868e+01 8.903067e-04 8.892500e-04 8.121928e-04 9.694773e-04
2.212068e+01 8.664851e-04 8.670056e-04 7.963210e-04 9.361287e-04
2.217268e+01 8.522068e-04 8.499755e-04 7.961867e-04 9.104581e-04
2.222468e+01 8.469567e-04 8.380938e-04 8.102431e-04 8.925332e-04
2.227668e+01 8.502476e-04 8.323694e-04 8.358663e-04 8.825070e-04
2.232868e+01 8.612545e-04 8.341844e-04 8.692248e-04 8.803542e-04
2.238068e+01 8.784118e-04 8.443205e-04 9.054537e-04 8.854612e-04
2.243268e+01 8.991329e-04 8.620510e-04 9.391101e-04 8.962376e-04
2.248468e+01 9.197909e-04 8.846408e-04 9.648067e-04 9.099252e-04
2.253668e+01 9.360508e-04 9.074898e-04 9.779213e-04 9.227414e-04
2.258868e+01 9.435656e-04 9.249681e-04 9.753084e-04 9.304203e-04
2.264068e+01 9.389313e-04 9.317523e-04 9.559422e-04 9.290994e-04
2.269268e+01 9.206651e-04 9.242814e-04 9.213605e-04 9.163533e-04
2.274468e+01 8.898770e-04 9.018621e-04 8.757150e-04 8.920539e-04
2.279668e+01 8.503310e-04 8.670347e-04 8.252493e-04 8.587090e-04
2.284868e+01 8.077625e-04 8.250394e-04 7.771813e-04 8.210668e-04
2.290068e+01 7.685882e-04 7.825277e-04 7.382067e-04 7.850301e-04
2.295268e+01 7.383890e-04 7.459201e-04 7.130449e-04 7.562021e-04
2.300468e+01 7.206496e-04 7.199188e-04 7.034929e-04 7.385371e-04
2.305668e+01 7.161398e-04 7.066059e-04 7.082862e-04 7.335273e-04
2.310868e+01 7.230825e-04 7.053306e-04 7.237731e-04 7.401437e-04
2.316068e+01 7.379709e-04 7.133213e-04 7.451181e-04 7.554734e-04
2.321268e+01 7.566998e-04 7.267417e-04 7.675928e-04 7.757649e-04
2.326468e+01 7.756150e-04 7.418105e-04 7.875409e-04 7.974936e-04
2.331668e+01 7.921686e-04 7.556378e-04 8.027780e-04 8.180901e-04
2.336868e+01 8.050449e-04 7.665745e-04 8.124268e-04 8.361334e-04
2.342068e+01 8.138246e-04 7.740601e-04 8.163876e-04 8.510263e-04
2.347268e+01 8.184191e-04 7.781389e-04 8.147431e-04 8.623753e-04
2.352468e+01 8.185669e-04 7.789102e-04 8.073742e-04 8.694163e-04
2.357668e+01 8.136323e-04 7.761675e-04 7.939322e-04 8.707971e-04
2.362868e+01 8.027939e-04 7.693736e-04 7.741474e-04 8.648607e-04
2.368068e+01 7.855258e-04 7.579501e-04 7.482964e-04 8.503309e-04
2.373268e+01 7.621350e-04 7.417221e-04 7.175875e-04 8.270953e-04
2.378468e+01 7.340873e-04 7.212898e-04 6.842626e-04 7.967094e-04
2.383668e+01 7.039466e-04 6.981383e-04 6.513494e-04 7.623521e-04
2.388868e+01 6.749196e-04 6.744195e-04 6.221469e-04 7.281924e-04
2.394068e+01 6.501673e-04 6.524905e-04 5.996309e-04 6.983804e-04
2.399268e+01 6.321340e-04 6.343970e-04 5.859751e-04 6.760301e-04
2.404468e+01 6.221249e-04 6.215051e-04 5.823103e-04 6.625593e-04
2.409668e+01 6.202487e-04 6.144049e-04 5.887391e-04 6.576020e-04
2.414868e+01 6.257013e-04 6.130820e-04 6.045377e-04 6.594843e-04
2.420068e+01 6.372446e-04 6.172466e-04 6.284384e-04 6.660490e-04
2.425268e+01 6.536859e-04 6.266624e-04 6.588938e-04 6.755015e-04
2.430468e+01 6.741915e-04 6.413471e-04 6.942596e-04 6.869679e-04
2.435668e+01 6.983461e-04 6.615780e-04 7.328723e-04 7.005879e-04
2.440868e+01 7.259604e-04 6.877053e-04 7.730248e-04 7.171511e-04
2.446068e+01 7.567127e-04 7.198169e-04 8.128679e-04 7.374532e-04
2.451268e+01 7.897522e-04 7.573408e-04 8.502853e-04 7.616305e-04
2.456468e+01 8.234155e-04 7.987095e-04 8.828212e-04 7.887157e-04
2.461668e+01 8.551890e-04 8.412399e-04 9.077617e-04 8.165654e-04
2.466868e+01 8.820019e-04 8.813653e-04 9.224521e-04 8.421884e-04
2.472068e+01 9.008314e-04 9.152454e-04 9.248540e-04 8.623947e-04
2.477268e+01 9.094790e-04 9.396189e-04 9.142179e-04 8.746002e-04
2.482468e+01 9.072755e-04 9.526194e-04 8.916370e-04 8.775701e-04
2.487668e+01 8.954596e-04 9.542610e-04 8.602358e-04 8.718821e-04
2.492868e+01 8.770859e-04 9.464427e-04 8.248653e-04 8.599497e-04
2.498068e+01 8.565106e-04 9.325525e-04 7.913913e-04 8.455882e-04
2.503268e+01 8.386830e-04 9.169298e-04 7.658461e-04 8.332729e-04
2.508468e+01 8.285195e-04 9.044516e-04 7.537494e-04 8.273574e-04
2.513668e+01 8.305326e-04 9.003311e-04 7.597598e-04 8.315069e-04
2.518868e+01 8.486631e-04 9.099686e-04 7.875657e-04 8.484551e-04
2.524068e+01 8.860830e-04 9.385345e-04 8.397282e-04 8.799864e-04
2.529268e+01 9.447075e-04 9.900266e-04 9.171867e-04 9.269092e-04
2.534468e+01 1.024335e-03 1.065831e-03 1.018366e-03 9.888091e-04
2.539668e+01 1.121640e-03 1.163211e-03 1.138165e-03 1.063543e-03
2.544868e+01 1.229502e-03 1.274437e-03 1.267392e-03 1.146676e-03
2.550068e+01 1.337228e-03 1.387234e-03 1.393204e-03 1.231245e-03
2.555268e+01 1.431955e-03 1.486829e-03 1.500838e-03 1.308197e-03
2.560468e+01 1.501086e-03 1.559202e-03 1.576378e-03 1.367678e-03
2.565668e+01 1.535096e-03 1.594529e-03 1.609806e-03 1.400954e-03
2.570868e+01 1.529796e-03 1.589593e-03 1.597372e-03 1.402423e-03
2.576068e+01 1.487272e-03 1.548279e-03 1.542469e-03 1.371069e-03
2.581268e+01 1.415187e-03 1.480010e-03 1.454743e-03 1.310809e-03
2.586468e+01 1.324738e-03 1.396833e-03 1.347770e-03 1.229609e-03
2.591668e+01 1.228008e-03 1.310275e-03 1.236076e-03 1.137673e-03
2.596868e+01 1.135564e-03 1.229028e-03 1.132379e-03 1.045285e-03
2.602068e+01 1.054894e-03 1.158009e-03 1.045697e-03 9.609743e-04
2.607268e+01 9.898904e-04 1.098672e-03 9.805756e-04 8.904238e-04
2.612468e+01 9.412224e-04 1.050067e-03 9.373409e-04 8.362590e-04
2.617668e+01 9.072240e-04 1.010057e-03 9.130605e-04 7.985540e-04
2.622868e+01 8.849508e-04 9.762772e-04 9.028602e-04 7.757150e-04
2.628068e+01 8.711251e-04 9.467126e-04 9.012861e-04 7.653767e-04
2.633268e+01 8.628191e-04 9.199471e-04 9.034736e-04 7.650366e-04
2.638468e+01 8.578166e-04 8.951799e-04 9.059524e-04 7.723175e-04
2.643668e+01 8.546714e-04 8.721054e-04 9.069847e-04 7.849240e-04
2.648868e+01 8.525480e-04 8.507163e-04 9.064405e-04 8.004872e-04
2.654068e+01 8.509837e-04 8.311056e-04 9.053194e-04 8.165261e-04
2.659268e+01 8.497118e-04 8.133497e-04 9.051168e-04 8.306687e-04
2.664468e+01 8.486295e-04 7.975343e-04 9.072414e-04 8.411129e-04
2.669668e+01 8.478865e-04 7.839016e-04 9.126213e-04 8.471366e-04
2.674868e+01 8.479790e-04 7.730167e-04 9.215335e-04 8.493868e-04
2.680068e+01 8.497154e-04 7.658050e-04 9.336035e-04 8.497376e-04
2.685268e+01 8.539853e-04 7.633646e-04 9.478992e-04 8.506920e-04
2.690468e+01 8.613870e-04 7.665709e-04 9.630678e-04 8.545222e-04
2.695668e+01 8.718679e-04 7.756186e-04 9.775097e-04 8.624755e-04
2.700868e+01 8.845539e-04 7.897062e-04 9.895987e-04 8.743567e-04
2.706068e+01 8.978682e-04 8.070288e-04 9.979429e-04 8.886330e-04
2.711268e+01 9.099163e-04 8.251203e-04 1.001640e-03 9.029887e-04
2.716468e+01 9.190003e-04 8.414447e-04 1.000464e-03 9.150924e-04
2.721668e+01 9.240850e-04 8.540315e-04 9.949312e-04 9.232923e-04
2.726868e+01 9.250678e-04 8.619476e-04 9.862280e-04 9.270279e-04
2.732068e+01 9.227919e-04 8.654636e-04 9.760318e-04 9.268804e-04
2.737268e+01 9.188265e-04 8.658989e-04 9.662701e-04 9.243105e-04
2.742468e+01 9.150983e-04 8.652264e-04 9.588566e-04 9.212118e-04
2.747668e+01 9.134776e-04 8.655728e-04 9.554269e-04 9.194331e-04
2.752868e+01 9.154070e-04 8.687428e-04 9.570861e-04 9.203921e-04
2.758068e+01 9.216369e-04 8.758582e-04 9.641980e-04 9.248544e-04
2.763268e+01 9.321018e-04 8.871585e-04 9.762647e-04 9.328821e-04
2.768468e+01 9.459476e-04 9.019789e-04 9.919534e-04 9.439105e-04
2.773668e+01 9.616995e-04 9.189003e-04 1.009300e-03 9.568978e-04
2.778868e+01 9.775356e-04 9.360381e-04 1.026064e-03 9.705049e-04
2.784068e+01 9.916127e-04 9.514127e-04 1.040133e-03 9.832924e-04
2.789268e+01 1.002376e-03 9.633208e-04 1.049881e-03 9.939255e-04
2.794468e+01 1.008787e-03 9.706250e-04 1.054372e-03 1.001364e-03
2.799668e+01 1.010428e-03 9.728966e-04 1.053395e-03 1.004992e-03
2.804868e+01 1.007471e-03 9.703835e-04 1.047377e-03 1.004651e-03
2.810068e+01 1.000544e-03 9.638181e-04 1.037233e-03 1.000580e-03
2.815268e+01 9.905462e-04 9.541341e-04 1.024210e-03 9.932950e-04
2.820468e+01 9.784694e-04 9.421910e-04 1.009732e-03 9.834850e-04
2.825668e+01 9.652805e-04 9.286207e-04 9.952569e-04 9.719640e-04
2.830868e+01 9.518843e-04 9.138609e-04 9.821218e-04 9.596701e-04
2.836068e+01 9.391550e-04 8.983590e-04 9.714303e-04 9.476756e-04
2.841268e+01 9.279913e-04 8.828335e-04 9.639857e-04 9.371547e-04
2.846468e+01 9.193356e-04 8.684336e-04 9.602887e-04 9.292844e-04
2.851668e+01 9.141164e-04 8.566779e-04 9.605767e-04 9.250946e-04
2.856868e+01 9.131153e-04 8.491633e-04 9.648787e-04 9.253039e-04
2.862068e+01 9.168059e-04 8.471635e-04 9.730685e-04 9.301858e-04
2.867268e+01 9.252339e-04 8.513003e-04 9.849101e-04 9.394914e-04
2.872468e+01 9.379909e-04 8.614349e-04 1.000090e-03 9.524482e-04
2.877668e+01 9.542868e-04 8.768089e-04 1.018207e-03 9.678448e-04
2.882868e+01 9.730796e-04 8.963362e-04 1.038693e-03 9.842095e-04
2.888068e+01 9.931968e-04 9.188779e-04 1.060650e-03 1.000063e-03
2.893268e+01 1.013399e-03 9.433612e-04 1.082655e-03 1.014182e-03
2.898468e+01 1.032379e-03 9.687074e-04 1.102660e-03 1.025769e-03
2.903668e+01 1.048729e-03 9.936508e-04 1.118093e-03 1.034444e-03
2.908868e+01 1.060950e-03 1.016596e-03 1.126221e-03 1.040033e-03
2.914068e+01 1.067544e-03 1.035640e-03 1.124742e-03 1.042251e-03
2.919268e+01 1.067221e-03 1.048797e-03 1.112406e-03 1.040460e-03
2.924468e+01 1.059162e-03 1.054361e-03 1.089460e-03 1.033663e-03
2.929668e+01 1.043254e-03 1.051258e-03 1.057714e-03 1.020790e-03
2.934868e+01 1.020202e-03 1.039279e-03 1.020164e-03 1.001163e-03
2.940068e+01 9.914425e-04 1.019094e-03 9.802858e-04 9.749475e-04
2.945268e+01 9.588955e-04 9.921070e-04 9.412266e-04 9.433530e-04
2.950468e+01 9.246286e-04 9.601955e-04 9.051937e-04 9.084967e-04
2.955668e+01 8.905582e-04 9.254699e-04 8.732250e-04 8.729797e-04
2.960868e+01 8.582679e-04 8.900844e-04 8.453725e-04 8.393469e-04
2.966068e+01 8.289598e-04 8.561057e-04 8.211441e-04 8.096296e-04
2.971268e+01 8.034811e-04 8.253829e-04 7.999591e-04 7.851012e-04
2.976468e+01 7.823506e-04 7.993724e-04 7.814135e-04 7.662660e-04
2.981668e+01 7.657386e-04 7.789203e-04 7.652820e-04 7.530134e-04
2.986868e+01 7.534145e-04 7.640724e-04 7.513402e-04 7.448309e-04
2.992068e+01 7.447271e-04 7.540150e-04 7.391715e-04 7.409949e-04
2.997268e+01 7.386791e-04 7.472261e-04 7.281075e-04 7.407036e-04
3.002468e+01 7.341128e-04 7.418299e-04 7.173513e-04 7.431571e-04
3.007668e+01 7.299600e-04 7.360544e-04 7.062248e-04 7.476008e-04
3.012868e+01 7.254601e-04 7.286327e-04 6.944073e-04 7.533403e-04
3.018068e+01 7.202579e-04 7.190080e-04 6.820409e-04 7.597246e-04
3.023268e+01 7.143401e-04 7.072873e-04 6.696382e-04 7.660948e-04
3.028468e+01 7.078464e-04 6.939981e-04 6.578280e-04 7.717132e-04
3.033668e+01 7.008456e-04 6.797789e-04 6.470484e-04 7.757096e-04
3.038868e+01 6.931842e-04 6.651337e-04 6.373270e-04 7.770921e-04
3.044068e+01 6.844777e-04 6.503276e-04 6.282505e-04 7.748549e-04
3.049268e+01 6.742471e-04 6.354169e-04 6.191460e-04 7.681783e-04
3.054468e+01 6.621407e-04 6.203582e-04 6.093984e-04 7.566655e-04
3.059668e+01 6.481432e-04 6.051294e-04 5.987720e-04 7.405283e-04
3.064868e+01 6.326878e-04 5.898239e-04 5.876007e-04 7.206389e-04
3.070068e+01 6.166303e-04 5.747060e-04 5.767717e-04 6.984132e-04
3.075268e+01 6.011036e-04 5.602366e-04 5.675133e-04 6.755609e-04
3.080468e+01 5.873118e-04 5.470748e-04 5.610699e-04 6.537908e-04
3.085668e+01 5.763331e-04 5.360576e-04 5.583769e-04 6.345649e-04
3.090868e+01 5.689780e-04 5.281503e-04 5.598302e-04 6.189534e-04
3.096068e+01 5.657124e-04 5.243594e-04 5.651925e-04 6.075854e-04
3.101268e+01 5.666289e-04 5.256006e-04 5.736359e-04 6.006500e-04
3.106468e+01 5.714379e-04 5.325225e-04 5.838843e-04 5.979068e-04
3.111668e+01 5.794714e-04 5.453037e-04 5.944166e-04 5.986939e-04
3.116868e+01 5.897052e-04 5.634661e-04 6.036939e-04 6.019557e-04
3.122068e+01 6.008201e-04 5.857607e-04 6.103747e-04 6.063249e-04
3.127268e+01 6.113168e-04 6.101880e-04 6.134902e-04 6.102723e-04
3.132468e+01 6.196824e-04 6.341887e-04 6.125481e-04 6.123105e-04
3.137668e+01 6.245851e-04 6.549948e-04 6.075517e-04 6.112087e-04
3.142868e+01 6.250613e-04 6.700789e-04 5.989357e-04 6.061693e-04
3.148068e+01 6.206533e-04 6.775946e-04 5.874381e-04 5.969272e-04
3.153268e+01 6.114621e-04 6.766915e-04 5.739393e-04 5.837554e-04
3.158468e+01 5.980966e-04 6.676163e-04 5.592967e-04 5.673766e-04
3.163668e+01 5.815245e-04 6.515705e-04 5.442020e-04 5.488009e-04
3.168868e+01 5.628571e-04 6.303695e-04 5.290840e-04 5.291177e-04
3.174068e+01 5.431234e-04 6.060068e-04 5.140758e-04 5.092875e-04
3.179268e+01 5.230966e-04 5.802543e-04 4.990552e-04 4.899803e-04
3.184468e+01 5.032228e-04 5.544082e-04 4.837516e-04 4.715087e-04
3.189668e+01 4.836667e-04 5.292328e-04 4.678923e-04 4.538752e-04
3.194868e+01 4.644450e-04 5.050742e-04 4.513435e-04 4.369172e-04
3.200068e+01 4.455845e-04 4.820567e-04 4.342047e-04 4.204919e-04
3.205268e+01 4.272364e-04 4.602580e-04 4.168248e-04 4.046264e-04
3.210468e+01 4.097013e-04 4.397949e-04 3.997405e-04 3.895685e-04
3.215668e+01 3.933666e-04 4.208177e-04 3.835609e-04 3.757213e-04
3.220868e+01 3.785982e-04 4.034596e-04 3.688401e-04 3.634950e-04
3.226068e+01 3.656420e-04 3.878007e-04 3.559773e-04 3.531479e-04
3.231268e+01 3.545791e-04 3.738754e-04 3.451702e-04 3.446916e-04
3.236468e+01 3.453482e-04 3.617132e-04 3.364291e-04 3.379022e-04
3.241668e+01 3.378172e-04 3.513751e-04 3.296445e-04 3.324320e-04
3.246868e+01 3.318716e-04 3.429581e-04 3.246874e-04 3.279692e-04
3.252068e+01 3.274860e-04 3.365642e-04 3.215132e-04 3.243806e-04
3.257268e+01 3.247546e-04 3.322537e-04 3.202329e-04 3.217772e-04
3.262468e+01 3.238676e-04 3.300105e-04 3.211130e-04 3.204793e-04
3.267668e+01 3.250370e-04 3.297329e-04 3.244844e-04 3.208935e-04
3.272868e+01 3.283907e-04 3.312464e-04 3.305783e-04 3.233472e-04
3.278068e+01 3.338706e-04 3.343231e-04 3.393451e-04 3.279435e-04
3.283268e+01 3.411760e-04 3.386947e-04 3.503382e-04 3.344951e-04
3.288468e+01 3.497829e-04 3.440580e-04 3.627272e-04 3.425634e-04
3.293668e+01 3.590389e-04 3.500809e-04 3.754500e-04 3.515857e-04
3.298868e+01 3.682987e-04 3.564155e-04 3.874504e-04 3.610302e-04
3.304068e+01 3.770400e-04 3.627156e-04 3.979027e-04 3.705016e-04
3.309268e+01 3.849090e-04 3.686491e-04 4.063320e-04 3.797459e-04
3.314468e+01 3.916799e-04 3.738929e-04 4.125917e-04 3.885552e-04
3.319668e+01 3.971591e-04 3.781180e-04 4.167280e-04 3.966314e-04
3.324868e+01 4.010967e-04 3.809820e-04 4.188096e-04 4.034985e-04
3.330068e+01 4.031650e-04 3.821546e-04 4.188107e-04 4.085299e-04
3.335268e+01 4.030296e-04 3.813850e-04 4.166005e-04 4.111032e-04
3.340468e+01 4.004842e-04 3.785953e-04 4.120376e-04 4.108199e-04
3.345668e+01 3.955892e-04 3.739600e-04 4.051184e-04 4.076893e-04
3.350868e+01 3.887409e-04 3.679298e-04 3.961055e-04 4.021874e-04
3.356068e+01 3.806305e-04 3.611699e-04 3.855694e-04 3.951522e-04
3.361268e+01 3.720988e-04 3.544216e-04 3.743178e-04 3.875570e-04
3.366468e+01 3.639372e-04 3.483249e-04 3.632356e-04 3.802510e-04
3.371668e+01 3.567097e-04 3.432635e-04 3.530971e-04 3.737685e-04
3.376868e+01 3.506631e-04 3.392917e-04 3.444238e-04 3.682738e-04
3.382068e+01 3.457555e-04 3.361759e-04 3.374403e-04 3.636502e-04
3.387268e+01 3.417886e-04 3.335418e-04 3.321376e-04 3.596865e-04
3.392468e+01 3.385880e-04 3.310725e-04 3.284063e-04 3.562854e-04
3.397668e+01 3.361546e-04 3.286761e-04 3.261763e-04 3.536114e-04
3.402868e+01 3.347219e-04 3.265509e-04 3.254919e-04 3.521227e-04
3.408068e+01 3.346916e-04 3.251169e-04 3.264848e-04 3.524731e-04
3.413268e+01 3.364746e-04 3.248467e-04 3.292553e-04 3.553219e-04
3.418468e+01 3.403100e-04 3.260783e-04 3.337256e-04 3.611261e-04
3.423668e+01 3.461528e-04 3.289059e-04 3.395537e-04 3.699988e-04
3.428868e+01 3.536909e-04 3.332084e-04 3.461775e-04 3.816869e-04
3.434068e+01 3.624876e-04 3.388067e-04 3.529946e-04 3.956616e-04
3.439268e+01 3.721802e-04 3.456725e-04 3.596030e-04 4.112650e-04
3.444468e+01 3.826298e-04 3.540744e-04 3.659793e-04 4.278357e-04
3.449668e+01 3.939420e-04 3.645695e-04 3.724891e-04 4.447673e-04
3.454868e+01 4.063431e-04 3.778153e-04 3.797053e-04 4.615087e-04
3.460068e+01 4.199774e-04 3.942660e-04 3.881130e-04 4.775532e-04
3.465268e+01 4.347294e-04 4.138785e-04 3.978459e-04 4.924639e-04
3.470468e+01 4.501637e-04 4.359610e-04 4.085882e-04 5.059419e-04
3.475668e+01 4.656091e-04 4.592432e-04 4.196878e-04 5.178962e-04
3.480868e+01 4.803402e-04 4.821481e-04 4.304162e-04 5.284563e-04
3.486068e+01 4.937613e-04 5.031593e-04 4.402327e-04 5.378920e-04
3.491268e+01 5.055060e-04 5.211383e-04 4.489211e-04 5.464586e-04
3.496468e+01 5.154204e-04 5.354799e-04 4.565453e-04 5.542358e-04
3.501668e+01 5.234662e-04 5.460796e-04 4.632777e-04 5.610414e-04
3.506868e+01 5.296241e-04 5.531763e-04 4.692181e-04 5.664781e-04
3.512068e+01 5.338713e-04 5.571800e-04 4.743174e-04 5.701165e-04
3.517268e+01 5.362572e-04 5.585766e-04 4.784394e-04 5.717557e-04
3.522468e+01 5.370353e-04 5.579336e-04 4.815110e-04 5.716615e-04
3.527668e+01 5.367676e-04 5.559601e-04 4.836619e-04 5.706808e-04
3.532868e+01 5.363270e-04 5.535423e-04 4.852709e-04 5.701677e-04
3.538068e+01 5.367757e-04 5.516933e-04 4.869012e-04 5.717325e-04
3.543268e+01 5.391617e-04 5.514189e-04 4.891754e-04 5.768909e-04
3.548468e+01 5.443230e-04 5.535601e-04 4.926673e-04 5.867417e-04
3.553668e+01 5.527844e-04 5.587004e-04 4.978659e-04 6.017870e-04
3.558868e+01 5.647892e-04 5.671931e-04 5.052167e-04 6.219578e-04
3.564068e+01 5.804413e-04 5.793015e-04 5.151994e-04 6.468231e-04
3.569268e+01 5.998828e-04 5.953781e-04 5.283854e-04 6.758851e-04
3.574468e+01 6.234155e-04 6.159827e-04 5.454389e-04 7.088250e-04
3.579668e+01 6.515013e-04 6.418702e-04 5.670541e-04 7.455798e-04
3.584868e+01 6.846305e-04 6.738443e-04 5.938437e-04 7.862035e-04
3.590068e+01 7.231024e-04 7.125384e-04 6.261990e-04 8.305697e-04
3.595268e+01 7.668022e-04 7.582099e-04 6.641369e-04 8.780600e-04
3.600468e+01 8.150578e-04 8.106169e-04 7.071529e-04 9.274038e-04
3.605668e+01 8.666247e-04 8.689910e-04 7.541118e-04 9.767713e-04
3.610868e+01 9.197971e-04 9.320740e-04 8.032212e-04 1.024096e-03
3.616068e+01 9.725978e-04 9.981700e-04 8.521383e-04 1.067485e-03
3.621268e+01 1.022989e-03 1.065189e-03 8.982351e-04 1.105543e-03
3.626468e+01 1.069068e-03 1.130702e-03 9.390038e-04 1.137497e-03
3.631668e+01 1.109243e-03 1.192070e-03 9.725267e-04 1.163132e-03
3.636868e+01 1.142406e-03 1.246673e-03 9.978931e-04 1.182652e-03
3.642068e+01 1.168090e-03 1.292259e-03 1.015437e-03 1.196576e-03
3.647268e+01 1.186582e-03 1.327305e-03 1.026709e-03 1.205732e-03
3.652468e+01 1.198927e-03 1.351315e-03 1.034170e-03 1.211296e-03
3.657668e+01 1.206781e-03 1.364918e-03 1.040668e-03 1.214757e-03
3.662868e+01 1.212105e-03 1.369732e-03 1.048839e-03 1.217744e-03
3.668068e+01 1.216747e-03 1.368021e-03 1.060548e-03 1.221673e-03
3.673268e+01 1.222026e-03 1.362228e-03 1.076510e-03 1.227341e-03
3.678468e+01 1.228415e-03 1.354505e-03 1.096138e-03 1.234601e-03
3.683668e+01 1.235424e-03 1.346345e-03 1.117649e-03 1.242277e-03
3.688868e+01 1.241735e-03 1.338397e-03 1.138407e-03 1.248400e-03
3.694068e+01 1.245531e-03 1.330472e-03 1.155415e-03 1.250705e-03
3.699268e+01 1.244946e-03 1.321718e-03 1.165881e-03 1.247238e-03
3.704468e+01 1.238491e-03 1.310900e-03 1.167700e-03 1.236872e-03
3.709668e+01 1.225360e-03 1.296720e-03 1.159785e-03 1.219576e-03
3.714868e+01 1.205547e-03 1.278116e-03 1.142160e-03 1.196366e-03
3.720068e+01 1.179793e-03 1.254512e-03 1.115852e-03 1.169015e-03
3.725268e+01 1.149427e-03 1.225996e-03 1.082651e-03 1.139632e-03
3.730468e+01 1.116161e-03 1.193403e-03 1.044810e-03 1.110271e-03
3.735668e+01 1.081905e-03 1.158286e-03 1.004760e-03 1.082669e-03
3.740868e+01 1.048600e-03 1.122759e-03 9.648847e-04 1.058158e-03
3.746068e+01 1.018087e-03 1.089211e-03 9.273483e-04 1.037701e-03
3.751268e+01 9.919770e-04 1.059937e-03 8.940035e-04 1.021991e-03
3.756468e+01 9.715559e-04 1.036771e-03 8.663703e-04 1.011527e-03
3.761668e+01 9.577202e-04 1.020827e-03 8.456737e-04 1.006659e-03
3.766868e+01 9.509784e-04 1.012432e-03 8.329023e-04 1.007601e-03
3.772068e+01 9.515151e-04 1.011254e-03 8.288354e-04 1.014456e-03
3.777268e+01 9.592914e-04 1.016593e-03 8.340039e-04 1.027277e-03
3.782468e+01 9.741373e-04 1.027700e-03 8.485897e-04 1.046122e-03
3.787668e+01 9.957882e-04 1.043998e-03 8.723084e-04 1.071058e-03
3.792868e+01 1.023841e-03 1.065135e-03 9.043408e-04 1.102048e-03
3.798068e+01 1.057643e-03 1.090853e-03 9.433666e-04 1.138708e-03
3.803268e+01 1.096155e-03 1.120735e-03 9.877068e-04 1.180023e-03
3.808468e+01 1.137876e-03 1.153952e-03 1.035540e-03 1.224138e-03
3.813668e+01 1.180887e-03 1.189115e-03 1.085117e-03 1.268427e-03
3.818868e+01 1.223066e-03 1.224349e-03 1.134915e-03 1.309934e-03
3.824068e+01 1.262476e-03 1.257595e-03 1.183682e-03 1.346152e-03
3.829268e+01 1.297810e-03 1.287112e-03 1.230396e-03 1.375922e-03
3.834468e+01 1.328755e-03 1.311992e-03 1.274200e-03 1.400074e-03
3.839668e+01 1.356106e-03 1.332481e-03 1.314346e-03 1.421492e-03
3.844868e+01 1.381505e-03 1.349918e-03 1.350181e-03 1.444416e-03
3.850068e+01 1.406842e-03 1.366242e-03 1.381122e-03 1.473162e-03
3.855268e+01 1.433478e-03 1.383225e-03 1.406574e-03 1.510635e-03
3.860468e+01 1.461565e-03 1.401728e-03 1.425802e-03 1.557166e-03
3.865668e+01 1.489739e-03 1.421303e-03 1.437837e-03 1.610076e-03
3.870868e+01 1.515322e-03 1.440293e-03 1.441576e-03 1.664097e-03
3.876068e+01 1.535003e-03 1.456389e-03 1.436124e-03 1.712497e-03
3.881268e+01 1.545752e-03 1.467397e-03 1.421328e-03 1.748531e-03
3.886468e+01 1.545648e-03 1.471910e-03 1.398244e-03 1.766789e-03
3.891668e+01 1.534341e-03 1.469635e-03 1.369264e-03 1.764125e-03
3.896868e+01 1.513011e-03 1.461320e-03 1.337704e-03 1.740008e-03
3.902068e+01 1.483880e-03 1.448342e-03 1.306955e-03 1.696342e-03
3.907268e+01 1.449506e-03 1.432159e-03 1.279474e-03 1.636885e-03
3.912468e+01 1.412104e-03 1.413840e-03 1.256037e-03 1.566435e-03
3.917668e+01 1.373120e-03 1.393842e-03 1.235545e-03 1.489975e-03
3.922868e+01 1.333160e-03 1.372096e-03 1.215465e-03 1.411919e-03
3.928068e+01 1.292221e-03 1.348326e-03 1.192714e-03 1.335622e-03
3.933268e+01 1.250095e-03 1.322433e-03 1.164643e-03 1.263210e-03
3.938468e+01 1.206762e-03 1.294733e-03 1.129810e-03 1.195744e-03
3.943668e+01 1.162614e-03 1.265927e-03 1.088312e-03 1.133602e-03
3.948868e+01 1.118471e-03 1.236799e-03 1.041689e-03 1.076924e-03
3.954068e+01 1.075415e-03 1.207808e-03 9.924803e-04 1.025955e-03
3.959268e+01 1.034538e-03 1.178780e-03 9.436523e-04 9.811832e-04
3.964468e+01 9.967179e-04 1.148879e-03 8.980362e-04 9.432388e-04
3.969668e+01 9.624754e-04 1.116899e-03 8.578983e-04 9.126293e-04
3.974868e+01 9.319563e-04 1.081749e-03 8.246946e-04 8.894258e-04
3.980068e+01 9.050030e-04 1.042952e-03 7.990207e-04 8.730364e-04
3.985268e+01 8.812899e-04 1.000970e-03 7.807346e-04 8.621653e-04
3.990468e+01 8.604762e-04 9.572450e-04 7.692033e-04 8.549804e-04
3.995668e+01 8.423345e-04 9.139661e-04 7.636000e-04 8.494375e-04
4.000868e+01 8.268174e-04 8.736313e-04 7.631679e-04 8.436529e-04
4.006068e+01 8.140454e-04 8.385389e-04 7.673819e-04 8.362156e-04
4.011268e+01 8.042244e-04 8.103351e-04 7.759723e-04 8.263657e-04
4.016468e+01 7.975231e-04 7.897250e-04 7.888257e-04 8.140187e-04
4.021668e+01 7.939573e-04 7.763988e-04 8.058164e-04 7.996567e-04
4.026868e+01 7.933135e-04 7.691666e-04 8.266421e-04 7.841319e-04
4.032068e+01 7.951323e-04 7.662385e-04 8.507271e-04 7.684312e-04
4.037268e+01 7.987486e-04 7.655691e-04 8.772229e-04 7.534538e-04
4.042468e+01 8.033763e-04 7.651903e-04 9.050913e-04 7.398473e-04
4.047668e+01 8.082139e-04 7.634809e-04 9.332236e-04 7.279373e-04
4.052868e+01 8.125453e-04 7.593491e-04 9.605330e-04 7.177539e-04
4.058068e+01 8.158051e-04 7.523132e-04 9.859775e-04 7.091245e-04
4.063268e+01 8.175898e-04 7.424744e-04 1.008513e-03 7.017820e-04
4.068468e+01 8.176152e-04 7.303889e-04 1.027017e-03 6.954399e-04
4.073668e+01 8.156442e-04 7.168635e-04 1.040252e-03 6.898176e-04
4.078868e+01 8.114272e-04 7.027238e-04 1.046925e-03 6.846331e-04
4.084068e+01 8.046913e-04 6.886182e-04 1.045861e-03 6.795951e-04
4.089268e+01 7.951919e-04 6.749085e-04 1.036247e-03 6.744199e-04
4.094468e+01 7.828075e-04 6.616749e-04 1.017881e-03 6.688671e-04
4.099668e+01 7.676370e-04 6.488191e-04 9.913179e-04 6.627742e-04
4.104868e+01 7.500575e-04 6.362187e-04 9.578858e-04 6.560680e-04
4.110068e+01 7.307179e-04 6.238729e-04 9.195252e-04 6.487555e-04
4.115268e+01 7.104738e-04 6.119903e-04 8.785159e-04 6.409152e-04
4.120468e+01 6.902916e-04 6.009995e-04 8.371606e-04 6.327149e-04
4.125668e+01 6.711568e-04 5.914921e-04 7.975169e-04 6.244613e-04
4.130868e+01 6.540100e-04 5.841271e-04 7.612443e-04 6.166586e-04
4.136068e+01 6.397156e-04 5.795230e-04 7.295853e-04 6.100387e-04
4.141268e+01 6.290443e-04 5.781550e-04 7.034481e-04 6.055298e-04
4.146468e+01 6.226485e-04 5.802656e-04 6.835274e-04 6.041525e-04
4.151668e+01 6.210175e-04 5.857989e-04 6.703933e-04 6.068603e-04
4.156868e+01 6.244163e-04 5.943798e-04 6.645092e-04 6.143598e-04
4.162068e+01 6.328301e-04 6.053603e-04 6.661745e-04 6.269556e-04
4.167268e+01 6.459377e-04 6.179432e-04 6.754153e-04 6.444546e-04
4.172468e+01 6.631262e-04 6.313574e-04 6.918634e-04 6.661577e-04
4.177668e+01 6.835443e-04 6.450316e-04 7.146617e-04 6.909396e-04
4.182868e+01 7.061799e-04 6.587029e-04 7.424353e-04 7.174014e-04
4.188068e+01 7.299471e-04 6.724191e-04 7.733655e-04 7.440567e-04
4.193268e+01 7.537782e-04 6.864415e-04 8.053873e-04 7.695058e-04
4.198468e+01 7.767189e-04 7.010966e-04 8.364980e-04 7.925620e-04
4.203668e+01 7.980237e-04 7.166460e-04 8.651100e-04 8.123151e-04
4.208868e+01 8.172387e-04 7.332273e-04 8.903414e-04 8.281474e-04
4.214068e+01 8.342489e-04 7.508831e-04 9.121304e-04 8.397332e-04
4.219268e+01 8.492694e-04 7.696478e-04 9.311124e-04 8.470482e-04
4.224468e+01 8.627729e-04 7.896369e-04 9.482899e-04 8.503917e-04
4.229668e+01 8.753679e-04 8.110836e-04 9.646200e-04 8.504002e-04
4.234868e+01 8.876648e-04 8.342924e-04 9.806842e-04 8.480179e-04
4.240068e+01 9.001650e-04 8.595189e-04 9.965739e-04 8.444022e-04
4.245268e+01 9.132001e-04 8.868121e-04 1.012018e-03 8.407702e-04
4.250468e+01 9.269206e-04 9.158724e-04 1.026669e-03 8.382209e-04
4.255668e+01 9.413122e-04 9.459677e-04 1.040390e-03 8.375792e-04
4.260868e+01 9.562163e-04 9.759394e-04 1.053406e-03 8.393033e-04
4.266068e+01 9.713403e-04 1.004309e-03 1.066241e-03 8.434708e-04
4.271268e+01 9.862617e-04 1.029478e-03 1.079470e-03 8.498367e-04
4.276468e+01 1.000442e-03 1.049992e-03 1.093399e-03 8.579344e-04
4.281668e+01 1.013265e-03 1.064804e-03 1.107806e-03 8.671865e-04
4.286868e+01 1.024112e-03 1.073470e-03 1.121868e-03 8.769980e-04
4.292068e+01 1.032449e-03 1.076213e-03 1.134319e-03 8.868158e-04
4.297268e+01 1.037932e-03 1.073830e-03 1.143808e-03 8.961567e-04
4.302468e+01 1.040477e-03 1.067480e-03 1.149333e-03 9.046171e-04
4.307668e+01 1.040294e-03 1.058413e-03 1.150589e-03 9.118801e-04
4.312868e+01 1.037861e-03 1.047737e-03 1.148110e-03 9.177359e-04
4.318068e+01 1.033847e-03 1.036260e-03 1.143160e-03 9.221212e-04
4.323268e+01 1.029023e-03 1.024453e-03 1.137441e-03 9.251738e-04
4.328468e+01 1.024174e-03 1.012510e-03 1.132727e-03 9.272864e-04
4.333668e+01 1.020052e-03 1.000479e-03 1.130544e-03 9.291312e-04
4.338868e+01 1.017327e-03 9.884091e-04 1.131948e-03 9.316238e-04
4.344068e+01 1.016548e-03 9.764489e-04 1.137388e-03 9.358074e-04
4.349268e+01 1.018064e-03 9.648754e-04 1.146653e-03 9.426628e-04
4.354468e+01 1.021927e-03 9.540314e-04 1.158864e-03 9.528866e-04
4.359668e+01 1.027817e-03 9.442073e-04 1.172547e-03 9.666969e-04
4.364868e+01 1.035016e-03 9.355189e-04 1.185804e-03 9.837242e-04
4.370068e+01 1.042474e-03 9.278350e-04 1.196568e-03 1.003019e-03
4.375268e+01 1.048960e-03 9.207918e-04 1.202916e-03 1.023172e-03
4.380468e+01 1.053257e-03 9.138946e-04 1.203368e-03 1.042508e-03
4.385668e+01 1.054370e-03 9.066780e-04 1.197100e-03 1.059332e-03
4.390868e+01 1.051688e-03 8.988699e-04 1.184025e-03 1.072168e-03
4.396068e+01 1.045068e-03 8.905059e-04 1.164749e-03 1.079950e-03
4.401268e+01 1.034831e-03 8.819520e-04 1.140399e-03 1.082142e-03
4.406468e+01 1.021648e-03 8.738270e-04 1.112392e-03 1.078725e-03
4.411668e+01 1.006371e-03 8.668439e-04 1.082174e-03 1.070094e-03
4.416868e+01 9.898261e-04 8.616150e-04 1.050990e-03 1.056873e-03
4.422068e+01 9.726487e-04 8.584710e-04 1.019734e-03 1.039741e-03
4.427268e+01 9.551885e-04 8.573335e-04 9.889123e-04 1.019320e-03
4.432468e+01 9.375142e-04 8.576680e-04 9.587210e-04 9.961536e-04
4.437668e+01 9.194925e-04 8.585210e-04 9.292080e-04 9.707487e-04
4.442868e+01 9.009026e-04 8.586349e-04 9.004411e-04 9.436319e-04
4.448068e+01 8.815354e-04 8.566209e-04 8.726068e-04 9.153786e-04
4.453268e+01 8.612484e-04 8.511666e-04 8.459885e-04 8.865902e-04
4.458468e+01 8.399729e-04 8.412529e-04 8.208346e-04 8.578311e-04
4.463668e+01 8.176962e-04 8.263488e-04 7.971884e-04 8.295515e-04
4.468868e+01 7.944481e-04 8.065476e-04 7.747728e-04 8.020240e-04
4.474068e+01 7.703057e-04 7.826061e-04 7.529991e-04 7.753118e-04
4.479268e+01 7.454098e-04 7.558536e-04 7.311016e-04 7.492743e-04
4.484468e+01 7.199689e-04 7.279673e-04 7.083340e-04 7.236055e-04
4.489668e+01 6.942306e-04 7.006502e-04 6.841455e-04 6.978960e-04
4.494868e+01 6.684256e-04 6.752893e-04 6.582781e-04 6.717095e-04
4.500068e+01 6.427140e-04 6.526869e-04 6.307871e-04 6.446682e-04
4.505268e+01 6.171687e-04 6.329436e-04 6.020229e-04 6.165396e-04
4.510468e+01 5.918157e-04 6.155223e-04 5.726139e-04 5.873110e-04
4.515668e+01 5.667164e-04 5.994662e-04 5.434486e-04 5.572343e-04
4.520868e+01 5.420460e-04 5.836986e-04 5.156210e-04 5.268183e-04
4.526068e+01 5.181218e-04 5.673121e-04 4.902951e-04 4.967583e-04
4.531268e+01 4.953561e-04 5.497726e-04 4.684840e-04 4.678119e-04
4.536468e+01 4.741486e-04 5.309960e-04 4.507955e-04 4.406542e-04
4.541668e+01 4.547664e-04 5.113026e-04 4.372413e-04 4.157553e-04
4.546868e+01 4.372688e-04 4.912907e-04 4.271976e-04 3.933181e-04
4.552068e+01 4.215116e-04 4.716848e-04 4.195559e-04 3.732942e-04
4.557268e+01 4.072311e-04 4.532089e-04 4.130207e-04 3.554636e-04
4.562468e+01 3.941682e-04 4.365089e-04 4.064494e-04 3.395463e-04
4.567668e+01 3.821783e-04 4.221157e-04 3.991129e-04 3.253062e-04
4.572868e+01 3.712767e-04 4.104222e-04 3.907933e-04 3.126145e-04
4.578068e+01 3.616038e-04 4.016485e-04 3.817033e-04 3.014596e-04
4.583268e+01 3.533275e-04 3.957876e-04 3.722842e-04 2.919107e-04
4.588468e+01 3.465269e-04 3.925539e-04 3.629720e-04 2.840547e-04
4.593668e+01 3.411081e-04 3.913709e-04 3.540196e-04 2.779339e-04
4.598868e+01 3.367877e-04 3.914317e-04 3.454253e-04 2.735061e-04
4.604068e+01 3.331498e-04 3.918402e-04 3.369765e-04 2.706326e-04
4.609268e+01 3.297553e-04 3.918003e-04 3.283740e-04 2.690916e-04
4.614468e+01 3.262593e-04 3.907948e-04 3.193826e-04 2.686006e-04
4.619668e+01 3.224894e-04 3.886844e-04 3.099479e-04 2.688359e-04
4.624868e+01 3.184563e-04 3.856877e-04 3.002370e-04 2.694441e-04
4.630068e+01 3.142947e-04 3.822464e-04 2.905898e-04 2.700481e-04
4.635268e+01 3.101651e-04 3.788309e-04 2.814078e-04 2.702564e-04
4.640468e+01 3.061604e-04 3.757616e-04 2.730328e-04 2.696867e-04
4.645668e+01 3.022607e-04 3.731096e-04 2.656685e-04 2.680038e-04
4.650868e+01 2.983508e-04 3.707012e-04 2.593795e-04 2.649716e-04
4.656068e+01 2.942912e-04 3.682053e-04 2.541617e-04 2.605067e-04
4.661268e+01 2.900104e-04 3.652635e-04 2.500462e-04 2.547216e-04
4.666468e+01 2.855828e-04 3.616141e-04 2.471895e-04 2.479448e-04
4.671668e+01 2.812682e-04 3.571859e-04 2.459113e-04 2.407075e-04
4.676868e+01 2.775041e-04 3.521445e-04 2.466682e-04 2.336997e-04
4.682068e+01 2.748570e-04 3.468917e-04 2.499768e-04 2.277026e-04
4.687268e+01 2.739459e-04 3.420154e-04 2.563107e-04 2.235116e-04
4.692468e+01 2.753515e-04 3.381944e-04 2.659999e-04 2.218601e-04
4.697668e+01 2.795258e-04 3.360713e-04 2.791544e-04 2.233517e-04
4.702868e+01 2.867161e-04 3.361212e-04 2.956263e-04 2.284007e-04
4.708068e+01 2.969209e-04 3.385577e-04 3.150174e-04 2.371875e-04
4.713268e+01 3.098951e-04 3.433131e-04 3.367352e-04 2.496369e-04
4.718468e+01 3.252088e-04 3.501082e-04 3.600866e-04 2.654316e-04
4.723668e+01 3.423468e-04 3.585905e-04 3.843885e-04 2.840616e-04
4.728868e+01 3.608147e-04 3.684799e-04 4.090628e-04 3.049016e-04
4.734068e+01 3.802100e-04 3.796529e-04 4.336821e-04 3.272950e-04
4.739268e+01 4.002273e-04 3.921156e-04 4.579448e-04 3.506216e-04
4.744468e+01 4.205980e-04 4.058719e-04 4.815854e-04 3.743368e-04
4.749668e+01 4.409971e-04 4.207532e-04 5.042582e-04 3.979799e-04
4.754868e+01 4.609733e-04 4.363028e-04 5.254543e-04 4.211630e-04
4.760068e+01 4.799486e-04 4.517899e-04 5.445010e-04 4.435549e-04
4.765268e+01 4.972992e-04 4.663639e-04 5.606610e-04 4.648726e-04
4.770468e+01 5.124869e-04 4.792815e-04 5.732950e-04 4.848841e-04
4.775668e+01 5.251781e-04 4.901019e-04 5.820177e-04 5.034149e-04
4.780868e+01 5.352927e-04 4.987552e-04 5.867802e-04 5.203428e-04
4.786068e+01 5.429612e-04 5.054601e-04 5.878521e-04 5.355712e-04
4.791268e+01 5.484191e-04 5.105445e-04 5.857289e-04 5.489838e-04
4.796468e+01 5.518988e-04 5.142722e-04 5.810212e-04 5.604031e-04
4.801668e+01 5.535764e-04 5.167709e-04 5.743731e-04 5.695850e-04
4.806868e+01 5.535929e-04 5.180898e-04 5.664208e-04 5.762681e-04
4.812068e+01 5.521237e-04 5.183424e-04 5.577650e-04 5.802638e-04
4.817268e+01 5.494415e-04 5.178439e-04 5.489299e-04 5.815507e-04
4.822468e+01 5.459280e-04 5.171589e-04 5.403030e-04 5.803221e-04
4.827668e+01 5.420245e-04 5.170247e-04 5.320851e-04 5.769639e-04
4.832868e+01 5.381482e-04 5.181804e-04 5.242922e-04 5.719721e-04
4.838068e+01 5.346167e-04 5.211707e-04 5.168288e-04 5.658505e-04
4.843268e+01 5.316122e-04 5.261981e-04 5.096101e-04 5.590284e-04
4.848468e+01 5.291900e-04 5.330724e-04 5.026791e-04 5.518185e-04
4.853668e+01 5.273098e-04 5.412641e-04 4.962564e-04 5.444088e-04
4.858868e+01 5.258657e-04 5.500292e-04 4.906941e-04 5.368738e-04
4.864068e+01 5.246974e-04 5.585522e-04 4.863493e-04 5.291907e-04
4.869268e+01 5.235849e-04 5.660583e-04 4.834294e-04 5.212670e-04
4.874468e+01 5.222406e-04 5.718665e-04 4.818725e-04 5.129829e-04
4.879668e+01 5.203160e-04 5.753903e-04 4.813083e-04 5.042495e-04
4.884868e+01 5.174313e-04 5.761212e-04 4.811082e-04 4.950645e-04
4.890068e+01 5.132260e-04 5.736347e-04 4.805042e-04 4.855390e-04
4.895268e+01 5.074180e-04 5.676397e-04 4.787375e-04 4.758768e-04
4.900468e+01 4.998556e-04 5.580594e-04 4.751964e-04 4.663111e-04
4.905668e+01 4.905463e-04 5.450991e-04 4.695161e-04 4.570238e-04
4.910868e+01 4.796547e-04 5.292575e-04 4.616204e-04 4.480860e-04
4.916068e+01 4.674711e-04 5.112608e-04 4.517026e-04 4.394498e-04
4.921268e+01 4.543600e-04 4.919358e-04 4.401523e-04 4.309920e-04
4.926468e+01 4.407027e-04 4.720689e-04 4.274506e-04 4.225886e-04
4.931668e+01 4.268491e-04 4.523011e-04 4.140661e-04 4.141803e-04
4.936868e+01 4.130897e-04 4.330903e-04 4.003834e-04 4.057952e-04
4.942068e+01 3.996486e-04 4.147400e-04 3.866836e-04 3.975223e-04
4.947268e+01 3.866954e-04 3.974670e-04 3.731683e-04 3.894510e-04
4.952468e+01 3.743648e-04 3.814701e-04 3.600086e-04 3.816157e-04
4.957668e+01 3.627778e-04 3.669691e-04 3.473878e-04 3.739766e-04
4.962868e+01 3.520569e-04 3.542003e-04 3.355201e-04 3.664503e-04
4.968068e+01 3.423344e-04 3.433802e-04 3.246465e-04 3.589765e-04
4.973268e+01 3.337542e-04 3.346601e-04 3.150157e-04 3.515869e-04
4.978468e+01 3.264683e-04 3.280947e-04 3.068674e-04 3.444430e-04
4.983668e+01 3.206286e-04 3.236366e-04 3.004223e-04 3.378269e-04
4.988868e+01 3.163722e-04 3.211517e-04 2.958748e-04 3.320900e-04
4.994068e+01 3.138013e-04 3.204418e-04 2.933783e-04 3.275839e-04
4.999268e+01 3.129577e-04 3.212584e-04 2.930145e-04 3.246003e-04
5.004468e+01 3.137944e-04 3.233038e-04 2.947499e-04 3.233296e-04
5.009668e+01 3.161526e-04 3.262265e-04 2.983934e-04 3.238380e-04
5.014868e+01 3.197508e-04 3.296274e-04 3.035756e-04 3.260493e-04
5.020068e+01 3.241962e-04 3.330906e-04 3.097673e-04 3.297307e-04
5.025268e+01 3.290245e-04 3.362388e-04 3.163429e-04 3.344918e-04
5.030468e+01 3.337644e-04 3.387988e-04 3.226762e-04 3.398182e-04
5.035668e+01 3.380137e-04 3.406495e-04 3.282445e-04 3.451470e-04
5.040868e+01 3.415047e-04 3.418319e-04 3.327109e-04 3.499713e-04
5.046068e+01 3.441375e-04 3.425116e-04 3.359654e-04 3.539356e-04
5.051268e+01 3.459691e-04 3.429069e-04 3.381163e-04 3.568841e-04
5.056468e+01 3.471635e-04 3.432069e-04 3.394412e-04 3.588425e-04
5.061668e+01 3.479228e-04 3.435110e-04 3.403107e-04 3.599467e-04
5.066868e+01 3.484229e-04 3.438099e-04 3.411046e-04 3.603542e-04
5.072068e+01 3.487754e-04 3.440138e-04 3.421321e-04 3.601802e-04
5.077268e+01 3.490210e-04 3.440142e-04 3.435696e-04 3.594793e-04
5.082468e+01 3.491502e-04 3.437517e-04 3.454287e-04 3.582701e-04
5.087668e+01 3.491349e-04 3.432616e-04 3.475622e-04 3.565808e-04
5.092868e+01 3.489598e-04 3.426786e-04 3.497121e-04 3.544886e-04
5.098068e+01 3.486422e-04 3.422033e-04 3.515870e-04 3.521363e-04
5.103268e+01 3.482396e-04 3.420456e-04 3.529486e-04 3.497245e-04
5.108468e+01 3.478455e-04 3.423716e-04 3.536793e-04 3.474856e-04
5.113668e+01 3.475768e-04 3.432670e-04 3.538129e-04 3.456506e-04
5.118868e+01 3.475545e-04 3.447240e-04 3.535228e-04 3.444169e-04
5.124068e+01 3.478824e-04 3.466461e-04 3.530770e-04 3.439241e-04
5.129268e+01 3.486289e-04 3.488665e-04 3.527762e-04 3.442439e-04
5.134468e+01 3.498168e-04 3.511767e-04 3.528908e-04 3.453829e-04
5.139668e+01 3.514232e-04 3.533665e-04 3.536064e-04 3.472966e-04
5.144868e+01 3.533851e-04 3.552671e-04 3.549859e-04 3.499022e-04
5.150068e+01 3.556086e-04 3.567868e-04 3.569561e-04 3.530830e-04
5.155268e+01 3.579761e-04 3.579197e-04 3.593255e-04 3.566830e-04
5.160468e+01 3.603518e-04 3.587179e-04 3.618349e-04 3.605027e-04
5.165668e+01 3.625881e-04 3.592299e-04 3.642250e-04 3.643095e-04
5.170868e+01 3.645333e-04 3.594301e-04 3.663009e-04 3.678690e-04
5.176068e+01 3.660440e-04 3.591748e-04 3.679686e-04 3.709887e-04
5.181268e+01 3.670011e-04 3.582163e-04 3.692341e-04 3.735529e-04
5.186468e+01 3.673298e-04 3.562817e-04 3.701765e-04 3.755312e-04
5.191668e+01 3.670195e-04 3.531896e-04 3.709148e-04 3.769542e-04
5.196868e+01 3.661376e-04 3.489545e-04 3.715874e-04 3.778708e-04
5.202068e+01 3.648311e-04 3.438326e-04 3.723474e-04 3.783134e-04
5.207268e+01 3.633150e-04 3.382902e-04 3.733647e-04 3.782902e-04
5.212468e+01 3.618500e-04 3.329159e-04 3.748224e-04 3.778117e-04
5.217668e+01 3.607193e-04 3.283201e-04 3.769026e-04 3.769353e-04
5.222868e+01 3.602101e-04 3.250612e-04 3.797680e-04 3.758012e-04
5.228068e+01 3.605998e-04 3.236103e-04 3.835521e-04 3.746369e-04
5.233268e+01 3.621401e-04 3.243387e-04 3.883617e-04 3.737200e-04
5.238468e+01 3.650316e-04 3.274988e-04 3.942842e-04 3.733118e-04
5.243668e+01 3.693861e-04 3.331834e-04 4.013876e-04 3.735872e-04
5.248868e+01 3.751858e-04 3.412686e-04 4.096978e-04 3.745910e-04
5.254068e+01 3.822565e-04 3.513709e-04 4.191574e-04 3.762412e-04
5.259268e+01 3.902708e-04 3.628527e-04 4.295809e-04 3.783789e-04
5.264468e+01 3.987896e-04 3.748938e-04 4.406302e-04 3.808446e-04
5.269668e+01 4.073324e-04 3.866233e-04 4.518287e-04 3.835450e-04
5.274868e+01 4.154558e-04 3.972749e-04 4.626161e-04 3.864763e-04
5.280068e+01 4.228111e-04 4.063167e-04 4.724250e-04 3.896916e-04
5.285268e+01 4.291653e-04 4.135154e-04 4.807552e-04 3.932253e-04
5.290468e+01 4.343853e-04 4.189160e-04 4.872249e-04 3.970151e-04
5.295668e+01 4.384063e-04 4.227572e-04 4.915966e-04 4.008651e-04
5.300868e+01 4.412060e-04 4.253592e-04 4.937849e-04 4.044739e-04
5.306068e+01 4.428016e-04 4.270250e-04 4.938600e-04 4.075198e-04
5.311268e+01 4.432639e-04 4.279831e-04 4.920433e-04 4.097651e-04
5.316468e+01 4.427310e-04 4.283760e-04 4.886858e-04 4.111312e-04
5.321668e+01 4.414054e-04 4.282875e-04 4.842170e-04 4.117117e-04
5.326868e+01 4.395271e-04 4.277920e-04 4.790681e-04 4.117211e-04
5.332068e+01 4.373336e-04 4.270074e-04 4.735882e-04 4.114052e-04
5.337268e+01 4.350241e-04 4.261317e-04 4.679853e-04 4.109554e-04
5.342468e+01 4.327396e-04 4.254429e-04 4.623140e-04 4.104620e-04
5.347668e+01 4.305617e-04 4.252510e-04 4.565162e-04 4.099181e-04
5.352868e+01 4.285233e-04 4.258096e-04 4.504993e-04 4.092611e-04
5.358068e+01 4.266240e-04 4.272178e-04 4.442301e-04 4.084243e-04
5.363268e+01 4.248479e-04 4.293538e-04 4.378157e-04 4.073742e-04
5.368468e+01 4.231851e-04 4.318807e-04 4.315508e-04 4.061237e-04
5.373668e+01 4.216568e-04 4.343301e-04 4.259135e-04 4.047268e-04
5.378868e+01 4.203375e-04 4.362402e-04 4.215034e-04 4.032690e-04
5.384068e+01 4.193599e-04 4.372964e-04 4.189246e-04 4.018586e-04
5.389268e+01 4.188931e-04 4.374227e-04 4.186386e-04 4.006180e-04
5.394468e+01 4.190943e-04 4.367951e-04 4.208242e-04 3.996635e-04
5.399668e+01 4.200478e-04 4.357803e-04 4.252918e-04 3.990713e-04
5.404868e+01 4.217166e-04 4.348288e-04 4.314839e-04 3.988371e-04
5.410068e+01 4.239258e-04 4.343600e-04 4.385655e-04 3.988520e-04
5.415268e+01 4.263878e-04 4.346687e-04 4.455789e-04 3.989159e-04
5.420468e+01 4.287596e-04 4.358676e-04 4.516179e-04 3.987932e-04
5.425668e+01 4.307132e-04 4.378693e-04 4.559760e-04 3.982944e-04
5.430868e+01 4.319961e-04 4.404043e-04 4.582374e-04 3.973466e-04
5.436068e+01 4.324642e-04 4.430730e-04 4.583012e-04 3.960185e-04
5.441268e+01 4.320823e-04 4.454223e-04 4.563405e-04 3.944841e-04
5.446468e+01 4.308959e-04 4.470314e-04 4.527162e-04 3.929401e-04
5.451668e+01 4.289884e-04 4.475854e-04 4.478681e-04 3.915119e-04
5.456868e+01 4.264375e-04 4.469103e-04 4.422125e-04 3.901896e-04
5.462068e+01 4.232833e-04 4.449606e-04 4.360725e-04 3.888169e-04
5.467268e+01 4.195178e-04 4.417648e-04 4.296553e-04 3.871332e-04
5.472468e+01 4.150934e-04 4.373563e-04 4.230745e-04 3.848493e-04
5.477668e+01 4.099502e-04 4.317253e-04 4.164002e-04 3.817250e-04
5.482868e+01 4.040512e-04 4.248148e-04 4.097124e-04 3.776263e-04
5.488068e+01 3.974153e-04 4.165649e-04 4.031332e-04 3.725479e-04
5.493268e+01 3.901365e-04 4.069828e-04 3.968262e-04 3.666007e-04
5.498468e+01 3.823804e-04 3.962076e-04 3.909611e-04 3.599726e-04
5.503668e+01 3.743580e-04 3.845403e-04 3.856580e-04 3.528756e-04
5.508868e+01 3.662849e-04 3.724229e-04 3.809318e-04 3.455001e-04
5.514068e+01 3.583431e-04 3.603722e-04 3.766640e-04 3.379930e-04
5.519268e+01 3.506588e-04 3.488879e-04 3.726180e-04 3.304704e-04
5.524468e+01 3.433082e-04 3.383644e-04 3.685014e-04 3.230588e-04
5.529668e+01 3.363427e-04 3.290308e-04 3.640564e-04 3.159408e-04
5.534868e+01 3.298207e-04 3.209388e-04 3.591487e-04 3.093747e-04
5.540068e+01 3.238282e-04 3.139950e-04 3.538228e-04 3.036668e-04
5.545268e+01 3.184763e-04 3.080265e-04 3.483038e-04 2.990984e-04
5.550468e+01 3.138783e-04 3.028549e-04 3.429464e-04 2.958335e-04
5.555668e+01 3.101181e-04 2.983574e-04 3.381494e-04 2.938475e-04
5.560868e+01 3.072238e-04 2.944978e-04 3.342643e-04 2.929094e-04
5.566068e+01 3.051588e-04 2.913225e-04 3.315256e-04 2.926282e-04
5.571268e+01 3.038318e-04 2.889256e-04 3.300196e-04 2.925501e-04
5.576468e+01 3.031220e-04 2.873985e-04 3.296952e-04 2.922722e-04
5.581668e+01 3.029087e-04 2.867827e-04 3.304057e-04 2.915377e-04
5.586868e+01 3.030984e-04 2.870485e-04 3.319610e-04 2.902859e-04
5.592068e+01 3.036427e-04 2.881068e-04 3.341701e-04 2.886512e-04
5.597268e+01 3.045418e-04 2.898507e-04 3.368571e-04 2.869177e-04
5.602468e+01 3.058336e-04 2.922040e-04 3.398482e-04 2.854485e-04
5.607668e+01 3.075673e-04 2.951528e-04 3.429419e-04 2.846073e-04
5.612868e+01 3.097723e-04 2.987429e-04 3.458840e-04 2.846899e-04
5.618068e+01 3.124310e-04 3.030455e-04 3.483716e-04 2.858758e-04
5.623268e+01 3.154718e-04 3.081079e-04 3.500996e-04 2.882079e-04
5.628468e+01 3.187841e-04 3.139116e-04 3.508414e-04 2.915994e-04
5.633668e+01 3.222509e-04 3.203567e-04 3.505368e-04 2.958592e-04
5.638868e+01 3.257818e-04 3.272722e-04 3.493491e-04 3.007240e-04
5.644068e+01 3.293319e-04 3.344465e-04 3.476583e-04 3.058908e-04
5.649268e+01 3.328967e-04 3.416596e-04 3.459831e-04 3.110474e-04
5.654468e+01 3.364876e-04 3.487047e-04 3.448545e-04 3.159036e-04
5.659668e+01 3.401002e-04 3.553935e-04 3.446826e-04 3.202247e-04
5.664868e+01 3.436899e-04 3.615476e-04 3.456639e-04 3.238583e-04
5.670068e+01 3.471637e-04 3.669875e-04 3.477583e-04 3.267453e-04
5.675268e+01 3.503912e-04 3.715297e-04 3.507331e-04 3.289107e-04
5.680468e+01 3.532308e-04 3.750024e-04 3.542495e-04 3.304406e-04
5.685668e+01 3.555642e-04 3.772819e-04 3.579504e-04 3.314604e-04
5.690868e+01 3.573285e-04 3.783413e-04 3.615225e-04 3.321216e-04
5.696068e+01 3.585378e-04 3.782939e-04 3.647213e-04 3.325983e-04
5.701268e+01 3.592869e-04 3.774114e-04 3.673706e-04 3.330788e-04
5.706468e+01 3.597320e-04 3.760958e-04 3.693564e-04 3.337439e-04
5.711668e+01 3.600524e-04 3.748028e-04 3.706242e-04 3.347302e-04
5.716868e+01 3.604025e-04 3.739315e-04 3.711797e-04 3.360962e-04
5.722068e+01 3.608694e-04 3.737163e-04 3.710810e-04 3.378110e-04
5.727268e+01 3.614518e-04 3.741603e-04 3.704164e-04 3.397789e-04
5.732468e+01 3.620712e-04 3.750426e-04 3.692761e-04 3.418949e-04
5.737668e+01 3.626124e-04 3.759984e-04 3.677308e-04 3.441082e-04
5.742868e+01 3.629775e-04 3.766421e-04 3.658286e-04 3.464617e-04
5.748068e+01 3.631276e-04 3.766847e-04 3.636079e-04 3.490901e-04
5.753268e+01 3.630935e-04 3.759993e-04 3.611113e-04 3.521699e-04
5.758468e+01 3.629467e-04 3.746139e-04 3.583874e-04 3.558388e-04
5.763668e+01 3.627430e-04 3.726455e-04 3.554737e-04 3.601097e-04
5.768868e+01 3.624626e-04 3.702102e-04 3.523722e-04 3.648055e-04
5.774068e+01 3.619696e-04 3.673477e-04 3.490269e-04 3.695340e-04
5.779268e+01 3.610015e-04 3.639804e-04 3.453122e-04 3.737120e-04
5.784468e+01 3.591891e-04 3.599056e-04 3.410294e-04 3.766322e-04
5.789668e+01 3.560895e-04 3.548056e-04 3.359088e-04 3.775542e-04
5.794868e+01 3.512223e-04 3.482599e-04 3.296149e-04 3.757921e-04
5.800068e+01 3.440968e-04 3.397615e-04 3.217564e-04 3.707724e-04
5.805268e+01 3.342352e-04 3.287476e-04 3.119082e-04 3.620497e-04
5.810468e+01 3.211997e-04 3.146615e-04 2.996442e-04 3.492933e-04
5.815668e+01 3.046361e-04 2.970496e-04 2.845833e-04 3.322753e-04
