5.855009e+00 0.000000e+00 0.000000e+00 0.000000e+00 0.000000e+00
5.907009e+00 0.000000e+00 0.000000e+00 0.000000e+00 0.000000e+00
5.959009e+00 0.000000e+00 0.000000e+00 0.000000e+00 0.000000e+00
6.011009e+00 0.000000e+00 0.000000e+00 0.000000e+00 0.000000e+00
6.063009e+00 0.000000e+00 0.000000e+00 0.000000e+00 0.000000e+00
6.115009e+00 0.000000e+00 0.000000e+00 0.000000e+00 0.000000e+00
6.167009e+00 0.000000e+00 0.000000e+00 0.000000e+00 0.000000e+00
6.219009e+00 0.000000e+00 0.000000e+00 0.000000e+00 0.000000e+00
6.271009e+00 0.000000e+00 0.000000e+00 0.000000e+00 0.000000e+00
6.323009e+00 0.000000e+00 0.000000e+00 0.000000e+00 0.000000e+00
6.375009e+00 0.000000e+00 0.000000e+00 0.000000e+00 0.000000e+00
6.427009e+00 0.000000e+00 0.000000e+00 0.000000e+00 0.000000e+00
6.479009e+00 0.000000e+00 0.000000e+00 0.000000e+00 0.000000e+00
6.531009e+00 0.000000e+00 0.000000e+00 0.000000e+00 0.000000e+00
6.583009e+00 0.000000e+00 0.000000e+00 0.000000e+00 0.000000e+00
6.635009e+00 0.000000e+00 0.000000e+00 0.000000e+00 0.000000e+00
6.687009e+00 0.000000e+00 0.000000e+00 0.000000e+00 0.000000e+00
6.739009e+00 0.000000e+00 0.000000e+00 0.000000e+00 0.000000e+00
6.791009e+00 0.000000e+00 0.000000e+00 0.000000e+00 0.000000e+00
6.843009e+00 0.000000e+00 0.000000e+00 0.000000e+00 0.000000e+00
6.895009e+00 0.000000e+00 0.000000e+00 0.000000e+00 0.000000e+00
6.947009e+00 0.000000e+00 0.000000e+00 0.000000e+00 0.000000e+00
6.999009e+00 0.000000e+00 0.000000e+00 0.000000e+00 0.000000e+00
7.051009e+00 0.000000e+00 0.000000e+00 0.000000e+00 0.000000e+00
7.103009e+00 0.000000e+00 0.000000e+00 0.000000e+00 0.000000e+00
7.155009e+00 0.000000e+00 0.000000e+00 0.000000e+00 0.000000e+00
7.207009e+00 0.000000e+00 0.000000e+00 0.000000e+00 0.000000e+00
7.259009e+00 0.000000e+00 0.000000e+00 0.000000e+00 0.000000e+00
7.311009e+00 0.000000e+00 0.000000e+00 0.000000e+00 0.000000e+00
7.363009e+00 0.000000e+00 0.000000e+00 0.000000e+00 0.000000e+00
7.415009e+00 0.000000e+00 0.000000e+00 0.000000e+00 0.000000e+00
7.467009e+00 0.000000e+00 0.000000e+00 0.000000e+00 0.000000e+00
7.519009e+00 0.000000e+00 0.000000e+00 0.000000e+00 0.000000e+00
7.571009e+00 0.000000e+00 0.000000e+00 0.000000e+00 0.000000e+00
7.623009e+00 0.000000e+00 0.000000e+00 0.000000e+00 0.000000e+00
7.675009e+00 0.000000e+00 0.000000e+00 0.000000e+00 0.000000e+00
7.727009e+00 0.000000e+00 0.000000e+00 0.000000e+00 0.000000e+00
7.779009e+00 0.000000e+00 0.000000e+00 0.000000e+00 0.000000e+00
7.831009e+00 0.000000e+00 0.000000e+00 0.000000e+00 0.000000e+00
7.883009e+00 0.000000e+00 0.000000e+00 0.000000e+00 0.000000e+00
7.935009e+00 0.000000e+00 0.000000e+00 0.000000e+00 0.000000e+00
7.987009e+00 0.000000e+00 0.000000e+00 0.000000e+00 0.000000e+00
8.039009e+00 0.000000e+00 0.000000e+00 0.000000e+00 0.000000e+00
8.091009e+00 0.000000e+00 0.000000e+00 0.000000e+00 0.000000e+00
8.143009e+00 0.000000e+00 0.000000e+00 0.000000e+00 0.000000e+00
8.195009e+00 0.000000e+00 0.000000e+00 0.000000e+00 0.000000e+00
8.247009e+00 0.000000e+00 0.000000e+00 0.000000e+00 0.000000e+00
8.299009e+00 0.000000e+00 0.000000e+00 0.000000e+00 0.000000e+00
8.351009e+00 0.000000e+00 0.000000e+00 0.000000e+00 0.000000e+00
8.403009e+00 0.000000e+00 0.000000e+00 0.000000e+00 0.000000e+00
8.455009e+00 0.000000e+00 0.000000e+00 0.000000e+00 0.000000e+00
8.507009e+00 0.000000e+00 0.000000e+00 0.000000e+00 0.000000e+00
8.559009e+00 0.000000e+00 0.000000e+00 0.000000e+00 0.000000e+00
8.611009e+00 0.000000e+00 0.000000e+00 0.000000e+00 0.000000e+00
8.663009e+00 0.000000e+00 0.000000e+00 0.000000e+00 0.000000e+00
8.715009e+00 0.000000e+00 0.000000e+00 0.000000e+00 0.000000e+00
8.767009e+00 0.000000e+00 0.000000e+00 0.000000e+00 0.000000e+00
8.819009e+00 0.000000e+00 0.000000e+00 0.000000e+00 0.000000e+00
8.871009e+00 0.000000e+00 0.000000e+00 0.000000e+00 0.000000e+00
8.923009e+00 0.000000e+00 0.000000e+00 0.000000e+00 0.000000e+00
8.975009e+00 0.000000e+00 0.000000e+00 0.000000e+00 0.000000e+00
9.027009e+00 0.000000e+00 0.000000e+00 0.000000e+00 0.000000e+00
9.079009e+00 0.000000e+00 0.000000e+00 0.000000e+00 0.000000e+00
9.131009e+00 0.000000e+00 0.000000e+00 0.000000e+00 0.000000e+00
9.183009e+00 0.000000e+00 0.000000e+00 0.000000e+00 0.000000e+00
9.235009e+00 0.000000e+00 0.000000e+00 0.000000e+00 0.000000e+00
9.287009e+00 0.000000e+00 0.000000e+00 0.000000e+00 0.000000e+00
9.339009e+00 0.000000e+00 0.000000e+00 0.000000e+00 0.000000e+00
9.391009e+00 0.000000e+00 0.000000e+00 0.000000e+00 0.000000e+00
9.443009e+00 0.000000e+00 0.000000e+00 0.000000e+00 0.000000e+00
9.495009e+00 0.000000e+00 0.000000e+00 0.000000e+00 0.000000e+00
9.547009e+00 0.000000e+00 0.000000e+00 0.000000e+00 0.000000e+00
9.599009e+00 0.000000e+00 0.000000e+00 0.000000e+00 0.000000e+00
9.651009e+00 0.000000e+00 0.000000e+00 0.000000e+00 0.000000e+00
9.703009e+00 9.672859e-15 1.554835e-14 6.419440e-15 7.050787e-15
9.755009e+00 7.886893e-14 1.246443e-13 5.788594e-14 5.407653e-14
9.807009e+00 4.308039e-13 6.575542e-13 3.002910e-13 3.345664e-13
9.859009e+00 2.276818e-12 3.404621e-12 1.612317e-12 1.813516e-12
9.911009e+00 9.582022e-12 1.422952e-11 6.817612e-12 7.698929e-12
9.963009e+00 3.700250e-11 5.470150e-11 2.637648e-11 2.992952e-11
1.001501e+01 1.343530e-10 1.977373e-10 9.592760e-11 1.093942e-10
1.006701e+01 4.562487e-10 6.687088e-10 3.264075e-10 3.736299e-10
1.011901e+01 1.460065e-09 2.131244e-09 1.046075e-09 1.202877e-09
1.017101e+01 4.397484e-09 6.393108e-09 3.154615e-09 3.644729e-09
1.022301e+01 1.248547e-08 1.808012e-08 8.964145e-09 1.041214e-08
1.027501e+01 3.344659e-08 4.825029e-08 2.402036e-08 2.806911e-08
1.032701e+01 8.462396e-08 1.216307e-07 6.076400e-08 7.147721e-08
1.037901e+01 2.025178e-07 2.900274e-07 1.453334e-07 1.721927e-07
1.043101e+01 4.587465e-07 6.547703e-07 3.287768e-07 3.926924e-07
1.048301e+01 9.853706e-07 1.401835e-06 7.050122e-07 8.492649e-07
1.053501e+01 2.010697e-06 2.850963e-06 1.436270e-06 1.744857e-06
1.058701e+01 3.906576e-06 5.518278e-06 2.788452e-06 3.412998e-06
1.063901e+01 7.247557e-06 1.018819e-05 5.181511e-06 6.372971e-06
1.069101e+01 1.288755e-05 1.799053e-05 9.271913e-06 1.140021e-05
1.074301e+01 2.207600e-05 3.048751e-05 1.611129e-05 1.962919e-05
1.079501e+01 3.667121e-05 4.980208e-05 2.747467e-05 3.273689e-05
1.084701e+01 5.956265e-05 7.886824e-05 4.651600e-05 5.330372e-05
1.089901e+01 9.546377e-05 1.219427e-04 7.895079e-05 8.549783e-05
1.095101e+01 1.522207e-04 1.855383e-04 1.349007e-04 1.362231e-04
1.100301e+01 2.426008e-04 2.798378e-04 2.312428e-04 2.167216e-04
1.105501e+01 3.860920e-04 4.203249e-04 3.937086e-04 3.442427e-04
1.110701e+01 6.096097e-04 6.288337e-04 6.571827e-04 5.428128e-04
1.115901e+01 9.454601e-04 9.326646e-04 1.062095e-03 8.416206e-04
1.121101e+01 1.425018e-03 1.360303e-03 1.645184e-03 1.269566e-03
1.126301e+01 2.067858e-03 1.933108e-03 2.424840e-03 1.845627e-03
1.131501e+01 2.868552e-03 2.654220e-03 3.384522e-03 2.566915e-03
1.136701e+01 3.785987e-03 3.498257e-03 4.460942e-03 3.398763e-03
1.141901e+01 4.741177e-03 4.406664e-03 5.544568e-03 4.272299e-03
1.147101e+01 5.627556e-03 5.292614e-03 6.496724e-03 5.093330e-03
1.152301e+01 6.332802e-03 6.055894e-03 7.180702e-03 5.761811e-03
1.157501e+01 6.765594e-03 6.603810e-03 7.497008e-03 6.195965e-03
1.162701e+01 6.877671e-03 6.871238e-03 7.409628e-03 6.352146e-03
1.167901e+01 6.673253e-03 6.833413e-03 6.953281e-03 6.233065e-03
1.173101e+01 6.203518e-03 6.508319e-03 6.219946e-03 5.882289e-03
1.178301e+01 5.550078e-03 5.949747e-03 5.331550e-03 5.368937e-03
1.183501e+01 4.804851e-03 5.234640e-03 4.410186e-03 4.769729e-03
1.188701e+01 4.052981e-03 4.448671e-03 3.555642e-03 4.154629e-03
1.193901e+01 3.362045e-03 3.672810e-03 2.834575e-03 3.578750e-03
1.199101e+01 2.777337e-03 2.972457e-03 2.279981e-03 3.079573e-03
1.204301e+01 2.321336e-03 2.390243e-03 1.896675e-03 2.677090e-03
1.209501e+01 1.995689e-03 1.943364e-03 1.668620e-03 2.375083e-03
1.214701e+01 1.784973e-03 1.625794e-03 1.565856e-03 2.163269e-03
1.219901e+01 1.662045e-03 1.414646e-03 1.550606e-03 2.020881e-03
1.225101e+01 1.594632e-03 1.278851e-03 1.583022e-03 1.922022e-03
1.230301e+01 1.552239e-03 1.187819e-03 1.626810e-03 1.842090e-03
1.235501e+01 1.512009e-03 1.118044e-03 1.654334e-03 1.763650e-03
1.240701e+01 1.462244e-03 1.056553e-03 1.650210e-03 1.679969e-03
1.245901e+01 1.402904e-03 1.001169e-03 1.612430e-03 1.595114e-03
1.251101e+01 1.343278e-03 9.584176e-04 1.550582e-03 1.520834e-03
1.256301e+01 1.297884e-03 9.403111e-04 1.481672e-03 1.471669e-03
1.261501e+01 1.282102e-03 9.611718e-04 1.424843e-03 1.460292e-03
1.266701e+01 1.308868e-03 1.035203e-03 1.396634e-03 1.494768e-03
1.271901e+01 1.387097e-03 1.174910e-03 1.408087e-03 1.578295e-03
1.277101e+01 1.521643e-03 1.389962e-03 1.464190e-03 1.710778e-03
1.282301e+01 1.714007e-03 1.685928e-03 1.565273e-03 1.890820e-03
1.287501e+01 1.962921e-03 2.062609e-03 1.709330e-03 2.116824e-03
1.292701e+01 2.264378e-03 2.512252e-03 1.894178e-03 2.386704e-03
1.297901e+01 2.611268e-03 3.018446e-03 2.118671e-03 2.696688e-03
1.303101e+01 2.993201e-03 3.556596e-03 2.382748e-03 3.040260e-03
1.308301e+01 3.396984e-03 4.096363e-03 2.686481e-03 3.408108e-03
1.313501e+01 3.807722e-03 4.605590e-03 3.028411e-03 3.789166e-03
1.318701e+01 4.209954e-03 5.054456e-03 3.403406e-03 4.171999e-03
1.323901e+01 4.588068e-03 5.418493e-03 3.800281e-03 4.545430e-03
1.329101e+01 4.925735e-03 5.679715e-03 4.199754e-03 4.897738e-03
1.334301e+01 5.204929e-03 5.826255e-03 4.573785e-03 5.214748e-03
1.339501e+01 5.405803e-03 5.851693e-03 4.887573e-03 5.478144e-03
1.344701e+01 5.508592e-03 5.755268e-03 5.104855e-03 5.665654e-03
1.349901e+01 5.497711e-03 5.543231e-03 5.195756e-03 5.754145e-03
1.355101e+01 5.366841e-03 5.230481e-03 5.144800e-03 5.725242e-03
1.360301e+01 5.122832e-03 4.840929e-03 4.956004e-03 5.571563e-03
1.365501e+01 4.786405e-03 4.405450e-03 4.652766e-03 5.301000e-03
1.370701e+01 4.388901e-03 3.957387e-03 4.272351e-03 4.936964e-03
1.375901e+01 3.966011e-03 3.526881e-03 3.857032e-03 4.514120e-03
1.381101e+01 3.550695e-03 3.135941e-03 3.445147e-03 4.070997e-03
1.386301e+01 3.167618e-03 2.795868e-03 3.064930e-03 3.642056e-03
1.391501e+01 2.830638e-03 2.507714e-03 2.732417e-03 3.251784e-03
1.396701e+01 2.543483e-03 2.265198e-03 2.452922e-03 2.912327e-03
1.401901e+01 2.302637e-03 2.058765e-03 2.224473e-03 2.624673e-03
1.407101e+01 2.100967e-03 1.879259e-03 2.041429e-03 2.382213e-03
1.412301e+01 1.930769e-03 1.720167e-03 1.897119e-03 2.175020e-03
1.417501e+01 1.785571e-03 1.578126e-03 1.785130e-03 1.993458e-03
1.422701e+01 1.660658e-03 1.452110e-03 1.699530e-03 1.830334e-03
1.427901e+01 1.552705e-03 1.342047e-03 1.634541e-03 1.681527e-03
1.433101e+01 1.459087e-03 1.247632e-03 1.584171e-03 1.545460e-03
1.438301e+01 1.377269e-03 1.167726e-03 1.542092e-03 1.421990e-03
1.443501e+01 1.304504e-03 1.100368e-03 1.501905e-03 1.311238e-03
1.448701e+01 1.237877e-03 1.043152e-03 1.457739e-03 1.212741e-03
1.453901e+01 1.174599e-03 9.936447e-04 1.405068e-03 1.125085e-03
1.459101e+01 1.112403e-03 9.496535e-04 1.341500e-03 1.046056e-03
1.464301e+01 1.049908e-03 9.093137e-04 1.267259e-03 9.731512e-04
1.469501e+01 9.868278e-04 8.711032e-04 1.185111e-03 9.042692e-04
1.474701e+01 9.239621e-04 8.339030e-04 1.099676e-03 8.383079e-04
1.479901e+01 8.629719e-04 7.971482e-04 1.016274e-03 7.754935e-04
1.485101e+01 8.060078e-04 7.610089e-04 9.396885e-04 7.173260e-04
1.490301e+01 7.552889e-04 7.264699e-04 8.732344e-04 6.661623e-04
1.495501e+01 7.127207e-04 6.951971e-04 8.184063e-04 6.245586e-04
1.500701e+01 6.796049e-04 6.691617e-04 7.751014e-04 5.945518e-04
1.505901e+01 6.564560e-04 6.501068e-04 7.421923e-04 5.770689e-04
1.511101e+01 6.429204e-04 6.390135e-04 7.181301e-04 5.716174e-04
1.516301e+01 6.378052e-04 6.357405e-04 7.013344e-04 5.763408e-04
1.521501e+01 6.392337e-04 6.389603e-04 6.903116e-04 5.884292e-04
1.526701e+01 6.449350e-04 6.464276e-04 6.836103e-04 6.047672e-04
1.531901e+01 6.526427e-04 6.555190e-04 6.797923e-04 6.226169e-04
1.537101e+01 6.605165e-04 6.638987e-04 6.775354e-04 6.401153e-04
1.542301e+01 6.674673e-04 6.701147e-04 6.758515e-04 6.564358e-04
1.547501e+01 6.732726e-04 6.739320e-04 6.742896e-04 6.715963e-04
1.552701e+01 6.784286e-04 6.762782e-04 6.729705e-04 6.860372e-04
1.557901e+01 6.837831e-04 6.787987e-04 6.723876e-04 7.001629e-04
1.563101e+01 6.900760e-04 6.831626e-04 6.730401e-04 7.140253e-04
1.568301e+01 6.975543e-04 6.903606e-04 6.750670e-04 7.272353e-04
1.573501e+01 7.058019e-04 7.002585e-04 6.780615e-04 7.390857e-04
1.578701e+01 7.138457e-04 7.115816e-04 6.811557e-04 7.487997e-04
1.583901e+01 7.204877e-04 7.223397e-04 6.833300e-04 7.557935e-04
1.589101e+01 7.247236e-04 7.305230e-04 6.837880e-04 7.598599e-04
1.594301e+01 7.260662e-04 7.347823e-04 6.822055e-04 7.612108e-04
1.599501e+01 7.246367e-04 7.348144e-04 6.787314e-04 7.603643e-04
1.604701e+01 7.209926e-04 7.313092e-04 6.737543e-04 7.579144e-04
1.609901e+01 7.157926e-04 7.255217e-04 6.675809e-04 7.542753e-04
1.615101e+01 7.094849e-04 7.187052e-04 6.602274e-04 7.495219e-04
1.620301e+01 7.022020e-04 7.117019e-04 6.514698e-04 7.434343e-04
1.625501e+01 6.939408e-04 7.048892e-04 6.411598e-04 7.357734e-04
1.630701e+01 6.849482e-04 6.984812e-04 6.296587e-04 7.267048e-04
1.635901e+01 6.761065e-04 6.929787e-04 6.181604e-04 7.171805e-04
1.641101e+01 6.690813e-04 6.894759e-04 6.087050e-04 7.090630e-04
1.646301e+01 6.660860e-04 6.895953e-04 6.038083e-04 7.048544e-04
1.651501e+01 6.692902e-04 6.950187e-04 6.057999e-04 7.070522e-04
1.656701e+01 6.800631e-04 7.067902e-04 6.160749e-04 7.173241e-04
1.661901e+01 6.983283e-04 7.246854e-04 6.345086e-04 7.357911e-04
1.667101e+01 7.222857e-04 7.469263e-04 6.592351e-04 7.606957e-04
1.672301e+01 7.486423e-04 7.704020e-04 6.869046e-04 7.886204e-04
1.677501e+01 7.733566e-04 7.913904e-04 7.134162e-04 8.152631e-04
1.682701e+01 7.927493e-04 8.066277e-04 7.350052e-04 8.366149e-04
1.687901e+01 8.047247e-04 8.144614e-04 7.494418e-04 8.502710e-04
1.693101e+01 8.097840e-04 8.157693e-04 7.570303e-04 8.565525e-04
1.698301e+01 8.115335e-04 8.143515e-04 7.611062e-04 8.591428e-04
1.703501e+01 8.164956e-04 8.166082e-04 7.678481e-04 8.650304e-04
1.708701e+01 8.331919e-04 8.304974e-04 7.854033e-04 8.836750e-04
1.713901e+01 8.706428e-04 8.639678e-04 8.224994e-04 9.254612e-04
1.719101e+01 9.365717e-04 9.232284e-04 8.868295e-04 9.996573e-04
1.724301e+01 1.035693e-03 1.011304e-03 9.835201e-04 1.112253e-03
1.729501e+01 1.168466e-03 1.127284e-03 1.113953e-03 1.264162e-03
1.734701e+01 1.330616e-03 1.266468e-03 1.275124e-03 1.450255e-03
1.739901e+01 1.513494e-03 1.421336e-03 1.459621e-03 1.659524e-03
1.745101e+01 1.705158e-03 1.582930e-03 1.656191e-03 1.876353e-03
1.750301e+01 1.891856e-03 1.742139e-03 1.850831e-03 2.082599e-03
1.755501e+01 2.059601e-03 1.890488e-03 2.028287e-03 2.260028e-03
1.760701e+01 2.195655e-03 2.020400e-03 2.173882e-03 2.392683e-03
1.765901e+01 2.289915e-03 2.125246e-03 2.275537e-03 2.468961e-03
1.771101e+01 2.336198e-03 2.199623e-03 2.325742e-03 2.483229e-03
1.776301e+01 2.333336e-03 2.240068e-03 2.323102e-03 2.436838e-03
1.781501e+01 2.285783e-03 2.246036e-03 2.272999e-03 2.338313e-03
1.786701e+01 2.203366e-03 2.220636e-03 2.187014e-03 2.202450e-03
1.791901e+01 2.099958e-03 2.170585e-03 2.081048e-03 2.048240e-03
1.797101e+01 1.991144e-03 2.105173e-03 1.972440e-03 1.895819e-03
1.802301e+01 1.891399e-03 2.034414e-03 1.876740e-03 1.763043e-03
1.807501e+01 1.811466e-03 1.966962e-03 1.804938e-03 1.662498e-03
1.812701e+01 1.756650e-03 1.908428e-03 1.761816e-03 1.599706e-03
1.817901e+01 1.726437e-03 1.860567e-03 1.745771e-03 1.572973e-03
1.823101e+01 1.715454e-03 1.821508e-03 1.750049e-03 1.574804e-03
1.828301e+01 1.715401e-03 1.786850e-03 1.764964e-03 1.594389e-03
1.833501e+01 1.717366e-03 1.751235e-03 1.780469e-03 1.620393e-03
1.838701e+01 1.713894e-03 1.709949e-03 1.788442e-03 1.643289e-03
1.843901e+01 1.700351e-03 1.660118e-03 1.784174e-03 1.656762e-03
1.849101e+01 1.675345e-03 1.601282e-03 1.766755e-03 1.657997e-03
1.854301e+01 1.640242e-03 1.535292e-03 1.738380e-03 1.647056e-03
1.859501e+01 1.598078e-03 1.465651e-03 1.702865e-03 1.625718e-03
1.864701e+01 1.552249e-03 1.396579e-03 1.663923e-03 1.596246e-03
1.869901e+01 1.505446e-03 1.332055e-03 1.623819e-03 1.560463e-03
1.875101e+01 1.459095e-03 1.275079e-03 1.582840e-03 1.519365e-03
1.880301e+01 1.413393e-03 1.227238e-03 1.539705e-03 1.473236e-03
1.885501e+01 1.367760e-03 1.188580e-03 1.492598e-03 1.422102e-03
1.890701e+01 1.321426e-03 1.157744e-03 1.440298e-03 1.366235e-03
1.895901e+01 1.273893e-03 1.132274e-03 1.382905e-03 1.306500e-03
1.901101e+01 1.225167e-03 1.109123e-03 1.321933e-03 1.244445e-03
1.906301e+01 1.175808e-03 1.085305e-03 1.259917e-03 1.182203e-03
1.911501e+01 1.126916e-03 1.058624e-03 1.199834e-03 1.122290e-03
1.916701e+01 1.080127e-03 1.028320e-03 1.144661e-03 1.067402e-03
1.921901e+01 1.037585e-03 9.954208e-04 1.097132e-03 1.020203e-03
1.927101e+01 1.001774e-03 9.626407e-04 1.059603e-03 9.830790e-04
1.932301e+01 9.751711e-04 9.338204e-04 1.033850e-03 9.578433e-04
1.937501e+01 9.597733e-04 9.130671e-04 1.020780e-03 9.454728e-04
1.942701e+01 9.566870e-04 9.038792e-04 1.020166e-03 9.460156e-04
1.947901e+01 9.659884e-04 9.085308e-04 1.030640e-03 9.587938e-04
1.953101e+01 9.869633e-04 9.278674e-04 1.050095e-03 9.829272e-04
1.958301e+01 1.018658e-03 9.614838e-04 1.076454e-03 1.018037e-03
1.963501e+01 1.060515e-03 1.008125e-03 1.108566e-03 1.064853e-03
1.968701e+01 1.112790e-03 1.066107e-03 1.146880e-03 1.125384e-03
1.973901e+01 1.176532e-03 1.133619e-03 1.193561e-03 1.202416e-03
1.979101e+01 1.253004e-03 1.208846e-03 1.251890e-03 1.298277e-03
1.984301e+01 1.342673e-03 1.289897e-03 1.325002e-03 1.413120e-03
1.989501e+01 1.444011e-03 1.374574e-03 1.414233e-03 1.543227e-03
1.994701e+01 1.552543e-03 1.460017e-03 1.517591e-03 1.680023e-03
1.999901e+01 1.660548e-03 1.542337e-03 1.628903e-03 1.810404e-03
2.005101e+01 1.757774e-03 1.616486e-03 1.738133e-03 1.918703e-03
2.010301e+01 1.833219e-03 1.676593e-03 1.833031e-03 1.990034e-03
2.015501e+01 1.877631e-03 1.716920e-03 1.901826e-03 2.014147e-03
2.020701e+01 1.886029e-03 1.733299e-03 1.936216e-03 1.988572e-03
2.025901e+01 1.859361e-03 1.724573e-03 1.933660e-03 1.919850e-03
2.031101e+01 1.804628e-03 1.693440e-03 1.898149e-03 1.822293e-03
2.036301e+01 1.733292e-03 1.646196e-03 1.839139e-03 1.714540e-03
2.041501e+01 1.658450e-03 1.591344e-03 1.768981e-03 1.615026e-03
2.046701e+01 1.591700e-03 1.537501e-03 1.699792e-03 1.537807e-03
2.051901e+01 1.540722e-03 1.491364e-03 1.640801e-03 1.490002e-03
2.057101e+01 1.508289e-03 1.456442e-03 1.597001e-03 1.471424e-03
2.062301e+01 1.492808e-03 1.432920e-03 1.569293e-03 1.476211e-03
2.067501e+01 1.489967e-03 1.418526e-03 1.555749e-03 1.495625e-03
2.072701e+01 1.494710e-03 1.409943e-03 1.553243e-03 1.520944e-03
2.077901e+01 1.502799e-03 1.404150e-03 1.558724e-03 1.545522e-03
2.083101e+01 1.511510e-03 1.399271e-03 1.569703e-03 1.565555e-03
2.088301e+01 1.519443e-03 1.394709e-03 1.584000e-03 1.579621e-03
2.093501e+01 1.525773e-03 1.390677e-03 1.599125e-03 1.587517e-03
2.098701e+01 1.529418e-03 1.387422e-03 1.611790e-03 1.589042e-03
2.103901e+01 1.528574e-03 1.384529e-03 1.617913e-03 1.583279e-03
2.109101e+01 1.520783e-03 1.380594e-03 1.613192e-03 1.568563e-03
2.114301e+01 1.503477e-03 1.373389e-03 1.594017e-03 1.543026e-03
2.119501e+01 1.474706e-03 1.360400e-03 1.558368e-03 1.505350e-03
2.124701e+01 1.433750e-03 1.339513e-03 1.506333e-03 1.455403e-03
2.129901e+01 1.381389e-03 1.309566e-03 1.440097e-03 1.394506e-03
2.135101e+01 1.319778e-03 1.270627e-03 1.363424e-03 1.325284e-03
2.140301e+01 1.252025e-03 1.223979e-03 1.280868e-03 1.251229e-03
2.145501e+01 1.181653e-03 1.171898e-03 1.196946e-03 1.176115e-03
2.150701e+01 1.112105e-03 1.117331e-03 1.115519e-03 1.103466e-03
2.155901e+01 1.046391e-03 1.063533e-03 1.039469e-03 1.036171e-03
2.161101e+01 9.868976e-04 1.013696e-03 9.707031e-04 9.762939e-04
2.166301e+01 9.353518e-04 9.705860e-04 9.103939e-04 9.250755e-04
2.171501e+01 8.928813e-04 9.362316e-04 8.593446e-04 8.830677e-04
2.176701e+01 8.601408e-04 9.117130e-04 8.183462e-04 8.503631e-04
2.181901e+01 8.374508e-04 8.971123e-04 7.883916e-04 8.268484e-04
2.187101e+01 8.248967e-04 8.916325e-04 7.706508e-04 8.124069e-04
2.192301e+01 8.223378e-04 8.938474e-04 7.661832e-04 8.069830e-04
2.197501e+01 8.292950e-04 9.019909e-04 7.754583e-04 8.104357e-04
2.202701e+01 8.447347e-04 9.141802e-04 7.978506e-04 8.221732e-04
2.207901e+01 8.668233e-04 9.284981e-04 8.313011e-04 8.406707e-04
2.213101e+01 8.927724e-04 9.429364e-04 8.722950e-04 8.630857e-04
2.218301e+01 9.189028e-04 9.552923e-04 9.161854e-04 8.852306e-04
2.223501e+01 9.410099e-04 9.631655e-04 9.577824e-04 9.020817e-04
2.228701e+01 9.550165e-04 9.641821e-04 9.920661e-04 9.088014e-04
2.233901e+01 9.577901e-04 9.564738e-04 1.014890e-03 9.020065e-04
2.239101e+01 9.479076e-04 9.392891e-04 1.023588e-03 8.808455e-04
2.244301e+01 9.261240e-04 9.134999e-04 1.017415e-03 8.474567e-04
2.249501e+01 8.953548e-04 8.817468e-04 9.977320e-04 8.065857e-04
2.254701e+01 8.601194e-04 8.480733e-04 9.678384e-04 7.644465e-04
2.259901e+01 8.255624e-04 8.170947e-04 9.323951e-04 7.271974e-04
2.265101e+01 7.963232e-04 7.929393e-04 8.965074e-04 6.995228e-04
2.270301e+01 7.755797e-04 7.783039e-04 8.646925e-04 6.837426e-04
2.275501e+01 7.645330e-04 7.739212e-04 8.400367e-04 6.796412e-04
2.280701e+01 7.624409e-04 7.785798e-04 8.237953e-04 6.849475e-04
2.285901e+01 7.671193e-04 7.896367e-04 8.155186e-04 6.962026e-04
2.291101e+01 7.756934e-04 8.038078e-04 8.135778e-04 7.096947e-04
2.296301e+01 7.853358e-04 8.179693e-04 8.158330e-04 7.222050e-04
2.301501e+01 7.937895e-04 8.297484e-04 8.201800e-04 7.314402e-04
2.306701e+01 7.995920e-04 8.377936e-04 8.248311e-04 7.361513e-04
2.311901e+01 8.020265e-04 8.417284e-04 8.283366e-04 7.360144e-04
2.317101e+01 8.009078e-04 8.418764e-04 8.294752e-04 7.313719e-04
2.322301e+01 7.963217e-04 8.388790e-04 8.271595e-04 7.229266e-04
2.327501e+01 7.884159e-04 8.333277e-04 8.204516e-04 7.114686e-04
2.332701e+01 7.773016e-04 8.255171e-04 8.086880e-04 6.976997e-04
2.337901e+01 7.630786e-04 8.153919e-04 7.916459e-04 6.821981e-04
2.343101e+01 7.459628e-04 8.027098e-04 7.696618e-04 6.655170e-04
2.348301e+01 7.264554e-04 7.873648e-04 7.436434e-04 6.483581e-04
2.353501e+01 7.054708e-04 7.697329e-04 7.149602e-04 6.317193e-04
2.358701e+01 6.843437e-04 7.508686e-04 6.852442e-04 6.169183e-04
2.363901e+01 6.646816e-04 7.324287e-04 6.561592e-04 6.054568e-04
2.369101e+01 6.481023e-04 7.163291e-04 6.292057e-04 5.987722e-04
2.374301e+01 6.359570e-04 7.042727e-04 6.056131e-04 5.979851e-04
2.379501e+01 6.291517e-04 6.973603e-04 5.863399e-04 6.037549e-04
2.384701e+01 6.281250e-04 6.959402e-04 5.721550e-04 6.162798e-04
2.389901e+01 6.329522e-04 6.997266e-04 5.637362e-04 6.353937e-04
2.395101e+01 6.434791e-04 7.080717e-04 5.617098e-04 6.606557e-04
2.400301e+01 6.593832e-04 7.202186e-04 5.665834e-04 6.913476e-04
2.405501e+01 6.801191e-04 7.354033e-04 5.785741e-04 7.263799e-04
2.410701e+01 7.047861e-04 7.527869e-04 5.973914e-04 7.641800e-04
2.415901e+01 7.320145e-04 7.713104e-04 6.220646e-04 8.026684e-04
2.421101e+01 7.599667e-04 7.896165e-04 6.508999e-04 8.393839e-04
2.426301e+01 7.865024e-04 8.061516e-04 6.816095e-04 8.717460e-04
2.431501e+01 8.094898e-04 8.194703e-04 7.116025e-04 8.973966e-04
2.436701e+01 8.271982e-04 8.286620e-04 7.383794e-04 9.145533e-04
2.441901e+01 8.386792e-04 8.337530e-04 7.599456e-04 9.223392e-04
2.447101e+01 8.440525e-04 8.359354e-04 7.751624e-04 9.210596e-04
2.452301e+01 8.446235e-04 8.375262e-04 7.839675e-04 9.123768e-04
2.457501e+01 8.427871e-04 8.416494e-04 7.874195e-04 8.992925e-04
2.462701e+01 8.417076e-04 8.517171e-04 7.875567e-04 8.858491e-04
2.467901e+01 8.448253e-04 8.708471e-04 7.870961e-04 8.765328e-04
2.473101e+01 8.553003e-04 9.013712e-04 7.890479e-04 8.754818e-04
2.478301e+01 8.755331e-04 9.445555e-04 7.963359e-04 8.857079e-04
2.483501e+01 9.068702e-04 1.000567e-03 8.114936e-04 9.085500e-04
2.488701e+01 9.495087e-04 1.068610e-03 8.364311e-04 9.434852e-04
2.493901e+01 1.002517e-03 1.147070e-03 8.722026e-04 9.882798e-04
2.499101e+01 1.063857e-03 1.233508e-03 9.187031e-04 1.039360e-03
2.504301e+01 1.130347e-03 1.324456e-03 9.743140e-04 1.092272e-03
2.509501e+01 1.197653e-03 1.415132e-03 1.035653e-03 1.142173e-03
2.514701e+01 1.260456e-03 1.499355e-03 1.097661e-03 1.184353e-03
2.519901e+01 1.312957e-03 1.569892e-03 1.154199e-03 1.214780e-03
2.525101e+01 1.349701e-03 1.619374e-03 1.199106e-03 1.230624e-03
2.530301e+01 1.366567e-03 1.641621e-03 1.227460e-03 1.230619e-03
2.535501e+01 1.361606e-03 1.633041e-03 1.236635e-03 1.215143e-03
2.540701e+01 1.335472e-03 1.593639e-03 1.226801e-03 1.185975e-03
2.545901e+01 1.291286e-03 1.527296e-03 1.200729e-03 1.145832e-03
2.551101e+01 1.234010e-03 1.441195e-03 1.162980e-03 1.097853e-03
2.556301e+01 1.169510e-03 1.344538e-03 1.118793e-03 1.045200e-03
2.561501e+01 1.103587e-03 1.246909e-03 1.072991e-03 9.908601e-04
2.566701e+01 1.041176e-03 1.156719e-03 1.029198e-03 9.376114e-04
2.571901e+01 9.858508e-04 1.080045e-03 9.894883e-04 8.880195e-04
2.577101e+01 9.396233e-04 1.020072e-03 9.544356e-04 8.443625e-04
2.582301e+01 9.029943e-04 9.771027e-04 9.234479e-04 8.084323e-04
2.587501e+01 8.751793e-04 9.490396e-04 8.952255e-04 7.812727e-04
2.592701e+01 8.544602e-04 9.321649e-04 8.682350e-04 7.629807e-04
2.597901e+01 8.386309e-04 9.220611e-04 8.411373e-04 7.526944e-04
2.603101e+01 8.254861e-04 9.145056e-04 8.131400e-04 7.488128e-04
2.608301e+01 8.132706e-04 9.061881e-04 7.842383e-04 7.493855e-04
2.613501e+01 8.009843e-04 8.951268e-04 7.552947e-04 7.525313e-04
2.618701e+01 7.884618e-04 8.807250e-04 7.279162e-04 7.567442e-04
2.623901e+01 7.762217e-04 8.635155e-04 7.041381e-04 7.610114e-04
2.629101e+01 7.651615e-04 8.447227e-04 6.859937e-04 7.647682e-04
2.634301e+01 7.562304e-04 8.258127e-04 6.751000e-04 7.677786e-04
2.639501e+01 7.501968e-04 8.081669e-04 6.723860e-04 7.700375e-04
2.644701e+01 7.475671e-04 7.929343e-04 6.780304e-04 7.717365e-04
2.649901e+01 7.486350e-04 7.810415e-04 6.915869e-04 7.732767e-04
2.655101e+01 7.535859e-04 7.732881e-04 7.122042e-04 7.752654e-04
2.660301e+01 7.625739e-04 7.704473e-04 7.388291e-04 7.784454e-04
2.665501e+01 7.757206e-04 7.733028e-04 7.703181e-04 7.835408e-04
2.670701e+01 7.930301e-04 7.825769e-04 8.054565e-04 7.910569e-04
2.675901e+01 8.142608e-04 7.987354e-04 8.429414e-04 8.011057e-04
2.681101e+01 8.388126e-04 8.217079e-04 8.813980e-04 8.133319e-04
2.686301e+01 8.656845e-04 8.506156e-04 9.194618e-04 8.269759e-04
2.691501e+01 8.935280e-04 8.836315e-04 9.558950e-04 8.410575e-04
2.696701e+01 9.207846e-04 9.180802e-04 9.896655e-04 8.546082e-04
2.701901e+01 9.458685e-04 9.508096e-04 1.019930e-03 8.668660e-04
2.707101e+01 9.673514e-04 9.787628e-04 1.045925e-03 8.773661e-04
2.712301e+01 9.841204e-04 9.995937e-04 1.066846e-03 8.859212e-04
2.717501e+01 9.954988e-04 1.012143e-03 1.081821e-03 8.925327e-04
2.722701e+01 1.001327e-03 1.016629e-03 1.090055e-03 8.972957e-04
2.727901e+01 1.001990e-03 1.014496e-03 1.091129e-03 9.003455e-04
2.733101e+01 9.983824e-04 1.007964e-03 1.085324e-03 9.018598e-04
2.738301e+01 9.917805e-04 9.994236e-04 1.073812e-03 9.021055e-04
2.743501e+01 9.836563e-04 9.908445e-04 1.058617e-03 9.015079e-04
2.748701e+01 9.754616e-04 9.833675e-04 1.042294e-03 9.007237e-04
2.753901e+01 9.684437e-04 9.771876e-04 1.027454e-03 9.006890e-04
2.759101e+01 9.635331e-04 9.717322e-04 1.016261e-03 9.026063e-04
2.764301e+01 9.613122e-04 9.660528e-04 1.010052e-03 9.078314e-04
2.769501e+01 9.620413e-04 9.592823e-04 1.009198e-03 9.176436e-04
2.774701e+01 9.657020e-04 9.509961e-04 1.013178e-03 9.329315e-04
2.779901e+01 9.720230e-04 9.413600e-04 1.020834e-03 9.538753e-04
2.785101e+01 9.804724e-04 9.310283e-04 1.030659e-03 9.797297e-04
2.790301e+01 9.902307e-04 9.208464e-04 1.041050e-03 1.008796e-03
2.795501e+01 1.000185e-03 9.114856e-04 1.050445e-03 1.038623e-03
2.800701e+01 1.008991e-03 9.031559e-04 1.057402e-03 1.066416e-03
2.805901e+01 1.015245e-03 8.955060e-04 1.060651e-03 1.089579e-03
2.811101e+01 1.017733e-03 8.877504e-04 1.059202e-03 1.106247e-03
2.816301e+01 1.015713e-03 8.789742e-04 1.052484e-03 1.115681e-03
2.821501e+01 1.009118e-03 8.685108e-04 1.040478e-03 1.118364e-03
2.826701e+01 9.985971e-04 8.562656e-04 1.023765e-03 1.115761e-03
2.831901e+01 9.853751e-04 8.428807e-04 1.003469e-03 1.109776e-03
2.837101e+01 9.709655e-04 8.296916e-04 9.811004e-04 1.102105e-03
2.842301e+01 9.568509e-04 8.184869e-04 9.583570e-04 1.093709e-03
2.847501e+01 9.442273e-04 8.111415e-04 9.369217e-04 1.084619e-03
2.852701e+01 9.338754e-04 8.092233e-04 9.182752e-04 1.074128e-03
2.857901e+01 9.261530e-04 8.136772e-04 9.035127e-04 1.061269e-03
2.863101e+01 9.210556e-04 8.246542e-04 8.931698e-04 1.045343e-03
2.868301e+01 9.182787e-04 8.415051e-04 8.870911e-04 1.026240e-03
2.873501e+01 9.172422e-04 8.629007e-04 8.844002e-04 1.004426e-03
2.878701e+01 9.170837e-04 8.870073e-04 8.836247e-04 9.806192e-04
2.883901e+01 9.166594e-04 9.116487e-04 8.829743e-04 9.553553e-04
2.889101e+01 9.146010e-04 9.344326e-04 8.807061e-04 9.286643e-04
2.894301e+01 9.094591e-04 9.528787e-04 8.754613e-04 9.000374e-04
2.899501e+01 8.999254e-04 9.646221e-04 8.664640e-04 8.686900e-04
2.904701e+01 8.850888e-04 9.677395e-04 8.535355e-04 8.339914e-04
2.909901e+01 8.646578e-04 9.611588e-04 8.369570e-04 7.958577e-04
2.915101e+01 8.390749e-04 9.450123e-04 8.172758e-04 7.549365e-04
2.920301e+01 8.094774e-04 9.207522e-04 7.951587e-04 7.125212e-04
2.925501e+01 7.775021e-04 8.909086e-04 7.713423e-04 6.702555e-04
2.930701e+01 7.449863e-04 8.585226e-04 7.466656e-04 6.297706e-04
2.935901e+01 7.136498e-04 8.264385e-04 7.221140e-04 5.923970e-04
2.941101e+01 6.848499e-04 7.967153e-04 6.987989e-04 5.590354e-04
2.946301e+01 6.594596e-04 7.703508e-04 6.778424e-04 5.301856e-04
2.951501e+01 6.378726e-04 7.473645e-04 6.601895e-04 5.060639e-04
2.956701e+01 6.200849e-04 7.271221e-04 6.464111e-04 4.867215e-04
2.961901e+01 6.057929e-04 7.087156e-04 6.365642e-04 4.720989e-04
2.967101e+01 5.944678e-04 6.912457e-04 6.301533e-04 4.620045e-04
2.972301e+01 5.854052e-04 6.739630e-04 6.262027e-04 4.560498e-04
2.977501e+01 5.777809e-04 6.563145e-04 6.234270e-04 4.536012e-04
2.982701e+01 5.707452e-04 6.379714e-04 6.204689e-04 4.537952e-04
2.987901e+01 5.635568e-04 6.188735e-04 6.161641e-04 4.556329e-04
2.993101e+01 5.557241e-04 5.992626e-04 6.097783e-04 4.581315e-04
2.998301e+01 5.470987e-04 5.796528e-04 6.011594e-04 4.604839e-04
3.003501e+01 5.378819e-04 5.607097e-04 5.907608e-04 4.621754e-04
3.008701e+01 5.285399e-04 5.430721e-04 5.795205e-04 4.630270e-04
3.013901e+01 5.196620e-04 5.271924e-04 5.686294e-04 4.631643e-04
3.019101e+01 5.118176e-04 5.132634e-04 5.592535e-04 4.629359e-04
3.024301e+01 5.054530e-04 5.012561e-04 5.522921e-04 4.628108e-04
3.029501e+01 5.008469e-04 4.910271e-04 5.482347e-04 4.632788e-04
3.034701e+01 4.981113e-04 4.824277e-04 5.471436e-04 4.647626e-04
3.039901e+01 4.972184e-04 4.753599e-04 5.487474e-04 4.675479e-04
3.045101e+01 4.980365e-04 4.697674e-04 5.525997e-04 4.717424e-04
3.050301e+01 5.003721e-04 4.655919e-04 5.582435e-04 4.772810e-04
3.055501e+01 5.040142e-04 4.627346e-04 5.653264e-04 4.839815e-04
3.060701e+01 5.087721e-04 4.610474e-04 5.736312e-04 4.916378e-04
3.065901e+01 5.144887e-04 4.603420e-04 5.830193e-04 5.001046e-04
3.071101e+01 5.210138e-04 4.603973e-04 5.933183e-04 5.093259e-04
3.076301e+01 5.281467e-04 4.609524e-04 6.042103e-04 5.192773e-04
3.081501e+01 5.355729e-04 4.617043e-04 6.151750e-04 5.298395e-04
3.086701e+01 5.428371e-04 4.623394e-04 6.255138e-04 5.406580e-04
3.091901e+01 5.493708e-04 4.626168e-04 6.344402e-04 5.510555e-04
3.097101e+01 5.545704e-04 4.624785e-04 6.411890e-04 5.600437e-04
3.102301e+01 5.578879e-04 4.621268e-04 6.450987e-04 5.664382e-04
3.107501e+01 5.588990e-04 4.620066e-04 6.456448e-04 5.690457e-04
3.112701e+01 5.573276e-04 4.626645e-04 6.424432e-04 5.668751e-04
3.117901e+01 5.530349e-04 4.645212e-04 6.352585e-04 5.593248e-04
3.123101e+01 5.459973e-04 4.676360e-04 6.240473e-04 5.463088e-04
3.128301e+01 5.362956e-04 4.715595e-04 6.090301e-04 5.282971e-04
3.133501e+01 5.241179e-04 4.753390e-04 5.907540e-04 5.062606e-04
3.138701e+01 5.097671e-04 4.776823e-04 5.700906e-04 4.815284e-04
3.143901e+01 4.936513e-04 4.772341e-04 5.481316e-04 4.555882e-04
3.149101e+01 4.762444e-04 4.728748e-04 5.259879e-04 4.298706e-04
3.154301e+01 4.580224e-04 4.639578e-04 5.045491e-04 4.055603e-04
3.159501e+01 4.393941e-04 4.504245e-04 4.842919e-04 3.834658e-04
3.164701e+01 4.206561e-04 4.327829e-04 4.652179e-04 3.639676e-04
3.169901e+01 4.019945e-04 4.119789e-04 4.469558e-04 3.470487e-04
3.175101e+01 3.835333e-04 3.892095e-04 4.289922e-04 3.323983e-04
3.180301e+01 3.654121e-04 3.657342e-04 4.109377e-04 3.195644e-04
3.185501e+01 3.478538e-04 3.427235e-04 3.927243e-04 3.081134e-04
3.190701e+01 3.311907e-04 3.211618e-04 3.746588e-04 2.977515e-04
3.195901e+01 3.158342e-04 3.018041e-04 3.573251e-04 2.883733e-04
3.201101e+01 3.021978e-04 2.851711e-04 3.413886e-04 2.800336e-04
3.206301e+01 2.906066e-04 2.715636e-04 3.273911e-04 2.728650e-04
3.211501e+01 2.812267e-04 2.610814e-04 3.156130e-04 2.669857e-04
3.216701e+01 2.740401e-04 2.536401e-04 3.060458e-04 2.624346e-04
3.221901e+01 2.688687e-04 2.489877e-04 2.984628e-04 2.591558e-04
3.227101e+01 2.654331e-04 2.467271e-04 2.925448e-04 2.570275e-04
3.232301e+01 2.634236e-04 2.463527e-04 2.880035e-04 2.559147e-04
3.237501e+01 2.625609e-04 2.473061e-04 2.846577e-04 2.557188e-04
3.242701e+01 2.626331e-04 2.490511e-04 2.824463e-04 2.564018e-04
3.247901e+01 2.635049e-04 2.511570e-04 2.813852e-04 2.579724e-04
3.253101e+01 2.651037e-04 2.533763e-04 2.814961e-04 2.604386e-04
3.258301e+01 2.673907e-04 2.556922e-04 2.827346e-04 2.637454e-04
3.263501e+01 2.703297e-04 2.583172e-04 2.849452e-04 2.677266e-04
3.268701e+01 2.738616e-04 2.616312e-04 2.878555e-04 2.720980e-04
3.273901e+01 2.778918e-04 2.660618e-04 2.911117e-04 2.765017e-04
3.279101e+01 2.822873e-04 2.719296e-04 2.943425e-04 2.805898e-04
3.284301e+01 2.868799e-04 2.792962e-04 2.972282e-04 2.841153e-04
3.289501e+01 2.914687e-04 2.878646e-04 2.995509e-04 2.869907e-04
3.294701e+01 2.958234e-04 2.969726e-04 3.012080e-04 2.892896e-04
3.299901e+01 2.996920e-04 3.056987e-04 3.021888e-04 2.911885e-04
3.305101e+01 3.028227e-04 3.130615e-04 3.025293e-04 2.928771e-04
3.310301e+01 3.050013e-04 3.182586e-04 3.022700e-04 2.944752e-04
3.315501e+01 3.061013e-04 3.208744e-04 3.014357e-04 2.959938e-04
3.320701e+01 3.061303e-04 3.209940e-04 3.000443e-04 2.973526e-04
3.325901e+01 3.052571e-04 3.191951e-04 2.981382e-04 2.984379e-04
3.331101e+01 3.038055e-04 3.164279e-04 2.958243e-04 2.991642e-04
3.336301e+01 3.022131e-04 3.138240e-04 2.933077e-04 2.995076e-04
3.341501e+01 3.009628e-04 3.124841e-04 2.909070e-04 2.994972e-04
3.346701e+01 3.005049e-04 3.132935e-04 2.890400e-04 2.991812e-04
3.351901e+01 3.011926e-04 3.168006e-04 2.881736e-04 2.986035e-04
3.357101e+01 3.032484e-04 3.231846e-04 2.887407e-04 2.978200e-04
3.362301e+01 3.067716e-04 3.323115e-04 2.910429e-04 2.969604e-04
3.367501e+01 3.117772e-04 3.438563e-04 2.951712e-04 2.963039e-04
3.372701e+01 3.182447e-04 3.574360e-04 3.009764e-04 2.963216e-04
3.377901e+01 3.261438e-04 3.726934e-04 3.081009e-04 2.976372e-04
3.383101e+01 3.354168e-04 3.892937e-04 3.160578e-04 3.008988e-04
3.388301e+01 3.459176e-04 4.068435e-04 3.243176e-04 3.065916e-04
3.393501e+01 3.573400e-04 4.247882e-04 3.323703e-04 3.148614e-04
3.398701e+01 3.691797e-04 4.423637e-04 3.397513e-04 3.254239e-04
3.403901e+01 3.807711e-04 4.586509e-04 3.460515e-04 3.376108e-04
3.409101e+01 3.914079e-04 4.727314e-04 3.509401e-04 3.505520e-04
3.414301e+01 4.005143e-04 4.838888e-04 3.542182e-04 3.634360e-04
3.419501e+01 4.078049e-04 4.917762e-04 3.558885e-04 3.757500e-04
3.424701e+01 4.133645e-04 4.964881e-04 3.562073e-04 3.873982e-04
3.429901e+01 4.176148e-04 4.985204e-04 3.556826e-04 3.986413e-04
3.435101e+01 4.211792e-04 4.986497e-04 3.550081e-04 4.098799e-04
3.440301e+01 4.247046e-04 4.977866e-04 3.549510e-04 4.213762e-04
3.445501e+01 4.287083e-04 4.968490e-04 3.562286e-04 4.330471e-04
3.450701e+01 4.334993e-04 4.966667e-04 3.594046e-04 4.444265e-04
3.455901e+01 4.391778e-04 4.979039e-04 3.648169e-04 4.548125e-04
3.461101e+01 4.456782e-04 5.009795e-04 3.725315e-04 4.635235e-04
3.466301e+01 4.528145e-04 5.059907e-04 3.823138e-04 4.701390e-04
3.471501e+01 4.603066e-04 5.126771e-04 3.936232e-04 4.746196e-04
3.476701e+01 4.678000e-04 5.204724e-04 4.056542e-04 4.772734e-04
3.481901e+01 4.749091e-04 5.286666e-04 4.174488e-04 4.786118e-04
3.487101e+01 4.813047e-04 5.366491e-04 4.280832e-04 4.791818e-04
3.492301e+01 4.868300e-04 5.441468e-04 4.368929e-04 4.794503e-04
3.497501e+01 4.915972e-04 5.513559e-04 4.436638e-04 4.797721e-04
3.502701e+01 4.960121e-04 5.589033e-04 4.487105e-04 4.804224e-04
3.507901e+01 5.007001e-04 5.676473e-04 4.527956e-04 4.816575e-04
3.513101e+01 5.063560e-04 5.784010e-04 4.569012e-04 4.837659e-04
3.518301e+01 5.135744e-04 5.917007e-04 4.619295e-04 4.870930e-04
3.523501e+01 5.227295e-04 6.077092e-04 4.684399e-04 4.920396e-04
3.528701e+01 5.339452e-04 6.262802e-04 4.765192e-04 4.990362e-04
3.533901e+01 5.471561e-04 6.471279e-04 4.858312e-04 5.085091e-04
3.539101e+01 5.622241e-04 6.700020e-04 4.958201e-04 5.208501e-04
3.544301e+01 5.790549e-04 6.947692e-04 5.059875e-04 5.364079e-04
3.549501e+01 5.976638e-04 7.213513e-04 5.161391e-04 5.555011e-04
3.554701e+01 6.181645e-04 7.495435e-04 5.265206e-04 5.784294e-04
3.559901e+01 6.406837e-04 7.788034e-04 5.378033e-04 6.054444e-04
3.565101e+01 6.652388e-04 8.081296e-04 5.509351e-04 6.366519e-04
3.570301e+01 6.916275e-04 8.361235e-04 5.669012e-04 6.718577e-04
3.575501e+01 7.193732e-04 8.612486e-04 5.864522e-04 7.104187e-04
3.580701e+01 7.477436e-04 8.822003e-04 6.098511e-04 7.511793e-04
3.585901e+01 7.758266e-04 8.982353e-04 6.366929e-04 7.925517e-04
3.591101e+01 8.026348e-04 9.093159e-04 6.658467e-04 8.327420e-04
3.596301e+01 8.272126e-04 9.160116e-04 6.955660e-04 8.700601e-04
3.601501e+01 8.487405e-04 9.192194e-04 7.237807e-04 9.032213e-04
3.606701e+01 8.666408e-04 9.198466e-04 7.485286e-04 9.315472e-04
3.611901e+01 8.806807e-04 9.186058e-04 7.684213e-04 9.550149e-04
3.617101e+01 8.910475e-04 9.159879e-04 7.830009e-04 9.741537e-04
3.622301e+01 8.983571e-04 9.123758e-04 7.928647e-04 9.898308e-04
3.627501e+01 9.035609e-04 9.081822e-04 7.995082e-04 1.002992e-03
3.632701e+01 9.077531e-04 9.039003e-04 8.049363e-04 1.014423e-03
3.637901e+01 9.119221e-04 9.000205e-04 8.111746e-04 1.024571e-03
3.643101e+01 9.167211e-04 8.968555e-04 8.198377e-04 1.033470e-03
3.648301e+01 9.223311e-04 8.943713e-04 8.318759e-04 1.040746e-03
3.653501e+01 9.284635e-04 8.921201e-04 8.475445e-04 1.045726e-03
3.658701e+01 9.344920e-04 8.893164e-04 8.665570e-04 1.047603e-03
3.663901e+01 9.396629e-04 8.850341e-04 8.883267e-04 1.045628e-03
3.669101e+01 9.433053e-04 8.784556e-04 9.121809e-04 1.039279e-03
3.674301e+01 9.449738e-04 8.690979e-04 9.374609e-04 1.028363e-03
3.679501e+01 9.444894e-04 8.569570e-04 9.634742e-04 1.013037e-03
3.684701e+01 9.418888e-04 8.425389e-04 9.893411e-04 9.937864e-04
3.689901e+01 9.373205e-04 8.267647e-04 1.013834e-03 9.713626e-04
3.695101e+01 9.309355e-04 8.107622e-04 1.035323e-03 9.467210e-04
3.700301e+01 9.228060e-04 7.955876e-04 1.051898e-03 9.209329e-04
3.705501e+01 9.128903e-04 7.819578e-04 1.061659e-03 8.950542e-04
3.710701e+01 9.010432e-04 7.700828e-04 1.063094e-03 8.699532e-04
3.715901e+01 8.870695e-04 7.596659e-04 1.055399e-03 8.461432e-04
3.721101e+01 8.708157e-04 7.500762e-04 1.038674e-03 8.236965e-04
3.726301e+01 8.522908e-04 7.406336e-04 1.013938e-03 8.023011e-04
3.731501e+01 8.318001e-04 7.309100e-04 9.830222e-04 7.814681e-04
3.736701e+01 8.100606e-04 7.209586e-04 9.483930e-04 7.608301e-04
3.741901e+01 7.882578e-04 7.114197e-04 9.129280e-04 7.404256e-04
3.747101e+01 7.680056e-04 7.034943e-04 8.796527e-04 7.208699e-04
3.752301e+01 7.511877e-04 6.988015e-04 8.514107e-04 7.033510e-04
3.757501e+01 7.396911e-04 6.991458e-04 8.304781e-04 6.894495e-04
3.762701e+01 7.350802e-04 7.062212e-04 8.181852e-04 6.808342e-04
3.767901e+01 7.382845e-04 7.212909e-04 8.146531e-04 6.789096e-04
3.773101e+01 7.493790e-04 7.448896e-04 8.187524e-04 6.844949e-04
3.778301e+01 7.675143e-04 7.766098e-04 8.283359e-04 6.975974e-04
3.783501e+01 7.910175e-04 8.150256e-04 8.407086e-04 7.173182e-04
3.788701e+01 8.176358e-04 8.577928e-04 8.532047e-04 7.419100e-04
3.793901e+01 8.448720e-04 9.019289e-04 8.637037e-04 7.689832e-04
3.799101e+01 8.703408e-04 9.442390e-04 8.709375e-04 7.958460e-04
3.804301e+01 8.920903e-04 9.818114e-04 8.745283e-04 8.199312e-04
3.809501e+01 9.088388e-04 1.012477e-03 8.747989e-04 8.392405e-04
3.814701e+01 9.200991e-04 1.035121e-03 8.724723e-04 8.527036e-04
3.819901e+01 9.261653e-04 1.049764e-03 8.683838e-04 8.603483e-04
3.825101e+01 9.279593e-04 1.057380e-03 8.632856e-04 8.632121e-04
3.830301e+01 9.267561e-04 1.059515e-03 8.577520e-04 8.630014e-04
3.835501e+01 9.238444e-04 1.057793e-03 8.521467e-04 8.615935e-04
3.840701e+01 9.202074e-04 1.053463e-03 8.466154e-04 8.605434e-04
3.845901e+01 9.163148e-04 1.047095e-03 8.410904e-04 8.607588e-04
3.851101e+01 9.120892e-04 1.038497e-03 8.353283e-04 8.624427e-04
3.856301e+01 9.070559e-04 1.026872e-03 8.290014e-04 8.652948e-04
3.861501e+01 9.006205e-04 1.011165e-03 8.218388e-04 8.688574e-04
3.866701e+01 8.923753e-04 9.905078e-04 8.137792e-04 8.728388e-04
3.871901e+01 8.823287e-04 9.646399e-04 8.050707e-04 8.772756e-04
3.877101e+01 8.709772e-04 9.341927e-04 7.962655e-04 8.824734e-04
3.882301e+01 8.591974e-04 9.007305e-04 7.880886e-04 8.887729e-04
3.887501e+01 8.479956e-04 8.665168e-04 7.812132e-04 8.962568e-04
3.892701e+01 8.381998e-04 8.340554e-04 7.760161e-04 9.045278e-04
3.897901e+01 8.301980e-04 8.055431e-04 7.724028e-04 9.126482e-04
3.903101e+01 8.238171e-04 7.824161e-04 7.697712e-04 9.192639e-04
3.908301e+01 8.183873e-04 7.651516e-04 7.671381e-04 9.228721e-04
3.913501e+01 8.129772e-04 7.533897e-04 7.633926e-04 9.221492e-04
3.918701e+01 8.067161e-04 7.463073e-04 7.575969e-04 9.162441e-04
3.923901e+01 7.990873e-04 7.430639e-04 7.492384e-04 9.049597e-04
3.929101e+01 7.900831e-04 7.431100e-04 7.383556e-04 8.887838e-04
3.934301e+01 7.801672e-04 7.462156e-04 7.255071e-04 8.687789e-04
3.939501e+01 7.700664e-04 7.522190e-04 7.116044e-04 8.463758e-04
3.944701e+01 7.604808e-04 7.606398e-04 6.976704e-04 8.231322e-04
3.949901e+01 7.518257e-04 7.703728e-04 6.845963e-04 8.005079e-04
3.955101e+01 7.440984e-04 7.796461e-04 6.729571e-04 7.796919e-04
3.960301e+01 7.369073e-04 7.862979e-04 6.629183e-04 7.615058e-04
3.965501e+01 7.296379e-04 7.882777e-04 6.542432e-04 7.463927e-04
3.970701e+01 7.216846e-04 7.841725e-04 6.463913e-04 7.344898e-04
3.975901e+01 7.126675e-04 7.735578e-04 6.386878e-04 7.257569e-04
3.981101e+01 7.025652e-04 7.570526e-04 6.305293e-04 7.201136e-04
3.986301e+01 6.917317e-04 7.360820e-04 6.215782e-04 7.175348e-04
3.991501e+01 6.808058e-04 7.124519e-04 6.118930e-04 7.180725e-04
3.996701e+01 6.705492e-04 6.878927e-04 6.019542e-04 7.218008e-04
4.001901e+01 6.616682e-04 6.637111e-04 5.925808e-04 7.287126e-04
4.007101e+01 6.546729e-04 6.406403e-04 5.847708e-04 7.386074e-04
4.012301e+01 6.498100e-04 6.188995e-04 5.795201e-04 7.510105e-04
4.017501e+01 6.470777e-04 5.984078e-04 5.776710e-04 7.651544e-04
4.022701e+01 6.463012e-04 5.790516e-04 5.798136e-04 7.800386e-04
4.027901e+01 6.472296e-04 5.608966e-04 5.862299e-04 7.945623e-04
4.033101e+01 6.496062e-04 5.442680e-04 5.968523e-04 8.076982e-04
4.038301e+01 6.531834e-04 5.296806e-04 6.112184e-04 8.186512e-04
4.043501e+01 6.576777e-04 5.176560e-04 6.284315e-04 8.269457e-04
4.048701e+01 6.626910e-04 5.085015e-04 6.471647e-04 8.324068e-04
4.053901e+01 6.676449e-04 5.021324e-04 6.657583e-04 8.350440e-04
4.059101e+01 6.717772e-04 4.980006e-04 6.824362e-04 8.348949e-04
4.064301e+01 6.742289e-04 4.951581e-04 6.956196e-04 8.319092e-04
4.069501e+01 6.742172e-04 4.924451e-04 7.042655e-04 8.259411e-04
4.074701e+01 6.712486e-04 4.887551e-04 7.081204e-04 8.168704e-04
4.079901e+01 6.653008e-04 4.833063e-04 7.077900e-04 8.048061e-04
4.085101e+01 6.568973e-04 4.758395e-04 7.045774e-04 7.902749e-04
4.090301e+01 6.470295e-04 4.666858e-04 7.001167e-04 7.742859e-04
4.095501e+01 6.369348e-04 4.566830e-04 6.959089e-04 7.582123e-04
4.100701e+01 6.277933e-04 4.469678e-04 6.929042e-04 7.435080e-04
4.105901e+01 6.204428e-04 4.387040e-04 6.912672e-04 7.313571e-04
4.111101e+01 6.152017e-04 4.328225e-04 6.903977e-04 7.223848e-04
4.116301e+01 6.118502e-04 4.298346e-04 6.891875e-04 7.165285e-04
4.121501e+01 6.097563e-04 4.297558e-04 6.864129e-04 7.131003e-04
4.126701e+01 6.080897e-04 4.321434e-04 6.811252e-04 7.110006e-04
4.131901e+01 6.060491e-04 4.362242e-04 6.729201e-04 7.090028e-04
4.137101e+01 6.030430e-04 4.410755e-04 6.620269e-04 7.060266e-04
4.142301e+01 5.987927e-04 4.458131e-04 6.492251e-04 7.013399e-04
4.147501e+01 5.933498e-04 4.497484e-04 6.356393e-04 6.946617e-04
4.152701e+01 5.870393e-04 4.524812e-04 6.224755e-04 6.861613e-04
4.157901e+01 5.803493e-04 4.539151e-04 6.107607e-04 6.763722e-04
4.163101e+01 5.737939e-04 4.541948e-04 6.011340e-04 6.660530e-04
4.168301e+01 5.677870e-04 4.535904e-04 5.937365e-04 6.560339e-04
4.173501e+01 5.625637e-04 4.523672e-04 5.882333e-04 6.470905e-04
4.178701e+01 5.581770e-04 4.506859e-04 5.839749e-04 6.398704e-04
4.183901e+01 5.545706e-04 4.485699e-04 5.802617e-04 6.348801e-04
4.189101e+01 5.516994e-04 4.459508e-04 5.766329e-04 6.325147e-04
4.194301e+01 5.496467e-04 4.427699e-04 5.730741e-04 6.330961e-04
4.199501e+01 5.486790e-04 4.390885e-04 5.700620e-04 6.368866e-04
4.204701e+01 5.492073e-04 4.351517e-04 5.684136e-04 6.440566e-04
4.209901e+01 5.516579e-04 4.313696e-04 5.689908e-04 6.546132e-04
4.215101e+01 5.562994e-04 4.282169e-04 5.723667e-04 6.683147e-04
4.220301e+01 5.630918e-04 4.260903e-04 5.785790e-04 6.846061e-04
4.225501e+01 5.716159e-04 4.251851e-04 5.870558e-04 7.026069e-04
4.230701e+01 5.811122e-04 4.254447e-04 5.967300e-04 7.211619e-04
4.235901e+01 5.906148e-04 4.266048e-04 6.062848e-04 7.389547e-04
4.241101e+01 5.991383e-04 4.283144e-04 6.144390e-04 7.546614e-04
4.246301e+01 6.058609e-04 4.302826e-04 6.201827e-04 7.671174e-04
4.251501e+01 6.102557e-04 4.323909e-04 6.229122e-04 7.754639e-04
4.256701e+01 6.121435e-04 4.347289e-04 6.224576e-04 7.792439e-04
4.261901e+01 6.116684e-04 4.375415e-04 6.190303e-04 7.784333e-04
4.267101e+01 6.092183e-04 4.411160e-04 6.131313e-04 7.734076e-04
4.272301e+01 6.053250e-04 4.456582e-04 6.054552e-04 7.648617e-04
4.277501e+01 6.005733e-04 4.512096e-04 5.968060e-04 7.537043e-04
4.282701e+01 5.955336e-04 4.576321e-04 5.880246e-04 7.409439e-04
4.287901e+01 5.907179e-04 4.646572e-04 5.799197e-04 7.275767e-04
4.293101e+01 5.865483e-04 4.719696e-04 5.731973e-04 7.144780e-04
4.298301e+01 5.833320e-04 4.792864e-04 5.684009e-04 7.023088e-04
4.303501e+01 5.812447e-04 4.864052e-04 5.658780e-04 6.914507e-04
4.308701e+01 5.803280e-04 4.932109e-04 5.657848e-04 6.819885e-04
4.313901e+01 5.805068e-04 4.996495e-04 5.681243e-04 6.737467e-04
4.319101e+01 5.816180e-04 5.056901e-04 5.727931e-04 6.663710e-04
4.324301e+01 5.834413e-04 5.112906e-04 5.796067e-04 6.594265e-04
4.329501e+01 5.857171e-04 5.163807e-04 5.882852e-04 6.524854e-04
4.334701e+01 5.881513e-04 5.208608e-04 5.984066e-04 6.451865e-04
4.339901e+01 5.904127e-04 5.246096e-04 6.093569e-04 6.372716e-04
4.345101e+01 5.921410e-04 5.274928e-04 6.203186e-04 6.286115e-04
4.350301e+01 5.929782e-04 5.293729e-04 6.303294e-04 6.192323e-04
4.355501e+01 5.926262e-04 5.301280e-04 6.384151e-04 6.093355e-04
4.360701e+01 5.909198e-04 5.296891e-04 6.437742e-04 5.992960e-04
4.365901e+01 5.878909e-04 5.280944e-04 6.459591e-04 5.896192e-04
4.371101e+01 5.838002e-04 5.255439e-04 6.449949e-04 5.808617e-04
4.376301e+01 5.791153e-04 5.224236e-04 6.413871e-04 5.735353e-04
4.381501e+01 5.744373e-04 5.192800e-04 6.360052e-04 5.680267e-04
4.386701e+01 5.703897e-04 5.167362e-04 6.298720e-04 5.645608e-04
4.391901e+01 5.675038e-04 5.153735e-04 6.239257e-04 5.632121e-04
4.397101e+01 5.661291e-04 5.156085e-04 6.188309e-04 5.639480e-04
4.402301e+01 5.663897e-04 5.176021e-04 6.148944e-04 5.666726e-04
4.407501e+01 5.681862e-04 5.212197e-04 6.120973e-04 5.712417e-04
4.412701e+01 5.712292e-04 5.260459e-04 6.102068e-04 5.774349e-04
4.417901e+01 5.750834e-04 5.314453e-04 6.089053e-04 5.848997e-04
4.423101e+01 5.792096e-04 5.366544e-04 6.078783e-04 5.930961e-04
4.428301e+01 5.830015e-04 5.408921e-04 6.068354e-04 6.012769e-04
4.433501e+01 5.858246e-04 5.434751e-04 6.054773e-04 6.085215e-04
4.438701e+01 5.870629e-04 5.439204e-04 6.034485e-04 6.138197e-04
4.443901e+01 5.861706e-04 5.420125e-04 6.003168e-04 6.161825e-04
4.449101e+01 5.827235e-04 5.378146e-04 5.956007e-04 6.147552e-04
4.454301e+01 5.764581e-04 5.316156e-04 5.888380e-04 6.089208e-04
4.459501e+01 5.672966e-04 5.238287e-04 5.796730e-04 5.983879e-04
4.464701e+01 5.553578e-04 5.148784e-04 5.679305e-04 5.832646e-04
4.469901e+01 5.409566e-04 5.051141e-04 5.536557e-04 5.641000e-04
4.475101e+01 5.245854e-04 4.947766e-04 5.371104e-04 5.418693e-04
4.480301e+01 5.068720e-04 4.840128e-04 5.187297e-04 5.178733e-04
4.485501e+01 4.885062e-04 4.729165e-04 4.990542e-04 4.935481e-04
4.490701e+01 4.701446e-04 4.615628e-04 4.786553e-04 4.702159e-04
4.495901e+01 4.523106e-04 4.500228e-04 4.580723e-04 4.488366e-04
4.501101e+01 4.353193e-04 4.383580e-04 4.377683e-04 4.298317e-04
4.506301e+01 4.192497e-04 4.266096e-04 4.181066e-04 4.130329e-04
4.511501e+01 4.039711e-04 4.147988e-04 3.993415e-04 3.977730e-04
4.516701e+01 3.892173e-04 4.029413e-04 3.816202e-04 3.830904e-04
4.521901e+01 3.746856e-04 3.910724e-04 3.649924e-04 3.679920e-04
4.527101e+01 3.601349e-04 3.792692e-04 3.494296e-04 3.517060e-04
4.532301e+01 3.454597e-04 3.676609e-04 3.348526e-04 3.338657e-04
4.537501e+01 3.307226e-04 3.564194e-04 3.211614e-04 3.145871e-04
4.542701e+01 3.161419e-04 3.457354e-04 3.082600e-04 2.944303e-04
4.547901e+01 3.020392e-04 3.357835e-04 2.960709e-04 2.742633e-04
4.553101e+01 2.887661e-04 3.266881e-04 2.845381e-04 2.550720e-04
4.558301e+01 2.766298e-04 3.184945e-04 2.736251e-04 2.377698e-04
4.563501e+01 2.658396e-04 3.111498e-04 2.633147e-04 2.230545e-04
4.568701e+01 2.564836e-04 3.044964e-04 2.536145e-04 2.113399e-04
4.573901e+01 2.485333e-04 2.982796e-04 2.445647e-04 2.027556e-04
4.579101e+01 2.418668e-04 2.921728e-04 2.362373e-04 1.971905e-04
4.584301e+01 2.362969e-04 2.858228e-04 2.287214e-04 1.943466e-04
4.589501e+01 2.315953e-04 2.789091e-04 2.220932e-04 1.937836e-04
4.594701e+01 2.275109e-04 2.712029e-04 2.163793e-04 1.949504e-04
4.599901e+01 2.237831e-04 2.626047e-04 2.115298e-04 1.972149e-04
4.605101e+01 2.201563e-04 2.531471e-04 2.074134e-04 1.999085e-04
4.610301e+01 2.163978e-04 2.429658e-04 2.038398e-04 2.023877e-04
4.615501e+01 2.123234e-04 2.322564e-04 2.006049e-04 2.041089e-04
4.620701e+01 2.078276e-04 2.212433e-04 1.975428e-04 2.046969e-04
4.625901e+01 2.029104e-04 2.101732e-04 1.945686e-04 2.039895e-04
4.631101e+01 1.976913e-04 1.993287e-04 1.916968e-04 2.020484e-04
4.636301e+01 1.924005e-04 1.890409e-04 1.890270e-04 1.991336e-04
4.641501e+01 1.873445e-04 1.796806e-04 1.867014e-04 1.956514e-04
4.646701e+01 1.828533e-04 1.716224e-04 1.848494e-04 1.920880e-04
4.651901e+01 1.792256e-04 1.651948e-04 1.835425e-04 1.889396e-04
4.657101e+01 1.766879e-04 1.606376e-04 1.827780e-04 1.866483e-04
4.662301e+01 1.753782e-04 1.580837e-04 1.824990e-04 1.855520e-04
4.667501e+01 1.753550e-04 1.575700e-04 1.826405e-04 1.858546e-04
4.672701e+01 1.766204e-04 1.590644e-04 1.831772e-04 1.876197e-04
4.677901e+01 1.791433e-04 1.624926e-04 1.841486e-04 1.907885e-04
4.683101e+01 1.828700e-04 1.677495e-04 1.856482e-04 1.952123e-04
4.688301e+01 1.877207e-04 1.746913e-04 1.877819e-04 2.006890e-04
4.693501e+01 1.935740e-04 1.831147e-04 1.906152e-04 2.069921e-04
4.698701e+01 2.002517e-04 1.927343e-04 1.941343e-04 2.138866e-04
4.703901e+01 2.075136e-04 2.031707e-04 1.982350e-04 2.211351e-04
4.709101e+01 2.150677e-04 2.139596e-04 2.027429e-04 2.285005e-04
4.714301e+01 2.225980e-04 2.245866e-04 2.074539e-04 2.357536e-04
4.719501e+01 2.298042e-04 2.345472e-04 2.121787e-04 2.426868e-04
4.724701e+01 2.364429e-04 2.434210e-04 2.167751e-04 2.491328e-04
4.729901e+01 2.423582e-04 2.509386e-04 2.211611e-04 2.549749e-04
4.735101e+01 2.474884e-04 2.570178e-04 2.253073e-04 2.601399e-04
4.740301e+01 2.518440e-04 2.617481e-04 2.292153e-04 2.645687e-04
4.745501e+01 2.554629e-04 2.653230e-04 2.328929e-04 2.681727e-04
4.750701e+01 2.583583e-04 2.679428e-04 2.363336e-04 2.707984e-04
4.755901e+01 2.604830e-04 2.697213e-04 2.395041e-04 2.722234e-04
4.761101e+01 2.617227e-04 2.706344e-04 2.423391e-04 2.721947e-04
4.766301e+01 2.619229e-04 2.705276e-04 2.447410e-04 2.705001e-04
4.771501e+01 2.609351e-04 2.691762e-04 2.465855e-04 2.670437e-04
4.776701e+01 2.586661e-04 2.663722e-04 2.477330e-04 2.618932e-04
4.781901e+01 2.551117e-04 2.620058e-04 2.480497e-04 2.552797e-04
4.787101e+01 2.503670e-04 2.561137e-04 2.474354e-04 2.475519e-04
4.792301e+01 2.446119e-04 2.488859e-04 2.458467e-04 2.391031e-04
4.797501e+01 2.380792e-04 2.406313e-04 2.433064e-04 2.302999e-04
4.802701e+01 2.310120e-04 2.317171e-04 2.398891e-04 2.214296e-04
4.807901e+01 2.236208e-04 2.224987e-04 2.356860e-04 2.126776e-04
4.813101e+01 2.160502e-04 2.132578e-04 2.307618e-04 2.041309e-04
4.818301e+01 2.083619e-04 2.041614e-04 2.251226e-04 1.958017e-04
4.823501e+01 2.005419e-04 1.952513e-04 2.187135e-04 1.876611e-04
4.828701e+01 1.925301e-04 1.864643e-04 2.114499e-04 1.796762e-04
4.833901e+01 1.842644e-04 1.776772e-04 2.032758e-04 1.718401e-04
4.839101e+01 1.757271e-04 1.687651e-04 1.942281e-04 1.641880e-04
4.844301e+01 1.669803e-04 1.596640e-04 1.844807e-04 1.567961e-04
4.849501e+01 1.581826e-04 1.504256e-04 1.743549e-04 1.497672e-04
4.854701e+01 1.495912e-04 1.412601e-04 1.642947e-04 1.432187e-04
4.859901e+01 1.415570e-04 1.325598e-04 1.548243e-04 1.372869e-04
4.865101e+01 1.345230e-04 1.248999e-04 1.465105e-04 1.321585e-04
4.870301e+01 1.290253e-04 1.190098e-04 1.399461e-04 1.281200e-04
4.875501e+01 1.256862e-04 1.157114e-04 1.357468e-04 1.256003e-04
4.880701e+01 1.251780e-04 1.158238e-04 1.345397e-04 1.251706e-04
4.885901e+01 1.281401e-04 1.200370e-04 1.369093e-04 1.274739e-04
4.891101e+01 1.350442e-04 1.287692e-04 1.432869e-04 1.330765e-04
4.896301e+01 1.460294e-04 1.420271e-04 1.537934e-04 1.422678e-04
4.901501e+01 1.607505e-04 1.593011e-04 1.680839e-04 1.548665e-04
4.906701e+01 1.782963e-04 1.795254e-04 1.852588e-04 1.701048e-04
4.911901e+01 1.972269e-04 2.011332e-04 2.038996e-04 1.866479e-04
4.917101e+01 2.157460e-04 2.222157e-04 2.222501e-04 2.027722e-04
4.922301e+01 2.319847e-04 2.407761e-04 2.385110e-04 2.166670e-04
4.927501e+01 2.443290e-04 2.550368e-04 2.511675e-04 2.267828e-04
4.932701e+01 2.517041e-04 2.637354e-04 2.592514e-04 2.321256e-04
4.937901e+01 2.537354e-04 2.663352e-04 2.624580e-04 2.324131e-04
4.943101e+01 2.507463e-04 2.630882e-04 2.610939e-04 2.280567e-04
4.948301e+01 2.436050e-04 2.549304e-04 2.558926e-04 2.199921e-04
4.953501e+01 2.334810e-04 2.432376e-04 2.477785e-04 2.094268e-04
4.958701e+01 2.215908e-04 2.295199e-04 2.376637e-04 1.975889e-04
4.963901e+01 2.090045e-04 2.151426e-04 2.263305e-04 1.855404e-04
4.969101e+01 1.965442e-04 2.011451e-04 2.144058e-04 1.740818e-04
4.974301e+01 1.847715e-04 1.881848e-04 2.023941e-04 1.637355e-04
4.979501e+01 1.740279e-04 1.765821e-04 1.907246e-04 1.547770e-04
4.984701e+01 1.644940e-04 1.664208e-04 1.797767e-04 1.472844e-04
4.989901e+01 1.562374e-04 1.576502e-04 1.698720e-04 1.411900e-04
4.995101e+01 1.492432e-04 1.501577e-04 1.612417e-04 1.363302e-04
5.000301e+01 1.434283e-04 1.438032e-04 1.539888e-04 1.324930e-04
5.005501e+01 1.386500e-04 1.384259e-04 1.480641e-04 1.294601e-04
5.010701e+01 1.347162e-04 1.338422e-04 1.432692e-04 1.270374e-04
5.015901e+01 1.314012e-04 1.298464e-04 1.392912e-04 1.250658e-04
5.021101e+01 1.284662e-04 1.262232e-04 1.357624e-04 1.234129e-04
5.026301e+01 1.256835e-04 1.227663e-04 1.323314e-04 1.219528e-04
5.031501e+01 1.228579e-04 1.193003e-04 1.287279e-04 1.205455e-04
5.036701e+01 1.198431e-04 1.156983e-04 1.248022e-04 1.190286e-04
5.041901e+01 1.165491e-04 1.118913e-04 1.205310e-04 1.172250e-04
5.047101e+01 1.129430e-04 1.078703e-04 1.159911e-04 1.149675e-04
5.052301e+01 1.090431e-04 1.036819e-04 1.113147e-04 1.121326e-04
5.057501e+01 1.049121e-04 9.941865e-05 1.066438e-04 1.086737e-04
5.062701e+01 1.006485e-04 9.520490e-05 1.020975e-04 1.046430e-04
5.067901e+01 9.637752e-05 9.117792e-05 9.775952e-05 1.001951e-04
5.073101e+01 9.223913e-05 8.746559e-05 9.368346e-05 9.556835e-05
5.078301e+01 8.837285e-05 8.416457e-05 8.990700e-05 9.104697e-05
5.083501e+01 8.490042e-05 8.132413e-05 8.646522e-05 8.691192e-05
5.088701e+01 8.190912e-05 7.894060e-05 8.339519e-05 8.339158e-05
5.093901e+01 7.943920e-05 7.696435e-05 8.072923e-05 8.062402e-05
5.099101e+01 7.747881e-05 7.531693e-05 7.848006e-05 7.863943e-05
5.104301e+01 7.596805e-05 7.391248e-05 7.662510e-05 7.736656e-05
5.109501e+01 7.481203e-05 7.267661e-05 7.509878e-05 7.666070e-05
5.114701e+01 7.390045e-05 7.155765e-05 7.379874e-05 7.634495e-05
5.119901e+01 7.312945e-05 7.052914e-05 7.260613e-05 7.625308e-05
5.125101e+01 7.242068e-05 6.958587e-05 7.141447e-05 7.626169e-05
5.130301e+01 7.173256e-05 6.873739e-05 7.015689e-05 7.630339e-05
5.135501e+01 7.106084e-05 6.800192e-05 6.882190e-05 7.635871e-05
5.140701e+01 7.042811e-05 6.740123e-05 6.745141e-05 7.643169e-05
5.145901e+01 6.986565e-05 6.695558e-05 6.612172e-05 7.651966e-05
5.151101e+01 6.939408e-05 6.667782e-05 6.491454e-05 7.658989e-05
5.156301e+01 6.901023e-05 6.656784e-05 6.388927e-05 7.657357e-05
5.161501e+01 6.868559e-05 6.660930e-05 6.306680e-05 7.638067e-05
5.166701e+01 6.837676e-05 6.677061e-05 6.242970e-05 7.592998e-05
5.171901e+01 6.804213e-05 6.700940e-05 6.193628e-05 7.518071e-05
5.177101e+01 6.765614e-05 6.727802e-05 6.154000e-05 7.415040e-05
5.182301e+01 6.721348e-05 6.752665e-05 6.120437e-05 7.290943e-05
5.187501e+01 6.672150e-05 6.770340e-05 6.090720e-05 7.155391e-05
5.192701e+01 6.618567e-05 6.775350e-05 6.063418e-05 7.016935e-05
5.197901e+01 6.559709e-05 6.762187e-05 6.036747e-05 6.880193e-05
5.203101e+01 6.492972e-05 6.726208e-05 6.007711e-05 6.744998e-05
5.208301e+01 6.414977e-05 6.665072e-05 5.972102e-05 6.607758e-05
5.213501e+01 6.323297e-05 6.580191e-05 5.925506e-05 6.464194e-05
5.218701e+01 6.218152e-05 6.477462e-05 5.864926e-05 6.312068e-05
5.223901e+01 6.103267e-05 6.366740e-05 5.790319e-05 6.152743e-05
5.229101e+01 5.985478e-05 6.260001e-05 5.705300e-05 5.991132e-05
5.234301e+01 5.873227e-05 6.168706e-05 5.616599e-05 5.834376e-05
5.239501e+01 5.774515e-05 6.101217e-05 5.532332e-05 5.689994e-05
5.244701e+01 5.694994e-05 6.061045e-05 5.459711e-05 5.564226e-05
5.249901e+01 5.636785e-05 6.046380e-05 5.403005e-05 5.460970e-05
5.255101e+01 5.598259e-05 6.050856e-05 5.362522e-05 5.381398e-05
5.260301e+01 5.574723e-05 6.065103e-05 5.334932e-05 5.324134e-05
5.265501e+01 5.559702e-05 6.078571e-05 5.314688e-05 5.285847e-05
5.270701e+01 5.546408e-05 6.081170e-05 5.295936e-05 5.262116e-05
5.275901e+01 5.529016e-05 6.064538e-05 5.274162e-05 5.248349e-05
5.281101e+01 5.503492e-05 6.022900e-05 5.247048e-05 5.240527e-05
5.286301e+01 5.467870e-05 5.953599e-05 5.214401e-05 5.235610e-05
5.291501e+01 5.422077e-05 5.857272e-05 5.177385e-05 5.231572e-05
5.296701e+01 5.367467e-05 5.737642e-05 5.137522e-05 5.227237e-05
5.301901e+01 5.306270e-05 5.600831e-05 5.095877e-05 5.222101e-05
5.307101e+01 5.241059e-05 5.454243e-05 5.052698e-05 5.216238e-05
5.312301e+01 5.174291e-05 5.305172e-05 5.007509e-05 5.210192e-05
5.317501e+01 5.107912e-05 5.159512e-05 4.959531e-05 5.204693e-05
5.322701e+01 5.043087e-05 5.020938e-05 4.908192e-05 5.200130e-05
5.327901e+01 4.980116e-05 4.890852e-05 4.853550e-05 5.195945e-05
5.333101e+01 4.918601e-05 4.769060e-05 4.796457e-05 5.190285e-05
5.338301e+01 4.857810e-05 4.654888e-05 4.738380e-05 5.180162e-05
5.343501e+01 4.797095e-05 4.548206e-05 4.680931e-05 5.162147e-05
5.348701e+01 4.736164e-05 4.449902e-05 4.625265e-05 5.133324e-05
5.353901e+01 4.675117e-05 4.361629e-05 4.571637e-05 5.092086e-05
5.359101e+01 4.614283e-05 4.285006e-05 4.519349e-05 5.038492e-05
5.364301e+01 4.554009e-05 4.220729e-05 4.467180e-05 4.974119e-05
5.369501e+01 4.494579e-05 4.168039e-05 4.414099e-05 4.901598e-05
5.374701e+01 4.436270e-05 4.124803e-05 4.359954e-05 4.824053e-05
5.379901e+01 4.379500e-05 4.088090e-05 4.305791e-05 4.744618e-05
5.385101e+01 4.324887e-05 4.054944e-05 4.253667e-05 4.666050e-05
5.390301e+01 4.273159e-05 4.022991e-05 4.206058e-05 4.590428e-05
5.395501e+01 4.224912e-05 3.990667e-05 4.165151e-05 4.518918e-05
5.400701e+01 4.180345e-05 3.957074e-05 4.132321e-05 4.451638e-05
5.405901e+01 4.139089e-05 3.921634e-05 4.107952e-05 4.387680e-05
5.411101e+01 4.100210e-05 3.883750e-05 4.091576e-05 4.325304e-05
5.416301e+01 4.062371e-05 3.842633e-05 4.082161e-05 4.262320e-05
5.421501e+01 4.024105e-05 3.797359e-05 4.078345e-05 4.196610e-05
5.426701e+01 3.984135e-05 3.747116e-05 4.078545e-05 4.126745e-05
5.431901e+01 3.941682e-05 3.691531e-05 4.080941e-05 4.052573e-05
5.437101e+01 3.896674e-05 3.630974e-05 4.083443e-05 3.975603e-05
5.442301e+01 3.849790e-05 3.566684e-05 4.083704e-05 3.898982e-05
5.447501e+01 3.802261e-05 3.500630e-05 4.079199e-05 3.826955e-05
5.452701e+01 3.755456e-05 3.435085e-05 4.067396e-05 3.763885e-05
5.457901e+01 3.710385e-05 3.372008e-05 4.046033e-05 3.713113e-05
5.463101e+01 3.667349e-05 3.312451e-05 4.013537e-05 3.676060e-05
5.468301e+01 3.625889e-05 3.256233e-05 3.969523e-05 3.651912e-05
5.473501e+01 3.585075e-05 3.202037e-05 3.915197e-05 3.637991e-05
5.478701e+01 3.543977e-05 3.147909e-05 3.853388e-05 3.630634e-05
5.483901e+01 3.502076e-05 3.091979e-05 3.788035e-05 3.626213e-05
5.489101e+01 3.459409e-05 3.033139e-05 3.723208e-05 3.621881e-05
5.494301e+01 3.416437e-05 2.971446e-05 3.662032e-05 3.615835e-05
5.499501e+01 3.373754e-05 2.908167e-05 3.605987e-05 3.607108e-05
5.504701e+01 3.331844e-05 2.845501e-05 3.554898e-05 3.595132e-05
5.509901e+01 3.291003e-05 2.786098e-05 3.507549e-05 3.579363e-05
5.515101e+01 3.251407e-05 2.732550e-05 3.462509e-05 3.559162e-05
5.520301e+01 3.213199e-05 2.686966e-05 3.418682e-05 3.533949e-05
5.525501e+01 3.176495e-05 2.650682e-05 3.375333e-05 3.503470e-05
5.530701e+01 3.141279e-05 2.624124e-05 3.331718e-05 3.467996e-05
5.535901e+01 3.107276e-05 2.606809e-05 3.286740e-05 3.428281e-05
5.541101e+01 3.073927e-05 2.597463e-05 3.239008e-05 3.385311e-05
5.546301e+01 3.040514e-05 2.594225e-05 3.187376e-05 3.339941e-05
5.551501e+01 3.006393e-05 2.594912e-05 3.131662e-05 3.292606e-05
5.556701e+01 2.971220e-05 2.597299e-05 3.073103e-05 3.243257e-05
5.561901e+01 2.935049e-05 2.599372e-05 3.014220e-05 3.191557e-05
5.567101e+01 2.898289e-05 2.599493e-05 2.958102e-05 3.137274e-05
5.572301e+01 2.861559e-05 2.596492e-05 2.907480e-05 3.080704e-05
5.577501e+01 2.825545e-05 2.589665e-05 2.864006e-05 3.022966e-05
5.582701e+01 2.790924e-05 2.578710e-05 2.828038e-05 2.966025e-05
5.587901e+01 2.758328e-05 2.563648e-05 2.798915e-05 2.912422e-05
5.593101e+01 2.728323e-05 2.544732e-05 2.775475e-05 2.864761e-05
5.598301e+01 2.701336e-05 2.522392e-05 2.756515e-05 2.825100e-05
5.603501e+01 2.677539e-05 2.497209e-05 2.740984e-05 2.794425e-05
5.608701e+01 2.656745e-05 2.469939e-05 2.727928e-05 2.772368e-05
5.613901e+01 2.638370e-05 2.441535e-05 2.716326e-05 2.757250e-05
5.619101e+01 2.621537e-05 2.413134e-05 2.705033e-05 2.746445e-05
5.624301e+01 2.605274e-05 2.385942e-05 2.692921e-05 2.736959e-05
5.629501e+01 2.588778e-05 2.361039e-05 2.679212e-05 2.726082e-05
5.634701e+01 2.571650e-05 2.339152e-05 2.663852e-05 2.711946e-05
5.639901e+01 2.554030e-05 2.320506e-05 2.647729e-05 2.693856e-05
5.645101e+01 2.536582e-05 2.304836e-05 2.632578e-05 2.672332e-05
5.650301e+01 2.520319e-05 2.291560e-05 2.620532e-05 2.648863e-05
5.655501e+01 2.506302e-05 2.280005e-05 2.613454e-05 2.625447e-05
5.660701e+01 2.495289e-05 2.269582e-05 2.612265e-05 2.604019e-05
5.665901e+01 2.487425e-05 2.259824e-05 2.616516e-05 2.585936e-05
5.671101e+01 2.482084e-05 2.250295e-05 2.624334e-05 2.571623e-05
5.676301e+01 2.477900e-05 2.240460e-05 2.632750e-05 2.560489e-05
5.681501e+01 2.472996e-05 2.229619e-05 2.638259e-05 2.551112e-05
5.686701e+01 2.465343e-05 2.216946e-05 2.637466e-05 2.541617e-05
5.691901e+01 2.453150e-05 2.201650e-05 2.627670e-05 2.530129e-05
5.697101e+01 2.435222e-05 2.183183e-05 2.607328e-05 2.515156e-05
5.702301e+01 2.411215e-05 2.161440e-05 2.576367e-05 2.495840e-05
5.707501e+01 2.381743e-05 2.136875e-05 2.536292e-05 2.472062e-05
5.712701e+01 2.348317e-05 2.110509e-05 2.490025e-05 2.444416e-05
5.717901e+01 2.313085e-05 2.083808e-05 2.441397e-05 2.414051e-05
5.723101e+01 2.278392e-05 2.058448e-05 2.394336e-05 2.382392e-05
5.728301e+01 2.246224e-05 2.035989e-05 2.351928e-05 2.350756e-05
5.733501e+01 2.217713e-05 2.017527e-05 2.315648e-05 2.319963e-05
5.738701e+01 2.192826e-05 2.003367e-05 2.285030e-05 2.290080e-05
5.743901e+01 2.170390e-05 1.992846e-05 2.257904e-05 2.260421e-05
5.749101e+01 2.148409e-05 1.984325e-05 2.231117e-05 2.229785e-05
5.754301e+01 2.124549e-05 1.975412e-05 2.201431e-05 2.196804e-05
5.759501e+01 2.096595e-05 1.963311e-05 2.166290e-05 2.160185e-05
5.764701e+01 2.062686e-05 1.945193e-05 2.124169e-05 2.118697e-05
5.769901e+01 2.021275e-05 1.918449e-05 2.074453e-05 2.070923e-05
5.775101e+01 1.970884e-05 1.880756e-05 2.016925e-05 2.014969e-05
5.780301e+01 1.909825e-05 1.829997e-05 1.951121e-05 1.948356e-05
5.785501e+01 1.836073e-05 1.764175e-05 1.875802e-05 1.868242e-05
5.790701e+01 1.747410e-05 1.681466e-05 1.788806e-05 1.771958e-05
