4.593251e+00 0.000000e+00 0.000000e+00 0.000000e+00 0.000000e+00
4.645251e+00 0.000000e+00 0.000000e+00 0.000000e+00 0.000000e+00
4.697251e+00 0.000000e+00 0.000000e+00 0.000000e+00 0.000000e+00
4.749251e+00 0.000000e+00 0.000000e+00 0.000000e+00 0.000000e+00
4.801251e+00 0.000000e+00 0.000000e+00 0.000000e+00 0.000000e+00
4.853251e+00 0.000000e+00 0.000000e+00 0.000000e+00 0.000000e+00
4.905251e+00 0.000000e+00 0.000000e+00 0.000000e+00 0.000000e+00
4.957251e+00 0.000000e+00 0.000000e+00 0.000000e+00 0.000000e+00
5.009251e+00 0.000000e+00 0.000000e+00 0.000000e+00 0.000000e+00
5.061251e+00 0.000000e+00 0.000000e+00 0.000000e+00 0.000000e+00
5.113251e+00 0.000000e+00 0.000000e+00 0.000000e+00 0.000000e+00
5.165251e+00 0.000000e+00 0.000000e+00 0.000000e+00 0.000000e+00
5.217251e+00 0.000000e+00 0.000000e+00 0.000000e+00 0.000000e+00
5.269251e+00 0.000000e+00 0.000000e+00 0.000000e+00 0.000000e+00
5.321251e+00 0.000000e+00 0.000000e+00 0.000000e+00 0.000000e+00
5.373251e+00 0.000000e+00 0.000000e+00 0.000000e+00 0.000000e+00
5.425251e+00 0.000000e+00 0.000000e+00 0.000000e+00 0.000000e+00
5.477251e+00 0.000000e+00 0.000000e+00 0.000000e+00 0.000000e+00
5.529251e+00 0.000000e+00 0.000000e+00 0.000000e+00 0.000000e+00
5.581251e+00 0.000000e+00 0.000000e+00 0.000000e+00 0.000000e+00
5.633251e+00 0.000000e+00 0.000000e+00 0.000000e+00 0.000000e+00
5.685251e+00 0.000000e+00 0.000000e+00 0.000000e+00 0.000000e+00
5.737251e+00 0.000000e+00 0.000000e+00 0.000000e+00 0.000000e+00
5.789251e+00 0.000000e+00 0.000000e+00 0.000000e+00 0.000000e+00
5.841251e+00 0.000000e+00 0.000000e+00 0.000000e+00 0.000000e+00
5.893251e+00 0.000000e+00 0.000000e+00 0.000000e+00 0.000000e+00
5.945251e+00 0.000000e+00 0.000000e+00 0.000000e+00 0.000000e+00
5.997251e+00 0.000000e+00 0.000000e+00 0.000000e+00 0.000000e+00
6.049251e+00 0.000000e+00 0.000000e+00 0.000000e+00 0.000000e+00
6.101251e+00 0.000000e+00 0.000000e+00 0.000000e+00 0.000000e+00
6.153251e+00 0.000000e+00 0.000000e+00 0.000000e+00 0.000000e+00
6.205251e+00 0.000000e+00 0.000000e+00 0.000000e+00 0.000000e+00
6.257251e+00 0.000000e+00 0.000000e+00 0.000000e+00 0.000000e+00
6.309251e+00 0.000000e+00 0.000000e+00 0.000000e+00 0.000000e+00
6.361251e+00 0.000000e+00 0.000000e+00 0.000000e+00 0.000000e+00
6.413251e+00 0.000000e+00 0.000000e+00 0.000000e+00 0.000000e+00
6.465251e+00 0.000000e+00 0.000000e+00 0.000000e+00 0.000000e+00
6.517251e+00 0.000000e+00 0.000000e+00 0.000000e+00 0.000000e+00
6.569251e+00 0.000000e+00 0.000000e+00 0.000000e+00 0.000000e+00
6.621251e+00 0.000000e+00 0.000000e+00 0.000000e+00 0.000000e+00
6.673251e+00 0.000000e+00 0.000000e+00 0.000000e+00 0.000000e+00
6.725251e+00 0.000000e+00 0.000000e+00 0.000000e+00 0.000000e+00
6.777251e+00 0.000000e+00 0.000000e+00 0.000000e+00 0.000000e+00
6.829251e+00 0.000000e+00 0.000000e+00 0.000000e+00 0.000000e+00
6.881251e+00 0.000000e+00 0.000000e+00 0.000000e+00 0.000000e+00
6.933251e+00 0.000000e+00 0.000000e+00 0.000000e+00 0.000000e+00
6.985251e+00 0.000000e+00 0.000000e+00 0.000000e+00 0.000000e+00
7.037251e+00 0.000000e+00 0.000000e+00 0.000000e+00 0.000000e+00
7.089251e+00 0.000000e+00 0.000000e+00 0.000000e+00 0.000000e+00
7.141251e+00 0.000000e+00 0.000000e+00 0.000000e+00 0.000000e+00
7.193251e+00 0.000000e+00 0.000000e+00 0.000000e+00 0.000000e+00
7.245251e+00 0.000000e+00 0.000000e+00 0.000000e+00 0.000000e+00
7.297251e+00 0.000000e+00 0.000000e+00 0.000000e+00 0.000000e+00
7.349251e+00 0.000000e+00 0.000000e+00 0.000000e+00 0.000000e+00
7.401251e+00 0.000000e+00 0.000000e+00 0.000000e+00 0.000000e+00
7.453251e+00 0.000000e+00 0.000000e+00 0.000000e+00 0.000000e+00
7.505251e+00 0.000000e+00 0.000000e+00 0.000000e+00 0.000000e+00
7.557251e+00 0.000000e+00 0.000000e+00 0.000000e+00 0.000000e+00
7.609251e+00 0.000000e+00 0.000000e+00 0.000000e+00 0.000000e+00
7.661251e+00 0.000000e+00 0.000000e+00 0.000000e+00 0.000000e+00
7.713251e+00 0.000000e+00 0.000000e+00 0.000000e+00 0.000000e+00
7.765251e+00 0.000000e+00 0.000000e+00 0.000000e+00 0.000000e+00
7.817251e+00 0.000000e+00 0.000000e+00 0.000000e+00 0.000000e+00
7.869251e+00 0.000000e+00 0.000000e+00 0.000000e+00 0.000000e+00
7.921251e+00 0.000000e+00 0.000000e+00 0.000000e+00 0.000000e+00
7.973251e+00 0.000000e+00 0.000000e+00 0.000000e+00 0.000000e+00
8.025251e+00 0.000000e+00 0.000000e+00 0.000000e+00 0.000000e+00
8.077251e+00 0.000000e+00 0.000000e+00 0.000000e+00 0.000000e+00
8.129251e+00 0.000000e+00 0.000000e+00 0.000000e+00 0.000000e+00
8.181251e+00 0.000000e+00 0.000000e+00 0.000000e+00 0.000000e+00
8.233251e+00 0.000000e+00 0.000000e+00 0.000000e+00 0.000000e+00
8.285251e+00 0.000000e+00 0.000000e+00 0.000000e+00 0.000000e+00
8.337251e+00 0.000000e+00 0.000000e+00 0.000000e+00 0.000000e+00
8.389251e+00 0.000000e+00 0.000000e+00 0.000000e+00 0.000000e+00
8.441251e+00 1.749428e-14 2.910471e-14 9.057509e-15 1.432062e-14
8.493251e+00 8.006782e-14 1.332064e-13 4.145440e-14 6.554262e-14
8.545251e+00 5.409249e-13 8.768458e-13 2.970817e-13 4.488470e-13
8.597251e+00 2.264363e-12 3.662737e-12 1.249671e-12 1.880680e-12
8.649251e+00 9.708771e-12 1.556604e-11 5.466532e-12 8.093746e-12
8.701251e+00 3.662514e-11 5.849004e-11 2.080606e-11 3.057932e-11
8.753251e+00 1.294851e-10 2.060579e-10 7.412893e-11 1.082685e-10
8.805251e+00 4.308643e-10 6.831447e-10 2.486406e-10 3.608076e-10
8.857251e+00 1.350290e-09 2.132740e-09 7.857963e-10 1.132334e-09
8.909251e+00 3.986840e-09 6.272652e-09 2.339717e-09 3.348151e-09
8.961251e+00 1.109924e-08 1.739448e-08 6.568699e-09 9.334538e-09
9.013251e+00 2.915570e-08 4.551305e-08 1.739925e-08 2.455479e-08
9.065251e+00 7.230927e-08 1.124396e-07 4.350577e-08 6.098246e-08
9.117251e+00 1.694524e-07 2.624989e-07 1.027594e-07 1.430988e-07
9.169251e+00 3.755485e-07 5.796534e-07 2.294474e-07 3.175448e-07
9.221251e+00 7.879558e-07 1.212060e-06 4.847595e-07 6.670483e-07
9.273251e+00 1.567078e-06 2.403049e-06 9.701168e-07 1.328067e-06
9.325251e+00 2.958448e-06 4.524314e-06 1.841375e-06 2.509656e-06
9.377251e+00 5.310791e-06 8.103448e-06 3.320092e-06 4.508832e-06
9.429251e+00 9.082726e-06 1.383545e-05 5.696691e-06 7.716038e-06
9.481251e+00 1.483069e-05 2.256764e-05 9.320273e-06 1.260416e-05
9.533251e+00 2.317240e-05 3.524960e-05 1.457146e-05 1.969613e-05
9.585251e+00 3.472263e-05 5.284241e-05 2.181706e-05 2.950843e-05
9.637251e+00 5.000008e-05 7.618262e-05 3.134776e-05 4.246987e-05
9.689251e+00 6.930495e-05 1.057972e-04 4.330131e-05 5.881636e-05
9.741251e+00 9.257124e-05 1.416715e-04 5.757593e-05 7.846631e-05
9.793251e+00 1.192093e-04 1.829925e-04 7.374452e-05 1.008907e-04
9.845251e+00 1.479745e-04 2.279237e-04 9.099069e-05 1.250091e-04
9.897251e+00 1.769209e-04 2.735041e-04 1.081000e-04 1.491586e-04
9.949251e+00 2.035051e-04 3.157814e-04 1.235437e-04 1.711902e-04
1.000125e+01 2.248841e-04 3.502491e-04 1.356793e-04 1.887240e-04
1.005325e+01 2.383957e-04 3.725751e-04 1.430630e-04 1.995491e-04
1.010525e+01 2.421371e-04 3.794890e-04 1.448254e-04 2.020969e-04
1.015725e+01 2.355037e-04 3.696038e-04 1.410362e-04 1.958710e-04
1.020925e+01 2.195393e-04 3.439293e-04 1.329707e-04 1.817177e-04
1.026125e+01 1.969965e-04 3.059116e-04 1.232148e-04 1.618632e-04
1.031325e+01 1.720907e-04 2.609803e-04 1.155718e-04 1.397199e-04
1.036525e+01 1.500136e-04 2.157459e-04 1.147631e-04 1.195318e-04
1.041725e+01 1.363214e-04 1.770801e-04 1.259343e-04 1.059499e-04
1.046925e+01 1.362994e-04 1.512991e-04 1.539970e-04 1.036021e-04
1.052125e+01 1.543676e-04 1.435638e-04 2.028777e-04 1.166614e-04
1.057325e+01 1.935560e-04 1.574843e-04 2.748044e-04 1.483792e-04
1.062525e+01 2.550811e-04 1.948521e-04 3.698044e-04 2.005869e-04
1.067725e+01 3.380983e-04 2.554645e-04 4.855684e-04 2.732619e-04
1.072925e+01 4.397276e-04 3.371062e-04 6.177262e-04 3.643505e-04
1.078125e+01 5.554310e-04 4.358195e-04 7.604344e-04 4.700390e-04
1.083325e+01 6.797214e-04 5.465449e-04 9.070967e-04 5.855225e-04
1.088525e+01 8.070752e-04 6.640465e-04 1.051093e-03 7.060859e-04
1.093725e+01 9.328476e-04 7.838684e-04 1.186539e-03 8.281359e-04
1.098925e+01 1.054010e-03 9.030212e-04 1.309178e-03 9.498308e-04
1.104125e+01 1.169600e-03 1.020232e-03 1.417400e-03 1.071169e-03
1.109325e+01 1.280846e-03 1.135812e-03 1.513059e-03 1.193665e-03
1.114525e+01 1.390914e-03 1.251318e-03 1.601555e-03 1.319870e-03
1.119725e+01 1.504235e-03 1.369147e-03 1.690684e-03 1.452873e-03
1.124925e+01 1.625341e-03 1.492003e-03 1.788305e-03 1.595715e-03
1.130125e+01 1.757396e-03 1.622096e-03 1.899552e-03 1.750540e-03
1.135325e+01 1.900811e-03 1.760113e-03 2.024788e-03 1.917533e-03
1.140525e+01 2.052598e-03 1.904294e-03 2.159416e-03 2.094084e-03
1.145725e+01 2.206971e-03 2.050207e-03 2.295889e-03 2.274816e-03
1.150925e+01 2.357252e-03 2.191608e-03 2.427272e-03 2.452877e-03
1.156125e+01 2.498498e-03 2.322282e-03 2.550906e-03 2.622307e-03
1.161325e+01 2.629804e-03 2.438220e-03 2.670579e-03 2.780612e-03
1.166525e+01 2.755290e-03 2.539302e-03 2.796087e-03 2.930480e-03
1.171725e+01 2.883253e-03 2.629903e-03 2.939990e-03 3.079867e-03
1.176925e+01 3.023608e-03 2.718277e-03 3.112383e-03 3.240165e-03
1.182125e+01 3.184288e-03 2.814806e-03 3.315330e-03 3.422728e-03
1.187325e+01 3.367557e-03 2.929279e-03 3.539050e-03 3.634342e-03
1.192525e+01 3.567302e-03 3.067497e-03 3.761703e-03 3.872705e-03
1.197725e+01 3.768305e-03 3.227924e-03 3.953585e-03 4.123405e-03
1.202925e+01 3.948171e-03 3.399629e-03 4.084823e-03 4.360061e-03
1.208125e+01 4.081863e-03 3.562896e-03 4.134006e-03 4.548688e-03
1.213325e+01 4.147835e-03 3.693150e-03 4.094540e-03 4.655816e-03
1.218525e+01 4.133956e-03 3.767426e-03 3.976331e-03 4.658110e-03
1.223725e+01 4.041278e-03 3.771265e-03 3.802490e-03 4.550079e-03
1.228925e+01 3.884404e-03 3.703444e-03 3.602836e-03 4.346932e-03
1.234125e+01 3.688404e-03 3.576758e-03 3.407043e-03 4.081410e-03
1.239325e+01 3.483424e-03 3.414694e-03 3.239717e-03 3.795862e-03
1.244525e+01 3.298652e-03 3.245396e-03 3.118147e-03 3.532413e-03
1.249725e+01 3.157143e-03 3.095107e-03 3.051959e-03 3.324362e-03
1.254925e+01 3.072428e-03 2.983033e-03 3.043342e-03 3.190910e-03
1.260125e+01 3.047192e-03 2.918686e-03 3.087093e-03 3.135796e-03
1.265325e+01 3.073931e-03 2.901795e-03 3.170758e-03 3.149239e-03
1.270525e+01 3.137364e-03 2.924184e-03 3.275909e-03 3.211999e-03
1.275725e+01 3.218190e-03 2.972729e-03 3.381444e-03 3.300397e-03
1.280925e+01 3.297500e-03 3.032506e-03 3.468765e-03 3.391229e-03
1.286125e+01 3.360893e-03 3.089464e-03 3.527433e-03 3.465783e-03
1.291325e+01 3.401261e-03 3.132248e-03 3.559140e-03 3.512396e-03
1.296525e+01 3.419553e-03 3.153220e-03 3.578045e-03 3.527392e-03
1.301725e+01 3.423463e-03 3.148970e-03 3.606742e-03 3.514678e-03
1.306925e+01 3.424597e-03 3.120671e-03 3.668708e-03 3.484411e-03
1.312125e+01 3.434996e-03 3.074363e-03 3.779570e-03 3.451055e-03
1.317325e+01 3.463950e-03 3.020876e-03 3.940125e-03 3.430848e-03
1.322525e+01 3.515750e-03 2.974903e-03 4.133745e-03 3.438603e-03
1.327725e+01 3.588808e-03 2.952908e-03 4.329399e-03 3.484117e-03
1.332925e+01 3.676153e-03 2.969974e-03 4.489539e-03 3.568947e-03
1.338125e+01 3.767027e-03 3.036195e-03 4.580169e-03 3.684716e-03
1.343325e+01 3.848934e-03 3.153507e-03 4.579444e-03 3.813851e-03
1.348525e+01 3.909496e-03 3.313799e-03 4.481773e-03 3.932914e-03
1.353725e+01 3.937663e-03 3.498939e-03 4.296412e-03 4.017638e-03
1.358925e+01 3.924326e-03 3.682876e-03 4.042000e-03 4.048103e-03
1.364125e+01 3.862703e-03 3.835581e-03 3.740045e-03 4.012482e-03
1.369325e+01 3.748920e-03 3.928130e-03 3.410192e-03 3.908436e-03
1.374525e+01 3.582916e-03 3.937933e-03 3.068588e-03 3.742227e-03
1.379725e+01 3.369436e-03 3.853074e-03 2.728774e-03 3.526460e-03
1.384925e+01 3.118674e-03 3.674909e-03 2.403484e-03 3.277628e-03
1.390125e+01 2.846177e-03 3.418431e-03 2.105800e-03 3.014299e-03
1.395325e+01 2.571777e-03 3.110314e-03 1.848979e-03 2.756038e-03
1.400525e+01 2.317514e-03 2.784885e-03 1.645150e-03 2.522508e-03
1.405725e+01 2.104763e-03 2.478651e-03 1.503574e-03 2.332064e-03
1.410925e+01 1.950992e-03 2.224324e-03 1.429115e-03 2.199536e-03
1.416125e+01 1.866821e-03 2.045538e-03 1.421323e-03 2.133602e-03
1.421325e+01 1.854091e-03 1.953359e-03 1.474230e-03 2.134685e-03
1.426525e+01 1.905461e-03 1.945310e-03 1.576807e-03 2.194266e-03
1.431725e+01 2.005664e-03 2.006980e-03 1.713925e-03 2.296088e-03
1.436925e+01 2.134119e-03 2.115651e-03 1.867732e-03 2.418974e-03
1.442125e+01 2.268290e-03 2.244984e-03 2.019374e-03 2.540511e-03
1.447325e+01 2.387119e-03 2.369680e-03 2.151021e-03 2.640656e-03
1.452525e+01 2.473967e-03 2.469259e-03 2.248100e-03 2.704543e-03
1.457725e+01 2.518655e-03 2.530382e-03 2.301434e-03 2.724151e-03
1.462925e+01 2.518438e-03 2.547625e-03 2.308882e-03 2.698807e-03
1.468125e+01 2.477871e-03 2.522933e-03 2.275959e-03 2.634721e-03
1.473325e+01 2.407702e-03 2.464244e-03 2.215116e-03 2.543746e-03
1.478525e+01 2.323015e-03 2.383799e-03 2.143667e-03 2.441578e-03
1.483725e+01 2.240932e-03 2.296489e-03 2.080738e-03 2.345570e-03
1.488925e+01 2.178227e-03 2.218359e-03 2.043880e-03 2.272444e-03
1.494125e+01 2.149175e-03 2.165236e-03 2.046064e-03 2.236224e-03
1.499325e+01 2.163913e-03 2.151372e-03 2.093666e-03 2.246701e-03
1.504525e+01 2.227481e-03 2.188095e-03 2.185751e-03 2.308598e-03
1.509725e+01 2.339519e-03 2.282535e-03 2.314651e-03 2.421370e-03
1.514925e+01 2.494497e-03 2.436563e-03 2.467525e-03 2.579403e-03
1.520125e+01 2.682269e-03 2.646062e-03 2.628407e-03 2.772337e-03
1.525325e+01 2.888786e-03 2.900643e-03 2.780249e-03 2.985467e-03
1.530525e+01 3.096930e-03 3.183869e-03 2.906573e-03 3.200349e-03
1.535725e+01 3.287570e-03 3.474068e-03 2.992719e-03 3.395924e-03
1.540925e+01 3.441066e-03 3.745887e-03 3.026893e-03 3.550419e-03
1.546125e+01 3.539392e-03 3.972755e-03 3.001383e-03 3.644039e-03
1.551325e+01 3.568832e-03 4.130296e-03 2.914065e-03 3.662135e-03
1.556525e+01 3.522796e-03 4.200329e-03 2.769868e-03 3.598190e-03
1.561725e+01 3.403906e-03 4.174594e-03 2.581388e-03 3.455735e-03
1.566925e+01 3.224362e-03 4.056934e-03 2.367791e-03 3.248361e-03
1.572125e+01 3.004001e-03 3.862841e-03 2.151702e-03 2.997459e-03
1.577325e+01 2.766289e-03 3.616091e-03 1.954739e-03 2.728036e-03
1.582525e+01 2.533410e-03 3.343361e-03 1.793101e-03 2.463767e-03
1.587725e+01 2.322073e-03 3.068615e-03 1.674785e-03 2.222819e-03
1.592925e+01 2.141359e-03 2.809118e-03 1.599286e-03 2.015673e-03
1.598125e+01 1.993014e-03 2.574127e-03 1.559570e-03 1.845344e-03
1.603325e+01 1.873582e-03 2.366078e-03 1.545233e-03 1.709436e-03
1.608525e+01 1.777173e-03 2.183151e-03 1.545510e-03 1.602858e-03
1.613725e+01 1.697721e-03 2.021849e-03 1.551245e-03 1.520069e-03
1.618925e+01 1.630183e-03 1.878664e-03 1.555634e-03 1.456250e-03
1.624125e+01 1.570718e-03 1.750631e-03 1.554115e-03 1.407407e-03
1.629325e+01 1.516353e-03 1.635165e-03 1.543980e-03 1.369915e-03
1.634525e+01 1.464615e-03 1.529744e-03 1.524067e-03 1.340034e-03
1.639725e+01 1.413418e-03 1.431872e-03 1.494577e-03 1.313804e-03
1.644925e+01 1.361214e-03 1.339398e-03 1.456887e-03 1.287357e-03
1.650125e+01 1.307216e-03 1.251001e-03 1.413167e-03 1.257479e-03
1.655325e+01 1.251488e-03 1.166530e-03 1.365790e-03 1.222143e-03
1.660525e+01 1.194815e-03 1.086986e-03 1.316690e-03 1.180768e-03
1.665725e+01 1.138373e-03 1.014117e-03 1.266883e-03 1.134119e-03
1.670925e+01 1.083358e-03 9.498018e-04 1.216364e-03 1.083908e-03
1.676125e+01 1.030705e-03 8.954576e-04 1.164409e-03 1.032249e-03
1.681325e+01 9.809995e-04 8.516834e-04 1.110170e-03 9.811454e-04
1.686525e+01 9.345419e-04 8.181964e-04 1.053304e-03 9.321251e-04
1.691725e+01 8.914844e-04 7.939957e-04 9.943890e-04 8.860684e-04
1.696925e+01 8.519232e-04 7.776092e-04 9.349456e-04 8.432149e-04
1.702125e+01 8.159006e-04 7.673040e-04 8.770953e-04 8.033023e-04
1.707325e+01 7.833316e-04 7.612146e-04 8.229979e-04 7.657822e-04
1.712525e+01 7.539298e-04 7.574223e-04 7.743093e-04 7.300579e-04
1.717725e+01 7.272024e-04 7.540540e-04 7.318611e-04 6.956921e-04
1.722925e+01 7.025458e-04 7.494450e-04 6.956537e-04 6.625388e-04
1.728125e+01 6.794194e-04 7.423526e-04 6.651268e-04 6.307789e-04
1.733325e+01 6.575285e-04 7.321514e-04 6.395679e-04 6.008662e-04
1.738525e+01 6.369439e-04 7.189275e-04 6.184847e-04 5.734196e-04
1.743725e+01 6.181068e-04 7.034229e-04 6.017941e-04 5.491032e-04
1.748925e+01 6.017116e-04 6.868450e-04 5.897584e-04 5.285314e-04
1.754125e+01 5.885079e-04 6.706111e-04 5.826996e-04 5.122132e-04
1.759325e+01 5.790864e-04 6.561123e-04 5.806136e-04 5.005332e-04
1.764525e+01 5.737113e-04 6.445438e-04 5.828465e-04 4.937434e-04
1.769725e+01 5.722306e-04 6.367860e-04 5.879719e-04 4.919339e-04
1.774925e+01 5.740525e-04 6.332858e-04 5.939242e-04 4.949473e-04
1.780125e+01 5.781594e-04 6.339069e-04 5.983403e-04 5.022310e-04
1.785325e+01 5.831492e-04 6.377873e-04 5.989932e-04 5.126672e-04
1.790525e+01 5.873350e-04 6.433189e-04 5.942000e-04 5.244862e-04
1.795725e+01 5.889626e-04 6.483733e-04 5.831298e-04 5.353848e-04
1.800925e+01 5.865808e-04 6.508129e-04 5.659944e-04 5.429350e-04
1.806125e+01 5.795092e-04 6.491712e-04 5.441215e-04 5.452350e-04
1.811325e+01 5.682493e-04 6.432501e-04 5.198892e-04 5.416086e-04
1.816525e+01 5.546284e-04 6.343524e-04 4.964744e-04 5.330583e-04
1.821725e+01 5.415278e-04 6.249839e-04 4.773850e-04 5.222144e-04
1.826925e+01 5.322081e-04 6.180923e-04 4.658246e-04 5.127073e-04
1.832125e+01 5.294364e-04 6.161251e-04 4.640423e-04 5.081417e-04
1.837325e+01 5.347364e-04 6.202907e-04 4.728713e-04 5.110473e-04
1.842525e+01 5.480453e-04 6.303107e-04 4.916176e-04 5.222076e-04
1.847725e+01 5.678867e-04 6.447273e-04 5.183223e-04 5.406103e-04
1.852925e+01 5.919430e-04 6.615749e-04 5.502651e-04 5.639892e-04
1.858125e+01 6.177536e-04 6.790837e-04 5.844954e-04 5.896816e-04
1.863325e+01 6.432466e-04 6.961063e-04 6.182119e-04 6.154216e-04
1.868525e+01 6.669359e-04 7.121234e-04 6.489288e-04 6.397556e-04
1.873725e+01 6.877905e-04 7.268961e-04 6.744976e-04 6.619777e-04
1.878925e+01 7.049424e-04 7.399962e-04 6.931171e-04 6.817138e-04
1.884125e+01 7.174578e-04 7.504902e-04 7.034393e-04 6.984439e-04
1.889325e+01 7.243444e-04 7.569793e-04 7.047976e-04 7.112564e-04
1.894525e+01 7.248350e-04 7.580245e-04 6.974878e-04 7.189927e-04
1.899725e+01 7.188274e-04 7.527980e-04 6.829662e-04 7.207180e-04
1.904925e+01 7.072497e-04 7.416577e-04 6.638171e-04 7.162743e-04
1.910125e+01 6.921123e-04 7.263344e-04 6.433931e-04 7.066094e-04
1.915325e+01 6.761267e-04 7.095603e-04 6.251412e-04 6.936787e-04
1.920525e+01 6.619730e-04 6.942225e-04 6.117758e-04 6.799209e-04
1.925725e+01 6.514902e-04 6.823709e-04 6.045783e-04 6.675213e-04
1.930925e+01 6.451454e-04 6.745215e-04 6.031279e-04 6.577868e-04
1.936125e+01 6.420482e-04 6.695908e-04 6.056434e-04 6.509103e-04
1.941325e+01 6.405426e-04 6.655264e-04 6.098716e-04 6.462298e-04
1.946525e+01 6.391435e-04 6.603752e-04 6.141943e-04 6.428609e-04
1.951725e+01 6.374141e-04 6.533356e-04 6.184905e-04 6.404162e-04
1.956925e+01 6.364023e-04 6.453513e-04 6.243621e-04 6.394935e-04
1.962125e+01 6.384457e-04 6.390141e-04 6.346001e-04 6.417228e-04
1.967325e+01 6.464352e-04 6.378438e-04 6.521023e-04 6.493596e-04
1.972525e+01 6.628482e-04 6.452490e-04 6.786903e-04 6.646053e-04
1.977725e+01 6.889309e-04 6.635591e-04 7.143044e-04 6.889291e-04
1.982925e+01 7.243092e-04 6.934249e-04 7.568718e-04 7.226311e-04
1.988125e+01 7.670990e-04 7.337001e-04 8.028509e-04 7.647458e-04
1.993325e+01 8.143840e-04 7.817284e-04 8.481925e-04 8.132312e-04
1.998525e+01 8.628368e-04 8.338721e-04 8.893341e-04 8.653043e-04
2.003725e+01 9.092828e-04 8.861340e-04 9.239030e-04 9.178114e-04
2.008925e+01 9.511240e-04 9.347916e-04 9.509787e-04 9.676017e-04
2.014125e+01 9.866275e-04 9.769986e-04 9.709546e-04 1.011929e-03
2.019325e+01 1.015096e-03 1.011270e-03 9.851472e-04 1.048871e-03
2.024525e+01 1.036883e-03 1.037695e-03 9.953030e-04 1.077651e-03
2.029725e+01 1.053175e-03 1.057721e-03 1.003103e-03 1.098702e-03
2.034925e+01 1.065532e-03 1.073488e-03 1.009748e-03 1.113362e-03
2.040125e+01 1.075311e-03 1.086906e-03 1.015715e-03 1.123312e-03
2.045325e+01 1.083231e-03 1.098901e-03 1.020803e-03 1.129990e-03
2.050525e+01 1.089313e-03 1.109163e-03 1.024478e-03 1.134298e-03
2.055725e+01 1.093234e-03 1.116571e-03 1.026432e-03 1.136699e-03
2.060925e+01 1.094919e-03 1.120045e-03 1.027093e-03 1.137619e-03
2.066125e+01 1.095046e-03 1.119408e-03 1.027857e-03 1.137875e-03
2.071325e+01 1.095216e-03 1.115829e-03 1.030918e-03 1.138901e-03
2.076525e+01 1.097704e-03 1.111666e-03 1.038773e-03 1.142672e-03
2.081725e+01 1.104914e-03 1.109799e-03 1.053584e-03 1.151360e-03
2.086925e+01 1.118718e-03 1.112757e-03 1.076567e-03 1.166831e-03
2.092125e+01 1.139861e-03 1.121943e-03 1.107542e-03 1.190097e-03
2.097325e+01 1.167574e-03 1.137202e-03 1.144681e-03 1.220840e-03
2.102525e+01 1.199527e-03 1.156836e-03 1.184579e-03 1.257165e-03
2.107725e+01 1.232174e-03 1.178066e-03 1.222700e-03 1.295755e-03
2.112925e+01 1.261502e-03 1.197804e-03 1.254217e-03 1.332486e-03
2.118125e+01 1.284004e-03 1.213518e-03 1.275072e-03 1.363422e-03
2.123325e+01 1.297575e-03 1.223915e-03 1.282948e-03 1.385861e-03
2.128525e+01 1.302024e-03 1.229211e-03 1.277805e-03 1.399055e-03
2.133725e+01 1.298996e-03 1.230893e-03 1.261796e-03 1.404299e-03
2.138925e+01 1.291376e-03 1.231094e-03 1.238646e-03 1.404388e-03
2.144125e+01 1.282445e-03 1.231865e-03 1.212775e-03 1.402696e-03
2.149325e+01 1.275182e-03 1.234688e-03 1.188529e-03 1.402329e-03
2.154525e+01 1.271983e-03 1.240471e-03 1.169751e-03 1.405727e-03
2.159725e+01 1.274830e-03 1.249982e-03 1.159716e-03 1.414792e-03
2.164925e+01 1.285680e-03 1.264481e-03 1.161223e-03 1.431335e-03
2.170125e+01 1.306712e-03 1.286149e-03 1.176603e-03 1.457385e-03
2.175325e+01 1.340157e-03 1.318006e-03 1.207446e-03 1.495018e-03
2.180525e+01 1.387665e-03 1.363289e-03 1.254089e-03 1.545618e-03
2.185725e+01 1.449503e-03 1.424514e-03 1.315090e-03 1.608904e-03
2.190925e+01 1.523967e-03 1.502637e-03 1.387035e-03 1.682230e-03
2.196125e+01 1.607391e-03 1.596625e-03 1.464922e-03 1.760625e-03
2.201325e+01 1.694782e-03 1.703570e-03 1.543113e-03 1.837664e-03
2.206525e+01 1.780864e-03 1.819166e-03 1.616576e-03 1.906852e-03
2.211725e+01 1.861082e-03 1.938316e-03 1.681930e-03 1.963000e-03
2.216925e+01 1.932210e-03 2.055638e-03 1.737915e-03 2.003075e-03
2.222125e+01 1.992436e-03 2.165813e-03 1.785149e-03 2.026346e-03
2.227325e+01 2.041063e-03 2.263861e-03 1.825368e-03 2.033960e-03
2.232525e+01 2.078071e-03 2.345396e-03 1.860547e-03 2.028271e-03
2.237725e+01 2.103760e-03 2.406860e-03 1.892204e-03 2.012216e-03
2.242925e+01 2.118548e-03 2.445673e-03 1.921085e-03 1.988885e-03
2.248125e+01 2.122893e-03 2.460265e-03 1.947149e-03 1.961267e-03
2.253325e+01 2.117289e-03 2.450057e-03 1.969742e-03 1.932067e-03
2.258525e+01 2.102305e-03 2.415521e-03 1.987862e-03 1.903531e-03
2.263725e+01 2.078691e-03 2.358374e-03 2.000451e-03 1.877247e-03
2.268925e+01 2.047508e-03 2.281849e-03 2.006709e-03 1.853966e-03
2.274125e+01 2.010230e-03 2.190797e-03 2.006359e-03 1.833535e-03
2.279325e+01 1.968700e-03 2.091371e-03 1.999755e-03 1.814974e-03
2.284525e+01 1.924897e-03 1.990211e-03 1.987750e-03 1.796731e-03
2.289725e+01 1.880536e-03 1.893254e-03 1.971334e-03 1.777020e-03
2.294925e+01 1.836638e-03 1.804557e-03 1.951187e-03 1.754170e-03
2.300125e+01 1.793252e-03 1.725553e-03 1.927350e-03 1.726854e-03
2.305325e+01 1.749449e-03 1.655023e-03 1.899163e-03 1.694160e-03
2.310525e+01 1.703612e-03 1.589821e-03 1.865497e-03 1.655520e-03
2.315725e+01 1.653924e-03 1.526076e-03 1.825127e-03 1.610568e-03
2.320925e+01 1.598852e-03 1.460456e-03 1.777053e-03 1.559048e-03
2.326125e+01 1.537503e-03 1.391070e-03 1.720629e-03 1.500810e-03
2.331325e+01 1.469750e-03 1.317800e-03 1.655532e-03 1.435918e-03
2.336525e+01 1.396189e-03 1.242055e-03 1.581701e-03 1.364809e-03
2.341725e+01 1.318002e-03 1.166160e-03 1.499414e-03 1.288434e-03
2.346925e+01 1.236827e-03 1.092643e-03 1.409531e-03 1.208307e-03
2.352125e+01 1.154639e-03 1.023654e-03 1.313806e-03 1.126456e-03
2.357325e+01 1.073644e-03 9.606213e-04 1.215043e-03 1.045269e-03
2.362525e+01 9.961290e-04 9.041701e-04 1.116943e-03 9.672740e-04
2.367725e+01 9.242466e-04 8.542390e-04 1.023614e-03 8.948864e-04
2.372925e+01 8.597959e-04 8.103310e-04 9.388968e-04 8.301597e-04
2.378125e+01 8.040431e-04 7.718144e-04 8.657256e-04 7.745893e-04
2.383325e+01 7.576477e-04 7.381959e-04 8.057437e-04 7.290035e-04
2.388525e+01 7.206918e-04 7.092908e-04 7.592336e-04 6.935509e-04
2.393725e+01 6.927636e-04 6.852256e-04 7.253115e-04 6.677538e-04
2.398925e+01 6.730236e-04 6.662554e-04 7.022360e-04 6.505794e-04
2.404125e+01 6.602121e-04 6.524437e-04 6.877006e-04 6.404921e-04
2.409325e+01 6.526265e-04 6.433241e-04 6.790587e-04 6.354968e-04
2.414525e+01 6.481478e-04 6.376988e-04 6.735183e-04 6.332262e-04
2.419725e+01 6.444057e-04 6.336990e-04 6.683812e-04 6.311371e-04
2.424925e+01 6.391141e-04 6.291383e-04 6.613634e-04 6.268406e-04
2.430125e+01 6.305164e-04 6.220739e-04 6.509548e-04 6.185206e-04
2.435325e+01 6.178134e-04 6.113943e-04 6.367152e-04 6.053307e-04
2.440525e+01 6.014237e-04 5.972362e-04 6.193933e-04 5.876416e-04
2.445725e+01 5.829797e-04 5.810845e-04 6.008044e-04 5.670502e-04
2.450925e+01 5.650404e-04 5.655180e-04 5.834743e-04 5.461290e-04
2.456125e+01 5.505877e-04 5.536675e-04 5.701195e-04 5.279761e-04
2.461325e+01 5.424229e-04 5.485320e-04 5.630697e-04 5.156670e-04
2.466525e+01 5.426007e-04 5.523205e-04 5.637545e-04 5.117271e-04
2.471725e+01 5.520206e-04 5.659666e-04 5.723690e-04 5.177262e-04
2.476925e+01 5.702610e-04 5.889141e-04 5.878078e-04 5.340612e-04
2.482125e+01 5.956876e-04 6.192103e-04 6.079030e-04 5.599496e-04
2.487325e+01 6.258031e-04 6.538792e-04 6.299189e-04 5.936113e-04
2.492525e+01 6.577424e-04 6.894869e-04 6.511694e-04 6.325708e-04
2.497725e+01 6.887789e-04 7.227689e-04 6.695781e-04 6.739896e-04
2.502925e+01 7.167105e-04 7.511691e-04 6.840120e-04 7.149505e-04
2.508125e+01 7.400449e-04 7.731716e-04 6.943055e-04 7.526576e-04
2.513325e+01 7.579836e-04 7.883671e-04 7.010071e-04 7.845766e-04
2.518525e+01 7.702769e-04 7.972758e-04 7.049767e-04 8.085782e-04
2.523725e+01 7.770499e-04 8.010065e-04 7.070018e-04 8.231413e-04
2.528925e+01 7.786763e-04 8.008576e-04 7.075638e-04 8.276074e-04
2.534125e+01 7.757182e-04 7.979514e-04 7.068028e-04 8.224003e-04
2.539325e+01 7.688988e-04 7.929764e-04 7.046413e-04 8.090787e-04
2.544525e+01 7.590600e-04 7.860857e-04 7.009754e-04 7.901187e-04
2.549725e+01 7.470826e-04 7.769787e-04 6.958372e-04 7.684319e-04
2.554925e+01 7.337954e-04 7.651586e-04 6.894762e-04 7.467515e-04
2.560125e+01 7.199248e-04 7.503061e-04 6.823614e-04 7.271069e-04
2.565325e+01 7.061328e-04 7.326672e-04 6.751449e-04 7.105864e-04
2.570525e+01 6.931442e-04 7.133283e-04 6.686344e-04 6.974699e-04
2.575725e+01 6.819082e-04 6.942782e-04 6.637914e-04 6.876551e-04
2.580925e+01 6.737079e-04 6.782168e-04 6.617340e-04 6.811728e-04
2.586125e+01 6.701349e-04 6.681491e-04 6.636955e-04 6.785602e-04
2.591325e+01 6.728989e-04 6.668669e-04 6.708974e-04 6.809325e-04
2.596525e+01 6.835013e-04 6.764503e-04 6.843345e-04 6.897193e-04
2.601725e+01 7.028603e-04 6.979007e-04 7.045148e-04 7.061655e-04
2.606925e+01 7.309895e-04 7.309603e-04 7.312410e-04 7.307672e-04
2.612125e+01 7.668219e-04 7.741079e-04 7.635247e-04 7.628332e-04
2.617325e+01 8.082347e-04 8.246811e-04 7.996970e-04 8.003260e-04
2.622525e+01 8.522856e-04 8.790798e-04 8.377135e-04 8.400635e-04
2.627725e+01 8.956238e-04 9.330476e-04 8.755613e-04 8.782624e-04
2.632925e+01 9.349889e-04 9.820651e-04 9.116108e-04 9.112908e-04
2.638125e+01 9.676781e-04 1.021882e-03 9.447510e-04 9.364008e-04
2.643325e+01 9.918616e-04 1.049146e-03 9.742453e-04 9.521938e-04
2.648525e+01 1.006676e-03 1.061981e-03 9.993904e-04 9.586555e-04
2.653725e+01 1.012101e-03 1.060336e-03 1.019193e-03 9.567723e-04
2.658925e+01 1.008720e-03 1.045943e-03 1.032291e-03 9.479269e-04
2.664125e+01 9.974827e-04 1.021869e-03 1.037217e-03 9.333624e-04
2.669325e+01 9.795796e-04 9.918450e-04 1.032937e-03 9.139562e-04
2.674525e+01 9.564612e-04 9.595897e-04 1.019420e-03 8.903740e-04
2.679725e+01 9.299412e-04 9.283656e-04 9.979869e-04 8.634710e-04
2.684925e+01 9.022694e-04 9.008345e-04 9.712902e-04 8.346836e-04
2.690125e+01 8.760637e-04 8.791238e-04 9.429059e-04 8.061615e-04
2.695325e+01 8.540432e-04 8.649286e-04 9.166805e-04 7.805206e-04
2.700525e+01 8.386006e-04 8.595000e-04 8.960186e-04 7.602833e-04
2.705725e+01 8.313283e-04 8.634783e-04 8.832847e-04 7.472218e-04
2.710925e+01 8.326509e-04 8.766467e-04 8.794331e-04 7.418729e-04
2.716125e+01 8.416920e-04 8.977430e-04 8.839113e-04 7.434217e-04
2.721325e+01 8.564346e-04 9.244609e-04 8.948397e-04 7.500032e-04
2.726525e+01 8.741511e-04 9.537121e-04 9.094366e-04 7.593045e-04
2.731725e+01 8.920057e-04 9.821454e-04 9.246278e-04 7.692438e-04
2.736925e+01 9.076911e-04 1.006836e-03 9.377414e-04 7.784959e-04
2.742125e+01 9.199509e-04 1.025982e-03 9.471449e-04 7.867256e-04
2.747325e+01 9.288575e-04 1.039395e-03 9.526650e-04 7.945127e-04
2.752525e+01 9.357631e-04 1.048572e-03 9.556600e-04 8.030567e-04
2.757725e+01 9.429092e-04 1.056255e-03 9.586949e-04 8.137779e-04
2.762925e+01 9.527725e-04 1.065526e-03 9.648788e-04 8.279130e-04
2.768125e+01 9.673060e-04 1.078728e-03 9.770251e-04 8.461653e-04
2.773325e+01 9.872932e-04 1.096564e-03 9.968574e-04 8.684578e-04
2.778525e+01 1.012018e-03 1.117720e-03 1.024490e-03 8.938446e-04
2.783725e+01 1.039371e-03 1.139137e-03 1.058344e-03 9.206325e-04
2.788925e+01 1.066370e-03 1.156850e-03 1.095537e-03 9.467226e-04
2.794125e+01 1.089933e-03 1.167069e-03 1.132628e-03 9.701017e-04
2.799325e+01 1.107660e-03 1.167169e-03 1.166459e-03 9.893511e-04
2.804525e+01 1.118380e-03 1.156303e-03 1.194814e-03 1.004023e-03
2.809725e+01 1.122338e-03 1.135548e-03 1.216684e-03 1.014783e-03
2.814925e+01 1.121015e-03 1.107640e-03 1.232115e-03 1.023289e-03
2.820125e+01 1.116703e-03 1.076450e-03 1.241796e-03 1.031863e-03
2.825325e+01 1.112012e-03 1.046376e-03 1.246637e-03 1.043022e-03
2.830525e+01 1.109442e-03 1.021780e-03 1.247559e-03 1.058985e-03
2.835725e+01 1.111104e-03 1.006520e-03 1.245568e-03 1.081224e-03
2.840925e+01 1.118571e-03 1.003578e-03 1.241969e-03 1.110165e-03
2.846125e+01 1.132775e-03 1.014727e-03 1.238512e-03 1.145087e-03
2.851325e+01 1.153901e-03 1.040202e-03 1.237256e-03 1.184243e-03
2.856525e+01 1.181247e-03 1.078425e-03 1.240122e-03 1.225193e-03
2.861725e+01 1.213163e-03 1.125905e-03 1.248304e-03 1.265280e-03
2.866925e+01 1.247162e-03 1.177505e-03 1.261811e-03 1.302171e-03
2.872125e+01 1.280311e-03 1.227186e-03 1.279395e-03 1.334352e-03
2.877325e+01 1.309855e-03 1.269186e-03 1.298902e-03 1.361477e-03
2.882525e+01 1.333929e-03 1.299360e-03 1.317955e-03 1.384472e-03
2.887725e+01 1.352120e-03 1.316289e-03 1.334732e-03 1.405337e-03
2.892925e+01 1.365671e-03 1.321766e-03 1.348598e-03 1.426650e-03
2.898125e+01 1.377232e-03 1.320434e-03 1.360411e-03 1.450852e-03
2.903325e+01 1.390163e-03 1.318640e-03 1.372376e-03 1.479474e-03
2.908525e+01 1.407585e-03 1.322809e-03 1.387414e-03 1.512533e-03
2.913725e+01 1.431429e-03 1.337808e-03 1.408161e-03 1.548316e-03
2.918925e+01 1.461782e-03 1.365788e-03 1.435881e-03 1.583678e-03
2.924125e+01 1.496765e-03 1.405812e-03 1.469674e-03 1.614808e-03
2.929325e+01 1.532982e-03 1.454347e-03 1.506366e-03 1.638232e-03
2.934525e+01 1.566423e-03 1.506385e-03 1.541170e-03 1.651713e-03
2.939725e+01 1.593474e-03 1.556771e-03 1.568953e-03 1.654698e-03
2.944925e+01 1.611681e-03 1.601263e-03 1.585584e-03 1.648195e-03
2.950125e+01 1.620016e-03 1.637037e-03 1.588879e-03 1.634131e-03
2.955325e+01 1.618636e-03 1.662593e-03 1.578802e-03 1.614515e-03
2.960525e+01 1.608342e-03 1.677295e-03 1.556971e-03 1.590759e-03
2.965725e+01 1.590050e-03 1.680903e-03 1.525822e-03 1.563424e-03
2.970925e+01 1.564551e-03 1.673357e-03 1.487844e-03 1.532453e-03
2.976125e+01 1.532608e-03 1.654907e-03 1.445218e-03 1.497699e-03
2.981325e+01 1.495257e-03 1.626433e-03 1.399870e-03 1.459468e-03
2.986525e+01 1.454094e-03 1.589748e-03 1.353738e-03 1.418795e-03
2.991725e+01 1.411329e-03 1.547680e-03 1.308966e-03 1.377341e-03
2.996925e+01 1.369568e-03 1.503889e-03 1.267816e-03 1.336998e-03
3.002125e+01 1.331393e-03 1.462479e-03 1.232325e-03 1.299374e-03
3.007325e+01 1.298933e-03 1.427506e-03 1.203876e-03 1.265417e-03
3.012525e+01 1.273547e-03 1.402465e-03 1.182906e-03 1.235269e-03
3.017725e+01 1.255699e-03 1.389823e-03 1.168884e-03 1.208390e-03
3.022925e+01 1.245003e-03 1.390601e-03 1.160547e-03 1.183860e-03
3.028125e+01 1.240346e-03 1.404096e-03 1.156247e-03 1.160694e-03
3.033325e+01 1.240049e-03 1.427799e-03 1.154264e-03 1.138085e-03
3.038525e+01 1.242022e-03 1.457594e-03 1.152973e-03 1.115499e-03
3.043725e+01 1.243947e-03 1.488267e-03 1.150911e-03 1.092664e-03
3.048925e+01 1.243532e-03 1.514271e-03 1.146805e-03 1.069519e-03
3.054125e+01 1.238835e-03 1.530633e-03 1.139684e-03 1.046189e-03
3.059325e+01 1.228614e-03 1.533818e-03 1.129036e-03 1.022989e-03
3.064525e+01 1.212580e-03 1.522337e-03 1.114966e-03 1.000438e-03
3.069725e+01 1.191446e-03 1.496909e-03 1.098203e-03 9.792262e-04
3.074925e+01 1.166721e-03 1.460106e-03 1.079950e-03 9.601064e-04
3.080125e+01 1.140309e-03 1.415572e-03 1.061600e-03 9.437557e-04
3.085325e+01 1.114057e-03 1.367061e-03 1.044474e-03 9.306347e-04
3.090525e+01 1.089398e-03 1.317613e-03 1.029675e-03 9.209064e-04
3.095725e+01 1.067212e-03 1.269116e-03 1.018091e-03 9.144284e-04
3.100925e+01 1.047864e-03 1.222326e-03 1.010460e-03 9.108063e-04
3.106125e+01 1.031369e-03 1.177220e-03 1.007418e-03 9.094698e-04
3.111325e+01 1.017539e-03 1.133446e-03 1.009435e-03 9.097368e-04
3.116525e+01 1.006071e-03 1.090678e-03 1.016687e-03 9.108477e-04
3.121725e+01 9.965636e-04 1.048779e-03 1.028928e-03 9.119830e-04
3.126925e+01 9.885250e-04 1.007814e-03 1.045469e-03 9.122917e-04
3.132125e+01 9.814241e-04 9.680022e-04 1.065310e-03 9.109597e-04
3.137325e+01 9.748043e-04 9.297040e-04 1.087390e-03 9.073189e-04
3.142525e+01 9.684169e-04 8.934375e-04 1.110844e-03 9.009695e-04
3.147725e+01 9.622976e-04 8.598838e-04 1.135145e-03 8.918643e-04
3.152925e+01 9.567225e-04 8.298272e-04 1.160031e-03 8.803091e-04
3.158125e+01 9.520327e-04 8.040131e-04 1.185218e-03 8.668666e-04
3.163325e+01 9.483890e-04 7.829658e-04 1.210005e-03 8.521958e-04
3.168525e+01 9.455587e-04 7.668364e-04 1.232956e-03 8.368841e-04
3.173725e+01 9.428323e-04 7.553352e-04 1.251827e-03 8.213343e-04
3.178925e+01 9.391163e-04 7.477626e-04 1.263850e-03 8.057358e-04
3.184125e+01 9.331739e-04 7.431059e-04 1.266300e-03 7.901158e-04
3.189325e+01 9.239332e-04 7.401608e-04 1.257201e-03 7.744378e-04
3.194525e+01 9.107614e-04 7.376516e-04 1.235926e-03 7.587063e-04
3.199725e+01 8.936291e-04 7.343515e-04 1.203495e-03 7.430409e-04
3.204925e+01 8.731296e-04 7.292228e-04 1.162474e-03 7.276918e-04
3.210125e+01 8.503578e-04 7.215706e-04 1.116516e-03 7.129865e-04
3.215325e+01 8.266868e-04 7.111750e-04 1.069662e-03 6.992232e-04
3.220525e+01 8.034928e-04 6.983384e-04 1.025589e-03 6.865507e-04
3.225725e+01 7.818904e-04 6.838015e-04 9.869799e-04 6.748897e-04
3.230925e+01 7.625402e-04 6.685363e-04 9.551422e-04 6.639420e-04
3.236125e+01 7.455792e-04 6.534849e-04 9.299611e-04 6.532917e-04
3.241325e+01 7.306933e-04 6.393436e-04 9.101723e-04 6.425639e-04
3.246525e+01 7.173050e-04 6.264696e-04 8.938744e-04 6.315710e-04
3.251725e+01 7.048106e-04 6.149214e-04 8.791265e-04 6.203840e-04
3.256925e+01 6.927767e-04 6.045828e-04 8.644549e-04 6.092925e-04
3.262125e+01 6.810293e-04 5.952888e-04 8.491292e-04 5.986700e-04
3.267325e+01 6.696131e-04 5.868880e-04 8.331535e-04 5.887977e-04
3.272525e+01 6.586570e-04 5.792219e-04 8.170269e-04 5.797221e-04
3.277725e+01 6.482194e-04 5.720516e-04 8.013999e-04 5.712066e-04
3.282925e+01 6.381869e-04 5.649914e-04 7.867705e-04 5.627988e-04
3.288125e+01 6.282688e-04 5.575020e-04 7.733214e-04 5.539831e-04
3.293325e+01 6.180809e-04 5.489694e-04 7.609222e-04 5.443513e-04
3.298525e+01 6.072732e-04 5.388481e-04 7.492523e-04 5.337192e-04
3.303725e+01 5.956437e-04 5.268149e-04 7.379673e-04 5.221491e-04
3.308925e+01 5.831943e-04 5.128711e-04 7.268290e-04 5.098826e-04
3.314125e+01 5.701123e-04 4.973529e-04 7.157562e-04 4.972278e-04
3.319325e+01 5.566973e-04 4.808507e-04 7.047905e-04 4.844509e-04
3.324525e+01 5.432693e-04 4.640814e-04 6.940154e-04 4.717110e-04
3.329725e+01 5.301011e-04 4.477662e-04 6.834839e-04 4.590533e-04
3.334925e+01 5.174039e-04 4.325548e-04 6.732010e-04 4.464559e-04
3.340125e+01 5.053632e-04 4.189987e-04 6.631777e-04 4.339132e-04
3.345325e+01 4.941973e-04 4.075444e-04 6.535220e-04 4.215255e-04
3.350525e+01 4.841961e-04 3.985158e-04 6.445153e-04 4.095571e-04
3.355725e+01 4.757084e-04 3.920708e-04 6.366268e-04 3.984275e-04
3.360925e+01 4.690819e-04 3.881548e-04 6.304612e-04 3.886297e-04
3.366125e+01 4.645883e-04 3.864881e-04 6.266721e-04 3.806046e-04
3.371325e+01 4.623796e-04 3.866214e-04 6.258867e-04 3.746308e-04
3.376525e+01 4.625014e-04 3.880570e-04 6.286633e-04 3.707838e-04
3.381725e+01 4.649498e-04 3.903997e-04 6.354647e-04 3.689851e-04
3.386925e+01 4.697329e-04 3.934752e-04 6.466135e-04 3.691098e-04
3.392125e+01 4.768877e-04 3.973620e-04 6.622116e-04 3.710895e-04
3.397325e+01 4.864381e-04 4.023195e-04 6.820429e-04 3.749519e-04
3.402525e+01 4.983116e-04 4.086413e-04 7.055131e-04 3.807804e-04
3.407725e+01 5.122618e-04 4.164955e-04 7.316712e-04 3.886186e-04
3.412925e+01 5.278431e-04 4.258217e-04 7.593266e-04 3.983809e-04
3.418125e+01 5.444552e-04 4.363233e-04 7.872247e-04 4.098178e-04
3.423325e+01 5.614421e-04 4.475477e-04 8.142189e-04 4.225597e-04
3.428525e+01 5.782021e-04 4.590077e-04 8.393798e-04 4.362187e-04
3.433725e+01 5.942668e-04 4.702850e-04 8.620154e-04 4.505001e-04
3.438925e+01 6.093236e-04 4.810796e-04 8.816153e-04 4.652760e-04
3.444125e+01 6.231929e-04 4.912174e-04 8.977682e-04 4.805932e-04
3.449325e+01 6.358006e-04 5.006561e-04 9.101195e-04 4.966263e-04
3.454525e+01 6.471865e-04 5.095358e-04 9.184156e-04 5.136080e-04
3.459725e+01 6.575626e-04 5.182704e-04 9.226438e-04 5.317736e-04
3.464925e+01 6.673894e-04 5.276239e-04 9.232106e-04 5.513337e-04
3.470125e+01 6.774047e-04 5.386834e-04 9.210698e-04 5.724609e-04
3.475325e+01 6.885484e-04 5.526719e-04 9.177092e-04 5.952640e-04
3.480525e+01 7.017792e-04 5.706276e-04 9.149675e-04 6.197425e-04
3.485725e+01 7.178458e-04 5.930686e-04 9.147223e-04 6.457464e-04
3.490925e+01 7.371089e-04 6.197969e-04 9.185430e-04 6.729867e-04
3.496125e+01 7.594938e-04 6.499539e-04 9.274027e-04 7.011249e-04
3.501325e+01 7.845803e-04 6.823202e-04 9.415030e-04 7.299179e-04
3.506525e+01 8.117612e-04 7.157305e-04 9.602116e-04 7.593415e-04
3.511725e+01 8.403676e-04 7.494141e-04 9.820908e-04 7.895978e-04
3.516925e+01 8.696835e-04 7.831013e-04 1.004997e-03 8.209519e-04
3.522125e+01 8.988500e-04 8.168567e-04 1.026264e-03 8.534289e-04
3.527325e+01 9.267318e-04 8.507288e-04 1.042989e-03 8.864779e-04
3.532525e+01 9.518606e-04 8.843879e-04 1.052441e-03 9.187529e-04
3.537725e+01 9.725345e-04 9.169191e-04 1.052550e-03 9.481343e-04
3.542925e+01 9.870878e-04 9.468467e-04 1.042379e-03 9.720378e-04
3.548125e+01 9.942543e-04 9.723687e-04 1.022435e-03 9.879591e-04
3.553325e+01 9.935033e-04 9.917038e-04 9.946984e-04 9.941078e-04
3.558525e+01 9.852253e-04 1.003444e-03 9.623006e-04 9.899310e-04
3.563725e+01 9.706964e-04 1.006836e-03 9.289113e-04 9.763421e-04
3.568925e+01 9.518263e-04 1.001937e-03 8.979878e-04 9.555543e-04
3.574125e+01 9.307655e-04 9.896412e-04 8.720992e-04 9.305561e-04
3.579325e+01 9.094854e-04 9.715474e-04 8.525095e-04 9.043991e-04
3.584525e+01 8.894459e-04 9.496935e-04 8.391145e-04 8.795299e-04
3.589725e+01 8.714267e-04 9.261977e-04 8.307135e-04 8.573690e-04
3.594925e+01 8.555399e-04 9.028862e-04 8.255039e-04 8.382298e-04
3.600125e+01 8.413927e-04 8.809952e-04 8.216398e-04 8.215431e-04
3.605325e+01 8.283320e-04 8.610275e-04 8.177036e-04 8.062650e-04
3.610525e+01 8.156986e-04 8.427982e-04 8.129785e-04 7.913192e-04
3.615725e+01 8.030268e-04 8.256595e-04 8.074761e-04 7.759449e-04
3.620925e+01 7.901533e-04 8.088385e-04 8.017459e-04 7.598756e-04
3.626125e+01 7.772250e-04 7.917879e-04 7.965546e-04 7.433324e-04
3.631325e+01 7.646220e-04 7.744315e-04 7.925605e-04 7.268740e-04
3.636525e+01 7.528270e-04 7.572131e-04 7.900861e-04 7.111818e-04
3.641725e+01 7.422770e-04 7.409215e-04 7.890444e-04 6.968650e-04
3.646925e+01 7.332258e-04 7.263442e-04 7.889984e-04 6.843348e-04
3.652125e+01 7.256405e-04 7.138786e-04 7.892913e-04 6.737517e-04
3.657325e+01 7.191464e-04 7.032472e-04 7.891754e-04 6.650167e-04
3.662525e+01 7.130342e-04 6.934284e-04 7.878996e-04 6.577745e-04
3.667725e+01 7.063377e-04 6.828343e-04 7.847545e-04 6.514244e-04
3.672925e+01 6.979806e-04 6.696791e-04 7.791032e-04 6.451595e-04
3.678125e+01 6.869715e-04 6.524274e-04 7.704280e-04 6.380591e-04
3.683325e+01 6.726101e-04 6.301889e-04 7.584024e-04 6.292390e-04
3.688525e+01 6.546542e-04 6.029535e-04 7.429748e-04 6.180344e-04
3.693725e+01 6.334040e-04 5.716121e-04 7.244319e-04 6.041680e-04
3.698925e+01 6.096757e-04 5.377725e-04 7.034075e-04 5.878472e-04
3.704125e+01 5.846688e-04 5.034370e-04 6.808203e-04 5.697493e-04
3.709325e+01 5.597554e-04 4.706414e-04 6.577459e-04 5.508789e-04
3.714525e+01 5.362388e-04 4.411442e-04 6.352505e-04 5.323217e-04
3.719725e+01 5.151357e-04 4.162202e-04 6.142275e-04 5.149594e-04
3.724925e+01 4.970268e-04 3.965654e-04 5.952765e-04 4.992383e-04
3.730125e+01 4.820094e-04 3.822904e-04 5.786550e-04 4.850827e-04
3.735325e+01 4.697609e-04 3.729760e-04 5.643073e-04 4.719995e-04
3.740525e+01 4.596971e-04 3.677798e-04 5.519608e-04 4.593508e-04
3.745725e+01 4.511804e-04 3.655922e-04 5.412558e-04 4.466931e-04
3.750925e+01 4.437160e-04 3.652299e-04 5.318735e-04 4.340445e-04
3.756125e+01 4.370713e-04 3.656323e-04 5.236245e-04 4.219570e-04
3.761325e+01 4.312787e-04 3.660085e-04 5.164788e-04 4.113490e-04
3.766525e+01 4.265266e-04 3.658910e-04 5.105338e-04 4.031551e-04
3.771725e+01 4.229898e-04 3.650885e-04 5.059410e-04 3.979398e-04
3.776925e+01 4.206777e-04 3.635744e-04 5.028208e-04 3.956378e-04
3.782125e+01 4.193684e-04 3.613745e-04 5.011945e-04 3.955363e-04
3.787325e+01 4.186520e-04 3.585082e-04 5.009436e-04 3.965042e-04
3.792525e+01 4.180540e-04 3.550028e-04 5.017912e-04 3.973681e-04
3.797725e+01 4.171745e-04 3.509539e-04 5.032886e-04 3.972810e-04
3.802925e+01 4.157824e-04 3.465895e-04 5.048097e-04 3.959479e-04
3.808125e+01 4.138363e-04 3.422902e-04 5.055740e-04 3.936447e-04
3.813325e+01 4.114467e-04 3.385523e-04 5.047319e-04 3.910560e-04
3.818525e+01 4.088141e-04 3.359036e-04 5.015268e-04 3.890118e-04
3.823725e+01 4.061733e-04 3.348018e-04 4.955042e-04 3.882139e-04
3.828925e+01 4.037531e-04 3.355409e-04 4.866909e-04 3.890276e-04
3.834125e+01 4.017387e-04 3.381821e-04 4.756558e-04 3.913782e-04
3.839325e+01 4.002291e-04 3.425100e-04 4.634031e-04 3.947743e-04
3.844525e+01 3.991987e-04 3.480218e-04 4.511244e-04 3.984500e-04
3.849725e+01 3.984853e-04 3.539615e-04 4.399034e-04 4.015911e-04
3.854925e+01 3.978328e-04 3.594239e-04 4.304965e-04 4.035779e-04
3.860125e+01 3.969892e-04 3.635335e-04 4.232735e-04 4.041605e-04
3.865325e+01 3.958332e-04 3.656689e-04 4.183234e-04 4.035074e-04
3.870525e+01 3.944747e-04 3.656597e-04 4.156491e-04 4.021153e-04
3.875725e+01 3.932762e-04 3.638658e-04 4.153327e-04 4.006302e-04
3.880925e+01 3.927729e-04 3.610827e-04 4.175756e-04 3.996603e-04
3.886125e+01 3.935108e-04 3.582897e-04 4.225960e-04 3.996466e-04
3.891325e+01 3.958670e-04 3.563372e-04 4.304481e-04 4.008157e-04
3.896525e+01 3.999249e-04 3.557041e-04 4.408771e-04 4.031934e-04
3.901725e+01 4.054537e-04 3.564210e-04 4.532983e-04 4.066420e-04
3.906925e+01 4.119963e-04 3.581764e-04 4.669190e-04 4.108935e-04
3.912125e+01 4.190186e-04 3.605373e-04 4.809393e-04 4.155792e-04
3.917325e+01 4.260585e-04 3.631717e-04 4.947339e-04 4.202699e-04
3.922525e+01 4.328214e-04 3.659827e-04 5.079427e-04 4.245390e-04
3.927725e+01 4.392068e-04 3.691166e-04 5.204580e-04 4.280457e-04
3.932925e+01 4.452791e-04 3.728720e-04 5.323428e-04 4.306225e-04
3.938125e+01 4.512131e-04 3.775690e-04 5.437251e-04 4.323452e-04
3.943325e+01 4.572336e-04 3.834409e-04 5.546921e-04 4.335678e-04
3.948525e+01 4.635590e-04 3.905793e-04 5.651903e-04 4.349074e-04
3.953725e+01 4.703482e-04 3.989333e-04 5.749437e-04 4.371676e-04
3.958925e+01 4.776532e-04 4.083387e-04 5.834247e-04 4.411961e-04
3.964125e+01 4.853895e-04 4.185494e-04 5.899222e-04 4.476968e-04
3.969325e+01 4.933377e-04 4.292534e-04 5.937232e-04 4.570365e-04
3.974525e+01 5.011836e-04 4.400742e-04 5.943640e-04 4.691126e-04
3.979725e+01 5.085874e-04 4.505700e-04 5.918563e-04 4.833359e-04
3.984925e+01 5.152625e-04 4.602508e-04 5.867849e-04 4.987519e-04
3.990125e+01 5.210398e-04 4.686259e-04 5.802231e-04 5.142705e-04
3.995325e+01 5.259027e-04 4.752839e-04 5.734924e-04 5.289319e-04
4.000525e+01 5.299900e-04 4.799884e-04 5.678607e-04 5.421209e-04
4.005725e+01 5.335707e-04 4.827604e-04 5.642890e-04 5.536626e-04
4.010925e+01 5.369948e-04 4.839087e-04 5.633008e-04 5.637748e-04
4.016125e+01 5.406225e-04 4.839823e-04 5.649828e-04 5.729024e-04
4.021325e+01 5.447369e-04 4.836426e-04 5.690740e-04 5.814941e-04
4.026525e+01 5.494567e-04 4.834885e-04 5.750838e-04 5.897979e-04
4.031725e+01 5.546751e-04 4.838868e-04 5.823998e-04 5.977388e-04
4.036925e+01 5.600532e-04 4.848684e-04 5.903751e-04 6.049160e-04
4.042125e+01 5.650796e-04 4.861263e-04 5.984052e-04 6.107073e-04
4.047325e+01 5.691844e-04 4.871186e-04 6.059982e-04 6.144363e-04
4.052525e+01 5.718691e-04 4.872391e-04 6.128293e-04 6.155389e-04
4.057725e+01 5.728135e-04 4.859936e-04 6.187638e-04 6.136832e-04
4.062925e+01 5.719312e-04 4.831238e-04 6.238421e-04 6.088276e-04
4.068125e+01 5.693745e-04 4.786463e-04 6.282399e-04 6.012374e-04
4.073325e+01 5.655122e-04 4.728210e-04 6.322282e-04 5.914874e-04
4.078525e+01 5.609063e-04 4.660961e-04 6.361520e-04 5.804708e-04
4.083725e+01 5.563055e-04 4.590812e-04 6.404286e-04 5.694068e-04
4.088925e+01 5.526441e-04 4.525661e-04 6.455438e-04 5.598224e-04
4.094125e+01 5.510152e-04 4.475552e-04 6.520146e-04 5.534760e-04
4.099325e+01 5.525846e-04 4.452530e-04 6.603033e-04 5.521975e-04
4.104525e+01 5.584303e-04 4.469491e-04 6.706937e-04 5.576481e-04
4.109725e+01 5.693345e-04 4.537961e-04 6.831736e-04 5.710337e-04
4.114925e+01 5.855881e-04 4.665436e-04 6.973841e-04 5.928365e-04
4.120125e+01 6.068816e-04 4.853230e-04 7.126834e-04 6.226385e-04
4.125325e+01 6.323275e-04 5.095713e-04 7.283230e-04 6.590884e-04
4.130525e+01 6.606082e-04 5.381272e-04 7.436750e-04 7.000224e-04
4.135725e+01 6.901916e-04 5.694625e-04 7.583987e-04 7.427136e-04
4.140925e+01 7.195363e-04 6.019666e-04 7.724407e-04 7.842017e-04
4.146125e+01 7.472268e-04 6.341909e-04 7.858337e-04 8.216558e-04
4.151325e+01 7.720272e-04 6.649929e-04 7.983682e-04 8.527206e-04
4.156525e+01 7.928875e-04 6.935621e-04 8.093035e-04 8.757970e-04
4.161725e+01 8.089504e-04 7.193549e-04 8.172964e-04 8.902000e-04
4.166925e+01 8.195896e-04 7.419763e-04 8.206372e-04 8.961553e-04
4.172125e+01 8.244711e-04 7.610496e-04 8.177319e-04 8.946319e-04
4.177325e+01 8.236029e-04 7.761074e-04 8.076437e-04 8.870577e-04
4.182525e+01 8.173368e-04 7.865397e-04 7.904721e-04 8.749985e-04
4.187725e+01 8.063147e-04 7.916294e-04 7.674259e-04 8.598886e-04
4.192925e+01 7.913819e-04 7.906960e-04 7.405784e-04 8.428713e-04
4.198125e+01 7.735026e-04 7.833238e-04 7.124159e-04 8.247683e-04
4.203325e+01 7.537033e-04 7.696117e-04 6.853455e-04 8.061526e-04
4.208525e+01 7.330413e-04 7.503449e-04 6.613058e-04 7.874731e-04
4.213725e+01 7.125771e-04 7.270031e-04 6.415604e-04 7.691677e-04
4.218925e+01 6.933240e-04 7.015733e-04 6.266808e-04 7.517178e-04
4.224125e+01 6.761705e-04 6.762130e-04 6.166699e-04 7.356286e-04
4.229325e+01 6.617971e-04 6.528721e-04 6.111547e-04 7.213644e-04
4.234525e+01 6.506230e-04 6.330006e-04 6.095759e-04 7.092923e-04
4.239725e+01 6.428151e-04 6.174341e-04 6.113265e-04 6.996849e-04
4.244925e+01 6.383569e-04 6.064709e-04 6.158175e-04 6.927824e-04
4.250125e+01 6.371409e-04 6.000781e-04 6.224786e-04 6.888659e-04
4.255325e+01 6.390291e-04 5.981095e-04 6.307162e-04 6.882616e-04
4.260525e+01 6.438386e-04 6.004287e-04 6.398586e-04 6.912285e-04
4.265725e+01 6.512528e-04 6.068859e-04 6.491185e-04 6.977541e-04
4.270925e+01 6.607095e-04 6.171806e-04 6.575930e-04 7.073548e-04
4.276125e+01 6.713417e-04 6.307050e-04 6.643173e-04 7.190029e-04
4.281325e+01 6.820329e-04 6.464743e-04 6.683716e-04 7.312529e-04
4.286525e+01 6.915917e-04 6.632023e-04 6.690237e-04 7.425492e-04
4.291725e+01 6.989941e-04 6.795066e-04 6.658732e-04 7.516027e-04
4.296925e+01 7.036037e-04 6.941614e-04 6.589528e-04 7.576968e-04
4.302125e+01 7.052873e-04 7.063011e-04 6.487508e-04 7.608099e-04
4.307325e+01 7.043909e-04 7.155081e-04 6.361396e-04 7.615250e-04
4.312525e+01 7.015918e-04 7.217742e-04 6.222251e-04 7.607762e-04
4.317725e+01 6.976871e-04 7.253740e-04 6.081538e-04 7.595334e-04
4.322925e+01 6.933880e-04 7.267098e-04 5.949237e-04 7.585303e-04
4.328125e+01 6.891748e-04 7.261816e-04 5.832364e-04 7.581064e-04
4.333325e+01 6.852374e-04 7.241136e-04 5.734167e-04 7.581818e-04
4.338525e+01 6.814950e-04 7.207429e-04 5.654080e-04 7.583340e-04
4.343725e+01 6.776709e-04 7.162539e-04 5.588376e-04 7.579212e-04
4.348925e+01 6.733855e-04 7.108237e-04 5.531333e-04 7.561996e-04
4.354125e+01 6.682404e-04 7.046444e-04 5.476641e-04 7.524126e-04
4.359325e+01 6.618786e-04 6.978992e-04 5.418736e-04 7.458629e-04
4.364525e+01 6.540227e-04 6.906972e-04 5.353784e-04 7.359924e-04
4.369725e+01 6.445032e-04 6.830057e-04 5.280156e-04 7.224885e-04
4.374925e+01 6.332885e-04 6.746283e-04 5.198334e-04 7.054040e-04
4.380125e+01 6.205167e-04 6.652653e-04 5.110320e-04 6.852529e-04
4.385325e+01 6.065178e-04 6.546467e-04 5.018723e-04 6.630344e-04
4.390525e+01 5.918060e-04 6.426872e-04 4.925773e-04 6.401536e-04
4.395725e+01 5.770276e-04 6.295931e-04 4.832553e-04 6.182344e-04
4.400925e+01 5.628659e-04 6.158729e-04 4.738699e-04 5.988550e-04
4.406125e+01 5.499248e-04 6.022480e-04 4.642661e-04 5.832603e-04
4.411325e+01 5.386226e-04 5.895034e-04 4.542452e-04 5.721192e-04
4.416525e+01 5.291281e-04 5.783321e-04 4.436615e-04 5.653906e-04
4.421725e+01 5.213513e-04 5.692091e-04 4.325115e-04 5.623332e-04
4.426925e+01 5.149840e-04 5.623063e-04 4.209884e-04 5.616573e-04
4.432125e+01 5.095706e-04 5.574465e-04 4.094884e-04 5.617768e-04
4.437325e+01 5.045904e-04 5.541062e-04 3.985693e-04 5.610957e-04
4.442525e+01 4.995420e-04 5.514864e-04 3.888696e-04 5.582700e-04
4.447725e+01 4.940252e-04 5.486669e-04 3.810049e-04 5.524040e-04
4.452925e+01 4.878146e-04 5.448240e-04 3.754573e-04 5.431624e-04
4.458125e+01 4.809095e-04 5.394504e-04 3.724810e-04 5.307971e-04
4.463325e+01 4.735452e-04 5.324996e-04 3.720476e-04 5.160885e-04
4.468525e+01 4.661557e-04 5.243996e-04 3.738524e-04 5.002152e-04
4.473725e+01 4.592983e-04 5.159349e-04 3.773918e-04 4.845683e-04
4.478925e+01 4.535628e-04 5.080475e-04 3.820950e-04 4.705460e-04
4.484125e+01 4.494875e-04 5.016321e-04 3.874703e-04 4.593600e-04
4.489325e+01 4.474931e-04 4.973845e-04 3.932154e-04 4.518796e-04
4.494525e+01 4.478356e-04 4.957303e-04 3.992481e-04 4.485284e-04
4.499725e+01 4.505690e-04 4.968192e-04 4.056472e-04 4.492405e-04
4.504925e+01 4.555201e-04 5.005516e-04 4.125245e-04 4.534841e-04
4.510125e+01 4.622801e-04 5.066056e-04 4.198772e-04 4.603577e-04
4.515325e+01 4.702260e-04 5.144517e-04 4.274773e-04 4.687491e-04
4.520525e+01 4.785804e-04 5.233635e-04 4.348456e-04 4.775320e-04
4.525725e+01 4.865127e-04 5.324507e-04 4.413321e-04 4.857552e-04
4.530925e+01 4.932703e-04 5.407387e-04 4.462883e-04 4.927839e-04
4.536125e+01 4.983151e-04 5.472947e-04 4.492830e-04 4.983676e-04
4.541325e+01 5.014291e-04 5.513764e-04 4.502839e-04 5.026269e-04
4.546525e+01 5.027536e-04 5.525590e-04 4.497326e-04 5.059691e-04
4.551725e+01 5.027418e-04 5.507982e-04 4.484745e-04 5.089526e-04
4.556925e+01 5.020326e-04 5.464123e-04 4.475616e-04 5.121239e-04
4.562125e+01 5.012840e-04 5.399918e-04 4.479961e-04 5.158643e-04
4.567325e+01 5.010175e-04 5.322685e-04 4.504992e-04 5.202848e-04
4.572525e+01 5.015196e-04 5.239763e-04 4.553748e-04 5.252076e-04
4.577725e+01 5.028214e-04 5.157333e-04 4.624875e-04 5.302435e-04
4.582925e+01 5.047487e-04 5.079650e-04 4.713403e-04 5.349409e-04
4.588125e+01 5.070144e-04 5.008835e-04 4.812127e-04 5.389469e-04
4.593325e+01 5.093210e-04 4.945259e-04 4.913244e-04 5.421127e-04
4.598525e+01 5.114451e-04 4.888373e-04 5.009953e-04 5.445028e-04
4.603725e+01 5.132872e-04 4.837644e-04 5.097798e-04 5.463175e-04
4.608925e+01 5.148809e-04 4.793197e-04 5.175420e-04 5.477810e-04
4.614125e+01 5.163635e-04 4.755878e-04 5.244433e-04 5.490595e-04
4.619325e+01 5.179163e-04 4.726790e-04 5.308269e-04 5.502431e-04
4.624525e+01 5.196928e-04 4.706659e-04 5.370249e-04 5.513875e-04
4.629725e+01 5.217570e-04 4.695470e-04 5.431494e-04 5.525746e-04
4.634925e+01 5.240562e-04 4.692646e-04 5.489516e-04 5.539525e-04
4.640125e+01 5.264370e-04 4.697683e-04 5.538125e-04 5.557304e-04
4.645325e+01 5.286986e-04 4.710823e-04 5.568859e-04 5.581277e-04
4.650525e+01 5.306588e-04 4.733280e-04 5.573538e-04 5.612947e-04
4.655725e+01 5.322056e-04 4.766729e-04 5.547170e-04 5.652268e-04
4.660925e+01 5.333195e-04 4.812216e-04 5.490295e-04 5.697074e-04
4.666125e+01 5.340703e-04 4.869020e-04 5.410009e-04 5.743079e-04
4.671325e+01 5.346038e-04 4.934140e-04 5.319309e-04 5.784665e-04
4.676525e+01 5.351340e-04 5.002822e-04 5.234855e-04 5.816342e-04
4.681725e+01 5.359387e-04 5.070004e-04 5.173711e-04 5.834445e-04
4.686925e+01 5.373448e-04 5.132045e-04 5.149921e-04 5.838377e-04
4.692125e+01 5.396871e-04 5.187884e-04 5.171854e-04 5.830874e-04
4.697325e+01 5.432376e-04 5.239033e-04 5.240977e-04 5.817118e-04
4.702525e+01 5.481241e-04 5.288365e-04 5.352260e-04 5.803100e-04
4.707725e+01 5.542706e-04 5.338300e-04 5.495851e-04 5.793966e-04
4.712925e+01 5.613880e-04 5.389302e-04 5.659283e-04 5.793055e-04
4.718125e+01 5.690261e-04 5.439429e-04 5.829438e-04 5.801918e-04
4.723325e+01 5.766664e-04 5.485167e-04 5.993796e-04 5.821029e-04
4.728525e+01 5.838211e-04 5.523113e-04 6.141000e-04 5.850520e-04
4.733725e+01 5.901030e-04 5.551633e-04 6.261157e-04 5.890301e-04
4.738925e+01 5.952488e-04 5.571659e-04 6.346381e-04 5.939423e-04
4.744125e+01 5.991064e-04 5.586251e-04 6.391790e-04 5.995151e-04
4.749325e+01 6.016171e-04 5.599227e-04 6.396734e-04 6.052550e-04
4.754525e+01 6.028197e-04 5.613629e-04 6.365705e-04 6.105258e-04
4.759725e+01 6.028881e-04 5.630869e-04 6.308351e-04 6.147423e-04
4.764925e+01 6.021786e-04 5.650915e-04 6.238340e-04 6.176104e-04
4.770125e+01 6.012467e-04 5.673268e-04 6.171161e-04 6.192973e-04
4.775325e+01 6.007905e-04 5.697999e-04 6.121333e-04 6.204383e-04
4.780525e+01 6.015094e-04 5.726168e-04 6.099600e-04 6.219513e-04
4.785725e+01 6.039091e-04 5.759350e-04 6.110712e-04 6.247213e-04
4.790925e+01 6.081210e-04 5.798595e-04 6.152222e-04 6.292812e-04
4.796125e+01 6.138124e-04 5.843505e-04 6.214637e-04 6.356230e-04
4.801325e+01 6.202416e-04 5.892021e-04 6.283002e-04 6.432225e-04
4.806525e+01 6.264532e-04 5.941142e-04 6.339793e-04 6.512660e-04
4.811725e+01 6.315550e-04 5.988239e-04 6.368642e-04 6.589770e-04
4.816925e+01 6.349785e-04 6.032307e-04 6.358047e-04 6.658999e-04
4.822125e+01 6.366287e-04 6.074525e-04 6.304059e-04 6.720277e-04
4.827325e+01 6.368771e-04 6.117826e-04 6.211086e-04 6.777401e-04
4.832525e+01 6.364100e-04 6.165694e-04 6.090519e-04 6.836087e-04
4.837725e+01 6.360022e-04 6.220740e-04 5.957636e-04 6.901690e-04
4.842925e+01 6.363005e-04 6.283680e-04 5.827824e-04 6.977512e-04
4.848125e+01 6.376837e-04 6.353115e-04 5.713308e-04 7.064088e-04
4.853325e+01 6.402196e-04 6.426087e-04 5.621169e-04 7.159332e-04
4.858525e+01 6.437063e-04 6.499073e-04 5.552908e-04 7.259209e-04
4.863725e+01 6.477634e-04 6.569000e-04 5.505242e-04 7.358659e-04
4.868925e+01 6.519421e-04 6.633926e-04 5.471658e-04 7.452677e-04
4.874125e+01 6.558332e-04 6.693263e-04 5.444238e-04 7.537494e-04
4.879325e+01 6.591544e-04 6.747575e-04 5.415420e-04 7.611636e-04
4.884525e+01 6.618014e-04 6.798062e-04 5.379475e-04 7.676504e-04
4.889725e+01 6.638501e-04 6.845889e-04 5.333506e-04 7.736108e-04
4.894925e+01 6.655112e-04 6.891554e-04 5.277892e-04 7.795889e-04
4.900125e+01 6.670553e-04 6.934559e-04 5.216131e-04 7.860969e-04
4.905325e+01 6.687403e-04 6.973548e-04 5.154196e-04 7.934465e-04
4.910525e+01 6.707638e-04 7.006980e-04 5.099504e-04 8.016430e-04
4.915725e+01 6.732492e-04 7.034114e-04 5.059646e-04 8.103717e-04
4.920925e+01 6.762549e-04 7.055936e-04 5.040998e-04 8.190713e-04
4.926125e+01 6.797912e-04 7.075632e-04 5.047436e-04 8.270667e-04
4.931325e+01 6.838388e-04 7.098370e-04 5.079433e-04 8.337361e-04
4.936525e+01 6.883725e-04 7.130431e-04 5.133892e-04 8.386853e-04
4.941725e+01 6.933926e-04 7.177926e-04 5.204888e-04 8.418965e-04
4.946925e+01 6.989588e-04 7.245468e-04 5.285200e-04 8.438096e-04
4.952125e+01 7.052085e-04 7.335136e-04 5.368119e-04 8.453000e-04
4.957325e+01 7.123459e-04 7.445991e-04 5.448879e-04 8.475507e-04
4.962525e+01 7.206009e-04 7.574246e-04 5.525153e-04 8.518628e-04
4.967725e+01 7.301774e-04 7.714024e-04 5.596553e-04 8.594746e-04
4.972925e+01 7.412123e-04 7.858460e-04 5.663504e-04 8.714406e-04
4.978125e+01 7.537550e-04 8.000838e-04 5.726180e-04 8.885631e-04
4.983325e+01 7.677559e-04 8.135469e-04 5.784037e-04 9.113171e-04
4.988525e+01 7.830439e-04 8.258154e-04 5.836063e-04 9.397101e-04
4.993725e+01 7.992814e-04 8.366207e-04 5.881465e-04 9.730769e-04
4.998925e+01 8.159169e-04 8.458138e-04 5.920342e-04 1.009903e-03
5.004125e+01 8.321786e-04 8.533190e-04 5.954030e-04 1.047814e-03
5.009325e+01 8.471504e-04 8.590975e-04 5.985098e-04 1.083844e-03
5.014525e+01 8.599424e-04 8.631515e-04 6.017060e-04 1.114970e-03
5.019725e+01 8.699150e-04 8.655818e-04 6.053887e-04 1.138774e-03
5.024925e+01 8.768766e-04 8.666886e-04 6.099319e-04 1.154009e-03
5.030125e+01 8.811701e-04 8.670629e-04 6.155988e-04 1.160849e-03
5.035325e+01 8.835986e-04 8.675975e-04 6.224596e-04 1.160739e-03
5.040525e+01 8.852044e-04 8.693611e-04 6.303461e-04 1.155906e-03
5.045725e+01 8.869742e-04 8.733342e-04 6.388727e-04 1.148716e-03
5.050925e+01 8.895717e-04 8.800808e-04 6.475249e-04 1.141109e-03
5.056125e+01 8.931920e-04 8.894867e-04 6.557869e-04 1.134302e-03
5.061325e+01 8.975777e-04 9.006863e-04 6.632648e-04 1.128782e-03
5.066525e+01 9.021786e-04 9.122379e-04 6.697670e-04 1.124531e-03
5.071725e+01 9.063775e-04 9.224948e-04 6.753250e-04 1.121313e-03
5.076925e+01 9.096899e-04 9.300416e-04 6.801527e-04 1.118875e-03
5.082125e+01 9.118679e-04 9.340383e-04 6.845547e-04 1.117011e-03
5.087325e+01 9.128941e-04 9.343697e-04 6.888025e-04 1.115510e-03
5.092525e+01 9.129013e-04 9.315854e-04 6.930051e-04 1.114114e-03
5.097725e+01 9.120830e-04 9.266874e-04 6.970218e-04 1.112540e-03
5.102925e+01 9.106391e-04 9.208565e-04 7.004642e-04 1.110596e-03
5.108125e+01 9.087696e-04 9.151936e-04 7.028153e-04 1.108300e-03
5.113325e+01 9.066879e-04 9.105198e-04 7.036414e-04 1.105902e-03
5.118525e+01 9.046106e-04 9.072519e-04 7.028108e-04 1.103769e-03
5.123725e+01 9.027022e-04 9.053566e-04 7.006071e-04 1.102143e-03
5.128925e+01 9.009818e-04 9.043782e-04 6.976569e-04 1.100910e-03
5.134125e+01 8.992399e-04 9.035367e-04 6.946787e-04 1.099504e-03
5.139325e+01 8.970191e-04 9.018837e-04 6.921601e-04 1.097014e-03
5.144525e+01 8.936984e-04 8.984981e-04 6.901161e-04 1.092481e-03
5.149725e+01 8.886670e-04 8.926874e-04 6.880546e-04 1.085259e-03
5.154925e+01 8.815347e-04 8.841567e-04 6.851756e-04 1.075272e-03
5.160125e+01 8.722938e-04 8.730983e-04 6.807199e-04 1.063063e-03
5.165325e+01 8.613691e-04 8.601757e-04 6.743148e-04 1.049617e-03
5.170525e+01 8.495347e-04 8.463992e-04 6.661665e-04 1.036038e-03
5.175725e+01 8.377328e-04 8.329322e-04 6.570230e-04 1.023243e-03
5.180925e+01 8.268635e-04 8.208891e-04 6.479276e-04 1.011774e-03
5.186125e+01 8.176166e-04 8.111900e-04 6.398673e-04 1.001792e-03
5.191325e+01 8.103907e-04 8.045046e-04 6.334509e-04 9.932167e-04
5.196525e+01 8.053005e-04 8.012743e-04 6.287326e-04 9.858944e-04
5.201725e+01 8.022416e-04 8.017577e-04 6.252326e-04 9.797345e-04
5.206925e+01 8.009709e-04 8.060373e-04 6.221312e-04 9.747443e-04
5.212125e+01 8.011674e-04 8.139595e-04 6.185592e-04 9.709835e-04
5.217325e+01 8.024638e-04 8.250375e-04 6.138770e-04 9.684768e-04
5.222525e+01 8.044578e-04 8.383903e-04 6.078548e-04 9.671283e-04
5.227725e+01 8.067177e-04 8.527837e-04 6.007066e-04 9.666626e-04
5.232925e+01 8.087956e-04 8.667906e-04 5.929912e-04 9.666051e-04
5.238125e+01 8.102520e-04 8.790105e-04 5.854338e-04 9.663116e-04
5.243325e+01 8.106890e-04 8.882628e-04 5.787437e-04 9.650606e-04
5.248525e+01 8.097890e-04 8.936862e-04 5.734803e-04 9.622005e-04
5.253725e+01 8.073476e-04 8.947498e-04 5.699864e-04 9.573066e-04
5.258925e+01 8.032920e-04 8.912328e-04 5.683700e-04 9.502730e-04
5.264125e+01 7.976744e-04 8.832401e-04 5.685033e-04 9.412797e-04
5.269325e+01 7.906407e-04 8.712645e-04 5.700179e-04 9.306398e-04
5.274525e+01 7.823838e-04 8.562409e-04 5.723034e-04 9.186070e-04
5.279725e+01 7.731017e-04 8.395110e-04 5.745396e-04 9.052547e-04
5.284925e+01 7.629788e-04 8.226495e-04 5.757908e-04 8.904961e-04
5.290125e+01 7.521929e-04 8.071806e-04 5.751694e-04 8.742287e-04
5.295325e+01 7.409385e-04 7.942731e-04 5.720325e-04 8.565099e-04
5.300525e+01 7.294405e-04 7.845209e-04 5.661431e-04 8.376574e-04
5.305725e+01 7.179404e-04 7.778774e-04 5.577229e-04 8.182209e-04
5.310925e+01 7.066539e-04 7.737527e-04 5.473629e-04 7.988460e-04
5.316125e+01 6.957192e-04 7.712331e-04 5.358186e-04 7.801061e-04
5.321325e+01 6.851708e-04 7.693553e-04 5.237762e-04 7.623810e-04
5.326525e+01 6.749589e-04 7.673598e-04 5.116915e-04 7.458252e-04
5.331725e+01 6.650140e-04 7.648606e-04 4.997636e-04 7.304179e-04
5.336925e+01 6.553251e-04 7.618849e-04 4.880351e-04 7.160555e-04
5.342125e+01 6.459877e-04 7.587769e-04 4.765465e-04 7.026397e-04
5.347325e+01 6.371937e-04 7.560024e-04 4.654543e-04 6.901246e-04
5.352525e+01 6.291641e-04 7.539274e-04 4.550519e-04 6.785129e-04
5.357725e+01 6.220548e-04 7.526554e-04 4.456972e-04 6.678118e-04
5.362925e+01 6.158821e-04 7.519799e-04 4.376936e-04 6.579728e-04
5.368125e+01 6.104978e-04 7.514577e-04 4.311880e-04 6.488477e-04
5.373325e+01 6.056261e-04 7.505626e-04 4.261266e-04 6.401890e-04
5.378525e+01 6.009445e-04 7.488520e-04 4.222739e-04 6.317075e-04
5.383725e+01 5.961797e-04 7.460865e-04 4.192755e-04 6.231771e-04
5.388925e+01 5.911863e-04 7.422720e-04 4.167359e-04 6.145509e-04
5.394125e+01 5.859842e-04 7.376246e-04 4.142909e-04 6.060371e-04
5.399325e+01 5.807462e-04 7.324803e-04 4.116654e-04 5.980929e-04
5.404525e+01 5.757440e-04 7.271855e-04 4.087166e-04 5.913299e-04
5.409725e+01 5.712763e-04 7.220032e-04 4.054605e-04 5.863652e-04
5.414925e+01 5.676044e-04 7.170562e-04 4.020778e-04 5.836790e-04
5.420125e+01 5.649099e-04 7.123163e-04 3.988885e-04 5.835251e-04
5.425325e+01 5.632737e-04 7.076270e-04 3.962864e-04 5.859076e-04
5.430525e+01 5.626606e-04 7.027446e-04 3.946399e-04 5.905973e-04
5.435725e+01 5.629071e-04 6.973854e-04 3.941817e-04 5.971541e-04
5.440925e+01 5.637186e-04 6.912853e-04 3.949294e-04 6.049411e-04
5.446125e+01 5.647021e-04 6.842833e-04 3.966746e-04 6.131484e-04
5.451325e+01 5.654451e-04 6.764248e-04 3.990515e-04 6.208592e-04
5.456525e+01 5.656302e-04 6.680559e-04 4.016648e-04 6.271698e-04
5.461725e+01 5.651399e-04 6.598540e-04 4.042202e-04 6.313456e-04
5.466925e+01 5.641048e-04 6.527481e-04 4.066023e-04 6.329640e-04
5.472125e+01 5.628631e-04 6.477194e-04 4.088702e-04 6.319996e-04
5.477325e+01 5.618466e-04 6.455317e-04 4.111787e-04 6.288295e-04
5.482525e+01 5.614397e-04 6.464831e-04 4.136720e-04 6.241639e-04
5.487725e+01 5.618689e-04 6.502775e-04 4.164030e-04 6.189263e-04
5.492925e+01 5.631632e-04 6.560740e-04 4.193127e-04 6.141029e-04
5.498125e+01 5.651852e-04 6.627000e-04 4.222742e-04 6.105815e-04
5.503325e+01 5.677050e-04 6.689455e-04 4.251728e-04 6.089966e-04
5.508525e+01 5.704708e-04 6.738232e-04 4.279791e-04 6.096101e-04
5.513725e+01 5.732499e-04 6.767077e-04 4.307792e-04 6.122628e-04
5.518925e+01 5.758340e-04 6.773352e-04 4.337476e-04 6.164192e-04
5.524125e+01 5.780327e-04 6.757195e-04 4.370742e-04 6.213043e-04
5.529325e+01 5.796775e-04 6.720666e-04 4.408746e-04 6.260913e-04
5.534525e+01 5.806477e-04 6.667416e-04 4.451221e-04 6.300794e-04
5.539725e+01 5.809055e-04 6.602805e-04 4.496297e-04 6.328064e-04
5.544925e+01 5.805194e-04 6.533899e-04 4.540964e-04 6.340719e-04
5.550125e+01 5.796567e-04 6.468786e-04 4.582042e-04 6.338874e-04
5.555325e+01 5.785467e-04 6.415091e-04 4.617349e-04 6.323962e-04
5.560525e+01 5.774260e-04 6.378137e-04 4.646609e-04 6.298034e-04
5.565725e+01 5.764843e-04 6.359497e-04 4.671683e-04 6.263350e-04
5.570925e+01 5.758239e-04 6.356590e-04 4.695923e-04 6.222203e-04
5.576125e+01 5.754398e-04 6.363539e-04 4.722814e-04 6.176842e-04
5.581325e+01 5.752266e-04 6.372997e-04 4.754433e-04 6.129370e-04
5.586525e+01 5.750111e-04 6.378282e-04 4.790413e-04 6.081639e-04
5.591725e+01 5.746073e-04 6.375077e-04 4.827964e-04 6.035178e-04
5.596925e+01 5.738800e-04 6.362160e-04 4.863034e-04 5.991207e-04
5.602125e+01 5.727966e-04 6.341065e-04 4.892148e-04 5.950686e-04
5.607325e+01 5.714486e-04 6.314992e-04 4.914106e-04 5.914361e-04
5.612525e+01 5.700326e-04 6.287546e-04 4.930724e-04 5.882709e-04
5.617725e+01 5.687923e-04 6.261770e-04 4.946249e-04 5.855750e-04
5.622925e+01 5.679353e-04 6.239661e-04 4.965705e-04 5.832694e-04
5.628125e+01 5.675453e-04 6.221969e-04 4.992907e-04 5.811482e-04
5.633325e+01 5.675116e-04 6.207983e-04 5.028990e-04 5.788376e-04
5.638525e+01 5.674970e-04 6.195134e-04 5.071943e-04 5.757834e-04
5.643725e+01 5.669532e-04 6.178580e-04 5.117125e-04 5.712891e-04
5.648925e+01 5.651815e-04 6.151117e-04 5.158238e-04 5.646090e-04
5.654125e+01 5.614216e-04 6.103715e-04 5.188169e-04 5.550763e-04
5.659325e+01 5.549386e-04 6.026659e-04 5.199314e-04 5.422184e-04
5.664525e+01 5.450844e-04 5.910963e-04 5.183444e-04 5.258126e-04
