4.700751e+00 0.000000e+00 0.000000e+00 0.000000e+00 0.000000e+00
4.752751e+00 0.000000e+00 0.000000e+00 0.000000e+00 0.000000e+00
4.804751e+00 0.000000e+00 0.000000e+00 0.000000e+00 0.000000e+00
4.856751e+00 0.000000e+00 0.000000e+00 0.000000e+00 0.000000e+00
4.908751e+00 0.000000e+00 0.000000e+00 0.000000e+00 0.000000e+00
4.960751e+00 0.000000e+00 0.000000e+00 0.000000e+00 0.000000e+00
5.012751e+00 0.000000e+00 0.000000e+00 0.000000e+00 0.000000e+00
5.064751e+00 0.000000e+00 0.000000e+00 0.000000e+00 0.000000e+00
5.116751e+00 0.000000e+00 0.000000e+00 0.000000e+00 0.000000e+00
5.168751e+00 0.000000e+00 0.000000e+00 0.000000e+00 0.000000e+00
5.220751e+00 0.000000e+00 0.000000e+00 0.000000e+00 0.000000e+00
5.272751e+00 0.000000e+00 0.000000e+00 0.000000e+00 0.000000e+00
5.324751e+00 0.000000e+00 0.000000e+00 0.000000e+00 0.000000e+00
5.376751e+00 0.000000e+00 0.000000e+00 0.000000e+00 0.000000e+00
5.428751e+00 0.000000e+00 0.000000e+00 0.000000e+00 0.000000e+00
5.480751e+00 0.000000e+00 0.000000e+00 0.000000e+00 0.000000e+00
5.532751e+00 0.000000e+00 0.000000e+00 0.000000e+00 0.000000e+00
5.584751e+00 0.000000e+00 0.000000e+00 0.000000e+00 0.000000e+00
5.636751e+00 0.000000e+00 0.000000e+00 0.000000e+00 0.000000e+00
5.688751e+00 0.000000e+00 0.000000e+00 0.000000e+00 0.000000e+00
5.740751e+00 0.000000e+00 0.000000e+00 0.000000e+00 0.000000e+00
5.792751e+00 0.000000e+00 0.000000e+00 0.000000e+00 0.000000e+00
5.844751e+00 0.000000e+00 0.000000e+00 0.000000e+00 0.000000e+00
5.896751e+00 0.000000e+00 0.000000e+00 0.000000e+00 0.000000e+00
5.948751e+00 0.000000e+00 0.000000e+00 0.000000e+00 0.000000e+00
6.000751e+00 0.000000e+00 0.000000e+00 0.000000e+00 0.000000e+00
6.052751e+00 0.000000e+00 0.000000e+00 0.000000e+00 0.000000e+00
6.104751e+00 0.000000e+00 0.000000e+00 0.000000e+00 0.000000e+00
6.156751e+00 0.000000e+00 0.000000e+00 0.000000e+00 0.000000e+00
6.208751e+00 0.000000e+00 0.000000e+00 0.000000e+00 0.000000e+00
6.260751e+00 0.000000e+00 0.000000e+00 0.000000e+00 0.000000e+00
6.312751e+00 0.000000e+00 0.000000e+00 0.000000e+00 0.000000e+00
6.364751e+00 0.000000e+00 0.000000e+00 0.000000e+00 0.000000e+00
6.416751e+00 0.000000e+00 0.000000e+00 0.000000e+00 0.000000e+00
6.468751e+00 0.000000e+00 0.000000e+00 0.000000e+00 0.000000e+00
6.520751e+00 0.000000e+00 0.000000e+00 0.000000e+00 0.000000e+00
6.572751e+00 0.000000e+00 0.000000e+00 0.000000e+00 0.000000e+00
6.624751e+00 0.000000e+00 0.000000e+00 0.000000e+00 0.000000e+00
6.676751e+00 0.000000e+00 0.000000e+00 0.000000e+00 0.000000e+00
6.728751e+00 0.000000e+00 0.000000e+00 0.000000e+00 0.000000e+00
6.780751e+00 0.000000e+00 0.000000e+00 0.000000e+00 0.000000e+00
6.832751e+00 0.000000e+00 0.000000e+00 0.000000e+00 0.000000e+00
6.884751e+00 0.000000e+00 0.000000e+00 0.000000e+00 0.000000e+00
6.936751e+00 0.000000e+00 0.000000e+00 0.000000e+00 0.000000e+00
6.988751e+00 0.000000e+00 0.000000e+00 0.000000e+00 0.000000e+00
7.040751e+00 0.000000e+00 0.000000e+00 0.000000e+00 0.000000e+00
7.092751e+00 0.000000e+00 0.000000e+00 0.000000e+00 0.000000e+00
7.144751e+00 0.000000e+00 0.000000e+00 0.000000e+00 0.000000e+00
7.196751e+00 0.000000e+00 0.000000e+00 0.000000e+00 0.000000e+00
7.248751e+00 0.000000e+00 0.000000e+00 0.000000e+00 0.000000e+00
7.300751e+00 0.000000e+00 0.000000e+00 0.000000e+00 0.000000e+00
7.352751e+00 0.000000e+00 0.000000e+00 0.000000e+00 0.000000e+00
7.404751e+00 0.000000e+00 0.000000e+00 0.000000e+00 0.000000e+00
7.456751e+00 0.000000e+00 0.000000e+00 0.000000e+00 0.000000e+00
7.508751e+00 0.000000e+00 0.000000e+00 0.000000e+00 0.000000e+00
7.560751e+00 0.000000e+00 0.000000e+00 0.000000e+00 0.000000e+00
7.612751e+00 0.000000e+00 0.000000e+00 0.000000e+00 0.000000e+00
7.664751e+00 0.000000e+00 0.000000e+00 0.000000e+00 0.000000e+00
7.716751e+00 0.000000e+00 0.000000e+00 0.000000e+00 0.000000e+00
7.768751e+00 0.000000e+00 0.000000e+00 0.000000e+00 0.000000e+00
7.820751e+00 0.000000e+00 0.000000e+00 0.000000e+00 0.000000e+00
7.872751e+00 0.000000e+00 0.000000e+00 0.000000e+00 0.000000e+00
7.924751e+00 0.000000e+00 0.000000e+00 0.000000e+00 0.000000e+00
7.976751e+00 0.000000e+00 0.000000e+00 0.000000e+00 0.000000e+00
8.028751e+00 0.000000e+00 0.000000e+00 0.000000e+00 0.000000e+00
8.080751e+00 0.000000e+00 0.000000e+00 0.000000e+00 0.000000e+00
8.132751e+00 0.000000e+00 0.000000e+00 0.000000e+00 0.000000e+00
8.184751e+00 0.000000e+00 0.000000e+00 0.000000e+00 0.000000e+00
8.236751e+00 0.000000e+00 0.000000e+00 0.000000e+00 0.000000e+00
8.288751e+00 0.000000e+00 0.000000e+00 0.000000e+00 0.000000e+00
8.340751e+00 0.000000e+00 0.000000e+00 0.000000e+00 0.000000e+00
8.392751e+00 0.000000e+00 0.000000e+00 0.000000e+00 0.000000e+00
8.444751e+00 0.000000e+00 0.000000e+00 0.000000e+00 0.000000e+00
8.496751e+00 0.000000e+00 0.000000e+00 0.000000e+00 0.000000e+00
8.548751e+00 7.259485e-15 5.072851e-17 2.125275e-14 4.749722e-16
8.600751e+00 3.322521e-14 2.321742e-16 9.726960e-14 2.173852e-15
8.652751e+00 2.303102e-13 3.199407e-14 6.158232e-13 4.311340e-14
8.704751e+00 9.692014e-13 1.445263e-13 2.571884e-12 1.911940e-13
8.756751e+00 4.161503e-12 7.614865e-13 1.076113e-11 9.618891e-13
8.808751e+00 1.568291e-11 3.087301e-12 4.011648e-11 3.844958e-12
8.860751e+00 5.608546e-11 1.196957e-11 1.416015e-10 1.468528e-11
8.912751e+00 1.878660e-10 4.285098e-11 4.686796e-10 5.206743e-11
8.964751e+00 5.932397e-10 1.442135e-10 1.461882e-09 1.736238e-10
9.016751e+00 1.765157e-09 4.553588e-10 4.296066e-09 5.440458e-10
9.068751e+00 4.954786e-09 1.351048e-09 1.190936e-08 1.603952e-09
9.120751e+00 1.312370e-08 3.767392e-09 3.115462e-08 4.449082e-09
9.172751e+00 3.282121e-08 9.880140e-09 7.696578e-08 1.161772e-08
9.224751e+00 7.754878e-08 2.438378e-08 1.796897e-07 2.857282e-08
9.276751e+00 1.732256e-07 5.667020e-08 3.967812e-07 6.622533e-08
9.328751e+00 3.661188e-07 1.241290e-07 8.294664e-07 1.447610e-07
9.380751e+00 7.328852e-07 2.564852e-07 1.643479e-06 2.986911e-07
9.432751e+00 1.391188e-06 5.004964e-07 3.090678e-06 5.823884e-07
9.484751e+00 2.507976e-06 9.235386e-07 5.525897e-06 1.074492e-06
9.536751e+00 4.301693e-06 1.613957e-06 9.412259e-06 1.878862e-06
9.588751e+00 7.035090e-06 2.676035e-06 1.530949e-05 3.119747e-06
9.640751e+00 1.099727e-05 4.218413e-06 2.384350e-05 4.929901e-06
9.692751e+00 1.647610e-05 6.336700e-06 3.565930e-05 7.432294e-06
9.744751e+00 2.372346e-05 9.092979e-06 5.135946e-05 1.071794e-05
9.796751e+00 3.291474e-05 1.249597e-05 7.142521e-05 1.482304e-05
9.848751e+00 4.410118e-05 1.648506e-05 9.611065e-05 1.970782e-05
9.900751e+00 5.715314e-05 2.092002e-05 1.253010e-04 2.523841e-05
9.952751e+00 7.169792e-05 2.557754e-05 1.583423e-04 3.117389e-05
1.000475e+01 8.706780e-05 3.015687e-05 1.938823e-04 3.716424e-05
1.005675e+01 1.022875e-04 3.429929e-05 2.297931e-04 4.277003e-05
1.010875e+01 1.161344e-04 3.762745e-05 2.632590e-04 4.751685e-05
1.016075e+01 1.272949e-04 3.980831e-05 2.910830e-04 5.099356e-05
1.021275e+01 1.346129e-04 4.063869e-05 3.102069e-04 5.299317e-05
1.026475e+01 1.373983e-04 4.014734e-05 3.183654e-04 5.368214e-05
1.031675e+01 1.357373e-04 3.870648e-05 3.147341e-04 5.377121e-05
1.036875e+01 1.307356e-04 3.714760e-05 3.004092e-04 5.465005e-05
1.042075e+01 1.246266e-04 3.687397e-05 2.785689e-04 5.843696e-05
1.047275e+01 1.206857e-04 3.994942e-05 2.542206e-04 6.788702e-05
1.052475e+01 1.229161e-04 4.911555e-05 2.335237e-04 8.610907e-05
1.057675e+01 1.355073e-04 6.766242e-05 2.227796e-04 1.160798e-04
1.062875e+01 1.621297e-04 9.907790e-05 2.272922e-04 1.600189e-04
1.068075e+01 2.052025e-04 1.464582e-04 2.503688e-04 2.187804e-04
1.073275e+01 2.653302e-04 2.117811e-04 2.927382e-04 2.914712e-04
1.078475e+01 3.411067e-04 2.952806e-04 3.525663e-04 3.754731e-04
1.083675e+01 4.293978e-04 3.952222e-04 4.260624e-04 4.669088e-04
1.088875e+01 5.260496e-04 5.082859e-04 5.084600e-04 5.614029e-04
1.094075e+01 6.267949e-04 6.304959e-04 5.950182e-04 6.548706e-04
1.099275e+01 7.280486e-04 7.583407e-04 6.817206e-04 7.440846e-04
1.104475e+01 8.273580e-04 8.895821e-04 7.655534e-04 8.269384e-04
1.109675e+01 9.234760e-04 1.023418e-03 8.445007e-04 9.025089e-04
1.114875e+01 1.016231e-03 1.160062e-03 9.175381e-04 9.710942e-04
1.120075e+01 1.106414e-03 1.300137e-03 9.848090e-04 1.034296e-03
1.125275e+01 1.195745e-03 1.444334e-03 1.047891e-03 1.095010e-03
1.130475e+01 1.286755e-03 1.593385e-03 1.109806e-03 1.157074e-03
1.135675e+01 1.382269e-03 1.747995e-03 1.174420e-03 1.224393e-03
1.140875e+01 1.484396e-03 1.908307e-03 1.245200e-03 1.299682e-03
1.146075e+01 1.593304e-03 2.072878e-03 1.323754e-03 1.383280e-03
1.151275e+01 1.706415e-03 2.237795e-03 1.408840e-03 1.472610e-03
1.156475e+01 1.818648e-03 2.396830e-03 1.496441e-03 1.562671e-03
1.161675e+01 1.923846e-03 2.543087e-03 1.580950e-03 1.647499e-03
1.166875e+01 2.016956e-03 2.671712e-03 1.657023e-03 1.722133e-03
1.172075e+01 2.096129e-03 2.782516e-03 1.721416e-03 1.784456e-03
1.177275e+01 2.164026e-03 2.881321e-03 1.774310e-03 1.836448e-03
1.182475e+01 2.227995e-03 2.979383e-03 1.819991e-03 1.884609e-03
1.187675e+01 2.299104e-03 3.090987e-03 1.866898e-03 1.939427e-03
1.192875e+01 2.390075e-03 3.229657e-03 1.926853e-03 2.013715e-03
1.198075e+01 2.512115e-03 3.403626e-03 2.013074e-03 2.119645e-03
1.203275e+01 2.670951e-03 3.611404e-03 2.136711e-03 2.264738e-03
1.208475e+01 2.863010e-03 3.838865e-03 2.302397e-03 2.447768e-03
1.213675e+01 3.073338e-03 4.059551e-03 2.504259e-03 2.656203e-03
1.218875e+01 3.276858e-03 4.239415e-03 2.724342e-03 2.866816e-03
1.224075e+01 3.443527e-03 4.345511e-03 2.934925e-03 3.050146e-03
1.229275e+01 3.546288e-03 4.356022e-03 3.104801e-03 3.178042e-03
1.234475e+01 3.569222e-03 4.267767e-03 3.207880e-03 3.232019e-03
1.239675e+01 3.512946e-03 4.097975e-03 3.231273e-03 3.209589e-03
1.244875e+01 3.395215e-03 3.879549e-03 3.179912e-03 3.126186e-03
1.250075e+01 3.246540e-03 3.651924e-03 3.075923e-03 3.011773e-03
1.255275e+01 3.102404e-03 3.451329e-03 2.952800e-03 2.903085e-03
1.260475e+01 2.994705e-03 3.303858e-03 2.846347e-03 2.833909e-03
1.265675e+01 2.944934e-03 3.222869e-03 2.785441e-03 2.826492e-03
1.270875e+01 2.960698e-03 3.210008e-03 2.785506e-03 2.886578e-03
1.276075e+01 3.035874e-03 3.257975e-03 2.846368e-03 3.003279e-03
1.281275e+01 3.153640e-03 3.353251e-03 2.954398e-03 3.153269e-03
1.286475e+01 3.291020e-03 3.478009e-03 3.087458e-03 3.307593e-03
1.291675e+01 3.423693e-03 3.611464e-03 3.220713e-03 3.438901e-03
1.296875e+01 3.530197e-03 3.731494e-03 3.331787e-03 3.527311e-03
1.302075e+01 3.595279e-03 3.817282e-03 3.404620e-03 3.563935e-03
1.307275e+01 3.612363e-03 3.853131e-03 3.432013e-03 3.551944e-03
1.312475e+01 3.585097e-03 3.832774e-03 3.416963e-03 3.505554e-03
1.317675e+01 3.527605e-03 3.762768e-03 3.372614e-03 3.447433e-03
1.322875e+01 3.462893e-03 3.663354e-03 3.320412e-03 3.404913e-03
1.328075e+01 3.419059e-03 3.565602e-03 3.286257e-03 3.405320e-03
1.333275e+01 3.423615e-03 3.504868e-03 3.295127e-03 3.470852e-03
1.338475e+01 3.497018e-03 3.511947e-03 3.365341e-03 3.613766e-03
1.343675e+01 3.647095e-03 3.604322e-03 3.504050e-03 3.832911e-03
1.348875e+01 3.865966e-03 3.780159e-03 3.705166e-03 4.112575e-03
1.354075e+01 4.130365e-03 4.016982e-03 3.950067e-03 4.424046e-03
1.359275e+01 4.405187e-03 4.275583e-03 4.210470e-03 4.729508e-03
1.364475e+01 4.649264e-03 4.508154e-03 4.452350e-03 4.987289e-03
1.369675e+01 4.822029e-03 4.668413e-03 4.640121e-03 5.157553e-03
1.374875e+01 4.889966e-03 4.721056e-03 4.740958e-03 5.207886e-03
1.380075e+01 4.832131e-03 4.648277e-03 4.729534e-03 5.118583e-03
1.385275e+01 4.644154e-03 4.452171e-03 4.593120e-03 4.887172e-03
1.390475e+01 4.340044e-03 4.153076e-03 4.335987e-03 4.531068e-03
1.395675e+01 3.951037e-03 3.784891e-03 3.981327e-03 4.086894e-03
1.400875e+01 3.521155e-03 3.388814e-03 3.569103e-03 3.605548e-03
1.406075e+01 3.099970e-03 3.006856e-03 3.149546e-03 3.143508e-03
1.411275e+01 2.734101e-03 2.676049e-03 2.773803e-03 2.752452e-03
1.416475e+01 2.459424e-03 2.423864e-03 2.484384e-03 2.470024e-03
1.421675e+01 2.295792e-03 2.265147e-03 2.308061e-03 2.314167e-03
1.426875e+01 2.245234e-03 2.200858e-03 2.252775e-03 2.282069e-03
1.432075e+01 2.293569e-03 2.218887e-03 2.308572e-03 2.353249e-03
1.437275e+01 2.414624e-03 2.297062e-03 2.451475e-03 2.495333e-03
1.442475e+01 2.575838e-03 2.407915e-03 2.648761e-03 2.670840e-03
1.447675e+01 2.744074e-03 2.524194e-03 2.864413e-03 2.843614e-03
1.452875e+01 2.890585e-03 2.623682e-03 3.064052e-03 2.984021e-03
1.458075e+01 2.994481e-03 2.691991e-03 3.219065e-03 3.072387e-03
1.463275e+01 3.044349e-03 2.722816e-03 3.309808e-03 3.100423e-03
1.468475e+01 3.038176e-03 2.716175e-03 3.327662e-03 3.070692e-03
1.473675e+01 2.982064e-03 2.676015e-03 3.275652e-03 2.994524e-03
1.478875e+01 2.888388e-03 2.608685e-03 3.167419e-03 2.889060e-03
1.484075e+01 2.773959e-03 2.523031e-03 3.024649e-03 2.774196e-03
1.489275e+01 2.658364e-03 2.431773e-03 2.873413e-03 2.669905e-03
1.494475e+01 2.562369e-03 2.352867e-03 2.740115e-03 2.594124e-03
1.499675e+01 2.506079e-03 2.309330e-03 2.647781e-03 2.561126e-03
1.504875e+01 2.506710e-03 2.326560e-03 2.613241e-03 2.580330e-03
1.510075e+01 2.576108e-03 2.427186e-03 2.645464e-03 2.655673e-03
1.515275e+01 2.718448e-03 2.624595e-03 2.745097e-03 2.785651e-03
1.520475e+01 2.928693e-03 2.917019e-03 2.905076e-03 2.963983e-03
1.525675e+01 3.192282e-03 3.284257e-03 3.112122e-03 3.180467e-03
1.530875e+01 3.486298e-03 3.688559e-03 3.348836e-03 3.421499e-03
1.536075e+01 3.781997e-03 4.080057e-03 3.595965e-03 3.669970e-03
1.541275e+01 4.048319e-03 4.405678e-03 3.834362e-03 3.904919e-03
1.546475e+01 4.255829e-03 4.619344e-03 4.046252e-03 4.101892e-03
1.551675e+01 4.380579e-03 4.690872e-03 4.215789e-03 4.235078e-03
1.556875e+01 4.407462e-03 4.611451e-03 4.329353e-03 4.281582e-03
1.562075e+01 4.332620e-03 4.394609e-03 4.376245e-03 4.227007e-03
1.567275e+01 4.164387e-03 4.072649e-03 4.350115e-03 4.070396e-03
1.572475e+01 3.922168e-03 3.689494e-03 4.250745e-03 3.826263e-03
1.577675e+01 3.633010e-03 3.291569e-03 4.085140e-03 3.522320e-03
1.582875e+01 3.326311e-03 2.918830e-03 3.866887e-03 3.193215e-03
1.588075e+01 3.028020e-03 2.598139e-03 3.613549e-03 2.872373e-03
1.593275e+01 2.756114e-03 2.340541e-03 3.342953e-03 2.584848e-03
1.598475e+01 2.518770e-03 2.142814e-03 3.069916e-03 2.343581e-03
1.603675e+01 2.315569e-03 1.992199e-03 2.804664e-03 2.149843e-03
1.608875e+01 2.140794e-03 1.872284e-03 2.553208e-03 1.996890e-03
1.614075e+01 1.987241e-03 1.768031e-03 2.318921e-03 1.874772e-03
1.619275e+01 1.849050e-03 1.668675e-03 2.104188e-03 1.774289e-03
1.624475e+01 1.722877e-03 1.568388e-03 1.911283e-03 1.688960e-03
1.629675e+01 1.607583e-03 1.465401e-03 1.742337e-03 1.615009e-03
1.634875e+01 1.503155e-03 1.360519e-03 1.598769e-03 1.550177e-03
1.640075e+01 1.409612e-03 1.255767e-03 1.480694e-03 1.492374e-03
1.645275e+01 1.326343e-03 1.153462e-03 1.386647e-03 1.438918e-03
1.650475e+01 1.251994e-03 1.055713e-03 1.313692e-03 1.386576e-03
1.655675e+01 1.184733e-03 9.641901e-04 1.257820e-03 1.332188e-03
1.660875e+01 1.122667e-03 8.800587e-04 1.214500e-03 1.273442e-03
1.666075e+01 1.064225e-03 8.039952e-04 1.179260e-03 1.209418e-03
1.671275e+01 1.008397e-03 7.362700e-04 1.148205e-03 1.140716e-03
1.676475e+01 9.548222e-04 6.768603e-04 1.118403e-03 1.069203e-03
1.681675e+01 9.037349e-04 6.255573e-04 1.088106e-03 9.975413e-04
1.686875e+01 8.558063e-04 5.820318e-04 1.056750e-03 9.286368e-04
1.692075e+01 8.119151e-04 5.458506e-04 1.024749e-03 8.651463e-04
1.697275e+01 7.728715e-04 5.164592e-04 9.930861e-04 8.090692e-04
1.702475e+01 7.391404e-04 4.931657e-04 9.627917e-04 7.614638e-04
1.707675e+01 7.106239e-04 4.751556e-04 9.344006e-04 7.223155e-04
1.712875e+01 6.865748e-04 4.615520e-04 9.075777e-04 6.905948e-04
1.718075e+01 6.656941e-04 4.515145e-04 8.810510e-04 6.645166e-04
1.723275e+01 6.464180e-04 4.443565e-04 8.529232e-04 6.419744e-04
1.728475e+01 6.273325e-04 4.396510e-04 8.212820e-04 6.210645e-04
1.733675e+01 6.075920e-04 4.372946e-04 7.849037e-04 6.005777e-04
1.738875e+01 5.872046e-04 4.375042e-04 7.437882e-04 5.803215e-04
1.744075e+01 5.670766e-04 4.407347e-04 6.993267e-04 5.611685e-04
1.749275e+01 5.487908e-04 4.475294e-04 6.540474e-04 5.447957e-04
1.754475e+01 5.341861e-04 4.583393e-04 6.110460e-04 5.331730e-04
1.759675e+01 5.248664e-04 4.733532e-04 5.733066e-04 5.279395e-04
1.764875e+01 5.217834e-04 4.923725e-04 5.431277e-04 5.298501e-04
1.770075e+01 5.249925e-04 5.147382e-04 5.217896e-04 5.384497e-04
1.775275e+01 5.336174e-04 5.392999e-04 5.094890e-04 5.520634e-04
1.780475e+01 5.459929e-04 5.644220e-04 5.054724e-04 5.680842e-04
1.785675e+01 5.599254e-04 5.880506e-04 5.082607e-04 5.834650e-04
1.790875e+01 5.730190e-04 6.078920e-04 5.158863e-04 5.952787e-04
1.796075e+01 5.830362e-04 6.217497e-04 5.261239e-04 6.012350e-04
1.801275e+01 5.882834e-04 6.280139e-04 5.367541e-04 6.000822e-04
1.806475e+01 5.879886e-04 6.262044e-04 5.459010e-04 5.918604e-04
1.811675e+01 5.825913e-04 6.173810e-04 5.524192e-04 5.779737e-04
1.816875e+01 5.738173e-04 6.042076e-04 5.562115e-04 5.610327e-04
1.822075e+01 5.644197e-04 5.905283e-04 5.583006e-04 5.444301e-04
1.827275e+01 5.575629e-04 5.804889e-04 5.605273e-04 5.316726e-04
1.832475e+01 5.559830e-04 5.774367e-04 5.649046e-04 5.256077e-04
1.837675e+01 5.612010e-04 5.829784e-04 5.728494e-04 5.277753e-04
1.842875e+01 5.731015e-04 5.965537e-04 5.846259e-04 5.381250e-04
1.848075e+01 5.900668e-04 6.157021e-04 5.992760e-04 5.552222e-04
1.853275e+01 6.096278e-04 6.369180e-04 6.150946e-04 5.768709e-04
1.858475e+01 6.293600e-04 6.567436e-04 6.304397e-04 6.008968e-04
1.863675e+01 6.476374e-04 6.726684e-04 6.444875e-04 6.257564e-04
1.868875e+01 6.639324e-04 6.835139e-04 6.575613e-04 6.507218e-04
1.874075e+01 6.785657e-04 6.892384e-04 6.708689e-04 6.755897e-04
1.879275e+01 6.920746e-04 6.903591e-04 6.857701e-04 7.000947e-04
1.884475e+01 7.045417e-04 6.873434e-04 7.029317e-04 7.233500e-04
1.889675e+01 7.152332e-04 6.802919e-04 7.217800e-04 7.436278e-04
1.894875e+01 7.227359e-04 6.690560e-04 7.405209e-04 7.586307e-04
1.900075e+01 7.255308e-04 6.537011e-04 7.567265e-04 7.661648e-04
1.905275e+01 7.227253e-04 6.350395e-04 7.682153e-04 7.649211e-04
1.910475e+01 7.145799e-04 6.149210e-04 7.738151e-04 7.550036e-04
1.915675e+01 7.025571e-04 5.960698e-04 7.736554e-04 7.379460e-04
1.920875e+01 6.888455e-04 5.814637e-04 7.688692e-04 7.162036e-04
1.926075e+01 6.755679e-04 5.734628e-04 7.608780e-04 6.923629e-04
1.931275e+01 6.640409e-04 5.730292e-04 7.506413e-04 6.684523e-04
1.936475e+01 6.544417e-04 5.793707e-04 7.382767e-04 6.456778e-04
1.941675e+01 6.460425e-04 5.901922e-04 7.232673e-04 6.246679e-04
1.946875e+01 6.379048e-04 6.024981e-04 7.051800e-04 6.060365e-04
1.952075e+01 6.297033e-04 6.136581e-04 6.845541e-04 5.908976e-04
1.957275e+01 6.222902e-04 6.223386e-04 6.635283e-04 5.810038e-04
1.962475e+01 6.177438e-04 6.289506e-04 6.458866e-04 5.783941e-04
1.967675e+01 6.188830e-04 6.354736e-04 6.364660e-04 5.847094e-04
1.972875e+01 6.284663e-04 6.447560e-04 6.401282e-04 6.005146e-04
1.978075e+01 6.483947e-04 6.595771e-04 6.606422e-04 6.249646e-04
1.983275e+01 6.791870e-04 6.817889e-04 6.997939e-04 6.559781e-04
1.988475e+01 7.198291e-04 7.117660e-04 7.568973e-04 6.908241e-04
1.993675e+01 7.679372e-04 7.482500e-04 8.287287e-04 7.268328e-04
1.998875e+01 8.201021e-04 7.885598e-04 9.098376e-04 7.619088e-04
2.004075e+01 8.723240e-04 8.290949e-04 9.932000e-04 7.946770e-04
2.009275e+01 9.205334e-04 8.660484e-04 1.071216e-03 8.243353e-04
2.014475e+01 9.612313e-04 8.962270e-04 1.137007e-03 8.504603e-04
2.019675e+01 9.922047e-04 9.178184e-04 1.185795e-03 8.730010e-04
2.024875e+01 1.013125e-03 9.308909e-04 1.215995e-03 8.924905e-04
2.030075e+01 1.025738e-03 9.374131e-04 1.229541e-03 9.102606e-04
2.035275e+01 1.033415e-03 9.407065e-04 1.231186e-03 9.283513e-04
2.040475e+01 1.040105e-03 9.444570e-04 1.226896e-03 9.489617e-04
2.045675e+01 1.049046e-03 9.516241e-04 1.221906e-03 9.736078e-04
2.050875e+01 1.061762e-03 9.636642e-04 1.219207e-03 1.002413e-03
2.056075e+01 1.077804e-03 9.803668e-04 1.219079e-03 1.033965e-03
2.061275e+01 1.095330e-03 1.000325e-03 1.219767e-03 1.065897e-03
2.066475e+01 1.112218e-03 1.021783e-03 1.218897e-03 1.095975e-03
2.071675e+01 1.127196e-03 1.043459e-03 1.214931e-03 1.123198e-03
2.076875e+01 1.140488e-03 1.065009e-03 1.208027e-03 1.148427e-03
2.082075e+01 1.153776e-03 1.087004e-03 1.200065e-03 1.174260e-03
2.087275e+01 1.169550e-03 1.110500e-03 1.193960e-03 1.204191e-03
2.092475e+01 1.190132e-03 1.136438e-03 1.192621e-03 1.241338e-03
2.097675e+01 1.216744e-03 1.165137e-03 1.197957e-03 1.287138e-03
2.102875e+01 1.248912e-03 1.196069e-03 1.210199e-03 1.340469e-03
2.108075e+01 1.284395e-03 1.227979e-03 1.227705e-03 1.397501e-03
2.113275e+01 1.319655e-03 1.259280e-03 1.247275e-03 1.452410e-03
2.118475e+01 1.350718e-03 1.288492e-03 1.264902e-03 1.498761e-03
2.123675e+01 1.374151e-03 1.314527e-03 1.276783e-03 1.531142e-03
2.128875e+01 1.387836e-03 1.336689e-03 1.280313e-03 1.546504e-03
2.134075e+01 1.391340e-03 1.354457e-03 1.274773e-03 1.544790e-03
2.139275e+01 1.385832e-03 1.367261e-03 1.261500e-03 1.528735e-03
2.144475e+01 1.373653e-03 1.374434e-03 1.243486e-03 1.503039e-03
2.149675e+01 1.357773e-03 1.375434e-03 1.224563e-03 1.473322e-03
2.154875e+01 1.341325e-03 1.370243e-03 1.208484e-03 1.445250e-03
2.160075e+01 1.327359e-03 1.359771e-03 1.198234e-03 1.424071e-03
2.165275e+01 1.318811e-03 1.346118e-03 1.195786e-03 1.414528e-03
2.170475e+01 1.318604e-03 1.332586e-03 1.202300e-03 1.420925e-03
2.175675e+01 1.329688e-03 1.323441e-03 1.218567e-03 1.447057e-03
2.180875e+01 1.354869e-03 1.323406e-03 1.245400e-03 1.495802e-03
2.186075e+01 1.396368e-03 1.336915e-03 1.283783e-03 1.568404e-03
2.191275e+01 1.455194e-03 1.367209e-03 1.334694e-03 1.663678e-03
2.196475e+01 1.530569e-03 1.415450e-03 1.398714e-03 1.777542e-03
2.201675e+01 1.619643e-03 1.480143e-03 1.475590e-03 1.903195e-03
2.206875e+01 1.717677e-03 1.557107e-03 1.563880e-03 2.032044e-03
2.212075e+01 1.818693e-03 1.640146e-03 1.660791e-03 2.155143e-03
2.217275e+01 1.916401e-03 1.722296e-03 1.762244e-03 2.264663e-03
2.222475e+01 2.005114e-03 1.797294e-03 1.863173e-03 2.354874e-03
2.227675e+01 2.080396e-03 1.860812e-03 1.958024e-03 2.422352e-03
2.232875e+01 2.139299e-03 1.911062e-03 2.041365e-03 2.465469e-03
2.238075e+01 2.180225e-03 1.948619e-03 2.108491e-03 2.483564e-03
2.243275e+01 2.202592e-03 1.975593e-03 2.155888e-03 2.476296e-03
2.248475e+01 2.206512e-03 1.994499e-03 2.181485e-03 2.443553e-03
2.253675e+01 2.192608e-03 2.007231e-03 2.184665e-03 2.385929e-03
2.258875e+01 2.162000e-03 2.014430e-03 2.166108e-03 2.305461e-03
2.264075e+01 2.116365e-03 2.015390e-03 2.127558e-03 2.206148e-03
2.269275e+01 2.057961e-03 2.008430e-03 2.071593e-03 2.093861e-03
2.274475e+01 1.989521e-03 1.991564e-03 2.001443e-03 1.975554e-03
2.279675e+01 1.914017e-03 1.963247e-03 1.920801e-03 1.858003e-03
2.284875e+01 1.834353e-03 1.922962e-03 1.833557e-03 1.746541e-03
2.290075e+01 1.753057e-03 1.871514e-03 1.743416e-03 1.644242e-03
2.295275e+01 1.672091e-03 1.810969e-03 1.653454e-03 1.551850e-03
2.300475e+01 1.592811e-03 1.744284e-03 1.565778e-03 1.468372e-03
2.305675e+01 1.516078e-03 1.674751e-03 1.481438e-03 1.392046e-03
2.310875e+01 1.442434e-03 1.605425e-03 1.400641e-03 1.321236e-03
2.316075e+01 1.372258e-03 1.538670e-03 1.323187e-03 1.254916e-03
2.321275e+01 1.305816e-03 1.475899e-03 1.248891e-03 1.192659e-03
2.326475e+01 1.243223e-03 1.417540e-03 1.177828e-03 1.134300e-03
2.331675e+01 1.184348e-03 1.363181e-03 1.110304e-03 1.079558e-03
2.336875e+01 1.128775e-03 1.311831e-03 1.046637e-03 1.027856e-03
2.342075e+01 1.075846e-03 1.262216e-03 9.869162e-04 9.784068e-04
2.347275e+01 1.024791e-03 1.213039e-03 9.308768e-04 9.304565e-04
2.352475e+01 9.748912e-04 1.163186e-03 8.779774e-04 8.835104e-04
2.357675e+01 9.256383e-04 1.111874e-03 8.276184e-04 8.374220e-04
2.362875e+01 8.768421e-04 1.058783e-03 7.794040e-04 7.923397e-04
2.368075e+01 8.286950e-04 1.004153e-03 7.333423e-04 7.485898e-04
2.373275e+01 7.817880e-04 9.488470e-04 6.899294e-04 7.065877e-04
2.378475e+01 7.370737e-04 8.942911e-04 6.501108e-04 6.668192e-04
2.383675e+01 6.957642e-04 8.422815e-04 6.151395e-04 6.298715e-04
2.388875e+01 6.591571e-04 7.946683e-04 5.863447e-04 5.964582e-04
2.394075e+01 6.284088e-04 7.530077e-04 5.648318e-04 5.673868e-04
2.399275e+01 6.042958e-04 7.182865e-04 5.511511e-04 5.434497e-04
2.404475e+01 5.870182e-04 6.907942e-04 5.450110e-04 5.252493e-04
2.409675e+01 5.760895e-04 6.701409e-04 5.451324e-04 5.129950e-04
2.414875e+01 5.703382e-04 6.553653e-04 5.493277e-04 5.063216e-04
2.420075e+01 5.680245e-04 6.450624e-04 5.548209e-04 5.041902e-04
2.425275e+01 5.670596e-04 6.375053e-04 5.587472e-04 5.049262e-04
2.430475e+01 5.653056e-04 6.307847e-04 5.587009e-04 5.064312e-04
2.435675e+01 5.609222e-04 6.230173e-04 5.531889e-04 5.065605e-04
2.440875e+01 5.527121e-04 6.126515e-04 5.418871e-04 5.035976e-04
2.446075e+01 5.404035e-04 5.988342e-04 5.256695e-04 4.967067e-04
2.451275e+01 5.248025e-04 5.817437e-04 5.064409e-04 4.862229e-04
2.456475e+01 5.077545e-04 5.627571e-04 4.868309e-04 4.736755e-04
2.461675e+01 4.918844e-04 5.443488e-04 4.697934e-04 4.615112e-04
2.466875e+01 4.801364e-04 5.296848e-04 4.581469e-04 4.525774e-04
2.472075e+01 4.751910e-04 5.219769e-04 4.540985e-04 4.494974e-04
2.477275e+01 4.788924e-04 5.237508e-04 4.588315e-04 4.540950e-04
2.482475e+01 4.918352e-04 5.362306e-04 4.722677e-04 4.670074e-04
2.487675e+01 5.132289e-04 5.590196e-04 4.930999e-04 4.875673e-04
2.492875e+01 5.410864e-04 5.901809e-04 5.191150e-04 5.139633e-04
2.498075e+01 5.726781e-04 6.266917e-04 5.477224e-04 5.436203e-04
2.503275e+01 6.051129e-04 6.651254e-04 5.765189e-04 5.736944e-04
2.508475e+01 6.358683e-04 7.023351e-04 6.037085e-04 6.015613e-04
2.513675e+01 6.631259e-04 7.359244e-04 6.282584e-04 6.251949e-04
2.518875e+01 6.858484e-04 7.643861e-04 6.497813e-04 6.433780e-04
2.524075e+01 7.036394e-04 7.869419e-04 6.682331e-04 6.557431e-04
2.529275e+01 7.164947e-04 8.032376e-04 6.835680e-04 6.626786e-04
2.534475e+01 7.245731e-04 8.130834e-04 6.954877e-04 6.651482e-04
2.539675e+01 7.280607e-04 8.163555e-04 7.033684e-04 6.644582e-04
2.544875e+01 7.271398e-04 8.130502e-04 7.063770e-04 6.619922e-04
2.550075e+01 7.220174e-04 8.033895e-04 7.037248e-04 6.589379e-04
2.555275e+01 7.129701e-04 7.878790e-04 6.949738e-04 6.560577e-04
2.560475e+01 7.003981e-04 7.672976e-04 6.803157e-04 6.535811e-04
2.565675e+01 6.849141e-04 7.426845e-04 6.607705e-04 6.512874e-04
2.570875e+01 6.674866e-04 7.154059e-04 6.382693e-04 6.487846e-04
2.576075e+01 6.496029e-04 6.873222e-04 6.155911e-04 6.458955e-04
2.581275e+01 6.333604e-04 6.609707e-04 5.961190e-04 6.429915e-04
2.586475e+01 6.213802e-04 6.396170e-04 5.834025e-04 6.411211e-04
2.591675e+01 6.164933e-04 6.270398e-04 5.805714e-04 6.418688e-04
2.596875e+01 6.212452e-04 6.269979e-04 5.897230e-04 6.470148e-04
2.602075e+01 6.373543e-04 6.424510e-04 6.114591e-04 6.581528e-04
2.607275e+01 6.652885e-04 6.747088e-04 6.447290e-04 6.764278e-04
2.612475e+01 7.040924e-04 7.227582e-04 6.870534e-04 7.024655e-04
2.617675e+01 7.515086e-04 7.830163e-04 7.350698e-04 7.364395e-04
2.622875e+01 8.043455e-04 8.496750e-04 7.852264e-04 7.781351e-04
2.628075e+01 8.589678e-04 9.156378e-04 8.343936e-04 8.268720e-04
2.633275e+01 9.117602e-04 9.738435e-04 8.801912e-04 8.812460e-04
2.638475e+01 9.594523e-04 1.018610e-03 9.209485e-04 9.387980e-04
2.643675e+01 9.992718e-04 1.046604e-03 9.553793e-04 9.958326e-04
2.648875e+01 1.028991e-03 1.057161e-03 9.821951e-04 1.047616e-03
2.654075e+01 1.046979e-03 1.051953e-03 9.999229e-04 1.089059e-03
2.659275e+01 1.052350e-03 1.034186e-03 1.007095e-03 1.115770e-03
2.664475e+01 1.045211e-03 1.007688e-03 1.002781e-03 1.125165e-03
2.669675e+01 1.026884e-03 9.761728e-04 9.872272e-04 1.117251e-03
2.674875e+01 9.999720e-04 9.428556e-04 9.622918e-04 1.094769e-03
2.680075e+01 9.681452e-04 9.103866e-04 9.314101e-04 1.062639e-03
2.685275e+01 9.356383e-04 8.809907e-04 8.990506e-04 1.026874e-03
2.690475e+01 9.065768e-04 8.566216e-04 8.698108e-04 9.932981e-04
2.695675e+01 8.842866e-04 8.389799e-04 8.474490e-04 9.664310e-04
2.700875e+01 8.707455e-04 8.293160e-04 8.341480e-04 9.487725e-04
2.706075e+01 8.662873e-04 8.280487e-04 8.302078e-04 9.406053e-04
2.711275e+01 8.696116e-04 8.343481e-04 8.342083e-04 9.402784e-04
2.716475e+01 8.781070e-04 8.459074e-04 8.435489e-04 9.448646e-04
2.721675e+01 8.884390e-04 8.591095e-04 8.551815e-04 9.510262e-04
2.726875e+01 8.972957e-04 8.696627e-04 8.663323e-04 9.558921e-04
2.732075e+01 9.021232e-04 8.735826e-04 8.750439e-04 9.577432e-04
2.737275e+01 9.016685e-04 8.682252e-04 8.804408e-04 9.563394e-04
2.742475e+01 8.961882e-04 8.530246e-04 8.827151e-04 9.528249e-04
2.747675e+01 8.872882e-04 8.296883e-04 8.829055e-04 9.492709e-04
2.752875e+01 8.774648e-04 8.017951e-04 8.825741e-04 9.480253e-04
2.758075e+01 8.694957e-04 7.739407e-04 8.834691e-04 9.510774e-04
2.763275e+01 8.658390e-04 7.506982e-04 8.872091e-04 9.596098e-04
2.768475e+01 8.681641e-04 7.356794e-04 8.949879e-04 9.738250e-04
2.773675e+01 8.770879e-04 7.309239e-04 9.073050e-04 9.930348e-04
2.778875e+01 8.921443e-04 7.367321e-04 9.237732e-04 1.015928e-03
2.784075e+01 9.119754e-04 7.519279e-04 9.430982e-04 1.040900e-03
2.789275e+01 9.346898e-04 7.744105e-04 9.633069e-04 1.066352e-03
2.794475e+01 9.582896e-04 8.017686e-04 9.822133e-04 1.090887e-03
2.799675e+01 9.810462e-04 8.317307e-04 9.979898e-04 1.113418e-03
2.804875e+01 1.001720e-03 8.623265e-04 1.009637e-03 1.133197e-03
2.810075e+01 1.019590e-03 8.917995e-04 1.017166e-03 1.149803e-03
2.815275e+01 1.034333e-03 9.184499e-04 1.021439e-03 1.163109e-03
2.820475e+01 1.045880e-03 9.406254e-04 1.023755e-03 1.173259e-03
2.825675e+01 1.054348e-03 9.569809e-04 1.025409e-03 1.180653e-03
2.830875e+01 1.060114e-03 9.669497e-04 1.027436e-03 1.185957e-03
2.836075e+01 1.063992e-03 9.712075e-04 1.030645e-03 1.190123e-03
2.841275e+01 1.067361e-03 9.718482e-04 1.035876e-03 1.194361e-03
2.846475e+01 1.072125e-03 9.720823e-04 1.044273e-03 1.200019e-03
2.851675e+01 1.080385e-03 9.754646e-04 1.057340e-03 1.208350e-03
2.856875e+01 1.093920e-03 9.848809e-04 1.076660e-03 1.220218e-03
2.862075e+01 1.113632e-03 1.001660e-03 1.103369e-03 1.235865e-03
2.867275e+01 1.139207e-03 1.025152e-03 1.137601e-03 1.254868e-03
2.872475e+01 1.169146e-03 1.052934e-03 1.178200e-03 1.276305e-03
2.877675e+01 1.201167e-03 1.081573e-03 1.222848e-03 1.299079e-03
2.882875e+01 1.232846e-03 1.107675e-03 1.268606e-03 1.322258e-03
2.888075e+01 1.262312e-03 1.128886e-03 1.312702e-03 1.345348e-03
2.893275e+01 1.288792e-03 1.144600e-03 1.353316e-03 1.368461e-03
2.898475e+01 1.312901e-03 1.156183e-03 1.390123e-03 1.392398e-03
2.903675e+01 1.336580e-03 1.166681e-03 1.424418e-03 1.418641e-03
2.908875e+01 1.362642e-03 1.180045e-03 1.458724e-03 1.449157e-03
2.914075e+01 1.393974e-03 1.200017e-03 1.495958e-03 1.485948e-03
2.919275e+01 1.432577e-03 1.228976e-03 1.538366e-03 1.530388e-03
2.924475e+01 1.478744e-03 1.267107e-03 1.586586e-03 1.582540e-03
2.929675e+01 1.530727e-03 1.312224e-03 1.639195e-03 1.640762e-03
2.934875e+01 1.585031e-03 1.360328e-03 1.692930e-03 1.701837e-03
2.940075e+01 1.637265e-03 1.406686e-03 1.743497e-03 1.761613e-03
2.945275e+01 1.683184e-03 1.447008e-03 1.786633e-03 1.815911e-03
2.950475e+01 1.719527e-03 1.478255e-03 1.818995e-03 1.861331e-03
2.955675e+01 1.744400e-03 1.498901e-03 1.838608e-03 1.895691e-03
2.960875e+01 1.757198e-03 1.508713e-03 1.844824e-03 1.918058e-03
2.966075e+01 1.758284e-03 1.508323e-03 1.838016e-03 1.928512e-03
2.971275e+01 1.748662e-03 1.498873e-03 1.819248e-03 1.927867e-03
2.976475e+01 1.729797e-03 1.481817e-03 1.790107e-03 1.917467e-03
2.981675e+01 1.703537e-03 1.458852e-03 1.752669e-03 1.899089e-03
2.986875e+01 1.672058e-03 1.431857e-03 1.709471e-03 1.874845e-03
2.992075e+01 1.637716e-03 1.402772e-03 1.663372e-03 1.847005e-03
2.997275e+01 1.602819e-03 1.373450e-03 1.617284e-03 1.817723e-03
3.002475e+01 1.569362e-03 1.345516e-03 1.573863e-03 1.788708e-03
3.007675e+01 1.538831e-03 1.320269e-03 1.535297e-03 1.760927e-03
3.012875e+01 1.512089e-03 1.298600e-03 1.503222e-03 1.734446e-03
3.018075e+01 1.489362e-03 1.280881e-03 1.478715e-03 1.708489e-03
3.023275e+01 1.470269e-03 1.266829e-03 1.462264e-03 1.681716e-03
3.028475e+01 1.453915e-03 1.255412e-03 1.453650e-03 1.652682e-03
3.033675e+01 1.439035e-03 1.244927e-03 1.451827e-03 1.620352e-03
3.038875e+01 1.424262e-03 1.233312e-03 1.454935e-03 1.584539e-03
3.044075e+01 1.408467e-03 1.218694e-03 1.460577e-03 1.546129e-03
3.049275e+01 1.391122e-03 1.199984e-03 1.466349e-03 1.507032e-03
3.054475e+01 1.372521e-03 1.177306e-03 1.470430e-03 1.469827e-03
3.059675e+01 1.353738e-03 1.152049e-03 1.471983e-03 1.437182e-03
3.064875e+01 1.336285e-03 1.126516e-03 1.471154e-03 1.411185e-03
3.070075e+01 1.321575e-03 1.103275e-03 1.468683e-03 1.392768e-03
3.075275e+01 1.310405e-03 1.084492e-03 1.465296e-03 1.381428e-03
3.080475e+01 1.302638e-03 1.071428e-03 1.461161e-03 1.375324e-03
3.085675e+01 1.297204e-03 1.064246e-03 1.455640e-03 1.371726e-03
3.090875e+01 1.292379e-03 1.062084e-03 1.447410e-03 1.367643e-03
3.096075e+01 1.286203e-03 1.063326e-03 1.434840e-03 1.360444e-03
3.101275e+01 1.276918e-03 1.065954e-03 1.416479e-03 1.348320e-03
3.106475e+01 1.263302e-03 1.067920e-03 1.391466e-03 1.330520e-03
3.111675e+01 1.244873e-03 1.067484e-03 1.359753e-03 1.307383e-03
3.116875e+01 1.221930e-03 1.063477e-03 1.322128e-03 1.280184e-03
3.122075e+01 1.195419e-03 1.055429e-03 1.280034e-03 1.250796e-03
3.127275e+01 1.166671e-03 1.043535e-03 1.235263e-03 1.221217e-03
3.132475e+01 1.137045e-03 1.028504e-03 1.189594e-03 1.193037e-03
3.137675e+01 1.107608e-03 1.011336e-03 1.144485e-03 1.167003e-03
3.142875e+01 1.078955e-03 9.931236e-04 1.100886e-03 1.142854e-03
3.148075e+01 1.051212e-03 9.749066e-04 1.059219e-03 1.119510e-03
3.153275e+01 1.024204e-03 9.575812e-04 1.019486e-03 1.095544e-03
3.158475e+01 9.976645e-04 9.418014e-04 9.814480e-04 1.069744e-03
3.163675e+01 9.713913e-04 9.278502e-04 9.447945e-04 1.041529e-03
3.168875e+01 9.452825e-04 9.155078e-04 9.092673e-04 1.011073e-03
3.174075e+01 9.192902e-04 9.040031e-04 8.747358e-04 9.791317e-04
3.179275e+01 8.933655e-04 8.921379e-04 8.412406e-04 9.467181e-04
3.184475e+01 8.674647e-04 8.786053e-04 8.090103e-04 9.147785e-04
3.189675e+01 8.416177e-04 8.624113e-04 7.784413e-04 8.840006e-04
3.194875e+01 8.160085e-04 8.432332e-04 7.500309e-04 8.547613e-04
3.200075e+01 7.909971e-04 8.215493e-04 7.242700e-04 8.271719e-04
3.205275e+01 7.670562e-04 7.984749e-04 7.015345e-04 8.011592e-04
3.210475e+01 7.446475e-04 7.753707e-04 6.820154e-04 7.765563e-04
3.215675e+01 7.240988e-04 7.533903e-04 6.657075e-04 7.531986e-04
3.220875e+01 7.055329e-04 7.331427e-04 6.524342e-04 7.310218e-04
3.226075e+01 6.888598e-04 7.145793e-04 6.418654e-04 7.101348e-04
3.231275e+01 6.738096e-04 6.971088e-04 6.334977e-04 6.908224e-04
3.236475e+01 6.599772e-04 6.798623e-04 6.266147e-04 6.734545e-04
3.241675e+01 6.468658e-04 6.619964e-04 6.202839e-04 6.583172e-04
3.246875e+01 6.339387e-04 6.429364e-04 6.134487e-04 6.454310e-04
3.252075e+01 6.206916e-04 6.225082e-04 6.051279e-04 6.344385e-04
3.257275e+01 6.067443e-04 6.009488e-04 5.946651e-04 6.246190e-04
3.262475e+01 5.919267e-04 5.788220e-04 5.819251e-04 6.150331e-04
3.267675e+01 5.763252e-04 5.568802e-04 5.673474e-04 6.047480e-04
3.272875e+01 5.602659e-04 5.359128e-04 5.518229e-04 5.930621e-04
3.278075e+01 5.442349e-04 5.166138e-04 5.364398e-04 5.796511e-04
3.283275e+01 5.287565e-04 4.994833e-04 5.221903e-04 5.645958e-04
3.288475e+01 5.142623e-04 4.847622e-04 5.097362e-04 5.482884e-04
3.293675e+01 5.009821e-04 4.723971e-04 4.992913e-04 5.312580e-04
3.298875e+01 4.888819e-04 4.620340e-04 4.906348e-04 5.139768e-04
3.304075e+01 4.776649e-04 4.530546e-04 4.832255e-04 4.967147e-04
3.309275e+01 4.668457e-04 4.446708e-04 4.763706e-04 4.794959e-04
3.314475e+01 4.558846e-04 4.360817e-04 4.693988e-04 4.621733e-04
3.319675e+01 4.443519e-04 4.266650e-04 4.617975e-04 4.445932e-04
3.324875e+01 4.320723e-04 4.161472e-04 4.532889e-04 4.267810e-04
3.330075e+01 4.191992e-04 4.046870e-04 4.438419e-04 4.090687e-04
3.335275e+01 4.061940e-04 3.928382e-04 4.336377e-04 3.921062e-04
3.340475e+01 3.937222e-04 3.814033e-04 4.230168e-04 3.767465e-04
3.345675e+01 3.825068e-04 3.712394e-04 4.124330e-04 3.638480e-04
3.350875e+01 3.731912e-04 3.630885e-04 4.024213e-04 3.540638e-04
3.356075e+01 3.662432e-04 3.574782e-04 3.935618e-04 3.476897e-04
3.361275e+01 3.619103e-04 3.547012e-04 3.864201e-04 3.446095e-04
3.366475e+01 3.602120e-04 3.548398e-04 3.814542e-04 3.443422e-04
3.371675e+01 3.609605e-04 3.578036e-04 3.789122e-04 3.461657e-04
3.376875e+01 3.638036e-04 3.633603e-04 3.787709e-04 3.492795e-04
3.382075e+01 3.682967e-04 3.711638e-04 3.807606e-04 3.529656e-04
3.387275e+01 3.739991e-04 3.807927e-04 3.844877e-04 3.567169e-04
3.392475e+01 3.805750e-04 3.918046e-04 3.896137e-04 3.603067e-04
3.397675e+01 3.878644e-04 4.037953e-04 3.960088e-04 3.637891e-04
3.402875e+01 3.958944e-04 4.164488e-04 4.038033e-04 3.674312e-04
3.408075e+01 4.048241e-04 4.295674e-04 4.133071e-04 3.715978e-04
3.413275e+01 4.148500e-04 4.430843e-04 4.248394e-04 3.766263e-04
3.418475e+01 4.261210e-04 4.570698e-04 4.385596e-04 3.827334e-04
3.423675e+01 4.387065e-04 4.717409e-04 4.543875e-04 3.899912e-04
3.428875e+01 4.526333e-04 4.874723e-04 4.720478e-04 3.983799e-04
3.434075e+01 4.679627e-04 5.047922e-04 4.912067e-04 4.078891e-04
3.439275e+01 4.848551e-04 5.243398e-04 5.116162e-04 4.186094e-04
3.444475e+01 5.035724e-04 5.467729e-04 5.331912e-04 4.307531e-04
3.449675e+01 5.244016e-04 5.726411e-04 5.559844e-04 4.445792e-04
3.454875e+01 5.475340e-04 6.022670e-04 5.800835e-04 4.602516e-04
3.460075e+01 5.729603e-04 6.356940e-04 6.054818e-04 4.777051e-04
3.465275e+01 6.004355e-04 6.727296e-04 6.319786e-04 4.965983e-04
3.470475e+01 6.295294e-04 7.130654e-04 6.591382e-04 5.163845e-04
3.475675e+01 6.597289e-04 7.563934e-04 6.863202e-04 5.364730e-04
3.480875e+01 6.905360e-04 8.024256e-04 7.127800e-04 5.564026e-04
3.486075e+01 7.215146e-04 8.507573e-04 7.378320e-04 5.759546e-04
3.491275e+01 7.522767e-04 9.006085e-04 7.610509e-04 5.951706e-04
3.496475e+01 7.824361e-04 9.505629e-04 7.824529e-04 6.142925e-04
3.501675e+01 8.115705e-04 9.984660e-04 8.025755e-04 6.336700e-04
3.506875e+01 8.392203e-04 1.041604e-03 8.223842e-04 6.536725e-04
3.512075e+01 8.649281e-04 1.077177e-03 8.429936e-04 6.746135e-04
3.517275e+01 8.882962e-04 1.102940e-03 8.652752e-04 6.966729e-04
3.522475e+01 9.090322e-04 1.117794e-03 8.894960e-04 7.198071e-04
3.527675e+01 9.269608e-04 1.122087e-03 9.151355e-04 7.436595e-04
3.532875e+01 9.419911e-04 1.117502e-03 9.409575e-04 7.675136e-04
3.538075e+01 9.540515e-04 1.106526e-03 9.652992e-04 7.903290e-04
3.543275e+01 9.630173e-04 1.091719e-03 9.864577e-04 8.108749e-04
3.548475e+01 9.686697e-04 1.075046e-03 1.003033e-03 8.279307e-04
3.553675e+01 9.707233e-04 1.057520e-03 1.014149e-03 8.405007e-04
3.558875e+01 9.689356e-04 1.039274e-03 1.019547e-03 8.479859e-04
3.564075e+01 9.632746e-04 1.019954e-03 1.019590e-03 8.502797e-04
3.569275e+01 9.540765e-04 9.992457e-04 1.015206e-03 8.477775e-04
3.574475e+01 9.421112e-04 9.772695e-04 1.007765e-03 8.412989e-04
3.579675e+01 9.284981e-04 9.547034e-04 9.988570e-04 8.319338e-04
3.584875e+01 9.144768e-04 9.326065e-04 9.899895e-04 8.208344e-04
3.590075e+01 9.011044e-04 9.120596e-04 9.822540e-04 8.089996e-04
3.595275e+01 8.889916e-04 8.937961e-04 9.760649e-04 7.971137e-04
3.600475e+01 8.781792e-04 8.779834e-04 9.710593e-04 7.854949e-04
3.605675e+01 8.682046e-04 8.642404e-04 9.662019e-04 7.741717e-04
3.610875e+01 8.583302e-04 8.518728e-04 9.600654e-04 7.630523e-04
3.616075e+01 8.478460e-04 8.402239e-04 9.512054e-04 7.521088e-04
3.621275e+01 8.363354e-04 8.289952e-04 9.385212e-04 7.414899e-04
3.626475e+01 8.238113e-04 8.184213e-04 9.215056e-04 7.315068e-04
3.631675e+01 8.106924e-04 8.092420e-04 9.003312e-04 7.225040e-04
3.636875e+01 7.976489e-04 8.024922e-04 8.757743e-04 7.146802e-04
3.642075e+01 7.853869e-04 7.991762e-04 8.490286e-04 7.079558e-04
3.647275e+01 7.744473e-04 7.999095e-04 8.214794e-04 7.019530e-04
3.652475e+01 7.650688e-04 8.046108e-04 7.944990e-04 6.960967e-04
3.657675e+01 7.571291e-04 8.123194e-04 7.692892e-04 6.897787e-04
3.662875e+01 7.501577e-04 8.212085e-04 7.467635e-04 6.825010e-04
3.668075e+01 7.434051e-04 8.288285e-04 7.274511e-04 6.739358e-04
3.673275e+01 7.359572e-04 8.325572e-04 7.114219e-04 6.638924e-04
3.678475e+01 7.268808e-04 8.301514e-04 6.982560e-04 6.522350e-04
3.683675e+01 7.153851e-04 8.202461e-04 6.870928e-04 6.388165e-04
3.688875e+01 7.009701e-04 8.026525e-04 6.767813e-04 6.234765e-04
3.694075e+01 6.835347e-04 7.783797e-04 6.661126e-04 6.061118e-04
3.699275e+01 6.634211e-04 7.493987e-04 6.540780e-04 5.867865e-04
3.704475e+01 6.413800e-04 7.182373e-04 6.400753e-04 5.658274e-04
3.709675e+01 6.184552e-04 6.875131e-04 6.239965e-04 5.438560e-04
3.714875e+01 5.957994e-04 6.594915e-04 6.061732e-04 5.217334e-04
3.720075e+01 5.744525e-04 6.357217e-04 5.872072e-04 5.004286e-04
3.725275e+01 5.551340e-04 6.167942e-04 5.677594e-04 4.808483e-04
3.730475e+01 5.381054e-04 6.022597e-04 5.483837e-04 4.636729e-04
3.735675e+01 5.231471e-04 5.907461e-04 5.294572e-04 4.492380e-04
3.740875e+01 5.096576e-04 5.802763e-04 5.112113e-04 4.374851e-04
3.746075e+01 4.968454e-04 5.687362e-04 4.938112e-04 4.279886e-04
3.751275e+01 4.839547e-04 5.543854e-04 4.774255e-04 4.200531e-04
3.756475e+01 4.704624e-04 5.362770e-04 4.622471e-04 4.128632e-04
3.761675e+01 4.561992e-04 5.144742e-04 4.484714e-04 4.056521e-04
3.766875e+01 4.413694e-04 4.900061e-04 4.362551e-04 3.978469e-04
3.772075e+01 4.264705e-04 4.645843e-04 4.256777e-04 3.891495e-04
3.777275e+01 4.121353e-04 4.401662e-04 4.167049e-04 3.795347e-04
3.782475e+01 3.989404e-04 4.184888e-04 4.091526e-04 3.691798e-04
3.787675e+01 3.872447e-04 4.007004e-04 4.026619e-04 3.583716e-04
3.792875e+01 3.771136e-04 3.871815e-04 3.967202e-04 3.474391e-04
3.798075e+01 3.683577e-04 3.775833e-04 3.907545e-04 3.367354e-04
3.803275e+01 3.606630e-04 3.710410e-04 3.842944e-04 3.266537e-04
3.808475e+01 3.537497e-04 3.664678e-04 3.771468e-04 3.176345e-04
3.813675e+01 3.474839e-04 3.628238e-04 3.695069e-04 3.101210e-04
3.818875e+01 3.418981e-04 3.592914e-04 3.619431e-04 3.044598e-04
3.824075e+01 3.371234e-04 3.553417e-04 3.552505e-04 3.007781e-04
3.829275e+01 3.332839e-04 3.507279e-04 3.502271e-04 2.988966e-04
3.834475e+01 3.304089e-04 3.454466e-04 3.474531e-04 2.983269e-04
3.839675e+01 3.284024e-04 3.396962e-04 3.471446e-04 2.983664e-04
3.844875e+01 3.270717e-04 3.338299e-04 3.491190e-04 2.982662e-04
3.850075e+01 3.261926e-04 3.282961e-04 3.528640e-04 2.974177e-04
3.855275e+01 3.255820e-04 3.235656e-04 3.576799e-04 2.955005e-04
3.860475e+01 3.251567e-04 3.200631e-04 3.628561e-04 2.925509e-04
3.865675e+01 3.249714e-04 3.181309e-04 3.678424e-04 2.889408e-04
3.870875e+01 3.252341e-04 3.180349e-04 3.723818e-04 2.852856e-04
3.876075e+01 3.262978e-04 3.200030e-04 3.765722e-04 2.823183e-04
3.881275e+01 3.286189e-04 3.242558e-04 3.808345e-04 2.807665e-04
3.886475e+01 3.326743e-04 3.309879e-04 3.857798e-04 2.812550e-04
3.891675e+01 3.388360e-04 3.402732e-04 3.919976e-04 2.842372e-04
3.896875e+01 3.472259e-04 3.519122e-04 3.998221e-04 2.899436e-04
3.902075e+01 3.575904e-04 3.652867e-04 4.091482e-04 2.983364e-04
3.907275e+01 3.692489e-04 3.793120e-04 4.193657e-04 3.090692e-04
3.912475e+01 3.811531e-04 3.925537e-04 4.294418e-04 3.214640e-04
3.917675e+01 3.920610e-04 4.035113e-04 4.381365e-04 3.345350e-04
3.922875e+01 4.007896e-04 4.109898e-04 4.442940e-04 3.470849e-04
3.928075e+01 4.064802e-04 4.144245e-04 4.471314e-04 3.578848e-04
3.933275e+01 4.088027e-04 4.140371e-04 4.464522e-04 3.659189e-04
3.938475e+01 4.080435e-04 4.107656e-04 4.427268e-04 3.706380e-04
3.943675e+01 4.050547e-04 4.060031e-04 4.370185e-04 3.721426e-04
3.948875e+01 4.010792e-04 4.012497e-04 4.307658e-04 3.712222e-04
3.954075e+01 3.974926e-04 3.977925e-04 4.254724e-04 3.692130e-04
3.959275e+01 3.955256e-04 3.964953e-04 4.223859e-04 3.676957e-04
3.964475e+01 3.960308e-04 3.977241e-04 4.222538e-04 3.681145e-04
3.969675e+01 3.993492e-04 4.013891e-04 4.252275e-04 3.714310e-04
3.974875e+01 4.053070e-04 4.070642e-04 4.309366e-04 3.779201e-04
3.980075e+01 4.133366e-04 4.141472e-04 4.386966e-04 3.871660e-04
3.985275e+01 4.226797e-04 4.220248e-04 4.477697e-04 3.982446e-04
3.990475e+01 4.326038e-04 4.302123e-04 4.575828e-04 4.100163e-04
3.995675e+01 4.425645e-04 4.384339e-04 4.678332e-04 4.214262e-04
4.000875e+01 4.522685e-04 4.466257e-04 4.784596e-04 4.317201e-04
4.006075e+01 4.616349e-04 4.548633e-04 4.895082e-04 4.405332e-04
4.011275e+01 4.706884e-04 4.632495e-04 5.009588e-04 4.478570e-04
4.016475e+01 4.794387e-04 4.718116e-04 5.125793e-04 4.539252e-04
4.021675e+01 4.877945e-04 4.804504e-04 5.238632e-04 4.590700e-04
4.026875e+01 4.955375e-04 4.889517e-04 5.340693e-04 4.635914e-04
4.032075e+01 5.023501e-04 4.970379e-04 5.423457e-04 4.676667e-04
4.037275e+01 5.078786e-04 5.044212e-04 5.478986e-04 4.713160e-04
4.042475e+01 5.118037e-04 5.108327e-04 5.501513e-04 4.744270e-04
4.047675e+01 5.139034e-04 5.160284e-04 5.488510e-04 4.768309e-04
4.052875e+01 5.140989e-04 5.197974e-04 5.440953e-04 4.784040e-04
4.058075e+01 5.124762e-04 5.219967e-04 5.362803e-04 4.791515e-04
4.063275e+01 5.092777e-04 5.226103e-04 5.259928e-04 4.792299e-04
4.068475e+01 5.048617e-04 5.218084e-04 5.138919e-04 4.788848e-04
4.073675e+01 4.996426e-04 5.199685e-04 5.006297e-04 4.783297e-04
4.078875e+01 4.940407e-04 5.176431e-04 4.868478e-04 4.776311e-04
4.084075e+01 4.884756e-04 5.154935e-04 4.732515e-04 4.766818e-04
4.089275e+01 4.834190e-04 5.142325e-04 4.607179e-04 4.753065e-04
4.094475e+01 4.794827e-04 5.146111e-04 4.503649e-04 4.734721e-04
4.099675e+01 4.774874e-04 5.174467e-04 4.435095e-04 4.715061e-04
4.104875e+01 4.784426e-04 5.236460e-04 4.414869e-04 4.701949e-04
4.110075e+01 4.834001e-04 5.341555e-04 4.453650e-04 4.706797e-04
4.115275e+01 4.932009e-04 5.498012e-04 4.556463e-04 4.741551e-04
4.120475e+01 5.081948e-04 5.710340e-04 4.720675e-04 4.814829e-04
4.125675e+01 5.280401e-04 5.976582e-04 4.935756e-04 4.928865e-04
4.130875e+01 5.516718e-04 6.286510e-04 5.185001e-04 5.078642e-04
4.136075e+01 5.774671e-04 6.621650e-04 5.448689e-04 5.253673e-04
4.141275e+01 6.035617e-04 6.957496e-04 5.707713e-04 5.441643e-04
4.146475e+01 6.282172e-04 7.267532e-04 5.946691e-04 5.632292e-04
4.151675e+01 6.501262e-04 7.528018e-04 6.155895e-04 5.819873e-04
4.156875e+01 6.685736e-04 7.722139e-04 6.331825e-04 6.003245e-04
4.162075e+01 6.834240e-04 7.842298e-04 6.476652e-04 6.183770e-04
4.167275e+01 6.949648e-04 7.889916e-04 6.596855e-04 6.362172e-04
4.172475e+01 7.036724e-04 7.873069e-04 6.701286e-04 6.535818e-04
4.177675e+01 7.099809e-04 7.803044e-04 6.798797e-04 6.697587e-04
4.182875e+01 7.141187e-04 7.691248e-04 6.895651e-04 6.836662e-04
4.188075e+01 7.160526e-04 7.547532e-04 6.993195e-04 6.940852e-04
4.193275e+01 7.155437e-04 7.380202e-04 7.086541e-04 6.999567e-04
4.198475e+01 7.122896e-04 7.197187e-04 7.164949e-04 7.006553e-04
4.203675e+01 7.061086e-04 7.007396e-04 7.214129e-04 6.961734e-04
4.208875e+01 6.971035e-04 6.821408e-04 7.219948e-04 6.871749e-04
4.214075e+01 6.857497e-04 6.651078e-04 7.172366e-04 6.749046e-04
4.219275e+01 6.728696e-04 6.508209e-04 7.068304e-04 6.609577e-04
4.224475e+01 6.594953e-04 6.402729e-04 6.912572e-04 6.469559e-04
4.229675e+01 6.466650e-04 6.341034e-04 6.716793e-04 6.342122e-04
4.234875e+01 6.352297e-04 6.324984e-04 6.496996e-04 6.234910e-04
4.240075e+01 6.257386e-04 6.351880e-04 6.270822e-04 6.149456e-04
4.245275e+01 6.184324e-04 6.415334e-04 6.055098e-04 6.082542e-04
4.250475e+01 6.133200e-04 6.506684e-04 5.864044e-04 6.028871e-04
4.255675e+01 6.102797e-04 6.616400e-04 5.708073e-04 5.983918e-04
4.260875e+01 6.091302e-04 6.735073e-04 5.593070e-04 5.945762e-04
4.266075e+01 6.096474e-04 6.853941e-04 5.520223e-04 5.915259e-04
4.271275e+01 6.115461e-04 6.965185e-04 5.486550e-04 5.894647e-04
4.276475e+01 6.144594e-04 7.062337e-04 5.486145e-04 5.885302e-04
4.281675e+01 6.179449e-04 7.140902e-04 5.511798e-04 5.885648e-04
4.286875e+01 6.215169e-04 7.198957e-04 5.556405e-04 5.890145e-04
4.292075e+01 6.246914e-04 7.237344e-04 5.613582e-04 5.889817e-04
4.297275e+01 6.270273e-04 7.259210e-04 5.677381e-04 5.874227e-04
4.302475e+01 6.281592e-04 7.268995e-04 5.741553e-04 5.834228e-04
4.307675e+01 6.278334e-04 7.271223e-04 5.799156e-04 5.764623e-04
4.312875e+01 6.259533e-04 7.269518e-04 5.843167e-04 5.665916e-04
4.318075e+01 6.226307e-04 7.266038e-04 5.868120e-04 5.544765e-04
4.323275e+01 6.182187e-04 7.261382e-04 5.872064e-04 5.413115e-04
4.328475e+01 6.132982e-04 7.254911e-04 5.857765e-04 5.286271e-04
4.333675e+01 6.086016e-04 7.245415e-04 5.832332e-04 5.180301e-04
4.338875e+01 6.048820e-04 7.232033e-04 5.805211e-04 5.109217e-04
4.344075e+01 6.027629e-04 7.215103e-04 5.785314e-04 5.082469e-04
4.349275e+01 6.026073e-04 7.196495e-04 5.778465e-04 5.103259e-04
4.354475e+01 6.044405e-04 7.179070e-04 5.786108e-04 5.168038e-04
4.359675e+01 6.079355e-04 7.165280e-04 5.805574e-04 5.267212e-04
4.364875e+01 6.124593e-04 7.155527e-04 5.831470e-04 5.386780e-04
4.370075e+01 6.171659e-04 7.147128e-04 5.857403e-04 5.510447e-04
4.375275e+01 6.211233e-04 7.134565e-04 5.877309e-04 5.621824e-04
4.380475e+01 6.234536e-04 7.111008e-04 5.886113e-04 5.706486e-04
4.385675e+01 6.234653e-04 7.070387e-04 5.879823e-04 5.753750e-04
4.390875e+01 6.207477e-04 7.008999e-04 5.855424e-04 5.758009e-04
4.396075e+01 6.152047e-04 6.925898e-04 5.810839e-04 5.719403e-04
4.401275e+01 6.070222e-04 6.822047e-04 5.745045e-04 5.643575e-04
4.406475e+01 5.965856e-04 6.698876e-04 5.658239e-04 5.540453e-04
4.411675e+01 5.843780e-04 6.557146e-04 5.551961e-04 5.422232e-04
4.416875e+01 5.708974e-04 6.396778e-04 5.429134e-04 5.301008e-04
4.422075e+01 5.566094e-04 6.217646e-04 5.294021e-04 5.186615e-04
4.427275e+01 5.419340e-04 6.020803e-04 5.152052e-04 5.085164e-04
4.432475e+01 5.272433e-04 5.809385e-04 5.009364e-04 4.998550e-04
4.437675e+01 5.128499e-04 5.588683e-04 4.871930e-04 4.924886e-04
4.442875e+01 4.989781e-04 5.365353e-04 4.744381e-04 4.859609e-04
4.448075e+01 4.857352e-04 5.146199e-04 4.628943e-04 4.796913e-04
4.453275e+01 4.731126e-04 4.937114e-04 4.525074e-04 4.731191e-04
4.458475e+01 4.610351e-04 4.742626e-04 4.430171e-04 4.658256e-04
4.463675e+01 4.494538e-04 4.566153e-04 4.341243e-04 4.576217e-04
4.468875e+01 4.384462e-04 4.410682e-04 4.256864e-04 4.485841e-04
4.474075e+01 4.282754e-04 4.279430e-04 4.178474e-04 4.390359e-04
4.479275e+01 4.193678e-04 4.176016e-04 4.110324e-04 4.294694e-04
4.484475e+01 4.122069e-04 4.103932e-04 4.057944e-04 4.204331e-04
4.489675e+01 4.071762e-04 4.065422e-04 4.025715e-04 4.124149e-04
4.494875e+01 4.044105e-04 4.060180e-04 4.014548e-04 4.057587e-04
4.500075e+01 4.037148e-04 4.084453e-04 4.020634e-04 4.006357e-04
4.505275e+01 4.045855e-04 4.131043e-04 4.035821e-04 3.970700e-04
4.510475e+01 4.063288e-04 4.190400e-04 4.049517e-04 3.949946e-04
4.515675e+01 4.082381e-04 4.252579e-04 4.051481e-04 3.943084e-04
4.520875e+01 4.097726e-04 4.309472e-04 4.034559e-04 3.949146e-04
4.526075e+01 4.106801e-04 4.356574e-04 3.996504e-04 3.967326e-04
4.531275e+01 4.110335e-04 4.393687e-04 3.940390e-04 3.996927e-04
4.536475e+01 4.111744e-04 4.424368e-04 3.873618e-04 4.037246e-04
4.541675e+01 4.115917e-04 4.454335e-04 3.805927e-04 4.087488e-04
4.546875e+01 4.127730e-04 4.489367e-04 3.747071e-04 4.146752e-04
4.552075e+01 4.150721e-04 4.533294e-04 3.704766e-04 4.214103e-04
4.557275e+01 4.186224e-04 4.586628e-04 3.683355e-04 4.288690e-04
4.562475e+01 4.233129e-04 4.646189e-04 3.683396e-04 4.369802e-04
4.567675e+01 4.288225e-04 4.705867e-04 3.702098e-04 4.456710e-04
4.572875e+01 4.346983e-04 4.758401e-04 3.734397e-04 4.548151e-04
4.578075e+01 4.404500e-04 4.797695e-04 3.774302e-04 4.641503e-04
4.583275e+01 4.456371e-04 4.820942e-04 3.816195e-04 4.731976e-04
4.588475e+01 4.499293e-04 4.829751e-04 3.855816e-04 4.812312e-04
4.593675e+01 4.531328e-04 4.829730e-04 3.890814e-04 4.873439e-04
4.598875e+01 4.551828e-04 4.828547e-04 3.920830e-04 4.906106e-04
4.604075e+01 4.561130e-04 4.833102e-04 3.947183e-04 4.903104e-04
4.609275e+01 4.560178e-04 4.846926e-04 3.972287e-04 4.861321e-04
4.614475e+01 4.550270e-04 4.868915e-04 3.998939e-04 4.782957e-04
4.619675e+01 4.533054e-04 4.893979e-04 4.029650e-04 4.675532e-04
4.624875e+01 4.510742e-04 4.915392e-04 4.066132e-04 4.550702e-04
4.630075e+01 4.486332e-04 4.927814e-04 4.108961e-04 4.422220e-04
4.635275e+01 4.463534e-04 4.929658e-04 4.157453e-04 4.303489e-04
4.640475e+01 4.446232e-04 4.923782e-04 4.209697e-04 4.205216e-04
4.645675e+01 4.437563e-04 4.916268e-04 4.262777e-04 4.133643e-04
4.650875e+01 4.438959e-04 4.913931e-04 4.313195e-04 4.089751e-04
4.656075e+01 4.449579e-04 4.921664e-04 4.357474e-04 4.069600e-04
4.661275e+01 4.466437e-04 4.940695e-04 4.392922e-04 4.065694e-04
4.666475e+01 4.485216e-04 4.968294e-04 4.418394e-04 4.068960e-04
4.671675e+01 4.501496e-04 4.998852e-04 4.434849e-04 4.070786e-04
4.676875e+01 4.511936e-04 5.025770e-04 4.445412e-04 4.064628e-04
4.682075e+01 4.515039e-04 5.043453e-04 4.454775e-04 4.046888e-04
4.687275e+01 4.511276e-04 5.048823e-04 4.467964e-04 4.017039e-04
4.692475e+01 4.502668e-04 5.042005e-04 4.488796e-04 3.977203e-04
4.697675e+01 4.492035e-04 5.026112e-04 4.518556e-04 3.931436e-04
4.702875e+01 4.482179e-04 5.006225e-04 4.555360e-04 3.884953e-04
4.708075e+01 4.475186e-04 4.987838e-04 4.594401e-04 3.843318e-04
4.713275e+01 4.471907e-04 4.975156e-04 4.628962e-04 3.811603e-04
4.718475e+01 4.471693e-04 4.969739e-04 4.651836e-04 3.793504e-04
4.723675e+01 4.472466e-04 4.969992e-04 4.656818e-04 3.790589e-04
4.728875e+01 4.471259e-04 4.971779e-04 4.640002e-04 3.801995e-04
4.734075e+01 4.465222e-04 4.970096e-04 4.600746e-04 3.824823e-04
4.739275e+01 4.452908e-04 4.961305e-04 4.542153e-04 3.855267e-04
4.744475e+01 4.435361e-04 4.945090e-04 4.470902e-04 3.890092e-04
4.749675e+01 4.416472e-04 4.925294e-04 4.396270e-04 3.927852e-04
4.754875e+01 4.402255e-04 4.909140e-04 4.328413e-04 3.969212e-04
4.760075e+01 4.399128e-04 4.904982e-04 4.276247e-04 4.016155e-04
4.765275e+01 4.411797e-04 4.919452e-04 4.245557e-04 4.070381e-04
4.770475e+01 4.441615e-04 4.955174e-04 4.237994e-04 4.131676e-04
4.775675e+01 4.486135e-04 5.010048e-04 4.251314e-04 4.197043e-04
4.780875e+01 4.540061e-04 5.078372e-04 4.280723e-04 4.261089e-04
4.786075e+01 4.597126e-04 5.153206e-04 4.320710e-04 4.317461e-04
4.791275e+01 4.652043e-04 5.228825e-04 4.366608e-04 4.360696e-04
4.796475e+01 4.701741e-04 5.302206e-04 4.415343e-04 4.387675e-04
4.801675e+01 4.745525e-04 5.373069e-04 4.465294e-04 4.398212e-04
4.806875e+01 4.784369e-04 5.442753e-04 4.515610e-04 4.394744e-04
4.812075e+01 4.819897e-04 5.512683e-04 4.565471e-04 4.381537e-04
4.817275e+01 4.853567e-04 5.583156e-04 4.613722e-04 4.363823e-04
4.822475e+01 4.886340e-04 5.652868e-04 4.658982e-04 4.347169e-04
4.827675e+01 4.918760e-04 5.719148e-04 4.700080e-04 4.337051e-04
4.832875e+01 4.951232e-04 5.778667e-04 4.736543e-04 4.338487e-04
4.838075e+01 4.984247e-04 5.828309e-04 4.768857e-04 4.355574e-04
4.843275e+01 5.018434e-04 5.865980e-04 4.798420e-04 4.390900e-04
4.848475e+01 5.054451e-04 5.891169e-04 4.827250e-04 4.444933e-04
4.853675e+01 5.092770e-04 5.905160e-04 4.857595e-04 4.515554e-04
4.858875e+01 5.133467e-04 5.910853e-04 4.891574e-04 4.597973e-04
4.864075e+01 5.176093e-04 5.912272e-04 4.930818e-04 4.685188e-04
4.869275e+01 5.219689e-04 5.913918e-04 4.976048e-04 4.769103e-04
4.874475e+01 5.262951e-04 5.920105e-04 5.026596e-04 4.842150e-04
4.879675e+01 5.304499e-04 5.934387e-04 5.080039e-04 4.899070e-04
4.884875e+01 5.343187e-04 5.959062e-04 5.132246e-04 4.938254e-04
4.890075e+01 5.378336e-04 5.994825e-04 5.178071e-04 4.962113e-04
4.895275e+01 5.409842e-04 6.040684e-04 5.212621e-04 4.976222e-04
4.900475e+01 5.438161e-04 6.094274e-04 5.232704e-04 4.987506e-04
4.905675e+01 5.464233e-04 6.152614e-04 5.237910e-04 5.002174e-04
4.910875e+01 5.489411e-04 6.213111e-04 5.230880e-04 5.024241e-04
4.916075e+01 5.515453e-04 6.274471e-04 5.216698e-04 5.055191e-04
4.921275e+01 5.544569e-04 6.337231e-04 5.201727e-04 5.094749e-04
4.926475e+01 5.579494e-04 6.403851e-04 5.192431e-04 5.142201e-04
4.931675e+01 5.623538e-04 6.478513e-04 5.194647e-04 5.197454e-04
4.936875e+01 5.680504e-04 6.566759e-04 5.213442e-04 5.261311e-04
4.942075e+01 5.754383e-04 6.674894e-04 5.253330e-04 5.334924e-04
4.947275e+01 5.848727e-04 6.808913e-04 5.318366e-04 5.418901e-04
4.952475e+01 5.965785e-04 6.972860e-04 5.411774e-04 5.512720e-04
4.957675e+01 6.105650e-04 7.166955e-04 5.535108e-04 5.614885e-04
4.962875e+01 6.265800e-04 7.386253e-04 5.687347e-04 5.723800e-04
4.968075e+01 6.441339e-04 7.620695e-04 5.864486e-04 5.838837e-04
4.973275e+01 6.625980e-04 7.857000e-04 6.059994e-04 5.960946e-04
4.978475e+01 6.813513e-04 8.082138e-04 6.266096e-04 6.092305e-04
4.983675e+01 6.999318e-04 8.287421e-04 6.475469e-04 6.235064e-04
4.988875e+01 7.181493e-04 8.471888e-04 6.682801e-04 6.389791e-04
4.994075e+01 7.361328e-04 8.643739e-04 6.885763e-04 6.554481e-04
4.999275e+01 7.543044e-04 8.819122e-04 7.085138e-04 6.724873e-04
5.004475e+01 7.732873e-04 9.018376e-04 7.284078e-04 6.896166e-04
5.009675e+01 7.937590e-04 9.260652e-04 7.486663e-04 7.065454e-04
5.014875e+01 8.162745e-04 9.558403e-04 7.696148e-04 7.233685e-04
5.020075e+01 8.410898e-04 9.913251e-04 7.913456e-04 7.405986e-04
5.025275e+01 8.680231e-04 1.031432e-03 8.136466e-04 7.589902e-04
5.030475e+01 8.963960e-04 1.073940e-03 8.360328e-04 7.792148e-04
5.035675e+01 9.250804e-04 1.115860e-03 8.578571e-04 8.015239e-04
5.040875e+01 9.526604e-04 1.153984e-03 8.784417e-04 8.255561e-04
5.046075e+01 9.776867e-04 1.185512e-03 8.971704e-04 8.503781e-04
5.051275e+01 9.989700e-04 1.208636e-03 9.135222e-04 8.747519e-04
5.056475e+01 1.015836e-03 1.222926e-03 9.270650e-04 8.975183e-04
5.061675e+01 1.028263e-03 1.229393e-03 9.374506e-04 9.179452e-04
5.066875e+01 1.036836e-03 1.230168e-03 9.444315e-04 9.359081e-04
5.072075e+01 1.042532e-03 1.227868e-03 9.478853e-04 9.518432e-04
5.077275e+01 1.046391e-03 1.224850e-03 9.478154e-04 9.665074e-04
5.082475e+01 1.049200e-03 1.222634e-03 9.443106e-04 9.806547e-04
5.087675e+01 1.051311e-03 1.221684e-03 9.374854e-04 9.947642e-04
5.092875e+01 1.052664e-03 1.221625e-03 9.274462e-04 1.008922e-03
5.098075e+01 1.052984e-03 1.221750e-03 9.143234e-04 1.022877e-03
5.103275e+01 1.052050e-03 1.221581e-03 8.983656e-04 1.036202e-03
5.108475e+01 1.049902e-03 1.221208e-03 8.800479e-04 1.048451e-03
5.113675e+01 1.046875e-03 1.221277e-03 8.601268e-04 1.059220e-03
5.118875e+01 1.043444e-03 1.222638e-03 8.395947e-04 1.068100e-03
5.124075e+01 1.039985e-03 1.225843e-03 8.195383e-04 1.074574e-03
5.129275e+01 1.036553e-03 1.230726e-03 8.009573e-04 1.077975e-03
5.134475e+01 1.032813e-03 1.236264e-03 7.846228e-04 1.077552e-03
5.139675e+01 1.028158e-03 1.240795e-03 7.710311e-04 1.072648e-03
5.144875e+01 1.021959e-03 1.242499e-03 7.604569e-04 1.062921e-03
5.150075e+01 1.013831e-03 1.239944e-03 7.530507e-04 1.048498e-03
5.155275e+01 1.003812e-03 1.232512e-03 7.489040e-04 1.030019e-03
5.160475e+01 9.923802e-04 1.220548e-03 7.480284e-04 1.008565e-03
5.165675e+01 9.803207e-04 1.205205e-03 7.502549e-04 9.855024e-04
5.170875e+01 9.685037e-04 1.188075e-03 7.551176e-04 9.623185e-04
5.176075e+01 9.576566e-04 1.170720e-03 7.618007e-04 9.404487e-04
5.181275e+01 9.481954e-04 1.154261e-03 7.692009e-04 9.211247e-04
5.186475e+01 9.401561e-04 1.139123e-03 7.761010e-04 9.052439e-04
5.191675e+01 9.332358e-04 1.125020e-03 7.814035e-04 8.932843e-04
5.196875e+01 9.269245e-04 1.111124e-03 7.843543e-04 8.852949e-04
5.202075e+01 9.206896e-04 1.096400e-03 7.847003e-04 8.809688e-04
5.207275e+01 9.141578e-04 1.079951e-03 7.827462e-04 8.797764e-04
5.212475e+01 9.072433e-04 1.061320e-03 7.793031e-04 8.811068e-04
5.217675e+01 9.001869e-04 1.040645e-03 7.755417e-04 8.843739e-04
5.222875e+01 8.935000e-04 1.018652e-03 7.727813e-04 8.890662e-04
5.228075e+01 8.878371e-04 9.965078e-04 7.722540e-04 8.947496e-04
5.233275e+01 8.838355e-04 9.755673e-04 7.748909e-04 9.010482e-04
5.238475e+01 8.819630e-04 9.571026e-04 7.811668e-04 9.076197e-04
5.243675e+01 8.824105e-04 9.420630e-04 7.910315e-04 9.141369e-04
5.248875e+01 8.850483e-04 9.309198e-04 8.039412e-04 9.202839e-04
5.254075e+01 8.894577e-04 9.236026e-04 8.189933e-04 9.257772e-04
5.259275e+01 8.950250e-04 9.195154e-04 8.351397e-04 9.304201e-04
5.264475e+01 9.010747e-04 9.176190e-04 8.514293e-04 9.341758e-04
5.269675e+01 9.070010e-04 9.165816e-04 8.672017e-04 9.372196e-04
5.274875e+01 9.123620e-04 9.150041e-04 8.821623e-04 9.399197e-04
5.280075e+01 9.169137e-04 9.117112e-04 8.963127e-04 9.427171e-04
5.285275e+01 9.205848e-04 9.060473e-04 9.097785e-04 9.459288e-04
5.290475e+01 9.234177e-04 8.980758e-04 9.226273e-04 9.495501e-04
5.295675e+01 9.255018e-04 8.885827e-04 9.347739e-04 9.531488e-04
5.300875e+01 9.269255e-04 8.788445e-04 9.460141e-04 9.559180e-04
5.306075e+01 9.277551e-04 8.702214e-04 9.561570e-04 9.568868e-04
5.311275e+01 9.280406e-04 8.637256e-04 9.651688e-04 9.552273e-04
5.316475e+01 9.278420e-04 8.597295e-04 9.732404e-04 9.505560e-04
5.321675e+01 9.272621e-04 8.579208e-04 9.807367e-04 9.431289e-04
5.326875e+01 9.264663e-04 8.574926e-04 9.880492e-04 9.338572e-04
5.332075e+01 9.256661e-04 8.574531e-04 9.954207e-04 9.241246e-04
5.337275e+01 9.250543e-04 8.568997e-04 1.002819e-03 9.154439e-04
5.342475e+01 9.247054e-04 8.551487e-04 1.009917e-03 9.090505e-04
5.347675e+01 9.244846e-04 8.517098e-04 1.016177e-03 9.055673e-04
5.352875e+01 9.240199e-04 8.461850e-04 1.021014e-03 9.048613e-04
5.358075e+01 9.227712e-04 8.382015e-04 1.023963e-03 9.061494e-04
5.363275e+01 9.201836e-04 8.274532e-04 1.024791e-03 9.083071e-04
5.368475e+01 9.158655e-04 8.138391e-04 1.023503e-03 9.102544e-04
5.373675e+01 9.097146e-04 7.976211e-04 1.020257e-03 9.112659e-04
5.378875e+01 9.019401e-04 7.794992e-04 1.015214e-03 9.111067e-04
5.384075e+01 8.929801e-04 7.605425e-04 1.008417e-03 9.099810e-04
5.389275e+01 8.833609e-04 7.419841e-04 9.997380e-04 9.083605e-04
5.394475e+01 8.735652e-04 7.249558e-04 9.889572e-04 9.067827e-04
5.399675e+01 8.639574e-04 7.102643e-04 9.759170e-04 9.056907e-04
5.404875e+01 8.547742e-04 6.982892e-04 9.606964e-04 9.053371e-04
5.410075e+01 8.461590e-04 6.890228e-04 9.437061e-04 9.057480e-04
5.415275e+01 8.382003e-04 6.822150e-04 9.256497e-04 9.067363e-04
5.420475e+01 8.309550e-04 6.775457e-04 9.073575e-04 9.079619e-04
5.425675e+01 8.244508e-04 6.747477e-04 8.895724e-04 9.090322e-04
5.430875e+01 8.186831e-04 6.736386e-04 8.727870e-04 9.096238e-04
5.436075e+01 8.136166e-04 6.740675e-04 8.572042e-04 9.095780e-04
5.441275e+01 8.091888e-04 6.758221e-04 8.428232e-04 9.089212e-04
5.446475e+01 8.053105e-04 6.785566e-04 8.295850e-04 9.077898e-04
5.451675e+01 8.018555e-04 6.817839e-04 8.174974e-04 9.062852e-04
5.456875e+01 7.986545e-04 6.849427e-04 8.066868e-04 9.043341e-04
5.462075e+01 7.955097e-04 6.875155e-04 7.973778e-04 9.016360e-04
5.467275e+01 7.922464e-04 6.891545e-04 7.898402e-04 8.977444e-04
5.472475e+01 7.887906e-04 6.897705e-04 7.843419e-04 8.922594e-04
5.477675e+01 7.852392e-04 6.895522e-04 7.811167e-04 8.850486e-04
5.482875e+01 7.818780e-04 6.889124e-04 7.803287e-04 8.763930e-04
5.488075e+01 7.791255e-04 6.883781e-04 7.820097e-04 8.669887e-04
5.493275e+01 7.774131e-04 6.884664e-04 7.859681e-04 8.578049e-04
5.498475e+01 7.770513e-04 6.895886e-04 7.917053e-04 8.498601e-04
5.503675e+01 7.781372e-04 6.920117e-04 7.983913e-04 8.440087e-04
5.508875e+01 7.805411e-04 6.958771e-04 8.049437e-04 8.408025e-04
5.514075e+01 7.839706e-04 7.012500e-04 8.102157e-04 8.404461e-04
5.519275e+01 7.880768e-04 7.081615e-04 8.132511e-04 8.428178e-04
5.524475e+01 7.925555e-04 7.166189e-04 8.135310e-04 8.475166e-04
5.529675e+01 7.972073e-04 7.265782e-04 8.111279e-04 8.539157e-04
5.534875e+01 8.019430e-04 7.378959e-04 8.067029e-04 8.612303e-04
5.540075e+01 8.067449e-04 7.502803e-04 8.013314e-04 8.686230e-04
5.545275e+01 8.116024e-04 7.632622e-04 7.961976e-04 8.753474e-04
5.550475e+01 8.164474e-04 7.761975e-04 7.922513e-04 8.808934e-04
5.555675e+01 8.211086e-04 7.883100e-04 7.899448e-04 8.850708e-04
5.560875e+01 8.253040e-04 7.987823e-04 7.891506e-04 8.879790e-04
5.566075e+01 8.286845e-04 8.068892e-04 7.892958e-04 8.898685e-04
5.571275e+01 8.309254e-04 8.121500e-04 7.896643e-04 8.909618e-04
5.576475e+01 8.318423e-04 8.144558e-04 7.897413e-04 8.913298e-04
5.581675e+01 8.314920e-04 8.141261e-04 7.894601e-04 8.908899e-04
5.586875e+01 8.302114e-04 8.118673e-04 7.892485e-04 8.895182e-04
5.592075e+01 8.285689e-04 8.086432e-04 7.898677e-04 8.871956e-04
5.597275e+01 8.272372e-04 8.054979e-04 7.921181e-04 8.840956e-04
5.602475e+01 8.268256e-04 8.033767e-04 7.965408e-04 8.805592e-04
5.607675e+01 8.277258e-04 8.029788e-04 8.032236e-04 8.769751e-04
5.612875e+01 8.300153e-04 8.046507e-04 8.117621e-04 8.736331e-04
5.618075e+01 8.334357e-04 8.083228e-04 8.213563e-04 8.706279e-04
5.623275e+01 8.374440e-04 8.135004e-04 8.309755e-04 8.678562e-04
5.628475e+01 8.413179e-04 8.193255e-04 8.395259e-04 8.651024e-04
5.633675e+01 8.442918e-04 8.247206e-04 8.459881e-04 8.621667e-04
5.638875e+01 8.456970e-04 8.285899e-04 8.495293e-04 8.589719e-04
5.644075e+01 8.450710e-04 8.300213e-04 8.496029e-04 8.555888e-04
5.649275e+01 8.421966e-04 8.284125e-04 8.460279e-04 8.521495e-04
5.654475e+01 8.370475e-04 8.234719e-04 8.390087e-04 8.486619e-04
5.659675e+01 8.296461e-04 8.150986e-04 8.290529e-04 8.447867e-04
5.664875e+01 8.198834e-04 8.032045e-04 8.167799e-04 8.396657e-04
5.670075e+01 8.073730e-04 7.875673e-04 8.026645e-04 8.318872e-04
5.675275e+01 7.914035e-04 7.677797e-04 7.868013e-04 8.196294e-04
