4.581331e+00 0.000000e+00 0.000000e+00 0.000000e+00 0.000000e+00
4.633331e+00 0.000000e+00 0.000000e+00 0.000000e+00 0.000000e+00
4.685331e+00 0.000000e+00 0.000000e+00 0.000000e+00 0.000000e+00
4.737331e+00 0.000000e+00 0.000000e+00 0.000000e+00 0.000000e+00
4.789331e+00 0.000000e+00 0.000000e+00 0.000000e+00 0.000000e+00
4.841331e+00 0.000000e+00 0.000000e+00 0.000000e+00 0.000000e+00
4.893331e+00 0.000000e+00 0.000000e+00 0.000000e+00 0.000000e+00
4.945331e+00 0.000000e+00 0.000000e+00 0.000000e+00 0.000000e+00
4.997331e+00 0.000000e+00 0.000000e+00 0.000000e+00 0.000000e+00
5.049331e+00 0.000000e+00 0.000000e+00 0.000000e+00 0.000000e+00
5.101331e+00 0.000000e+00 0.000000e+00 0.000000e+00 0.000000e+00
5.153331e+00 0.000000e+00 0.000000e+00 0.000000e+00 0.000000e+00
5.205331e+00 0.000000e+00 0.000000e+00 0.000000e+00 0.000000e+00
5.257331e+00 0.000000e+00 0.000000e+00 0.000000e+00 0.000000e+00
5.309331e+00 0.000000e+00 0.000000e+00 0.000000e+00 0.000000e+00
5.361331e+00 0.000000e+00 0.000000e+00 0.000000e+00 0.000000e+00
5.413331e+00 0.000000e+00 0.000000e+00 0.000000e+00 0.000000e+00
5.465331e+00 0.000000e+00 0.000000e+00 0.000000e+00 0.000000e+00
5.517331e+00 0.000000e+00 0.000000e+00 0.000000e+00 0.000000e+00
5.569331e+00 0.000000e+00 0.000000e+00 0.000000e+00 0.000000e+00
5.621331e+00 0.000000e+00 0.000000e+00 0.000000e+00 0.000000e+00
5.673331e+00 0.000000e+00 0.000000e+00 0.000000e+00 0.000000e+00
5.725331e+00 0.000000e+00 0.000000e+00 0.000000e+00 0.000000e+00
5.777331e+00 0.000000e+00 0.000000e+00 0.000000e+00 0.000000e+00
5.829331e+00 0.000000e+00 0.000000e+00 0.000000e+00 0.000000e+00
5.881331e+00 0.000000e+00 0.000000e+00 0.000000e+00 0.000000e+00
5.933331e+00 0.000000e+00 0.000000e+00 0.000000e+00 0.000000e+00
5.985331e+00 0.000000e+00 0.000000e+00 0.000000e+00 0.000000e+00
6.037331e+00 0.000000e+00 0.000000e+00 0.000000e+00 0.000000e+00
6.089331e+00 0.000000e+00 0.000000e+00 0.000000e+00 0.000000e+00
6.141331e+00 0.000000e+00 0.000000e+00 0.000000e+00 0.000000e+00
6.193331e+00 0.000000e+00 0.000000e+00 0.000000e+00 0.000000e+00
6.245331e+00 0.000000e+00 0.000000e+00 0.000000e+00 0.000000e+00
6.297331e+00 0.000000e+00 0.000000e+00 0.000000e+00 0.000000e+00
6.349331e+00 0.000000e+00 0.000000e+00 0.000000e+00 0.000000e+00
6.401331e+00 0.000000e+00 0.000000e+00 0.000000e+00 0.000000e+00
6.453331e+00 0.000000e+00 0.000000e+00 0.000000e+00 0.000000e+00
6.505331e+00 0.000000e+00 0.000000e+00 0.000000e+00 0.000000e+00
6.557331e+00 0.000000e+00 0.000000e+00 0.000000e+00 0.000000e+00
6.609331e+00 0.000000e+00 0.000000e+00 0.000000e+00 0.000000e+00
6.661331e+00 0.000000e+00 0.000000e+00 0.000000e+00 0.000000e+00
6.713331e+00 0.000000e+00 0.000000e+00 0.000000e+00 0.000000e+00
6.765331e+00 0.000000e+00 0.000000e+00 0.000000e+00 0.000000e+00
6.817331e+00 0.000000e+00 0.000000e+00 0.000000e+00 0.000000e+00
6.869331e+00 0.000000e+00 0.000000e+00 0.000000e+00 0.000000e+00
6.921331e+00 0.000000e+00 0.000000e+00 0.000000e+00 0.000000e+00
6.973331e+00 0.000000e+00 0.000000e+00 0.000000e+00 0.000000e+00
7.025331e+00 0.000000e+00 0.000000e+00 0.000000e+00 0.000000e+00
7.077331e+00 0.000000e+00 0.000000e+00 0.000000e+00 0.000000e+00
7.129331e+00 0.000000e+00 0.000000e+00 0.000000e+00 0.000000e+00
7.181331e+00 0.000000e+00 0.000000e+00 0.000000e+00 0.000000e+00
7.233331e+00 0.000000e+00 0.000000e+00 0.000000e+00 0.000000e+00
7.285331e+00 0.000000e+00 0.000000e+00 0.000000e+00 0.000000e+00
7.337331e+00 0.000000e+00 0.000000e+00 0.000000e+00 0.000000e+00
7.389331e+00 0.000000e+00 0.000000e+00 0.000000e+00 0.000000e+00
7.441331e+00 0.000000e+00 0.000000e+00 0.000000e+00 0.000000e+00
7.493331e+00 0.000000e+00 0.000000e+00 0.000000e+00 0.000000e+00
7.545331e+00 0.000000e+00 0.000000e+00 0.000000e+00 0.000000e+00
7.597331e+00 0.000000e+00 0.000000e+00 0.000000e+00 0.000000e+00
7.649331e+00 0.000000e+00 0.000000e+00 0.000000e+00 0.000000e+00
7.701331e+00 0.000000e+00 0.000000e+00 0.000000e+00 0.000000e+00
7.753331e+00 0.000000e+00 0.000000e+00 0.000000e+00 0.000000e+00
7.805331e+00 0.000000e+00 0.000000e+00 0.000000e+00 0.000000e+00
7.857331e+00 0.000000e+00 0.000000e+00 0.000000e+00 0.000000e+00
7.909331e+00 0.000000e+00 0.000000e+00 0.000000e+00 0.000000e+00
7.961331e+00 0.000000e+00 0.000000e+00 0.000000e+00 0.000000e+00
8.013331e+00 0.000000e+00 0.000000e+00 0.000000e+00 0.000000e+00
8.065331e+00 0.000000e+00 0.000000e+00 0.000000e+00 0.000000e+00
8.117331e+00 0.000000e+00 0.000000e+00 0.000000e+00 0.000000e+00
8.169331e+00 0.000000e+00 0.000000e+00 0.000000e+00 0.000000e+00
8.221331e+00 0.000000e+00 0.000000e+00 0.000000e+00 0.000000e+00
8.273331e+00 0.000000e+00 0.000000e+00 0.000000e+00 0.000000e+00
8.325331e+00 0.000000e+00 0.000000e+00 0.000000e+00 0.000000e+00
8.377331e+00 0.000000e+00 0.000000e+00 0.000000e+00 0.000000e+00
8.429331e+00 4.109503e-15 2.683308e-15 4.582410e-15 5.062790e-15
8.481331e+00 1.880837e-14 1.228096e-14 2.097277e-14 2.317137e-14
8.533331e+00 1.471236e-13 1.028428e-13 1.639032e-13 1.746248e-13
8.585331e+00 6.238991e-13 4.376878e-13 6.954439e-13 7.385656e-13
8.637331e+00 2.771876e-12 1.966339e-12 3.096823e-12 3.252467e-12
8.689331e+00 1.065015e-11 7.587963e-12 1.191419e-11 1.244829e-11
8.741331e+00 3.830646e-11 2.741208e-11 4.288698e-11 4.462033e-11
8.793331e+00 1.297358e-10 9.316537e-11 1.454819e-10 1.505601e-10
8.845331e+00 4.144165e-10 2.986656e-10 4.653612e-10 4.792227e-10
8.897331e+00 1.246915e-09 9.015469e-10 1.402298e-09 1.436901e-09
8.949331e+00 3.536883e-09 2.564778e-09 3.983897e-09 4.061973e-09
9.001331e+00 9.463864e-09 6.880813e-09 1.067762e-08 1.083315e-08
9.053331e+00 2.389828e-08 1.741554e-08 2.700995e-08 2.726935e-08
9.105331e+00 5.698140e-08 4.160583e-08 6.451667e-08 6.482171e-08
9.157331e+00 1.283640e-07 9.387663e-08 1.456117e-07 1.456037e-07
9.209331e+00 2.734163e-07 2.001993e-07 3.107627e-07 3.092868e-07
9.261331e+00 5.511630e-07 4.038831e-07 6.277440e-07 6.218619e-07
9.313331e+00 1.052705e-06 7.716299e-07 1.201621e-06 1.184866e-06
9.365331e+00 1.907704e-06 1.397961e-06 2.182772e-06 2.142379e-06
9.417331e+00 3.285642e-06 2.405459e-06 3.769260e-06 3.682209e-06
9.469331e+00 5.388751e-06 3.938398e-06 6.199946e-06 6.027909e-06
9.521331e+00 8.434914e-06 6.148510e-06 9.736264e-06 9.419970e-06
9.573331e+00 1.263119e-05 9.173642e-06 1.463287e-05 1.408706e-05
9.625331e+00 1.814043e-05 1.311186e-05 2.109923e-05 2.021019e-05
9.677331e+00 2.504392e-05 1.799429e-05 2.925454e-05 2.788292e-05
9.729331e+00 3.330221e-05 2.375949e-05 3.907755e-05 3.706958e-05
9.781331e+00 4.271639e-05 3.023175e-05 5.035427e-05 4.756315e-05
9.833331e+00 5.289564e-05 3.710680e-05 6.263163e-05 5.894849e-05
9.885331e+00 6.324335e-05 4.395138e-05 7.519513e-05 7.058355e-05
9.937331e+00 7.298058e-05 5.022624e-05 8.709597e-05 8.161952e-05
9.989331e+00 8.122496e-05 5.534077e-05 9.725275e-05 9.108137e-05
1.004133e+01 8.713350e-05 5.874145e-05 1.046380e-04 9.802103e-05
1.009333e+01 9.009954e-05 6.002534e-05 1.085363e-04 1.017370e-04
1.014533e+01 8.997691e-05 5.906128e-05 1.088345e-04 1.020349e-04
1.019733e+01 8.729395e-05 5.609992e-05 1.062912e-04 9.949075e-05
1.024933e+01 8.341817e-05 5.186022e-05 1.027222e-04 9.567212e-05
1.030133e+01 8.063508e-05 4.758937e-05 1.010452e-04 9.327063e-05
1.035333e+01 8.210419e-05 4.509553e-05 1.051277e-04 9.608937e-05
1.040533e+01 9.165372e-05 4.673946e-05 1.193990e-04 1.088227e-04
1.045733e+01 1.133839e-04 5.534653e-05 1.482305e-04 1.365746e-04
1.050933e+01 1.510835e-04 7.397934e-05 1.951581e-04 1.841130e-04
1.056133e+01 2.075323e-04 1.055248e-04 2.621151e-04 2.549569e-04
1.061333e+01 2.838439e-04 1.521178e-04 3.489015e-04 3.505125e-04
1.066533e+01 3.790536e-04 2.145370e-04 4.530830e-04 4.695406e-04
1.071733e+01 4.901236e-04 2.918112e-04 5.703773e-04 6.081824e-04
1.076933e+01 6.124163e-04 3.812765e-04 6.953913e-04 7.605812e-04
1.082133e+01 7.405118e-04 4.791810e-04 8.224491e-04 9.199053e-04
1.087333e+01 8.691283e-04 5.816674e-04 9.462768e-04 1.079441e-03
1.092533e+01 9.939050e-04 6.857402e-04 1.062488e-03 1.233487e-03
1.097733e+01 1.111922e-03 7.897935e-04 1.167984e-03 1.377988e-03
1.102933e+01 1.221976e-03 8.935153e-04 1.261405e-03 1.511009e-03
1.108133e+01 1.324679e-03 9.973540e-04 1.343579e-03 1.633104e-03
1.113333e+01 1.422356e-03 1.101971e-03 1.417668e-03 1.747428e-03
1.118533e+01 1.518622e-03 1.208019e-03 1.488644e-03 1.859204e-03
1.123733e+01 1.617504e-03 1.316231e-03 1.561969e-03 1.974313e-03
1.128933e+01 1.722174e-03 1.427490e-03 1.641829e-03 2.097203e-03
1.134133e+01 1.833677e-03 1.542510e-03 1.729624e-03 2.228895e-03
1.139333e+01 1.950224e-03 1.661123e-03 1.823448e-03 2.366102e-03
1.144533e+01 2.067502e-03 1.781560e-03 1.918840e-03 2.502107e-03
1.149733e+01 2.180039e-03 1.900274e-03 2.010556e-03 2.629286e-03
1.154933e+01 2.283207e-03 2.012581e-03 2.094696e-03 2.742343e-03
1.160133e+01 2.375198e-03 2.114029e-03 2.170568e-03 2.840998e-03
1.165333e+01 2.458343e-03 2.202089e-03 2.241866e-03 2.931074e-03
1.170533e+01 2.539367e-03 2.277709e-03 2.316928e-03 3.023464e-03
1.175733e+01 2.628378e-03 2.346331e-03 2.407784e-03 3.131019e-03
1.180933e+01 2.736485e-03 2.417889e-03 2.527600e-03 3.263965e-03
1.186133e+01 2.872240e-03 2.505278e-03 2.686485e-03 3.424958e-03
1.191333e+01 3.037624e-03 2.620987e-03 2.886449e-03 3.605437e-03
1.196533e+01 3.224896e-03 2.772329e-03 3.117288e-03 3.785072e-03
1.201733e+01 3.415908e-03 2.956707e-03 3.355601e-03 3.935415e-03
1.206933e+01 3.584912e-03 3.158999e-03 3.568378e-03 4.027360e-03
1.212133e+01 3.704617e-03 3.352898e-03 3.720831e-03 4.040120e-03
1.217333e+01 3.753761e-03 3.506690e-03 3.786198e-03 3.968396e-03
1.222533e+01 3.723673e-03 3.592032e-03 3.754098e-03 3.824888e-03
1.227733e+01 3.621489e-03 3.592808e-03 3.634450e-03 3.637210e-03
1.232933e+01 3.468983e-03 3.510768e-03 3.455570e-03 3.440612e-03
1.238133e+01 3.297509e-03 3.365817e-03 3.257283e-03 3.269428e-03
1.243333e+01 3.140799e-03 3.190842e-03 3.081493e-03 3.150062e-03
1.248533e+01 3.027756e-03 3.023063e-03 2.963115e-03 3.097090e-03
1.253733e+01 2.977013e-03 2.895004e-03 2.923652e-03 3.112383e-03
1.258933e+01 2.994199e-03 2.827968e-03 2.968327e-03 3.186303e-03
1.264133e+01 3.072051e-03 2.829525e-03 3.086583e-03 3.300047e-03
1.269333e+01 3.192932e-03 2.894817e-03 3.255179e-03 3.428798e-03
1.274533e+01 3.333047e-03 3.010119e-03 3.443143e-03 3.545878e-03
1.279733e+01 3.467533e-03 3.156768e-03 3.618005e-03 3.627826e-03
1.284933e+01 3.575506e-03 3.314190e-03 3.752624e-03 3.659704e-03
1.290133e+01 3.644172e-03 3.461835e-03 3.831472e-03 3.639208e-03
1.295333e+01 3.671221e-03 3.580783e-03 3.854798e-03 3.578083e-03
1.300533e+01 3.665045e-03 3.655962e-03 3.839175e-03 3.499999e-03
1.305733e+01 3.642675e-03 3.679238e-03 3.813656e-03 3.435130e-03
1.310933e+01 3.625790e-03 3.652618e-03 3.812053e-03 3.412698e-03
1.316133e+01 3.635522e-03 3.590037e-03 3.863160e-03 3.453368e-03
1.321333e+01 3.687140e-03 3.516313e-03 3.981700e-03 3.563408e-03
1.326533e+01 3.785942e-03 3.462780e-03 4.162860e-03 3.732186e-03
1.331733e+01 3.925534e-03 3.460390e-03 4.382415e-03 3.933797e-03
1.336933e+01 4.089038e-03 3.532018e-03 4.602573e-03 4.132522e-03
1.342133e+01 4.252755e-03 3.685953e-03 4.781636e-03 4.290677e-03
1.347333e+01 4.390957e-03 3.912212e-03 4.884102e-03 4.376556e-03
1.352533e+01 4.480205e-03 4.182579e-03 4.887829e-03 4.370208e-03
1.357733e+01 4.502224e-03 4.454550e-03 4.786427e-03 4.265695e-03
1.362933e+01 4.445280e-03 4.678661e-03 4.587224e-03 4.069954e-03
1.368133e+01 4.304795e-03 4.807939e-03 4.306858e-03 3.799588e-03
1.373333e+01 4.083931e-03 4.807624e-03 3.966929e-03 3.477240e-03
1.378533e+01 3.794298e-03 4.662917e-03 3.591238e-03 3.128738e-03
1.383733e+01 3.456229e-03 4.382761e-03 3.204730e-03 2.781196e-03
1.388933e+01 3.097774e-03 3.998522e-03 2.833254e-03 2.461547e-03
1.394133e+01 2.751885e-03 3.557840e-03 2.503024e-03 2.194791e-03
1.399333e+01 2.451954e-03 3.115259e-03 2.239078e-03 2.001525e-03
1.404533e+01 2.226571e-03 2.722091e-03 2.062679e-03 1.894942e-03
1.409733e+01 2.094686e-03 2.417899e-03 1.988152e-03 1.878008e-03
1.414933e+01 2.062288e-03 2.225233e-03 2.019843e-03 1.941789e-03
1.420133e+01 2.121345e-03 2.148128e-03 2.150039e-03 2.065868e-03
1.425333e+01 2.251256e-03 2.173916e-03 2.358548e-03 2.221302e-03
1.430533e+01 2.422558e-03 2.277384e-03 2.614491e-03 2.375800e-03
1.435733e+01 2.602190e-03 2.426197e-03 2.880410e-03 2.499963e-03
1.440933e+01 2.759245e-03 2.586596e-03 3.118222e-03 2.572918e-03
1.446133e+01 2.870045e-03 2.728537e-03 3.295862e-03 2.585736e-03
1.451333e+01 2.921472e-03 2.829549e-03 3.393092e-03 2.541774e-03
1.456533e+01 2.911998e-03 2.876839e-03 3.404968e-03 2.454186e-03
1.461733e+01 2.850464e-03 2.867536e-03 3.342064e-03 2.341793e-03
1.466933e+01 2.753253e-03 2.807391e-03 3.227516e-03 2.224854e-03
1.472133e+01 2.640788e-03 2.708633e-03 3.091808e-03 2.121924e-03
1.477333e+01 2.534232e-03 2.587712e-03 2.966757e-03 2.048228e-03
1.482533e+01 2.452919e-03 2.463480e-03 2.880103e-03 2.015174e-03
1.487733e+01 2.412619e-03 2.355915e-03 2.851627e-03 2.030313e-03
1.492933e+01 2.424453e-03 2.285108e-03 2.891140e-03 2.097112e-03
1.498133e+01 2.494169e-03 2.269970e-03 2.998173e-03 2.214363e-03
1.503333e+01 2.621606e-03 2.326225e-03 3.163061e-03 2.375531e-03
1.508533e+01 2.800404e-03 2.463622e-03 3.369025e-03 2.568566e-03
1.513733e+01 3.018137e-03 2.682855e-03 3.594881e-03 2.776674e-03
1.518933e+01 3.257072e-03 2.973152e-03 3.817917e-03 2.980148e-03
1.524133e+01 3.495604e-03 3.311588e-03 4.016368e-03 3.158855e-03
1.529333e+01 3.710215e-03 3.664833e-03 4.171101e-03 3.294712e-03
1.534533e+01 3.877781e-03 3.993361e-03 4.266479e-03 3.373503e-03
1.539733e+01 3.978061e-03 4.257427e-03 4.290873e-03 3.385883e-03
1.544933e+01 3.996325e-03 4.423625e-03 4.237468e-03 3.327882e-03
1.550133e+01 3.925906e-03 4.470676e-03 4.105657e-03 3.201386e-03
1.555333e+01 3.770132e-03 4.393196e-03 3.902514e-03 3.014685e-03
1.560533e+01 3.542801e-03 4.202549e-03 3.643242e-03 2.782612e-03
1.565733e+01 3.266481e-03 3.924459e-03 3.349556e-03 2.525429e-03
1.570933e+01 2.968541e-03 3.593769e-03 3.045854e-03 2.266000e-03
1.576133e+01 2.675826e-03 3.247541e-03 2.754283e-03 2.025654e-03
1.581333e+01 2.409581e-03 2.918181e-03 2.490546e-03 1.820016e-03
1.586533e+01 2.182237e-03 2.628329e-03 2.262022e-03 1.656360e-03
1.591733e+01 1.996911e-03 2.388620e-03 2.068678e-03 1.533434e-03
1.596933e+01 1.849345e-03 2.198504e-03 1.905886e-03 1.443646e-03
1.602133e+01 1.731156e-03 2.049362e-03 1.767610e-03 1.376498e-03
1.607333e+01 1.633024e-03 1.928631e-03 1.648581e-03 1.321859e-03
1.612533e+01 1.546897e-03 1.823680e-03 1.544987e-03 1.272023e-03
1.617733e+01 1.466962e-03 1.724568e-03 1.454047e-03 1.222270e-03
1.622933e+01 1.389676e-03 1.625377e-03 1.373283e-03 1.170367e-03
1.628133e+01 1.313351e-03 1.524260e-03 1.300129e-03 1.115665e-03
1.633333e+01 1.237666e-03 1.422561e-03 1.232074e-03 1.058363e-03
1.638533e+01 1.163232e-03 1.323469e-03 1.167100e-03 9.991265e-04
1.643733e+01 1.091202e-03 1.230610e-03 1.104042e-03 9.389537e-04
1.648933e+01 1.022895e-03 1.146914e-03 1.042655e-03 8.791168e-04
1.654133e+01 9.594672e-04 1.073975e-03 9.833793e-04 8.210477e-04
1.659333e+01 9.016957e-04 1.011939e-03 9.269813e-04 7.661664e-04
1.664533e+01 8.499342e-04 9.598196e-04 8.742689e-04 7.157141e-04
1.669733e+01 8.042061e-04 9.160006e-04 8.259795e-04 6.706384e-04
1.674933e+01 7.643535e-04 8.787061e-04 7.828104e-04 6.315440e-04
1.680133e+01 7.301426e-04 8.462696e-04 7.454720e-04 5.986864e-04
1.685333e+01 7.012698e-04 8.171850e-04 7.146392e-04 5.719850e-04
1.690533e+01 6.772711e-04 7.900238e-04 6.907451e-04 5.510443e-04
1.695733e+01 6.574022e-04 7.633558e-04 6.736693e-04 5.351815e-04
1.700933e+01 6.405720e-04 7.357854e-04 6.624624e-04 5.234681e-04
1.706133e+01 6.254032e-04 7.061363e-04 6.552732e-04 5.148001e-04
1.711333e+01 6.104409e-04 6.737251e-04 6.495819e-04 5.080157e-04
1.716533e+01 5.944692e-04 6.386084e-04 6.427268e-04 5.020722e-04
1.721733e+01 5.768417e-04 6.016877e-04 6.325780e-04 4.962593e-04
1.726933e+01 5.577113e-04 5.646147e-04 6.181356e-04 4.903837e-04
1.732133e+01 5.380621e-04 5.295173e-04 5.998347e-04 4.848342e-04
1.737333e+01 5.195047e-04 4.986271e-04 5.794311e-04 4.804560e-04
1.742533e+01 5.038790e-04 4.739077e-04 5.594888e-04 4.782406e-04
1.747733e+01 4.927742e-04 4.567592e-04 5.426358e-04 4.789277e-04
1.752933e+01 4.871144e-04 4.478306e-04 5.308385e-04 4.826742e-04
1.758133e+01 4.869324e-04 4.469377e-04 5.249296e-04 4.889300e-04
1.763333e+01 4.913833e-04 4.530674e-04 5.245146e-04 4.965678e-04
1.768533e+01 4.989617e-04 4.644560e-04 5.282291e-04 5.042000e-04
1.773733e+01 5.078229e-04 4.787412e-04 5.341974e-04 5.105301e-04
1.778933e+01 5.161006e-04 4.932019e-04 5.405065e-04 5.145933e-04
1.784133e+01 5.221618e-04 5.050977e-04 5.455658e-04 5.158218e-04
1.789333e+01 5.248032e-04 5.120982e-04 5.483221e-04 5.139892e-04
1.794533e+01 5.234306e-04 5.127542e-04 5.483771e-04 5.091606e-04
1.799733e+01 5.182430e-04 5.069127e-04 5.460611e-04 5.017552e-04
1.804933e+01 5.103735e-04 4.959445e-04 5.424577e-04 4.927183e-04
1.810133e+01 5.018828e-04 4.826595e-04 5.393108e-04 4.836779e-04
1.815333e+01 4.954964e-04 4.708535e-04 5.387286e-04 4.769071e-04
1.820533e+01 4.940653e-04 4.645374e-04 5.426793e-04 4.749791e-04
1.825733e+01 4.998607e-04 4.670252e-04 5.523895e-04 4.801675e-04
1.830933e+01 5.139280e-04 4.801276e-04 5.678603e-04 4.937960e-04
1.836133e+01 5.357412e-04 5.036979e-04 5.877188e-04 5.158069e-04
1.841333e+01 5.633084e-04 5.356724e-04 6.095226e-04 5.447301e-04
1.846533e+01 5.937028e-04 5.725980e-04 6.304567e-04 5.780537e-04
1.851733e+01 6.238344e-04 6.104803e-04 6.482009e-04 6.128219e-04
1.856933e+01 6.511828e-04 6.456896e-04 6.616535e-04 6.462054e-04
1.862133e+01 6.742438e-04 6.756531e-04 6.712289e-04 6.758494e-04
1.867333e+01 6.925619e-04 6.991433e-04 6.785942e-04 6.999481e-04
1.872533e+01 7.063956e-04 7.161136e-04 6.859240e-04 7.171492e-04
1.877733e+01 7.162055e-04 7.271988e-04 6.949614e-04 7.264564e-04
1.882933e+01 7.222200e-04 7.331253e-04 7.062688e-04 7.272659e-04
1.888133e+01 7.242862e-04 7.343103e-04 7.189838e-04 7.195643e-04
1.893333e+01 7.220716e-04 7.308465e-04 7.311723e-04 7.041961e-04
1.898533e+01 7.155024e-04 7.228662e-04 7.406000e-04 6.830410e-04
1.903733e+01 7.051894e-04 7.110652e-04 7.455580e-04 6.589451e-04
1.908933e+01 6.925798e-04 6.970443e-04 7.453736e-04 6.353214e-04
1.914133e+01 6.796930e-04 6.831910e-04 7.404242e-04 6.154636e-04
1.919333e+01 6.685149e-04 6.720644e-04 7.317259e-04 6.017543e-04
1.924533e+01 6.603170e-04 6.655311e-04 7.203741e-04 5.950457e-04
1.929733e+01 6.552391e-04 6.640746e-04 7.071569e-04 5.944859e-04
1.934933e+01 6.523701e-04 6.666425e-04 6.925396e-04 5.979282e-04
1.940133e+01 6.503240e-04 6.711404e-04 6.770031e-04 6.028284e-04
1.945333e+01 6.480700e-04 6.753624e-04 6.615280e-04 6.073196e-04
1.950533e+01 6.456443e-04 6.779523e-04 6.479302e-04 6.110505e-04
1.955733e+01 6.444282e-04 6.790023e-04 6.388236e-04 6.154589e-04
1.960933e+01 6.468730e-04 6.800902e-04 6.371542e-04 6.233748e-04
1.966133e+01 6.557919e-04 6.838103e-04 6.454549e-04 6.381104e-04
1.971333e+01 6.734966e-04 6.930232e-04 6.650935e-04 6.623732e-04
1.976533e+01 7.010868e-04 7.100911e-04 6.957982e-04 6.973710e-04
1.981733e+01 7.380983e-04 7.362935e-04 7.356326e-04 7.423690e-04
1.986933e+01 7.825713e-04 7.715132e-04 7.814229e-04 7.947778e-04
1.992133e+01 8.314637e-04 8.142092e-04 8.294971e-04 8.506849e-04
1.997333e+01 8.812745e-04 8.616581e-04 8.765191e-04 9.056461e-04
2.002533e+01 9.287298e-04 9.104395e-04 9.202039e-04 9.555460e-04
2.007733e+01 9.714074e-04 9.571002e-04 9.597471e-04 9.973751e-04
2.012933e+01 1.008176e-03 9.988752e-04 9.958541e-04 1.029800e-03
2.018133e+01 1.039328e-03 1.034265e-03 1.030320e-03 1.053399e-03
2.023333e+01 1.066303e-03 1.063260e-03 1.065208e-03 1.070440e-03
2.028533e+01 1.091026e-03 1.087101e-03 1.101821e-03 1.084156e-03
2.033733e+01 1.115034e-03 1.107638e-03 1.139800e-03 1.097664e-03
2.038933e+01 1.138730e-03 1.126578e-03 1.176736e-03 1.112877e-03
2.044133e+01 1.161123e-03 1.144938e-03 1.208544e-03 1.129887e-03
2.049333e+01 1.180210e-03 1.162945e-03 1.230546e-03 1.147140e-03
2.054533e+01 1.193889e-03 1.180364e-03 1.238938e-03 1.162366e-03
2.059733e+01 1.201000e-03 1.197012e-03 1.232110e-03 1.173880e-03
2.064933e+01 1.202046e-03 1.213141e-03 1.211380e-03 1.181615e-03
2.070133e+01 1.199296e-03 1.229513e-03 1.180937e-03 1.187437e-03
2.075333e+01 1.196253e-03 1.247160e-03 1.147007e-03 1.194591e-03
2.080533e+01 1.196690e-03 1.267011e-03 1.116484e-03 1.206576e-03
2.085733e+01 1.203592e-03 1.289521e-03 1.095340e-03 1.225914e-03
2.090933e+01 1.218296e-03 1.314418e-03 1.087183e-03 1.253286e-03
2.096133e+01 1.240064e-03 1.340584e-03 1.092340e-03 1.287269e-03
2.101333e+01 1.266175e-03 1.366077e-03 1.107766e-03 1.324684e-03
2.106533e+01 1.292535e-03 1.388367e-03 1.127888e-03 1.361349e-03
2.111733e+01 1.314671e-03 1.404804e-03 1.146202e-03 1.393006e-03
2.116933e+01 1.328870e-03 1.413267e-03 1.157179e-03 1.416165e-03
2.122133e+01 1.333163e-03 1.412856e-03 1.157895e-03 1.428739e-03
2.127333e+01 1.327871e-03 1.404364e-03 1.148887e-03 1.430364e-03
2.132533e+01 1.315555e-03 1.390352e-03 1.133935e-03 1.422378e-03
2.137733e+01 1.300371e-03 1.374740e-03 1.118878e-03 1.407495e-03
2.142933e+01 1.287041e-03 1.362006e-03 1.109858e-03 1.389259e-03
2.148133e+01 1.279771e-03 1.356251e-03 1.111621e-03 1.371442e-03
2.153333e+01 1.281474e-03 1.360399e-03 1.126453e-03 1.357570e-03
2.158533e+01 1.293539e-03 1.375834e-03 1.154087e-03 1.350697e-03
2.163733e+01 1.316152e-03 1.402552e-03 1.192504e-03 1.353401e-03
2.168933e+01 1.348936e-03 1.439753e-03 1.239216e-03 1.367837e-03
2.174133e+01 1.391536e-03 1.486576e-03 1.292410e-03 1.395623e-03
2.179333e+01 1.443845e-03 1.542647e-03 1.351485e-03 1.437402e-03
2.184533e+01 1.505739e-03 1.608210e-03 1.416798e-03 1.492210e-03
2.189733e+01 1.576542e-03 1.683799e-03 1.488845e-03 1.556982e-03
2.194933e+01 1.654535e-03 1.769663e-03 1.567324e-03 1.626616e-03
2.200133e+01 1.736860e-03 1.865189e-03 1.650563e-03 1.694828e-03
2.205333e+01 1.819900e-03 1.968539e-03 1.735511e-03 1.755649e-03
2.210533e+01 1.899943e-03 2.076567e-03 1.818236e-03 1.805025e-03
2.215733e+01 1.973806e-03 2.184942e-03 1.894629e-03 1.841848e-03
2.220933e+01 2.039115e-03 2.288398e-03 1.960992e-03 1.867954e-03
2.226133e+01 2.094168e-03 2.381081e-03 2.014327e-03 1.887098e-03
2.231333e+01 2.137571e-03 2.457006e-03 2.052351e-03 1.903355e-03
2.236533e+01 2.167888e-03 2.510664e-03 2.073349e-03 1.919650e-03
2.241733e+01 2.183562e-03 2.537730e-03 2.076031e-03 1.936926e-03
2.246933e+01 2.183131e-03 2.535734e-03 2.059491e-03 1.954169e-03
2.252133e+01 2.165633e-03 2.504524e-03 2.023306e-03 1.969069e-03
2.257333e+01 2.131031e-03 2.446390e-03 1.967753e-03 1.978950e-03
2.262533e+01 2.080491e-03 2.365791e-03 1.894088e-03 1.981593e-03
2.267733e+01 2.016419e-03 2.268713e-03 1.804800e-03 1.975744e-03
2.272933e+01 1.942246e-03 2.161763e-03 1.703694e-03 1.961282e-03
2.278133e+01 1.861980e-03 2.051168e-03 1.595701e-03 1.939071e-03
2.283333e+01 1.779618e-03 1.941885e-03 1.486369e-03 1.910600e-03
2.288533e+01 1.698555e-03 1.837059e-03 1.381116e-03 1.877491e-03
2.293733e+01 1.621150e-03 1.737976e-03 1.284450e-03 1.841023e-03
2.298933e+01 1.548569e-03 1.644515e-03 1.199401e-03 1.801791e-03
2.304133e+01 1.480943e-03 1.555879e-03 1.127322e-03 1.759627e-03
2.309333e+01 1.417736e-03 1.471339e-03 1.068062e-03 1.713809e-03
2.314533e+01 1.358170e-03 1.390674e-03 1.020364e-03 1.663472e-03
2.319733e+01 1.301530e-03 1.314239e-03 9.822996e-04 1.608052e-03
2.324933e+01 1.247284e-03 1.242698e-03 9.515748e-04 1.547580e-03
2.330133e+01 1.195038e-03 1.176650e-03 9.257153e-04 1.482749e-03
2.335333e+01 1.144433e-03 1.116323e-03 9.022141e-04 1.414762e-03
2.340533e+01 1.095099e-03 1.061463e-03 8.787497e-04 1.345084e-03
2.345733e+01 1.046707e-03 1.011393e-03 8.535035e-04 1.275224e-03
2.350933e+01 9.990995e-04 9.651831e-04 8.255006e-04 1.206615e-03
2.356133e+01 9.524113e-04 9.218394e-04 7.948362e-04 1.140558e-03
2.361333e+01 9.071245e-04 8.804975e-04 7.626764e-04 1.078199e-03
2.366533e+01 8.640232e-04 8.405868e-04 7.310065e-04 1.020476e-03
2.371733e+01 8.240773e-04 8.019685e-04 7.021926e-04 9.680708e-04
2.376933e+01 7.882982e-04 7.650118e-04 6.784759e-04 9.214069e-04
2.382133e+01 7.575988e-04 7.305649e-04 6.615116e-04 8.807198e-04
2.387333e+01 7.326584e-04 6.997885e-04 6.520243e-04 8.461625e-04
2.392533e+01 7.137802e-04 6.738612e-04 6.496105e-04 8.178689e-04
2.397733e+01 7.007345e-04 6.536154e-04 6.526966e-04 7.958914e-04
2.402933e+01 6.926202e-04 6.392016e-04 6.586641e-04 7.799948e-04
2.408133e+01 6.878106e-04 6.298866e-04 6.641659e-04 7.693793e-04
2.413333e+01 6.840654e-04 6.240710e-04 6.656441e-04 7.624811e-04
2.418533e+01 6.788584e-04 6.195568e-04 6.600095e-04 7.570089e-04
2.423733e+01 6.698979e-04 6.140267e-04 6.453661e-04 7.503010e-04
2.428933e+01 6.557265e-04 6.056275e-04 6.215967e-04 7.399553e-04
2.434133e+01 6.362212e-04 5.934984e-04 5.906156e-04 7.245495e-04
2.439333e+01 6.128173e-04 5.780813e-04 5.561681e-04 7.042024e-04
2.444533e+01 5.883510e-04 5.611010e-04 5.231884e-04 6.807636e-04
2.449733e+01 5.665330e-04 5.451942e-04 4.968621e-04 6.575427e-04
2.454933e+01 5.511811e-04 5.332768e-04 4.816245e-04 6.386419e-04
2.460133e+01 5.454101e-04 5.278246e-04 4.803240e-04 6.280817e-04
2.465333e+01 5.509813e-04 5.302714e-04 4.937216e-04 6.289510e-04
2.470533e+01 5.679668e-04 5.407045e-04 5.204037e-04 6.427921e-04
2.475733e+01 5.947972e-04 5.579468e-04 5.571046e-04 6.693402e-04
2.480933e+01 6.286628e-04 5.799947e-04 5.993559e-04 7.066377e-04
2.486133e+01 6.661409e-04 6.046560e-04 6.423214e-04 7.514453e-04
2.491333e+01 7.038656e-04 6.301532e-04 6.816322e-04 7.998115e-04
2.496533e+01 7.390536e-04 6.554723e-04 7.140368e-04 8.476517e-04
2.501733e+01 7.697678e-04 6.803438e-04 7.377331e-04 8.912265e-04
2.506933e+01 7.949091e-04 7.049033e-04 7.523526e-04 9.274713e-04
2.512133e+01 8.140231e-04 7.292109e-04 7.586662e-04 9.541924e-04
2.517333e+01 8.270572e-04 7.528508e-04 7.581500e-04 9.701708e-04
2.522533e+01 8.341741e-04 7.747674e-04 7.525529e-04 9.752018e-04
2.527733e+01 8.356625e-04 7.933732e-04 7.435567e-04 9.700575e-04
2.532933e+01 8.319173e-04 8.068579e-04 7.325625e-04 9.563314e-04
2.538133e+01 8.234353e-04 8.135796e-04 7.205903e-04 9.361360e-04
2.543333e+01 8.107918e-04 8.124244e-04 7.082667e-04 9.116843e-04
2.548533e+01 7.946032e-04 8.030617e-04 6.958817e-04 8.848661e-04
2.553733e+01 7.755141e-04 7.860609e-04 6.835042e-04 8.569772e-04
2.558933e+01 7.542444e-04 7.628648e-04 6.711375e-04 8.287310e-04
2.564133e+01 7.316994e-04 7.356424e-04 6.588829e-04 8.005727e-04
2.569333e+01 7.091010e-04 7.070615e-04 6.470667e-04 7.731748e-04
2.574533e+01 6.880717e-04 6.800299e-04 6.362931e-04 7.478922e-04
2.579733e+01 6.706058e-04 6.574502e-04 6.274129e-04 7.269543e-04
2.584933e+01 6.589028e-04 6.420062e-04 6.214298e-04 7.132725e-04
2.590133e+01 6.550845e-04 6.359723e-04 6.193833e-04 7.098979e-04
2.595333e+01 6.608553e-04 6.410246e-04 6.222422e-04 7.192990e-04
2.600533e+01 6.771813e-04 6.580361e-04 6.308168e-04 7.426911e-04
2.605733e+01 7.040531e-04 6.868714e-04 6.456711e-04 7.796168e-04
2.610933e+01 7.403716e-04 7.262287e-04 6.670066e-04 8.278795e-04
2.616133e+01 7.839721e-04 7.735943e-04 6.945079e-04 8.838142e-04
2.621333e+01 8.317780e-04 8.253733e-04 7.271735e-04 9.427873e-04
2.626533e+01 8.800643e-04 8.772179e-04 7.631884e-04 9.997864e-04
2.631733e+01 9.248106e-04 9.245305e-04 7.999179e-04 1.049983e-03
2.636933e+01 9.621212e-04 9.630676e-04 8.340855e-04 1.089211e-03
2.642133e+01 9.886809e-04 9.895413e-04 8.621625e-04 1.114339e-03
2.647333e+01 1.002198e-03 1.002105e-03 8.809226e-04 1.123567e-03
2.652533e+01 1.001763e-03 1.000622e-03 8.880465e-04 1.116620e-03
2.657733e+01 9.880264e-04 9.866456e-04 8.826172e-04 1.094817e-03
2.662933e+01 9.631398e-04 9.630937e-04 8.653491e-04 1.060977e-03
2.668133e+01 9.304240e-04 9.336795e-04 8.384675e-04 1.019125e-03
2.673333e+01 8.938335e-04 9.022260e-04 8.052602e-04 9.740143e-04
2.678533e+01 8.573378e-04 8.720450e-04 7.694331e-04 9.305351e-04
2.683733e+01 8.243732e-04 8.455397e-04 7.344609e-04 8.931189e-04
2.688933e+01 7.974844e-04 8.241003e-04 7.031097e-04 8.652432e-04
2.694133e+01 7.781911e-04 8.082444e-04 6.772240e-04 8.491048e-04
2.699333e+01 7.670292e-04 7.978609e-04 6.577520e-04 8.454746e-04
2.704533e+01 7.636728e-04 7.924076e-04 6.449014e-04 8.537093e-04
2.709733e+01 7.670604e-04 7.909894e-04 6.382999e-04 8.718919e-04
2.714933e+01 7.755185e-04 7.923671e-04 6.370973e-04 8.970910e-04
2.720133e+01 7.869327e-04 7.950210e-04 6.400355e-04 9.257416e-04
2.725333e+01 7.990263e-04 7.973796e-04 6.455671e-04 9.541321e-04
2.730533e+01 8.097471e-04 7.982112e-04 6.520876e-04 9.789425e-04
2.735733e+01 8.176867e-04 7.970514e-04 6.582649e-04 9.977439e-04
2.740933e+01 8.223985e-04 7.944663e-04 6.633621e-04 1.009367e-03
2.746133e+01 8.244947e-04 7.919999e-04 6.674106e-04 1.014074e-03
2.751333e+01 8.254698e-04 7.917802e-04 6.711332e-04 1.013496e-03
2.756533e+01 8.272883e-04 7.959096e-04 6.756120e-04 1.010343e-03
2.761733e+01 8.318456e-04 8.058517e-04 6.818115e-04 1.007873e-03
2.766933e+01 8.404517e-04 8.220244e-04 6.901342e-04 1.009196e-03
2.772133e+01 8.534784e-04 8.437233e-04 7.001889e-04 1.016523e-03
2.777333e+01 8.702737e-04 8.693758e-04 7.108759e-04 1.030569e-03
2.782533e+01 8.893697e-04 8.970138e-04 7.207711e-04 1.050324e-03
2.787733e+01 9.089214e-04 9.247882e-04 7.286670e-04 1.073309e-03
2.792933e+01 9.272267e-04 9.513506e-04 7.340592e-04 1.096270e-03
2.798133e+01 9.431489e-04 9.759883e-04 7.373757e-04 1.116083e-03
2.803333e+01 9.563009e-04 9.984977e-04 7.398538e-04 1.130551e-03
2.808533e+01 9.669534e-04 1.018884e-03 7.431154e-04 1.138861e-03
2.813733e+01 9.757490e-04 1.037038e-03 7.486285e-04 1.141580e-03
2.818933e+01 9.833770e-04 1.052560e-03 7.572885e-04 1.140282e-03
2.824133e+01 9.903622e-04 1.064812e-03 7.692979e-04 1.136976e-03
2.829333e+01 9.970400e-04 1.073210e-03 7.843735e-04 1.133536e-03
2.834533e+01 1.003684e-03 1.077627e-03 8.021517e-04 1.131272e-03
2.839733e+01 1.010670e-03 1.078720e-03 8.225619e-04 1.130728e-03
2.844933e+01 1.018554e-03 1.077997e-03 8.459516e-04 1.131713e-03
2.850133e+01 1.027989e-03 1.077556e-03 8.728769e-04 1.133533e-03
2.855333e+01 1.039514e-03 1.079539e-03 9.036468e-04 1.135355e-03
2.860533e+01 1.053325e-03 1.085526e-03 9.378536e-04 1.136597e-03
2.865733e+01 1.069162e-03 1.096075e-03 9.741564e-04 1.137254e-03
2.870933e+01 1.086403e-03 1.110640e-03 1.010486e-03 1.138084e-03
2.876133e+01 1.104385e-03 1.127884e-03 1.044658e-03 1.140614e-03
2.881333e+01 1.122839e-03 1.146321e-03 1.075190e-03 1.147005e-03
2.886533e+01 1.142275e-03 1.165030e-03 1.101993e-03 1.159802e-03
2.891733e+01 1.164141e-03 1.184202e-03 1.126630e-03 1.181590e-03
2.896933e+01 1.190588e-03 1.205249e-03 1.151958e-03 1.214557e-03
2.902133e+01 1.223852e-03 1.230397e-03 1.181198e-03 1.259961e-03
2.907333e+01 1.265387e-03 1.261851e-03 1.216732e-03 1.317579e-03
2.912533e+01 1.315080e-03 1.300826e-03 1.259071e-03 1.385342e-03
2.917733e+01 1.370867e-03 1.346841e-03 1.306401e-03 1.459359e-03
2.922933e+01 1.429007e-03 1.397588e-03 1.354927e-03 1.534506e-03
2.928133e+01 1.484948e-03 1.449484e-03 1.399892e-03 1.605468e-03
2.933333e+01 1.534491e-03 1.498677e-03 1.436857e-03 1.667937e-03
2.938533e+01 1.574771e-03 1.542082e-03 1.462735e-03 1.719496e-03
2.943733e+01 1.604687e-03 1.578023e-03 1.476208e-03 1.759829e-03
2.948933e+01 1.624635e-03 1.606235e-03 1.477475e-03 1.790194e-03
2.954133e+01 1.635777e-03 1.627321e-03 1.467595e-03 1.812414e-03
2.959333e+01 1.639222e-03 1.641982e-03 1.447830e-03 1.827855e-03
2.964533e+01 1.635532e-03 1.650429e-03 1.419311e-03 1.836855e-03
2.969733e+01 1.624727e-03 1.652238e-03 1.383141e-03 1.838801e-03
2.974933e+01 1.606732e-03 1.646686e-03 1.340766e-03 1.832743e-03
2.980133e+01 1.581968e-03 1.633366e-03 1.294342e-03 1.818196e-03
2.985333e+01 1.551777e-03 1.612737e-03 1.246854e-03 1.795739e-03
2.990533e+01 1.518469e-03 1.586356e-03 1.201882e-03 1.767168e-03
2.995733e+01 1.484952e-03 1.556639e-03 1.163060e-03 1.735157e-03
3.000933e+01 1.454102e-03 1.526268e-03 1.133423e-03 1.702615e-03
3.006133e+01 1.428085e-03 1.497470e-03 1.114811e-03 1.671973e-03
3.011333e+01 1.407876e-03 1.471485e-03 1.107494e-03 1.644650e-03
3.016533e+01 1.393116e-03 1.448397e-03 1.110106e-03 1.620846e-03
3.021733e+01 1.382321e-03 1.427362e-03 1.119902e-03 1.599699e-03
3.026933e+01 1.373359e-03 1.407078e-03 1.133274e-03 1.579726e-03
3.032133e+01 1.364028e-03 1.386258e-03 1.146436e-03 1.559389e-03
3.037333e+01 1.352556e-03 1.363961e-03 1.156099e-03 1.537606e-03
3.042533e+01 1.337926e-03 1.339714e-03 1.160014e-03 1.514051e-03
3.047733e+01 1.319977e-03 1.313503e-03 1.157262e-03 1.489165e-03
3.052933e+01 1.299303e-03 1.285741e-03 1.148277e-03 1.463890e-03
3.058133e+01 1.277020e-03 1.257240e-03 1.134607e-03 1.439211e-03
3.063333e+01 1.254429e-03 1.229123e-03 1.118515e-03 1.415648e-03
3.068533e+01 1.232659e-03 1.202625e-03 1.102468e-03 1.392883e-03
3.073733e+01 1.212346e-03 1.178743e-03 1.088632e-03 1.369664e-03
3.078933e+01 1.193453e-03 1.157868e-03 1.078437e-03 1.344055e-03
3.084133e+01 1.175277e-03 1.139564e-03 1.072317e-03 1.313950e-03
3.089333e+01 1.156666e-03 1.122646e-03 1.069675e-03 1.277677e-03
3.094533e+01 1.136375e-03 1.105570e-03 1.069093e-03 1.234463e-03
3.099733e+01 1.113436e-03 1.086978e-03 1.068717e-03 1.184615e-03
3.104933e+01 1.087435e-03 1.066165e-03 1.066733e-03 1.129408e-03
3.110133e+01 1.058618e-03 1.043286e-03 1.061788e-03 1.070779e-03
3.115333e+01 1.027824e-03 1.019237e-03 1.053254e-03 1.010980e-03
3.120533e+01 9.962819e-04 9.953006e-04 1.041273e-03 9.522717e-04
3.125733e+01 9.653526e-04 9.727423e-04 1.026603e-03 8.967127e-04
3.130933e+01 9.362770e-04 9.525171e-04 1.010315e-03 8.459993e-04
3.136133e+01 9.099978e-04 9.351584e-04 9.934768e-04 8.013583e-04
3.141333e+01 8.870800e-04 9.208372e-04 9.769086e-04 7.634942e-04
3.146533e+01 8.677297e-04 9.095045e-04 9.610743e-04 7.326103e-04
3.151733e+01 8.518742e-04 9.010234e-04 9.460978e-04 7.085014e-04
3.156933e+01 8.392484e-04 8.952240e-04 9.318391e-04 6.906821e-04
3.162133e+01 8.294409e-04 8.918650e-04 9.179619e-04 6.784957e-04
3.167333e+01 8.218904e-04 8.905333e-04 9.039658e-04 6.711720e-04
3.172533e+01 8.158674e-04 8.905502e-04 8.892082e-04 6.678437e-04
3.177733e+01 8.104957e-04 8.909506e-04 8.729680e-04 6.675685e-04
3.182933e+01 8.048511e-04 8.905766e-04 8.545756e-04 6.694013e-04
3.188133e+01 7.981240e-04 8.882669e-04 8.335841e-04 6.725209e-04
3.193333e+01 7.897841e-04 8.830777e-04 8.099144e-04 6.763602e-04
3.198533e+01 7.796780e-04 8.744590e-04 7.839123e-04 6.806628e-04
3.203733e+01 7.680179e-04 8.623374e-04 7.563002e-04 6.854161e-04
3.208933e+01 7.552753e-04 8.471028e-04 7.280511e-04 6.906720e-04
3.214133e+01 7.420317e-04 8.295233e-04 7.002401e-04 6.963316e-04
3.219333e+01 7.288415e-04 8.106182e-04 6.739140e-04 7.019923e-04
3.224533e+01 7.161421e-04 7.915011e-04 6.499947e-04 7.069306e-04
3.229733e+01 7.042134e-04 7.732032e-04 6.292059e-04 7.102310e-04
3.234933e+01 6.931746e-04 7.565020e-04 6.120114e-04 7.110103e-04
3.240133e+01 6.830033e-04 7.418032e-04 5.985561e-04 7.086505e-04
3.245333e+01 6.735685e-04 7.291201e-04 5.886213e-04 7.029641e-04
3.250533e+01 6.646751e-04 7.181630e-04 5.816127e-04 6.942496e-04
3.255733e+01 6.561141e-04 7.084986e-04 5.766080e-04 6.832356e-04
3.260933e+01 6.477096e-04 6.997046e-04 5.724805e-04 6.709436e-04
3.266133e+01 6.393482e-04 6.914538e-04 5.680899e-04 6.585010e-04
3.271333e+01 6.309783e-04 6.835020e-04 5.625004e-04 6.469326e-04
3.276533e+01 6.225755e-04 6.756109e-04 5.551619e-04 6.369535e-04
3.281733e+01 6.140825e-04 6.674601e-04 5.459917e-04 6.287956e-04
3.286933e+01 6.053492e-04 6.586032e-04 5.353240e-04 6.221203e-04
3.292133e+01 5.961023e-04 6.484903e-04 5.237502e-04 6.160665e-04
3.297333e+01 5.859710e-04 6.365487e-04 5.119112e-04 6.094531e-04
3.302533e+01 5.745728e-04 6.222973e-04 5.003249e-04 6.010963e-04
3.307733e+01 5.616358e-04 6.054632e-04 4.893033e-04 5.901410e-04
3.312933e+01 5.471118e-04 5.860731e-04 4.789682e-04 5.762940e-04
3.318133e+01 5.312333e-04 5.644955e-04 4.693266e-04 5.598779e-04
3.323333e+01 5.144911e-04 5.414184e-04 4.603477e-04 5.417073e-04
3.328533e+01 4.975410e-04 5.177656e-04 4.520031e-04 5.228543e-04
3.333733e+01 4.810827e-04 4.945723e-04 4.442719e-04 5.044040e-04
3.338933e+01 4.657621e-04 4.728632e-04 4.371442e-04 4.872790e-04
3.344133e+01 4.521279e-04 4.535626e-04 4.306594e-04 4.721617e-04
3.349333e+01 4.406434e-04 4.374482e-04 4.249819e-04 4.595001e-04
3.354533e+01 4.317216e-04 4.251252e-04 4.204788e-04 4.495607e-04
3.359733e+01 4.257437e-04 4.169904e-04 4.177461e-04 4.424945e-04
3.364933e+01 4.230381e-04 4.131733e-04 4.175452e-04 4.383957e-04
3.370133e+01 4.238269e-04 4.134798e-04 4.206603e-04 4.373405e-04
3.375333e+01 4.281705e-04 4.173881e-04 4.277254e-04 4.393981e-04
3.380533e+01 4.359440e-04 4.241394e-04 4.390812e-04 4.446115e-04
3.385733e+01 4.468577e-04 4.329166e-04 4.547030e-04 4.529534e-04
3.390933e+01 4.605100e-04 4.430451e-04 4.742051e-04 4.642797e-04
3.396133e+01 4.764451e-04 4.541201e-04 4.969084e-04 4.783067e-04
3.401333e+01 4.941931e-04 4.659896e-04 5.219551e-04 4.946346e-04
3.406533e+01 5.132929e-04 4.785971e-04 5.484637e-04 5.128180e-04
3.411733e+01 5.333164e-04 4.917726e-04 5.757155e-04 5.324613e-04
3.416933e+01 5.539188e-04 5.050990e-04 6.033470e-04 5.533105e-04
3.422133e+01 5.749216e-04 5.179494e-04 6.315028e-04 5.753127e-04
3.427333e+01 5.964084e-04 5.296953e-04 6.608953e-04 5.986346e-04
3.432533e+01 6.187868e-04 5.399889e-04 6.927328e-04 6.236387e-04
3.437733e+01 6.427627e-04 5.489687e-04 7.285053e-04 6.508142e-04
3.442933e+01 6.691914e-04 5.572721e-04 7.696447e-04 6.806572e-04
3.448133e+01 6.988153e-04 5.658346e-04 8.171137e-04 7.134976e-04
3.453333e+01 7.319572e-04 5.755627e-04 8.710120e-04 7.492968e-04
3.458533e+01 7.682790e-04 5.870327e-04 9.303241e-04 7.874801e-04
3.463733e+01 8.067225e-04 6.003466e-04 9.929364e-04 8.268845e-04
3.468933e+01 8.456934e-04 6.151981e-04 1.055995e-03 8.658872e-04
3.474133e+01 8.834605e-04 6.310993e-04 1.116561e-03 9.027212e-04
3.479333e+01 9.186472e-04 6.476554e-04 1.172379e-03 9.359067e-04
3.484533e+01 9.506389e-04 6.647611e-04 1.222484e-03 9.646715e-04
3.489733e+01 9.797446e-04 6.826404e-04 1.267372e-03 9.892210e-04
3.494933e+01 1.007029e-03 7.017224e-04 1.308614e-03 1.010751e-03
3.500133e+01 1.033850e-03 7.224149e-04 1.347966e-03 1.031168e-03
3.505333e+01 1.061240e-03 7.448781e-04 1.386295e-03 1.052547e-03
3.510533e+01 1.089350e-03 7.688962e-04 1.422712e-03 1.076441e-03
3.515733e+01 1.117145e-03 7.938933e-04 1.454335e-03 1.103206e-03
3.520933e+01 1.142478e-03 8.190709e-04 1.476832e-03 1.131531e-03
3.526133e+01 1.162539e-03 8.435773e-04 1.485647e-03 1.158393e-03
3.531333e+01 1.174528e-03 8.666128e-04 1.477450e-03 1.179522e-03
3.536533e+01 1.176352e-03 8.874208e-04 1.451279e-03 1.190356e-03
3.541733e+01 1.167131e-03 9.052015e-04 1.408943e-03 1.187247e-03
3.546933e+01 1.147377e-03 9.190524e-04 1.354539e-03 1.168541e-03
3.552133e+01 1.118855e-03 9.280408e-04 1.293340e-03 1.135183e-03
3.557333e+01 1.084180e-03 9.314370e-04 1.230500e-03 1.090603e-03
3.562533e+01 1.046331e-03 9.290271e-04 1.170042e-03 1.039923e-03
3.567733e+01 1.008160e-03 9.213440e-04 1.114391e-03 9.887462e-04
3.572933e+01 9.720206e-04 9.096696e-04 1.064475e-03 9.419171e-04
3.578133e+01 9.395214e-04 8.957629e-04 1.020188e-03 9.026130e-04
3.583333e+01 9.114482e-04 8.814017e-04 9.809599e-04 8.719829e-04
3.588533e+01 8.878295e-04 8.679184e-04 9.462112e-04 8.493588e-04
3.593733e+01 8.681330e-04 8.559081e-04 9.156024e-04 8.328884e-04
3.598933e+01 8.515339e-04 8.452050e-04 8.890626e-04 8.203341e-04
3.604133e+01 8.371791e-04 8.351085e-04 8.666680e-04 8.097607e-04
3.609333e+01 8.243731e-04 8.247508e-04 8.484599e-04 7.999085e-04
3.614533e+01 8.126440e-04 8.134563e-04 8.342869e-04 7.901887e-04
3.619733e+01 8.016978e-04 8.009717e-04 8.237293e-04 7.803925e-04
3.624933e+01 7.913137e-04 7.875035e-04 8.161225e-04 7.703152e-04
3.630133e+01 7.812453e-04 7.735805e-04 8.106511e-04 7.595043e-04
3.635333e+01 7.711771e-04 7.598182e-04 8.064616e-04 7.472515e-04
3.640533e+01 7.607481e-04 7.466873e-04 8.027471e-04 7.328097e-04
3.645733e+01 7.496162e-04 7.343637e-04 7.987820e-04 7.157029e-04
3.650933e+01 7.375233e-04 7.226923e-04 7.939195e-04 6.959580e-04
3.656133e+01 7.243248e-04 7.112481e-04 7.875820e-04 6.741444e-04
3.661333e+01 7.099784e-04 6.994533e-04 7.792739e-04 6.512080e-04
3.666533e+01 6.945082e-04 6.867101e-04 7.686284e-04 6.281861e-04
3.671733e+01 6.779803e-04 6.725236e-04 7.554823e-04 6.059349e-04
3.676933e+01 6.605109e-04 6.566026e-04 7.399516e-04 5.849785e-04
3.682133e+01 6.423098e-04 6.389290e-04 7.224747e-04 5.655257e-04
3.687333e+01 6.237310e-04 6.197829e-04 7.037895e-04 5.476207e-04
3.692533e+01 6.052930e-04 5.997085e-04 6.848293e-04 5.313410e-04
3.697733e+01 5.876355e-04 5.794168e-04 6.665480e-04 5.169416e-04
3.702933e+01 5.714083e-04 5.596406e-04 6.497157e-04 5.048687e-04
3.708133e+01 5.571156e-04 5.409861e-04 6.347431e-04 4.956175e-04
3.713333e+01 5.449654e-04 5.238269e-04 6.215933e-04 4.894761e-04
3.718533e+01 5.347812e-04 5.082764e-04 6.098179e-04 4.862492e-04
3.723733e+01 5.260123e-04 4.942327e-04 5.987170e-04 4.850872e-04
3.728933e+01 5.178541e-04 4.814599e-04 5.875803e-04 4.845220e-04
3.734133e+01 5.094449e-04 4.696581e-04 5.759367e-04 4.827400e-04
3.739333e+01 5.000838e-04 4.584951e-04 5.637288e-04 4.780275e-04
3.744533e+01 4.894031e-04 4.476096e-04 5.513559e-04 4.692439e-04
3.749733e+01 4.774489e-04 4.366243e-04 5.395700e-04 4.561525e-04
3.754933e+01 4.646504e-04 4.252026e-04 5.292577e-04 4.394909e-04
3.760133e+01 4.516957e-04 4.131472e-04 5.211770e-04 4.207628e-04
3.765333e+01 4.393548e-04 4.005008e-04 5.157262e-04 4.018375e-04
3.770533e+01 4.283019e-04 3.875885e-04 5.128097e-04 3.845076e-04
3.775733e+01 4.189833e-04 3.749650e-04 5.118407e-04 3.701442e-04
3.780933e+01 4.115616e-04 3.632751e-04 5.118788e-04 3.595309e-04
3.786133e+01 4.059409e-04 3.530811e-04 5.118681e-04 3.528737e-04
3.791333e+01 4.018512e-04 3.447219e-04 5.109056e-04 3.499260e-04
3.796533e+01 3.989527e-04 3.382514e-04 5.084625e-04 3.501444e-04
3.801733e+01 3.969211e-04 3.334599e-04 5.044918e-04 3.528115e-04
3.806933e+01 3.954853e-04 3.299528e-04 4.993979e-04 3.571052e-04
3.812133e+01 3.944253e-04 3.272514e-04 4.938924e-04 3.621323e-04
3.817333e+01 3.935544e-04 3.248918e-04 4.888015e-04 3.669698e-04
3.822533e+01 3.927202e-04 3.225133e-04 4.848962e-04 3.707511e-04
3.827733e+01 3.918384e-04 3.199273e-04 4.827888e-04 3.727991e-04
3.832933e+01 3.909375e-04 3.171508e-04 4.828890e-04 3.727727e-04
3.838133e+01 3.901760e-04 3.143844e-04 4.853766e-04 3.707670e-04
3.843333e+01 3.897980e-04 3.119274e-04 4.901517e-04 3.673148e-04
3.848533e+01 3.900337e-04 3.100558e-04 4.967688e-04 3.632765e-04
3.853733e+01 3.909947e-04 3.089184e-04 5.044157e-04 3.596498e-04
3.858933e+01 3.926293e-04 3.085110e-04 5.120164e-04 3.573607e-04
3.864133e+01 3.947775e-04 3.087498e-04 5.184866e-04 3.570962e-04
3.869333e+01 3.973018e-04 3.096148e-04 5.230787e-04 3.592119e-04
3.874533e+01 4.002213e-04 3.112791e-04 5.256697e-04 3.637150e-04
3.879733e+01 4.037616e-04 3.141423e-04 5.268343e-04 3.703082e-04
3.884933e+01 4.082767e-04 3.187257e-04 5.276328e-04 3.784716e-04
3.890133e+01 4.140687e-04 3.254604e-04 5.291760e-04 3.875698e-04
3.895333e+01 4.211896e-04 3.344545e-04 5.321486e-04 3.969657e-04
3.900533e+01 4.293175e-04 3.453415e-04 5.364945e-04 4.061166e-04
3.905733e+01 4.377655e-04 3.572796e-04 5.413949e-04 4.146221e-04
3.910933e+01 4.456153e-04 3.691049e-04 5.455344e-04 4.222065e-04
3.916133e+01 4.519258e-04 3.795903e-04 5.475349e-04 4.286524e-04
3.921333e+01 4.559501e-04 3.877245e-04 5.463875e-04 4.337384e-04
3.926533e+01 4.573090e-04 3.929357e-04 5.417468e-04 4.372445e-04
3.931733e+01 4.560961e-04 3.952056e-04 5.340281e-04 4.390546e-04
3.936933e+01 4.529004e-04 3.950573e-04 5.243247e-04 4.393192e-04
3.942133e+01 4.487366e-04 3.934317e-04 5.141964e-04 4.385816e-04
3.947333e+01 4.448787e-04 3.914847e-04 5.053860e-04 4.377654e-04
3.952533e+01 4.426143e-04 3.903537e-04 4.995106e-04 4.379786e-04
3.957733e+01 4.429678e-04 3.909426e-04 4.977695e-04 4.401914e-04
3.962933e+01 4.464701e-04 3.937694e-04 5.007207e-04 4.449202e-04
3.968133e+01 4.530508e-04 3.989079e-04 5.081813e-04 4.520631e-04
3.973333e+01 4.620936e-04 4.060290e-04 5.192899e-04 4.609618e-04
3.978533e+01 4.726405e-04 4.145272e-04 5.327306e-04 4.706639e-04
3.983733e+01 4.836748e-04 4.236913e-04 5.470672e-04 4.802660e-04
3.988933e+01 4.943864e-04 4.328703e-04 5.610922e-04 4.891966e-04
3.994133e+01 5.043338e-04 4.415863e-04 5.740831e-04 4.973320e-04
3.999333e+01 5.134543e-04 4.495647e-04 5.858786e-04 5.049196e-04
4.004533e+01 5.219309e-04 4.566819e-04 5.967494e-04 5.123615e-04
4.009733e+01 5.299795e-04 4.628636e-04 6.071148e-04 5.199601e-04
4.014933e+01 5.376485e-04 4.679870e-04 6.172246e-04 5.277338e-04
4.020133e+01 5.447191e-04 4.718389e-04 6.269447e-04 5.353737e-04
4.025333e+01 5.507489e-04 4.741554e-04 6.357399e-04 5.423514e-04
4.030533e+01 5.552383e-04 4.747284e-04 6.428544e-04 5.481320e-04
4.035733e+01 5.578450e-04 4.735293e-04 6.475975e-04 5.524082e-04
4.040933e+01 5.585520e-04 4.707878e-04 6.496023e-04 5.552657e-04
4.046133e+01 5.577157e-04 4.669828e-04 6.489449e-04 5.572195e-04
4.051333e+01 5.559773e-04 4.627391e-04 6.460891e-04 5.591036e-04
4.056533e+01 5.540738e-04 4.586697e-04 6.417012e-04 5.618506e-04
4.061733e+01 5.526318e-04 4.552251e-04 6.364324e-04 5.662378e-04
4.066933e+01 5.520295e-04 4.526144e-04 6.307779e-04 5.726961e-04
4.072133e+01 5.523898e-04 4.508307e-04 6.250799e-04 5.812587e-04
4.077333e+01 5.537084e-04 4.497719e-04 6.196752e-04 5.916781e-04
4.082533e+01 5.560596e-04 4.494064e-04 6.151063e-04 6.036659e-04
4.087733e+01 5.597787e-04 4.499165e-04 6.122651e-04 6.171544e-04
4.092933e+01 5.655238e-04 4.517585e-04 6.123523e-04 6.324606e-04
4.098133e+01 5.741702e-04 4.556184e-04 6.166225e-04 6.502698e-04
4.103333e+01 5.865705e-04 4.622811e-04 6.260006e-04 6.714297e-04
4.108533e+01 6.032762e-04 4.724639e-04 6.407443e-04 6.966205e-04
4.113733e+01 6.243340e-04 4.866664e-04 6.603186e-04 7.260170e-04
4.118933e+01 6.492247e-04 5.050693e-04 6.835470e-04 7.590577e-04
4.124133e+01 6.769478e-04 5.274807e-04 7.089628e-04 7.943998e-04
4.129333e+01 7.061965e-04 5.533136e-04 7.351940e-04 8.300818e-04
4.134533e+01 7.355520e-04 5.815831e-04 7.612164e-04 8.638566e-04
4.139733e+01 7.636486e-04 6.109342e-04 7.864010e-04 8.936105e-04
4.144933e+01 7.892924e-04 6.397297e-04 8.103939e-04 9.177537e-04
4.150133e+01 8.115377e-04 6.662194e-04 8.329300e-04 9.354637e-04
4.155333e+01 8.297209e-04 6.887787e-04 8.536831e-04 9.467011e-04
4.160533e+01 8.434503e-04 7.061631e-04 8.721978e-04 9.519899e-04
4.165733e+01 8.525488e-04 7.177050e-04 8.878927e-04 9.520486e-04
4.170933e+01 8.569698e-04 7.233892e-04 9.000959e-04 9.474243e-04
4.176133e+01 8.567200e-04 7.237883e-04 9.080827e-04 9.382891e-04
4.181333e+01 8.518297e-04 7.198806e-04 9.111222e-04 9.244863e-04
4.186533e+01 8.423912e-04 7.128101e-04 9.085621e-04 9.058013e-04
4.191733e+01 8.286532e-04 7.036552e-04 8.999765e-04 8.823281e-04
4.196933e+01 8.111266e-04 6.932608e-04 8.853593e-04 8.547598e-04
4.202133e+01 7.906435e-04 6.821670e-04 8.652939e-04 8.244694e-04
4.207333e+01 7.683281e-04 6.706373e-04 8.410099e-04 7.933370e-04
4.212533e+01 7.454738e-04 6.587629e-04 8.142677e-04 7.633909e-04
4.217733e+01 7.233628e-04 6.466000e-04 7.870889e-04 7.363995e-04
4.222933e+01 7.030903e-04 6.342881e-04 7.614169e-04 7.135661e-04
4.228133e+01 6.854539e-04 6.221126e-04 7.388257e-04 6.954234e-04
4.233333e+01 6.709343e-04 6.105024e-04 7.203608e-04 6.819396e-04
4.238533e+01 6.597540e-04 5.999758e-04 7.065301e-04 6.727560e-04
4.243733e+01 6.519644e-04 5.910643e-04 6.973982e-04 6.674309e-04
4.248933e+01 6.475063e-04 5.842320e-04 6.927125e-04 6.655746e-04
4.254133e+01 6.462086e-04 5.797998e-04 6.920002e-04 6.668259e-04
4.259333e+01 6.477332e-04 5.778735e-04 6.946217e-04 6.707045e-04
4.264533e+01 6.515097e-04 5.782907e-04 6.997987e-04 6.764397e-04
4.269733e+01 6.567182e-04 5.806103e-04 7.066525e-04 6.828917e-04
4.274933e+01 6.623628e-04 5.841752e-04 7.142744e-04 6.886388e-04
4.280133e+01 6.674346e-04 5.882509e-04 7.218247e-04 6.922282e-04
4.285333e+01 6.711210e-04 5.922092e-04 7.286396e-04 6.925142e-04
4.290533e+01 6.729900e-04 5.956912e-04 7.343193e-04 6.889596e-04
4.295733e+01 6.730837e-04 5.986880e-04 7.387737e-04 6.817894e-04
4.300933e+01 6.718813e-04 6.015024e-04 7.422070e-04 6.719345e-04
4.306133e+01 6.701404e-04 6.046120e-04 7.450258e-04 6.607834e-04
4.311333e+01 6.686650e-04 6.084905e-04 7.476783e-04 6.498263e-04
4.316533e+01 6.680768e-04 6.134589e-04 7.504621e-04 6.403095e-04
4.321733e+01 6.686667e-04 6.196197e-04 7.533752e-04 6.330051e-04
4.326933e+01 6.703721e-04 6.268802e-04 7.560860e-04 6.281502e-04
4.332133e+01 6.728744e-04 6.350310e-04 7.580491e-04 6.255431e-04
4.337333e+01 6.757571e-04 6.438237e-04 7.587199e-04 6.247276e-04
4.342533e+01 6.786468e-04 6.530013e-04 7.577620e-04 6.251771e-04
4.347733e+01 6.812734e-04 6.622739e-04 7.551373e-04 6.264089e-04
4.352933e+01 6.834374e-04 6.712684e-04 7.510367e-04 6.280071e-04
4.358133e+01 6.849267e-04 6.795015e-04 7.456956e-04 6.295831e-04
4.363333e+01 6.854433e-04 6.864044e-04 7.391983e-04 6.307271e-04
4.368533e+01 6.845913e-04 6.913980e-04 7.313795e-04 6.309965e-04
4.373733e+01 6.819374e-04 6.939870e-04 7.218723e-04 6.299528e-04
4.378933e+01 6.771180e-04 6.938456e-04 7.102766e-04 6.272318e-04
4.384133e+01 6.699524e-04 6.908796e-04 6.963643e-04 6.226134e-04
4.389333e+01 6.605210e-04 6.852680e-04 6.802284e-04 6.160666e-04
4.394533e+01 6.491812e-04 6.774762e-04 6.623156e-04 6.077518e-04
4.399733e+01 6.365125e-04 6.682217e-04 6.433370e-04 5.979788e-04
4.404933e+01 6.231995e-04 6.583655e-04 6.241038e-04 5.871294e-04
4.410133e+01 6.098836e-04 6.487306e-04 6.053531e-04 5.755672e-04
4.415333e+01 5.970293e-04 6.398911e-04 5.876278e-04 5.635690e-04
4.420533e+01 5.848514e-04 6.320077e-04 5.712376e-04 5.513088e-04
4.425733e+01 5.733297e-04 6.247850e-04 5.562974e-04 5.389067e-04
4.430933e+01 5.623047e-04 6.175851e-04 5.428096e-04 5.265196e-04
4.436133e+01 5.516147e-04 6.096666e-04 5.307517e-04 5.144257e-04
4.441333e+01 5.412202e-04 6.004711e-04 5.201386e-04 5.030509e-04
4.446533e+01 5.312709e-04 5.898532e-04 5.110467e-04 4.929130e-04
4.451733e+01 5.220933e-04 5.781741e-04 5.036034e-04 4.845024e-04
4.456933e+01 5.141100e-04 5.662264e-04 4.979527e-04 4.781511e-04
4.462133e+01 5.077230e-04 5.550166e-04 4.942054e-04 4.739471e-04
4.467333e+01 5.031967e-04 5.454780e-04 4.923824e-04 4.717296e-04
4.472533e+01 5.005717e-04 5.382027e-04 4.923555e-04 4.711568e-04
4.477733e+01 4.996286e-04 5.332751e-04 4.938008e-04 4.718100e-04
4.482933e+01 4.999079e-04 5.302539e-04 4.961879e-04 4.732817e-04
4.488133e+01 5.007838e-04 5.283055e-04 4.988289e-04 4.752170e-04
4.493333e+01 5.015823e-04 5.264444e-04 5.009971e-04 4.773054e-04
4.498533e+01 5.017182e-04 5.238030e-04 5.020962e-04 4.792555e-04
4.503733e+01 5.008223e-04 5.198452e-04 5.018286e-04 4.807932e-04
4.508933e+01 4.988234e-04 5.144624e-04 5.002996e-04 4.817081e-04
4.514133e+01 4.959594e-04 5.079400e-04 4.980032e-04 4.819349e-04
4.519333e+01 4.927111e-04 5.008314e-04 4.956810e-04 4.816209e-04
4.524533e+01 4.896733e-04 4.938068e-04 4.940924e-04 4.811206e-04
4.529733e+01 4.874005e-04 4.875328e-04 4.937789e-04 4.808899e-04
4.534933e+01 4.862745e-04 4.826095e-04 4.949066e-04 4.813073e-04
4.540133e+01 4.864302e-04 4.795484e-04 4.972449e-04 4.824974e-04
4.545333e+01 4.877588e-04 4.787557e-04 5.002770e-04 4.842437e-04
4.550533e+01 4.899726e-04 4.804928e-04 5.033895e-04 4.860355e-04
4.555733e+01 4.927010e-04 4.848116e-04 5.060578e-04 4.872335e-04
4.560933e+01 4.955788e-04 4.914892e-04 5.079646e-04 4.872828e-04
4.566133e+01 4.983047e-04 4.999982e-04 5.090263e-04 4.858897e-04
4.571333e+01 5.006661e-04 5.095442e-04 5.093477e-04 4.831065e-04
4.576533e+01 5.025441e-04 5.191737e-04 5.091475e-04 4.793111e-04
4.581733e+01 5.039120e-04 5.279389e-04 5.086915e-04 4.751055e-04
4.586933e+01 5.048325e-04 5.350748e-04 5.082483e-04 4.711745e-04
4.592133e+01 5.054488e-04 5.401389e-04 5.080636e-04 4.681438e-04
4.597333e+01 5.059603e-04 5.430677e-04 5.083421e-04 4.664711e-04
4.602533e+01 5.065829e-04 5.441255e-04 5.092297e-04 4.663934e-04
4.607733e+01 5.075017e-04 5.437645e-04 5.108024e-04 4.679383e-04
4.612933e+01 5.088334e-04 5.424523e-04 5.130638e-04 4.709841e-04
4.618133e+01 5.106073e-04 5.405372e-04 5.159492e-04 4.753355e-04
4.623333e+01 5.127681e-04 5.382091e-04 5.193261e-04 4.807692e-04
4.628533e+01 5.151903e-04 5.355607e-04 5.229851e-04 4.870252e-04
4.633733e+01 5.176934e-04 5.327045e-04 5.266291e-04 4.937467e-04
4.638933e+01 5.200532e-04 5.298669e-04 5.298764e-04 5.004162e-04
4.644133e+01 5.220135e-04 5.273969e-04 5.322982e-04 5.063453e-04
4.649333e+01 5.233068e-04 5.256733e-04 5.334838e-04 5.107635e-04
4.654533e+01 5.236889e-04 5.249523e-04 5.331125e-04 5.130018e-04
4.659733e+01 5.229832e-04 5.252340e-04 5.310031e-04 5.127124e-04
4.664933e+01 5.211254e-04 5.262141e-04 5.271274e-04 5.100346e-04
4.670133e+01 5.181925e-04 5.273492e-04 5.215992e-04 5.056292e-04
4.675333e+01 5.144091e-04 5.280144e-04 5.146642e-04 5.005486e-04
4.680533e+01 5.101273e-04 5.276977e-04 5.067040e-04 4.959802e-04
4.685733e+01 5.057831e-04 5.261641e-04 4.982408e-04 4.929443e-04
4.690933e+01 5.018293e-04 5.235346e-04 4.899099e-04 4.920435e-04
4.696133e+01 4.986514e-04 5.202457e-04 4.823731e-04 4.933355e-04
4.701333e+01 4.964775e-04 5.168924e-04 4.761831e-04 4.963571e-04
4.706533e+01 4.953106e-04 5.140031e-04 4.716448e-04 5.002838e-04
4.711733e+01 4.949146e-04 5.118276e-04 4.687419e-04 5.041742e-04
4.716933e+01 4.948772e-04 5.102300e-04 4.671721e-04 5.072294e-04
4.722133e+01 4.947401e-04 5.087393e-04 4.664858e-04 5.089953e-04
4.727333e+01 4.941547e-04 5.067426e-04 4.662719e-04 5.094496e-04
4.732533e+01 4.930007e-04 5.037382e-04 4.663088e-04 5.089551e-04
4.737733e+01 4.914214e-04 4.995390e-04 4.666204e-04 5.081048e-04
4.742933e+01 4.897631e-04 4.943430e-04 4.674230e-04 5.075233e-04
4.748133e+01 4.884491e-04 4.886546e-04 4.689969e-04 5.076958e-04
4.753333e+01 4.878427e-04 4.831080e-04 4.715468e-04 5.088734e-04
4.758533e+01 4.881484e-04 4.782783e-04 4.751037e-04 5.110633e-04
4.763733e+01 4.893781e-04 4.745521e-04 4.795009e-04 5.140814e-04
4.768933e+01 4.913801e-04 4.720865e-04 4.844213e-04 5.176325e-04
4.774133e+01 4.939067e-04 4.708362e-04 4.894927e-04 5.213912e-04
4.779333e+01 4.966909e-04 4.706077e-04 4.943960e-04 5.250689e-04
4.784533e+01 4.995054e-04 4.711041e-04 4.989551e-04 5.284569e-04
4.789733e+01 5.021912e-04 4.719518e-04 5.031805e-04 5.314413e-04
4.794933e+01 5.046558e-04 4.727263e-04 5.072574e-04 5.339836e-04
4.800133e+01 5.068509e-04 4.729995e-04 5.114804e-04 5.360728e-04
4.805333e+01 5.087451e-04 4.724172e-04 5.161530e-04 5.376653e-04
4.810533e+01 5.103001e-04 4.707856e-04 5.214757e-04 5.386391e-04
4.815733e+01 5.114582e-04 4.681303e-04 5.274564e-04 5.387879e-04
4.820933e+01 5.121419e-04 4.646922e-04 5.338694e-04 5.378642e-04
4.826133e+01 5.122685e-04 4.608537e-04 5.402857e-04 5.356663e-04
4.831333e+01 5.117784e-04 4.570223e-04 5.461762e-04 5.321367e-04
4.836533e+01 5.106724e-04 4.535231e-04 5.510611e-04 5.274331e-04
4.841733e+01 5.090441e-04 4.505460e-04 5.546562e-04 5.219301e-04
4.846933e+01 5.070867e-04 4.481643e-04 5.569600e-04 5.161359e-04
4.852133e+01 5.050655e-04 4.464041e-04 5.582487e-04 5.105438e-04
4.857333e+01 5.032592e-04 4.453145e-04 5.589874e-04 5.054758e-04
4.862533e+01 5.018962e-04 4.449934e-04 5.597029e-04 5.009923e-04
4.867733e+01 5.011139e-04 4.455484e-04 5.608759e-04 4.969174e-04
4.872933e+01 5.009579e-04 4.470118e-04 5.628833e-04 4.929787e-04
4.878133e+01 5.014141e-04 4.492579e-04 5.659897e-04 4.889946e-04
4.883333e+01 5.024502e-04 4.519770e-04 5.703577e-04 4.850159e-04
4.888533e+01 5.040435e-04 4.547363e-04 5.760471e-04 4.813471e-04
4.893733e+01 5.061836e-04 4.571163e-04 5.829968e-04 4.784375e-04
4.898933e+01 5.088589e-04 4.588685e-04 5.910055e-04 4.767027e-04
4.904133e+01 5.120451e-04 4.600276e-04 5.997393e-04 4.763685e-04
4.909333e+01 5.157071e-04 4.609241e-04 6.087857e-04 4.774113e-04
4.914533e+01 5.198181e-04 4.620927e-04 6.177536e-04 4.796082e-04
4.919733e+01 5.243885e-04 4.641208e-04 6.263963e-04 4.826486e-04
4.924933e+01 5.294885e-04 4.675091e-04 6.347167e-04 4.862397e-04
4.930133e+01 5.352551e-04 4.725997e-04 6.430115e-04 4.901539e-04
4.935333e+01 5.418775e-04 4.795860e-04 6.518256e-04 4.942209e-04
4.940533e+01 5.495639e-04 4.885658e-04 6.618233e-04 4.983026e-04
4.945733e+01 5.585003e-04 4.995797e-04 6.736228e-04 5.022984e-04
4.950933e+01 5.688160e-04 5.125920e-04 6.876599e-04 5.061962e-04
4.956133e+01 5.805659e-04 5.274218e-04 7.041361e-04 5.101396e-04
4.961333e+01 5.937290e-04 5.436796e-04 7.230529e-04 5.144546e-04
4.966533e+01 6.082178e-04 5.607762e-04 7.442871e-04 5.195900e-04
4.971733e+01 6.238847e-04 5.780441e-04 7.676338e-04 5.259762e-04
4.976933e+01 6.405260e-04 5.949465e-04 7.927741e-04 5.338575e-04
4.982133e+01 6.578871e-04 6.112952e-04 8.191810e-04 5.431850e-04
4.987333e+01 6.756809e-04 6.273765e-04 8.460347e-04 5.536315e-04
4.992533e+01 6.936249e-04 6.439160e-04 8.722271e-04 5.647315e-04
4.997733e+01 7.114822e-04 6.618728e-04 8.964943e-04 5.760794e-04
5.002933e+01 7.290818e-04 6.821230e-04 9.176427e-04 5.874799e-04
5.008133e+01 7.462932e-04 7.051305e-04 9.347821e-04 5.989671e-04
5.013333e+01 7.629524e-04 7.307105e-04 9.474745e-04 6.106723e-04
5.018533e+01 7.787758e-04 7.579622e-04 9.557565e-04 6.226088e-04
5.023733e+01 7.933213e-04 7.854055e-04 9.600618e-04 6.344964e-04
5.028933e+01 8.060507e-04 8.113009e-04 9.611108e-04 6.457404e-04
5.034133e+01 8.165028e-04 8.340805e-04 9.598228e-04 6.556051e-04
5.039333e+01 8.245172e-04 8.527728e-04 9.572608e-04 6.635181e-04
5.044533e+01 8.304066e-04 8.672913e-04 9.545681e-04 6.693605e-04
5.049733e+01 8.349766e-04 8.784863e-04 9.528488e-04 6.735946e-04
5.054933e+01 8.393548e-04 8.879284e-04 9.529810e-04 6.771548e-04
5.060133e+01 8.446792e-04 8.974796e-04 9.554129e-04 6.811451e-04
5.065333e+01 8.517641e-04 9.087796e-04 9.600291e-04 6.864835e-04
5.070533e+01 8.608742e-04 9.228047e-04 9.661639e-04 6.936540e-04
5.075733e+01 8.716905e-04 9.396299e-04 9.727787e-04 7.026629e-04
5.080933e+01 8.834643e-04 9.584642e-04 9.787447e-04 7.131841e-04
5.086133e+01 8.952845e-04 9.779410e-04 9.831248e-04 7.247877e-04
5.091333e+01 9.063454e-04 9.965665e-04 9.853477e-04 7.371220e-04
5.096533e+01 9.161243e-04 1.013182e-03 9.852226e-04 7.499682e-04
5.101733e+01 9.244260e-04 1.027287e-03 9.828135e-04 7.631771e-04
5.106933e+01 9.313120e-04 1.039124e-03 9.782529e-04 7.765595e-04
5.112133e+01 9.369672e-04 1.049489e-03 9.715960e-04 7.898169e-04
5.117333e+01 9.415700e-04 1.059368e-03 9.627870e-04 8.025546e-04
5.122533e+01 9.452134e-04 1.069521e-03 9.517587e-04 8.143599e-04
5.127733e+01 9.478937e-04 1.080177e-03 9.386174e-04 8.248864e-04
5.132933e+01 9.495549e-04 1.090946e-03 9.238291e-04 8.338892e-04
5.138133e+01 9.501529e-04 1.100956e-03 9.083113e-04 8.411917e-04
5.143333e+01 9.497058e-04 1.109132e-03 8.933717e-04 8.466133e-04
5.148533e+01 9.483075e-04 1.114520e-03 8.804883e-04 8.499144e-04
5.153733e+01 9.461070e-04 1.116521e-03 8.709979e-04 8.508021e-04
5.158933e+01 9.432730e-04 1.115014e-03 8.657979e-04 8.490074e-04
5.164133e+01 9.399646e-04 1.110326e-03 8.651726e-04 8.443953e-04
5.169333e+01 9.363180e-04 1.103105e-03 8.687989e-04 8.370504e-04
5.174533e+01 9.324409e-04 1.094123e-03 8.759072e-04 8.272923e-04
5.179733e+01 9.283990e-04 1.084084e-03 8.855016e-04 8.156117e-04
5.184933e+01 9.241868e-04 1.073470e-03 8.965309e-04 8.025596e-04
5.190133e+01 9.196977e-04 1.062499e-03 9.079546e-04 7.886391e-04
5.195333e+01 9.147181e-04 1.051180e-03 9.187317e-04 7.742424e-04
5.200533e+01 9.089707e-04 1.039446e-03 9.278190e-04 7.596469e-04
5.205733e+01 9.022030e-04 1.027299e-03 9.342532e-04 7.450563e-04
5.210933e+01 8.942925e-04 1.014896e-03 9.373266e-04 7.306545e-04
5.216133e+01 8.853253e-04 1.002548e-03 9.367844e-04 7.166437e-04
5.221333e+01 8.756125e-04 9.906488e-04 9.329370e-04 7.032516e-04
5.226533e+01 8.656381e-04 9.795924e-04 9.266139e-04 6.907081e-04
5.231733e+01 8.559602e-04 9.697145e-04 9.189600e-04 6.792061e-04
5.236933e+01 8.471028e-04 9.612893e-04 9.111529e-04 6.688662e-04
5.242133e+01 8.394731e-04 9.545509e-04 9.041483e-04 6.597200e-04
5.247333e+01 8.333169e-04 9.496950e-04 8.985343e-04 6.517212e-04
5.252533e+01 8.287069e-04 9.468267e-04 8.945161e-04 6.447777e-04
5.257733e+01 8.255449e-04 9.458544e-04 8.919883e-04 6.387920e-04
5.262933e+01 8.235666e-04 9.463785e-04 8.906319e-04 6.336894e-04
5.268133e+01 8.223509e-04 9.476426e-04 8.899895e-04 6.294205e-04
5.273333e+01 8.213494e-04 9.486014e-04 8.895156e-04 6.259314e-04
5.278533e+01 8.199525e-04 9.481097e-04 8.886298e-04 6.231181e-04
5.283733e+01 8.175886e-04 9.451753e-04 8.867977e-04 6.207927e-04
5.288933e+01 8.138378e-04 9.391857e-04 8.836366e-04 6.186910e-04
5.294133e+01 8.085234e-04 9.300254e-04 8.790077e-04 6.165371e-04
5.299333e+01 8.017497e-04 9.180504e-04 8.730527e-04 6.141461e-04
5.304533e+01 7.938709e-04 9.039478e-04 8.661500e-04 6.115150e-04
5.309733e+01 7.853965e-04 8.885465e-04 8.588003e-04 6.088428e-04
5.314933e+01 7.768605e-04 8.726535e-04 8.514791e-04 6.064488e-04
5.320133e+01 7.686889e-04 8.569573e-04 8.444997e-04 6.046098e-04
5.325333e+01 7.611063e-04 8.420054e-04 8.379248e-04 6.033886e-04
5.330533e+01 7.541080e-04 8.282337e-04 8.315462e-04 6.025441e-04
5.335733e+01 7.475106e-04 8.160134e-04 8.249413e-04 6.015772e-04
5.340933e+01 7.410595e-04 8.056895e-04 8.175880e-04 5.999012e-04
5.346133e+01 7.345529e-04 7.975891e-04 8.090128e-04 5.970568e-04
5.351333e+01 7.279305e-04 7.919867e-04 7.989305e-04 5.928744e-04
5.356533e+01 7.212908e-04 7.890252e-04 7.873377e-04 5.875094e-04
5.361733e+01 7.148303e-04 7.886109e-04 7.745341e-04 5.813460e-04
5.366933e+01 7.087373e-04 7.903234e-04 7.610661e-04 5.748225e-04
5.372133e+01 7.030901e-04 7.933960e-04 7.476122e-04 5.682620e-04
5.377333e+01 6.978121e-04 7.968081e-04 7.348511e-04 5.617773e-04
5.382533e+01 6.927095e-04 7.994882e-04 7.233597e-04 5.552807e-04
5.387733e+01 6.875755e-04 8.005730e-04 7.135721e-04 5.485813e-04
5.392933e+01 6.823164e-04 7.996312e-04 7.057945e-04 5.415234e-04
5.398133e+01 6.770382e-04 7.967654e-04 7.002420e-04 5.341073e-04
5.403333e+01 6.720513e-04 7.925564e-04 6.970518e-04 5.265457e-04
5.408533e+01 6.677897e-04 7.878805e-04 6.962533e-04 5.192352e-04
5.413733e+01 6.646833e-04 7.836846e-04 6.977109e-04 5.126543e-04
5.418933e+01 6.630399e-04 7.808071e-04 7.010833e-04 5.072292e-04
5.424133e+01 6.629820e-04 7.798925e-04 7.058360e-04 5.032176e-04
5.429333e+01 6.644502e-04 7.813823e-04 7.113162e-04 5.006522e-04
5.434533e+01 6.672472e-04 7.855218e-04 7.168631e-04 4.993569e-04
5.439733e+01 6.710864e-04 7.923246e-04 7.219106e-04 4.990238e-04
5.444933e+01 6.756199e-04 8.014886e-04 7.260488e-04 4.993221e-04
5.450133e+01 6.804512e-04 8.123148e-04 7.290311e-04 5.000078e-04
5.455333e+01 6.851544e-04 8.237144e-04 7.307447e-04 5.010041e-04
5.460533e+01 6.893212e-04 8.343638e-04 7.311728e-04 5.024271e-04
5.465733e+01 6.926381e-04 8.429960e-04 7.303791e-04 5.045392e-04
5.470933e+01 6.949668e-04 8.487407e-04 7.285255e-04 5.076342e-04
5.476133e+01 6.963956e-04 8.513845e-04 7.259140e-04 5.118882e-04
5.481333e+01 6.972330e-04 8.514394e-04 7.230234e-04 5.172362e-04
5.486533e+01 6.979411e-04 8.499833e-04 7.205108e-04 5.233291e-04
5.491733e+01 6.990273e-04 8.483253e-04 7.191589e-04 5.295977e-04
5.496933e+01 7.009303e-04 8.476187e-04 7.197725e-04 5.353998e-04
5.502133e+01 7.039322e-04 8.485601e-04 7.230448e-04 5.401918e-04
5.507333e+01 7.081173e-04 8.512708e-04 7.294207e-04 5.436602e-04
5.512533e+01 7.133811e-04 8.553743e-04 7.389918e-04 5.457774e-04
5.517733e+01 7.194777e-04 8.602064e-04 7.514481e-04 5.467787e-04
5.522933e+01 7.260822e-04 8.650475e-04 7.661051e-04 5.470940e-04
5.528133e+01 7.328488e-04 8.692796e-04 7.819996e-04 5.472670e-04
5.533333e+01 7.394484e-04 8.724323e-04 7.980259e-04 5.478870e-04
5.538533e+01 7.455848e-04 8.741521e-04 8.130716e-04 5.495307e-04
5.543733e+01 7.509984e-04 8.741718e-04 8.261218e-04 5.527015e-04
5.548933e+01 7.554745e-04 8.723401e-04 8.363315e-04 5.577519e-04
5.554133e+01 7.588667e-04 8.687147e-04 8.430872e-04 5.647983e-04
5.559333e+01 7.611311e-04 8.636592e-04 8.460805e-04 5.736535e-04
5.564533e+01 7.623538e-04 8.578616e-04 8.453853e-04 5.838146e-04
5.569733e+01 7.627498e-04 8.522247e-04 8.414977e-04 5.945269e-04
5.574933e+01 7.626172e-04 8.476478e-04 8.352878e-04 6.049161e-04
5.580133e+01 7.622591e-04 8.447840e-04 8.278436e-04 6.141496e-04
5.585333e+01 7.618997e-04 8.438802e-04 8.202358e-04 6.215832e-04
5.590533e+01 7.616356e-04 8.447711e-04 8.132816e-04 6.268541e-04
5.595733e+01 7.614448e-04 8.470295e-04 8.073872e-04 6.299175e-04
5.600933e+01 7.612513e-04 8.501970e-04 8.025197e-04 6.310372e-04
5.606133e+01 7.610121e-04 8.539845e-04 7.983039e-04 6.307478e-04
5.611333e+01 7.607782e-04 8.583497e-04 7.941919e-04 6.297929e-04
5.616533e+01 7.606959e-04 8.634241e-04 7.896350e-04 6.290286e-04
5.621733e+01 7.609425e-04 8.693446e-04 7.841986e-04 6.292844e-04
5.626933e+01 7.616247e-04 8.760834e-04 7.775969e-04 6.311938e-04
5.632133e+01 7.626823e-04 8.833614e-04 7.696531e-04 6.350324e-04
5.637333e+01 7.638295e-04 8.906600e-04 7.602171e-04 6.406113e-04
5.642533e+01 7.645365e-04 8.972782e-04 7.490747e-04 6.472567e-04
5.647733e+01 7.640360e-04 9.023516e-04 7.358811e-04 6.538752e-04
5.652933e+01 7.613326e-04 9.047880e-04 7.201413e-04 6.590686e-04
5.658133e+01 7.552221e-04 9.031583e-04 7.012473e-04 6.612608e-04
5.663333e+01 7.443471e-04 8.956506e-04 6.785678e-04 6.588229e-04
