6.783780e+00 0.000000e+00 0.000000e+00 0.000000e+00 0.000000e+00
6.835780e+00 0.000000e+00 0.000000e+00 0.000000e+00 0.000000e+00
6.887780e+00 0.000000e+00 0.000000e+00 0.000000e+00 0.000000e+00
6.939780e+00 0.000000e+00 0.000000e+00 0.000000e+00 0.000000e+00
6.991780e+00 0.000000e+00 0.000000e+00 0.000000e+00 0.000000e+00
7.043780e+00 0.000000e+00 0.000000e+00 0.000000e+00 0.000000e+00
7.095780e+00 0.000000e+00 0.000000e+00 0.000000e+00 0.000000e+00
7.147780e+00 0.000000e+00 0.000000e+00 0.000000e+00 0.000000e+00
7.199780e+00 0.000000e+00 0.000000e+00 0.000000e+00 0.000000e+00
7.251780e+00 0.000000e+00 0.000000e+00 0.000000e+00 0.000000e+00
7.303780e+00 0.000000e+00 0.000000e+00 0.000000e+00 0.000000e+00
7.355780e+00 0.000000e+00 0.000000e+00 0.000000e+00 0.000000e+00
7.407780e+00 0.000000e+00 0.000000e+00 0.000000e+00 0.000000e+00
7.459780e+00 0.000000e+00 0.000000e+00 0.000000e+00 0.000000e+00
7.511780e+00 0.000000e+00 0.000000e+00 0.000000e+00 0.000000e+00
7.563780e+00 0.000000e+00 0.000000e+00 0.000000e+00 0.000000e+00
7.615780e+00 0.000000e+00 0.000000e+00 0.000000e+00 0.000000e+00
7.667780e+00 0.000000e+00 0.000000e+00 0.000000e+00 0.000000e+00
7.719780e+00 0.000000e+00 0.000000e+00 0.000000e+00 0.000000e+00
7.771780e+00 0.000000e+00 0.000000e+00 0.000000e+00 0.000000e+00
7.823780e+00 0.000000e+00 0.000000e+00 0.000000e+00 0.000000e+00
7.875780e+00 0.000000e+00 0.000000e+00 0.000000e+00 0.000000e+00
7.927780e+00 0.000000e+00 0.000000e+00 0.000000e+00 0.000000e+00
7.979780e+00 0.000000e+00 0.000000e+00 0.000000e+00 0.000000e+00
8.031780e+00 0.000000e+00 0.000000e+00 0.000000e+00 0.000000e+00
8.083780e+00 0.000000e+00 0.000000e+00 0.000000e+00 0.000000e+00
8.135780e+00 0.000000e+00 0.000000e+00 0.000000e+00 0.000000e+00
8.187780e+00 0.000000e+00 0.000000e+00 0.000000e+00 0.000000e+00
8.239780e+00 0.000000e+00 0.000000e+00 0.000000e+00 0.000000e+00
8.291780e+00 0.000000e+00 0.000000e+00 0.000000e+00 0.000000e+00
8.343780e+00 0.000000e+00 0.000000e+00 0.000000e+00 0.000000e+00
8.395780e+00 0.000000e+00 0.000000e+00 0.000000e+00 0.000000e+00
8.447780e+00 0.000000e+00 0.000000e+00 0.000000e+00 0.000000e+00
8.499780e+00 0.000000e+00 0.000000e+00 0.000000e+00 0.000000e+00
8.551780e+00 0.000000e+00 0.000000e+00 0.000000e+00 0.000000e+00
8.603780e+00 0.000000e+00 0.000000e+00 0.000000e+00 0.000000e+00
8.655780e+00 0.000000e+00 0.000000e+00 0.000000e+00 0.000000e+00
8.707780e+00 0.000000e+00 0.000000e+00 0.000000e+00 0.000000e+00
8.759780e+00 0.000000e+00 0.000000e+00 0.000000e+00 0.000000e+00
8.811780e+00 0.000000e+00 0.000000e+00 0.000000e+00 0.000000e+00
8.863780e+00 0.000000e+00 0.000000e+00 0.000000e+00 0.000000e+00
8.915780e+00 0.000000e+00 0.000000e+00 0.000000e+00 0.000000e+00
8.967780e+00 0.000000e+00 0.000000e+00 0.000000e+00 0.000000e+00
9.019780e+00 0.000000e+00 0.000000e+00 0.000000e+00 0.000000e+00
9.071780e+00 0.000000e+00 0.000000e+00 0.000000e+00 0.000000e+00
9.123780e+00 0.000000e+00 0.000000e+00 0.000000e+00 0.000000e+00
9.175780e+00 0.000000e+00 0.000000e+00 0.000000e+00 0.000000e+00
9.227780e+00 0.000000e+00 0.000000e+00 0.000000e+00 0.000000e+00
9.279780e+00 0.000000e+00 0.000000e+00 0.000000e+00 0.000000e+00
9.331780e+00 0.000000e+00 0.000000e+00 0.000000e+00 0.000000e+00
9.383780e+00 0.000000e+00 0.000000e+00 0.000000e+00 0.000000e+00
9.435780e+00 0.000000e+00 0.000000e+00 0.000000e+00 0.000000e+00
9.487780e+00 0.000000e+00 0.000000e+00 0.000000e+00 0.000000e+00
9.539780e+00 0.000000e+00 0.000000e+00 0.000000e+00 0.000000e+00
9.591780e+00 0.000000e+00 0.000000e+00 0.000000e+00 0.000000e+00
9.643780e+00 0.000000e+00 0.000000e+00 0.000000e+00 0.000000e+00
9.695780e+00 0.000000e+00 0.000000e+00 0.000000e+00 0.000000e+00
9.747780e+00 0.000000e+00 0.000000e+00 0.000000e+00 0.000000e+00
9.799780e+00 0.000000e+00 0.000000e+00 0.000000e+00 0.000000e+00
9.851780e+00 0.000000e+00 0.000000e+00 0.000000e+00 0.000000e+00
9.903780e+00 0.000000e+00 0.000000e+00 0.000000e+00 0.000000e+00
9.955780e+00 0.000000e+00 0.000000e+00 0.000000e+00 0.000000e+00
1.000778e+01 0.000000e+00 0.000000e+00 0.000000e+00 0.000000e+00
1.005978e+01 0.000000e+00 0.000000e+00 0.000000e+00 0.000000e+00
1.011178e+01 0.000000e+00 0.000000e+00 0.000000e+00 0.000000e+00
1.016378e+01 0.000000e+00 0.000000e+00 0.000000e+00 0.000000e+00
1.021578e+01 0.000000e+00 0.000000e+00 0.000000e+00 0.000000e+00
1.026778e+01 0.000000e+00 0.000000e+00 0.000000e+00 0.000000e+00
1.031978e+01 0.000000e+00 0.000000e+00 0.000000e+00 0.000000e+00
1.037178e+01 0.000000e+00 0.000000e+00 0.000000e+00 0.000000e+00
1.042378e+01 0.000000e+00 0.000000e+00 0.000000e+00 0.000000e+00
1.047578e+01 0.000000e+00 0.000000e+00 0.000000e+00 0.000000e+00
1.052778e+01 0.000000e+00 0.000000e+00 0.000000e+00 0.000000e+00
1.057978e+01 0.000000e+00 0.000000e+00 0.000000e+00 0.000000e+00
1.063178e+01 3.228271e-14 1.879436e-15 3.105031e-14 6.391837e-14
1.068378e+01 1.477515e-13 8.601802e-15 1.421110e-13 2.925416e-13
1.073578e+01 9.151609e-13 7.627665e-14 8.788167e-13 1.790389e-12
1.078778e+01 3.813577e-12 3.264564e-13 3.661294e-12 7.452980e-12
1.083978e+01 1.589440e-11 1.489929e-12 1.524397e-11 3.094931e-11
1.089178e+01 5.937813e-11 5.799026e-12 5.691781e-11 1.154176e-10
1.094378e+01 2.082229e-10 2.111417e-11 1.994927e-10 4.040619e-10
1.099578e+01 6.867890e-10 7.232355e-11 6.576302e-10 1.330413e-09
1.104778e+01 2.137219e-09 2.338193e-10 2.045171e-09 4.132666e-09
1.109978e+01 6.265471e-09 7.118061e-10 5.991506e-09 1.209310e-08
1.115178e+01 1.732255e-08 2.042167e-09 1.655286e-08 3.337261e-08
1.120378e+01 4.521046e-08 5.525594e-09 4.316682e-08 8.693896e-08
1.125578e+01 1.114638e-07 1.410515e-08 1.063327e-07 2.139536e-07
1.130778e+01 2.598194e-07 3.398692e-08 2.476257e-07 4.978456e-07
1.135978e+01 5.731426e-07 7.734616e-08 5.456887e-07 1.096393e-06
1.141178e+01 1.197809e-06 1.663703e-07 1.139179e-06 2.287877e-06
1.146378e+01 2.374707e-06 3.385413e-07 2.255781e-06 4.529800e-06
1.151578e+01 4.472962e-06 6.524093e-07 4.243459e-06 8.523018e-06
1.156778e+01 8.018988e-06 1.192262e-06 7.596843e-06 1.526786e-05
1.161978e+01 1.371112e-05 2.069377e-06 1.296946e-05 2.609452e-05
1.167178e+01 2.241001e-05 3.417411e-06 2.116266e-05 4.264997e-05
1.172378e+01 3.509722e-05 5.380259e-06 3.308449e-05 6.682691e-05
1.177578e+01 5.279635e-05 8.092210e-06 4.967393e-05 1.006229e-04
1.182778e+01 7.645088e-05 1.165193e-05 7.178599e-05 1.459147e-04
1.187978e+01 1.067499e-04 1.609293e-05 1.000306e-04 2.041263e-04
1.193178e+01 1.438957e-04 2.135375e-05 1.345600e-04 2.757733e-04
1.198378e+01 1.873231e-04 2.725213e-05 1.748149e-04 3.599024e-04
1.203578e+01 2.354210e-04 3.346921e-05 2.192730e-04 4.535207e-04
1.208778e+01 2.853494e-04 3.955307e-05 2.652887e-04 5.512065e-04
1.213978e+01 3.330816e-04 4.495170e-05 3.091372e-04 6.451560e-04
1.219178e+01 3.737740e-04 4.908177e-05 3.463613e-04 7.258788e-04
1.224378e+01 4.024836e-04 5.142962e-05 3.724333e-04 7.835878e-04
1.229578e+01 4.151219e-04 5.166830e-05 3.836314e-04 8.100659e-04
1.234778e+01 4.094080e-04 4.976561e-05 3.779122e-04 8.005462e-04
1.239978e+01 3.855381e-04 4.606082e-05 3.555204e-04 7.550330e-04
1.245178e+01 3.463429e-04 4.130124e-05 3.191319e-04 6.785955e-04
1.250378e+01 2.968666e-04 3.664822e-05 2.734728e-04 5.804789e-04
1.255578e+01 2.434932e-04 3.367240e-05 2.245358e-04 4.722715e-04
1.260778e+01 1.928963e-04 3.434893e-05 1.786469e-04 3.656931e-04
1.265978e+01 1.511239e-04 4.103505e-05 1.416560e-04 2.706806e-04
1.271178e+01 1.230351e-04 5.637876e-05 1.184302e-04 1.942964e-04
1.276378e+01 1.121357e-04 8.309590e-05 1.126620e-04 1.406491e-04
1.281578e+01 1.206941e-04 1.235863e-04 1.268619e-04 1.116341e-04
1.286778e+01 1.499399e-04 1.794380e-04 1.623570e-04 1.080247e-04
1.291978e+01 2.001716e-04 2.509551e-04 2.191902e-04 1.303695e-04
1.297178e+01 2.706993e-04 3.368806e-04 2.959440e-04 1.792732e-04
1.302378e+01 3.596599e-04 4.344308e-04 3.896218e-04 2.549271e-04
1.307578e+01 4.638207e-04 5.396308e-04 4.957298e-04 3.561017e-04
1.312778e+01 5.785276e-04 6.478252e-04 6.086293e-04 4.791285e-04
1.317978e+01 6.979584e-04 7.542267e-04 7.221298e-04 6.175186e-04
1.323178e+01 8.158004e-04 8.544557e-04 8.302455e-04 7.627001e-04
1.328378e+01 9.263501e-04 9.451326e-04 9.280399e-04 9.058778e-04
1.333578e+01 1.025824e-03 1.024565e-03 1.012489e-03 1.040417e-03
1.338778e+01 1.113458e-03 1.093399e-03 1.083231e-03 1.163745e-03
1.343978e+01 1.191905e-03 1.154889e-03 1.142960e-03 1.277866e-03
1.349178e+01 1.266595e-03 1.214433e-03 1.197183e-03 1.388169e-03
1.354378e+01 1.344157e-03 1.278264e-03 1.253146e-03 1.501060e-03
1.359578e+01 1.430369e-03 1.351611e-03 1.318060e-03 1.621435e-03
1.364778e+01 1.528364e-03 1.437021e-03 1.397083e-03 1.750988e-03
1.369978e+01 1.637683e-03 1.533520e-03 1.491769e-03 1.887761e-03
1.375178e+01 1.754498e-03 1.637029e-03 1.599653e-03 2.026812e-03
1.380378e+01 1.872895e-03 1.741905e-03 1.715257e-03 2.161523e-03
1.385578e+01 1.986829e-03 1.843095e-03 1.832237e-03 2.285154e-03
1.390778e+01 2.092112e-03 1.938153e-03 1.945843e-03 2.392341e-03
1.395978e+01 2.187829e-03 2.028530e-03 2.054709e-03 2.480249e-03
1.401178e+01 2.276759e-03 2.119870e-03 2.161318e-03 2.549090e-03
1.406378e+01 2.364829e-03 2.221373e-03 2.271184e-03 2.601931e-03
1.411578e+01 2.459975e-03 2.344413e-03 2.391363e-03 2.644147e-03
1.416778e+01 2.570846e-03 2.500431e-03 2.528959e-03 2.683148e-03
1.421978e+01 2.705517e-03 2.698048e-03 2.689810e-03 2.728694e-03
1.427178e+01 2.869957e-03 2.939534e-03 2.877045e-03 2.793292e-03
1.432378e+01 3.066013e-03 3.217486e-03 3.089145e-03 2.891407e-03
1.437578e+01 3.289144e-03 3.513208e-03 3.317874e-03 3.036348e-03
1.442778e+01 3.526883e-03 3.798395e-03 3.547255e-03 3.235000e-03
1.447978e+01 3.759351e-03 4.040732e-03 3.755012e-03 3.482310e-03
1.453178e+01 3.962635e-03 4.212260e-03 3.917090e-03 3.758556e-03
1.458378e+01 4.114610e-03 4.297752e-03 4.014280e-03 4.031798e-03
1.463578e+01 4.201368e-03 4.299802e-03 4.038611e-03 4.265690e-03
1.468778e+01 4.221763e-03 4.238370e-03 3.996870e-03 4.430049e-03
1.473978e+01 4.188080e-03 4.144726e-03 3.909605e-03 4.509911e-03
1.479178e+01 4.122348e-03 4.051988e-03 3.805803e-03 4.509254e-03
1.484378e+01 4.049650e-03 3.985736e-03 3.715106e-03 4.448107e-03
1.489578e+01 3.990963e-03 3.957889e-03 3.660205e-03 4.354796e-03
1.494778e+01 3.958122e-03 3.965530e-03 3.651725e-03 4.257111e-03
1.499978e+01 3.952406e-03 3.994399e-03 3.686860e-03 4.175959e-03
1.505178e+01 3.966699e-03 4.025333e-03 3.751685e-03 4.123080e-03
1.510378e+01 3.989873e-03 4.041399e-03 3.826164e-03 4.102056e-03
1.515578e+01 4.011529e-03 4.033748e-03 3.890318e-03 4.110520e-03
1.520778e+01 4.025558e-03 4.004900e-03 3.929957e-03 4.141818e-03
1.525978e+01 4.031694e-03 3.968777e-03 3.940577e-03 4.185728e-03
1.531178e+01 4.034976e-03 3.947394e-03 3.928427e-03 4.229108e-03
1.536378e+01 4.043589e-03 3.964736e-03 3.908439e-03 4.257590e-03
1.541578e+01 4.065824e-03 4.039123e-03 3.899554e-03 4.258795e-03
1.546778e+01 4.107104e-03 4.176087e-03 3.918855e-03 4.226371e-03
1.551978e+01 4.167963e-03 4.364115e-03 3.976338e-03 4.163435e-03
1.557178e+01 4.243621e-03 4.575068e-03 4.071950e-03 4.083845e-03
1.562378e+01 4.325205e-03 4.769736e-03 4.195630e-03 4.010250e-03
1.567578e+01 4.401939e-03 4.907175e-03 4.329909e-03 3.968732e-03
1.572778e+01 4.463220e-03 4.954873e-03 4.453791e-03 3.980994e-03
1.577978e+01 4.499647e-03 4.896367e-03 4.546445e-03 4.056130e-03
1.583178e+01 4.502832e-03 4.733849e-03 4.589839e-03 4.184806e-03
1.588378e+01 4.464769e-03 4.485433e-03 4.570311e-03 4.338563e-03
1.593578e+01 4.378021e-03 4.178841e-03 4.479679e-03 4.475543e-03
1.598778e+01 4.237479e-03 3.844467e-03 4.316503e-03 4.551467e-03
1.603978e+01 4.043355e-03 3.510288e-03 4.087509e-03 4.532267e-03
1.609178e+01 3.803933e-03 3.199572e-03 3.808503e-03 4.403724e-03
1.614378e+01 3.536334e-03 2.930634e-03 3.503783e-03 4.174585e-03
1.619578e+01 3.264345e-03 2.717131e-03 3.203398e-03 3.872505e-03
1.624778e+01 3.013762e-03 2.567730e-03 2.938397e-03 3.535159e-03
1.629978e+01 2.806871e-03 2.485042e-03 2.735121e-03 3.200450e-03
1.635178e+01 2.657997e-03 2.464608e-03 2.610109e-03 2.899274e-03
1.640378e+01 2.571488e-03 2.495006e-03 2.567088e-03 2.652371e-03
1.645578e+01 2.542401e-03 2.559652e-03 2.596889e-03 2.470663e-03
1.650778e+01 2.559226e-03 2.640054e-03 2.680248e-03 2.357378e-03
1.655978e+01 2.607487e-03 2.719575e-03 2.792601e-03 2.310284e-03
1.661178e+01 2.673096e-03 2.786561e-03 2.909539e-03 2.323187e-03
1.666378e+01 2.744669e-03 2.835870e-03 3.011464e-03 2.386672e-03
1.671578e+01 2.814457e-03 2.868488e-03 3.086393e-03 2.488491e-03
1.676778e+01 2.877970e-03 2.889462e-03 3.130416e-03 2.614031e-03
1.681978e+01 2.932698e-03 2.904941e-03 3.146037e-03 2.747117e-03
1.687178e+01 2.976597e-03 2.919283e-03 3.139204e-03 2.871305e-03
1.692378e+01 3.006993e-03 2.933107e-03 3.116126e-03 2.971747e-03
1.697578e+01 3.020417e-03 2.942816e-03 3.080921e-03 3.037516e-03
1.702778e+01 3.013426e-03 2.941628e-03 3.034737e-03 3.063912e-03
1.707978e+01 2.984030e-03 2.921736e-03 2.976437e-03 3.053917e-03
1.713178e+01 2.933045e-03 2.876889e-03 2.904356e-03 3.017891e-03
1.718378e+01 2.864690e-03 2.804657e-03 2.818310e-03 2.971103e-03
1.723578e+01 2.786096e-03 2.707726e-03 2.721025e-03 2.929536e-03
1.728778e+01 2.705836e-03 2.593834e-03 2.618413e-03 2.905261e-03
1.733978e+01 2.631967e-03 2.474312e-03 2.518647e-03 2.902943e-03
1.739178e+01 2.570213e-03 2.361601e-03 2.430358e-03 2.918680e-03
1.744378e+01 2.522839e-03 2.266445e-03 2.360579e-03 2.941493e-03
1.749578e+01 2.488499e-03 2.195625e-03 2.313041e-03 2.956831e-03
1.754778e+01 2.463057e-03 2.150937e-03 2.287318e-03 2.950918e-03
1.759978e+01 2.441122e-03 2.129691e-03 2.279037e-03 2.914636e-03
1.765178e+01 2.417817e-03 2.126414e-03 2.281090e-03 2.845947e-03
1.770378e+01 2.390269e-03 2.134991e-03 2.285490e-03 2.750327e-03
1.775578e+01 2.358333e-03 2.150398e-03 2.285316e-03 2.639285e-03
1.780778e+01 2.324352e-03 2.169434e-03 2.276163e-03 2.527459e-03
1.785978e+01 2.292089e-03 2.190429e-03 2.256707e-03 2.429130e-03
1.791178e+01 2.265267e-03 2.212362e-03 2.228361e-03 2.355079e-03
1.796378e+01 2.246288e-03 2.234041e-03 2.194335e-03 2.310490e-03
1.801578e+01 2.235576e-03 2.253857e-03 2.158567e-03 2.294304e-03
1.806778e+01 2.231698e-03 2.270213e-03 2.124897e-03 2.299982e-03
1.811978e+01 2.232082e-03 2.282286e-03 2.096619e-03 2.317339e-03
1.817178e+01 2.233928e-03 2.290589e-03 2.076270e-03 2.334924e-03
1.822378e+01 2.234900e-03 2.296841e-03 2.065451e-03 2.342409e-03
1.827578e+01 2.233382e-03 2.303077e-03 2.064551e-03 2.332520e-03
1.832778e+01 2.228329e-03 2.310372e-03 2.072443e-03 2.302173e-03
1.837978e+01 2.218988e-03 2.317827e-03 2.086432e-03 2.252705e-03
1.843178e+01 2.204794e-03 2.322438e-03 2.102702e-03 2.189242e-03
1.848378e+01 2.185642e-03 2.320111e-03 2.117353e-03 2.119462e-03
1.853578e+01 2.162471e-03 2.307543e-03 2.127788e-03 2.052084e-03
1.858778e+01 2.137890e-03 2.284317e-03 2.133973e-03 1.995380e-03
1.863978e+01 2.116463e-03 2.254404e-03 2.139047e-03 1.955938e-03
1.869178e+01 2.104371e-03 2.226398e-03 2.148963e-03 1.937751e-03
1.874378e+01 2.108363e-03 2.212230e-03 2.171191e-03 1.941668e-03
1.879578e+01 2.134218e-03 2.224520e-03 2.212871e-03 1.965265e-03
1.884778e+01 2.185097e-03 2.273192e-03 2.278900e-03 2.003198e-03
1.889978e+01 2.260257e-03 2.362237e-03 2.370412e-03 2.048122e-03
1.895178e+01 2.354509e-03 2.487570e-03 2.483880e-03 2.092077e-03
1.900378e+01 2.458587e-03 2.636742e-03 2.610922e-03 2.128096e-03
1.905578e+01 2.560414e-03 2.790802e-03 2.738846e-03 2.151593e-03
1.910778e+01 2.647015e-03 2.927958e-03 2.852017e-03 2.161071e-03
1.915978e+01 2.706682e-03 3.028114e-03 2.934099e-03 2.157831e-03
1.921178e+01 2.730900e-03 3.076989e-03 2.970961e-03 2.144750e-03
1.926378e+01 2.715629e-03 3.068642e-03 2.953715e-03 2.124531e-03
1.931578e+01 2.661649e-03 3.005776e-03 2.880992e-03 2.098181e-03
1.936778e+01 2.574016e-03 2.897978e-03 2.759635e-03 2.064434e-03
1.941978e+01 2.460867e-03 2.758727e-03 2.603393e-03 2.020481e-03
1.947178e+01 2.331968e-03 2.602263e-03 2.429897e-03 1.963743e-03
1.952378e+01 2.197291e-03 2.441201e-03 2.256818e-03 1.893855e-03
1.957578e+01 2.065811e-03 2.285267e-03 2.098336e-03 1.813831e-03
1.962778e+01 1.944562e-03 2.141030e-03 1.962901e-03 1.729756e-03
1.967978e+01 1.838060e-03 2.012305e-03 1.852771e-03 1.649103e-03
1.973178e+01 1.748202e-03 1.900871e-03 1.765251e-03 1.578484e-03
1.978378e+01 1.674784e-03 1.807340e-03 1.695098e-03 1.521912e-03
1.983578e+01 1.616557e-03 1.732068e-03 1.637290e-03 1.480313e-03
1.988778e+01 1.572513e-03 1.675977e-03 1.589277e-03 1.452286e-03
1.993978e+01 1.542863e-03 1.641071e-03 1.552059e-03 1.435460e-03
1.999178e+01 1.529232e-03 1.630366e-03 1.529784e-03 1.427545e-03
2.004378e+01 1.533892e-03 1.647103e-03 1.528028e-03 1.426544e-03
2.009578e+01 1.558297e-03 1.693325e-03 1.551364e-03 1.430201e-03
2.014778e+01 1.601506e-03 1.768190e-03 1.601045e-03 1.435284e-03
2.019978e+01 1.659189e-03 1.866564e-03 1.673587e-03 1.437415e-03
2.025178e+01 1.723663e-03 1.978456e-03 1.760755e-03 1.431780e-03
2.030378e+01 1.785059e-03 2.089677e-03 1.850990e-03 1.414508e-03
2.035578e+01 1.833262e-03 2.183787e-03 1.931899e-03 1.384101e-03
2.040778e+01 1.860102e-03 2.245011e-03 1.993055e-03 1.342239e-03
2.045978e+01 1.861145e-03 2.261477e-03 2.028324e-03 1.293635e-03
2.051178e+01 1.836647e-03 2.227940e-03 2.037003e-03 1.244999e-03
2.056378e+01 1.791386e-03 2.147165e-03 2.023463e-03 1.203529e-03
2.061578e+01 1.733412e-03 2.029457e-03 1.995406e-03 1.175374e-03
2.066778e+01 1.672037e-03 1.890328e-03 1.961308e-03 1.164474e-03
2.071978e+01 1.615560e-03 1.746909e-03 1.927839e-03 1.171932e-03
2.077178e+01 1.569387e-03 1.614122e-03 1.898078e-03 1.195962e-03
2.082378e+01 1.535024e-03 1.501719e-03 1.871012e-03 1.232342e-03
2.087578e+01 1.510180e-03 1.412969e-03 1.842368e-03 1.275201e-03
2.092778e+01 1.489841e-03 1.345180e-03 1.806367e-03 1.317975e-03
2.097978e+01 1.467908e-03 1.291660e-03 1.757723e-03 1.354340e-03
2.103178e+01 1.438859e-03 1.244338e-03 1.693240e-03 1.378999e-03
2.108378e+01 1.399027e-03 1.196206e-03 1.612617e-03 1.388259e-03
2.113578e+01 1.347245e-03 1.142950e-03 1.518399e-03 1.380386e-03
2.118778e+01 1.284864e-03 1.083545e-03 1.415308e-03 1.355738e-03
2.123978e+01 1.215284e-03 1.019910e-03 1.309289e-03 1.316652e-03
2.129178e+01 1.143193e-03 9.559685e-04 1.206542e-03 1.267069e-03
2.134378e+01 1.073703e-03 8.965053e-04 1.112725e-03 1.211878e-03
2.139578e+01 1.011508e-03 8.461167e-04 1.032334e-03 1.156074e-03
2.144778e+01 9.601828e-04 8.084090e-04 9.682581e-04 1.103881e-03
2.149978e+01 9.216878e-04 7.854811e-04 9.214981e-04 1.058084e-03
2.155178e+01 8.961745e-04 7.776646e-04 8.911109e-04 1.019748e-03
2.160378e+01 8.821217e-04 7.834855e-04 8.744475e-04 9.884321e-04
2.165578e+01 8.767772e-04 7.998315e-04 8.677121e-04 9.627881e-04
2.170778e+01 8.767949e-04 8.223282e-04 8.667516e-04 9.413050e-04
2.175978e+01 8.789057e-04 8.459263e-04 8.678849e-04 9.229059e-04
2.181178e+01 8.804680e-04 8.656741e-04 8.685465e-04 9.071832e-04
2.186378e+01 8.797980e-04 8.775789e-04 8.675756e-04 8.942397e-04
2.191578e+01 8.762510e-04 8.793795e-04 8.651023e-04 8.842712e-04
2.196778e+01 8.700814e-04 8.710051e-04 8.621111e-04 8.771279e-04
2.201978e+01 8.621482e-04 8.545324e-04 8.598467e-04 8.720656e-04
2.207178e+01 8.535459e-04 8.335937e-04 8.592588e-04 8.677850e-04
2.212378e+01 8.452508e-04 8.123811e-04 8.606477e-04 8.627236e-04
2.217578e+01 8.378666e-04 7.945463e-04 8.635916e-04 8.554619e-04
2.222778e+01 8.315183e-04 7.823418e-04 8.671328e-04 8.450803e-04
2.227978e+01 8.258978e-04 7.762468e-04 8.701056e-04 8.313408e-04
2.233178e+01 8.204140e-04 7.751401e-04 8.714539e-04 8.146482e-04
2.238378e+01 8.143775e-04 7.768885e-04 8.704145e-04 7.958296e-04
2.243578e+01 8.071551e-04 7.791071e-04 8.665294e-04 7.758288e-04
2.248778e+01 7.982663e-04 7.798295e-04 8.595373e-04 7.554322e-04
2.253978e+01 7.874248e-04 7.779088e-04 8.492458e-04 7.351197e-04
2.259178e+01 7.745437e-04 7.730789e-04 8.354709e-04 7.150815e-04
2.264378e+01 7.597229e-04 7.657256e-04 8.180707e-04 6.953724e-04
2.269578e+01 7.432166e-04 7.564927e-04 7.970410e-04 6.761160e-04
2.274778e+01 7.253788e-04 7.458866e-04 7.726048e-04 6.576451e-04
2.279978e+01 7.065871e-04 7.340246e-04 7.452490e-04 6.404876e-04
2.285178e+01 6.871632e-04 7.206137e-04 7.156940e-04 6.251820e-04
2.290378e+01 6.673216e-04 7.051463e-04 6.848228e-04 6.119956e-04
2.295578e+01 6.471641e-04 6.872127e-04 6.535985e-04 6.006810e-04
2.300778e+01 6.267219e-04 6.667740e-04 6.229879e-04 5.904037e-04
2.305978e+01 6.060187e-04 6.442669e-04 5.938893e-04 5.798998e-04
2.311178e+01 5.851245e-04 6.204945e-04 5.670570e-04 5.678220e-04
2.316378e+01 5.641832e-04 5.963704e-04 5.430288e-04 5.531505e-04
2.321578e+01 5.434182e-04 5.726559e-04 5.220753e-04 5.355233e-04
2.326778e+01 5.231297e-04 5.498202e-04 5.041893e-04 5.153795e-04
2.331978e+01 5.036912e-04 5.280757e-04 4.891173e-04 4.938806e-04
2.337178e+01 4.855287e-04 5.075309e-04 4.764128e-04 4.726423e-04
2.342378e+01 4.690614e-04 4.883389e-04 4.654864e-04 4.533588e-04
2.347578e+01 4.545971e-04 4.707306e-04 4.556409e-04 4.374197e-04
2.352778e+01 4.422074e-04 4.549015e-04 4.461035e-04 4.256172e-04
2.357978e+01 4.316395e-04 4.408217e-04 4.360818e-04 4.180150e-04
2.363178e+01 4.223199e-04 4.280931e-04 4.248643e-04 4.140022e-04
2.368378e+01 4.134740e-04 4.159642e-04 4.119564e-04 4.125013e-04
2.373578e+01 4.043309e-04 4.035319e-04 3.972099e-04 4.122510e-04
2.378778e+01 3.943433e-04 3.900571e-04 3.808941e-04 4.120787e-04
2.383978e+01 3.833410e-04 3.752611e-04 3.636646e-04 4.110972e-04
2.389178e+01 3.715687e-04 3.594696e-04 3.464255e-04 4.088112e-04
2.394378e+01 3.596029e-04 3.435398e-04 3.301200e-04 4.051489e-04
2.399578e+01 3.481922e-04 3.286093e-04 3.155165e-04 4.004507e-04
2.404778e+01 3.380895e-04 3.157777e-04 3.030595e-04 3.954313e-04
2.409978e+01 3.299372e-04 3.058571e-04 2.928333e-04 3.911211e-04
2.415178e+01 3.242332e-04 2.992769e-04 2.846434e-04 3.887792e-04
2.420378e+01 3.213658e-04 2.961487e-04 2.781750e-04 3.897736e-04
2.425578e+01 3.216673e-04 2.964123e-04 2.731566e-04 3.954330e-04
2.430778e+01 3.254311e-04 2.999568e-04 2.694622e-04 4.068743e-04
2.435978e+01 3.328571e-04 3.066340e-04 2.671122e-04 4.248253e-04
2.441178e+01 3.439374e-04 3.161548e-04 2.661882e-04 4.494692e-04
2.446378e+01 3.583345e-04 3.279337e-04 2.667154e-04 4.803544e-04
2.451578e+01 3.753241e-04 3.409819e-04 2.685741e-04 5.164164e-04
2.456778e+01 3.938515e-04 3.539339e-04 2.714815e-04 5.561392e-04
2.461978e+01 4.126996e-04 3.652282e-04 2.750359e-04 5.978345e-04
2.467178e+01 4.307146e-04 3.733918e-04 2.787861e-04 6.399659e-04
2.472378e+01 4.470121e-04 3.773367e-04 2.822825e-04 6.814170e-04
2.477578e+01 4.611024e-04 3.765759e-04 2.850972e-04 7.216341e-04
2.482778e+01 4.729238e-04 3.713046e-04 2.868323e-04 7.606346e-04
2.487978e+01 4.828070e-04 3.623406e-04 2.871477e-04 7.989327e-04
2.493178e+01 4.914000e-04 3.509575e-04 2.858243e-04 8.374181e-04
2.498378e+01 4.995510e-04 3.386541e-04 2.828414e-04 8.771576e-04
2.503578e+01 5.081197e-04 3.269068e-04 2.784232e-04 9.190289e-04
2.508778e+01 5.176976e-04 3.169396e-04 2.730120e-04 9.631412e-04
2.513978e+01 5.282887e-04 3.095412e-04 2.671590e-04 1.008166e-03
2.519178e+01 5.390748e-04 3.049589e-04 2.613669e-04 1.050898e-03
2.524378e+01 5.484234e-04 3.028941e-04 2.559436e-04 1.086432e-03
2.529578e+01 5.542234e-04 3.026078e-04 2.509278e-04 1.109135e-03
2.534778e+01 5.544857e-04 3.031225e-04 2.461169e-04 1.114218e-03
2.539978e+01 5.479961e-04 3.034714e-04 2.411839e-04 1.099333e-03
2.545178e+01 5.347546e-04 3.029261e-04 2.358375e-04 1.065500e-03
2.550378e+01 5.160156e-04 3.011359e-04 2.299623e-04 1.016948e-03
2.555578e+01 4.939221e-04 2.981421e-04 2.236924e-04 9.599320e-04
2.560778e+01 4.709079e-04 2.942794e-04 2.173994e-04 9.010449e-04
2.565978e+01 4.491125e-04 2.900151e-04 2.116115e-04 8.457110e-04
2.571178e+01 4.300122e-04 2.857948e-04 2.068989e-04 7.973429e-04
2.576378e+01 4.143325e-04 2.819473e-04 2.037652e-04 7.572851e-04
2.581578e+01 4.021836e-04 2.786642e-04 2.025686e-04 7.253179e-04
2.586778e+01 3.932913e-04 2.760345e-04 2.034751e-04 7.003643e-04
2.591978e+01 3.872136e-04 2.740944e-04 2.064339e-04 6.811125e-04
2.597178e+01 3.834806e-04 2.728586e-04 2.111630e-04 6.664202e-04
2.602378e+01 3.816534e-04 2.723187e-04 2.171500e-04 6.554915e-04
2.607578e+01 3.813222e-04 2.724192e-04 2.236844e-04 6.478632e-04
2.612778e+01 3.820742e-04 2.730329e-04 2.299422e-04 6.432474e-04
2.617978e+01 3.834610e-04 2.739576e-04 2.351274e-04 6.412981e-04
2.623178e+01 3.849949e-04 2.749460e-04 2.386434e-04 6.413953e-04
2.628378e+01 3.861884e-04 2.757640e-04 2.402457e-04 6.425555e-04
2.633578e+01 3.866377e-04 2.762653e-04 2.401220e-04 6.435259e-04
2.638778e+01 3.861205e-04 2.764629e-04 2.388654e-04 6.430330e-04
2.643978e+01 3.846691e-04 2.765833e-04 2.373478e-04 6.400763e-04
2.649178e+01 3.825839e-04 2.770837e-04 2.365331e-04 6.341348e-04
2.654378e+01 3.803701e-04 2.786207e-04 2.372880e-04 6.252016e-04
2.659578e+01 3.786131e-04 2.819578e-04 2.402361e-04 6.136456e-04
2.664778e+01 3.778218e-04 2.878171e-04 2.456789e-04 5.999693e-04
2.669978e+01 3.782856e-04 2.967025e-04 2.535801e-04 5.845743e-04
2.675178e+01 3.799922e-04 3.087479e-04 2.636018e-04 5.676268e-04
2.680378e+01 3.826383e-04 3.236538e-04 2.751830e-04 5.490782e-04
2.685578e+01 3.857432e-04 3.407552e-04 2.876552e-04 5.288192e-04
2.690778e+01 3.888302e-04 3.592110e-04 3.003849e-04 5.068947e-04
2.695978e+01 3.916132e-04 3.782531e-04 3.129127e-04 4.836739e-04
2.701178e+01 3.941136e-04 3.973947e-04 3.250496e-04 4.598966e-04
2.706378e+01 3.966630e-04 4.165192e-04 3.368904e-04 4.365794e-04
2.711578e+01 3.997981e-04 4.358257e-04 3.487359e-04 4.148326e-04
2.716778e+01 4.041002e-04 4.556767e-04 3.609561e-04 3.956679e-04
2.721978e+01 4.100500e-04 4.764316e-04 3.738542e-04 3.798642e-04
2.727178e+01 4.179431e-04 4.983333e-04 3.875903e-04 3.679056e-04
2.732378e+01 4.278712e-04 5.214616e-04 4.021852e-04 3.599670e-04
2.737578e+01 4.397360e-04 5.457169e-04 4.175737e-04 3.559175e-04
2.742778e+01 4.532554e-04 5.707855e-04 4.336481e-04 3.553326e-04
2.747978e+01 4.679491e-04 5.960755e-04 4.502399e-04 3.575320e-04
2.753178e+01 4.831251e-04 6.206693e-04 4.670400e-04 3.616660e-04
2.758378e+01 4.979098e-04 6.433724e-04 4.835143e-04 3.668427e-04
2.763578e+01 5.113549e-04 6.629070e-04 4.988971e-04 3.722605e-04
2.768778e+01 5.226135e-04 6.782248e-04 5.123177e-04 3.772981e-04
2.773978e+01 5.311382e-04 6.888272e-04 5.230481e-04 3.815392e-04
2.779178e+01 5.368296e-04 6.949473e-04 5.307865e-04 3.847549e-04
2.784378e+01 5.400847e-04 6.974948e-04 5.358623e-04 3.868970e-04
2.789578e+01 5.417342e-04 6.977725e-04 5.392759e-04 3.881541e-04
2.794778e+01 5.429030e-04 6.970812e-04 5.425534e-04 3.890743e-04
2.799978e+01 5.448480e-04 6.963804e-04 5.474669e-04 3.906968e-04
2.805178e+01 5.488146e-04 6.961393e-04 5.557067e-04 3.945977e-04
2.810378e+01 5.559257e-04 6.964207e-04 5.685890e-04 4.027672e-04
2.815578e+01 5.670961e-04 6.971343e-04 5.868542e-04 4.172999e-04
2.820778e+01 5.829597e-04 6.983338e-04 6.105794e-04 4.399659e-04
2.825978e+01 6.038061e-04 7.004189e-04 6.392078e-04 4.717918e-04
2.831178e+01 6.295310e-04 7.041409e-04 6.716746e-04 5.127774e-04
2.836378e+01 6.595984e-04 7.103873e-04 7.065859e-04 5.618220e-04
2.841578e+01 6.930145e-04 7.198047e-04 7.423920e-04 6.168467e-04
2.846778e+01 7.283172e-04 7.324001e-04 7.775050e-04 6.750464e-04
2.851978e+01 7.636162e-04 7.472960e-04 8.103547e-04 7.331980e-04
2.857178e+01 7.967332e-04 7.627827e-04 8.394288e-04 7.879881e-04
2.862378e+01 8.254799e-04 7.767062e-04 8.633708e-04 8.363627e-04
2.867578e+01 8.480571e-04 7.870896e-04 8.811811e-04 8.759006e-04
2.872778e+01 8.634784e-04 7.927821e-04 8.924884e-04 9.051648e-04
2.877978e+01 8.718715e-04 7.938998e-04 8.977862e-04 9.239284e-04
2.883178e+01 8.745235e-04 7.919001e-04 8.984981e-04 9.331723e-04
2.888378e+01 8.736226e-04 7.892609e-04 8.967912e-04 9.348157e-04
2.893578e+01 8.717691e-04 7.888719e-04 8.951640e-04 9.312713e-04
2.898778e+01 8.714205e-04 7.933286e-04 8.959311e-04 9.250019e-04
2.903978e+01 8.744547e-04 8.043332e-04 9.007731e-04 9.182579e-04
2.909178e+01 8.819691e-04 8.223692e-04 9.104763e-04 9.130620e-04
2.914378e+01 8.943293e-04 8.467298e-04 9.249007e-04 9.113576e-04
2.919578e+01 9.113834e-04 8.758847e-04 9.431278e-04 9.151378e-04
2.924778e+01 9.327154e-04 9.080605e-04 9.636998e-04 9.263859e-04
2.929978e+01 9.578274e-04 9.418340e-04 9.848751e-04 9.467732e-04
2.935178e+01 9.862020e-04 9.765227e-04 1.004879e-03 9.772043e-04
2.940378e+01 1.017260e-03 1.012220e-03 1.022164e-03 1.017395e-03
2.945578e+01 1.050276e-03 1.049458e-03 1.035700e-03 1.065669e-03
2.950778e+01 1.084307e-03 1.088623e-03 1.045249e-03 1.119051e-03
2.955978e+01 1.118173e-03 1.129343e-03 1.051523e-03 1.173653e-03
2.961178e+01 1.150466e-03 1.170082e-03 1.056105e-03 1.225212e-03
2.966378e+01 1.179593e-03 1.208080e-03 1.061039e-03 1.269660e-03
2.971578e+01 1.203844e-03 1.239696e-03 1.068202e-03 1.303634e-03
2.976778e+01 1.221536e-03 1.261074e-03 1.078656e-03 1.324878e-03
2.981978e+01 1.231244e-03 1.268949e-03 1.092282e-03 1.332502e-03
2.987178e+01 1.232115e-03 1.261416e-03 1.107870e-03 1.327058e-03
2.992378e+01 1.224158e-03 1.238426e-03 1.123646e-03 1.310402e-03
2.997578e+01 1.208397e-03 1.201902e-03 1.137979e-03 1.285311e-03
3.002778e+01 1.186778e-03 1.155434e-03 1.149945e-03 1.254954e-03
3.007978e+01 1.161820e-03 1.103626e-03 1.159495e-03 1.222340e-03
3.013178e+01 1.136140e-03 1.051283e-03 1.167221e-03 1.189917e-03
3.018378e+01 1.111986e-03 1.002621e-03 1.173923e-03 1.159413e-03
3.023578e+01 1.090939e-03 9.606753e-04 1.180254e-03 1.131889e-03
3.028778e+01 1.073849e-03 9.270313e-04 1.186598e-03 1.107919e-03
3.033978e+01 1.060935e-03 9.018806e-04 1.193175e-03 1.087749e-03
3.039178e+01 1.051969e-03 8.843581e-04 1.200183e-03 1.071364e-03
3.044378e+01 1.046438e-03 8.730401e-04 1.207795e-03 1.058478e-03
3.049578e+01 1.043647e-03 8.664664e-04 1.215965e-03 1.048509e-03
3.054778e+01 1.042775e-03 8.635620e-04 1.224137e-03 1.040626e-03
3.059978e+01 1.042945e-03 8.638681e-04 1.231070e-03 1.033898e-03
3.065178e+01 1.043332e-03 8.675428e-04 1.234920e-03 1.027532e-03
3.070378e+01 1.043302e-03 8.751420e-04 1.233640e-03 1.021125e-03
3.075578e+01 1.042542e-03 8.872340e-04 1.225542e-03 1.014849e-03
3.080778e+01 1.041083e-03 9.039428e-04 1.209820e-03 1.009486e-03
3.085978e+01 1.039214e-03 9.245461e-04 1.186824e-03 1.006272e-03
3.091178e+01 1.037266e-03 9.472614e-04 1.157975e-03 1.006562e-03
3.096378e+01 1.035375e-03 9.693255e-04 1.125388e-03 1.011412e-03
3.101578e+01 1.033324e-03 9.873903e-04 1.091366e-03 1.021217e-03
3.106778e+01 1.030558e-03 9.981570e-04 1.057976e-03 1.035543e-03
3.111978e+01 1.026396e-03 9.990746e-04 1.026853e-03 1.053260e-03
3.117178e+01 1.020360e-03 9.889019e-04 9.992574e-04 1.072922e-03
3.122378e+01 1.012488e-03 9.679754e-04 9.762621e-04 1.093228e-03
3.127578e+01 1.003468e-03 9.381294e-04 9.589103e-04 1.113366e-03
3.132778e+01 9.945246e-04 9.023249e-04 9.481941e-04 1.133055e-03
3.137978e+01 9.870698e-04 8.641165e-04 9.448155e-04 1.152277e-03
3.143178e+01 9.822517e-04 8.271000e-04 9.488151e-04 1.170840e-03
3.148378e+01 9.805605e-04 7.944478e-04 9.592431e-04 1.187991e-03
3.153578e+01 9.816446e-04 7.685810e-04 9.740555e-04 1.202297e-03
3.158778e+01 9.843968e-04 7.509833e-04 9.903470e-04 1.211860e-03
3.163978e+01 9.872733e-04 7.421342e-04 1.004901e-03 1.214785e-03
3.169178e+01 9.887233e-04 7.415392e-04 1.014902e-03 1.209729e-03
3.174378e+01 9.875787e-04 7.478472e-04 1.018584e-03 1.196305e-03
3.179578e+01 9.832835e-04 7.590488e-04 1.015601e-03 1.175201e-03
3.184778e+01 9.759201e-04 7.727533e-04 1.007011e-03 1.147996e-03
3.189978e+01 9.660713e-04 7.865237e-04 9.949191e-04 1.116771e-03
3.195178e+01 9.546093e-04 7.982249e-04 9.819210e-04 1.083682e-03
3.200378e+01 9.424965e-04 8.063222e-04 9.705134e-04 1.050654e-03
3.205578e+01 9.306407e-04 8.100616e-04 9.626106e-04 1.019250e-03
3.210778e+01 9.197967e-04 8.094899e-04 9.592287e-04 9.906716e-04
3.215978e+01 9.104917e-04 8.053208e-04 9.603624e-04 9.657920e-04
3.221178e+01 9.029650e-04 7.986991e-04 9.650600e-04 9.451360e-04
3.226378e+01 8.971502e-04 7.909452e-04 9.716964e-04 9.288090e-04
3.231578e+01 8.927353e-04 7.833493e-04 9.784026e-04 9.164540e-04
3.236778e+01 8.893145e-04 7.770482e-04 9.835615e-04 9.073337e-04
3.241978e+01 8.865910e-04 7.729724e-04 9.862284e-04 9.005722e-04
3.247178e+01 8.845492e-04 7.718253e-04 9.863431e-04 8.954791e-04
3.252378e+01 8.835120e-04 7.740656e-04 9.846686e-04 8.918017e-04
3.257578e+01 8.840511e-04 7.798940e-04 9.824973e-04 8.897620e-04
3.262778e+01 8.867906e-04 7.892740e-04 9.812527e-04 8.898449e-04
3.267978e+01 8.921945e-04 8.020146e-04 9.821310e-04 8.924379e-04
3.273178e+01 9.004275e-04 8.179036e-04 9.858804e-04 8.974986e-04
3.278378e+01 9.113256e-04 8.368375e-04 9.927287e-04 9.044106e-04
3.283578e+01 9.244567e-04 8.588750e-04 1.002412e-03 9.120833e-04
3.288778e+01 9.392242e-04 8.841755e-04 1.014246e-03 9.192512e-04
3.293978e+01 9.549755e-04 9.128522e-04 1.027217e-03 9.248570e-04
3.299178e+01 9.711060e-04 9.448257e-04 1.040096e-03 9.283963e-04
3.304378e+01 9.871495e-04 9.797569e-04 1.051576e-03 9.301154e-04
3.309578e+01 1.002830e-03 1.017078e-03 1.060425e-03 9.309873e-04
3.314778e+01 1.018033e-03 1.056059e-03 1.065599e-03 9.324405e-04
3.319978e+01 1.032664e-03 1.095798e-03 1.066300e-03 9.358947e-04
3.325178e+01 1.046448e-03 1.135097e-03 1.061999e-03 9.422491e-04
3.330378e+01 1.058741e-03 1.172257e-03 1.052448e-03 9.515186e-04
3.335578e+01 1.068500e-03 1.204965e-03 1.037758e-03 9.627774e-04
3.340778e+01 1.074462e-03 1.230438e-03 1.018506e-03 9.744434e-04
3.345978e+01 1.075497e-03 1.245909e-03 9.958031e-04 9.847791e-04
3.351178e+01 1.070988e-03 1.249329e-03 9.712507e-04 9.923856e-04
3.356378e+01 1.061087e-03 1.240059e-03 9.467219e-04 9.964793e-04
3.361578e+01 1.046708e-03 1.219236e-03 9.240229e-04 9.968644e-04
3.366778e+01 1.029290e-03 1.189666e-03 9.045357e-04 9.936675e-04
3.371978e+01 1.010415e-03 1.155267e-03 8.889695e-04 9.870093e-04
3.377178e+01 9.914563e-04 1.120280e-03 8.772944e-04 9.767947e-04
3.382378e+01 9.733612e-04 1.088510e-03 8.688573e-04 9.627163e-04
3.387578e+01 9.566163e-04 1.062794e-03 8.626057e-04 9.444497e-04
3.392778e+01 9.413318e-04 1.044744e-03 8.573251e-04 9.219265e-04
3.397978e+01 9.273664e-04 1.034726e-03 8.518182e-04 8.955548e-04
3.403178e+01 9.144321e-04 1.031979e-03 8.450177e-04 8.662997e-04
3.408378e+01 9.021776e-04 1.034847e-03 8.360744e-04 8.356113e-04
3.413578e+01 8.902783e-04 1.041114e-03 8.244749e-04 8.052462e-04
3.418778e+01 8.785542e-04 1.048429e-03 8.101916e-04 7.770425e-04
3.423978e+01 8.670858e-04 1.054764e-03 7.937990e-04 7.526949e-04
3.429178e+01 8.562615e-04 1.058786e-03 7.764539e-04 7.335443e-04
3.434378e+01 8.467004e-04 1.060035e-03 7.596708e-04 7.203949e-04
3.439578e+01 8.390480e-04 1.058838e-03 7.449263e-04 7.133799e-04
3.444778e+01 8.337163e-04 1.056002e-03 7.332259e-04 7.119214e-04
3.449978e+01 8.306728e-04 1.052387e-03 7.248071e-04 7.148238e-04
3.455178e+01 8.293689e-04 1.048503e-03 7.191025e-04 7.205016e-04
3.460378e+01 8.288370e-04 1.044243e-03 7.149762e-04 7.272916e-04
3.465578e+01 8.279208e-04 1.038861e-03 7.111383e-04 7.337628e-04
3.470778e+01 8.255624e-04 1.031161e-03 7.065888e-04 7.389377e-04
3.475978e+01 8.210590e-04 1.019847e-03 7.009492e-04 7.423810e-04
3.481178e+01 8.142202e-04 1.003913e-03 6.945933e-04 7.441538e-04
3.486378e+01 8.053857e-04 9.829307e-04 6.885577e-04 7.446686e-04
3.491578e+01 7.953056e-04 9.571586e-04 6.842693e-04 7.444888e-04
3.496778e+01 7.849235e-04 9.274760e-04 6.831720e-04 7.441225e-04
3.501978e+01 7.751340e-04 8.951943e-04 6.863506e-04 7.438571e-04
3.507178e+01 7.665885e-04 8.618413e-04 6.942459e-04 7.436782e-04
3.512378e+01 7.595999e-04 8.289796e-04 7.065265e-04 7.432935e-04
3.517578e+01 7.541523e-04 7.980711e-04 7.221409e-04 7.422449e-04
3.522778e+01 7.499813e-04 7.703652e-04 7.395270e-04 7.400517e-04
3.527978e+01 7.466777e-04 7.467891e-04 7.569252e-04 7.363189e-04
3.533178e+01 7.437744e-04 7.278443e-04 7.727153e-04 7.307637e-04
3.538378e+01 7.407993e-04 7.135368e-04 7.856945e-04 7.231667e-04
3.543578e+01 7.372967e-04 7.033706e-04 7.952225e-04 7.132969e-04
3.548778e+01 7.328298e-04 6.964140e-04 8.011996e-04 7.008760e-04
3.553978e+01 7.269811e-04 6.914250e-04 8.038944e-04 6.856240e-04
3.559178e+01 7.193612e-04 6.870145e-04 8.036905e-04 6.673787e-04
3.564378e+01 7.096373e-04 6.818275e-04 8.008484e-04 6.462359e-04
3.569578e+01 6.975797e-04 6.747284e-04 7.953678e-04 6.226428e-04
3.574778e+01 6.831202e-04 6.649703e-04 7.869925e-04 5.973978e-04
3.579978e+01 6.664085e-04 6.523210e-04 7.753507e-04 5.715539e-04
3.585178e+01 6.478496e-04 6.371072e-04 7.601767e-04 5.462648e-04
3.590378e+01 6.281059e-04 6.201559e-04 7.415366e-04 5.226253e-04
3.595578e+01 6.080502e-04 6.026298e-04 7.199786e-04 5.015423e-04
3.600778e+01 5.886654e-04 5.857948e-04 6.965504e-04 4.836510e-04
3.605978e+01 5.709054e-04 5.707731e-04 6.726736e-04 4.692695e-04
3.611178e+01 5.555488e-04 5.583447e-04 6.499128e-04 4.583888e-04
3.616378e+01 5.430847e-04 5.488385e-04 6.297135e-04 4.507022e-04
3.621578e+01 5.336645e-04 5.421257e-04 6.131837e-04 4.456840e-04
3.626778e+01 5.271278e-04 5.377014e-04 6.009655e-04 4.427164e-04
3.631978e+01 5.230903e-04 5.348271e-04 5.932034e-04 4.412405e-04
3.637178e+01 5.210626e-04 5.327076e-04 5.895904e-04 4.408898e-04
3.642378e+01 5.205676e-04 5.306779e-04 5.894655e-04 4.415593e-04
3.647578e+01 5.212352e-04 5.283740e-04 5.919489e-04 4.433828e-04
3.652778e+01 5.228592e-04 5.258492e-04 5.961078e-04 4.466206e-04
3.657978e+01 5.254119e-04 5.235970e-04 6.011400e-04 4.514988e-04
3.663178e+01 5.290179e-04 5.224508e-04 6.065422e-04 4.580605e-04
3.668378e+01 5.338938e-04 5.233783e-04 6.122117e-04 4.660914e-04
3.673578e+01 5.402711e-04 5.272273e-04 6.184291e-04 4.751570e-04
3.678778e+01 5.483212e-04 5.345102e-04 6.257033e-04 4.847502e-04
3.683978e+01 5.581001e-04 5.452930e-04 6.345062e-04 4.945012e-04
3.689178e+01 5.695186e-04 5.592057e-04 6.449810e-04 5.043691e-04
3.694378e+01 5.823323e-04 5.755322e-04 6.567309e-04 5.147338e-04
3.699578e+01 5.961479e-04 5.933246e-04 6.687836e-04 5.263355e-04
3.704778e+01 6.104489e-04 6.115079e-04 6.797700e-04 5.400688e-04
3.709978e+01 6.246539e-04 6.289842e-04 6.882806e-04 5.566969e-04
3.715178e+01 6.382100e-04 6.447618e-04 6.932848e-04 5.765835e-04
3.720378e+01 6.507024e-04 6.581112e-04 6.944665e-04 5.995295e-04
3.725578e+01 6.619341e-04 6.687005e-04 6.923434e-04 6.247585e-04
3.730778e+01 6.719314e-04 6.766379e-04 6.881156e-04 6.510409e-04
3.735978e+01 6.808583e-04 6.823749e-04 6.832918e-04 6.769083e-04
3.741178e+01 6.888741e-04 6.864882e-04 6.792333e-04 7.009009e-04
3.746378e+01 6.960040e-04 6.894287e-04 6.767871e-04 7.217961e-04
3.751578e+01 7.020917e-04 6.913414e-04 6.761489e-04 7.387848e-04
3.756778e+01 7.068670e-04 6.920296e-04 6.769975e-04 7.515737e-04
3.761978e+01 7.100993e-04 6.910588e-04 6.788313e-04 7.604077e-04
3.767178e+01 7.117715e-04 6.879489e-04 6.813521e-04 7.660134e-04
3.772378e+01 7.121929e-04 6.823794e-04 6.847218e-04 7.694774e-04
3.777578e+01 7.120028e-04 6.743595e-04 6.895741e-04 7.720748e-04
3.782778e+01 7.120584e-04 6.643355e-04 6.967709e-04 7.750689e-04
3.787978e+01 7.132459e-04 6.532177e-04 7.070116e-04 7.795084e-04
3.793178e+01 7.162744e-04 6.423022e-04 7.204621e-04 7.860588e-04
3.798378e+01 7.215127e-04 6.330674e-04 7.365599e-04 7.949110e-04
3.803578e+01 7.289090e-04 6.268609e-04 7.540643e-04 8.058019e-04
3.808778e+01 7.380090e-04 6.245496e-04 7.713196e-04 8.181577e-04
3.813978e+01 7.480679e-04 6.262504e-04 7.866225e-04 8.313308e-04
3.819178e+01 7.582292e-04 6.312501e-04 7.985702e-04 8.448672e-04
3.824378e+01 7.677245e-04 6.381600e-04 8.062931e-04 8.587205e-04
3.829578e+01 7.760396e-04 6.452597e-04 8.095295e-04 8.733296e-04
3.834778e+01 7.829923e-04 6.509160e-04 8.085519e-04 8.895089e-04
3.839978e+01 7.886960e-04 6.539481e-04 8.039884e-04 9.081516e-04
3.845178e+01 7.934237e-04 6.538434e-04 7.966077e-04 9.298201e-04
3.850378e+01 7.974275e-04 6.507901e-04 7.871374e-04 9.543550e-04
3.855578e+01 8.007883e-04 6.455421e-04 7.761654e-04 9.806573e-04
3.860778e+01 8.033542e-04 6.391675e-04 7.641373e-04 1.006758e-03
3.865978e+01 8.047876e-04 6.327464e-04 7.514233e-04 1.030193e-03
3.871178e+01 8.046908e-04 6.270916e-04 7.383971e-04 1.048584e-03
3.876378e+01 8.027532e-04 6.225580e-04 7.254726e-04 1.060229e-03
3.881578e+01 7.988564e-04 6.189929e-04 7.130702e-04 1.064506e-03
3.886778e+01 7.931034e-04 6.158358e-04 7.015304e-04 1.061944e-03
3.891978e+01 7.857706e-04 6.123329e-04 6.910181e-04 1.053961e-03
3.897178e+01 7.772143e-04 6.077905e-04 6.814714e-04 1.042381e-03
3.902378e+01 7.677740e-04 6.017789e-04 6.726223e-04 1.028921e-03
3.907578e+01 7.577056e-04 5.942236e-04 6.640857e-04 1.014807e-03
3.912778e+01 7.471618e-04 5.853700e-04 6.554881e-04 1.000627e-03
3.917978e+01 7.362178e-04 5.756628e-04 6.465996e-04 9.863910e-04
3.923178e+01 7.249249e-04 5.656093e-04 6.374331e-04 9.717324e-04
3.928378e+01 7.133697e-04 5.556818e-04 6.282817e-04 9.561457e-04
3.933578e+01 7.017097e-04 5.462790e-04 6.196703e-04 9.391799e-04
3.938778e+01 6.901676e-04 5.377247e-04 6.122142e-04 9.205639e-04
3.943978e+01 6.789852e-04 5.302692e-04 6.064155e-04 9.002710e-04
3.949178e+01 6.683596e-04 5.240727e-04 6.024648e-04 8.785412e-04
3.954378e+01 6.583974e-04 5.191804e-04 6.001414e-04 8.558705e-04
3.959578e+01 6.491131e-04 5.155107e-04 5.988727e-04 8.329559e-04
3.964778e+01 6.404703e-04 5.128752e-04 5.979499e-04 8.105858e-04
3.969978e+01 6.324409e-04 5.110276e-04 5.968141e-04 7.894809e-04
3.975178e+01 6.250484e-04 5.097272e-04 5.952952e-04 7.701228e-04
3.980378e+01 6.183773e-04 5.087978e-04 5.937088e-04 7.526252e-04
3.985578e+01 6.125532e-04 5.081758e-04 5.927896e-04 7.366942e-04
3.990778e+01 6.077127e-04 5.079418e-04 5.935002e-04 7.216960e-04
3.995978e+01 6.039748e-04 5.083283e-04 5.967863e-04 7.068098e-04
4.001178e+01 6.014124e-04 5.096892e-04 6.033311e-04 6.912169e-04
4.006378e+01 6.000149e-04 5.124214e-04 6.133483e-04 6.742749e-04
4.011578e+01 5.996456e-04 5.168457e-04 6.264513e-04 6.556397e-04
4.016778e+01 6.000167e-04 5.230829e-04 6.416499e-04 6.353172e-04
4.021978e+01 6.007098e-04 5.309660e-04 6.575171e-04 6.136462e-04
4.027178e+01 6.012543e-04 5.400224e-04 6.725178e-04 5.912228e-04
4.032378e+01 6.012415e-04 5.495284e-04 6.854113e-04 5.687847e-04
4.037578e+01 6.004260e-04 5.586151e-04 6.955828e-04 5.470800e-04
4.042778e+01 5.987703e-04 5.663998e-04 7.031662e-04 5.267451e-04
4.047978e+01 5.964152e-04 5.721265e-04 7.089044e-04 5.082148e-04
4.053178e+01 5.935965e-04 5.753052e-04 7.138084e-04 4.916758e-04
4.058378e+01 5.905532e-04 5.758327e-04 7.187608e-04 4.770660e-04
4.063578e+01 5.874660e-04 5.740605e-04 7.242214e-04 4.641162e-04
4.068778e+01 5.844444e-04 5.707711e-04 7.301324e-04 4.524298e-04
4.073978e+01 5.815512e-04 5.670388e-04 7.360207e-04 4.415942e-04
4.079178e+01 5.788385e-04 5.639962e-04 7.412163e-04 4.313030e-04
4.084378e+01 5.763686e-04 5.625732e-04 7.450754e-04 4.214571e-04
4.089578e+01 5.742081e-04 5.632923e-04 7.471258e-04 4.122062e-04
4.094778e+01 5.724039e-04 5.661924e-04 7.471126e-04 4.039067e-04
4.099978e+01 5.709604e-04 5.709010e-04 7.449719e-04 3.970084e-04
4.105178e+01 5.698386e-04 5.768160e-04 7.407866e-04 3.919132e-04
4.110378e+01 5.689828e-04 5.833184e-04 7.347611e-04 3.888690e-04
4.115578e+01 5.683657e-04 5.899379e-04 7.272235e-04 3.879357e-04
4.120778e+01 5.680315e-04 5.964272e-04 7.186413e-04 3.890259e-04
4.125978e+01 5.681193e-04 6.027522e-04 7.096250e-04 3.919806e-04
4.131178e+01 5.688569e-04 6.090370e-04 7.009018e-04 3.966317e-04
4.136378e+01 5.705257e-04 6.155028e-04 6.932545e-04 4.028198e-04
4.141578e+01 5.734050e-04 6.224144e-04 6.874298e-04 4.103707e-04
4.146778e+01 5.777069e-04 6.300258e-04 6.840367e-04 4.190584e-04
4.151978e+01 5.835185e-04 6.385085e-04 6.834587e-04 4.285883e-04
4.157178e+01 5.907618e-04 6.478654e-04 6.858042e-04 4.386158e-04
4.162378e+01 5.991827e-04 6.578505e-04 6.909051e-04 4.487926e-04
4.167578e+01 6.083663e-04 6.679267e-04 6.983549e-04 4.588173e-04
4.172778e+01 6.177724e-04 6.772870e-04 7.075646e-04 4.684658e-04
4.177978e+01 6.267856e-04 6.849475e-04 7.178184e-04 4.775910e-04
4.183178e+01 6.347779e-04 6.899047e-04 7.283256e-04 4.861034e-04
4.188378e+01 6.411883e-04 6.913317e-04 7.382798e-04 4.939535e-04
4.193578e+01 6.456170e-04 6.887774e-04 7.469383e-04 5.011353e-04
4.198778e+01 6.479156e-04 6.823198e-04 7.537152e-04 5.077119e-04
4.203978e+01 6.482442e-04 6.726266e-04 7.582623e-04 5.138437e-04
4.209178e+01 6.470587e-04 6.608864e-04 7.605042e-04 5.197855e-04
4.214378e+01 6.450134e-04 6.486052e-04 7.606055e-04 5.258295e-04
4.219578e+01 6.427889e-04 6.373018e-04 7.588750e-04 5.321899e-04
4.224778e+01 6.408939e-04 6.281777e-04 7.556413e-04 5.388627e-04
4.229978e+01 6.395074e-04 6.218613e-04 7.511392e-04 5.455217e-04
4.235178e+01 6.384267e-04 6.183177e-04 7.454480e-04 5.515143e-04
4.240378e+01 6.371501e-04 6.169605e-04 7.385006e-04 5.559892e-04
4.245578e+01 6.350743e-04 6.169285e-04 7.301626e-04 5.581317e-04
4.250778e+01 6.317308e-04 6.174151e-04 7.203557e-04 5.574216e-04
4.255978e+01 6.269692e-04 6.179168e-04 7.091778e-04 5.538132e-04
4.261178e+01 6.210117e-04 6.183096e-04 6.969651e-04 5.477606e-04
4.266378e+01 6.143662e-04 6.187513e-04 6.842593e-04 5.400881e-04
4.271578e+01 6.076500e-04 6.194939e-04 6.716905e-04 5.317656e-04
4.276778e+01 6.014125e-04 6.207250e-04 6.598283e-04 5.236843e-04
4.281978e+01 5.960347e-04 6.225220e-04 6.490763e-04 5.165059e-04
4.287178e+01 5.917289e-04 6.249205e-04 6.396521e-04 5.106142e-04
4.292378e+01 5.886067e-04 6.280253e-04 6.316466e-04 5.061480e-04
4.297578e+01 5.867508e-04 6.320704e-04 6.251043e-04 5.030778e-04
4.302778e+01 5.862404e-04 6.373713e-04 6.200597e-04 5.012902e-04
4.307978e+01 5.871155e-04 6.441852e-04 6.165008e-04 5.006607e-04
4.313178e+01 5.893101e-04 6.525521e-04 6.142756e-04 5.011027e-04
4.318378e+01 5.925967e-04 6.622051e-04 6.130004e-04 5.025847e-04
4.323578e+01 5.965805e-04 6.726027e-04 6.120285e-04 5.051105e-04
4.328778e+01 6.007532e-04 6.830728e-04 6.105202e-04 5.086667e-04
4.333978e+01 6.045918e-04 6.930063e-04 6.076081e-04 5.131612e-04
4.339178e+01 6.076697e-04 7.020160e-04 6.026139e-04 5.183792e-04
4.344378e+01 6.097394e-04 7.099975e-04 5.952396e-04 5.239810e-04
4.349578e+01 6.107555e-04 7.170686e-04 5.856552e-04 5.295427e-04
4.354778e+01 6.108263e-04 7.234143e-04 5.744363e-04 5.346282e-04
4.359978e+01 6.101107e-04 7.290966e-04 5.623669e-04 5.388687e-04
4.365178e+01 6.087056e-04 7.339077e-04 5.501806e-04 5.420286e-04
4.370378e+01 6.065743e-04 7.373355e-04 5.383446e-04 5.440429e-04
4.375578e+01 6.035526e-04 7.386741e-04 5.269707e-04 5.450130e-04
4.380778e+01 5.994307e-04 7.372567e-04 5.158779e-04 5.451574e-04
4.385978e+01 5.940751e-04 7.327271e-04 5.047685e-04 5.447296e-04
4.391178e+01 5.875380e-04 7.252385e-04 4.934403e-04 5.439353e-04
4.396378e+01 5.801116e-04 7.154859e-04 4.819592e-04 5.428896e-04
4.401578e+01 5.723107e-04 7.045457e-04 4.707435e-04 5.416430e-04
4.406778e+01 5.647989e-04 6.935841e-04 4.605440e-04 5.402686e-04
4.411978e+01 5.582838e-04 6.835566e-04 4.523244e-04 5.389704e-04
4.417178e+01 5.534139e-04 6.750291e-04 4.470607e-04 5.381521e-04
4.422378e+01 5.506953e-04 6.681888e-04 4.454938e-04 5.384033e-04
4.427578e+01 5.504387e-04 6.630240e-04 4.478971e-04 5.403952e-04
4.432778e+01 5.527405e-04 6.595669e-04 4.539386e-04 5.447159e-04
4.437978e+01 5.574912e-04 6.580710e-04 4.627063e-04 5.516964e-04
4.443178e+01 5.644058e-04 6.590275e-04 4.729119e-04 5.612781e-04
4.448378e+01 5.730589e-04 6.630100e-04 4.832118e-04 5.729549e-04
4.453578e+01 5.829153e-04 6.704110e-04 4.925267e-04 5.858083e-04
4.458778e+01 5.933504e-04 6.811830e-04 5.002371e-04 5.986310e-04
4.463978e+01 6.036681e-04 6.946912e-04 5.061938e-04 6.101195e-04
4.469178e+01 6.131332e-04 7.097381e-04 5.105666e-04 6.190948e-04
4.474378e+01 6.210277e-04 7.247594e-04 5.136218e-04 6.247019e-04
4.479578e+01 6.267336e-04 7.381269e-04 5.155366e-04 6.265374e-04
4.484778e+01 6.298235e-04 7.484636e-04 5.163261e-04 6.246808e-04
4.489978e+01 6.301351e-04 7.548750e-04 5.159001e-04 6.196303e-04
4.495178e+01 6.278059e-04 7.570357e-04 5.142114e-04 6.121708e-04
4.500378e+01 6.232536e-04 7.551251e-04 5.114242e-04 6.032114e-04
4.505578e+01 6.171044e-04 7.496603e-04 5.080259e-04 5.936270e-04
4.510778e+01 6.100870e-04 7.413067e-04 5.048241e-04 5.841302e-04
4.515978e+01 6.029160e-04 7.307396e-04 5.028135e-04 5.751950e-04
4.521178e+01 5.961928e-04 7.185952e-04 5.029449e-04 5.670381e-04
4.526378e+01 5.903384e-04 7.054939e-04 5.058630e-04 5.596583e-04
4.531578e+01 5.855651e-04 6.920861e-04 5.116969e-04 5.529124e-04
4.536778e+01 5.818795e-04 6.790638e-04 5.199722e-04 5.466025e-04
4.541978e+01 5.791120e-04 6.671106e-04 5.296717e-04 5.405536e-04
4.547178e+01 5.769697e-04 6.568050e-04 5.394324e-04 5.346715e-04
4.552378e+01 5.751071e-04 6.485201e-04 5.478201e-04 5.289811e-04
4.557578e+01 5.732014e-04 6.423578e-04 5.536074e-04 5.236390e-04
4.562778e+01 5.710095e-04 6.381361e-04 5.559849e-04 5.189075e-04
4.567978e+01 5.683858e-04 6.354176e-04 5.546655e-04 5.150741e-04
4.573178e+01 5.652563e-04 6.335631e-04 5.498777e-04 5.123282e-04
4.578378e+01 5.615739e-04 6.318041e-04 5.422791e-04 5.106385e-04
4.583578e+01 5.572915e-04 6.293443e-04 5.328312e-04 5.096990e-04
4.588778e+01 5.523828e-04 6.254940e-04 5.226627e-04 5.089916e-04
4.593978e+01 5.469032e-04 6.198190e-04 5.129301e-04 5.079604e-04
4.599178e+01 5.410493e-04 6.122575e-04 5.046649e-04 5.062255e-04
4.604378e+01 5.351638e-04 6.031500e-04 4.986081e-04 5.037334e-04
4.609578e+01 5.296607e-04 5.931588e-04 4.950572e-04 5.007660e-04
4.614778e+01 5.248947e-04 5.830994e-04 4.937821e-04 4.978025e-04
4.619978e+01 5.210383e-04 5.737480e-04 4.940669e-04 4.952999e-04
4.625178e+01 5.180290e-04 5.656948e-04 4.948961e-04 4.934960e-04
4.630378e+01 5.156135e-04 5.592772e-04 4.952425e-04 4.923209e-04
4.635578e+01 5.134606e-04 5.545853e-04 4.943568e-04 4.914395e-04
4.640778e+01 5.112805e-04 5.514966e-04 4.919526e-04 4.903922e-04
4.645978e+01 5.088945e-04 5.497013e-04 4.882204e-04 4.887617e-04
4.651178e+01 5.062311e-04 5.487089e-04 4.836828e-04 4.863016e-04
4.656378e+01 5.032725e-04 5.478624e-04 4.789690e-04 4.829862e-04
4.661578e+01 4.999985e-04 5.464015e-04 4.746097e-04 4.789841e-04
4.666778e+01 4.963682e-04 5.435996e-04 4.709285e-04 4.745765e-04
4.671978e+01 4.923521e-04 5.389543e-04 4.680463e-04 4.700558e-04
4.677178e+01 4.879885e-04 5.323661e-04 4.659634e-04 4.656361e-04
4.682378e+01 4.834234e-04 5.242197e-04 4.646541e-04 4.613965e-04
4.687578e+01 4.788980e-04 5.153080e-04 4.641196e-04 4.572664e-04
4.692778e+01 4.746781e-04 5.066021e-04 4.643783e-04 4.530538e-04
4.697978e+01 4.709535e-04 4.989463e-04 4.654094e-04 4.485049e-04
4.703178e+01 4.677579e-04 4.928006e-04 4.670917e-04 4.433813e-04
4.708378e+01 4.649509e-04 4.881383e-04 4.691800e-04 4.375343e-04
4.713578e+01 4.622797e-04 4.845439e-04 4.713383e-04 4.309569e-04
4.718778e+01 4.594930e-04 4.814603e-04 4.732223e-04 4.237963e-04
4.723978e+01 4.564554e-04 4.784712e-04 4.745756e-04 4.163192e-04
4.729178e+01 4.532096e-04 4.754909e-04 4.753028e-04 4.088350e-04
4.734378e+01 4.499563e-04 4.727801e-04 4.754905e-04 4.015983e-04
4.739578e+01 4.469624e-04 4.707888e-04 4.753747e-04 3.947239e-04
4.744778e+01 4.444374e-04 4.699020e-04 4.752643e-04 3.881459e-04
4.749978e+01 4.424307e-04 4.702053e-04 4.754428e-04 3.816439e-04
4.755178e+01 4.407902e-04 4.713731e-04 4.760690e-04 3.749284e-04
4.760378e+01 4.391970e-04 4.727308e-04 4.770989e-04 3.677613e-04
4.765578e+01 4.372621e-04 4.734655e-04 4.782534e-04 3.600673e-04
4.770778e+01 4.346491e-04 4.728977e-04 4.790559e-04 3.519936e-04
4.775978e+01 4.311803e-04 4.707037e-04 4.789447e-04 3.438925e-04
4.781178e+01 4.268869e-04 4.669989e-04 4.774377e-04 3.362240e-04
4.786378e+01 4.219864e-04 4.622604e-04 4.742907e-04 3.294081e-04
4.791578e+01 4.167969e-04 4.571290e-04 4.695854e-04 3.236762e-04
4.796778e+01 4.116205e-04 4.521810e-04 4.637024e-04 3.189782e-04
4.801978e+01 4.066437e-04 4.477576e-04 4.571874e-04 3.149861e-04
4.807178e+01 4.018917e-04 4.439072e-04 4.505651e-04 3.112028e-04
4.812378e+01 3.972562e-04 4.404443e-04 4.441829e-04 3.071414e-04
4.817578e+01 3.925805e-04 4.370867e-04 4.381433e-04 3.025115e-04
4.822778e+01 3.877656e-04 4.336090e-04 4.323433e-04 2.973445e-04
4.827978e+01 3.828491e-04 4.299537e-04 4.265861e-04 2.920074e-04
4.833178e+01 3.780224e-04 4.262638e-04 4.207022e-04 2.871012e-04
4.838378e+01 3.735783e-04 4.228318e-04 4.146257e-04 2.832775e-04
4.843578e+01 3.698123e-04 4.199943e-04 4.084026e-04 2.810400e-04
4.848778e+01 3.669222e-04 4.180195e-04 4.021464e-04 2.806008e-04
4.853978e+01 3.649524e-04 4.170358e-04 3.959785e-04 2.818430e-04
4.859178e+01 3.638058e-04 4.170279e-04 3.899909e-04 2.843986e-04
4.864378e+01 3.633171e-04 4.178937e-04 3.842453e-04 2.878123e-04
4.869578e+01 3.633511e-04 4.195307e-04 3.787981e-04 2.917245e-04
4.874778e+01 3.638818e-04 4.219097e-04 3.737308e-04 2.960049e-04
4.879978e+01 3.650174e-04 4.251029e-04 3.691638e-04 3.007853e-04
4.885178e+01 3.669619e-04 4.292545e-04 3.652489e-04 3.063824e-04
4.890378e+01 3.699307e-04 4.345048e-04 3.621429e-04 3.131445e-04
4.895578e+01 3.740541e-04 4.408979e-04 3.599770e-04 3.212875e-04
4.900778e+01 3.793074e-04 4.483060e-04 3.588290e-04 3.307874e-04
4.905978e+01 3.854943e-04 4.564033e-04 3.587096e-04 3.413701e-04
4.911178e+01 3.922905e-04 4.647051e-04 3.595653e-04 3.526011e-04
4.916378e+01 3.993330e-04 4.726664e-04 3.612996e-04 3.640330e-04
4.921578e+01 4.063212e-04 4.798089e-04 3.638067e-04 3.753481e-04
4.926778e+01 4.130938e-04 4.858371e-04 3.670070e-04 3.864373e-04
4.931978e+01 4.196517e-04 4.906986e-04 3.708706e-04 3.973860e-04
4.937178e+01 4.261210e-04 4.945714e-04 3.754159e-04 4.083756e-04
4.942378e+01 4.326699e-04 4.977808e-04 3.806823e-04 4.195466e-04
4.947578e+01 4.394130e-04 5.006809e-04 3.866806e-04 4.308774e-04
4.952778e+01 4.463351e-04 5.035425e-04 3.933355e-04 4.421273e-04
4.957978e+01 4.532647e-04 5.064870e-04 4.004398e-04 4.528673e-04
4.963178e+01 4.599054e-04 5.094869e-04 4.076412e-04 4.625882e-04
4.968378e+01 4.659191e-04 5.124295e-04 4.144766e-04 4.708513e-04
4.973578e+01 4.710349e-04 5.152209e-04 4.204563e-04 4.774275e-04
4.978778e+01 4.751485e-04 5.178936e-04 4.251800e-04 4.823720e-04
4.983978e+01 4.783756e-04 5.206760e-04 4.284500e-04 4.860008e-04
4.989178e+01 4.810360e-04 5.239925e-04 4.303432e-04 4.887724e-04
4.994378e+01 4.835721e-04 5.283828e-04 4.312146e-04 4.911188e-04
4.999578e+01 4.864276e-04 5.343592e-04 4.316283e-04 4.932952e-04
5.004778e+01 4.899313e-04 5.422486e-04 4.322340e-04 4.953113e-04
5.009978e+01 4.942225e-04 5.520717e-04 4.336248e-04 4.969709e-04
5.015178e+01 4.992363e-04 5.635052e-04 4.362092e-04 4.979945e-04
5.020378e+01 5.047406e-04 5.759337e-04 4.401246e-04 4.981635e-04
5.025578e+01 5.104026e-04 5.885697e-04 4.452111e-04 4.974271e-04
5.030778e+01 5.158622e-04 6.006007e-04 4.510492e-04 4.959368e-04
5.035978e+01 5.207981e-04 6.113217e-04 4.570581e-04 4.940146e-04
5.041178e+01 5.249805e-04 6.202260e-04 4.626354e-04 4.920800e-04
5.046378e+01 5.283035e-04 6.270408e-04 4.673065e-04 4.905632e-04
5.051578e+01 5.307902e-04 6.317043e-04 4.708438e-04 4.898225e-04
5.056778e+01 5.325628e-04 6.342926e-04 4.733199e-04 4.900758e-04
5.061978e+01 5.337840e-04 6.349229e-04 4.750726e-04 4.913566e-04
5.067178e+01 5.345908e-04 6.336699e-04 4.765905e-04 4.935119e-04
5.072378e+01 5.350457e-04 6.305380e-04 4.783515e-04 4.962475e-04
5.077578e+01 5.351298e-04 6.255038e-04 4.806681e-04 4.992176e-04
5.082778e+01 5.347770e-04 6.186125e-04 4.835921e-04 5.021265e-04
5.087978e+01 5.339326e-04 6.100812e-04 4.869133e-04 5.048035e-04
5.093178e+01 5.326081e-04 6.003569e-04 4.902484e-04 5.072189e-04
5.098378e+01 5.309068e-04 5.901029e-04 4.931835e-04 5.094339e-04
5.103578e+01 5.290146e-04 5.801189e-04 4.954112e-04 5.115136e-04
5.108778e+01 5.271645e-04 5.712281e-04 4.968132e-04 5.134523e-04
5.113978e+01 5.255976e-04 5.641657e-04 4.974682e-04 5.151589e-04
5.119178e+01 5.245377e-04 5.594926e-04 4.976030e-04 5.165174e-04
5.124378e+01 5.241854e-04 5.575385e-04 4.975236e-04 5.174941e-04
5.129578e+01 5.247206e-04 5.583728e-04 4.975615e-04 5.182276e-04
5.134778e+01 5.262922e-04 5.617962e-04 4.980435e-04 5.190369e-04
5.139978e+01 5.289823e-04 5.673578e-04 4.992725e-04 5.203165e-04
5.145178e+01 5.327476e-04 5.743998e-04 5.014954e-04 5.223476e-04
5.150378e+01 5.373618e-04 5.821355e-04 5.048468e-04 5.251030e-04
5.155578e+01 5.423931e-04 5.897586e-04 5.092806e-04 5.281403e-04
5.160778e+01 5.472469e-04 5.965700e-04 5.145242e-04 5.306464e-04
5.165978e+01 5.512712e-04 6.020980e-04 5.200840e-04 5.316317e-04
5.171178e+01 5.539016e-04 6.061731e-04 5.253190e-04 5.302126e-04
5.176378e+01 5.547913e-04 6.089293e-04 5.295648e-04 5.258796e-04
5.181578e+01 5.538821e-04 6.107179e-04 5.322711e-04 5.186573e-04
5.186778e+01 5.513910e-04 6.119597e-04 5.331118e-04 5.091015e-04
5.191978e+01 5.477257e-04 6.129924e-04 5.320420e-04 4.981426e-04
5.197178e+01 5.433702e-04 6.139739e-04 5.292991e-04 4.868377e-04
5.202378e+01 5.387864e-04 6.148794e-04 5.253569e-04 4.761230e-04
5.207578e+01 5.343583e-04 6.155809e-04 5.208475e-04 4.666466e-04
5.212778e+01 5.303780e-04 6.159560e-04 5.164570e-04 4.587210e-04
5.217978e+01 5.270506e-04 6.159669e-04 5.128039e-04 4.523810e-04
5.223178e+01 5.244922e-04 6.156689e-04 5.103143e-04 4.474934e-04
5.228378e+01 5.227121e-04 6.151535e-04 5.091262e-04 4.438564e-04
5.233578e+01 5.215884e-04 6.144596e-04 5.090548e-04 4.412509e-04
5.238778e+01 5.208602e-04 6.135033e-04 5.096399e-04 4.394374e-04
5.243978e+01 5.201542e-04 6.120629e-04 5.102710e-04 4.381288e-04
5.249178e+01 5.190519e-04 6.098303e-04 5.103535e-04 4.369718e-04
5.254378e+01 5.171802e-04 6.065100e-04 5.094695e-04 4.355611e-04
5.259578e+01 5.142983e-04 6.019242e-04 5.074850e-04 4.334857e-04
5.264778e+01 5.103492e-04 5.960789e-04 5.045754e-04 4.303934e-04
5.269978e+01 5.054613e-04 5.891617e-04 5.011664e-04 4.260558e-04
5.275178e+01 4.999008e-04 5.814705e-04 4.978105e-04 4.204215e-04
5.280378e+01 4.939986e-04 5.733054e-04 4.950345e-04 4.136560e-04
5.285578e+01 4.880766e-04 5.648701e-04 4.932028e-04 4.061569e-04
5.290778e+01 4.823950e-04 5.562215e-04 4.924301e-04 3.985335e-04
5.295978e+01 4.771263e-04 5.472859e-04 4.925622e-04 3.915309e-04
5.301178e+01 4.723481e-04 5.379241e-04 4.932217e-04 3.858985e-04
5.306378e+01 4.680447e-04 5.280134e-04 4.938984e-04 3.822223e-04
5.311578e+01 4.641124e-04 5.175092e-04 4.940592e-04 3.807689e-04
5.316778e+01 4.603719e-04 5.064657e-04 4.932522e-04 3.813979e-04
5.321978e+01 4.565932e-04 4.950174e-04 4.911831e-04 3.835791e-04
5.327178e+01 4.525341e-04 4.833373e-04 4.877474e-04 3.865175e-04
5.332378e+01 4.479853e-04 4.715980e-04 4.830126e-04 3.893454e-04
5.337578e+01 4.428104e-04 4.599498e-04 4.771605e-04 3.913210e-04
5.342778e+01 4.369717e-04 4.485227e-04 4.704188e-04 3.919735e-04
5.347978e+01 4.305378e-04 4.374396e-04 4.630123e-04 3.911613e-04
5.353178e+01 4.236722e-04 4.268218e-04 4.551503e-04 3.890443e-04
5.358378e+01 4.165994e-04 4.167674e-04 4.470373e-04 3.859935e-04
5.363578e+01 4.095499e-04 4.073007e-04 4.388775e-04 3.824714e-04
5.368778e+01 4.026916e-04 3.983134e-04 4.308476e-04 3.789137e-04
5.373978e+01 3.960718e-04 3.895370e-04 4.230436e-04 3.756349e-04
5.379178e+01 3.895966e-04 3.805825e-04 4.154360e-04 3.727714e-04
5.384378e+01 3.830677e-04 3.710584e-04 4.078733e-04 3.702715e-04
5.389578e+01 3.762690e-04 3.607287e-04 4.001488e-04 3.679294e-04
5.394778e+01 3.690688e-04 3.496469e-04 3.921032e-04 3.654563e-04
5.399978e+01 3.614912e-04 3.381948e-04 3.837096e-04 3.625692e-04
5.405178e+01 3.537205e-04 3.269941e-04 3.750937e-04 3.590738e-04
5.410378e+01 3.460378e-04 3.167150e-04 3.664807e-04 3.549177e-04
5.415578e+01 3.387188e-04 3.078581e-04 3.581026e-04 3.501958e-04
5.420778e+01 3.319410e-04 3.005972e-04 3.501194e-04 3.451064e-04
5.425978e+01 3.257384e-04 2.947460e-04 3.425897e-04 3.398796e-04
5.431178e+01 3.200183e-04 2.898519e-04 3.354947e-04 3.347082e-04
5.436378e+01 3.146239e-04 2.853708e-04 3.287864e-04 3.297144e-04
5.441578e+01 3.094113e-04 2.808454e-04 3.224258e-04 3.249626e-04
5.446778e+01 3.043081e-04 2.760273e-04 3.163924e-04 3.205045e-04
5.451978e+01 2.993343e-04 2.709113e-04 3.106708e-04 3.164207e-04
5.457178e+01 2.945848e-04 2.656929e-04 3.052314e-04 3.128301e-04
5.462378e+01 2.901837e-04 2.606768e-04 3.000187e-04 3.098557e-04
5.467578e+01 2.862287e-04 2.561692e-04 2.949517e-04 3.075653e-04
5.472778e+01 2.827442e-04 2.523819e-04 2.899319e-04 3.059190e-04
5.477978e+01 2.796583e-04 2.493669e-04 2.848540e-04 3.047541e-04
5.483178e+01 2.768107e-04 2.469955e-04 2.796201e-04 3.038164e-04
5.488378e+01 2.739898e-04 2.449872e-04 2.741582e-04 3.028240e-04
5.493578e+01 2.709873e-04 2.429815e-04 2.684444e-04 3.015362e-04
5.498778e+01 2.676513e-04 2.406324e-04 2.625208e-04 2.998007e-04
5.503978e+01 2.639203e-04 2.376960e-04 2.564985e-04 2.975663e-04
5.509178e+01 2.598267e-04 2.340822e-04 2.505371e-04 2.948608e-04
5.514378e+01 2.554700e-04 2.298570e-04 2.448040e-04 2.917492e-04
5.519578e+01 2.509692e-04 2.251948e-04 2.394254e-04 2.882873e-04
5.524778e+01 2.464118e-04 2.203035e-04 2.344452e-04 2.844866e-04
5.529978e+01 2.418186e-04 2.153485e-04 2.298070e-04 2.803002e-04
5.535178e+01 2.371335e-04 2.104031e-04 2.253643e-04 2.756330e-04
5.540378e+01 2.322433e-04 2.054428e-04 2.209149e-04 2.703721e-04
5.545578e+01 2.270172e-04 2.003798e-04 2.162473e-04 2.644245e-04
5.550778e+01 2.213529e-04 1.951214e-04 2.111879e-04 2.577494e-04
5.555978e+01 2.152110e-04 1.896264e-04 2.056353e-04 2.503712e-04
5.561178e+01 2.086280e-04 1.839328e-04 1.995792e-04 2.423721e-04
5.566378e+01 2.017045e-04 1.781463e-04 1.930997e-04 2.338677e-04
5.571578e+01 1.945748e-04 1.723945e-04 1.863485e-04 2.249813e-04
5.576778e+01 1.873716e-04 1.667705e-04 1.795145e-04 2.158297e-04
5.581978e+01 1.801990e-04 1.612917e-04 1.727775e-04 2.065279e-04
5.587178e+01 1.731218e-04 1.558954e-04 1.662617e-04 1.972082e-04
5.592378e+01 1.661706e-04 1.504707e-04 1.600028e-04 1.880385e-04
5.597578e+01 1.593567e-04 1.449109e-04 1.539395e-04 1.792197e-04
5.602778e+01 1.526842e-04 1.391621e-04 1.479372e-04 1.709532e-04
5.607978e+01 1.461554e-04 1.332457e-04 1.418370e-04 1.633834e-04
5.613178e+01 1.397684e-04 1.272489e-04 1.355136e-04 1.565426e-04
5.618378e+01 1.335139e-04 1.212926e-04 1.289225e-04 1.503267e-04
5.623578e+01 1.273770e-04 1.154916e-04 1.221193e-04 1.445201e-04
5.628778e+01 1.213452e-04 1.099245e-04 1.152467e-04 1.388645e-04
5.633978e+01 1.154185e-04 1.046200e-04 1.084946e-04 1.331410e-04
5.639178e+01 1.096131e-04 9.955987e-05 1.020483e-04 1.272312e-04
5.644378e+01 1.039549e-04 9.469071e-05 9.604277e-05 1.211312e-04
5.649578e+01 9.846315e-05 8.993862e-05 9.053379e-05 1.149170e-04
5.654778e+01 9.312999e-05 8.522003e-05 8.549009e-05 1.086799e-04
5.659978e+01 8.790299e-05 8.044682e-05 8.080141e-05 1.024608e-04
5.665178e+01 8.267731e-05 7.552649e-05 7.629502e-05 9.621043e-05
5.670378e+01 7.730222e-05 7.036233e-05 7.175658e-05 8.978773e-05
5.675578e+01 7.160476e-05 6.485994e-05 6.695717e-05 8.299716e-05
5.680778e+01 6.543005e-05 5.894535e-05 6.169061e-05 7.565419e-05
5.685978e+01 5.869131e-05 5.259395e-05 5.582085e-05 6.765912e-05
5.691178e+01 5.141540e-05 4.586110e-05 4.932911e-05 5.905598e-05
5.696378e+01 4.376602e-05 3.889991e-05 4.234255e-05 5.005560e-05
5.701578e+01 3.603072e-05 3.195329e-05 3.512776e-05 4.101110e-05
5.706778e+01 2.857046e-05 2.531683e-05 2.804374e-05 3.235079e-05
5.711978e+01 2.174574e-05 1.928204e-05 2.146652e-05 2.448865e-05
5.717178e+01 1.584307e-05 1.407836e-05 1.570974e-05 1.774111e-05
5.722378e+01 1.102503e-05 9.833106e-06 1.096695e-05 1.227505e-05
5.727578e+01 7.316446e-06 6.560003e-06 7.290983e-06 8.098352e-06
5.732778e+01 4.624913e-06 4.175840e-06 4.610496e-06 5.088403e-06
5.737978e+01 2.782605e-06 2.534751e-06 2.770818e-06 3.042245e-06
5.743178e+01 1.592663e-06 1.466664e-06 1.581701e-06 1.729624e-06
5.748378e+01 8.669257e-07 8.088411e-07 8.573077e-07 9.346282e-07
5.753578e+01 4.486748e-07 4.251067e-07 4.410967e-07 4.798210e-07
5.758778e+01 2.207464e-07 2.129062e-07 2.153891e-07 2.339440e-07
5.763978e+01 1.032225e-07 1.015867e-07 9.979482e-08 1.082859e-07
5.769178e+01 4.586102e-08 4.615995e-08 4.385930e-08 4.756381e-08
5.774378e+01 1.935177e-08 1.996176e-08 1.827756e-08 1.981600e-08
5.779578e+01 7.751120e-09 8.208465e-09 7.218748e-09 7.826147e-09
5.784778e+01 2.944913e-09 3.206169e-09 2.700375e-09 2.928196e-09
5.789978e+01 1.060444e-09 1.188055e-09 9.560735e-10 1.037204e-09
5.795178e+01 3.615797e-10 4.170813e-10 3.201074e-10 3.475503e-10
5.800378e+01 1.166080e-10 1.385177e-10 1.012475e-10 1.100589e-10
5.805578e+01 3.551445e-11 4.343915e-11 3.021214e-11 3.289205e-11
5.810778e+01 1.019074e-11 1.284083e-11 8.474497e-12 9.256887e-12
5.815978e+01 2.729479e-12 3.555211e-12 2.211525e-12 2.421700e-12
5.821178e+01 6.818780e-13 9.209198e-13 5.357256e-13 5.889886e-13
5.826378e+01 1.556336e-13 2.172400e-13 1.170499e-13 1.326107e-13
5.831578e+01 3.118711e-14 4.702294e-14 2.363849e-14 2.289989e-14
5.836778e+01 4.987504e-15 9.833831e-15 2.894898e-15 2.233784e-15
5.841978e+01 0.000000e+00 0.000000e+00 0.000000e+00 0.000000e+00
5.847178e+01 0.000000e+00 0.000000e+00 0.000000e+00 0.000000e+00
5.852378e+01 0.000000e+00 0.000000e+00 0.000000e+00 0.000000e+00
5.857578e+01 0.000000e+00 0.000000e+00 0.000000e+00 0.000000e+00
5.862778e+01 0.000000e+00 0.000000e+00 0.000000e+00 0.000000e+00
5.867978e+01 0.000000e+00 0.000000e+00 0.000000e+00 0.000000e+00
5.873178e+01 0.000000e+00 0.000000e+00 0.000000e+00 0.000000e+00
5.878378e+01 0.000000e+00 0.000000e+00 0.000000e+00 0.000000e+00
5.883578e+01 0.000000e+00 0.000000e+00 0.000000e+00 0.000000e+00
