6.081541e+00 0.000000e+00 0.000000e+00 0.000000e+00 0.000000e+00
6.133541e+00 0.000000e+00 0.000000e+00 0.000000e+00 0.000000e+00
6.185541e+00 0.000000e+00 0.000000e+00 0.000000e+00 0.000000e+00
6.237541e+00 0.000000e+00 0.000000e+00 0.000000e+00 0.000000e+00
6.289541e+00 0.000000e+00 0.000000e+00 0.000000e+00 0.000000e+00
6.341541e+00 0.000000e+00 0.000000e+00 0.000000e+00 0.000000e+00
6.393541e+00 0.000000e+00 0.000000e+00 0.000000e+00 0.000000e+00
6.445541e+00 0.000000e+00 0.000000e+00 0.000000e+00 0.000000e+00
6.497541e+00 0.000000e+00 0.000000e+00 0.000000e+00 0.000000e+00
6.549541e+00 0.000000e+00 0.000000e+00 0.000000e+00 0.000000e+00
6.601541e+00 0.000000e+00 0.000000e+00 0.000000e+00 0.000000e+00
6.653541e+00 0.000000e+00 0.000000e+00 0.000000e+00 0.000000e+00
6.705541e+00 0.000000e+00 0.000000e+00 0.000000e+00 0.000000e+00
6.757541e+00 0.000000e+00 0.000000e+00 0.000000e+00 0.000000e+00
6.809541e+00 0.000000e+00 0.000000e+00 0.000000e+00 0.000000e+00
6.861541e+00 0.000000e+00 0.000000e+00 0.000000e+00 0.000000e+00
6.913541e+00 0.000000e+00 0.000000e+00 0.000000e+00 0.000000e+00
6.965541e+00 0.000000e+00 0.000000e+00 0.000000e+00 0.000000e+00
7.017541e+00 0.000000e+00 0.000000e+00 0.000000e+00 0.000000e+00
7.069541e+00 0.000000e+00 0.000000e+00 0.000000e+00 0.000000e+00
7.121541e+00 0.000000e+00 0.000000e+00 0.000000e+00 0.000000e+00
7.173541e+00 0.000000e+00 0.000000e+00 0.000000e+00 0.000000e+00
7.225541e+00 0.000000e+00 0.000000e+00 0.000000e+00 0.000000e+00
7.277541e+00 0.000000e+00 0.000000e+00 0.000000e+00 0.000000e+00
7.329541e+00 0.000000e+00 0.000000e+00 0.000000e+00 0.000000e+00
7.381541e+00 0.000000e+00 0.000000e+00 0.000000e+00 0.000000e+00
7.433541e+00 0.000000e+00 0.000000e+00 0.000000e+00 0.000000e+00
7.485541e+00 0.000000e+00 0.000000e+00 0.000000e+00 0.000000e+00
7.537541e+00 0.000000e+00 0.000000e+00 0.000000e+00 0.000000e+00
7.589541e+00 0.000000e+00 0.000000e+00 0.000000e+00 0.000000e+00
7.641541e+00 0.000000e+00 0.000000e+00 0.000000e+00 0.000000e+00
7.693541e+00 0.000000e+00 0.000000e+00 0.000000e+00 0.000000e+00
7.745541e+00 0.000000e+00 0.000000e+00 0.000000e+00 0.000000e+00
7.797541e+00 0.000000e+00 0.000000e+00 0.000000e+00 0.000000e+00
7.849541e+00 0.000000e+00 0.000000e+00 0.000000e+00 0.000000e+00
7.901541e+00 0.000000e+00 0.000000e+00 0.000000e+00 0.000000e+00
7.953541e+00 0.000000e+00 0.000000e+00 0.000000e+00 0.000000e+00
8.005541e+00 0.000000e+00 0.000000e+00 0.000000e+00 0.000000e+00
8.057541e+00 0.000000e+00 0.000000e+00 0.000000e+00 0.000000e+00
8.109541e+00 0.000000e+00 0.000000e+00 0.000000e+00 0.000000e+00
8.161541e+00 0.000000e+00 0.000000e+00 0.000000e+00 0.000000e+00
8.213541e+00 0.000000e+00 0.000000e+00 0.000000e+00 0.000000e+00
8.265541e+00 0.000000e+00 0.000000e+00 0.000000e+00 0.000000e+00
8.317541e+00 0.000000e+00 0.000000e+00 0.000000e+00 0.000000e+00
8.369541e+00 0.000000e+00 0.000000e+00 0.000000e+00 0.000000e+00
8.421541e+00 0.000000e+00 0.000000e+00 0.000000e+00 0.000000e+00
8.473541e+00 0.000000e+00 0.000000e+00 0.000000e+00 0.000000e+00
8.525541e+00 0.000000e+00 0.000000e+00 0.000000e+00 0.000000e+00
8.577541e+00 0.000000e+00 0.000000e+00 0.000000e+00 0.000000e+00
8.629541e+00 0.000000e+00 0.000000e+00 0.000000e+00 0.000000e+00
8.681541e+00 0.000000e+00 0.000000e+00 0.000000e+00 0.000000e+00
8.733541e+00 0.000000e+00 0.000000e+00 0.000000e+00 0.000000e+00
8.785541e+00 0.000000e+00 0.000000e+00 0.000000e+00 0.000000e+00
8.837541e+00 0.000000e+00 0.000000e+00 0.000000e+00 0.000000e+00
8.889541e+00 0.000000e+00 0.000000e+00 0.000000e+00 0.000000e+00
8.941541e+00 0.000000e+00 0.000000e+00 0.000000e+00 0.000000e+00
8.993541e+00 0.000000e+00 0.000000e+00 0.000000e+00 0.000000e+00
9.045541e+00 0.000000e+00 0.000000e+00 0.000000e+00 0.000000e+00
9.097541e+00 0.000000e+00 0.000000e+00 0.000000e+00 0.000000e+00
9.149541e+00 0.000000e+00 0.000000e+00 0.000000e+00 0.000000e+00
9.201541e+00 0.000000e+00 0.000000e+00 0.000000e+00 0.000000e+00
9.253541e+00 0.000000e+00 0.000000e+00 0.000000e+00 0.000000e+00
9.305541e+00 0.000000e+00 0.000000e+00 0.000000e+00 0.000000e+00
9.357541e+00 0.000000e+00 0.000000e+00 0.000000e+00 0.000000e+00
9.409541e+00 0.000000e+00 0.000000e+00 0.000000e+00 0.000000e+00
9.461541e+00 0.000000e+00 0.000000e+00 0.000000e+00 0.000000e+00
9.513541e+00 0.000000e+00 0.000000e+00 0.000000e+00 0.000000e+00
9.565541e+00 0.000000e+00 0.000000e+00 0.000000e+00 0.000000e+00
9.617541e+00 0.000000e+00 0.000000e+00 0.000000e+00 0.000000e+00
9.669541e+00 0.000000e+00 0.000000e+00 0.000000e+00 0.000000e+00
9.721541e+00 0.000000e+00 0.000000e+00 0.000000e+00 0.000000e+00
9.773541e+00 0.000000e+00 0.000000e+00 0.000000e+00 0.000000e+00
9.825541e+00 0.000000e+00 0.000000e+00 0.000000e+00 0.000000e+00
9.877541e+00 0.000000e+00 0.000000e+00 0.000000e+00 0.000000e+00
9.929541e+00 7.678631e-15 7.410188e-16 1.470932e-14 7.585558e-15
9.981541e+00 8.231049e-14 1.978889e-14 1.470086e-13 8.013394e-14
1.003354e+01 3.704993e-13 9.116821e-14 6.597929e-13 3.605367e-13
1.008554e+01 2.029228e-12 6.046641e-13 3.521674e-12 1.961346e-12
1.013754e+01 8.658436e-12 2.706854e-12 1.492456e-11 8.343894e-12
1.018954e+01 3.385933e-11 1.092351e-11 5.814353e-11 3.251095e-11
1.024154e+01 1.237616e-10 4.103642e-11 2.117114e-10 1.185369e-10
1.029354e+01 4.236372e-10 1.438368e-10 7.222448e-10 4.048301e-10
1.034554e+01 1.364964e-09 4.737721e-10 2.319878e-09 1.301241e-09
1.039754e+01 4.142073e-09 1.466863e-09 7.020831e-09 3.938524e-09
1.044954e+01 1.185205e-08 4.272893e-09 2.004547e-08 1.123780e-08
1.050154e+01 3.201352e-08 1.172689e-08 5.405163e-08 3.026202e-08
1.055354e+01 8.179777e-08 3.049482e-08 1.377833e-07 7.711517e-08
1.060554e+01 1.976134e-07 7.470724e-08 3.324012e-07 1.857318e-07
1.065754e+01 4.524546e-07 1.734558e-07 7.599064e-07 4.240014e-07
1.070954e+01 9.834397e-07 3.831572e-07 1.647739e-06 9.194229e-07
1.076154e+01 2.034170e-06 8.098974e-07 3.393312e-06 1.899299e-06
1.081354e+01 4.016106e-06 1.651228e-06 6.645166e-06 3.751924e-06
1.086554e+01 7.598408e-06 3.280805e-06 1.239123e-05 7.123187e-06
1.091754e+01 1.384780e-05 6.426848e-06 2.203595e-05 1.308059e-05
1.096954e+01 2.446717e-05 1.254143e-05 3.745064e-05 2.340943e-05
1.102154e+01 4.222535e-05 2.451405e-05 6.101092e-05 4.115107e-05
1.107354e+01 7.171510e-05 4.791113e-05 9.571052e-05 7.152366e-05
1.112554e+01 1.205752e-04 9.284196e-05 1.455618e-04 1.233219e-04
1.117754e+01 2.011834e-04 1.762551e-04 2.166105e-04 2.106845e-04
1.122954e+01 3.324880e-04 3.239002e-04 3.188727e-04 3.546912e-04
1.128154e+01 5.411043e-04 5.704800e-04 4.691548e-04 5.836780e-04
1.133354e+01 8.602544e-04 9.560839e-04 6.939143e-04 9.307651e-04
1.138554e+01 1.325014e-03 1.517486e-03 1.030194e-03 1.427364e-03
1.143754e+01 1.963123e-03 2.274746e-03 1.521839e-03 2.092785e-03
1.148954e+01 2.782484e-03 3.216497e-03 2.208635e-03 2.922321e-03
1.154154e+01 3.758891e-03 4.289861e-03 3.108511e-03 3.878302e-03
1.159354e+01 4.829162e-03 5.401231e-03 4.197205e-03 4.889051e-03
1.164554e+01 5.894398e-03 6.430810e-03 5.393959e-03 5.858425e-03
1.169754e+01 6.834972e-03 7.257837e-03 6.562858e-03 6.684221e-03
1.174954e+01 7.534247e-03 7.787960e-03 7.535234e-03 7.279548e-03
1.180154e+01 7.904060e-03 7.972712e-03 8.149677e-03 7.589789e-03
1.185354e+01 7.903967e-03 7.814847e-03 8.296912e-03 7.600141e-03
1.190554e+01 7.548575e-03 7.360116e-03 7.952418e-03 7.333191e-03
1.195754e+01 6.901699e-03 6.681626e-03 7.183634e-03 6.839836e-03
1.200954e+01 6.060359e-03 5.864042e-03 6.129215e-03 6.187820e-03
1.206154e+01 5.134007e-03 4.991802e-03 4.959470e-03 5.450750e-03
1.211354e+01 4.224486e-03 4.141316e-03 3.833635e-03 4.698508e-03
1.216554e+01 3.410855e-03 3.374972e-03 2.868331e-03 3.989261e-03
1.221754e+01 2.741247e-03 2.735646e-03 2.124375e-03 3.363721e-03
1.226954e+01 2.232062e-03 2.242623e-03 1.610788e-03 2.842777e-03
1.232154e+01 1.873219e-03 1.891109e-03 1.299439e-03 2.429110e-03
1.237354e+01 1.637172e-03 1.656724e-03 1.142743e-03 2.112050e-03
1.242554e+01 1.488980e-03 1.504193e-03 1.088914e-03 1.873834e-03
1.247754e+01 1.395055e-03 1.397491e-03 1.092373e-03 1.695300e-03
1.252954e+01 1.329045e-03 1.308178e-03 1.119168e-03 1.559789e-03
1.258154e+01 1.274368e-03 1.219690e-03 1.148380e-03 1.455036e-03
1.263354e+01 1.223826e-03 1.127275e-03 1.170706e-03 1.373498e-03
1.268554e+01 1.177354e-03 1.034930e-03 1.185370e-03 1.311761e-03
1.273754e+01 1.139194e-03 9.514810e-04 1.196466e-03 1.269633e-03
1.278954e+01 1.115618e-03 8.876879e-04 1.209791e-03 1.249377e-03
1.284154e+01 1.113832e-03 8.551982e-04 1.230921e-03 1.255376e-03
1.289354e+01 1.142035e-03 8.670657e-04 1.264799e-03 1.294239e-03
1.294554e+01 1.210039e-03 9.386857e-04 1.316444e-03 1.374986e-03
1.299754e+01 1.329488e-03 1.087734e-03 1.392033e-03 1.508696e-03
1.304954e+01 1.512831e-03 1.331982e-03 1.499584e-03 1.706925e-03
1.310154e+01 1.770666e-03 1.684628e-03 1.648831e-03 1.978540e-03
1.315354e+01 2.107870e-03 2.147921e-03 1.850323e-03 2.325367e-03
1.320554e+01 2.519693e-03 2.707063e-03 2.114077e-03 2.737938e-03
1.325754e+01 2.989495e-03 3.327183e-03 2.448000e-03 3.193301e-03
1.330954e+01 3.489545e-03 3.955928e-03 2.856010e-03 3.656697e-03
1.336154e+01 3.985314e-03 4.532567e-03 3.335625e-03 4.087750e-03
1.341354e+01 4.442224e-03 5.001749e-03 3.875092e-03 4.449829e-03
1.346554e+01 4.832591e-03 5.327473e-03 4.450877e-03 4.719421e-03
1.351754e+01 5.140207e-03 5.501846e-03 5.027036e-03 4.891740e-03
1.356954e+01 5.360931e-03 5.544816e-03 5.557984e-03 4.979993e-03
1.362154e+01 5.499406e-03 5.494743e-03 5.995080e-03 5.008393e-03
1.367354e+01 5.563725e-03 5.393686e-03 6.295689e-03 5.001800e-03
1.372554e+01 5.560588e-03 5.273457e-03 6.431920e-03 4.976386e-03
1.377754e+01 5.492985e-03 5.147808e-03 6.396034e-03 4.935113e-03
1.382954e+01 5.361039e-03 5.012933e-03 6.200779e-03 4.869406e-03
1.388154e+01 5.165061e-03 4.854644e-03 5.874984e-03 4.765554e-03
1.393354e+01 4.908996e-03 4.658080e-03 5.456442e-03 4.612464e-03
1.398554e+01 4.602493e-03 4.415571e-03 4.984609e-03 4.407298e-03
1.403754e+01 4.260696e-03 4.130053e-03 4.495047e-03 4.156986e-03
1.408954e+01 3.901993e-03 3.813893e-03 4.016303e-03 3.875785e-03
1.414154e+01 3.544814e-03 3.484873e-03 3.568911e-03 3.580658e-03
1.419354e+01 3.204760e-03 3.161614e-03 3.165828e-03 3.286838e-03
1.424554e+01 2.892981e-03 2.860122e-03 2.813603e-03 3.005218e-03
1.429754e+01 2.615957e-03 2.592002e-03 2.513838e-03 2.742030e-03
1.434954e+01 2.376232e-03 2.363959e-03 2.264615e-03 2.500123e-03
1.440154e+01 2.173416e-03 2.177936e-03 2.061650e-03 2.280662e-03
1.445354e+01 2.004894e-03 2.031413e-03 1.899035e-03 2.084235e-03
1.450554e+01 1.866153e-03 1.917851e-03 1.769591e-03 1.911017e-03
1.455754e+01 1.750955e-03 1.827535e-03 1.665113e-03 1.760217e-03
1.460954e+01 1.651755e-03 1.749009e-03 1.576805e-03 1.629451e-03
1.466154e+01 1.560579e-03 1.671053e-03 1.496123e-03 1.514560e-03
1.471354e+01 1.470289e-03 1.584794e-03 1.415934e-03 1.410141e-03
1.476554e+01 1.375878e-03 1.485356e-03 1.331645e-03 1.310634e-03
1.481754e+01 1.275330e-03 1.372545e-03 1.241869e-03 1.211577e-03
1.486954e+01 1.169748e-03 1.250343e-03 1.148301e-03 1.110600e-03
1.492154e+01 1.062705e-03 1.125403e-03 1.054850e-03 1.007861e-03
1.497354e+01 9.590861e-04 1.005093e-03 9.663094e-04 9.058564e-04
1.502554e+01 8.638326e-04 8.957213e-04 8.870664e-04 8.087099e-04
1.507754e+01 7.809635e-04 8.014790e-04 8.202082e-04 7.212033e-04
1.512954e+01 7.130831e-04 7.242584e-04 7.671990e-04 6.477918e-04
1.518154e+01 6.613415e-04 6.641799e-04 7.280281e-04 5.918165e-04
1.523354e+01 6.256736e-04 6.203991e-04 7.016076e-04 5.550141e-04
1.528554e+01 6.051030e-04 5.917649e-04 6.862078e-04 5.373365e-04
1.533754e+01 5.979769e-04 5.770779e-04 6.798206e-04 5.370322e-04
1.538954e+01 6.021130e-04 5.749737e-04 6.804368e-04 5.509285e-04
1.544154e+01 6.149286e-04 5.836573e-04 6.862580e-04 5.748704e-04
1.549354e+01 6.336371e-04 6.007757e-04 6.958483e-04 6.042874e-04
1.554554e+01 6.555471e-04 6.235967e-04 7.082063e-04 6.348384e-04
1.559754e+01 6.784128e-04 6.494586e-04 7.227391e-04 6.630407e-04
1.564954e+01 7.007192e-04 6.762782e-04 7.391394e-04 6.867399e-04
1.570154e+01 7.217688e-04 7.028427e-04 7.571902e-04 7.052735e-04
1.575354e+01 7.414952e-04 7.287059e-04 7.765321e-04 7.192476e-04
1.580554e+01 7.600389e-04 7.537119e-04 7.964337e-04 7.299713e-04
1.585754e+01 7.772474e-04 7.773782e-04 8.156323e-04 7.387319e-04
1.590954e+01 7.923327e-04 7.984852e-04 8.323298e-04 7.461832e-04
1.596154e+01 8.038894e-04 8.151463e-04 8.444255e-04 7.520963e-04
1.601354e+01 8.103246e-04 8.254016e-04 8.499879e-04 7.555843e-04
1.606554e+01 8.105409e-04 8.280849e-04 8.478458e-04 7.556920e-04
1.611754e+01 8.045474e-04 8.235195e-04 8.380652e-04 7.520576e-04
1.616954e+01 7.936699e-04 8.136378e-04 8.220767e-04 7.452950e-04
1.622154e+01 7.802063e-04 8.013963e-04 8.023402e-04 7.368825e-04
1.627354e+01 7.666585e-04 7.897250e-04 7.816497e-04 7.286007e-04
1.632554e+01 7.548983e-04 7.805134e-04 7.623646e-04 7.218169e-04
1.637754e+01 7.456750e-04 7.741270e-04 7.458953e-04 7.170027e-04
1.642954e+01 7.386905e-04 7.696766e-04 7.326472e-04 7.137476e-04
1.648154e+01 7.331774e-04 7.658772e-04 7.223974e-04 7.112575e-04
1.653354e+01 7.286547e-04 7.620410e-04 7.148668e-04 7.090563e-04
1.658554e+01 7.254632e-04 7.587068e-04 7.101778e-04 7.075050e-04
1.663754e+01 7.248100e-04 7.576083e-04 7.089692e-04 7.078527e-04
1.668954e+01 7.283086e-04 7.610091e-04 7.121334e-04 7.117834e-04
1.674154e+01 7.372322e-04 7.707112e-04 7.203174e-04 7.206681e-04
1.679354e+01 7.518091e-04 7.871548e-04 7.334182e-04 7.348543e-04
1.684554e+01 7.708484e-04 8.089652e-04 7.502843e-04 7.532956e-04
1.689754e+01 7.918569e-04 8.331281e-04 7.687632e-04 7.736793e-04
1.694954e+01 8.116547e-04 8.557720e-04 7.861471e-04 7.930451e-04
1.700154e+01 8.273589e-04 8.733552e-04 7.999829e-04 8.087386e-04
1.705354e+01 8.374940e-04 8.839331e-04 8.090999e-04 8.194489e-04
1.710554e+01 8.429272e-04 8.881432e-04 8.145941e-04 8.260443e-04
1.715754e+01 8.473477e-04 8.896199e-04 8.204472e-04 8.319759e-04
1.720954e+01 8.571249e-04 8.947233e-04 8.335142e-04 8.431374e-04
1.726154e+01 8.805504e-04 9.116501e-04 8.627867e-04 8.672146e-04
1.731354e+01 9.265957e-04 9.491135e-04 9.180404e-04 9.126332e-04
1.736554e+01 1.003375e-03 1.014800e-03 1.008111e-03 9.872135e-04
1.741754e+01 1.116500e-03 1.113792e-03 1.139094e-03 1.096614e-03
1.746954e+01 1.267544e-03 1.247190e-03 1.312746e-03 1.242695e-03
1.752154e+01 1.452886e-03 1.411212e-03 1.525362e-03 1.422084e-03
1.757354e+01 1.663290e-03 1.597116e-03 1.767343e-03 1.625409e-03
1.762554e+01 1.884485e-03 1.792136e-03 2.023618e-03 1.837702e-03
1.767754e+01 2.098849e-03 1.981346e-03 2.274940e-03 2.040261e-03
1.772954e+01 2.287961e-03 2.150075e-03 2.499977e-03 2.213830e-03
1.778154e+01 2.435574e-03 2.286280e-03 2.678007e-03 2.342436e-03
1.783354e+01 2.530386e-03 2.382344e-03 2.791976e-03 2.416839e-03
1.788554e+01 2.568001e-03 2.435960e-03 2.831488e-03 2.436555e-03
1.793754e+01 2.551629e-03 2.450024e-03 2.795113e-03 2.409749e-03
1.798954e+01 2.491317e-03 2.431673e-03 2.691301e-03 2.350978e-03
1.804154e+01 2.401853e-03 2.390731e-03 2.537371e-03 2.277457e-03
1.809354e+01 2.299819e-03 2.337897e-03 2.356556e-03 2.205004e-03
1.814554e+01 2.200539e-03 2.283023e-03 2.173724e-03 2.144870e-03
1.819754e+01 2.115646e-03 2.233787e-03 2.010862e-03 2.102288e-03
1.824954e+01 2.051764e-03 2.194944e-03 1.883458e-03 2.076890e-03
1.830154e+01 2.010421e-03 2.168189e-03 1.798567e-03 2.064507e-03
1.835354e+01 1.988908e-03 2.152465e-03 1.754792e-03 2.059468e-03
1.840554e+01 1.981648e-03 2.144538e-03 1.743913e-03 2.056492e-03
1.845754e+01 1.981622e-03 2.139677e-03 1.753550e-03 2.051638e-03
1.850954e+01 1.981631e-03 2.132398e-03 1.770196e-03 2.042300e-03
1.856154e+01 1.975323e-03 2.117323e-03 1.781988e-03 2.026659e-03
1.861354e+01 1.958015e-03 2.090124e-03 1.780732e-03 2.003190e-03
1.866554e+01 1.927298e-03 2.048396e-03 1.762883e-03 1.970614e-03
1.871754e+01 1.883277e-03 1.992173e-03 1.729361e-03 1.928296e-03
1.876954e+01 1.828282e-03 1.923780e-03 1.684339e-03 1.876727e-03
1.882154e+01 1.765989e-03 1.846974e-03 1.633344e-03 1.817648e-03
1.887354e+01 1.700165e-03 1.765669e-03 1.581248e-03 1.753579e-03
1.892554e+01 1.633503e-03 1.682798e-03 1.530759e-03 1.686952e-03
1.897754e+01 1.567001e-03 1.599830e-03 1.481892e-03 1.619282e-03
1.902954e+01 1.500164e-03 1.517115e-03 1.432532e-03 1.550844e-03
1.908154e+01 1.431845e-03 1.434773e-03 1.379778e-03 1.480986e-03
1.913354e+01 1.361282e-03 1.353525e-03 1.321448e-03 1.408874e-03
1.918554e+01 1.288803e-03 1.275024e-03 1.257132e-03 1.334254e-03
1.923754e+01 1.215962e-03 1.201564e-03 1.188437e-03 1.257886e-03
1.928954e+01 1.145181e-03 1.135499e-03 1.118496e-03 1.181546e-03
1.934154e+01 1.079217e-03 1.078780e-03 1.051125e-03 1.107746e-03
1.939354e+01 1.020766e-03 1.032866e-03 9.900486e-04 1.039382e-03
1.944554e+01 9.722786e-04 9.989059e-04 9.384513e-04 9.794785e-04
1.949754e+01 9.359141e-04 9.779107e-04 8.988413e-04 9.309904e-04
1.954954e+01 9.134235e-04 9.706572e-04 8.730218e-04 8.965914e-04
1.960154e+01 9.058884e-04 9.773206e-04 8.619823e-04 8.783622e-04
1.965354e+01 9.133824e-04 9.970627e-04 8.656651e-04 8.774196e-04
1.970554e+01 9.347482e-04 1.027875e-03 8.827480e-04 8.936214e-04
1.975754e+01 9.676743e-04 1.066857e-03 9.106666e-04 9.254995e-04
1.980954e+01 1.009143e-03 1.110894e-03 9.460298e-04 9.705048e-04
1.986154e+01 1.056166e-03 1.157542e-03 9.854117e-04 1.025543e-03
1.991354e+01 1.106619e-03 1.205836e-03 1.026331e-03 1.087691e-03
1.996554e+01 1.159944e-03 1.256775e-03 1.068132e-03 1.154924e-03
2.001754e+01 1.217462e-03 1.313263e-03 1.112481e-03 1.226643e-03
2.006954e+01 1.282122e-03 1.379360e-03 1.163252e-03 1.303754e-03
2.012154e+01 1.357541e-03 1.458814e-03 1.225693e-03 1.388115e-03
2.017354e+01 1.446438e-03 1.553106e-03 1.304907e-03 1.481302e-03
2.022554e+01 1.548828e-03 1.659566e-03 1.403936e-03 1.582982e-03
2.027754e+01 1.660596e-03 1.770378e-03 1.521915e-03 1.689494e-03
2.032954e+01 1.773182e-03 1.873203e-03 1.652961e-03 1.793383e-03
2.038154e+01 1.874814e-03 1.953687e-03 1.786355e-03 1.884400e-03
2.043354e+01 1.953151e-03 1.999260e-03 1.908262e-03 1.951932e-03
2.048554e+01 1.998578e-03 2.002946e-03 2.004700e-03 1.988088e-03
2.053754e+01 2.006947e-03 1.965633e-03 2.064934e-03 1.990273e-03
2.058954e+01 1.980732e-03 1.895817e-03 2.084223e-03 1.962156e-03
2.064154e+01 1.928178e-03 1.806920e-03 2.064995e-03 1.912618e-03
2.069354e+01 1.860827e-03 1.713314e-03 2.016059e-03 1.853107e-03
2.074554e+01 1.790459e-03 1.626714e-03 1.950152e-03 1.794511e-03
2.079754e+01 1.726526e-03 1.554204e-03 1.880682e-03 1.744691e-03
2.084954e+01 1.674789e-03 1.498271e-03 1.818699e-03 1.707398e-03
2.090154e+01 1.637259e-03 1.458271e-03 1.770926e-03 1.682580e-03
2.095354e+01 1.613024e-03 1.432262e-03 1.739225e-03 1.667585e-03
2.100554e+01 1.599412e-03 1.418268e-03 1.721405e-03 1.658563e-03
2.105754e+01 1.593038e-03 1.414618e-03 1.712887e-03 1.651607e-03
2.110954e+01 1.590515e-03 1.419524e-03 1.708606e-03 1.643414e-03
2.116154e+01 1.588828e-03 1.430448e-03 1.704493e-03 1.631544e-03
2.121354e+01 1.585436e-03 1.443756e-03 1.698142e-03 1.614410e-03
2.126554e+01 1.578202e-03 1.454909e-03 1.688558e-03 1.591138e-03
2.131754e+01 1.565265e-03 1.459133e-03 1.675298e-03 1.561364e-03
2.136954e+01 1.544965e-03 1.452310e-03 1.657540e-03 1.525044e-03
2.142154e+01 1.515905e-03 1.431764e-03 1.633645e-03 1.482307e-03
2.147354e+01 1.477195e-03 1.396728e-03 1.601433e-03 1.433424e-03
2.152554e+01 1.428771e-03 1.348402e-03 1.559039e-03 1.378871e-03
2.157754e+01 1.371657e-03 1.289637e-03 1.505859e-03 1.319477e-03
2.162954e+01 1.307987e-03 1.224353e-03 1.443075e-03 1.256533e-03
2.168154e+01 1.240711e-03 1.156824e-03 1.373490e-03 1.191817e-03
2.173354e+01 1.173064e-03 1.090964e-03 1.300777e-03 1.127452e-03
2.178554e+01 1.107963e-03 1.029745e-03 1.228502e-03 1.065640e-03
2.183754e+01 1.047548e-03 9.748914e-04 1.159383e-03 1.008369e-03
2.188954e+01 9.930383e-04 9.269249e-04 1.095009e-03 9.571810e-04
2.194154e+01 9.449124e-04 8.855482e-04 1.036077e-03 9.131121e-04
2.199354e+01 9.033052e-04 8.502369e-04 9.829099e-04 8.767687e-04
2.204554e+01 8.684297e-04 8.208030e-04 9.360071e-04 8.484789e-04
2.209754e+01 8.408232e-04 7.976902e-04 8.963797e-04 8.283999e-04
2.214954e+01 8.213120e-04 7.818622e-04 8.655569e-04 8.165168e-04
2.220154e+01 8.107091e-04 7.743219e-04 8.452718e-04 8.125337e-04
2.225354e+01 8.093713e-04 7.754589e-04 8.369357e-04 8.157193e-04
2.230554e+01 8.167793e-04 7.844929e-04 8.410658e-04 8.247791e-04
2.235754e+01 8.312856e-04 7.992267e-04 8.568319e-04 8.377982e-04
2.240954e+01 8.501001e-04 8.161880e-04 8.818423e-04 8.522701e-04
2.246154e+01 8.695217e-04 8.311075e-04 9.122301e-04 8.652276e-04
2.251354e+01 8.853844e-04 8.396100e-04 9.430360e-04 8.735073e-04
2.256554e+01 8.936757e-04 8.379909e-04 9.688510e-04 8.741852e-04
2.261754e+01 8.912578e-04 8.239592e-04 9.846492e-04 8.651650e-04
2.266954e+01 8.765763e-04 7.972213e-04 9.867043e-04 8.458031e-04
2.272154e+01 8.501736e-04 7.597493e-04 9.734146e-04 8.173569e-04
2.277354e+01 8.148086e-04 7.155908e-04 9.458118e-04 7.830233e-04
2.282554e+01 7.750482e-04 6.701701e-04 9.075387e-04 7.474357e-04
2.287754e+01 7.363594e-04 6.292009e-04 8.641978e-04 7.156794e-04
2.292954e+01 7.039184e-04 5.974926e-04 8.221707e-04 6.920918e-04
2.298154e+01 6.814762e-04 5.779995e-04 7.872091e-04 6.792200e-04
2.303354e+01 6.706164e-04 5.713825e-04 7.631969e-04 6.772698e-04
2.308554e+01 6.706056e-04 5.761702e-04 7.514395e-04 6.842071e-04
2.313754e+01 6.788390e-04 5.894057e-04 7.506659e-04 6.964454e-04
2.318954e+01 6.917027e-04 6.075307e-04 7.577058e-04 7.098716e-04
2.324154e+01 7.055691e-04 6.272294e-04 7.685985e-04 7.208793e-04
2.329354e+01 7.176326e-04 6.460153e-04 7.797652e-04 7.271174e-04
2.334554e+01 7.263632e-04 6.624481e-04 7.888631e-04 7.277784e-04
2.339754e+01 7.314805e-04 6.759872e-04 7.950498e-04 7.234045e-04
2.344954e+01 7.335090e-04 6.865912e-04 7.986076e-04 7.153281e-04
2.350154e+01 7.331121e-04 6.942413e-04 8.001294e-04 7.049657e-04
2.355354e+01 7.304902e-04 6.985884e-04 7.996633e-04 6.932190e-04
2.360554e+01 7.251026e-04 6.988750e-04 7.962364e-04 6.801963e-04
2.365754e+01 7.158463e-04 6.941789e-04 7.880120e-04 6.653479e-04
2.370954e+01 7.016224e-04 6.838856e-04 7.730323e-04 6.479494e-04
2.376154e+01 6.820423e-04 6.681927e-04 7.502107e-04 6.277235e-04
2.381354e+01 6.579513e-04 6.484145e-04 7.201086e-04 6.053308e-04
2.386554e+01 6.315273e-04 6.269325e-04 6.851315e-04 5.825178e-04
2.391754e+01 6.058971e-04 6.067813e-04 6.490546e-04 5.618555e-04
2.396954e+01 5.844258e-04 5.910150e-04 6.160924e-04 5.461700e-04
2.402154e+01 5.699572e-04 5.820866e-04 5.899027e-04 5.378823e-04
2.407354e+01 5.642802e-04 5.814553e-04 5.728948e-04 5.384905e-04
2.412554e+01 5.679627e-04 5.895249e-04 5.660179e-04 5.483454e-04
2.417754e+01 5.805336e-04 6.058730e-04 5.689800e-04 5.667479e-04
2.422954e+01 6.008603e-04 6.296176e-04 5.806887e-04 5.922747e-04
2.428154e+01 6.275340e-04 6.597420e-04 5.996848e-04 6.231752e-04
2.433354e+01 6.591198e-04 6.952444e-04 6.244282e-04 6.576867e-04
2.438554e+01 6.942167e-04 7.350742e-04 6.534077e-04 6.941682e-04
2.443754e+01 7.313609e-04 7.779075e-04 6.851320e-04 7.310432e-04
2.448954e+01 7.688593e-04 8.218809e-04 7.180717e-04 7.666252e-04
2.454154e+01 8.046665e-04 8.644325e-04 7.506030e-04 7.989639e-04
2.459354e+01 8.364051e-04 9.023837e-04 7.809767e-04 8.258548e-04
2.464554e+01 8.615903e-04 9.323306e-04 8.073392e-04 8.451010e-04
2.469754e+01 8.780476e-04 9.513067e-04 8.278417e-04 8.549945e-04
2.474954e+01 8.844262e-04 9.575506e-04 8.408645e-04 8.548635e-04
2.480154e+01 8.806410e-04 9.511281e-04 8.453380e-04 8.454569e-04
2.485354e+01 8.680714e-04 9.341737e-04 8.410666e-04 8.289739e-04
2.490554e+01 8.494143e-04 9.106351e-04 8.289192e-04 8.086887e-04
2.495754e+01 8.282310e-04 8.856036e-04 8.107864e-04 7.883031e-04
2.500954e+01 8.083591e-04 8.644683e-04 7.893123e-04 7.712967e-04
2.506154e+01 7.934192e-04 8.521781e-04 7.675372e-04 7.605424e-04
2.511354e+01 7.865807e-04 8.527849e-04 7.486354e-04 7.583218e-04
2.516554e+01 7.905860e-04 8.692466e-04 7.358558e-04 7.666557e-04
2.521754e+01 8.078660e-04 9.033050e-04 7.326087e-04 7.876842e-04
2.526954e+01 8.405005e-04 9.552302e-04 7.425019e-04 8.237692e-04
2.532154e+01 8.898613e-04 1.023374e-03 7.691077e-04 8.771019e-04
2.537354e+01 9.559679e-04 1.103708e-03 8.153646e-04 9.488306e-04
2.542554e+01 1.036794e-03 1.189688e-03 8.827141e-04 1.037979e-03
2.547754e+01 1.127859e-03 1.272762e-03 9.702260e-04 1.140590e-03
2.552954e+01 1.222378e-03 1.343616e-03 1.074010e-03 1.249508e-03
2.558154e+01 1.312023e-03 1.393897e-03 1.187143e-03 1.355030e-03
2.563354e+01 1.388161e-03 1.417923e-03 1.300207e-03 1.446354e-03
2.568554e+01 1.443253e-03 1.413830e-03 1.402424e-03 1.513505e-03
2.573754e+01 1.472099e-03 1.383813e-03 1.483249e-03 1.549234e-03
2.578954e+01 1.472669e-03 1.333412e-03 1.534157e-03 1.550438e-03
2.584154e+01 1.446372e-03 1.270116e-03 1.550277e-03 1.518725e-03
2.589354e+01 1.397730e-03 1.201732e-03 1.531442e-03 1.460017e-03
2.594554e+01 1.333524e-03 1.134959e-03 1.482315e-03 1.383298e-03
2.599754e+01 1.261591e-03 1.074473e-03 1.411470e-03 1.298831e-03
2.604954e+01 1.189514e-03 1.022624e-03 1.329634e-03 1.216285e-03
2.610154e+01 1.123478e-03 9.796894e-04 1.247547e-03 1.143197e-03
2.615354e+01 1.067514e-03 9.444797e-04 1.174009e-03 1.084053e-03
2.620554e+01 1.023258e-03 9.150905e-04 1.114578e-03 1.040107e-03
2.625754e+01 9.901992e-04 8.896107e-04 1.071165e-03 1.009822e-03
2.630954e+01 9.662873e-04 8.666425e-04 1.042467e-03 9.897520e-04
2.636154e+01 9.487220e-04 8.455583e-04 1.025008e-03 9.756000e-04
2.641354e+01 9.347237e-04 8.264882e-04 1.014405e-03 9.632773e-04
2.646554e+01 9.221517e-04 8.101032e-04 1.006562e-03 9.497903e-04
2.651754e+01 9.098899e-04 7.973078e-04 9.985100e-04 9.338518e-04
2.656954e+01 8.979711e-04 7.889621e-04 9.888400e-04 9.161111e-04
2.662154e+01 8.874464e-04 7.857090e-04 9.776998e-04 8.989304e-04
2.667354e+01 8.800289e-04 7.879092e-04 9.664621e-04 8.857152e-04
2.672554e+01 8.775714e-04 7.956301e-04 9.571537e-04 8.799303e-04
2.677754e+01 8.814830e-04 8.086204e-04 9.517677e-04 8.840608e-04
2.682954e+01 8.922226e-04 8.262403e-04 9.515952e-04 8.988322e-04
2.688154e+01 9.090139e-04 8.473814e-04 9.567316e-04 9.229289e-04
2.693354e+01 9.298781e-04 8.704533e-04 9.659035e-04 9.532774e-04
2.698554e+01 9.519912e-04 8.935185e-04 9.766951e-04 9.857601e-04
2.703754e+01 9.722787e-04 9.145989e-04 9.861399e-04 1.016097e-03
2.708954e+01 9.880868e-04 9.321038e-04 9.915186e-04 1.040638e-03
2.714154e+01 9.977588e-04 9.452587e-04 9.911224e-04 1.056895e-03
2.719354e+01 1.000976e-03 9.543944e-04 9.847438e-04 1.063791e-03
2.724554e+01 9.987937e-04 9.609843e-04 9.737437e-04 1.061653e-03
2.729754e+01 9.933683e-04 9.673849e-04 9.606838e-04 1.052036e-03
2.734954e+01 9.874536e-04 9.763117e-04 9.486544e-04 1.037395e-03
2.740154e+01 9.837753e-04 9.901582e-04 9.405091e-04 1.020659e-03
2.745354e+01 9.844332e-04 1.010325e-03 9.382250e-04 1.004750e-03
2.750554e+01 9.904719e-04 1.036750e-03 9.425410e-04 9.921250e-04
2.755754e+01 1.001722e-03 1.067811e-03 9.529250e-04 9.844309e-04
2.760954e+01 1.016939e-03 1.100659e-03 9.678265e-04 9.823308e-04
2.766154e+01 1.034167e-03 1.131898e-03 9.851055e-04 9.854976e-04
2.771354e+01 1.051213e-03 1.158397e-03 1.002511e-03 9.927311e-04
2.776554e+01 1.066060e-03 1.177938e-03 1.018094e-03 1.002149e-03
2.781754e+01 1.077137e-03 1.189500e-03 1.030485e-03 1.011427e-03
2.786954e+01 1.083410e-03 1.193118e-03 1.039001e-03 1.018110e-03
2.792154e+01 1.084348e-03 1.189473e-03 1.043597e-03 1.019974e-03
2.797354e+01 1.079851e-03 1.179420e-03 1.044699e-03 1.015436e-03
2.802554e+01 1.070182e-03 1.163680e-03 1.042968e-03 1.003898e-03
2.807754e+01 1.055940e-03 1.142798e-03 1.039070e-03 9.859505e-04
2.812954e+01 1.038038e-03 1.117302e-03 1.033485e-03 9.633261e-04
2.818154e+01 1.017659e-03 1.087942e-03 1.026422e-03 9.386129e-04
2.823354e+01 9.961588e-04 1.055856e-03 1.017846e-03 9.147741e-04
2.828554e+01 9.749262e-04 1.022572e-03 1.007610e-03 8.945967e-04
2.833754e+01 9.552334e-04 9.898518e-04 9.956468e-04 8.802015e-04
2.838954e+01 9.381005e-04 9.594342e-04 9.821457e-04 8.727216e-04
2.844154e+01 9.242145e-04 9.328069e-04 9.676264e-04 8.722100e-04
2.849354e+01 9.139198e-04 9.110924e-04 9.528897e-04 8.777773e-04
2.854554e+01 9.072915e-04 8.950941e-04 9.388697e-04 8.879108e-04
2.859754e+01 9.042731e-04 8.854551e-04 9.264785e-04 9.008857e-04
2.864954e+01 9.048375e-04 8.828187e-04 9.165368e-04 9.151568e-04
2.870154e+01 9.091050e-04 8.878637e-04 9.098278e-04 9.296236e-04
2.875354e+01 9.173565e-04 9.011468e-04 9.072245e-04 9.436982e-04
2.880554e+01 9.299119e-04 9.227840e-04 9.097769e-04 9.571747e-04
2.885754e+01 9.468994e-04 9.520944e-04 9.186408e-04 9.699630e-04
2.890954e+01 9.679848e-04 9.873595e-04 9.347941e-04 9.818008e-04
2.896154e+01 9.921524e-04 1.025808e-03 9.585946e-04 9.920543e-04
2.901354e+01 1.017617e-03 1.063852e-03 9.893223e-04 9.996771e-04
2.906554e+01 1.041915e-03 1.097508e-03 1.024896e-03 1.003339e-03
2.911754e+01 1.062177e-03 1.122919e-03 1.061925e-03 1.001688e-03
2.916954e+01 1.075555e-03 1.136860e-03 1.096147e-03 9.936589e-04
2.922154e+01 1.079702e-03 1.137166e-03 1.123174e-03 9.787666e-04
2.927354e+01 1.073211e-03 1.123027e-03 1.139332e-03 9.572744e-04
2.932554e+01 1.055887e-03 1.095104e-03 1.142353e-03 9.302029e-04
2.937754e+01 1.028769e-03 1.055444e-03 1.131709e-03 8.991544e-04
2.942954e+01 9.939233e-04 1.007211e-03 1.108555e-03 8.660045e-04
2.948154e+01 9.540592e-04 9.542681e-04 1.075346e-03 8.325634e-04
2.953354e+01 9.121112e-04 9.006938e-04 1.035319e-03 8.003210e-04
2.958554e+01 8.708772e-04 8.503140e-04 9.919642e-04 7.703534e-04
2.963754e+01 8.327580e-04 8.063043e-04 9.485837e-04 7.433859e-04
2.968954e+01 7.995829e-04 7.708870e-04 9.079287e-04 7.199329e-04
2.974154e+01 7.724845e-04 7.451276e-04 8.719207e-04 7.004052e-04
2.979354e+01 7.518130e-04 7.288505e-04 8.414763e-04 6.851121e-04
2.984554e+01 7.371200e-04 7.207097e-04 8.164905e-04 6.741597e-04
2.989754e+01 7.272591e-04 7.184525e-04 7.960115e-04 6.673134e-04
2.994954e+01 7.206226e-04 7.193677e-04 7.785823e-04 6.639178e-04
3.000154e+01 7.154815e-04 7.208436e-04 7.626583e-04 6.629426e-04
3.005354e+01 7.103434e-04 7.208915e-04 7.469792e-04 6.631594e-04
3.010554e+01 7.042263e-04 7.184810e-04 7.308005e-04 6.633973e-04
3.015754e+01 6.967716e-04 7.135836e-04 7.139486e-04 6.627826e-04
3.020954e+01 6.881704e-04 7.069231e-04 6.967199e-04 6.608684e-04
3.026154e+01 6.789401e-04 6.995391e-04 6.796829e-04 6.575982e-04
3.031354e+01 6.696339e-04 6.923313e-04 6.634462e-04 6.531241e-04
3.036554e+01 6.605886e-04 6.857473e-04 6.484509e-04 6.475677e-04
3.041754e+01 6.517986e-04 6.797075e-04 6.348352e-04 6.408531e-04
3.046954e+01 6.429595e-04 6.737604e-04 6.224082e-04 6.327099e-04
3.052154e+01 6.336628e-04 6.673742e-04 6.107496e-04 6.228647e-04
3.057354e+01 6.236623e-04 6.602311e-04 5.994153e-04 6.113406e-04
3.062554e+01 6.131059e-04 6.524046e-04 5.881856e-04 5.987276e-04
3.067754e+01 6.026369e-04 6.443623e-04 5.772608e-04 5.862877e-04
3.072954e+01 5.933168e-04 6.368121e-04 5.673119e-04 5.758265e-04
3.078154e+01 5.863897e-04 6.304664e-04 5.593479e-04 5.693548e-04
3.083354e+01 5.829665e-04 6.258237e-04 5.544341e-04 5.686418e-04
3.088554e+01 5.837333e-04 6.230421e-04 5.533622e-04 5.747956e-04
3.093754e+01 5.887733e-04 6.219357e-04 5.563915e-04 5.879927e-04
3.098954e+01 5.975423e-04 6.220685e-04 5.631419e-04 6.074166e-04
3.104154e+01 6.089812e-04 6.228897e-04 5.726558e-04 6.313981e-04
3.109354e+01 6.217086e-04 6.238477e-04 5.835820e-04 6.576960e-04
3.114554e+01 6.342327e-04 6.244491e-04 5.944120e-04 6.838369e-04
3.119754e+01 6.451356e-04 6.242572e-04 6.037071e-04 7.074424e-04
3.124954e+01 6.532094e-04 6.228548e-04 6.102780e-04 7.264953e-04
3.130154e+01 6.575416e-04 6.198056e-04 6.133056e-04 7.395136e-04
3.135354e+01 6.575526e-04 6.146416e-04 6.123962e-04 7.456200e-04
3.140554e+01 6.529946e-04 6.068965e-04 6.075745e-04 7.445127e-04
3.145754e+01 6.439231e-04 5.961847e-04 5.992180e-04 7.363665e-04
3.150954e+01 6.306545e-04 5.823060e-04 5.879462e-04 7.217113e-04
3.156154e+01 6.137159e-04 5.653397e-04 5.744824e-04 7.013255e-04
3.161354e+01 5.937838e-04 5.456815e-04 5.595123e-04 6.761576e-04
3.166554e+01 5.716074e-04 5.239985e-04 5.435614e-04 6.472624e-04
3.171754e+01 5.479198e-04 5.011107e-04 5.269190e-04 6.157297e-04
3.176954e+01 5.233622e-04 4.778463e-04 5.096329e-04 5.826075e-04
3.182154e+01 4.984540e-04 4.549315e-04 4.915860e-04 5.488445e-04
3.187354e+01 4.736264e-04 4.329499e-04 4.726428e-04 5.152866e-04
3.192554e+01 4.493052e-04 4.123650e-04 4.528203e-04 4.827305e-04
3.197754e+01 4.259929e-04 3.935641e-04 4.324146e-04 4.520001e-04
3.202954e+01 4.042945e-04 3.768754e-04 4.120275e-04 4.239807e-04
3.208154e+01 3.848573e-04 3.625423e-04 3.924693e-04 3.995605e-04
3.213354e+01 3.682432e-04 3.506751e-04 3.745745e-04 3.794799e-04
3.218554e+01 3.547884e-04 3.412188e-04 3.590011e-04 3.641454e-04
3.223754e+01 3.445176e-04 3.339653e-04 3.460932e-04 3.534943e-04
3.228954e+01 3.371478e-04 3.286097e-04 3.358532e-04 3.469803e-04
3.234154e+01 3.321787e-04 3.248223e-04 3.280204e-04 3.436934e-04
3.239354e+01 3.290282e-04 3.223081e-04 3.222089e-04 3.425676e-04
3.244554e+01 3.271614e-04 3.208380e-04 3.180431e-04 3.426032e-04
3.249754e+01 3.261766e-04 3.202534e-04 3.152409e-04 3.430355e-04
3.254954e+01 3.258378e-04 3.204574e-04 3.136331e-04 3.434231e-04
3.260154e+01 3.260650e-04 3.214011e-04 3.131337e-04 3.436601e-04
3.265354e+01 3.269006e-04 3.230703e-04 3.136973e-04 3.439342e-04
3.270554e+01 3.284700e-04 3.254741e-04 3.152888e-04 3.446471e-04
3.275754e+01 3.309391e-04 3.286387e-04 3.178771e-04 3.463015e-04
3.280954e+01 3.344704e-04 3.326090e-04 3.214405e-04 3.493617e-04
3.286154e+01 3.391727e-04 3.374505e-04 3.259627e-04 3.541048e-04
3.291354e+01 3.450456e-04 3.432370e-04 3.314030e-04 3.604969e-04
3.296554e+01 3.519285e-04 3.500101e-04 3.376412e-04 3.681342e-04
3.301754e+01 3.594673e-04 3.577102e-04 3.444138e-04 3.762777e-04
3.306954e+01 3.671191e-04 3.660991e-04 3.512741e-04 3.839842e-04
3.312154e+01 3.742053e-04 3.747086e-04 3.576027e-04 3.903047e-04
3.317354e+01 3.800098e-04 3.828487e-04 3.626824e-04 3.944984e-04
3.322554e+01 3.839059e-04 3.896928e-04 3.658246e-04 3.962002e-04
3.327754e+01 3.854788e-04 3.944320e-04 3.665120e-04 3.954925e-04
3.332954e+01 3.846133e-04 3.964642e-04 3.645187e-04 3.928571e-04
3.338154e+01 3.815202e-04 3.955660e-04 3.599714e-04 3.890234e-04
3.343354e+01 3.766954e-04 3.919877e-04 3.533413e-04 3.847571e-04
3.348554e+01 3.708171e-04 3.864284e-04 3.453686e-04 3.806542e-04
3.353754e+01 3.646062e-04 3.798812e-04 3.369393e-04 3.769982e-04
3.358954e+01 3.586804e-04 3.733854e-04 3.289350e-04 3.737208e-04
3.364154e+01 3.534403e-04 3.677649e-04 3.220854e-04 3.704707e-04
3.369354e+01 3.490208e-04 3.634387e-04 3.168534e-04 3.667703e-04
3.374554e+01 3.453235e-04 3.603705e-04 3.133888e-04 3.622113e-04
3.379754e+01 3.421232e-04 3.581684e-04 3.115692e-04 3.566321e-04
3.384954e+01 3.392117e-04 3.562924e-04 3.111199e-04 3.502228e-04
3.390154e+01 3.365257e-04 3.542873e-04 3.117643e-04 3.435254e-04
3.395354e+01 3.342083e-04 3.519566e-04 3.133424e-04 3.373260e-04
3.400554e+01 3.325775e-04 3.494214e-04 3.158410e-04 3.324702e-04
3.405754e+01 3.320166e-04 3.470592e-04 3.193302e-04 3.296604e-04
3.410954e+01 3.328408e-04 3.453673e-04 3.238512e-04 3.293038e-04
3.416154e+01 3.352067e-04 3.448183e-04 3.293319e-04 3.314698e-04
3.421354e+01 3.391146e-04 3.457732e-04 3.355921e-04 3.359784e-04
3.426554e+01 3.445033e-04 3.484727e-04 3.424472e-04 3.425901e-04
3.431754e+01 3.513853e-04 3.530855e-04 3.498579e-04 3.512125e-04
3.436954e+01 3.599388e-04 3.597550e-04 3.580383e-04 3.620232e-04
3.442154e+01 3.704880e-04 3.685914e-04 3.674458e-04 3.754268e-04
3.447354e+01 3.833556e-04 3.795905e-04 3.786341e-04 3.918423e-04
3.452554e+01 3.986424e-04 3.925117e-04 3.920177e-04 4.113979e-04
3.457754e+01 4.160349e-04 4.067868e-04 4.076451e-04 4.336727e-04
3.462954e+01 4.347421e-04 4.215274e-04 4.250850e-04 4.576140e-04
3.468154e+01 4.536101e-04 4.356615e-04 4.434798e-04 4.816890e-04
3.473354e+01 4.713798e-04 4.481687e-04 4.617501e-04 5.042205e-04
3.478554e+01 4.869865e-04 4.583251e-04 4.788619e-04 5.237725e-04
3.483754e+01 4.997796e-04 4.658624e-04 4.940455e-04 5.394307e-04
3.488954e+01 5.095783e-04 4.709727e-04 5.068791e-04 5.508832e-04
3.494154e+01 5.165644e-04 4.741649e-04 5.172277e-04 5.583006e-04
3.499354e+01 5.210867e-04 4.760429e-04 5.251014e-04 5.621157e-04
3.504554e+01 5.234929e-04 4.771066e-04 5.305380e-04 5.628341e-04
3.509754e+01 5.240796e-04 4.776621e-04 5.335956e-04 5.609812e-04
3.514954e+01 5.231781e-04 4.778678e-04 5.344678e-04 5.571988e-04
3.520154e+01 5.213176e-04 4.778844e-04 5.336539e-04 5.524144e-04
3.525354e+01 5.193563e-04 4.780490e-04 5.320662e-04 5.479537e-04
3.530554e+01 5.184839e-04 4.789876e-04 5.309788e-04 5.454853e-04
3.535754e+01 5.200612e-04 4.816119e-04 5.318029e-04 5.467686e-04
3.540954e+01 5.253477e-04 4.869933e-04 5.357702e-04 5.532798e-04
3.546154e+01 5.352300e-04 4.961648e-04 5.436650e-04 5.658602e-04
3.551354e+01 5.500661e-04 5.099324e-04 5.557302e-04 5.845358e-04
3.556554e+01 5.697161e-04 5.287727e-04 5.717827e-04 6.085928e-04
3.561754e+01 5.937430e-04 5.528641e-04 5.914719e-04 6.368930e-04
3.566954e+01 6.216999e-04 5.822346e-04 6.145444e-04 6.683208e-04
3.572154e+01 6.533830e-04 6.169555e-04 6.409869e-04 7.022065e-04
3.577354e+01 6.889460e-04 6.572742e-04 6.709885e-04 7.385755e-04
3.582554e+01 7.288234e-04 7.035898e-04 7.047514e-04 7.781290e-04
3.587754e+01 7.734758e-04 7.562364e-04 7.422445e-04 8.219466e-04
3.592954e+01 8.230387e-04 8.151271e-04 7.830005e-04 8.709886e-04
3.598154e+01 8.769898e-04 8.793942e-04 8.260274e-04 9.255477e-04
3.603354e+01 9.339612e-04 9.471953e-04 8.698579e-04 9.848304e-04
3.608554e+01 9.917844e-04 1.015805e-03 9.127260e-04 1.046823e-03
3.613754e+01 1.047785e-03 1.082003e-03 9.528383e-04 1.108514e-03
3.618954e+01 1.099264e-03 1.142655e-03 9.886949e-04 1.166442e-03
3.624154e+01 1.144033e-03 1.195292e-03 1.019396e-03 1.217410e-03
3.629354e+01 1.180855e-03 1.238536e-03 1.044853e-03 1.259174e-03
3.634554e+01 1.209661e-03 1.272250e-03 1.065837e-03 1.290897e-03
3.639754e+01 1.231500e-03 1.297438e-03 1.083804e-03 1.313256e-03
3.644954e+01 1.248228e-03 1.315949e-03 1.100561e-03 1.328173e-03
3.650154e+01 1.262042e-03 1.330051e-03 1.117823e-03 1.338250e-03
3.655354e+01 1.274945e-03 1.341974e-03 1.136810e-03 1.346051e-03
3.660554e+01 1.288271e-03 1.353438e-03 1.157963e-03 1.353412e-03
3.665754e+01 1.302345e-03 1.365258e-03 1.180819e-03 1.360959e-03
3.670954e+01 1.316361e-03 1.377081e-03 1.204044e-03 1.367957e-03
3.676154e+01 1.328482e-03 1.387349e-03 1.225572e-03 1.372524e-03
3.681354e+01 1.336176e-03 1.393521e-03 1.242853e-03 1.372154e-03
3.686554e+01 1.336704e-03 1.392558e-03 1.253184e-03 1.364371e-03
3.691754e+01 1.327683e-03 1.381563e-03 1.254123e-03 1.347364e-03
3.696954e+01 1.307592e-03 1.358430e-03 1.243938e-03 1.320407e-03
3.702154e+01 1.276120e-03 1.322345e-03 1.221998e-03 1.284017e-03
3.707354e+01 1.234268e-03 1.274011e-03 1.188977e-03 1.239816e-03
3.712554e+01 1.184186e-03 1.215562e-03 1.146809e-03 1.190187e-03
3.717754e+01 1.128800e-03 1.150214e-03 1.098359e-03 1.137827e-03
3.722954e+01 1.071326e-03 1.081739e-03 1.046933e-03 1.085307e-03
3.728154e+01 1.014808e-03 1.013924e-03 9.957437e-04 1.034758e-03
3.733354e+01 9.617707e-04 9.500914e-04 9.475008e-04 9.877198e-04
3.738554e+01 9.140300e-04 8.927585e-04 9.041740e-04 9.451574e-04
3.743754e+01 8.726634e-04 8.434658e-04 8.669476e-04 9.075767e-04
3.748954e+01 8.380853e-04 8.027698e-04 8.363084e-04 8.751776e-04
3.754154e+01 8.101951e-04 7.703922e-04 8.122121e-04 8.479811e-04
3.759354e+01 7.885723e-04 7.455087e-04 7.942878e-04 8.259203e-04
3.764554e+01 7.726960e-04 7.271306e-04 7.820506e-04 8.089068e-04
3.769754e+01 7.621580e-04 7.145009e-04 7.750885e-04 7.968846e-04
3.774954e+01 7.568115e-04 7.073933e-04 7.731748e-04 7.898663e-04
3.780154e+01 7.568023e-04 7.062159e-04 7.762638e-04 7.879273e-04
3.785354e+01 7.624576e-04 7.118727e-04 7.843584e-04 7.911415e-04
3.790554e+01 7.740641e-04 7.254237e-04 7.972917e-04 7.994769e-04
3.795754e+01 7.916219e-04 7.476574e-04 8.145113e-04 8.126970e-04
3.800954e+01 8.146727e-04 7.787185e-04 8.349712e-04 8.303284e-04
3.806154e+01 8.422742e-04 8.178996e-04 8.572020e-04 8.517210e-04
3.811354e+01 8.731308e-04 8.636460e-04 8.795638e-04 8.761828e-04
3.816554e+01 9.058290e-04 9.137586e-04 9.006067e-04 9.031215e-04
3.821754e+01 9.390946e-04 9.657418e-04 9.194196e-04 9.321224e-04
3.826954e+01 9.719981e-04 1.017226e-03 9.358471e-04 9.629206e-04
3.832154e+01 1.004064e-03 1.066389e-03 9.505127e-04 9.952895e-04
3.837354e+01 1.035283e-03 1.112279e-03 9.646612e-04 1.028909e-03
3.842554e+01 1.066047e-03 1.154962e-03 9.798941e-04 1.063286e-03
3.847754e+01 1.097018e-03 1.195424e-03 9.978835e-04 1.097746e-03
3.852954e+01 1.128941e-03 1.235219e-03 1.020125e-03 1.131479e-03
3.858154e+01 1.162410e-03 1.275931e-03 1.047738e-03 1.163560e-03
3.863354e+01 1.197598e-03 1.318575e-03 1.081293e-03 1.192925e-03
3.868554e+01 1.234029e-03 1.363099e-03 1.120659e-03 1.218329e-03
3.873754e+01 1.270461e-03 1.408140e-03 1.164883e-03 1.238362e-03
3.878954e+01 1.304971e-03 1.451117e-03 1.212163e-03 1.251633e-03
3.884154e+01 1.335247e-03 1.488672e-03 1.259968e-03 1.257102e-03
3.889354e+01 1.359055e-03 1.517358e-03 1.305325e-03 1.254482e-03
3.894554e+01 1.374735e-03 1.534425e-03 1.345228e-03 1.244551e-03
3.899754e+01 1.381584e-03 1.538464e-03 1.377071e-03 1.229216e-03
3.904954e+01 1.379994e-03 1.529754e-03 1.398969e-03 1.211258e-03
3.910154e+01 1.371299e-03 1.510172e-03 1.409920e-03 1.193804e-03
3.915354e+01 1.357396e-03 1.482713e-03 1.409780e-03 1.179695e-03
3.920554e+01 1.340272e-03 1.450756e-03 1.399144e-03 1.170915e-03
3.925754e+01 1.321599e-03 1.417331e-03 1.379199e-03 1.168266e-03
3.930954e+01 1.302507e-03 1.384590e-03 1.351617e-03 1.171314e-03
3.936154e+01 1.283565e-03 1.353641e-03 1.318451e-03 1.178601e-03
3.941354e+01 1.264884e-03 1.324696e-03 1.281989e-03 1.187968e-03
3.946554e+01 1.246276e-03 1.297417e-03 1.244494e-03 1.196916e-03
3.951754e+01 1.227352e-03 1.271274e-03 1.207864e-03 1.202918e-03
3.956954e+01 1.207590e-03 1.245775e-03 1.173297e-03 1.203698e-03
3.962154e+01 1.186386e-03 1.220558e-03 1.141096e-03 1.197504e-03
3.967354e+01 1.163160e-03 1.195369e-03 1.110734e-03 1.183376e-03
3.972554e+01 1.137522e-03 1.170020e-03 1.081167e-03 1.161379e-03
3.977754e+01 1.109468e-03 1.144381e-03 1.051321e-03 1.132701e-03
3.982954e+01 1.079506e-03 1.118399e-03 1.020564e-03 1.099554e-03
3.988154e+01 1.048666e-03 1.092122e-03 9.890101e-04 1.064866e-03
3.993354e+01 1.018361e-03 1.065713e-03 9.575482e-04 1.031821e-03
3.998554e+01 9.901272e-04 1.039421e-03 9.275966e-04 1.003364e-03
4.003754e+01 9.653380e-04 1.013544e-03 9.006911e-04 9.817789e-04
4.008954e+01 9.449543e-04 9.883949e-04 8.780589e-04 9.684090e-04
4.014154e+01 9.293797e-04 9.642792e-04 8.603253e-04 9.635346e-04
4.019354e+01 9.184361e-04 9.414916e-04 8.474369e-04 9.663799e-04
4.024554e+01 9.114504e-04 9.203255e-04 8.387975e-04 9.752283e-04
4.029754e+01 9.074214e-04 9.010868e-04 8.335399e-04 9.876377e-04
4.034954e+01 9.052303e-04 8.841040e-04 8.308237e-04 1.000763e-03
4.040154e+01 9.038533e-04 8.697255e-04 8.300599e-04 1.011774e-03
4.045354e+01 9.025362e-04 8.582965e-04 8.310036e-04 1.018309e-03
4.050554e+01 9.008919e-04 8.501060e-04 8.337084e-04 1.018861e-03
4.055754e+01 8.988925e-04 8.452973e-04 8.383741e-04 1.013006e-03
4.060954e+01 8.967530e-04 8.437489e-04 8.451373e-04 1.001373e-03
4.066154e+01 8.947350e-04 8.449504e-04 8.538573e-04 9.853973e-04
4.071354e+01 8.929301e-04 8.479260e-04 8.639384e-04 9.669259e-04
4.076554e+01 8.910984e-04 8.512651e-04 8.742329e-04 9.477973e-04
4.081754e+01 8.886273e-04 8.533010e-04 8.830657e-04 9.295152e-04
4.086954e+01 8.846374e-04 8.524233e-04 8.884219e-04 9.130670e-04
4.092154e+01 8.782116e-04 8.474450e-04 8.882998e-04 8.988899e-04
4.097354e+01 8.686751e-04 8.379051e-04 8.811782e-04 8.869419e-04
4.102554e+01 8.558328e-04 8.241980e-04 8.664756e-04 8.768247e-04
4.107754e+01 8.400829e-04 8.074777e-04 8.448499e-04 8.679210e-04
4.112954e+01 8.223700e-04 7.893668e-04 8.182152e-04 8.595281e-04
4.118154e+01 8.040001e-04 7.715686e-04 7.894477e-04 8.509839e-04
4.123354e+01 7.863840e-04 7.555068e-04 7.618577e-04 8.417874e-04
4.128554e+01 7.707942e-04 7.420921e-04 7.385862e-04 8.317042e-04
4.133754e+01 7.581971e-04 7.316651e-04 7.220867e-04 8.208396e-04
4.138954e+01 7.491850e-04 7.240960e-04 7.138051e-04 8.096540e-04
4.144154e+01 7.439899e-04 7.189775e-04 7.140873e-04 7.989049e-04
4.149354e+01 7.425415e-04 7.158303e-04 7.222791e-04 7.895151e-04
4.154554e+01 7.445343e-04 7.142538e-04 7.369531e-04 7.823961e-04
4.159754e+01 7.494875e-04 7.139931e-04 7.561999e-04 7.782696e-04
4.164954e+01 7.567982e-04 7.149270e-04 7.779330e-04 7.775347e-04
4.170154e+01 7.657977e-04 7.170113e-04 8.001698e-04 7.802121e-04
4.175354e+01 7.758135e-04 7.202131e-04 8.212567e-04 7.859707e-04
4.180554e+01 7.862310e-04 7.244633e-04 8.400144e-04 7.942152e-04
4.185754e+01 7.965428e-04 7.296321e-04 8.557975e-04 8.041988e-04
4.190954e+01 8.063757e-04 7.355243e-04 8.684793e-04 8.151236e-04
4.196154e+01 8.154958e-04 7.418853e-04 8.783917e-04 8.262104e-04
4.201354e+01 8.238019e-04 7.484168e-04 8.862436e-04 8.367453e-04
4.206554e+01 8.313214e-04 7.548087e-04 8.930253e-04 8.461301e-04
4.211754e+01 8.382154e-04 7.607979e-04 8.998870e-04 8.539612e-04
4.216954e+01 8.447859e-04 7.662537e-04 9.079732e-04 8.601307e-04
4.222154e+01 8.514653e-04 7.712787e-04 9.182131e-04 8.649042e-04
4.227354e+01 8.587681e-04 7.762921e-04 9.311007e-04 8.689116e-04
4.232554e+01 8.671990e-04 7.820601e-04 9.465273e-04 8.730097e-04
4.237754e+01 8.771411e-04 7.896446e-04 9.637383e-04 8.780406e-04
4.242954e+01 8.887671e-04 8.002715e-04 9.814533e-04 8.845764e-04
4.248154e+01 9.020135e-04 8.151456e-04 9.981294e-04 8.927655e-04
4.253354e+01 9.166320e-04 8.352583e-04 1.012286e-03 9.023520e-04
4.258554e+01 9.322891e-04 8.612288e-04 1.022784e-03 9.128544e-04
4.263754e+01 9.486644e-04 8.932019e-04 1.028986e-03 9.238058e-04
4.268954e+01 9.655013e-04 9.308024e-04 1.030766e-03 9.349352e-04
4.274154e+01 9.825975e-04 9.731364e-04 1.028441e-03 9.462154e-04
4.279354e+01 9.997549e-04 1.018829e-03 1.022657e-03 9.577791e-04
4.284554e+01 1.016726e-03 1.066091e-03 1.014313e-03 9.697733e-04
4.289754e+01 1.033180e-03 1.112818e-03 1.004493e-03 9.822283e-04
4.294954e+01 1.048702e-03 1.156720e-03 9.943973e-04 9.949893e-04
4.300154e+01 1.062811e-03 1.195475e-03 9.852485e-04 1.007709e-03
4.305354e+01 1.074989e-03 1.226916e-03 9.781718e-04 1.019881e-03
4.310554e+01 1.084736e-03 1.249235e-03 9.740733e-04 1.030900e-03
4.315754e+01 1.091628e-03 1.261189e-03 9.735380e-04 1.040156e-03
4.320954e+01 1.095394e-03 1.262261e-03 9.767566e-04 1.047165e-03
4.326154e+01 1.095986e-03 1.252750e-03 9.834826e-04 1.051724e-03
4.331354e+01 1.093597e-03 1.233744e-03 9.930231e-04 1.054023e-03
4.336554e+01 1.088632e-03 1.206974e-03 1.004278e-03 1.054643e-03
4.341754e+01 1.081607e-03 1.174571e-03 1.015849e-03 1.054401e-03
4.346954e+01 1.073031e-03 1.138808e-03 1.026216e-03 1.054068e-03
4.352154e+01 1.063297e-03 1.101853e-03 1.033975e-03 1.054064e-03
4.357354e+01 1.052647e-03 1.065613e-03 1.038069e-03 1.054260e-03
4.362554e+01 1.041199e-03 1.031640e-03 1.037962e-03 1.053996e-03
4.367754e+01 1.029037e-03 1.001092e-03 1.033709e-03 1.052311e-03
4.372954e+01 1.016305e-03 9.747052e-04 1.025891e-03 1.048319e-03
4.378154e+01 1.003259e-03 9.527529e-04 1.015462e-03 1.041561e-03
4.383354e+01 9.902565e-04 9.350262e-04 1.003539e-03 1.032204e-03
4.388554e+01 9.776884e-04 9.208610e-04 9.912129e-04 1.020991e-03
4.393754e+01 9.658790e-04 9.092523e-04 9.794086e-04 1.008976e-03
4.398954e+01 9.549982e-04 8.990487e-04 9.688038e-04 9.971422e-04
4.404154e+01 9.450064e-04 8.891778e-04 9.597817e-04 9.860599e-04
4.409354e+01 9.356427e-04 8.788337e-04 9.523972e-04 9.756970e-04
4.414554e+01 9.264535e-04 8.675701e-04 9.463515e-04 9.654390e-04
4.419754e+01 9.168538e-04 8.552839e-04 9.409992e-04 9.542784e-04
4.424954e+01 9.062080e-04 8.421157e-04 9.354206e-04 9.410876e-04
4.430154e+01 8.939197e-04 8.283126e-04 9.285673e-04 9.248792e-04
4.435354e+01 8.795144e-04 8.140947e-04 9.194496e-04 9.049988e-04
4.440554e+01 8.626999e-04 7.995576e-04 9.073023e-04 8.812399e-04
4.445754e+01 8.433964e-04 7.846289e-04 8.916674e-04 8.538927e-04
4.450954e+01 8.217325e-04 7.690884e-04 8.723714e-04 8.237377e-04
4.456154e+01 7.980158e-04 7.526477e-04 8.494282e-04 7.919716e-04
4.461354e+01 7.726849e-04 7.350666e-04 8.229347e-04 7.600533e-04
4.466554e+01 7.462563e-04 7.162661e-04 7.930215e-04 7.294812e-04
4.471754e+01 7.192778e-04 6.963972e-04 7.598862e-04 7.015498e-04
4.476954e+01 6.922977e-04 6.758432e-04 7.238881e-04 6.771617e-04
4.482154e+01 6.658526e-04 6.551560e-04 6.856504e-04 6.567514e-04
4.487354e+01 6.404676e-04 6.349547e-04 6.461144e-04 6.403335e-04
4.492554e+01 6.166518e-04 6.158142e-04 6.065118e-04 6.276292e-04
4.497754e+01 5.948729e-04 5.981684e-04 5.682537e-04 6.181967e-04
4.502954e+01 5.755006e-04 5.822355e-04 5.327652e-04 6.115009e-04
4.508154e+01 5.587277e-04 5.679712e-04 5.013059e-04 6.069061e-04
4.513354e+01 5.444953e-04 5.550537e-04 4.748136e-04 6.036185e-04
4.518554e+01 5.324541e-04 5.429178e-04 4.538018e-04 6.006427e-04
4.523754e+01 5.219911e-04 5.308458e-04 4.383209e-04 5.968066e-04
4.528954e+01 5.123284e-04 5.181129e-04 4.279892e-04 5.908831e-04
4.534154e+01 5.026796e-04 5.041623e-04 4.220866e-04 5.817898e-04
4.539354e+01 4.924244e-04 4.887642e-04 4.196984e-04 5.688107e-04
4.544554e+01 4.812514e-04 4.721114e-04 4.198815e-04 5.517613e-04
4.549754e+01 4.692230e-04 4.548176e-04 4.218178e-04 5.310336e-04
4.554954e+01 4.567410e-04 4.378109e-04 4.249157e-04 5.074963e-04
4.560154e+01 4.444219e-04 4.221470e-04 4.288362e-04 4.822824e-04
4.565354e+01 4.329237e-04 4.087885e-04 4.334388e-04 4.565438e-04
4.570554e+01 4.227771e-04 3.984077e-04 4.386689e-04 4.312546e-04
4.575754e+01 4.142677e-04 3.912619e-04 4.444232e-04 4.071179e-04
4.580954e+01 4.073942e-04 3.871703e-04 4.504367e-04 3.845756e-04
4.586154e+01 4.018996e-04 3.855904e-04 4.562289e-04 3.638794e-04
4.591354e+01 3.973561e-04 3.857628e-04 4.611345e-04 3.451711e-04
4.596554e+01 3.932752e-04 3.868762e-04 4.644135e-04 3.285358e-04
4.601754e+01 3.892115e-04 3.882036e-04 4.654086e-04 3.140223e-04
4.606954e+01 3.848355e-04 3.891779e-04 4.636898e-04 3.016386e-04
4.612154e+01 3.799561e-04 3.894028e-04 4.591320e-04 2.913335e-04
4.617354e+01 3.744948e-04 3.886183e-04 4.518955e-04 2.829705e-04
4.622554e+01 3.684272e-04 3.866513e-04 4.423296e-04 2.763007e-04
4.627754e+01 3.617275e-04 3.833790e-04 4.308507e-04 2.709529e-04
4.632954e+01 3.543429e-04 3.787166e-04 4.178518e-04 2.664603e-04
4.638154e+01 3.462121e-04 3.726282e-04 4.036710e-04 2.623372e-04
4.643354e+01 3.373169e-04 3.651480e-04 3.886108e-04 2.581918e-04
4.648554e+01 3.277384e-04 3.564024e-04 3.729760e-04 2.538367e-04
4.653754e+01 3.176958e-04 3.466320e-04 3.571016e-04 2.493537e-04
4.658954e+01 3.075541e-04 3.362125e-04 3.413663e-04 2.450837e-04
4.664154e+01 2.978055e-04 3.256755e-04 3.261971e-04 2.415439e-04
4.669354e+01 2.890326e-04 3.157180e-04 3.120734e-04 2.393063e-04
4.674554e+01 2.818603e-04 3.071805e-04 2.995235e-04 2.388769e-04
4.679754e+01 2.768950e-04 3.009779e-04 2.890975e-04 2.406097e-04
4.684954e+01 2.746530e-04 2.979822e-04 2.813106e-04 2.446660e-04
4.690154e+01 2.754845e-04 2.988741e-04 2.765651e-04 2.510144e-04
4.695354e+01 2.795121e-04 3.040030e-04 2.750769e-04 2.594564e-04
4.700554e+01 2.866006e-04 3.132963e-04 2.768360e-04 2.696696e-04
4.705754e+01 2.963743e-04 3.262470e-04 2.816132e-04 2.812628e-04
4.710954e+01 3.082805e-04 3.419901e-04 2.890132e-04 2.938383e-04
4.716154e+01 3.216872e-04 3.594516e-04 2.985552e-04 3.070547e-04
4.721354e+01 3.359912e-04 3.775376e-04 3.097633e-04 3.206726e-04
4.726554e+01 3.507102e-04 3.953194e-04 3.222433e-04 3.345679e-04
4.731754e+01 3.655342e-04 4.121720e-04 3.357298e-04 3.487007e-04
4.736954e+01 3.803222e-04 4.278311e-04 3.500926e-04 3.630431e-04
4.742154e+01 3.950487e-04 4.423585e-04 3.653013e-04 3.774864e-04
4.747354e+01 4.097210e-04 4.560357e-04 3.813621e-04 3.917653e-04
4.752554e+01 4.243037e-04 4.692243e-04 3.982502e-04 4.054366e-04
4.757754e+01 4.386822e-04 4.822463e-04 4.158618e-04 4.179386e-04
4.762954e+01 4.526819e-04 4.953137e-04 4.340039e-04 4.287281e-04
4.768154e+01 4.661305e-04 5.085146e-04 4.524236e-04 4.374532e-04
4.773354e+01 4.789288e-04 5.218290e-04 4.708602e-04 4.440973e-04
4.778554e+01 4.910900e-04 5.351434e-04 4.890967e-04 4.490300e-04
4.783754e+01 5.027189e-04 5.482394e-04 5.069824e-04 4.529348e-04
4.788954e+01 5.139352e-04 5.607638e-04 5.244136e-04 4.566281e-04
4.794154e+01 5.247717e-04 5.722036e-04 5.412784e-04 4.608330e-04
4.799354e+01 5.350909e-04 5.819001e-04 5.573912e-04 4.659813e-04
4.804554e+01 5.445604e-04 5.891178e-04 5.724524e-04 4.721109e-04
4.809754e+01 5.527021e-04 5.931630e-04 5.860590e-04 4.788844e-04
4.814954e+01 5.590041e-04 5.935224e-04 5.977736e-04 4.857165e-04
4.820154e+01 5.630605e-04 5.899835e-04 6.072331e-04 4.919650e-04
4.825354e+01 5.646942e-04 5.827020e-04 6.142604e-04 4.971202e-04
4.830554e+01 5.640221e-04 5.721960e-04 6.189384e-04 5.009319e-04
4.835754e+01 5.614386e-04 5.592673e-04 6.216109e-04 5.034377e-04
4.840954e+01 5.575193e-04 5.448700e-04 6.227993e-04 5.048886e-04
4.846154e+01 5.528752e-04 5.299629e-04 6.230538e-04 5.056089e-04
4.851354e+01 5.480058e-04 5.153837e-04 6.227868e-04 5.058468e-04
4.856554e+01 5.431984e-04 5.017709e-04 6.221500e-04 5.056743e-04
4.861754e+01 5.385022e-04 4.895371e-04 6.210018e-04 5.049677e-04
4.866954e+01 5.337734e-04 4.788781e-04 6.189756e-04 5.034665e-04
4.872154e+01 5.287605e-04 4.697931e-04 6.156110e-04 5.008775e-04
4.877354e+01 5.231885e-04 4.621032e-04 6.104859e-04 4.969762e-04
4.882554e+01 5.168111e-04 4.554672e-04 6.032979e-04 4.916683e-04
4.887754e+01 5.094259e-04 4.494093e-04 5.938758e-04 4.849925e-04
4.892954e+01 5.008656e-04 4.433704e-04 5.821508e-04 4.770757e-04
4.898154e+01 4.909930e-04 4.367852e-04 5.681277e-04 4.680661e-04
4.903354e+01 4.797138e-04 4.291738e-04 5.518881e-04 4.580796e-04
4.908554e+01 4.670115e-04 4.202275e-04 5.336249e-04 4.471821e-04
4.913754e+01 4.529885e-04 4.098697e-04 5.136821e-04 4.354135e-04
4.918954e+01 4.378929e-04 3.982759e-04 4.925666e-04 4.228361e-04
4.924154e+01 4.221113e-04 3.858416e-04 4.709149e-04 4.095774e-04
4.929354e+01 4.061207e-04 3.731013e-04 4.494186e-04 3.958422e-04
4.934554e+01 3.904097e-04 3.606127e-04 4.287299e-04 3.818866e-04
4.939754e+01 3.753932e-04 3.488346e-04 4.093752e-04 3.679697e-04
4.944954e+01 3.613494e-04 3.380377e-04 3.916991e-04 3.543113e-04
4.950154e+01 3.484018e-04 3.282774e-04 3.758476e-04 3.410803e-04
4.955354e+01 3.365507e-04 3.194413e-04 3.617922e-04 3.284184e-04
4.960554e+01 3.257408e-04 3.113513e-04 3.493848e-04 3.164862e-04
4.965754e+01 3.159393e-04 3.038810e-04 3.384333e-04 3.055035e-04
4.970954e+01 3.071959e-04 2.970427e-04 3.287852e-04 2.957599e-04
4.976154e+01 2.996676e-04 2.910132e-04 3.204008e-04 2.875888e-04
4.981354e+01 2.936033e-04 2.860955e-04 3.133977e-04 2.813167e-04
4.986554e+01 2.893000e-04 2.826388e-04 3.080493e-04 2.772121e-04
4.991754e+01 2.870462e-04 2.809513e-04 3.047301e-04 2.754572e-04
4.996954e+01 2.870658e-04 2.812337e-04 3.038203e-04 2.761434e-04
5.002154e+01 2.894706e-04 2.835435e-04 3.055936e-04 2.792748e-04
5.007354e+01 2.942192e-04 2.877819e-04 3.101210e-04 2.847547e-04
5.012554e+01 3.010829e-04 2.936911e-04 3.172131e-04 2.923446e-04
5.017754e+01 3.096261e-04 3.008556e-04 3.264142e-04 3.016086e-04
5.022954e+01 3.192164e-04 3.087199e-04 3.370453e-04 3.118839e-04
5.028154e+01 3.290797e-04 3.166376e-04 3.482863e-04 3.223151e-04
5.033354e+01 3.384034e-04 3.239602e-04 3.592829e-04 3.319673e-04
5.038554e+01 3.464694e-04 3.301486e-04 3.692615e-04 3.399980e-04
5.043754e+01 3.527791e-04 3.348717e-04 3.776342e-04 3.458315e-04
5.048954e+01 3.571342e-04 3.380517e-04 3.840748e-04 3.492760e-04
5.054154e+01 3.596408e-04 3.398365e-04 3.885493e-04 3.505367e-04
5.059354e+01 3.606406e-04 3.405100e-04 3.912915e-04 3.501204e-04
5.064554e+01 3.605880e-04 3.403802e-04 3.927231e-04 3.486607e-04
5.069754e+01 3.599188e-04 3.396895e-04 3.933399e-04 3.467271e-04
5.074954e+01 3.589507e-04 3.385781e-04 3.935907e-04 3.446833e-04
5.080154e+01 3.578452e-04 3.371049e-04 3.937865e-04 3.426442e-04
5.085354e+01 3.566362e-04 3.353068e-04 3.940583e-04 3.405434e-04
5.090554e+01 3.553052e-04 3.332678e-04 3.943713e-04 3.382765e-04
5.095754e+01 3.538683e-04 3.311708e-04 3.945787e-04 3.358553e-04
5.100954e+01 3.524372e-04 3.293164e-04 3.944940e-04 3.335013e-04
5.106154e+01 3.512304e-04 3.280984e-04 3.939561e-04 3.316367e-04
5.111354e+01 3.505289e-04 3.279386e-04 3.928741e-04 3.307739e-04
5.116554e+01 3.505952e-04 3.291906e-04 3.912445e-04 3.313505e-04
5.121754e+01 3.515837e-04 3.320341e-04 3.891419e-04 3.335750e-04
5.126954e+01 3.534749e-04 3.363941e-04 3.866891e-04 3.373416e-04
5.132154e+01 3.560570e-04 3.419145e-04 3.840177e-04 3.422387e-04
5.137354e+01 3.589610e-04 3.480076e-04 3.812320e-04 3.476436e-04
5.142554e+01 3.617432e-04 3.539716e-04 3.783899e-04 3.528680e-04
5.147754e+01 3.639895e-04 3.591452e-04 3.755104e-04 3.573130e-04
5.152954e+01 3.654157e-04 3.630508e-04 3.726020e-04 3.605942e-04
5.158154e+01 3.659303e-04 3.654865e-04 3.696953e-04 3.626091e-04
5.163354e+01 3.656421e-04 3.665414e-04 3.668534e-04 3.635314e-04
5.168554e+01 3.648072e-04 3.665403e-04 3.641466e-04 3.637347e-04
5.173754e+01 3.637345e-04 3.659376e-04 3.616006e-04 3.636654e-04
5.178954e+01 3.626841e-04 3.651962e-04 3.591552e-04 3.637009e-04
5.184154e+01 3.617972e-04 3.646794e-04 3.566744e-04 3.640378e-04
5.189354e+01 3.610844e-04 3.645834e-04 3.540236e-04 3.646462e-04
5.194554e+01 3.604707e-04 3.649189e-04 3.511895e-04 3.653037e-04
5.199754e+01 3.598729e-04 3.655424e-04 3.483812e-04 3.656950e-04
5.204954e+01 3.592703e-04 3.662215e-04 3.460516e-04 3.655379e-04
5.210154e+01 3.587389e-04 3.667161e-04 3.448129e-04 3.646879e-04
5.215354e+01 3.584386e-04 3.668535e-04 3.452730e-04 3.631892e-04
5.220554e+01 3.585665e-04 3.665826e-04 3.478545e-04 3.612623e-04
5.225754e+01 3.593022e-04 3.659964e-04 3.526634e-04 3.592468e-04
5.230954e+01 3.607643e-04 3.653177e-04 3.594470e-04 3.575282e-04
5.236154e+01 3.629887e-04 3.648497e-04 3.676444e-04 3.564721e-04
5.241354e+01 3.659246e-04 3.648982e-04 3.765028e-04 3.563730e-04
5.246554e+01 3.694418e-04 3.656826e-04 3.852264e-04 3.574165e-04
5.251754e+01 3.733442e-04 3.672635e-04 3.931198e-04 3.596494e-04
5.256954e+01 3.773916e-04 3.695123e-04 3.996962e-04 3.629663e-04
5.262154e+01 3.813295e-04 3.721406e-04 4.047256e-04 3.671223e-04
5.267354e+01 3.849266e-04 3.747873e-04 4.082134e-04 3.717791e-04
5.272554e+01 3.880085e-04 3.771350e-04 4.103182e-04 3.765723e-04
5.277754e+01 3.904792e-04 3.790118e-04 4.112479e-04 3.811780e-04
5.282954e+01 3.923227e-04 3.804392e-04 4.111788e-04 3.853499e-04
5.288154e+01 3.935868e-04 3.816067e-04 4.102333e-04 3.889204e-04
5.293354e+01 3.943591e-04 3.827860e-04 4.085182e-04 3.917731e-04
5.298554e+01 3.947430e-04 3.842241e-04 4.061886e-04 3.938164e-04
5.303754e+01 3.948405e-04 3.860556e-04 4.034872e-04 3.949785e-04
5.308954e+01 3.947386e-04 3.882626e-04 4.007231e-04 3.952302e-04
5.314154e+01 3.944989e-04 3.906835e-04 3.981913e-04 3.946218e-04
5.319354e+01 3.941477e-04 3.930581e-04 3.960750e-04 3.933101e-04
5.324554e+01 3.936771e-04 3.950885e-04 3.943871e-04 3.915556e-04
5.329754e+01 3.930614e-04 3.965067e-04 3.929917e-04 3.896857e-04
5.334954e+01 3.922932e-04 3.971403e-04 3.917029e-04 3.880364e-04
5.340154e+01 3.914288e-04 3.969721e-04 3.904172e-04 3.868970e-04
5.345354e+01 3.906219e-04 3.961772e-04 3.892105e-04 3.864781e-04
5.350554e+01 3.901268e-04 3.951204e-04 3.883480e-04 3.869119e-04
5.355754e+01 3.902571e-04 3.943026e-04 3.881907e-04 3.882779e-04
5.360954e+01 3.913076e-04 3.942570e-04 3.890365e-04 3.906293e-04
5.366154e+01 3.934600e-04 3.954203e-04 3.909598e-04 3.939999e-04
5.371354e+01 3.967055e-04 3.980140e-04 3.937247e-04 3.983780e-04
5.376554e+01 4.008141e-04 4.019727e-04 3.968123e-04 4.036572e-04
5.381754e+01 4.053664e-04 4.069466e-04 3.995640e-04 4.095884e-04
5.386954e+01 4.098458e-04 4.123829e-04 4.013903e-04 4.157643e-04
5.392154e+01 4.137647e-04 4.176660e-04 4.019718e-04 4.216564e-04
5.397354e+01 4.167853e-04 4.222790e-04 4.013758e-04 4.267013e-04
5.402554e+01 4.187971e-04 4.259333e-04 4.000435e-04 4.304145e-04
5.407754e+01 4.199245e-04 4.286230e-04 3.986530e-04 4.324975e-04
5.412954e+01 4.204641e-04 4.305813e-04 3.979090e-04 4.329020e-04
5.418154e+01 4.207740e-04 4.321529e-04 3.983359e-04 4.318331e-04
5.423354e+01 4.211530e-04 4.336271e-04 4.001441e-04 4.296879e-04
5.428554e+01 4.217484e-04 4.350990e-04 4.031987e-04 4.269475e-04
5.433754e+01 4.225158e-04 4.364136e-04 4.070817e-04 4.240522e-04
5.438954e+01 4.232376e-04 4.372114e-04 4.112038e-04 4.212976e-04
5.444154e+01 4.235841e-04 4.370513e-04 4.149217e-04 4.187792e-04
5.449354e+01 4.231950e-04 4.355493e-04 4.176352e-04 4.164004e-04
5.454554e+01 4.217574e-04 4.324750e-04 4.188599e-04 4.139373e-04
5.459754e+01 4.190634e-04 4.277722e-04 4.182856e-04 4.111325e-04
5.464954e+01 4.150399e-04 4.215153e-04 4.158213e-04 4.077830e-04
5.470154e+01 4.097490e-04 4.138409e-04 4.116143e-04 4.037919e-04
5.475354e+01 4.033634e-04 4.048972e-04 4.060229e-04 3.991700e-04
5.480554e+01 3.961233e-04 3.948349e-04 3.995368e-04 3.939981e-04
5.485754e+01 3.882877e-04 3.838306e-04 3.926603e-04 3.883721e-04
5.490954e+01 3.800915e-04 3.721198e-04 3.857969e-04 3.823579e-04
5.496154e+01 3.717197e-04 3.600101e-04 3.791736e-04 3.759753e-04
5.501354e+01 3.633027e-04 3.478667e-04 3.728289e-04 3.692125e-04
5.506554e+01 3.549312e-04 3.360719e-04 3.666593e-04 3.620625e-04
5.511754e+01 3.466806e-04 3.249786e-04 3.605000e-04 3.545632e-04
5.516954e+01 3.386335e-04 3.148726e-04 3.542066e-04 3.468212e-04
5.522154e+01 3.308927e-04 3.059544e-04 3.477159e-04 3.390077e-04
5.527354e+01 3.235793e-04 2.983402e-04 3.410705e-04 3.313273e-04
5.532554e+01 3.168201e-04 2.920739e-04 3.344126e-04 3.239740e-04
5.537754e+01 3.107300e-04 2.871417e-04 3.279526e-04 3.170958e-04
5.542954e+01 3.053999e-04 2.834859e-04 3.219252e-04 3.107886e-04
5.548154e+01 3.008941e-04 2.810159e-04 3.165439e-04 3.051224e-04
5.553354e+01 2.972595e-04 2.796245e-04 3.119638e-04 3.001901e-04
5.558554e+01 2.945414e-04 2.792080e-04 3.082619e-04 2.961541e-04
5.563754e+01 2.927999e-04 2.796884e-04 3.054411e-04 2.932701e-04
5.568954e+01 2.921188e-04 2.810271e-04 3.034578e-04 2.918716e-04
5.574154e+01 2.926024e-04 2.832229e-04 3.022657e-04 2.923187e-04
5.579354e+01 2.943575e-04 2.862913e-04 3.018601e-04 2.949210e-04
5.584554e+01 2.974651e-04 2.902364e-04 3.023056e-04 2.998534e-04
5.589754e+01 3.019479e-04 2.950273e-04 3.037319e-04 3.070845e-04
5.594954e+01 3.077408e-04 3.005917e-04 3.062938e-04 3.163369e-04
5.600154e+01 3.146739e-04 3.068265e-04 3.101018e-04 3.270933e-04
5.605354e+01 3.224709e-04 3.136123e-04 3.151443e-04 3.386561e-04
5.610554e+01 3.307670e-04 3.208188e-04 3.212307e-04 3.502515e-04
5.615754e+01 3.391451e-04 3.282937e-04 3.279820e-04 3.611596e-04
5.620954e+01 3.471880e-04 3.358447e-04 3.348851e-04 3.708342e-04
5.626154e+01 3.545374e-04 3.432313e-04 3.414014e-04 3.789794e-04
5.631354e+01 3.609441e-04 3.501800e-04 3.470956e-04 3.855567e-04
5.636554e+01 3.662937e-04 3.564194e-04 3.517391e-04 3.907226e-04
5.641754e+01 3.705940e-04 3.617203e-04 3.553468e-04 3.947148e-04
5.646954e+01 3.739272e-04 3.659168e-04 3.581342e-04 3.977306e-04
5.652154e+01 3.763836e-04 3.689003e-04 3.604139e-04 3.998367e-04
5.657354e+01 3.780036e-04 3.705926e-04 3.624745e-04 4.009436e-04
5.662554e+01 3.787523e-04 3.709201e-04 3.644847e-04 4.008520e-04
5.667754e+01 3.785396e-04 3.698107e-04 3.664536e-04 3.993544e-04
5.672954e+01 3.772760e-04 3.672248e-04 3.682484e-04 3.963550e-04
5.678154e+01 3.749427e-04 3.632094e-04 3.696536e-04 3.919650e-04
5.683354e+01 3.716447e-04 3.579511e-04 3.704479e-04 3.865352e-04
5.688554e+01 3.676262e-04 3.517961e-04 3.704728e-04 3.806098e-04
5.693754e+01 3.632367e-04 3.452159e-04 3.696794e-04 3.748148e-04
5.698954e+01 3.588586e-04 3.387193e-04 3.681405e-04 3.697161e-04
5.704154e+01 3.548185e-04 3.327348e-04 3.660265e-04 3.656942e-04
5.709354e+01 3.513116e-04 3.275063e-04 3.635536e-04 3.628749e-04
5.714554e+01 3.483648e-04 3.230445e-04 3.609198e-04 3.611300e-04
5.719754e+01 3.458504e-04 3.191571e-04 3.582528e-04 3.601414e-04
5.724954e+01 3.435462e-04 3.155499e-04 3.555882e-04 3.595006e-04
5.730154e+01 3.412203e-04 3.119636e-04 3.528835e-04 3.588138e-04
5.735354e+01 3.387146e-04 3.082920e-04 3.500606e-04 3.577913e-04
5.740554e+01 3.360008e-04 3.046404e-04 3.470577e-04 3.563044e-04
5.745754e+01 3.331927e-04 3.013033e-04 3.438713e-04 3.544034e-04
5.750954e+01 3.305126e-04 2.986745e-04 3.405734e-04 3.522900e-04
5.756154e+01 3.282214e-04 2.971249e-04 3.372929e-04 3.502464e-04
5.761354e+01 3.265285e-04 2.968878e-04 3.341635e-04 3.485343e-04
5.766554e+01 3.255066e-04 2.979826e-04 3.312495e-04 3.472877e-04
5.771754e+01 3.250301e-04 3.001846e-04 3.284724e-04 3.464332e-04
5.776954e+01 3.247548e-04 3.030379e-04 3.255669e-04 3.456596e-04
5.782154e+01 3.241431e-04 3.058977e-04 3.220876e-04 3.444440e-04
5.787354e+01 3.225264e-04 3.079922e-04 3.174674e-04 3.421195e-04
5.792554e+01 3.191892e-04 3.084972e-04 3.111096e-04 3.379609e-04
5.797754e+01 3.134551e-04 3.066138e-04 3.024845e-04 3.312669e-04
5.802954e+01 3.047586e-04 3.016415e-04 2.912023e-04 3.214321e-04
5.808154e+01 2.926993e-04 2.930373e-04 2.770514e-04 3.080092e-04
5.813354e+01 2.770781e-04 2.804607e-04 2.600057e-04 2.907679e-04
