3.407377e+00 0.000000e+00 0.000000e+00 0.000000e+00 0.000000e+00
3.459377e+00 0.000000e+00 0.000000e+00 0.000000e+00 0.000000e+00
3.511377e+00 0.000000e+00 0.000000e+00 0.000000e+00 0.000000e+00
3.563377e+00 0.000000e+00 0.000000e+00 0.000000e+00 0.000000e+00
3.615377e+00 0.000000e+00 0.000000e+00 0.000000e+00 0.000000e+00
3.667377e+00 0.000000e+00 0.000000e+00 0.000000e+00 0.000000e+00
3.719377e+00 0.000000e+00 0.000000e+00 0.000000e+00 0.000000e+00
3.771377e+00 0.000000e+00 0.000000e+00 0.000000e+00 0.000000e+00
3.823377e+00 0.000000e+00 0.000000e+00 0.000000e+00 0.000000e+00
3.875377e+00 0.000000e+00 0.000000e+00 0.000000e+00 0.000000e+00
3.927377e+00 0.000000e+00 0.000000e+00 0.000000e+00 0.000000e+00
3.979377e+00 0.000000e+00 0.000000e+00 0.000000e+00 0.000000e+00
4.031377e+00 0.000000e+00 0.000000e+00 0.000000e+00 0.000000e+00
4.083377e+00 0.000000e+00 0.000000e+00 0.000000e+00 0.000000e+00
4.135377e+00 0.000000e+00 0.000000e+00 0.000000e+00 0.000000e+00
4.187377e+00 0.000000e+00 0.000000e+00 0.000000e+00 0.000000e+00
4.239377e+00 0.000000e+00 0.000000e+00 0.000000e+00 0.000000e+00
4.291377e+00 0.000000e+00 0.000000e+00 0.000000e+00 0.000000e+00
4.343377e+00 0.000000e+00 0.000000e+00 0.000000e+00 0.000000e+00
4.395377e+00 0.000000e+00 0.000000e+00 0.000000e+00 0.000000e+00
4.447377e+00 0.000000e+00 0.000000e+00 0.000000e+00 0.000000e+00
4.499377e+00 0.000000e+00 0.000000e+00 0.000000e+00 0.000000e+00
4.551377e+00 0.000000e+00 0.000000e+00 0.000000e+00 0.000000e+00
4.603377e+00 0.000000e+00 0.000000e+00 0.000000e+00 0.000000e+00
4.655377e+00 0.000000e+00 0.000000e+00 0.000000e+00 0.000000e+00
4.707377e+00 0.000000e+00 0.000000e+00 0.000000e+00 0.000000e+00
4.759377e+00 0.000000e+00 0.000000e+00 0.000000e+00 0.000000e+00
4.811377e+00 0.000000e+00 0.000000e+00 0.000000e+00 0.000000e+00
4.863377e+00 0.000000e+00 0.000000e+00 0.000000e+00 0.000000e+00
4.915377e+00 0.000000e+00 0.000000e+00 0.000000e+00 0.000000e+00
4.967377e+00 0.000000e+00 0.000000e+00 0.000000e+00 0.000000e+00
5.019377e+00 0.000000e+00 0.000000e+00 0.000000e+00 0.000000e+00
5.071377e+00 0.000000e+00 0.000000e+00 0.000000e+00 0.000000e+00
5.123377e+00 0.000000e+00 0.000000e+00 0.000000e+00 0.000000e+00
5.175377e+00 0.000000e+00 0.000000e+00 0.000000e+00 0.000000e+00
5.227377e+00 0.000000e+00 0.000000e+00 0.000000e+00 0.000000e+00
5.279377e+00 0.000000e+00 0.000000e+00 0.000000e+00 0.000000e+00
5.331377e+00 0.000000e+00 0.000000e+00 0.000000e+00 0.000000e+00
5.383377e+00 0.000000e+00 0.000000e+00 0.000000e+00 0.000000e+00
5.435377e+00 0.000000e+00 0.000000e+00 0.000000e+00 0.000000e+00
5.487377e+00 0.000000e+00 0.000000e+00 0.000000e+00 0.000000e+00
5.539377e+00 0.000000e+00 0.000000e+00 0.000000e+00 0.000000e+00
5.591377e+00 0.000000e+00 0.000000e+00 0.000000e+00 0.000000e+00
5.643377e+00 0.000000e+00 0.000000e+00 0.000000e+00 0.000000e+00
5.695377e+00 0.000000e+00 0.000000e+00 0.000000e+00 0.000000e+00
5.747377e+00 0.000000e+00 0.000000e+00 0.000000e+00 0.000000e+00
5.799377e+00 0.000000e+00 0.000000e+00 0.000000e+00 0.000000e+00
5.851377e+00 0.000000e+00 0.000000e+00 0.000000e+00 0.000000e+00
5.903377e+00 0.000000e+00 0.000000e+00 0.000000e+00 0.000000e+00
5.955377e+00 0.000000e+00 0.000000e+00 0.000000e+00 0.000000e+00
6.007377e+00 0.000000e+00 0.000000e+00 0.000000e+00 0.000000e+00
6.059377e+00 0.000000e+00 0.000000e+00 0.000000e+00 0.000000e+00
6.111377e+00 0.000000e+00 0.000000e+00 0.000000e+00 0.000000e+00
6.163377e+00 0.000000e+00 0.000000e+00 0.000000e+00 0.000000e+00
6.215377e+00 0.000000e+00 0.000000e+00 0.000000e+00 0.000000e+00
6.267377e+00 0.000000e+00 0.000000e+00 0.000000e+00 0.000000e+00
6.319377e+00 0.000000e+00 0.000000e+00 0.000000e+00 0.000000e+00
6.371377e+00 0.000000e+00 0.000000e+00 0.000000e+00 0.000000e+00
6.423377e+00 0.000000e+00 0.000000e+00 0.000000e+00 0.000000e+00
6.475377e+00 0.000000e+00 0.000000e+00 0.000000e+00 0.000000e+00
6.527377e+00 0.000000e+00 0.000000e+00 0.000000e+00 0.000000e+00
6.579377e+00 0.000000e+00 0.000000e+00 0.000000e+00 0.000000e+00
6.631377e+00 0.000000e+00 0.000000e+00 0.000000e+00 0.000000e+00
6.683377e+00 0.000000e+00 0.000000e+00 0.000000e+00 0.000000e+00
6.735377e+00 0.000000e+00 0.000000e+00 0.000000e+00 0.000000e+00
6.787377e+00 0.000000e+00 0.000000e+00 0.000000e+00 0.000000e+00
6.839377e+00 0.000000e+00 0.000000e+00 0.000000e+00 0.000000e+00
6.891377e+00 0.000000e+00 0.000000e+00 0.000000e+00 0.000000e+00
6.943377e+00 0.000000e+00 0.000000e+00 0.000000e+00 0.000000e+00
6.995377e+00 0.000000e+00 0.000000e+00 0.000000e+00 0.000000e+00
7.047377e+00 0.000000e+00 0.000000e+00 0.000000e+00 0.000000e+00
7.099377e+00 0.000000e+00 0.000000e+00 0.000000e+00 0.000000e+00
7.151377e+00 0.000000e+00 0.000000e+00 0.000000e+00 0.000000e+00
7.203377e+00 0.000000e+00 0.000000e+00 0.000000e+00 0.000000e+00
7.255377e+00 3.913207e-14 2.658655e-17 2.469021e-14 9.267942e-14
7.307377e+00 1.790997e-13 1.216813e-16 1.130021e-13 4.241751e-13
7.359377e+00 7.661227e-13 5.205081e-16 4.833817e-13 1.814466e-12
7.411377e+00 3.625873e-12 8.191072e-14 2.318172e-12 8.477535e-12
7.463377e+00 1.395231e-11 3.619882e-13 8.936807e-12 3.255813e-11
7.515377e+00 5.110818e-11 1.642401e-12 3.284523e-11 1.188369e-10
7.567377e+00 1.742913e-10 6.451526e-12 1.122991e-10 4.041233e-10
7.619377e+00 5.597747e-10 2.383462e-11 3.617167e-10 1.293773e-09
7.671377e+00 1.693771e-09 8.243195e-11 1.097841e-09 3.901039e-09
7.723377e+00 4.833783e-09 2.675515e-10 3.143474e-09 1.109032e-08
7.775377e+00 1.302509e-08 8.152138e-10 8.499972e-09 2.976009e-08
7.827377e+00 3.317575e-08 2.333939e-09 2.172920e-08 7.546412e-08
7.879377e+00 7.995750e-08 6.281363e-09 5.256669e-08 1.810244e-07
7.931377e+00 1.825391e-07 1.590440e-08 1.204647e-07 4.112481e-07
7.983377e+00 3.951391e-07 3.791492e-08 2.617600e-07 8.857425e-07
8.035377e+00 8.118354e-07 8.517582e-08 5.398109e-07 1.810519e-06
8.087377e+00 1.584601e-06 1.804880e-07 1.057451e-06 3.515864e-06
8.139377e+00 2.941115e-06 3.611262e-07 1.969436e-06 6.492783e-06
8.191377e+00 5.196008e-06 6.830506e-07 3.490512e-06 1.141446e-05
8.243377e+00 8.747247e-06 1.222934e-06 5.893277e-06 1.912553e-05
8.295377e+00 1.405068e-05 2.075754e-06 9.490693e-06 3.058558e-05
8.347377e+00 2.157214e-05 3.346322e-06 1.460231e-05 4.676779e-05
8.399377e+00 3.172827e-05 5.135101e-06 2.151111e-05 6.853860e-05
8.451377e+00 4.483966e-05 7.521643e-06 3.042673e-05 9.657060e-05
8.503377e+00 6.112529e-05 1.055155e-05 4.147473e-05 1.313496e-04
8.555377e+00 8.075568e-05 1.423286e-05 5.472498e-05 1.733092e-04
8.607377e+00 1.039507e-04 1.854375e-05 7.025201e-05 2.230563e-04
8.659377e+00 1.310673e-04 2.344645e-05 8.819333e-05 2.815623e-04
8.711377e+00 1.625980e-04 2.889546e-05 1.087549e-04 3.501438e-04
8.763377e+00 1.990160e-04 3.482828e-05 1.321225e-04 4.300972e-04
8.815377e+00 2.404749e-04 4.113564e-05 1.582837e-04 5.220055e-04
8.867377e+00 2.864612e-04 4.762489e-05 1.868227e-04 6.249360e-04
8.919377e+00 3.355593e-04 5.400475e-05 2.167964e-04 7.358768e-04
8.971377e+00 3.854701e-04 5.992227e-05 2.467862e-04 8.497020e-04
9.023377e+00 4.333163e-04 6.506964e-05 2.751537e-04 9.597256e-04
9.075377e+00 4.761431e-04 6.935445e-05 3.004434e-04 1.058631e-03
9.127377e+00 5.114577e-04 7.310437e-05 3.218205e-04 1.139448e-03
9.179377e+00 5.376881e-04 7.726403e-05 3.394413e-04 1.196359e-03
9.231377e+00 5.545339e-04 8.353562e-05 3.546930e-04 1.225373e-03
9.283377e+00 5.632357e-04 9.440753e-05 3.702713e-04 1.225028e-03
9.335377e+00 5.667389e-04 1.130083e-04 3.900481e-04 1.197160e-03
9.387377e+00 5.696230e-04 1.427331e-04 4.186646e-04 1.147471e-03
9.439377e+00 5.776323e-04 1.866447e-04 4.608263e-04 1.085426e-03
9.491377e+00 5.967599e-04 2.467526e-04 5.204113e-04 1.023116e-03
9.543377e+00 6.320837e-04 3.233902e-04 5.996600e-04 9.732010e-04
9.595377e+00 6.867526e-04 4.149565e-04 6.987732e-04 9.465282e-04
9.647377e+00 7.615290e-04 5.182079e-04 8.161050e-04 9.502741e-04
9.699377e+00 8.550369e-04 6.290597e-04 9.488420e-04 9.872090e-04
9.751377e+00 9.645063e-04 7.436064e-04 1.093792e-03 1.056121e-03
9.803377e+00 1.086559e-03 8.589258e-04 1.247854e-03 1.152895e-03
9.855377e+00 1.217636e-03 9.733267e-04 1.408004e-03 1.271579e-03
9.907377e+00 1.354015e-03 1.086009e-03 1.570987e-03 1.405049e-03
9.959377e+00 1.491708e-03 1.196439e-03 1.733215e-03 1.545468e-03
1.001138e+01 1.626715e-03 1.303911e-03 1.891212e-03 1.685023e-03
1.006338e+01 1.755783e-03 1.407575e-03 2.042519e-03 1.817256e-03
1.011538e+01 1.877355e-03 1.506877e-03 2.186501e-03 1.938688e-03
1.016738e+01 1.992040e-03 1.601994e-03 2.324352e-03 2.049776e-03
1.021938e+01 2.102060e-03 1.693856e-03 2.458025e-03 2.154301e-03
1.027138e+01 2.209746e-03 1.783650e-03 2.588566e-03 2.257022e-03
1.032338e+01 2.315877e-03 1.872141e-03 2.714895e-03 2.360596e-03
1.037538e+01 2.418933e-03 1.959362e-03 2.834005e-03 2.463431e-03
1.042738e+01 2.515858e-03 2.045029e-03 2.942751e-03 2.559794e-03
1.047938e+01 2.604081e-03 2.129569e-03 3.040402e-03 2.642271e-03
1.053138e+01 2.683685e-03 2.215164e-03 3.130513e-03 2.705378e-03
1.058338e+01 2.758493e-03 2.306076e-03 3.220868e-03 2.748535e-03
1.063538e+01 2.835363e-03 2.407762e-03 3.321151e-03 2.777177e-03
1.068738e+01 2.921896e-03 2.524822e-03 3.439036e-03 2.801830e-03
1.073938e+01 3.023458e-03 2.658382e-03 3.576124e-03 2.835869e-03
1.079138e+01 3.140703e-03 2.803938e-03 3.725294e-03 2.892878e-03
1.084338e+01 3.268474e-03 2.950710e-03 3.870636e-03 2.984076e-03
1.089538e+01 3.396450e-03 3.083123e-03 3.990321e-03 3.115905e-03
1.094738e+01 3.511264e-03 3.184236e-03 4.061734e-03 3.287822e-03
1.099938e+01 3.599408e-03 3.240037e-03 4.067394e-03 3.490793e-03
1.105138e+01 3.650099e-03 3.243110e-03 3.999779e-03 3.707408e-03
1.110338e+01 3.657473e-03 3.194388e-03 3.863579e-03 3.914452e-03
1.115538e+01 3.621786e-03 3.102536e-03 3.674822e-03 4.088000e-03
1.120738e+01 3.549576e-03 2.981460e-03 3.457340e-03 4.209926e-03
1.125938e+01 3.452797e-03 2.846973e-03 3.237737e-03 4.273682e-03
1.131138e+01 3.346945e-03 2.713617e-03 3.040148e-03 4.287070e-03
1.136338e+01 3.248281e-03 2.592303e-03 2.881878e-03 4.270662e-03
1.141538e+01 3.170621e-03 2.489005e-03 2.770691e-03 4.252168e-03
1.146738e+01 3.122502e-03 2.404569e-03 2.704232e-03 4.258704e-03
1.151938e+01 3.105670e-03 2.335616e-03 2.671733e-03 4.309659e-03
1.157138e+01 3.115475e-03 2.276335e-03 2.657602e-03 4.412487e-03
1.162338e+01 3.143036e-03 2.220746e-03 2.645938e-03 4.562422e-03
1.167538e+01 3.178342e-03 2.164744e-03 2.624644e-03 4.745638e-03
1.172738e+01 3.213143e-03 2.107228e-03 2.587908e-03 4.944294e-03
1.177938e+01 3.242636e-03 2.049986e-03 2.536430e-03 5.141493e-03
1.183138e+01 3.265484e-03 1.996443e-03 2.475554e-03 5.324454e-03
1.188338e+01 3.282279e-03 1.949849e-03 2.412152e-03 5.484835e-03
1.193538e+01 3.293072e-03 1.911595e-03 2.351402e-03 5.616219e-03
1.198738e+01 3.294900e-03 1.880248e-03 2.294502e-03 5.709950e-03
1.203938e+01 3.280397e-03 1.851591e-03 2.238056e-03 5.751544e-03
1.209138e+01 3.238330e-03 1.819644e-03 2.175274e-03 5.720072e-03
1.214338e+01 3.156285e-03 1.778328e-03 2.098589e-03 5.591937e-03
1.219538e+01 3.024788e-03 1.723291e-03 2.002725e-03 5.348348e-03
1.224738e+01 2.841346e-03 1.653272e-03 1.887075e-03 4.983691e-03
1.229938e+01 2.612690e-03 1.570578e-03 1.756458e-03 4.511033e-03
1.235138e+01 2.354135e-03 1.480495e-03 1.619979e-03 3.961931e-03
1.240338e+01 2.086174e-03 1.389856e-03 1.488466e-03 3.380200e-03
1.245538e+01 1.829602e-03 1.305286e-03 1.371536e-03 2.811984e-03
1.250738e+01 1.601001e-03 1.231692e-03 1.275367e-03 2.295945e-03
1.255938e+01 1.410080e-03 1.171433e-03 1.201859e-03 1.856949e-03
1.261138e+01 1.259400e-03 1.124289e-03 1.149217e-03 1.504694e-03
1.266338e+01 1.146018e-03 1.088076e-03 1.113435e-03 1.236542e-03
1.271538e+01 1.063991e-03 1.059598e-03 1.089967e-03 1.042407e-03
1.276738e+01 1.006671e-03 1.035598e-03 1.074975e-03 9.094405e-04
1.281938e+01 9.681622e-04 1.013464e-03 1.065916e-03 8.251062e-04
1.287138e+01 9.438302e-04 9.915610e-04 1.061527e-03 7.784028e-04
1.292338e+01 9.301457e-04 9.691643e-04 1.061471e-03 7.598018e-04
1.297538e+01 9.242496e-04 9.461141e-04 1.065890e-03 7.607444e-04
1.302738e+01 9.235627e-04 9.223522e-04 1.075011e-03 7.733251e-04
1.307938e+01 9.255980e-04 8.975689e-04 1.088839e-03 7.903865e-04
1.313138e+01 9.279932e-04 8.711235e-04 1.106943e-03 8.059132e-04
1.318338e+01 9.286905e-04 8.422738e-04 1.128329e-03 8.154683e-04
1.323538e+01 9.261533e-04 8.105868e-04 1.151415e-03 8.164585e-04
1.328738e+01 9.195162e-04 7.762986e-04 1.174105e-03 8.081443e-04
1.333938e+01 9.086019e-04 7.404210e-04 1.193955e-03 7.914292e-04
1.339138e+01 8.938085e-04 7.045551e-04 1.208375e-03 7.684957e-04
1.344338e+01 8.759319e-04 6.705760e-04 1.214885e-03 7.423342e-04
1.349538e+01 8.560297e-04 6.404706e-04 1.211444e-03 7.161750e-04
1.354738e+01 8.354256e-04 6.165726e-04 1.196850e-03 6.928543e-04
1.359938e+01 8.159005e-04 6.022522e-04 1.171223e-03 6.742267e-04
1.365138e+01 8.000473e-04 6.028789e-04 1.136449e-03 6.608142e-04
1.370338e+01 7.916873e-04 6.266840e-04 1.096511e-03 6.518664e-04
1.375538e+01 7.961730e-04 6.850735e-04 1.057583e-03 6.458626e-04
1.380738e+01 8.203530e-04 7.919869e-04 1.027811e-03 6.412611e-04
1.385938e+01 8.719710e-04 9.620571e-04 1.016715e-03 6.371410e-04
1.391138e+01 9.583689e-04 1.207587e-03 1.034116e-03 6.334034e-04
1.396338e+01 1.084566e-03 1.534720e-03 1.088555e-03 6.304233e-04
1.401538e+01 1.251088e-03 1.939580e-03 1.185338e-03 6.283478e-04
1.406738e+01 1.452178e-03 2.405504e-03 1.324591e-03 6.264388e-04
1.411938e+01 1.675130e-03 2.902549e-03 1.499990e-03 6.228499e-04
1.417138e+01 1.901306e-03 3.390100e-03 1.698818e-03 6.149986e-04
1.422338e+01 2.108905e-03 3.822629e-03 1.903683e-03 6.004045e-04
1.427538e+01 2.276951e-03 4.157571e-03 2.095628e-03 5.776550e-04
1.432738e+01 2.389439e-03 4.363423e-03 2.257755e-03 5.471389e-04
1.437938e+01 2.438449e-03 4.425813e-03 2.378208e-03 5.113276e-04
1.443138e+01 2.425352e-03 4.349779e-03 2.451682e-03 4.745964e-04
1.448338e+01 2.359893e-03 4.157719e-03 2.479230e-03 4.427299e-04
1.453538e+01 2.257674e-03 3.883808e-03 2.466894e-03 4.223187e-04
1.458738e+01 2.137001e-03 3.566817e-03 2.423972e-03 4.202134e-04
1.463938e+01 2.016064e-03 3.243431e-03 2.361634e-03 4.431278e-04
1.469138e+01 1.911038e-03 2.943634e-03 2.292067e-03 4.974113e-04
1.474338e+01 1.835166e-03 2.688666e-03 2.227885e-03 5.889466e-04
1.479538e+01 1.798493e-03 2.491067e-03 2.181346e-03 7.230661e-04
1.484738e+01 1.807786e-03 2.355873e-03 2.163146e-03 9.043376e-04
1.489938e+01 1.866350e-03 2.282058e-03 2.180910e-03 1.136082e-03
1.495138e+01 1.973724e-03 2.263740e-03 2.237828e-03 1.419605e-03
1.500338e+01 2.125441e-03 2.291130e-03 2.331898e-03 1.753295e-03
1.505538e+01 2.313136e-03 2.351399e-03 2.456083e-03 2.131926e-03
1.510738e+01 2.525187e-03 2.429715e-03 2.599404e-03 2.546443e-03
1.515938e+01 2.747901e-03 2.510568e-03 2.748774e-03 2.984360e-03
1.521138e+01 2.967052e-03 2.579391e-03 2.891216e-03 3.430548e-03
1.526338e+01 3.169427e-03 2.624281e-03 3.015968e-03 3.868032e-03
1.531538e+01 3.343954e-03 2.637498e-03 3.115857e-03 4.278505e-03
1.536738e+01 3.482147e-03 2.616319e-03 3.187494e-03 4.642627e-03
1.541938e+01 3.577889e-03 2.562904e-03 3.230188e-03 4.940574e-03
1.547138e+01 3.626916e-03 2.483175e-03 3.244139e-03 5.153434e-03
1.552338e+01 3.626544e-03 2.385042e-03 3.228881e-03 5.265711e-03
1.557538e+01 3.576015e-03 2.276580e-03 3.182951e-03 5.268514e-03
1.562738e+01 3.477408e-03 2.164709e-03 3.105090e-03 5.162426e-03
1.567938e+01 3.336622e-03 2.054627e-03 2.996424e-03 4.958814e-03
1.573138e+01 3.163706e-03 1.949908e-03 2.862419e-03 4.678791e-03
1.578338e+01 2.972081e-03 1.852927e-03 2.713459e-03 4.349857e-03
1.583538e+01 2.776657e-03 1.765287e-03 2.563570e-03 4.001114e-03
1.588738e+01 2.591404e-03 1.688099e-03 2.427705e-03 3.658407e-03
1.593938e+01 2.427158e-03 1.622120e-03 2.318642e-03 3.340713e-03
1.599138e+01 2.290337e-03 1.567844e-03 2.244580e-03 3.058586e-03
1.604338e+01 2.182825e-03 1.525614e-03 2.208115e-03 2.814747e-03
1.609538e+01 2.102866e-03 1.495712e-03 2.206621e-03 2.606264e-03
1.614738e+01 2.046455e-03 1.478389e-03 2.233634e-03 2.427342e-03
1.619938e+01 2.008713e-03 1.473778e-03 2.280611e-03 2.271748e-03
1.625138e+01 1.984839e-03 1.481695e-03 2.338578e-03 2.134244e-03
1.630338e+01 1.970570e-03 1.501420e-03 2.399362e-03 2.010929e-03
1.635538e+01 1.962272e-03 1.531537e-03 2.456364e-03 1.898915e-03
1.640738e+01 1.956946e-03 1.569969e-03 2.504967e-03 1.795903e-03
1.645938e+01 1.952371e-03 1.614272e-03 2.542742e-03 1.700100e-03
1.651138e+01 1.947439e-03 1.662219e-03 2.569609e-03 1.610489e-03
1.656338e+01 1.942585e-03 1.712556e-03 2.587988e-03 1.527210e-03
1.661538e+01 1.940089e-03 1.765714e-03 2.602826e-03 1.451727e-03
1.666738e+01 1.944002e-03 1.824124e-03 2.621211e-03 1.386671e-03
1.671938e+01 1.959534e-03 1.891810e-03 2.651279e-03 1.335512e-03
1.677138e+01 1.991885e-03 1.973101e-03 2.700315e-03 1.302239e-03
1.682338e+01 2.044712e-03 2.070667e-03 2.772361e-03 1.291108e-03
1.687538e+01 2.118626e-03 2.183496e-03 2.866113e-03 1.306269e-03
1.692738e+01 2.210253e-03 2.305687e-03 2.974070e-03 1.351004e-03
1.697938e+01 2.312296e-03 2.426805e-03 3.083615e-03 1.426468e-03
1.703138e+01 2.414704e-03 2.533985e-03 3.179926e-03 1.530202e-03
1.708338e+01 2.506623e-03 2.615175e-03 3.249710e-03 1.654985e-03
1.713538e+01 2.578419e-03 2.662281e-03 3.284274e-03 1.788701e-03
1.718738e+01 2.623091e-03 2.672975e-03 3.280675e-03 1.915623e-03
1.723938e+01 2.636722e-03 2.650491e-03 3.240627e-03 2.019047e-03
1.729138e+01 2.618126e-03 2.601720e-03 3.167997e-03 2.084662e-03
1.734338e+01 2.568240e-03 2.534640e-03 3.066379e-03 2.103701e-03
1.739538e+01 2.489726e-03 2.456221e-03 2.938045e-03 2.074914e-03
1.744738e+01 2.386955e-03 2.371490e-03 2.784675e-03 2.004700e-03
1.749938e+01 2.266073e-03 2.283675e-03 2.609197e-03 1.905347e-03
1.755138e+01 2.134737e-03 2.194859e-03 2.417455e-03 1.791897e-03
1.760338e+01 2.001258e-03 2.106555e-03 2.218618e-03 1.678602e-03
1.765538e+01 1.873323e-03 2.019951e-03 2.023985e-03 1.576033e-03
1.770738e+01 1.756769e-03 1.935968e-03 1.844749e-03 1.489590e-03
1.775938e+01 1.654951e-03 1.855452e-03 1.689734e-03 1.419668e-03
1.781138e+01 1.568939e-03 1.779642e-03 1.564040e-03 1.363134e-03
1.786338e+01 1.498396e-03 1.710795e-03 1.468993e-03 1.315402e-03
1.791538e+01 1.442708e-03 1.652628e-03 1.403151e-03 1.272344e-03
1.796738e+01 1.401815e-03 1.610262e-03 1.363720e-03 1.231465e-03
1.801938e+01 1.376456e-03 1.589499e-03 1.347688e-03 1.192180e-03
1.807138e+01 1.367737e-03 1.595565e-03 1.352292e-03 1.155355e-03
1.812338e+01 1.376284e-03 1.631581e-03 1.374789e-03 1.122482e-03
1.817538e+01 1.401330e-03 1.697200e-03 1.411904e-03 1.094885e-03
1.822738e+01 1.440144e-03 1.787856e-03 1.459378e-03 1.073198e-03
1.827938e+01 1.488070e-03 1.894998e-03 1.511989e-03 1.057222e-03
1.833138e+01 1.539217e-03 2.007462e-03 1.564097e-03 1.046092e-03
1.838338e+01 1.587620e-03 2.113759e-03 1.610473e-03 1.038627e-03
1.843538e+01 1.628464e-03 2.204662e-03 1.647033e-03 1.033697e-03
1.848738e+01 1.658969e-03 2.275254e-03 1.671151e-03 1.030502e-03
1.853938e+01 1.678637e-03 2.325711e-03 1.681488e-03 1.028712e-03
1.859138e+01 1.688851e-03 2.360527e-03 1.677578e-03 1.028449e-03
1.864338e+01 1.692039e-03 2.386472e-03 1.659479e-03 1.030167e-03
1.869538e+01 1.690745e-03 2.410033e-03 1.627749e-03 1.034453e-03
1.874738e+01 1.686913e-03 2.435237e-03 1.583703e-03 1.041800e-03
1.879938e+01 1.681536e-03 2.462526e-03 1.529697e-03 1.052385e-03
1.885138e+01 1.674661e-03 2.488926e-03 1.469141e-03 1.065917e-03
1.890338e+01 1.665645e-03 2.509251e-03 1.406099e-03 1.081583e-03
1.895538e+01 1.653493e-03 2.517766e-03 1.344566e-03 1.098147e-03
1.900738e+01 1.637167e-03 2.509663e-03 1.287682e-03 1.114157e-03
1.905938e+01 1.615791e-03 2.481950e-03 1.237205e-03 1.128219e-03
1.911138e+01 1.588761e-03 2.433641e-03 1.193407e-03 1.139236e-03
1.916338e+01 1.555804e-03 2.365459e-03 1.155388e-03 1.146564e-03
1.921538e+01 1.517046e-03 2.279396e-03 1.121666e-03 1.150077e-03
1.926738e+01 1.473110e-03 2.178387e-03 1.090784e-03 1.150158e-03
1.931938e+01 1.425200e-03 2.066192e-03 1.061747e-03 1.147662e-03
1.937138e+01 1.375130e-03 1.947381e-03 1.034157e-03 1.143852e-03
1.942338e+01 1.325207e-03 1.827223e-03 1.008094e-03 1.140305e-03
1.947538e+01 1.277976e-03 1.711313e-03 9.838378e-04 1.138778e-03
1.952738e+01 1.235858e-03 1.604917e-03 9.616174e-04 1.141040e-03
1.957938e+01 1.200776e-03 1.512166e-03 9.414821e-04 1.148679e-03
1.963138e+01 1.173868e-03 1.435346e-03 9.233220e-04 1.162936e-03
1.968338e+01 1.155345e-03 1.374537e-03 9.069570e-04 1.184540e-03
1.973538e+01 1.144502e-03 1.327747e-03 8.921962e-04 1.213564e-03
1.978738e+01 1.139860e-03 1.291507e-03 8.788110e-04 1.249260e-03
1.983938e+01 1.139380e-03 1.261778e-03 8.664517e-04 1.289910e-03
1.989138e+01 1.140735e-03 1.234899e-03 8.545905e-04 1.332716e-03
1.994338e+01 1.141590e-03 1.208344e-03 8.425656e-04 1.373859e-03
1.999538e+01 1.139880e-03 1.181114e-03 8.297340e-04 1.408793e-03
2.004738e+01 1.134053e-03 1.153689e-03 8.156632e-04 1.432808e-03
2.009938e+01 1.123213e-03 1.127597e-03 8.002586e-04 1.441784e-03
2.015138e+01 1.107153e-03 1.104737e-03 7.837541e-04 1.432967e-03
2.020338e+01 1.086266e-03 1.086666e-03 7.665688e-04 1.405564e-03
2.025538e+01 1.061371e-03 1.074035e-03 7.491025e-04 1.360976e-03
2.030738e+01 1.033496e-03 1.066314e-03 7.315664e-04 1.302608e-03
2.035938e+01 1.003675e-03 1.061824e-03 7.139160e-04 1.235285e-03
2.041138e+01 9.727711e-04 1.058023e-03 6.958926e-04 1.164397e-03
2.046338e+01 9.413635e-04 1.051958e-03 6.771343e-04 1.094999e-03
2.051538e+01 9.097189e-04 1.040786e-03 6.573059e-04 1.031065e-03
2.056738e+01 8.778719e-04 1.022288e-03 6.362151e-04 9.751127e-04
2.061938e+01 8.458016e-04 9.952850e-04 6.139031e-04 9.282166e-04
2.067138e+01 8.136414e-04 9.598682e-04 5.907058e-04 8.903501e-04
2.072338e+01 7.818323e-04 9.173836e-04 5.672658e-04 8.608475e-04
2.077538e+01 7.511446e-04 8.701632e-04 5.444762e-04 8.387945e-04
2.082738e+01 7.225521e-04 8.210784e-04 5.233445e-04 8.232334e-04
2.087938e+01 6.970107e-04 7.730407e-04 5.048040e-04 8.131875e-04
2.093138e+01 6.752305e-04 7.285801e-04 4.895234e-04 8.075879e-04
2.098338e+01 6.575198e-04 6.895752e-04 4.777775e-04 8.052065e-04
2.103538e+01 6.437409e-04 6.571473e-04 4.694144e-04 8.046612e-04
2.108738e+01 6.333694e-04 6.316740e-04 4.639219e-04 8.045123e-04
2.113938e+01 6.256179e-04 6.128669e-04 4.605616e-04 8.034253e-04
2.119138e+01 6.195797e-04 5.998700e-04 4.585247e-04 8.003444e-04
2.124338e+01 6.143500e-04 5.913699e-04 4.570676e-04 7.946126e-04
2.129538e+01 6.091065e-04 5.857299e-04 4.556026e-04 7.859869e-04
2.134738e+01 6.031446e-04 5.811688e-04 4.537288e-04 7.745363e-04
2.139938e+01 5.958877e-04 5.759831e-04 4.512118e-04 7.604681e-04
2.145138e+01 5.868907e-04 5.687797e-04 4.479261e-04 7.439662e-04
2.150338e+01 5.758580e-04 5.586605e-04 4.437877e-04 7.251258e-04
2.155538e+01 5.626735e-04 5.452976e-04 4.387032e-04 7.040196e-04
2.160738e+01 5.474284e-04 5.288724e-04 4.325520e-04 6.808608e-04
2.165938e+01 5.304286e-04 5.099083e-04 4.252038e-04 6.561736e-04
2.171138e+01 5.121669e-04 4.890698e-04 4.165611e-04 6.308698e-04
2.176338e+01 4.932639e-04 4.670140e-04 4.066093e-04 6.061683e-04
2.181538e+01 4.743901e-04 4.443473e-04 3.954580e-04 5.833649e-04
2.186738e+01 4.561873e-04 4.216791e-04 3.833597e-04 5.635232e-04
2.191938e+01 4.392048e-04 3.997162e-04 3.707014e-04 5.471968e-04
2.197138e+01 4.238573e-04 3.793166e-04 3.579647e-04 5.342905e-04
2.202338e+01 4.104095e-04 3.614466e-04 3.456628e-04 5.241192e-04
2.207538e+01 3.989828e-04 3.470330e-04 3.342622e-04 5.156533e-04
2.212738e+01 3.895777e-04 3.367558e-04 3.241104e-04 5.078670e-04
2.217938e+01 3.821029e-04 3.308619e-04 3.153854e-04 5.000614e-04
2.223138e+01 3.764008e-04 3.290738e-04 3.080875e-04 4.920412e-04
2.228338e+01 3.722664e-04 3.306380e-04 3.020772e-04 4.840840e-04
2.233538e+01 3.694584e-04 3.344967e-04 2.971524e-04 4.767262e-04
2.238738e+01 3.677104e-04 3.395266e-04 2.931377e-04 4.704670e-04
2.243938e+01 3.667468e-04 3.447621e-04 2.899558e-04 4.655224e-04
2.249138e+01 3.663058e-04 3.495367e-04 2.876559e-04 4.617249e-04
2.254338e+01 3.661650e-04 3.535175e-04 2.863928e-04 4.585846e-04
2.259538e+01 3.661550e-04 3.566457e-04 2.863678e-04 4.554515e-04
2.264738e+01 3.661517e-04 3.590312e-04 2.877481e-04 4.516758e-04
2.269938e+01 3.660428e-04 3.608458e-04 2.905894e-04 4.466930e-04
2.275138e+01 3.656858e-04 3.622501e-04 2.947817e-04 4.400255e-04
2.280338e+01 3.648860e-04 3.633655e-04 3.000365e-04 4.312561e-04
2.285538e+01 3.634214e-04 3.642889e-04 3.059331e-04 4.200422e-04
2.290738e+01 3.611198e-04 3.651387e-04 3.120163e-04 4.062044e-04
2.295938e+01 3.579636e-04 3.661146e-04 3.179227e-04 3.898537e-04
2.301138e+01 3.541745e-04 3.675506e-04 3.234861e-04 3.714869e-04
2.306338e+01 3.502325e-04 3.699357e-04 3.287789e-04 3.519828e-04
2.311538e+01 3.468099e-04 3.738794e-04 3.340662e-04 3.324841e-04
2.316738e+01 3.446356e-04 3.800155e-04 3.396853e-04 3.142060e-04
2.321938e+01 3.443313e-04 3.888616e-04 3.458947e-04 2.982375e-04
2.327138e+01 3.462685e-04 4.006735e-04 3.527402e-04 2.853918e-04
2.332338e+01 3.504799e-04 4.153391e-04 3.599744e-04 2.761263e-04
2.337538e+01 3.566349e-04 4.323401e-04 3.670439e-04 2.705205e-04
2.342738e+01 3.640701e-04 4.507850e-04 3.731379e-04 2.682875e-04
2.347938e+01 3.718603e-04 4.694919e-04 3.772880e-04 2.688010e-04
2.353138e+01 3.789181e-04 4.871015e-04 3.785108e-04 2.711420e-04
2.358338e+01 3.841241e-04 5.022090e-04 3.759810e-04 2.741823e-04
2.363538e+01 3.864876e-04 5.135238e-04 3.692155e-04 2.767234e-04
2.368738e+01 3.853260e-04 5.200575e-04 3.582325e-04 2.776879e-04
2.373938e+01 3.804324e-04 5.213229e-04 3.436411e-04 2.763332e-04
2.379138e+01 3.721824e-04 5.174936e-04 3.266277e-04 2.724259e-04
2.384338e+01 3.615372e-04 5.094665e-04 3.088301e-04 2.663150e-04
2.389538e+01 3.499227e-04 4.987817e-04 2.921235e-04 2.588629e-04
2.394738e+01 3.389994e-04 4.873931e-04 2.783631e-04 2.512419e-04
2.399938e+01 3.303685e-04 4.773263e-04 2.691341e-04 2.446452e-04
2.405138e+01 3.252769e-04 4.702886e-04 2.655468e-04 2.399951e-04
2.410338e+01 3.243839e-04 4.673190e-04 2.681062e-04 2.377264e-04
2.415538e+01 3.276470e-04 4.685680e-04 2.766682e-04 2.377048e-04
2.420738e+01 3.343608e-04 4.732866e-04 2.904955e-04 2.393004e-04
2.425938e+01 3.433534e-04 4.800589e-04 3.084062e-04 2.415952e-04
2.431138e+01 3.533012e-04 4.872374e-04 3.289959e-04 2.436703e-04
2.436338e+01 3.630814e-04 4.934600e-04 3.508881e-04 2.448959e-04
2.441538e+01 3.720579e-04 4.980750e-04 3.729521e-04 2.451466e-04
2.446738e+01 3.802112e-04 5.013220e-04 3.944289e-04 2.448826e-04
2.451938e+01 3.880671e-04 5.041991e-04 4.149331e-04 2.450693e-04
2.457138e+01 3.964533e-04 5.080748e-04 4.343394e-04 2.469456e-04
2.462338e+01 4.061696e-04 5.141963e-04 4.526115e-04 2.517008e-04
2.467538e+01 4.176904e-04 5.232732e-04 4.696513e-04 2.601467e-04
2.472738e+01 4.309957e-04 5.352668e-04 4.852314e-04 2.724890e-04
2.477938e+01 4.455761e-04 5.494197e-04 4.990341e-04 2.882744e-04
2.483138e+01 4.605934e-04 5.644769e-04 5.107661e-04 3.065372e-04
2.488338e+01 4.751290e-04 5.790038e-04 5.202903e-04 3.260928e-04
2.493538e+01 4.884346e-04 5.917073e-04 5.277218e-04 3.458746e-04
2.498738e+01 5.001148e-04 6.016893e-04 5.334598e-04 3.651954e-04
2.503938e+01 5.101971e-04 6.085836e-04 5.381549e-04 3.838527e-04
2.509138e+01 5.190790e-04 6.125510e-04 5.426221e-04 4.020639e-04
2.514338e+01 5.273778e-04 6.141381e-04 5.477058e-04 4.202895e-04
2.519538e+01 5.357294e-04 6.140486e-04 5.541021e-04 4.390374e-04
2.524738e+01 5.446038e-04 6.129146e-04 5.621618e-04 4.587350e-04
2.529938e+01 5.541990e-04 6.111601e-04 5.717278e-04 4.797093e-04
2.535138e+01 5.644483e-04 6.090034e-04 5.820862e-04 5.022553e-04
2.540338e+01 5.751317e-04 6.065721e-04 5.920978e-04 5.267253e-04
2.545538e+01 5.860364e-04 6.040410e-04 6.005112e-04 5.535570e-04
2.550738e+01 5.970852e-04 6.016969e-04 6.063705e-04 5.831881e-04
2.555938e+01 6.083626e-04 5.998793e-04 6.093602e-04 6.158483e-04
2.561138e+01 6.200119e-04 5.988262e-04 6.099297e-04 6.512799e-04
2.566338e+01 6.320374e-04 5.985125e-04 6.091267e-04 6.884731e-04
2.571538e+01 6.440960e-04 5.985788e-04 6.081923e-04 7.255167e-04
2.576738e+01 6.553782e-04 5.984062e-04 6.080795e-04 7.596489e-04
2.581938e+01 6.646518e-04 5.973192e-04 6.090877e-04 7.875485e-04
2.587138e+01 6.704801e-04 5.948399e-04 6.107502e-04 8.058504e-04
2.592338e+01 6.715608e-04 5.908846e-04 6.119998e-04 8.117979e-04
2.597538e+01 6.670820e-04 5.858233e-04 6.115386e-04 8.038842e-04
2.602738e+01 6.569854e-04 5.803780e-04 6.082714e-04 7.823067e-04
2.607938e+01 6.420519e-04 5.754092e-04 6.016672e-04 7.490794e-04
2.613138e+01 6.237901e-04 5.716849e-04 5.919549e-04 7.077305e-04
2.618338e+01 6.041603e-04 5.697230e-04 5.801186e-04 6.626393e-04
2.623538e+01 5.852187e-04 5.697583e-04 5.677120e-04 6.181856e-04
2.628738e+01 5.687734e-04 5.718184e-04 5.565466e-04 5.779551e-04
2.633938e+01 5.561304e-04 5.758511e-04 5.483292e-04 5.442110e-04
2.639138e+01 5.479691e-04 5.818312e-04 5.443327e-04 5.177432e-04
2.644338e+01 5.443439e-04 5.897918e-04 5.451732e-04 4.980667e-04
2.649538e+01 5.447815e-04 5.997608e-04 5.507398e-04 4.838439e-04
2.654738e+01 5.484282e-04 6.116264e-04 5.602828e-04 4.733753e-04
2.659938e+01 5.542154e-04 6.249915e-04 5.726175e-04 4.650371e-04
2.665138e+01 5.610305e-04 6.391056e-04 5.863802e-04 4.576057e-04
2.670338e+01 5.678874e-04 6.529440e-04 6.002677e-04 4.504504e-04
2.675538e+01 5.740868e-04 6.654496e-04 6.132167e-04 4.435942e-04
2.680738e+01 5.793346e-04 6.758656e-04 6.245025e-04 4.376358e-04
2.685938e+01 5.837737e-04 6.840214e-04 6.337618e-04 4.335378e-04
2.691138e+01 5.878997e-04 6.904314e-04 6.409542e-04 4.323135e-04
2.696338e+01 5.923708e-04 6.961400e-04 6.462874e-04 4.346852e-04
2.701538e+01 5.977734e-04 7.023648e-04 6.501417e-04 4.408137e-04
2.706738e+01 6.044340e-04 7.100926e-04 6.530279e-04 4.501814e-04
2.711938e+01 6.123558e-04 7.198116e-04 6.555977e-04 4.616582e-04
2.717138e+01 6.213036e-04 7.315005e-04 6.586920e-04 4.737185e-04
2.722338e+01 6.309901e-04 7.448643e-04 6.633777e-04 4.847282e-04
2.727538e+01 6.412696e-04 7.596812e-04 6.709100e-04 4.932175e-04
2.732738e+01 6.522395e-04 7.760619e-04 6.825767e-04 4.980799e-04
2.737938e+01 6.641978e-04 7.944714e-04 6.994401e-04 4.986818e-04
2.743138e+01 6.774780e-04 8.154858e-04 7.220502e-04 4.948978e-04
2.748338e+01 6.922456e-04 8.394022e-04 7.502391e-04 4.870955e-04
2.753538e+01 7.083590e-04 8.658965e-04 7.830946e-04 4.760860e-04
2.758738e+01 7.253634e-04 8.939025e-04 8.191464e-04 4.630412e-04
2.763938e+01 7.426170e-04 9.217673e-04 8.567107e-04 4.493730e-04
2.769138e+01 7.594884e-04 9.476138e-04 8.942727e-04 4.365787e-04
2.774338e+01 7.755375e-04 9.697594e-04 9.307736e-04 4.260797e-04
2.779538e+01 7.906153e-04 9.870501e-04 9.657105e-04 4.190852e-04
2.784738e+01 8.048653e-04 9.990414e-04 9.990443e-04 4.165100e-04
2.789938e+01 8.186478e-04 1.006024e-03 1.030979e-03 4.189402e-04
2.795138e+01 8.324174e-04 1.008921e-03 1.061709e-03 4.266222e-04
2.800338e+01 8.465756e-04 1.009071e-03 1.091209e-03 4.394470e-04
2.805538e+01 8.613162e-04 1.007906e-03 1.119109e-03 4.569333e-04
2.810738e+01 8.764928e-04 1.006565e-03 1.144666e-03 4.782480e-04
2.815938e+01 8.915571e-04 1.005552e-03 1.166813e-03 5.023062e-04
2.821138e+01 9.056127e-04 1.004568e-03 1.184311e-03 5.279590e-04
2.826338e+01 9.175946e-04 1.002613e-03 1.195952e-03 5.542183e-04
2.831538e+01 9.265273e-04 9.983425e-04 1.200814e-03 5.804255e-04
2.836738e+01 9.317735e-04 9.905416e-04 1.198486e-03 6.062928e-04
2.841938e+01 9.331852e-04 9.785325e-04 1.189222e-03 6.318012e-04
2.847138e+01 9.311173e-04 9.623596e-04 1.173977e-03 6.570152e-04
2.852338e+01 9.263153e-04 9.427192e-04 1.154320e-03 6.819070e-04
2.857538e+01 9.197318e-04 9.207074e-04 1.132224e-03 7.062638e-04
2.862738e+01 9.123321e-04 8.975198e-04 1.109781e-03 7.296951e-04
2.867938e+01 9.049318e-04 8.742291e-04 1.088855e-03 7.517114e-04
2.873138e+01 8.980869e-04 8.516954e-04 1.070744e-03 7.718217e-04
2.878338e+01 8.920427e-04 8.305942e-04 1.055915e-03 7.896185e-04
2.883538e+01 8.867428e-04 8.114948e-04 1.043890e-03 8.048436e-04
2.888738e+01 8.818960e-04 7.949200e-04 1.033327e-03 8.174406e-04
2.893938e+01 8.770864e-04 7.813459e-04 1.022324e-03 8.275889e-04
2.899138e+01 8.719032e-04 7.711479e-04 1.008865e-03 8.356970e-04
2.904338e+01 8.660561e-04 7.645261e-04 9.913151e-04 8.423272e-04
2.909538e+01 8.594471e-04 7.614462e-04 9.688462e-04 8.480489e-04
2.914738e+01 8.521835e-04 7.616200e-04 9.416713e-04 8.532591e-04
2.919938e+01 8.445389e-04 7.645253e-04 9.110559e-04 8.580353e-04
2.925138e+01 8.368851e-04 7.694583e-04 8.791068e-04 8.620901e-04
2.930338e+01 8.296226e-04 7.756135e-04 8.484041e-04 8.648501e-04
2.935538e+01 8.231302e-04 7.821915e-04 8.215678e-04 8.656315e-04
2.940738e+01 8.177392e-04 7.885292e-04 8.008475e-04 8.638409e-04
2.945938e+01 8.137227e-04 7.942304e-04 7.878048e-04 8.591329e-04
2.951138e+01 8.112899e-04 7.992589e-04 7.831254e-04 8.514853e-04
2.956338e+01 8.105772e-04 8.039550e-04 7.865728e-04 8.412037e-04
2.961538e+01 8.116376e-04 8.089496e-04 7.970717e-04 8.288914e-04
2.966738e+01 8.144335e-04 8.149849e-04 8.128990e-04 8.154166e-04
2.971938e+01 8.188343e-04 8.226765e-04 8.319461e-04 8.018801e-04
2.977138e+01 8.246163e-04 8.322778e-04 8.520148e-04 7.895562e-04
2.982338e+01 8.314641e-04 8.435098e-04 8.711037e-04 7.797788e-04
2.987538e+01 8.389771e-04 8.555136e-04 8.876476e-04 7.737702e-04
2.992738e+01 8.466937e-04 8.669508e-04 9.006782e-04 7.724522e-04
2.997938e+01 8.541423e-04 8.762410e-04 9.098822e-04 7.763037e-04
3.003138e+01 8.609144e-04 8.818807e-04 9.155471e-04 7.853155e-04
3.008338e+01 8.667366e-04 8.827634e-04 9.183987e-04 7.990479e-04
3.013538e+01 8.715078e-04 8.784176e-04 9.193590e-04 8.167468e-04
3.018738e+01 8.752802e-04 8.691066e-04 9.192745e-04 8.374597e-04
3.023938e+01 8.781919e-04 8.557670e-04 9.186938e-04 8.601150e-04
3.029138e+01 8.803821e-04 8.398068e-04 9.177664e-04 8.835730e-04
3.034338e+01 8.819319e-04 8.228089e-04 9.163033e-04 9.066837e-04
3.039538e+01 8.828535e-04 8.062105e-04 9.139784e-04 9.283718e-04
3.044738e+01 8.831211e-04 7.910387e-04 9.105884e-04 9.477364e-04
3.049938e+01 8.827196e-04 7.777744e-04 9.062649e-04 9.641195e-04
3.055138e+01 8.816849e-04 7.663836e-04 9.015586e-04 9.771125e-04
3.060338e+01 8.801290e-04 7.565016e-04 8.973754e-04 9.865098e-04
3.065538e+01 8.782528e-04 7.476991e-04 8.947979e-04 9.922613e-04
3.070738e+01 8.763549e-04 7.397292e-04 8.948558e-04 9.944797e-04
3.075938e+01 8.748277e-04 7.326690e-04 8.982959e-04 9.935180e-04
3.081138e+01 8.741254e-04 7.269194e-04 9.053920e-04 9.900649e-04
3.086338e+01 8.746920e-04 7.230830e-04 9.158203e-04 9.851728e-04
3.091538e+01 8.768521e-04 7.217736e-04 9.286322e-04 9.801507e-04
3.096738e+01 8.806945e-04 7.234116e-04 9.423519e-04 9.763200e-04
3.101938e+01 8.859915e-04 7.280506e-04 9.552053e-04 9.747184e-04
3.107138e+01 8.921955e-04 7.352707e-04 9.654442e-04 9.758717e-04
3.112338e+01 8.985331e-04 7.441751e-04 9.716879e-04 9.797362e-04
3.117538e+01 9.041789e-04 7.535154e-04 9.731847e-04 9.858366e-04
3.122738e+01 9.084610e-04 7.619347e-04 9.699087e-04 9.935396e-04
3.127938e+01 9.110256e-04 7.682742e-04 9.624583e-04 1.002344e-03
3.133138e+01 9.119030e-04 7.718461e-04 9.517884e-04 1.012075e-03
3.138338e+01 9.114512e-04 7.725830e-04 9.388706e-04 1.022900e-03
3.143538e+01 9.102022e-04 7.710111e-04 9.244063e-04 1.035189e-03
3.148738e+01 9.086715e-04 7.680594e-04 9.086998e-04 1.049255e-03
3.153938e+01 9.071981e-04 7.647703e-04 8.917353e-04 1.065089e-03
3.159138e+01 9.058624e-04 7.620012e-04 8.734164e-04 1.082170e-03
3.164338e+01 9.044928e-04 7.601996e-04 8.538586e-04 1.099420e-03
3.169538e+01 9.027440e-04 7.593053e-04 8.336078e-04 1.115319e-03
3.174738e+01 9.002169e-04 7.587958e-04 8.136949e-04 1.128160e-03
3.179938e+01 8.965905e-04 7.578555e-04 7.955098e-04 1.136406e-03
3.185138e+01 8.917383e-04 7.556181e-04 7.805427e-04 1.139054e-03
3.190338e+01 8.858022e-04 7.514193e-04 7.700759e-04 1.135911e-03
3.195538e+01 8.791958e-04 7.449862e-04 7.649056e-04 1.127695e-03
3.200738e+01 8.725256e-04 7.365097e-04 7.651602e-04 1.115907e-03
3.205938e+01 8.664468e-04 7.265759e-04 7.702508e-04 1.102514e-03
3.211138e+01 8.615001e-04 7.159779e-04 7.789757e-04 1.089547e-03
3.216338e+01 8.579920e-04 7.054764e-04 7.897604e-04 1.078739e-03
3.221538e+01 8.559572e-04 6.955927e-04 8.009869e-04 1.071292e-03
3.226738e+01 8.552075e-04 6.865048e-04 8.113245e-04 1.067793e-03
3.231938e+01 8.554260e-04 6.780684e-04 8.199652e-04 1.068244e-03
3.237138e+01 8.562523e-04 6.699334e-04 8.266893e-04 1.072134e-03
3.242338e+01 8.573241e-04 6.616956e-04 8.317432e-04 1.078533e-03
3.247538e+01 8.582722e-04 6.530259e-04 8.355798e-04 1.086211e-03
3.252738e+01 8.587072e-04 6.437469e-04 8.385655e-04 1.093809e-03
3.257938e+01 8.582359e-04 6.338553e-04 8.407718e-04 1.100081e-03
3.263138e+01 8.565316e-04 6.235063e-04 8.419327e-04 1.104156e-03
3.268338e+01 8.534369e-04 6.129732e-04 8.415741e-04 1.105763e-03
3.273538e+01 8.490518e-04 6.025852e-04 8.392453e-04 1.105325e-03
3.278738e+01 8.437574e-04 5.926442e-04 8.347341e-04 1.103894e-03
3.283938e+01 8.381528e-04 5.833308e-04 8.281624e-04 1.102965e-03
3.289138e+01 8.329313e-04 5.746239e-04 8.199269e-04 1.104243e-03
3.294338e+01 8.287476e-04 5.662712e-04 8.105420e-04 1.109429e-03
3.299538e+01 8.261251e-04 5.578381e-04 8.004939e-04 1.120043e-03
3.304738e+01 8.254218e-04 5.488341e-04 7.902022e-04 1.137229e-03
3.309938e+01 8.268321e-04 5.388883e-04 7.801112e-04 1.161497e-03
3.315138e+01 8.303886e-04 5.279145e-04 7.708423e-04 1.192409e-03
3.320338e+01 8.359405e-04 5.162101e-04 7.632882e-04 1.228323e-03
3.325538e+01 8.431199e-04 5.044469e-04 7.585580e-04 1.266355e-03
3.330738e+01 8.513359e-04 4.935539e-04 7.577585e-04 1.302695e-03
3.335938e+01 8.598393e-04 4.845258e-04 7.616965e-04 1.333296e-03
3.341138e+01 8.678711e-04 4.782194e-04 7.706314e-04 1.354762e-03
3.346338e+01 8.748613e-04 4.752003e-04 7.841896e-04 1.365194e-03
3.351538e+01 8.806082e-04 4.756834e-04 8.014758e-04 1.364666e-03
3.356738e+01 8.853554e-04 4.795693e-04 8.213222e-04 1.355175e-03
3.361938e+01 8.897197e-04 4.865448e-04 8.425651e-04 1.340049e-03
3.367138e+01 8.944828e-04 4.961921e-04 8.642409e-04 1.323015e-03
3.372338e+01 9.003194e-04 5.080587e-04 8.856556e-04 1.307244e-03
3.377538e+01 9.075678e-04 5.216658e-04 9.063483e-04 1.294689e-03
3.382738e+01 9.161252e-04 5.364688e-04 9.260168e-04 1.285890e-03
3.387938e+01 9.254983e-04 5.518094e-04 9.444630e-04 1.280222e-03
3.393138e+01 9.349719e-04 5.669057e-04 9.615749e-04 1.276435e-03
3.398338e+01 9.438217e-04 5.809140e-04 9.773238e-04 1.273227e-03
3.403538e+01 9.514996e-04 5.930668e-04 9.917411e-04 1.269691e-03
3.408738e+01 9.577432e-04 6.028531e-04 1.004866e-03 1.265510e-03
3.413938e+01 9.625985e-04 6.101787e-04 1.016691e-03 1.260926e-03
3.419138e+01 9.663623e-04 6.154368e-04 1.027134e-03 1.256516e-03
3.424338e+01 9.694634e-04 6.194453e-04 1.036075e-03 1.252870e-03
3.429538e+01 9.723122e-04 6.232641e-04 1.043408e-03 1.250265e-03
3.434738e+01 9.751578e-04 6.279536e-04 1.049070e-03 1.248450e-03
3.439938e+01 9.779989e-04 6.343675e-04 1.053000e-03 1.246629e-03
3.445138e+01 9.805853e-04 6.430447e-04 1.055040e-03 1.243671e-03
3.450338e+01 9.825173e-04 6.542209e-04 1.054849e-03 1.238482e-03
3.455538e+01 9.834128e-04 6.679194e-04 1.051931e-03 1.230388e-03
3.460738e+01 9.830782e-04 6.840544e-04 1.045815e-03 1.219365e-03
3.465938e+01 9.816146e-04 7.024831e-04 1.036340e-03 1.206021e-03
3.471138e+01 9.794114e-04 7.229831e-04 1.023915e-03 1.191336e-03
3.476338e+01 9.770290e-04 7.451789e-04 1.009614e-03 1.176294e-03
3.481538e+01 9.750203e-04 7.684776e-04 9.950378e-04 1.161546e-03
3.486738e+01 9.737693e-04 7.920824e-04 9.819737e-04 1.147252e-03
3.491938e+01 9.734152e-04 8.151193e-04 9.720026e-04 1.133124e-03
3.497138e+01 9.738884e-04 8.368486e-04 9.661911e-04 1.118625e-03
3.502338e+01 9.750290e-04 8.568786e-04 9.649748e-04 1.103234e-03
3.507538e+01 9.767212e-04 8.752727e-04 9.682358e-04 1.086655e-03
3.512738e+01 9.789727e-04 8.924824e-04 9.754976e-04 1.068938e-03
3.517938e+01 9.819028e-04 9.091173e-04 9.861225e-04 1.050469e-03
3.523138e+01 9.856456e-04 9.256471e-04 9.994123e-04 1.031877e-03
3.528338e+01 9.902150e-04 9.421685e-04 1.014575e-03 1.013901e-03
3.533538e+01 9.953934e-04 9.583442e-04 1.030598e-03 9.972377e-04
3.538738e+01 1.000699e-03 9.735428e-04 1.046124e-03 9.824304e-04
3.543938e+01 1.005461e-03 9.871270e-04 1.059457e-03 9.697994e-04
3.549138e+01 1.008995e-03 9.987839e-04 1.068759e-03 9.594422e-04
3.554338e+01 1.010837e-03 1.008786e-03 1.072417e-03 9.513066e-04
3.559538e+01 1.010960e-03 1.018104e-03 1.069457e-03 9.453173e-04
3.564738e+01 1.009890e-03 1.028326e-03 1.059834e-03 9.415091e-04
3.569938e+01 1.008661e-03 1.041394e-03 1.044481e-03 9.401082e-04
3.575138e+01 1.008595e-03 1.059184e-03 1.025089e-03 9.415111e-04
3.580338e+01 1.010958e-03 1.083017e-03 1.003707e-03 9.461498e-04
3.585538e+01 1.016607e-03 1.113217e-03 9.823181e-04 9.542852e-04
3.590738e+01 1.025720e-03 1.148844e-03 9.625132e-04 9.658040e-04
3.595938e+01 1.037719e-03 1.187724e-03 9.453218e-04 9.801093e-04
3.601138e+01 1.051374e-03 1.226787e-03 9.311741e-04 9.961610e-04
3.606338e+01 1.065086e-03 1.262648e-03 9.199420e-04 1.012668e-03
3.611538e+01 1.077223e-03 1.292269e-03 9.110274e-04 1.028374e-03
3.616738e+01 1.086450e-03 1.313522e-03 9.035017e-04 1.042326e-03
3.621938e+01 1.091948e-03 1.325498e-03 8.963146e-04 1.054030e-03
3.627138e+01 1.093501e-03 1.328521e-03 8.885630e-04 1.063419e-03
3.632338e+01 1.091437e-03 1.323895e-03 8.797563e-04 1.070659e-03
3.637538e+01 1.086454e-03 1.313493e-03 8.699879e-04 1.075881e-03
3.642738e+01 1.079404e-03 1.299313e-03 8.599314e-04 1.078967e-03
3.647938e+01 1.071076e-03 1.283068e-03 8.506458e-04 1.079514e-03
3.653138e+01 1.062053e-03 1.265918e-03 8.432509e-04 1.076991e-03
3.658338e+01 1.052645e-03 1.248317e-03 8.385891e-04 1.071028e-03
3.663538e+01 1.042905e-03 1.230034e-03 8.369951e-04 1.061686e-03
3.668738e+01 1.032700e-03 1.210286e-03 8.382427e-04 1.049571e-03
3.673938e+01 1.021795e-03 1.188005e-03 8.416634e-04 1.035718e-03
3.679138e+01 1.009939e-03 1.162170e-03 8.463597e-04 1.021287e-03
3.684338e+01 9.969222e-04 1.132158e-03 8.514107e-04 1.007198e-03
3.689538e+01 9.826244e-04 1.098023e-03 8.559916e-04 9.938583e-04
3.694738e+01 9.670346e-04 1.060621e-03 8.593966e-04 9.810863e-04
3.699938e+01 9.502622e-04 1.021510e-03 8.610191e-04 9.682573e-04
3.705138e+01 9.325370e-04 9.826566e-04 8.603637e-04 9.545906e-04
3.710338e+01 9.142047e-04 9.460144e-04 8.571372e-04 9.394625e-04
3.715538e+01 8.957219e-04 9.131380e-04 8.513902e-04 9.226374e-04
3.720738e+01 8.776459e-04 8.849467e-04 8.436295e-04 9.043613e-04
3.725938e+01 8.606142e-04 8.617101e-04 8.348077e-04 8.853249e-04
3.731138e+01 8.453034e-04 8.432250e-04 8.261499e-04 8.665354e-04
3.736338e+01 8.323596e-04 8.290863e-04 8.188535e-04 8.491390e-04
3.741538e+01 8.223035e-04 8.189352e-04 8.137593e-04 8.342159e-04
3.746738e+01 8.154238e-04 8.125917e-04 8.111167e-04 8.225630e-04
3.751938e+01 8.116900e-04 8.100422e-04 8.105286e-04 8.144993e-04
3.757138e+01 8.107245e-04 8.113109e-04 8.111054e-04 8.097573e-04
3.762338e+01 8.118677e-04 8.162947e-04 8.117793e-04 8.075290e-04
3.767538e+01 8.143402e-04 8.246526e-04 8.116737e-04 8.066945e-04
3.772738e+01 8.174639e-04 8.358164e-04 8.103977e-04 8.061777e-04
3.777938e+01 8.208627e-04 8.491267e-04 8.081637e-04 8.052976e-04
3.783138e+01 8.245592e-04 8.640266e-04 8.056922e-04 8.039589e-04
3.788338e+01 8.289120e-04 8.801986e-04 8.039514e-04 8.025859e-04
3.793538e+01 8.343987e-04 8.975439e-04 8.038336e-04 8.018187e-04
3.798738e+01 8.413214e-04 9.159771e-04 8.058797e-04 8.021073e-04
3.803938e+01 8.495429e-04 9.351139e-04 8.101176e-04 8.033974e-04
3.809138e+01 8.583669e-04 9.540041e-04 8.160335e-04 8.050630e-04
3.814338e+01 8.666170e-04 9.710683e-04 8.226565e-04 8.061263e-04
3.819538e+01 8.729065e-04 9.843134e-04 8.287342e-04 8.056719e-04
3.824738e+01 8.760107e-04 9.917805e-04 8.329813e-04 8.032703e-04
3.829938e+01 8.752193e-04 9.920670e-04 8.343699e-04 7.992208e-04
3.835138e+01 8.705464e-04 9.847269e-04 8.324045e-04 7.945077e-04
3.840338e+01 8.627244e-04 9.703966e-04 8.272904e-04 7.904862e-04
3.845538e+01 8.529855e-04 9.506080e-04 8.199209e-04 7.884275e-04
3.850738e+01 8.427103e-04 9.273725e-04 8.116612e-04 7.890974e-04
3.855938e+01 8.330691e-04 9.027026e-04 8.039888e-04 7.925159e-04
3.861138e+01 8.247728e-04 8.782437e-04 7.981095e-04 7.979651e-04
3.866338e+01 8.180019e-04 8.551174e-04 7.946713e-04 8.042171e-04
3.871538e+01 8.125066e-04 8.339781e-04 7.936550e-04 8.098868e-04
3.876738e+01 8.078152e-04 8.151944e-04 7.944567e-04 8.137944e-04
3.881938e+01 8.034670e-04 7.990394e-04 7.961246e-04 8.152369e-04
3.887138e+01 7.992027e-04 7.858033e-04 7.976843e-04 8.141205e-04
3.892338e+01 7.950749e-04 7.758017e-04 7.984718e-04 8.109512e-04
3.897538e+01 7.914745e-04 7.693096e-04 7.983902e-04 8.067238e-04
3.902738e+01 7.890849e-04 7.664749e-04 7.980137e-04 8.027662e-04
3.907938e+01 7.887851e-04 7.672631e-04 7.985016e-04 8.005907e-04
3.913138e+01 7.915256e-04 7.714650e-04 8.013431e-04 8.017686e-04
3.918338e+01 7.981940e-04 7.787658e-04 8.080116e-04 8.078044e-04
3.923538e+01 8.094807e-04 7.888485e-04 8.196385e-04 8.199550e-04
3.928738e+01 8.257439e-04 8.014776e-04 8.367924e-04 8.389617e-04
3.933938e+01 8.468766e-04 8.165085e-04 8.594012e-04 8.647201e-04
3.939138e+01 8.721941e-04 8.337946e-04 8.867916e-04 8.959961e-04
3.944338e+01 9.003808e-04 8.530200e-04 9.177889e-04 9.303335e-04
3.949538e+01 9.295429e-04 8.735342e-04 9.508284e-04 9.642660e-04
3.954738e+01 9.574030e-04 8.942921e-04 9.840664e-04 9.938504e-04
3.959938e+01 9.816365e-04 9.139697e-04 1.015523e-03 1.015416e-03
3.965138e+01 1.000300e-03 9.312519e-04 1.043300e-03 1.026349e-03
3.970338e+01 1.012262e-03 9.452070e-04 1.065876e-03 1.025704e-03
3.975538e+01 1.017509e-03 9.556128e-04 1.082438e-03 1.014475e-03
3.980738e+01 1.017225e-03 9.631038e-04 1.093126e-03 9.954460e-04
3.985938e+01 1.013592e-03 9.690724e-04 1.099074e-03 9.726308e-04
3.991138e+01 1.009318e-03 9.753388e-04 1.102199e-03 9.504170e-04
3.996338e+01 1.007032e-03 9.836811e-04 1.104783e-03 9.326309e-04
4.001538e+01 1.008693e-03 9.953602e-04 1.108966e-03 9.217540e-04
4.006738e+01 1.015195e-03 1.010778e-03 1.116310e-03 9.184970e-04
4.011938e+01 1.026245e-03 1.029373e-03 1.127538e-03 9.218244e-04
4.017138e+01 1.040544e-03 1.049780e-03 1.142458e-03 9.293935e-04
4.022338e+01 1.056173e-03 1.070212e-03 1.160050e-03 9.382575e-04
4.027538e+01 1.071067e-03 1.088925e-03 1.178645e-03 9.456304e-04
4.032738e+01 1.083431e-03 1.104614e-03 1.196160e-03 9.495189e-04
4.037938e+01 1.092036e-03 1.116621e-03 1.210404e-03 9.490842e-04
4.043138e+01 1.096328e-03 1.124894e-03 1.219418e-03 9.446732e-04
4.048338e+01 1.096382e-03 1.129763e-03 1.221847e-03 9.375375e-04
4.053538e+01 1.092740e-03 1.131646e-03 1.217236e-03 9.293374e-04
4.058738e+01 1.086182e-03 1.130810e-03 1.206154e-03 9.215810e-04
4.063938e+01 1.077512e-03 1.127305e-03 1.190064e-03 9.151672e-04
4.069138e+01 1.067400e-03 1.121080e-03 1.170948e-03 9.101705e-04
4.074338e+01 1.056320e-03 1.112233e-03 1.150807e-03 9.059199e-04
4.079538e+01 1.044589e-03 1.101251e-03 1.131193e-03 9.013235e-04
4.084738e+01 1.032461e-03 1.089103e-03 1.112971e-03 8.953084e-04
4.089938e+01 1.020228e-03 1.077104e-03 1.096364e-03 8.872157e-04
4.095138e+01 1.008282e-03 1.066592e-03 1.081232e-03 8.770208e-04
4.100338e+01 9.970958e-04 1.058539e-03 1.067428e-03 8.653197e-04
4.105538e+01 9.871413e-04 1.053271e-03 1.055050e-03 8.531027e-04
4.110738e+01 9.787692e-04 1.050408e-03 1.044491e-03 8.414078e-04
4.115938e+01 9.721111e-04 1.049057e-03 1.036295e-03 8.309808e-04
4.121138e+01 9.670446e-04 1.048161e-03 1.030911e-03 8.220626e-04
4.126338e+01 9.632351e-04 1.046865e-03 1.028472e-03 8.143680e-04
4.131538e+01 9.602295e-04 1.044756e-03 1.028684e-03 8.072487e-04
4.136738e+01 9.575546e-04 1.041890e-03 1.030812e-03 7.999621e-04
4.141938e+01 9.547824e-04 1.038624e-03 1.033779e-03 7.919450e-04
4.147138e+01 9.515575e-04 1.035352e-03 1.036317e-03 7.830035e-04
4.152338e+01 9.476109e-04 1.032277e-03 1.037178e-03 7.733777e-04
4.157538e+01 9.427891e-04 1.029311e-03 1.035376e-03 7.636806e-04
4.162738e+01 9.370995e-04 1.026135e-03 1.030422e-03 7.547408e-04
4.167938e+01 9.307419e-04 1.022359e-03 1.022476e-03 7.473903e-04
4.173138e+01 9.240891e-04 1.017693e-03 1.012328e-03 7.422455e-04
4.178338e+01 9.176033e-04 1.012071e-03 1.001201e-03 7.395381e-04
4.183538e+01 9.117184e-04 1.005706e-03 9.903997e-04 7.390491e-04
4.188738e+01 9.067415e-04 9.990980e-04 9.809455e-04 7.401810e-04
4.193938e+01 9.028183e-04 9.929794e-04 9.733194e-04 7.421562e-04
4.199138e+01 8.999636e-04 9.882095e-04 9.673980e-04 7.442835e-04
4.204338e+01 8.981186e-04 9.855787e-04 9.625848e-04 7.461923e-04
4.209538e+01 8.971842e-04 9.855525e-04 9.580568e-04 7.479431e-04
4.214738e+01 8.970054e-04 9.880342e-04 9.530204e-04 7.499616e-04
4.219938e+01 8.973263e-04 9.922664e-04 9.468939e-04 7.528187e-04
4.225138e+01 8.977650e-04 9.969639e-04 9.393915e-04 7.569396e-04
4.230338e+01 8.978535e-04 1.000675e-03 9.305303e-04 7.623554e-04
4.235538e+01 8.971453e-04 1.002250e-03 9.205961e-04 7.685897e-04
4.240738e+01 8.953468e-04 1.001235e-03 9.100858e-04 7.747192e-04
4.245938e+01 8.924076e-04 9.980253e-04 8.996177e-04 7.795797e-04
4.251138e+01 8.885189e-04 9.937143e-04 8.897971e-04 7.820454e-04
4.256338e+01 8.840179e-04 9.897160e-04 8.810444e-04 7.812934e-04
4.261538e+01 8.792349e-04 9.872974e-04 8.734272e-04 7.769803e-04
4.266738e+01 8.743456e-04 9.871902e-04 8.665603e-04 7.692865e-04
4.271938e+01 8.692785e-04 9.893874e-04 8.596269e-04 7.588213e-04
4.277138e+01 8.637071e-04 9.931606e-04 8.515410e-04 7.464198e-04
4.282338e+01 8.571332e-04 9.972720e-04 8.412230e-04 7.329046e-04
4.287538e+01 8.490460e-04 1.000317e-03 8.279199e-04 7.189016e-04
4.292738e+01 8.391232e-04 1.001108e-03 8.114774e-04 7.047838e-04
4.297938e+01 8.274150e-04 9.990112e-04 7.924773e-04 6.907566e-04
4.303138e+01 8.144430e-04 9.941154e-04 7.721861e-04 6.770276e-04
4.308338e+01 8.011553e-04 9.871898e-04 7.523195e-04 6.639565e-04
4.313538e+01 7.887268e-04 9.794024e-04 7.346881e-04 6.520898e-04
4.318738e+01 7.782509e-04 9.718893e-04 7.208173e-04 6.420461e-04
4.323938e+01 7.704196e-04 9.653214e-04 7.116374e-04 6.342999e-04
4.329138e+01 7.653016e-04 9.596423e-04 7.073002e-04 6.289622e-04
4.334338e+01 7.623022e-04 9.540952e-04 7.071496e-04 6.256618e-04
4.339538e+01 7.603256e-04 9.475473e-04 7.098450e-04 6.235844e-04
4.344738e+01 7.580941e-04 9.389947e-04 7.136264e-04 6.216612e-04
4.349938e+01 7.545236e-04 9.280484e-04 7.166841e-04 6.188383e-04
4.355138e+01 7.490363e-04 9.152095e-04 7.175646e-04 6.143349e-04
4.360338e+01 7.417133e-04 9.018265e-04 7.155083e-04 6.078050e-04
4.365538e+01 7.332458e-04 8.897592e-04 7.106140e-04 5.993641e-04
4.370738e+01 7.247086e-04 8.808713e-04 7.037657e-04 5.894889e-04
4.375938e+01 7.172335e-04 8.765158e-04 6.963405e-04 5.788441e-04
4.381138e+01 7.116826e-04 8.771500e-04 6.897949e-04 5.681028e-04
4.386338e+01 7.084151e-04 8.821614e-04 6.852695e-04 5.578145e-04
4.391538e+01 7.072050e-04 8.899359e-04 6.833374e-04 5.483415e-04
4.396738e+01 7.073230e-04 8.981555e-04 6.839570e-04 5.398565e-04
4.401938e+01 7.077516e-04 9.042713e-04 6.866097e-04 5.323738e-04
4.407138e+01 7.074620e-04 9.060512e-04 6.905429e-04 5.257920e-04
4.412338e+01 7.056715e-04 9.020681e-04 6.950140e-04 5.199324e-04
4.417538e+01 7.020093e-04 8.920002e-04 6.994525e-04 5.145752e-04
4.422738e+01 6.965580e-04 8.766707e-04 7.035074e-04 5.094959e-04
4.427938e+01 6.897810e-04 8.578333e-04 7.069995e-04 5.045102e-04
4.433138e+01 6.823776e-04 8.377767e-04 7.098346e-04 4.995214e-04
4.438338e+01 6.751189e-04 8.188519e-04 7.119420e-04 4.945628e-04
4.443538e+01 6.687045e-04 8.030246e-04 7.132747e-04 4.898141e-04
4.448738e+01 6.636616e-04 7.915371e-04 7.138721e-04 4.855758e-04
4.453938e+01 6.602937e-04 7.847413e-04 7.139445e-04 4.821953e-04
4.459138e+01 6.586734e-04 7.821315e-04 7.139292e-04 4.799593e-04
4.464338e+01 6.586726e-04 7.825592e-04 7.144703e-04 4.789882e-04
4.469538e+01 6.600151e-04 7.845631e-04 7.163071e-04 4.791752e-04
4.474738e+01 6.623339e-04 7.867096e-04 7.200868e-04 4.802053e-04
4.479938e+01 6.652164e-04 7.878443e-04 7.261484e-04 4.816566e-04
4.485138e+01 6.682329e-04 7.872035e-04 7.343447e-04 4.831505e-04
4.490338e+01 6.709534e-04 7.843983e-04 7.439730e-04 4.844888e-04
4.495538e+01 6.729709e-04 7.793367e-04 7.538649e-04 4.857112e-04
4.500738e+01 6.739443e-04 7.721514e-04 7.626431e-04 4.870385e-04
4.505938e+01 6.736581e-04 7.631681e-04 7.690887e-04 4.887174e-04
4.511138e+01 6.720786e-04 7.528943e-04 7.725052e-04 4.908365e-04
4.516338e+01 6.693750e-04 7.419780e-04 7.729426e-04 4.932045e-04
4.521538e+01 6.658808e-04 7.311001e-04 7.711800e-04 4.953623e-04
4.526738e+01 6.619981e-04 7.208080e-04 7.684517e-04 4.967347e-04
4.531938e+01 6.580760e-04 7.113553e-04 7.660119e-04 4.968609e-04
4.537138e+01 6.543117e-04 7.026322e-04 7.647083e-04 4.955946e-04
4.542338e+01 6.507174e-04 6.942402e-04 7.647351e-04 4.931769e-04
4.547538e+01 6.471642e-04 6.856980e-04 7.656527e-04 4.901418e-04
4.552738e+01 6.434740e-04 6.766874e-04 7.666411e-04 4.870936e-04
4.557938e+01 6.395104e-04 6.672258e-04 7.668492e-04 4.844562e-04
4.563138e+01 6.352224e-04 6.576818e-04 7.656813e-04 4.823042e-04
4.568338e+01 6.306330e-04 6.486357e-04 7.629137e-04 4.803496e-04
4.573538e+01 6.257968e-04 6.406641e-04 7.586377e-04 4.780886e-04
4.578738e+01 6.207711e-04 6.341628e-04 7.531036e-04 4.750469e-04
4.583938e+01 6.156253e-04 6.292856e-04 7.465651e-04 4.710252e-04
4.589138e+01 6.104833e-04 6.260088e-04 7.391941e-04 4.662470e-04
4.594338e+01 6.055642e-04 6.242629e-04 7.310756e-04 4.613542e-04
4.599538e+01 6.011868e-04 6.240482e-04 7.222545e-04 4.572579e-04
4.604738e+01 5.977259e-04 6.254763e-04 7.127945e-04 4.549069e-04
4.609938e+01 5.955399e-04 6.287296e-04 7.028234e-04 4.550666e-04
4.615138e+01 5.949055e-04 6.339689e-04 6.925599e-04 4.581876e-04
4.620338e+01 5.959877e-04 6.412397e-04 6.823251e-04 4.643983e-04
4.625538e+01 5.988517e-04 6.504132e-04 6.725408e-04 4.736012e-04
4.630738e+01 6.034971e-04 6.611737e-04 6.637064e-04 4.856111e-04
4.635938e+01 6.098844e-04 6.730452e-04 6.563440e-04 5.002641e-04
4.641138e+01 6.179328e-04 6.854399e-04 6.509117e-04 5.174466e-04
4.646338e+01 6.274846e-04 6.977139e-04 6.477052e-04 5.370346e-04
4.651538e+01 6.382620e-04 7.092238e-04 6.467843e-04 5.587781e-04
4.656738e+01 6.498476e-04 7.193890e-04 6.479609e-04 5.821928e-04
4.661938e+01 6.617178e-04 7.277629e-04 6.508656e-04 6.065248e-04
4.667138e+01 6.733365e-04 7.341095e-04 6.550728e-04 6.308272e-04
4.672338e+01 6.842813e-04 7.384682e-04 6.602363e-04 6.541395e-04
4.677538e+01 6.943580e-04 7.411793e-04 6.661797e-04 6.757149e-04
4.682738e+01 7.036520e-04 7.428474e-04 6.728993e-04 6.952093e-04
4.687938e+01 7.124935e-04 7.442387e-04 6.804827e-04 7.127591e-04
4.693138e+01 7.213461e-04 7.461438e-04 6.889851e-04 7.289096e-04
4.698338e+01 7.306682e-04 7.492526e-04 6.983330e-04 7.444189e-04
4.703538e+01 7.408047e-04 7.540889e-04 7.083167e-04 7.600086e-04
4.708738e+01 7.519528e-04 7.610165e-04 7.186891e-04 7.761528e-04
4.713938e+01 7.642003e-04 7.702905e-04 7.293313e-04 7.929791e-04
4.719138e+01 7.775955e-04 7.820986e-04 7.403949e-04 8.102931e-04
4.724338e+01 7.921858e-04 7.965447e-04 7.523302e-04 8.276824e-04
4.729538e+01 8.079777e-04 8.135688e-04 7.657453e-04 8.446190e-04
4.734738e+01 8.248204e-04 8.328382e-04 7.811221e-04 8.605009e-04
4.739938e+01 8.422669e-04 8.536760e-04 7.984872e-04 8.746375e-04
4.745138e+01 8.594956e-04 8.750728e-04 8.171718e-04 8.862423e-04
4.750338e+01 8.753586e-04 8.957926e-04 8.357721e-04 8.945111e-04
4.755538e+01 8.885622e-04 9.145315e-04 8.523470e-04 8.988083e-04
4.760738e+01 8.979196e-04 9.300696e-04 8.647940e-04 8.988951e-04
4.765938e+01 9.025762e-04 9.413636e-04 8.712815e-04 8.950836e-04
4.771138e+01 9.021259e-04 9.475675e-04 8.705985e-04 8.882116e-04
4.776338e+01 8.965902e-04 9.480142e-04 8.623306e-04 8.794259e-04
4.781538e+01 8.863054e-04 9.422160e-04 8.468451e-04 8.698552e-04
4.786738e+01 8.717919e-04 9.299330e-04 8.251344e-04 8.603083e-04
4.791938e+01 8.536711e-04 9.113085e-04 7.985966e-04 8.511082e-04
4.797138e+01 8.326487e-04 8.870175e-04 7.688273e-04 8.421013e-04
4.802338e+01 8.095308e-04 8.583310e-04 7.374584e-04 8.328028e-04
4.807538e+01 7.852241e-04 8.270222e-04 7.060491e-04 8.226009e-04
4.812738e+01 7.606847e-04 7.951023e-04 6.760058e-04 8.109460e-04
4.817938e+01 7.368191e-04 7.644599e-04 6.485107e-04 7.974868e-04
4.823138e+01 7.143743e-04 7.365303e-04 6.244469e-04 7.821457e-04
4.828338e+01 6.938602e-04 7.121098e-04 6.043261e-04 7.651446e-04
4.833538e+01 6.755306e-04 6.913609e-04 5.882386e-04 7.469923e-04
4.838738e+01 6.594164e-04 6.739702e-04 5.758461e-04 7.284328e-04
4.843938e+01 6.453836e-04 6.593619e-04 5.664366e-04 7.103523e-04
4.849138e+01 6.331872e-04 6.468704e-04 5.590453e-04 6.936459e-04
4.854338e+01 6.225047e-04 6.358229e-04 5.526283e-04 6.790628e-04
4.859538e+01 6.129547e-04 6.255423e-04 5.462585e-04 6.670631e-04
4.864738e+01 6.041137e-04 6.153219e-04 5.392936e-04 6.577256e-04
4.869938e+01 5.955441e-04 6.044307e-04 5.314699e-04 6.507317e-04
4.875138e+01 5.868351e-04 5.921790e-04 5.228926e-04 6.454338e-04
4.880338e+01 5.776503e-04 5.780369e-04 5.139253e-04 6.409885e-04
4.885538e+01 5.677701e-04 5.617644e-04 5.050186e-04 6.365273e-04
4.890738e+01 5.571221e-04 5.435008e-04 4.965341e-04 6.313314e-04
4.895938e+01 5.457921e-04 5.237754e-04 4.886201e-04 6.249807e-04
4.901138e+01 5.340159e-04 5.034290e-04 4.811719e-04 6.174467e-04
4.906338e+01 5.221521e-04 4.834693e-04 4.738794e-04 6.091075e-04
4.911538e+01 5.106368e-04 4.648987e-04 4.663384e-04 6.006735e-04
4.916738e+01 4.999250e-04 4.485534e-04 4.581824e-04 5.930390e-04
4.921938e+01 4.904242e-04 4.349825e-04 4.491922e-04 5.870979e-04
4.927138e+01 4.824350e-04 4.243812e-04 4.393509e-04 5.835729e-04
4.932338e+01 4.761096e-04 4.165907e-04 4.288395e-04 5.828987e-04
4.937538e+01 4.714421e-04 4.111645e-04 4.179864e-04 5.851755e-04
4.942738e+01 4.682919e-04 4.074925e-04 4.072000e-04 5.901831e-04
4.947938e+01 4.664323e-04 4.049553e-04 3.969076e-04 5.974340e-04
4.953138e+01 4.656076e-04 4.030678e-04 3.875082e-04 6.062467e-04
4.958338e+01 4.655805e-04 4.015726e-04 3.793348e-04 6.158342e-04
4.963538e+01 4.661598e-04 4.004617e-04 3.726132e-04 6.254044e-04
4.968738e+01 4.672054e-04 3.999267e-04 3.674175e-04 6.342721e-04
4.973938e+01 4.686192e-04 4.002602e-04 3.636349e-04 6.419624e-04
4.979138e+01 4.703263e-04 4.017374e-04 3.609610e-04 6.482805e-04
4.984338e+01 4.722561e-04 4.045082e-04 3.589442e-04 6.533159e-04
4.989538e+01 4.743234e-04 4.085256e-04 3.570753e-04 6.573692e-04
4.994738e+01 4.764134e-04 4.135251e-04 3.549025e-04 6.608126e-04
4.999938e+01 4.783733e-04 4.190596e-04 3.521359e-04 6.639244e-04
5.005138e+01 4.800141e-04 4.245794e-04 3.487102e-04 6.667526e-04
5.010338e+01 4.811255e-04 4.295332e-04 3.447871e-04 6.690561e-04
5.015538e+01 4.815056e-04 4.334668e-04 3.407010e-04 6.703490e-04
5.020738e+01 4.810000e-04 4.360962e-04 3.368675e-04 6.700362e-04
5.025938e+01 4.795421e-04 4.373480e-04 3.336844e-04 6.675939e-04
5.031138e+01 4.771832e-04 4.373630e-04 3.314508e-04 6.627358e-04
5.036338e+01 4.740985e-04 4.364665e-04 3.303212e-04 6.555078e-04
5.041538e+01 4.705631e-04 4.351077e-04 3.302990e-04 6.462827e-04
5.046738e+01 4.669031e-04 4.337800e-04 3.312625e-04 6.356669e-04
5.051938e+01 4.634366e-04 4.329354e-04 3.330143e-04 6.243602e-04
5.057138e+01 4.604284e-04 4.329163e-04 3.353404e-04 6.130284e-04
5.062338e+01 4.580714e-04 4.339208e-04 3.380666e-04 6.022270e-04
5.067538e+01 4.564962e-04 4.360082e-04 3.410955e-04 5.923849e-04
5.072738e+01 4.557916e-04 4.391378e-04 3.444135e-04 5.838236e-04
5.077938e+01 4.560189e-04 4.432195e-04 3.480637e-04 5.767736e-04
5.083138e+01 4.572074e-04 4.481564e-04 3.520985e-04 5.713675e-04
5.088338e+01 4.593343e-04 4.538580e-04 3.565325e-04 5.676124e-04
5.093538e+01 4.623044e-04 4.602254e-04 3.613188e-04 5.653691e-04
5.098738e+01 4.659463e-04 4.671198e-04 3.663559e-04 5.643633e-04
5.103938e+01 4.700320e-04 4.743414e-04 3.715173e-04 5.642373e-04
5.109138e+01 4.743151e-04 4.816384e-04 3.766838e-04 5.646231e-04
5.114338e+01 4.785724e-04 4.887474e-04 3.817617e-04 5.652080e-04
5.119538e+01 4.826314e-04 4.954422e-04 3.866853e-04 5.657665e-04
5.124738e+01 4.863773e-04 5.015579e-04 3.914154e-04 5.661585e-04
5.129938e+01 4.897440e-04 5.069728e-04 3.959492e-04 5.663099e-04
5.135138e+01 4.927022e-04 5.115596e-04 4.003463e-04 5.662006e-04
5.140338e+01 4.952572e-04 5.151472e-04 4.047540e-04 5.658705e-04
5.145538e+01 4.974559e-04 5.175301e-04 4.094060e-04 5.654317e-04
5.150738e+01 4.993899e-04 5.185370e-04 4.145699e-04 5.650629e-04
5.155938e+01 5.011794e-04 5.181235e-04 4.204479e-04 5.649669e-04
5.161138e+01 5.029312e-04 5.164337e-04 4.270644e-04 5.652954e-04
5.166338e+01 5.046834e-04 5.137828e-04 4.341971e-04 5.660703e-04
5.171538e+01 5.063657e-04 5.105554e-04 4.413972e-04 5.671446e-04
5.176738e+01 5.078011e-04 5.070634e-04 4.481075e-04 5.682323e-04
5.181938e+01 5.087584e-04 5.034327e-04 4.538352e-04 5.690074e-04
5.187138e+01 5.090410e-04 4.995783e-04 4.583098e-04 5.692349e-04
5.192338e+01 5.085724e-04 4.952862e-04 4.615532e-04 5.688779e-04
5.197538e+01 5.074423e-04 4.903610e-04 4.638338e-04 5.681320e-04
5.202738e+01 5.058881e-04 4.847687e-04 4.655269e-04 5.673686e-04
5.207938e+01 5.042182e-04 4.787006e-04 4.669470e-04 5.670069e-04
5.213138e+01 5.027065e-04 4.725294e-04 4.682286e-04 5.673614e-04
5.218338e+01 5.015034e-04 4.666838e-04 4.693117e-04 5.685148e-04
5.223538e+01 5.005987e-04 4.615077e-04 4.700369e-04 5.702515e-04
5.228738e+01 4.998493e-04 4.571728e-04 4.703101e-04 5.720649e-04
5.233938e+01 4.990573e-04 4.536751e-04 4.702608e-04 5.732361e-04
5.239138e+01 4.980614e-04 4.508975e-04 4.703160e-04 5.729707e-04
5.244338e+01 4.968032e-04 4.486940e-04 4.711446e-04 5.705708e-04
5.249538e+01 4.953463e-04 4.469523e-04 4.734777e-04 5.656088e-04
5.254738e+01 4.938462e-04 4.456218e-04 4.778621e-04 5.580545e-04
5.259938e+01 4.924895e-04 4.447167e-04 4.844384e-04 5.483134e-04
5.265138e+01 4.914278e-04 4.443091e-04 4.928256e-04 5.371488e-04
5.270338e+01 4.907256e-04 4.445156e-04 5.021611e-04 5.255002e-04
5.275538e+01 4.903334e-04 4.454679e-04 5.112840e-04 5.142482e-04
5.280738e+01 4.900888e-04 4.472593e-04 5.190037e-04 5.040035e-04
5.285938e+01 4.897449e-04 4.498776e-04 5.243662e-04 4.949908e-04
5.291138e+01 4.890213e-04 4.531549e-04 5.268417e-04 4.870674e-04
5.296338e+01 4.876702e-04 4.567643e-04 5.263885e-04 4.798577e-04
5.301538e+01 4.855371e-04 4.602765e-04 5.233931e-04 4.729418e-04
5.306738e+01 4.825978e-04 4.632578e-04 5.185207e-04 4.660149e-04
5.311938e+01 4.789544e-04 4.653687e-04 5.125316e-04 4.589628e-04
5.317138e+01 4.747941e-04 4.664237e-04 5.061138e-04 4.518449e-04
5.322338e+01 4.703284e-04 4.663935e-04 4.997688e-04 4.448231e-04
5.327538e+01 4.657400e-04 4.653642e-04 4.937674e-04 4.380885e-04
5.332738e+01 4.611585e-04 4.634861e-04 4.881694e-04 4.318200e-04
5.337938e+01 4.566689e-04 4.609442e-04 4.828908e-04 4.261717e-04
5.343138e+01 4.523401e-04 4.579609e-04 4.777916e-04 4.212678e-04
5.348338e+01 4.482521e-04 4.548117e-04 4.727616e-04 4.171832e-04
5.353538e+01 4.445053e-04 4.518220e-04 4.677833e-04 4.139107e-04
5.358738e+01 4.412048e-04 4.493217e-04 4.629591e-04 4.113335e-04
5.363938e+01 4.384279e-04 4.475600e-04 4.584968e-04 4.092270e-04
5.369138e+01 4.361907e-04 4.466182e-04 4.546537e-04 4.073001e-04
5.374338e+01 4.344297e-04 4.463649e-04 4.516563e-04 4.052678e-04
5.379538e+01 4.330119e-04 4.464873e-04 4.496183e-04 4.029302e-04
5.384738e+01 4.317723e-04 4.465940e-04 4.484912e-04 4.002318e-04
5.389938e+01 4.305670e-04 4.463499e-04 4.480696e-04 3.972816e-04
5.395138e+01 4.293233e-04 4.455864e-04 4.480508e-04 3.943325e-04
5.400338e+01 4.280640e-04 4.443419e-04 4.481218e-04 3.917284e-04
5.405538e+01 4.268965e-04 4.428185e-04 4.480346e-04 3.898364e-04
5.410738e+01 4.259680e-04 4.412823e-04 4.476419e-04 3.889798e-04
5.415938e+01 4.254086e-04 4.399534e-04 4.468914e-04 3.893809e-04
5.421138e+01 4.252855e-04 4.389348e-04 4.458038e-04 3.911181e-04
5.426338e+01 4.255879e-04 4.382010e-04 4.444606e-04 3.941021e-04
5.431538e+01 4.262414e-04 4.376358e-04 4.430087e-04 3.980796e-04
5.436738e+01 4.271395e-04 4.370844e-04 4.416630e-04 4.026712e-04
5.441938e+01 4.281668e-04 4.363839e-04 4.406755e-04 4.074410e-04
5.447138e+01 4.292009e-04 4.353602e-04 4.402610e-04 4.119816e-04
5.452338e+01 4.300949e-04 4.338069e-04 4.404953e-04 4.159825e-04
5.457538e+01 4.306579e-04 4.314804e-04 4.412372e-04 4.192560e-04
5.462738e+01 4.306592e-04 4.281399e-04 4.421226e-04 4.217150e-04
5.467938e+01 4.298699e-04 4.236324e-04 4.426533e-04 4.233241e-04
5.473138e+01 4.281354e-04 4.179885e-04 4.423526e-04 4.240650e-04
5.478338e+01 4.254523e-04 4.114838e-04 4.409268e-04 4.239463e-04
5.483538e+01 4.220139e-04 4.046261e-04 4.383592e-04 4.230563e-04
5.488738e+01 4.181970e-04 3.980667e-04 4.348996e-04 4.216247e-04
5.493938e+01 4.144903e-04 3.924658e-04 4.309609e-04 4.200441e-04
5.499138e+01 4.113850e-04 3.883570e-04 4.269769e-04 4.188213e-04
5.504338e+01 4.092660e-04 3.860516e-04 4.232841e-04 4.184623e-04
5.509538e+01 4.083320e-04 3.855987e-04 4.200638e-04 4.193335e-04
5.514738e+01 4.085614e-04 3.867952e-04 4.173399e-04 4.215490e-04
5.519938e+01 4.097188e-04 3.892301e-04 4.150035e-04 4.249227e-04
5.525138e+01 4.113918e-04 3.923472e-04 4.128341e-04 4.289943e-04
5.530338e+01 4.130475e-04 3.955189e-04 4.105110e-04 4.331125e-04
5.535538e+01 4.141015e-04 3.981263e-04 4.076335e-04 4.365448e-04
5.540738e+01 4.139951e-04 3.996340e-04 4.037667e-04 4.385846e-04
5.545938e+01 4.122648e-04 3.996435e-04 3.985143e-04 4.386367e-04
