4.701022e+00 0.000000e+00 0.000000e+00 0.000000e+00 0.000000e+00
4.753022e+00 0.000000e+00 0.000000e+00 0.000000e+00 0.000000e+00
4.805022e+00 0.000000e+00 0.000000e+00 0.000000e+00 0.000000e+00
4.857022e+00 0.000000e+00 0.000000e+00 0.000000e+00 0.000000e+00
4.909022e+00 0.000000e+00 0.000000e+00 0.000000e+00 0.000000e+00
4.961022e+00 0.000000e+00 0.000000e+00 0.000000e+00 0.000000e+00
5.013022e+00 0.000000e+00 0.000000e+00 0.000000e+00 0.000000e+00
5.065022e+00 0.000000e+00 0.000000e+00 0.000000e+00 0.000000e+00
5.117022e+00 0.000000e+00 0.000000e+00 0.000000e+00 0.000000e+00
5.169022e+00 0.000000e+00 0.000000e+00 0.000000e+00 0.000000e+00
5.221022e+00 0.000000e+00 0.000000e+00 0.000000e+00 0.000000e+00
5.273022e+00 0.000000e+00 0.000000e+00 0.000000e+00 0.000000e+00
5.325022e+00 0.000000e+00 0.000000e+00 0.000000e+00 0.000000e+00
5.377022e+00 0.000000e+00 0.000000e+00 0.000000e+00 0.000000e+00
5.429022e+00 0.000000e+00 0.000000e+00 0.000000e+00 0.000000e+00
5.481022e+00 0.000000e+00 0.000000e+00 0.000000e+00 0.000000e+00
5.533022e+00 0.000000e+00 0.000000e+00 0.000000e+00 0.000000e+00
5.585022e+00 0.000000e+00 0.000000e+00 0.000000e+00 0.000000e+00
5.637022e+00 0.000000e+00 0.000000e+00 0.000000e+00 0.000000e+00
5.689022e+00 0.000000e+00 0.000000e+00 0.000000e+00 0.000000e+00
5.741022e+00 0.000000e+00 0.000000e+00 0.000000e+00 0.000000e+00
5.793022e+00 0.000000e+00 0.000000e+00 0.000000e+00 0.000000e+00
5.845022e+00 0.000000e+00 0.000000e+00 0.000000e+00 0.000000e+00
5.897022e+00 0.000000e+00 0.000000e+00 0.000000e+00 0.000000e+00
5.949022e+00 0.000000e+00 0.000000e+00 0.000000e+00 0.000000e+00
6.001022e+00 0.000000e+00 0.000000e+00 0.000000e+00 0.000000e+00
6.053022e+00 0.000000e+00 0.000000e+00 0.000000e+00 0.000000e+00
6.105022e+00 0.000000e+00 0.000000e+00 0.000000e+00 0.000000e+00
6.157022e+00 0.000000e+00 0.000000e+00 0.000000e+00 0.000000e+00
6.209022e+00 0.000000e+00 0.000000e+00 0.000000e+00 0.000000e+00
6.261022e+00 0.000000e+00 0.000000e+00 0.000000e+00 0.000000e+00
6.313022e+00 0.000000e+00 0.000000e+00 0.000000e+00 0.000000e+00
6.365022e+00 0.000000e+00 0.000000e+00 0.000000e+00 0.000000e+00
6.417022e+00 0.000000e+00 0.000000e+00 0.000000e+00 0.000000e+00
6.469022e+00 0.000000e+00 0.000000e+00 0.000000e+00 0.000000e+00
6.521022e+00 0.000000e+00 0.000000e+00 0.000000e+00 0.000000e+00
6.573022e+00 0.000000e+00 0.000000e+00 0.000000e+00 0.000000e+00
6.625022e+00 0.000000e+00 0.000000e+00 0.000000e+00 0.000000e+00
6.677022e+00 0.000000e+00 0.000000e+00 0.000000e+00 0.000000e+00
6.729022e+00 0.000000e+00 0.000000e+00 0.000000e+00 0.000000e+00
6.781022e+00 0.000000e+00 0.000000e+00 0.000000e+00 0.000000e+00
6.833022e+00 0.000000e+00 0.000000e+00 0.000000e+00 0.000000e+00
6.885022e+00 0.000000e+00 0.000000e+00 0.000000e+00 0.000000e+00
6.937022e+00 0.000000e+00 0.000000e+00 0.000000e+00 0.000000e+00
6.989022e+00 0.000000e+00 0.000000e+00 0.000000e+00 0.000000e+00
7.041022e+00 0.000000e+00 0.000000e+00 0.000000e+00 0.000000e+00
7.093022e+00 0.000000e+00 0.000000e+00 0.000000e+00 0.000000e+00
7.145022e+00 0.000000e+00 0.000000e+00 0.000000e+00 0.000000e+00
7.197022e+00 0.000000e+00 0.000000e+00 0.000000e+00 0.000000e+00
7.249022e+00 0.000000e+00 0.000000e+00 0.000000e+00 0.000000e+00
7.301022e+00 0.000000e+00 0.000000e+00 0.000000e+00 0.000000e+00
7.353022e+00 0.000000e+00 0.000000e+00 0.000000e+00 0.000000e+00
7.405022e+00 0.000000e+00 0.000000e+00 0.000000e+00 0.000000e+00
7.457022e+00 0.000000e+00 0.000000e+00 0.000000e+00 0.000000e+00
7.509022e+00 0.000000e+00 0.000000e+00 0.000000e+00 0.000000e+00
7.561022e+00 0.000000e+00 0.000000e+00 0.000000e+00 0.000000e+00
7.613022e+00 0.000000e+00 0.000000e+00 0.000000e+00 0.000000e+00
7.665022e+00 0.000000e+00 0.000000e+00 0.000000e+00 0.000000e+00
7.717022e+00 0.000000e+00 0.000000e+00 0.000000e+00 0.000000e+00
7.769022e+00 0.000000e+00 0.000000e+00 0.000000e+00 0.000000e+00
7.821022e+00 0.000000e+00 0.000000e+00 0.000000e+00 0.000000e+00
7.873022e+00 0.000000e+00 0.000000e+00 0.000000e+00 0.000000e+00
7.925022e+00 0.000000e+00 0.000000e+00 0.000000e+00 0.000000e+00
7.977022e+00 0.000000e+00 0.000000e+00 0.000000e+00 0.000000e+00
8.029022e+00 0.000000e+00 0.000000e+00 0.000000e+00 0.000000e+00
8.081022e+00 0.000000e+00 0.000000e+00 0.000000e+00 0.000000e+00
8.133022e+00 0.000000e+00 0.000000e+00 0.000000e+00 0.000000e+00
8.185022e+00 0.000000e+00 0.000000e+00 0.000000e+00 0.000000e+00
8.237022e+00 0.000000e+00 0.000000e+00 0.000000e+00 0.000000e+00
8.289022e+00 0.000000e+00 0.000000e+00 0.000000e+00 0.000000e+00
8.341022e+00 0.000000e+00 0.000000e+00 0.000000e+00 0.000000e+00
8.393022e+00 0.000000e+00 0.000000e+00 0.000000e+00 0.000000e+00
8.445022e+00 0.000000e+00 0.000000e+00 0.000000e+00 0.000000e+00
8.497022e+00 0.000000e+00 0.000000e+00 0.000000e+00 0.000000e+00
8.549022e+00 1.419292e-15 5.184961e-16 2.246570e-15 1.492811e-15
8.601022e+00 6.495817e-15 2.373053e-15 1.028210e-14 6.832298e-15
8.653022e+00 8.072528e-14 5.319085e-14 9.964961e-14 8.933537e-14
8.705022e+00 4.227098e-13 2.974595e-13 4.944746e-13 4.761952e-13
8.757022e+00 1.751602e-12 1.253795e-12 2.017582e-12 1.983427e-12
8.809022e+00 6.996491e-12 5.113955e-12 7.902242e-12 7.973277e-12
8.861022e+00 2.579419e-11 1.912591e-11 2.867896e-11 2.957770e-11
8.913022e+00 8.950409e-11 6.733200e-11 9.796481e-11 1.032155e-10
8.965022e+00 2.920716e-10 2.225746e-10 3.149299e-10 3.387103e-10
9.017022e+00 8.961797e-10 6.909918e-10 9.526095e-10 1.044938e-09
9.069022e+00 2.589112e-09 2.017550e-09 2.714638e-09 3.035147e-09
9.121022e+00 7.045126e-09 5.542120e-09 7.290667e-09 8.302592e-09
9.173022e+00 1.806530e-08 1.433054e-08 1.846459e-08 2.140078e-08
9.225022e+00 4.367804e-08 3.490022e-08 4.412583e-08 5.200808e-08
9.277022e+00 9.964155e-08 8.010598e-08 9.957380e-08 1.192449e-07
9.329022e+00 2.146492e-07 1.734256e-07 2.123572e-07 2.581648e-07
9.381022e+00 4.370625e-07 3.544601e-07 4.284412e-07 5.282860e-07
9.433022e+00 8.420989e-07 6.846687e-07 8.186827e-07 1.022945e-06
9.485022e+00 1.537210e-06 1.251306e-06 1.483553e-06 1.876770e-06
9.537022e+00 2.662302e-06 2.166613e-06 2.553140e-06 3.267153e-06
9.589022e+00 4.381109e-06 3.559123e-06 4.179219e-06 5.404984e-06
9.641022e+00 6.860912e-06 5.554974e-06 6.516998e-06 8.510764e-06
9.693022e+00 1.024017e-05 8.249561e-06 9.696153e-06 1.277479e-05
9.745022e+00 1.458691e-05 1.167314e-05 1.378355e-05 1.830405e-05
9.797022e+00 1.985455e-05 1.575719e-05 1.874315e-05 2.506333e-05
9.849022e+00 2.584489e-05 2.031068e-05 2.440139e-05 3.282259e-05
9.901022e+00 3.219036e-05 2.501554e-05 3.042862e-05 4.112691e-05
9.953022e+00 3.836768e-05 2.944897e-05 3.634749e-05 4.930658e-05
1.000502e+01 4.375119e-05 3.313542e-05 4.157684e-05 5.654131e-05
1.005702e+01 4.770593e-05 3.562343e-05 4.551244e-05 6.198194e-05
1.010902e+01 4.970813e-05 3.657421e-05 4.763399e-05 6.491619e-05
1.016102e+01 4.946877e-05 3.584208e-05 4.761585e-05 6.494839e-05
1.021302e+01 4.703175e-05 3.352715e-05 4.541107e-05 6.215702e-05
1.026502e+01 4.282630e-05 2.999134e-05 4.128243e-05 5.720514e-05
1.031702e+01 3.767481e-05 2.584744e-05 3.577107e-05 5.140592e-05
1.036902e+01 3.278168e-05 2.195269e-05 2.961836e-05 4.677397e-05
1.042102e+01 2.974421e-05 1.945040e-05 2.368141e-05 4.610081e-05
1.047302e+01 3.061748e-05 1.989522e-05 1.889425e-05 5.306295e-05
1.052502e+01 3.802949e-05 2.546236e-05 1.631957e-05 7.230654e-05
1.057702e+01 5.529009e-05 3.918097e-05 1.730518e-05 1.093841e-04
1.062902e+01 8.639094e-05 6.506713e-05 2.371091e-05 1.703948e-04
1.068102e+01 1.357832e-04 1.079953e-04 3.811532e-05 2.612390e-04
1.073302e+01 2.078640e-04 1.731818e-04 6.387029e-05 3.865398e-04
1.078502e+01 3.061982e-04 2.652770e-04 1.048747e-04 5.484429e-04
1.083702e+01 4.326229e-04 3.872519e-04 1.650125e-04 7.456045e-04
1.088902e+01 5.864722e-04 5.394230e-04 2.473446e-04 9.726491e-04
1.094102e+01 7.641885e-04 7.189940e-04 3.533043e-04 1.220267e-03
1.099302e+01 9.595195e-04 9.203328e-04 4.822262e-04 1.476000e-03
1.104502e+01 1.164362e-03 1.135928e-03 6.314487e-04 1.725709e-03
1.109702e+01 1.370128e-03 1.357716e-03 7.969783e-04 1.955690e-03
1.114902e+01 1.569347e-03 1.578408e-03 9.744086e-04 2.155223e-03
1.120102e+01 1.757088e-03 1.792544e-03 1.159658e-03 2.319063e-03
1.125302e+01 1.931794e-03 1.997172e-03 1.349229e-03 2.448979e-03
1.130502e+01 2.095191e-03 2.192093e-03 1.540037e-03 2.553442e-03
1.135702e+01 2.251241e-03 2.379557e-03 1.729102e-03 2.645064e-03
1.140902e+01 2.404386e-03 2.563287e-03 1.913444e-03 2.736428e-03
1.146102e+01 2.557699e-03 2.746929e-03 2.090209e-03 2.835960e-03
1.151302e+01 2.711684e-03 2.932433e-03 2.256835e-03 2.945783e-03
1.156502e+01 2.864270e-03 3.119107e-03 2.411025e-03 3.062677e-03
1.161702e+01 3.012082e-03 3.303974e-03 2.550571e-03 3.181703e-03
1.166902e+01 3.152391e-03 3.483392e-03 2.673347e-03 3.300434e-03
1.172102e+01 3.284752e-03 3.655204e-03 2.777828e-03 3.421223e-03
1.177302e+01 3.411400e-03 3.820211e-03 2.864180e-03 3.549810e-03
1.182502e+01 3.536024e-03 3.981997e-03 2.935521e-03 3.690554e-03
1.187702e+01 3.661367e-03 4.144792e-03 2.998666e-03 3.840644e-03
1.192902e+01 3.786706e-03 4.309980e-03 3.063607e-03 3.986531e-03
1.198102e+01 3.906326e-03 4.472585e-03 3.141321e-03 4.105070e-03
1.203302e+01 4.009670e-03 4.619377e-03 3.240028e-03 4.169605e-03
1.208502e+01 4.083138e-03 4.729871e-03 3.360818e-03 4.158725e-03
1.213702e+01 4.112926e-03 4.780581e-03 3.494251e-03 4.063948e-03
1.218902e+01 4.088113e-03 4.751474e-03 3.619827e-03 3.893039e-03
1.224102e+01 4.003281e-03 4.632486e-03 3.709549e-03 3.667807e-03
1.229302e+01 3.860239e-03 4.427682e-03 3.735291e-03 3.417745e-03
1.234502e+01 3.668601e-03 4.155470e-03 3.677805e-03 3.172529e-03
1.239702e+01 3.445096e-03 3.844932e-03 3.534044e-03 2.956313e-03
1.244902e+01 3.211601e-03 3.529771e-03 3.319734e-03 2.785299e-03
1.250102e+01 2.992128e-03 3.242087e-03 3.066002e-03 2.668295e-03
1.255302e+01 2.809271e-03 3.007766e-03 2.811303e-03 2.608743e-03
1.260502e+01 2.680847e-03 2.844179e-03 2.591815e-03 2.606546e-03
1.265702e+01 2.617450e-03 2.759860e-03 2.433811e-03 2.658679e-03
1.270902e+01 2.621327e-03 2.755227e-03 2.350230e-03 2.758525e-03
1.276102e+01 2.686604e-03 2.823454e-03 2.341604e-03 2.894753e-03
1.281302e+01 2.800568e-03 2.951089e-03 2.399657e-03 3.050957e-03
1.286502e+01 2.945654e-03 3.118620e-03 2.511222e-03 3.207120e-03
1.291702e+01 3.101904e-03 3.301661e-03 2.660741e-03 3.343309e-03
1.296902e+01 3.249804e-03 3.473478e-03 2.830947e-03 3.444988e-03
1.302102e+01 3.373398e-03 3.609161e-03 3.002688e-03 3.508345e-03
1.307302e+01 3.463304e-03 3.690901e-03 3.155450e-03 3.543562e-03
1.312502e+01 3.518946e-03 3.712948e-03 3.269764e-03 3.574127e-03
1.317702e+01 3.549107e-03 3.684392e-03 3.331553e-03 3.631377e-03
1.322902e+01 3.570103e-03 3.628232e-03 3.337118e-03 3.744960e-03
1.328102e+01 3.601540e-03 3.576316e-03 3.296672e-03 3.931633e-03
1.333302e+01 3.660552e-03 3.561167e-03 3.234407e-03 4.186080e-03
1.338502e+01 3.756230e-03 3.606916e-03 3.184216e-03 4.477559e-03
1.343702e+01 3.886169e-03 3.722021e-03 3.181701e-03 4.754784e-03
1.348902e+01 4.036344e-03 3.895992e-03 3.254508e-03 4.958532e-03
1.354102e+01 4.184302e-03 4.101131e-03 3.413637e-03 5.038136e-03
1.359302e+01 4.304337e-03 4.298764e-03 3.648307e-03 4.965940e-03
1.364502e+01 4.372794e-03 4.448058e-03 3.926020e-03 4.744303e-03
1.369702e+01 4.371981e-03 4.514896e-03 4.198259e-03 4.402790e-03
1.374902e+01 4.292184e-03 4.478429e-03 4.410706e-03 3.987418e-03
1.380102e+01 4.132107e-03 4.333963e-03 4.515486e-03 3.546871e-03
1.385302e+01 3.898460e-03 4.092093e-03 4.482152e-03 3.121134e-03
1.390502e+01 3.605150e-03 3.775127e-03 4.304355e-03 2.735967e-03
1.395702e+01 3.272096e-03 3.412311e-03 4.000431e-03 2.403546e-03
1.400902e+01 2.923477e-03 3.035196e-03 3.608151e-03 2.127083e-03
1.406102e+01 2.585338e-03 2.673925e-03 3.175708e-03 1.906381e-03
1.411302e+01 2.282781e-03 2.354612e-03 2.751889e-03 1.741842e-03
1.416502e+01 2.037186e-03 2.097644e-03 2.378085e-03 1.635830e-03
1.421702e+01 1.863905e-03 1.916629e-03 2.083555e-03 1.591531e-03
1.426902e+01 1.770671e-03 1.817796e-03 1.883954e-03 1.610263e-03
1.432102e+01 1.756810e-03 1.799768e-03 1.782157e-03 1.688506e-03
1.437302e+01 1.813275e-03 1.853731e-03 1.770204e-03 1.815891e-03
1.442502e+01 1.923588e-03 1.964123e-03 1.831587e-03 1.975054e-03
1.447702e+01 2.065822e-03 2.110070e-03 1.943662e-03 2.143734e-03
1.452902e+01 2.215599e-03 2.267726e-03 2.080371e-03 2.298700e-03
1.458102e+01 2.349754e-03 2.413434e-03 2.215426e-03 2.420403e-03
1.463302e+01 2.449968e-03 2.527249e-03 2.325771e-03 2.496884e-03
1.468502e+01 2.505487e-03 2.595980e-03 2.394779e-03 2.525702e-03
1.473702e+01 2.514260e-03 2.614949e-03 2.414411e-03 2.513419e-03
1.478902e+01 2.482292e-03 2.587986e-03 2.385771e-03 2.473118e-03
1.484102e+01 2.421630e-03 2.525828e-03 2.317974e-03 2.421089e-03
1.489302e+01 2.347721e-03 2.443580e-03 2.225784e-03 2.373799e-03
1.494502e+01 2.276881e-03 2.358021e-03 2.126860e-03 2.345762e-03
1.499702e+01 2.224302e-03 2.285315e-03 2.039382e-03 2.348208e-03
1.504902e+01 2.202634e-03 2.239337e-03 1.980452e-03 2.388114e-03
1.510102e+01 2.220985e-03 2.230523e-03 1.965105e-03 2.467326e-03
1.515302e+01 2.284187e-03 2.265140e-03 2.005446e-03 2.581974e-03
1.520502e+01 2.392345e-03 2.344884e-03 2.109404e-03 2.722748e-03
1.525702e+01 2.540767e-03 2.466807e-03 2.279057e-03 2.876436e-03
1.530902e+01 2.720333e-03 2.623523e-03 2.508971e-03 3.028506e-03
1.536102e+01 2.918257e-03 2.803653e-03 2.785364e-03 3.165755e-03
1.541302e+01 3.119051e-03 2.992502e-03 3.086789e-03 3.277862e-03
1.546502e+01 3.305546e-03 3.173011e-03 3.386453e-03 3.357174e-03
1.551702e+01 3.459964e-03 3.327103e-03 3.655674e-03 3.397116e-03
1.556902e+01 3.565200e-03 3.437474e-03 3.867573e-03 3.390552e-03
1.562102e+01 3.606565e-03 3.489760e-03 4.000302e-03 3.329633e-03
1.567302e+01 3.574068e-03 3.474803e-03 4.039526e-03 3.207874e-03
1.572502e+01 3.464907e-03 3.390581e-03 3.980268e-03 3.023870e-03
1.577702e+01 3.285395e-03 3.243258e-03 3.828049e-03 2.784879e-03
1.582902e+01 3.051296e-03 3.046791e-03 3.598888e-03 2.508209e-03
1.588102e+01 2.785833e-03 2.820829e-03 3.317472e-03 2.219198e-03
1.593302e+01 2.515463e-03 2.587079e-03 3.013201e-03 1.946110e-03
1.598502e+01 2.264469e-03 2.364968e-03 2.714769e-03 1.713670e-03
1.603702e+01 2.050086e-03 2.167852e-03 2.444822e-03 1.537585e-03
1.608902e+01 1.879751e-03 2.000990e-03 2.216423e-03 1.421839e-03
1.614102e+01 1.751225e-03 1.861914e-03 2.032376e-03 1.359385e-03
1.619302e+01 1.655231e-03 1.742885e-03 1.887271e-03 1.335538e-03
1.624502e+01 1.579359e-03 1.634388e-03 1.771105e-03 1.332585e-03
1.629702e+01 1.511814e-03 1.528355e-03 1.673018e-03 1.334069e-03
1.634902e+01 1.443944e-03 1.420145e-03 1.584027e-03 1.327661e-03
1.640102e+01 1.371196e-03 1.308978e-03 1.498316e-03 1.306294e-03
1.645302e+01 1.292713e-03 1.197123e-03 1.413211e-03 1.267806e-03
1.650502e+01 1.210165e-03 1.088469e-03 1.328345e-03 1.213681e-03
1.655702e+01 1.126383e-03 9.870847e-04 1.244527e-03 1.147536e-03
1.660902e+01 1.044234e-03 8.961495e-04 1.162765e-03 1.073787e-03
1.666102e+01 9.659539e-04 8.174308e-04 1.083699e-03 9.967319e-04
1.671302e+01 8.929515e-04 7.512630e-04 1.007542e-03 9.200497e-04
1.676502e+01 8.259612e-04 6.968990e-04 9.343736e-04 8.466110e-04
1.681702e+01 7.653575e-04 6.530336e-04 8.645712e-04 7.784676e-04
1.686902e+01 7.114348e-04 6.182945e-04 7.990957e-04 7.169143e-04
1.692102e+01 6.645339e-04 5.915419e-04 7.394877e-04 6.625721e-04
1.697302e+01 6.249885e-04 5.719216e-04 6.875595e-04 6.154843e-04
1.702502e+01 5.929541e-04 5.587242e-04 6.449051e-04 5.752330e-04
1.707702e+01 5.682253e-04 5.511851e-04 6.124061e-04 5.410848e-04
1.712902e+01 5.501356e-04 5.483574e-04 5.898927e-04 5.121568e-04
1.718102e+01 5.375877e-04 5.491238e-04 5.760539e-04 4.875854e-04
1.723302e+01 5.292057e-04 5.523234e-04 5.686225e-04 4.666712e-04
1.728502e+01 5.235581e-04 5.569036e-04 5.647859e-04 4.489848e-04
1.733702e+01 5.193902e-04 5.620135e-04 5.617274e-04 4.344297e-04
1.738902e+01 5.158161e-04 5.670117e-04 5.571688e-04 4.232677e-04
1.744102e+01 5.124404e-04 5.714307e-04 5.497854e-04 4.161051e-04
1.749302e+01 5.093945e-04 5.749670e-04 5.393989e-04 4.138176e-04
1.754502e+01 5.072768e-04 5.775368e-04 5.269124e-04 4.173812e-04
1.759702e+01 5.069902e-04 5.793618e-04 5.140213e-04 4.275876e-04
1.764902e+01 5.094854e-04 5.809997e-04 5.027826e-04 4.446740e-04
1.770102e+01 5.154483e-04 5.832316e-04 4.951466e-04 4.679665e-04
1.775302e+01 5.250048e-04 5.867903e-04 4.925463e-04 4.956778e-04
1.780502e+01 5.375340e-04 5.920057e-04 4.956072e-04 5.249890e-04
1.785702e+01 5.516631e-04 5.985156e-04 5.040146e-04 5.524591e-04
1.790902e+01 5.654753e-04 6.051883e-04 5.165543e-04 5.746833e-04
1.796102e+01 5.768933e-04 6.103407e-04 5.313206e-04 5.890187e-04
1.801302e+01 5.841498e-04 6.122166e-04 5.460698e-04 5.941630e-04
1.806502e+01 5.862246e-04 6.095857e-04 5.586604e-04 5.904276e-04
1.811702e+01 5.831383e-04 6.022609e-04 5.674934e-04 5.796607e-04
1.816902e+01 5.760309e-04 5.913544e-04 5.718509e-04 5.648873e-04
1.822102e+01 5.670137e-04 5.791811e-04 5.720585e-04 5.498015e-04
1.827302e+01 5.588410e-04 5.688436e-04 5.694435e-04 5.382359e-04
1.832502e+01 5.544774e-04 5.636254e-04 5.661199e-04 5.336868e-04
1.837702e+01 5.566387e-04 5.663493e-04 5.646579e-04 5.389090e-04
1.842902e+01 5.673593e-04 5.788185e-04 5.676973e-04 5.555622e-04
1.848102e+01 5.876215e-04 6.014070e-04 5.775460e-04 5.839116e-04
1.853302e+01 6.170933e-04 6.328465e-04 5.958038e-04 6.226296e-04
1.858502e+01 6.540449e-04 6.702753e-04 6.230636e-04 6.687958e-04
1.863702e+01 6.955233e-04 7.096192e-04 6.587612e-04 7.181895e-04
1.868902e+01 7.378137e-04 7.463177e-04 7.012238e-04 7.658996e-04
1.874102e+01 7.771194e-04 7.762736e-04 7.479193e-04 8.071653e-04
1.879302e+01 8.102799e-04 7.967611e-04 7.958291e-04 8.382495e-04
1.884502e+01 8.353008e-04 8.069723e-04 8.418275e-04 8.571025e-04
1.889702e+01 8.515167e-04 8.079818e-04 8.829525e-04 8.636159e-04
1.894902e+01 8.593537e-04 8.021355e-04 9.165328e-04 8.593929e-04
1.900102e+01 8.598207e-04 7.921178e-04 9.402263e-04 8.471180e-04
1.905302e+01 8.539775e-04 7.800902e-04 9.520900e-04 8.297524e-04
1.910502e+01 8.426285e-04 7.672571e-04 9.507882e-04 8.098401e-04
1.915702e+01 8.263690e-04 7.539992e-04 9.359490e-04 7.891588e-04
1.920902e+01 8.059271e-04 7.404393e-04 9.085551e-04 7.687868e-04
1.926102e+01 7.825738e-04 7.270872e-04 8.711694e-04 7.494647e-04
1.931302e+01 7.583309e-04 7.151767e-04 8.278109e-04 7.320052e-04
1.936502e+01 7.358041e-04 7.064753e-04 7.834156e-04 7.175215e-04
1.941702e+01 7.176709e-04 7.026336e-04 7.429826e-04 7.073966e-04
1.946902e+01 7.060415e-04 7.044005e-04 7.106414e-04 7.030825e-04
1.952102e+01 7.019749e-04 7.111160e-04 6.889221e-04 7.058866e-04
1.957302e+01 7.053419e-04 7.207537e-04 6.784400e-04 7.168321e-04
1.962502e+01 7.150398e-04 7.305117e-04 6.780701e-04 7.365377e-04
1.967702e+01 7.294080e-04 7.376962e-04 6.855303e-04 7.649974e-04
1.972902e+01 7.466452e-04 7.405354e-04 6.981787e-04 8.012214e-04
1.978102e+01 7.651064e-04 7.386428e-04 7.137854e-04 8.428910e-04
1.983302e+01 7.834719e-04 7.330268e-04 7.310658e-04 8.863229e-04
1.988502e+01 8.008539e-04 7.257230e-04 7.498454e-04 9.269933e-04
1.993702e+01 8.168900e-04 7.192167e-04 7.708358e-04 9.606175e-04
1.998902e+01 8.318004e-04 7.158404e-04 7.951168e-04 9.844441e-04
2.004102e+01 8.463371e-04 7.172883e-04 8.235065e-04 9.982164e-04
2.009302e+01 8.615680e-04 7.243421e-04 8.560324e-04 1.004329e-03
2.014502e+01 8.785267e-04 7.368419e-04 8.916862e-04 1.007052e-03
2.019702e+01 8.978548e-04 7.538874e-04 9.285552e-04 1.011122e-03
2.024902e+01 9.196124e-04 7.742108e-04 9.643080e-04 1.020318e-03
2.030102e+01 9.433779e-04 7.966278e-04 9.969027e-04 1.036603e-03
2.035302e+01 9.686223e-04 8.204587e-04 1.025298e-03 1.060111e-03
2.040502e+01 9.951767e-04 8.457976e-04 1.049906e-03 1.089827e-03
2.045702e+01 1.023518e-03 8.735194e-04 1.072567e-03 1.124466e-03
2.050902e+01 1.054649e-03 9.049667e-04 1.095956e-03 1.163025e-03
2.056102e+01 1.089554e-03 9.413621e-04 1.122564e-03 1.204737e-03
2.061302e+01 1.128450e-03 9.831190e-04 1.153653e-03 1.248577e-03
2.066502e+01 1.170214e-03 1.029306e-03 1.188615e-03 1.292721e-03
2.071702e+01 1.212331e-03 1.077501e-03 1.225084e-03 1.334409e-03
2.076902e+01 1.251437e-03 1.124148e-03 1.259758e-03 1.370404e-03
2.082102e+01 1.284265e-03 1.165330e-03 1.289592e-03 1.397875e-03
2.087302e+01 1.308619e-03 1.197724e-03 1.312816e-03 1.415317e-03
2.092502e+01 1.323958e-03 1.219415e-03 1.329379e-03 1.423080e-03
2.097702e+01 1.331406e-03 1.230299e-03 1.340656e-03 1.423262e-03
2.102902e+01 1.333190e-03 1.231961e-03 1.348606e-03 1.419004e-03
2.108102e+01 1.331784e-03 1.227116e-03 1.354768e-03 1.413469e-03
2.113302e+01 1.329082e-03 1.218851e-03 1.359497e-03 1.408898e-03
2.118502e+01 1.325928e-03 1.209953e-03 1.361728e-03 1.406105e-03
2.123702e+01 1.322139e-03 1.202484e-03 1.359375e-03 1.404556e-03
2.128902e+01 1.316943e-03 1.197640e-03 1.350215e-03 1.402975e-03
2.134102e+01 1.309623e-03 1.195751e-03 1.332963e-03 1.400155e-03
2.139302e+01 1.300052e-03 1.196345e-03 1.308160e-03 1.395652e-03
2.144502e+01 1.288960e-03 1.198270e-03 1.278533e-03 1.390077e-03
2.149702e+01 1.277857e-03 1.199953e-03 1.248680e-03 1.384939e-03
2.154902e+01 1.268746e-03 1.199886e-03 1.224161e-03 1.382191e-03
2.160102e+01 1.263761e-03 1.197261e-03 1.210302e-03 1.383721e-03
2.165302e+01 1.264897e-03 1.192522e-03 1.211131e-03 1.391037e-03
2.170502e+01 1.273878e-03 1.187582e-03 1.228783e-03 1.405270e-03
2.175702e+01 1.292161e-03 1.185540e-03 1.263490e-03 1.427454e-03
2.180902e+01 1.320993e-03 1.189982e-03 1.314050e-03 1.458946e-03
2.186102e+01 1.361433e-03 1.204116e-03 1.378449e-03 1.501733e-03
2.191302e+01 1.414267e-03 1.230034e-03 1.454337e-03 1.558429e-03
2.196502e+01 1.479781e-03 1.268317e-03 1.539205e-03 1.631822e-03
2.201702e+01 1.557463e-03 1.318043e-03 1.630317e-03 1.724028e-03
2.206902e+01 1.645738e-03 1.377142e-03 1.724622e-03 1.835449e-03
2.212102e+01 1.741903e-03 1.442974e-03 1.818870e-03 1.963866e-03
2.217302e+01 1.842332e-03 1.512957e-03 1.910029e-03 2.104009e-03
2.222502e+01 1.942911e-03 1.585047e-03 1.995877e-03 2.247808e-03
2.227702e+01 2.039573e-03 1.657882e-03 2.075489e-03 2.385347e-03
2.232902e+01 2.128717e-03 1.730515e-03 2.149347e-03 2.506288e-03
2.238102e+01 2.207389e-03 1.801798e-03 2.218965e-03 2.601403e-03
2.243302e+01 2.273208e-03 1.869697e-03 2.286095e-03 2.663833e-03
2.248502e+01 2.324153e-03 1.930880e-03 2.351775e-03 2.689804e-03
2.253702e+01 2.358370e-03 1.980890e-03 2.415470e-03 2.678749e-03
2.258902e+01 2.374139e-03 2.014923e-03 2.474558e-03 2.632936e-03
2.264102e+01 2.370058e-03 2.029007e-03 2.524340e-03 2.556827e-03
2.269302e+01 2.345377e-03 2.021097e-03 2.558677e-03 2.456356e-03
2.274502e+01 2.300388e-03 1.991695e-03 2.571214e-03 2.338254e-03
2.279702e+01 2.236707e-03 1.943739e-03 2.556935e-03 2.209449e-03
2.284902e+01 2.157338e-03 1.881889e-03 2.513568e-03 2.076557e-03
2.290102e+01 2.066441e-03 1.811527e-03 2.442332e-03 1.945463e-03
2.295302e+01 1.968850e-03 1.737857e-03 2.347708e-03 1.820984e-03
2.300502e+01 1.869428e-03 1.665324e-03 2.236324e-03 1.706636e-03
2.305702e+01 1.772423e-03 1.597353e-03 2.115426e-03 1.604488e-03
2.310902e+01 1.680961e-03 1.536223e-03 1.991512e-03 1.515147e-03
2.316102e+01 1.596770e-03 1.482896e-03 1.869545e-03 1.437870e-03
2.321302e+01 1.520147e-03 1.436803e-03 1.752800e-03 1.370837e-03
2.326502e+01 1.450127e-03 1.395712e-03 1.643105e-03 1.311565e-03
2.331702e+01 1.384821e-03 1.355939e-03 1.541159e-03 1.257367e-03
2.336902e+01 1.321843e-03 1.313009e-03 1.446752e-03 1.205766e-03
2.342102e+01 1.258793e-03 1.262691e-03 1.358900e-03 1.154789e-03
2.347302e+01 1.193750e-03 1.202098e-03 1.276048e-03 1.103105e-03
2.352502e+01 1.125666e-03 1.130491e-03 1.196447e-03 1.050060e-03
2.357702e+01 1.054611e-03 1.049516e-03 1.118669e-03 9.956475e-04
2.362902e+01 9.817890e-04 9.628237e-04 1.042092e-03 9.404512e-04
2.368102e+01 9.093221e-04 8.752529e-04 9.671620e-04 8.855513e-04
2.373302e+01 8.398452e-04 7.918453e-04 8.953151e-04 8.323753e-04
2.378502e+01 7.760150e-04 7.169663e-04 8.285963e-04 7.824823e-04
2.383702e+01 7.200435e-04 6.537047e-04 7.691169e-04 7.373088e-04
2.388902e+01 6.733595e-04 6.036088e-04 7.185433e-04 6.979263e-04
2.394102e+01 6.364549e-04 5.667319e-04 6.777585e-04 6.648743e-04
2.399302e+01 6.089218e-04 5.418992e-04 6.467543e-04 6.381118e-04
2.404502e+01 5.896383e-04 5.270942e-04 6.247239e-04 6.170968e-04
2.409702e+01 5.770360e-04 5.198633e-04 6.102839e-04 6.009607e-04
2.414902e+01 5.693747e-04 5.176641e-04 6.017480e-04 5.887120e-04
2.420102e+01 5.649658e-04 5.181182e-04 5.973862e-04 5.793929e-04
2.425302e+01 5.623057e-04 5.191626e-04 5.956207e-04 5.721338e-04
2.430502e+01 5.601181e-04 5.191245e-04 5.951249e-04 5.661049e-04
2.435702e+01 5.573329e-04 5.167516e-04 5.948211e-04 5.604260e-04
2.440902e+01 5.530582e-04 5.112322e-04 5.938116e-04 5.541307e-04
2.446102e+01 5.466026e-04 5.022276e-04 5.913109e-04 5.462694e-04
2.451302e+01 5.375796e-04 4.899200e-04 5.866543e-04 5.361646e-04
2.456502e+01 5.260736e-04 4.750591e-04 5.794216e-04 5.237401e-04
2.461702e+01 5.128042e-04 4.589688e-04 5.696589e-04 5.097850e-04
2.466902e+01 4.991957e-04 4.434665e-04 5.581144e-04 4.960063e-04
2.472102e+01 4.872770e-04 4.306612e-04 5.463771e-04 4.847926e-04
2.477302e+01 4.793816e-04 4.226252e-04 5.368100e-04 4.787096e-04
2.482502e+01 4.776884e-04 4.209880e-04 5.322239e-04 4.798532e-04
2.487702e+01 4.837044e-04 4.265448e-04 5.353255e-04 4.892429e-04
2.492902e+01 4.978394e-04 4.390004e-04 5.480646e-04 5.064533e-04
2.498102e+01 5.192148e-04 4.569518e-04 5.710685e-04 5.296242e-04
2.503302e+01 5.457952e-04 4.781525e-04 6.033493e-04 5.558839e-04
2.508502e+01 5.748239e-04 5.000075e-04 6.423909e-04 5.820732e-04
2.513702e+01 6.034294e-04 5.201507e-04 6.845966e-04 6.055410e-04
2.518902e+01 6.292066e-04 5.369168e-04 7.259624e-04 6.247407e-04
2.524102e+01 6.505899e-04 5.495506e-04 7.627856e-04 6.394336e-04
2.529302e+01 6.669385e-04 5.581083e-04 7.922402e-04 6.504671e-04
2.534502e+01 6.783704e-04 5.631324e-04 8.127193e-04 6.592596e-04
2.539702e+01 6.854672e-04 5.652655e-04 8.239208e-04 6.672154e-04
2.544902e+01 6.889787e-04 5.649692e-04 8.267019e-04 6.752651e-04
2.550102e+01 6.896082e-04 5.624372e-04 8.227535e-04 6.836341e-04
2.555302e+01 6.878986e-04 5.576966e-04 8.141646e-04 6.918347e-04
2.560502e+01 6.842029e-04 5.508163e-04 8.029689e-04 6.988237e-04
2.565702e+01 6.787174e-04 5.421176e-04 7.907738e-04 7.032608e-04
2.570902e+01 6.715601e-04 5.322995e-04 7.785586e-04 7.038221e-04
2.576102e+01 6.628776e-04 5.224240e-04 7.666773e-04 6.995315e-04
2.581302e+01 6.529515e-04 5.137519e-04 7.550367e-04 6.900659e-04
2.586502e+01 6.422716e-04 5.074689e-04 7.433667e-04 6.759791e-04
2.591702e+01 6.315520e-04 5.043821e-04 7.314861e-04 6.587878e-04
2.596902e+01 6.216911e-04 5.047025e-04 7.194911e-04 6.408797e-04
2.602102e+01 6.136968e-04 5.080117e-04 7.078412e-04 6.252375e-04
2.607302e+01 6.086103e-04 5.134572e-04 6.973619e-04 6.150117e-04
2.612502e+01 6.074505e-04 5.201267e-04 6.892011e-04 6.130237e-04
2.617702e+01 6.111836e-04 5.274693e-04 6.847701e-04 6.213112e-04
2.622902e+01 6.206989e-04 5.355974e-04 6.856733e-04 6.408259e-04
2.628102e+01 6.367629e-04 5.453419e-04 6.936044e-04 6.713424e-04
2.633302e+01 6.599199e-04 5.580235e-04 7.101743e-04 7.115620e-04
2.638502e+01 6.903244e-04 5.750069e-04 7.366458e-04 7.593204e-04
2.643702e+01 7.275212e-04 5.971795e-04 7.735839e-04 8.118003e-04
2.648902e+01 7.702329e-04 6.245191e-04 8.204836e-04 8.656960e-04
2.654102e+01 8.162459e-04 6.558859e-04 8.754827e-04 9.173692e-04
2.659302e+01 8.624951e-04 6.891061e-04 9.352924e-04 9.630867e-04
2.664502e+01 9.053943e-04 7.213261e-04 9.954461e-04 9.994106e-04
2.669702e+01 9.413796e-04 7.495383e-04 1.050885e-03 1.023715e-03
2.674902e+01 9.675364e-04 7.711334e-04 1.096783e-03 1.034692e-03
2.680102e+01 9.821329e-04 7.843417e-04 1.129398e-03 1.032659e-03
2.685302e+01 9.849083e-04 7.884811e-04 1.146708e-03 1.019536e-03
2.690502e+01 9.770440e-04 7.840018e-04 1.148632e-03 9.984981e-04
2.695702e+01 9.608579e-04 7.723675e-04 1.136797e-03 9.734093e-04
2.700902e+01 9.393377e-04 7.558273e-04 1.113973e-03 9.482126e-04
2.706102e+01 9.156516e-04 7.371151e-04 1.083446e-03 9.263932e-04
2.711302e+01 8.927396e-04 7.190979e-04 1.048561e-03 9.105599e-04
2.716502e+01 8.730284e-04 7.043916e-04 1.012546e-03 9.021481e-04
2.721702e+01 8.582631e-04 6.949869e-04 9.785377e-04 9.012645e-04
2.726902e+01 8.494256e-04 6.919435e-04 9.496019e-04 9.067315e-04
2.732102e+01 8.467199e-04 6.952182e-04 9.285506e-04 9.163909e-04
2.737302e+01 8.496190e-04 7.036820e-04 9.175256e-04 9.276493e-04
2.742502e+01 8.569871e-04 7.153506e-04 9.174767e-04 9.381339e-04
2.747702e+01 8.672863e-04 7.278175e-04 9.277907e-04 9.462506e-04
2.752902e+01 8.788612e-04 7.388245e-04 9.463043e-04 9.514549e-04
2.758102e+01 8.902654e-04 7.468447e-04 9.697912e-04 9.541602e-04
2.763302e+01 9.005645e-04 7.515091e-04 9.948220e-04 9.553625e-04
2.768502e+01 9.095388e-04 7.537166e-04 1.018730e-03 9.561696e-04
2.773702e+01 9.177175e-04 7.553559e-04 1.040359e-03 9.574371e-04
2.778902e+01 9.262253e-04 7.587064e-04 1.060331e-03 9.596388e-04
2.784102e+01 9.364794e-04 7.657266e-04 1.080746e-03 9.629660e-04
2.789302e+01 9.498292e-04 7.774908e-04 1.104448e-03 9.675485e-04
2.794502e+01 9.672515e-04 7.939794e-04 1.134128e-03 9.736467e-04
2.799702e+01 9.891929e-04 8.142769e-04 1.171585e-03 9.817167e-04
2.804902e+01 1.015594e-03 8.370685e-04 1.217374e-03 9.923390e-04
2.810102e+01 1.046061e-03 8.612195e-04 1.270879e-03 1.006083e-03
2.815302e+01 1.080100e-03 8.862198e-04 1.330680e-03 1.023400e-03
2.820502e+01 1.117306e-03 9.123467e-04 1.395000e-03 1.044572e-03
2.825702e+01 1.157423e-03 9.405119e-04 1.462052e-03 1.069705e-03
2.830902e+01 1.200264e-03 9.718618e-04 1.530231e-03 1.098699e-03
2.836102e+01 1.245548e-03 1.007270e-03 1.598177e-03 1.131198e-03
2.841302e+01 1.292763e-03 1.046900e-03 1.664826e-03 1.166564e-03
2.846502e+01 1.341158e-03 1.089995e-03 1.729509e-03 1.203970e-03
2.851702e+01 1.389903e-03 1.134993e-03 1.792087e-03 1.242629e-03
2.856902e+01 1.438334e-03 1.179922e-03 1.853001e-03 1.282079e-03
2.862102e+01 1.486126e-03 1.222917e-03 1.913109e-03 1.322353e-03
2.867302e+01 1.533230e-03 1.262603e-03 1.973206e-03 1.363882e-03
2.872502e+01 1.579524e-03 1.298165e-03 2.033287e-03 1.407120e-03
2.877702e+01 1.624299e-03 1.329069e-03 2.091770e-03 1.452059e-03
2.882902e+01 1.665860e-03 1.354623e-03 2.145044e-03 1.497912e-03
2.888102e+01 1.701510e-03 1.373682e-03 2.187698e-03 1.543152e-03
2.893302e+01 1.728076e-03 1.384716e-03 2.213581e-03 1.585931e-03
2.898502e+01 1.742832e-03 1.386309e-03 2.217514e-03 1.624672e-03
2.903702e+01 1.744510e-03 1.377856e-03 2.197140e-03 1.658534e-03
2.908902e+01 1.733963e-03 1.360126e-03 2.154215e-03 1.687548e-03
2.914102e+01 1.714175e-03 1.335373e-03 2.094785e-03 1.712366e-03
2.919302e+01 1.689581e-03 1.306909e-03 2.028058e-03 1.733776e-03
2.924502e+01 1.664921e-03 1.278298e-03 1.964292e-03 1.752172e-03
2.929702e+01 1.644028e-03 1.252522e-03 1.912369e-03 1.767193e-03
2.934902e+01 1.628991e-03 1.231458e-03 1.877879e-03 1.777636e-03
2.940102e+01 1.619933e-03 1.215840e-03 1.862250e-03 1.781710e-03
2.945302e+01 1.615399e-03 1.205605e-03 1.863059e-03 1.777533e-03
2.950502e+01 1.613098e-03 1.200349e-03 1.875207e-03 1.763738e-03
2.955702e+01 1.610625e-03 1.199588e-03 1.892372e-03 1.739914e-03
2.960902e+01 1.605874e-03 1.202665e-03 1.908251e-03 1.706705e-03
2.966102e+01 1.597094e-03 1.208426e-03 1.917346e-03 1.665511e-03
2.971302e+01 1.582750e-03 1.214906e-03 1.915392e-03 1.617951e-03
2.976502e+01 1.561461e-03 1.219353e-03 1.899642e-03 1.565387e-03
2.981702e+01 1.532191e-03 1.218695e-03 1.869124e-03 1.508755e-03
2.986902e+01 1.494643e-03 1.210352e-03 1.824817e-03 1.448760e-03
2.992102e+01 1.449626e-03 1.193048e-03 1.769543e-03 1.386286e-03
2.997302e+01 1.399162e-03 1.167292e-03 1.707446e-03 1.322750e-03
3.002502e+01 1.346195e-03 1.135292e-03 1.643126e-03 1.260167e-03
3.007702e+01 1.293972e-03 1.100374e-03 1.580692e-03 1.200849e-03
3.012902e+01 1.245338e-03 1.066110e-03 1.523046e-03 1.146857e-03
3.018102e+01 1.202183e-03 1.035508e-03 1.471617e-03 1.099424e-03
3.023302e+01 1.165207e-03 1.010510e-03 1.426523e-03 1.058590e-03
3.028502e+01 1.134034e-03 9.918626e-04 1.387022e-03 1.023219e-03
3.033702e+01 1.107582e-03 9.793279e-04 1.352030e-03 9.913864e-04
3.038902e+01 1.084528e-03 9.720385e-04 1.320542e-03 9.610045e-04
3.044102e+01 1.063729e-03 9.688614e-04 1.291876e-03 9.304496e-04
3.049302e+01 1.044468e-03 9.686609e-04 1.265775e-03 8.989676e-04
3.054502e+01 1.026533e-03 9.704368e-04 1.242404e-03 8.667570e-04
3.059702e+01 1.010152e-03 9.733796e-04 1.222300e-03 8.347754e-04
3.064902e+01 9.958663e-04 9.768958e-04 1.206282e-03 8.044215e-04
3.070102e+01 9.844017e-04 9.806391e-04 1.195317e-03 7.772495e-04
3.075302e+01 9.765444e-04 9.845394e-04 1.190311e-03 7.547828e-04
3.080502e+01 9.730090e-04 9.887911e-04 1.191846e-03 7.383898e-04
3.085702e+01 9.742716e-04 9.937652e-04 1.199915e-03 7.291344e-04
3.090902e+01 9.803864e-04 9.998514e-04 1.213753e-03 7.275553e-04
3.096102e+01 9.908440e-04 1.007278e-03 1.231827e-03 7.334268e-04
3.101302e+01 1.004541e-03 1.015976e-03 1.252017e-03 7.456298e-04
3.106502e+01 1.019896e-03 1.025531e-03 1.271901e-03 7.622545e-04
3.111702e+01 1.035080e-03 1.035214e-03 1.289063e-03 7.809608e-04
3.116902e+01 1.048296e-03 1.044060e-03 1.301342e-03 7.994848e-04
3.122102e+01 1.058015e-03 1.050964e-03 1.306983e-03 8.160974e-04
3.127302e+01 1.063124e-03 1.054808e-03 1.304735e-03 8.298309e-04
3.132502e+01 1.062984e-03 1.054633e-03 1.293912e-03 8.404062e-04
3.137702e+01 1.057415e-03 1.049868e-03 1.274438e-03 8.479382e-04
3.142902e+01 1.046666e-03 1.040559e-03 1.246837e-03 8.526033e-04
3.148102e+01 1.031362e-03 1.027500e-03 1.212140e-03 8.544459e-04
3.153302e+01 1.012437e-03 1.012177e-03 1.171730e-03 8.534048e-04
3.158502e+01 9.910439e-04 9.964764e-04 1.127149e-03 8.495063e-04
3.163702e+01 9.684247e-04 9.822464e-04 1.079948e-03 8.430792e-04
3.168902e+01 9.457703e-04 9.708579e-04 1.031600e-03 8.348528e-04
3.174102e+01 9.240909e-04 9.629300e-04 9.834690e-04 8.258736e-04
3.179302e+01 9.041326e-04 9.583162e-04 9.367987e-04 8.172829e-04
3.184502e+01 8.863472e-04 9.563281e-04 8.926601e-04 8.100535e-04
3.189702e+01 8.709041e-04 9.560761e-04 8.518476e-04 8.047887e-04
3.194902e+01 8.577180e-04 9.567740e-04 8.147483e-04 8.016316e-04
3.200102e+01 8.464795e-04 9.579106e-04 7.812490e-04 8.002789e-04
3.205302e+01 8.366936e-04 9.592707e-04 7.507445e-04 8.000657e-04
3.210502e+01 8.277421e-04 9.608614e-04 7.222791e-04 8.000857e-04
3.215702e+01 8.189790e-04 9.628082e-04 6.947945e-04 7.993345e-04
3.220902e+01 8.098465e-04 9.652619e-04 6.674095e-04 7.968682e-04
3.226102e+01 7.999751e-04 9.683170e-04 6.396440e-04 7.919642e-04
3.231302e+01 7.892334e-04 9.719313e-04 6.115166e-04 7.842523e-04
3.236502e+01 7.777077e-04 9.758489e-04 5.834993e-04 7.737750e-04
3.241702e+01 7.656173e-04 9.795491e-04 5.563544e-04 7.609484e-04
3.246902e+01 7.531975e-04 9.822547e-04 5.309119e-04 7.464260e-04
3.252102e+01 7.405899e-04 9.830145e-04 5.078517e-04 7.309036e-04
3.257302e+01 7.277744e-04 9.808528e-04 4.875456e-04 7.149249e-04
3.262502e+01 7.145652e-04 9.749456e-04 4.699956e-04 6.987545e-04
3.267702e+01 7.006684e-04 9.647726e-04 4.548750e-04 6.823577e-04
3.272902e+01 6.857805e-04 9.501981e-04 4.416492e-04 6.654942e-04
3.278102e+01 6.696926e-04 9.314567e-04 4.297321e-04 6.478892e-04
3.283302e+01 6.523655e-04 9.090576e-04 4.186247e-04 6.294144e-04
3.288502e+01 6.339567e-04 8.836546e-04 4.080036e-04 6.102118e-04
3.293702e+01 6.148008e-04 8.559402e-04 3.977483e-04 5.907137e-04
3.298902e+01 5.953636e-04 8.266104e-04 3.879193e-04 5.715610e-04
3.304102e+01 5.761895e-04 7.964012e-04 3.787078e-04 5.534595e-04
3.309302e+01 5.578538e-04 7.661558e-04 3.703695e-04 5.370359e-04
3.314502e+01 5.409140e-04 7.368560e-04 3.631498e-04 5.227363e-04
3.319702e+01 5.258519e-04 7.095658e-04 3.572078e-04 5.107820e-04
3.324902e+01 5.130000e-04 6.852819e-04 3.525528e-04 5.011654e-04
3.330102e+01 5.024673e-04 6.647309e-04 3.490130e-04 4.936579e-04
3.335302e+01 4.940863e-04 6.481865e-04 3.462503e-04 4.878220e-04
3.340502e+01 4.874115e-04 6.353741e-04 3.438232e-04 4.830372e-04
3.345702e+01 4.817823e-04 6.255040e-04 3.412778e-04 4.785650e-04
3.350902e+01 4.764466e-04 6.174326e-04 3.382422e-04 4.736649e-04
3.356102e+01 4.707193e-04 6.099191e-04 3.344979e-04 4.677410e-04
3.361302e+01 4.641360e-04 6.019161e-04 3.300140e-04 4.604779e-04
3.366502e+01 4.565601e-04 5.928200e-04 3.249468e-04 4.519134e-04
3.371702e+01 4.482181e-04 5.826137e-04 3.196149e-04 4.424259e-04
3.376902e+01 4.396563e-04 5.718628e-04 3.144600e-04 4.326460e-04
3.382102e+01 4.316377e-04 5.615731e-04 3.100029e-04 4.233372e-04
3.387302e+01 4.250158e-04 5.529624e-04 3.067923e-04 4.152927e-04
3.392502e+01 4.206164e-04 5.472271e-04 3.053455e-04 4.092766e-04
3.397702e+01 4.191532e-04 5.453721e-04 3.060817e-04 4.060057e-04
3.402902e+01 4.211787e-04 5.481397e-04 3.092572e-04 4.061392e-04
3.408102e+01 4.270598e-04 5.560204e-04 3.149191e-04 4.102401e-04
3.413302e+01 4.369640e-04 5.693020e-04 3.228959e-04 4.186942e-04
3.418502e+01 4.508475e-04 5.881085e-04 3.328332e-04 4.316008e-04
3.423702e+01 4.684511e-04 6.124037e-04 3.442686e-04 4.486811e-04
3.428902e+01 4.893178e-04 6.419690e-04 3.567290e-04 4.692553e-04
3.434102e+01 5.128433e-04 6.763812e-04 3.698221e-04 4.923266e-04
3.439302e+01 5.383652e-04 7.150197e-04 3.833017e-04 5.167741e-04
3.444502e+01 5.652723e-04 7.571080e-04 3.970915e-04 5.416174e-04
3.449702e+01 5.931069e-04 8.017752e-04 4.112689e-04 5.662764e-04
3.454902e+01 6.216229e-04 8.481183e-04 4.260181e-04 5.907321e-04
3.460102e+01 6.507789e-04 8.952527e-04 4.415737e-04 6.155102e-04
3.465302e+01 6.806645e-04 9.423558e-04 4.581725e-04 6.414652e-04
3.470502e+01 7.113848e-04 9.887084e-04 4.760232e-04 6.694229e-04
3.475702e+01 7.429375e-04 1.033721e-03 4.952851e-04 6.998060e-04
3.480902e+01 7.751159e-04 1.076920e-03 5.160415e-04 7.323858e-04
3.486102e+01 8.074574e-04 1.117858e-03 5.382579e-04 7.662556e-04
3.491302e+01 8.392468e-04 1.155973e-03 5.617459e-04 8.000217e-04
3.496502e+01 8.695792e-04 1.190449e-03 5.861712e-04 8.321176e-04
3.501702e+01 8.974817e-04 1.220193e-03 6.111442e-04 8.611076e-04
3.506902e+01 9.220858e-04 1.243998e-03 6.363879e-04 8.858713e-04
3.512102e+01 9.428136e-04 1.260887e-03 6.619111e-04 9.056430e-04
3.517302e+01 9.595211e-04 1.270530e-03 6.880797e-04 9.199533e-04
3.522502e+01 9.725305e-04 1.273547e-03 7.154896e-04 9.285547e-04
3.527702e+01 9.825095e-04 1.271509e-03 7.446334e-04 9.313861e-04
3.532902e+01 9.902077e-04 1.266590e-03 7.754576e-04 9.285757e-04
3.538102e+01 9.961215e-04 1.260933e-03 8.069900e-04 9.204413e-04
3.543302e+01 1.000202e-03 1.255946e-03 8.372143e-04 9.074462e-04
3.548502e+01 1.001726e-03 1.251776e-03 8.632852e-04 8.901171e-04
3.553702e+01 9.994021e-04 1.247180e-03 8.820529e-04 8.689731e-04
3.558902e+01 9.917166e-04 1.239877e-03 8.907520e-04 8.445210e-04
3.564102e+01 9.774271e-04 1.227292e-03 8.876585e-04 8.173307e-04
3.569302e+01 9.560492e-04 1.207479e-03 8.725311e-04 7.881370e-04
3.574502e+01 9.281639e-04 1.179880e-03 8.467280e-04 7.578839e-04
3.579702e+01 8.954226e-04 1.145642e-03 8.129740e-04 7.276512e-04
3.584902e+01 8.602293e-04 1.107370e-03 7.748489e-04 6.984692e-04
3.590102e+01 8.251991e-04 1.068367e-03 7.361284e-04 6.711015e-04
3.595302e+01 7.925758e-04 1.031695e-03 7.001377e-04 6.458946e-04
3.600502e+01 7.638001e-04 9.993786e-04 6.692588e-04 6.227628e-04
3.605702e+01 7.393538e-04 9.720677e-04 6.446806e-04 6.013131e-04
3.610902e+01 7.188940e-04 9.492177e-04 6.264096e-04 5.810548e-04
3.616102e+01 7.015875e-04 9.296478e-04 6.135002e-04 5.616145e-04
3.621302e+01 6.865017e-04 9.121909e-04 6.044233e-04 5.428908e-04
3.626502e+01 6.729118e-04 8.961507e-04 5.974735e-04 5.251113e-04
3.631702e+01 6.604405e-04 8.814125e-04 5.911216e-04 5.087874e-04
3.636902e+01 6.490199e-04 8.682316e-04 5.842406e-04 4.945875e-04
3.642102e+01 6.387323e-04 8.568615e-04 5.761740e-04 4.831613e-04
3.647302e+01 6.296205e-04 8.472267e-04 5.666713e-04 4.749635e-04
3.652502e+01 6.215539e-04 8.387859e-04 5.557538e-04 4.701222e-04
3.657702e+01 6.141980e-04 8.306172e-04 5.435862e-04 4.683907e-04
3.662902e+01 6.070808e-04 8.216509e-04 5.304005e-04 4.691910e-04
3.668102e+01 5.997066e-04 8.109269e-04 5.164689e-04 4.717238e-04
3.673302e+01 5.916548e-04 7.977751e-04 5.020882e-04 4.751013e-04
3.678502e+01 5.826236e-04 7.818834e-04 4.875341e-04 4.784535e-04
3.683702e+01 5.724189e-04 7.632850e-04 4.729828e-04 4.809890e-04
3.688902e+01 5.609257e-04 7.423195e-04 4.584371e-04 4.820205e-04
3.694102e+01 5.481015e-04 7.196043e-04 4.437117e-04 4.809885e-04
3.699302e+01 5.340100e-04 6.960032e-04 4.285128e-04 4.775139e-04
3.704502e+01 5.188717e-04 6.725401e-04 4.125919e-04 4.714832e-04
3.709702e+01 5.030887e-04 6.502179e-04 3.959145e-04 4.631336e-04
3.714902e+01 4.872003e-04 6.297507e-04 3.787655e-04 4.530847e-04
3.720102e+01 4.717689e-04 6.112949e-04 3.617441e-04 4.422679e-04
3.725302e+01 4.572326e-04 5.943046e-04 3.456494e-04 4.317437e-04
3.730502e+01 4.437888e-04 5.776183e-04 3.313025e-04 4.224455e-04
3.735702e+01 4.313654e-04 5.597960e-04 3.193706e-04 4.149296e-04
3.740902e+01 4.196893e-04 5.396078e-04 3.102411e-04 4.092191e-04
3.746102e+01 4.084177e-04 5.164911e-04 3.039645e-04 4.047974e-04
3.751302e+01 3.972656e-04 4.907879e-04 3.002543e-04 4.007548e-04
3.756502e+01 3.860763e-04 4.636688e-04 2.985261e-04 3.960339e-04
3.761702e+01 3.748176e-04 4.367864e-04 2.979710e-04 3.896955e-04
3.766902e+01 3.635353e-04 4.118127e-04 2.976642e-04 3.811289e-04
3.772102e+01 3.523074e-04 3.900463e-04 2.967133e-04 3.701626e-04
3.777302e+01 3.412339e-04 3.722098e-04 2.944250e-04 3.570669e-04
3.782502e+01 3.304566e-04 3.584540e-04 2.904459e-04 3.424700e-04
3.787702e+01 3.201821e-04 3.484963e-04 2.848232e-04 3.272267e-04
3.792902e+01 3.106758e-04 3.417939e-04 2.779549e-04 3.122786e-04
3.798102e+01 3.022208e-04 3.376842e-04 2.704400e-04 2.985383e-04
3.803302e+01 2.950576e-04 3.354761e-04 2.628878e-04 2.868091e-04
3.808502e+01 2.893386e-04 3.345167e-04 2.557617e-04 2.777373e-04
3.813702e+01 2.851180e-04 3.342572e-04 2.493179e-04 2.717788e-04
3.818902e+01 2.823777e-04 3.343226e-04 2.436448e-04 2.691657e-04
3.824102e+01 2.810659e-04 3.345628e-04 2.387624e-04 2.698727e-04
3.829302e+01 2.811222e-04 3.350560e-04 2.347135e-04 2.735972e-04
3.834502e+01 2.824735e-04 3.360509e-04 2.315955e-04 2.797743e-04
3.839702e+01 2.850087e-04 3.378650e-04 2.295224e-04 2.876387e-04
3.844902e+01 2.885531e-04 3.407780e-04 2.285532e-04 2.963282e-04
3.850102e+01 2.928678e-04 3.449625e-04 2.286337e-04 3.050071e-04
3.855302e+01 2.976822e-04 3.504738e-04 2.295905e-04 3.129825e-04
3.860502e+01 3.027522e-04 3.572879e-04 2.311764e-04 3.197923e-04
3.865702e+01 3.079179e-04 3.653554e-04 2.331457e-04 3.252527e-04
3.870902e+01 3.131390e-04 3.746323e-04 2.353217e-04 3.294630e-04
3.876102e+01 3.184929e-04 3.850745e-04 2.376351e-04 3.327691e-04
3.881302e+01 3.241422e-04 3.966095e-04 2.401278e-04 3.356893e-04
3.886502e+01 3.302875e-04 4.091195e-04 2.429289e-04 3.388142e-04
3.891702e+01 3.371254e-04 4.224599e-04 2.462173e-04 3.426989e-04
3.896902e+01 3.448173e-04 4.365081e-04 2.501747e-04 3.477692e-04
3.902102e+01 3.534648e-04 4.512023e-04 2.549303e-04 3.542620e-04
3.907302e+01 3.630766e-04 4.665262e-04 2.604996e-04 3.622041e-04
3.912502e+01 3.735271e-04 4.824246e-04 2.667299e-04 3.714267e-04
3.917702e+01 3.845203e-04 4.986840e-04 2.732760e-04 3.816009e-04
3.922902e+01 3.955889e-04 5.148492e-04 2.796357e-04 3.922817e-04
3.928102e+01 4.061500e-04 5.302428e-04 2.852553e-04 4.029519e-04
3.933302e+01 4.156199e-04 5.441070e-04 2.896881e-04 4.130646e-04
3.938502e+01 4.235539e-04 5.558206e-04 2.927495e-04 4.220917e-04
3.943702e+01 4.297624e-04 5.650986e-04 2.946032e-04 4.295852e-04
3.948902e+01 4.343564e-04 5.720836e-04 2.957312e-04 4.352543e-04
3.954102e+01 4.377074e-04 5.772848e-04 2.967933e-04 4.390442e-04
3.959302e+01 4.403398e-04 5.813998e-04 2.984322e-04 4.411874e-04
3.964502e+01 4.428009e-04 5.851049e-04 3.011061e-04 4.421918e-04
3.969702e+01 4.455552e-04 5.889090e-04 3.050097e-04 4.427468e-04
3.974902e+01 4.489249e-04 5.931203e-04 3.100947e-04 4.435598e-04
3.980102e+01 4.530759e-04 5.979022e-04 3.161558e-04 4.451697e-04
3.985302e+01 4.580264e-04 6.033507e-04 3.229252e-04 4.478034e-04
3.990502e+01 4.636630e-04 6.095212e-04 3.301407e-04 4.513271e-04
3.995702e+01 4.697596e-04 6.163865e-04 3.375799e-04 4.553125e-04
4.000902e+01 4.760128e-04 6.237623e-04 3.450787e-04 4.591973e-04
4.006102e+01 4.821025e-04 6.312692e-04 3.525493e-04 4.624889e-04
4.011302e+01 4.877753e-04 6.383802e-04 3.599944e-04 4.649513e-04
4.016502e+01 4.929255e-04 6.445536e-04 3.675011e-04 4.667219e-04
4.021702e+01 4.976393e-04 6.493930e-04 3.751997e-04 4.683253e-04
4.026902e+01 5.021797e-04 6.527635e-04 3.831984e-04 4.705772e-04
4.032102e+01 5.069110e-04 6.548089e-04 3.915243e-04 4.743999e-04
4.037302e+01 5.121899e-04 6.558716e-04 4.001021e-04 4.805960e-04
4.042502e+01 5.182580e-04 6.563601e-04 4.087740e-04 4.896400e-04
4.047702e+01 5.251685e-04 6.566255e-04 4.173382e-04 5.015416e-04
4.052902e+01 5.327588e-04 6.568941e-04 4.255649e-04 5.158174e-04
4.058102e+01 5.406689e-04 6.572616e-04 4.331739e-04 5.315711e-04
4.063302e+01 5.483942e-04 6.577279e-04 4.397936e-04 5.476611e-04
4.068502e+01 5.553670e-04 6.582409e-04 4.449463e-04 5.629137e-04
4.073702e+01 5.610567e-04 6.587337e-04 4.480994e-04 5.763370e-04
4.078902e+01 5.650798e-04 6.591589e-04 4.487871e-04 5.872933e-04
4.084102e+01 5.672951e-04 6.595279e-04 4.467627e-04 5.955947e-04
4.089302e+01 5.678608e-04 6.599567e-04 4.421259e-04 6.015000e-04
4.094502e+01 5.672324e-04 6.607039e-04 4.353798e-04 6.056137e-04
4.099702e+01 5.661032e-04 6.621839e-04 4.274084e-04 6.087175e-04
4.104902e+01 5.653087e-04 6.649431e-04 4.193935e-04 6.115893e-04
4.110102e+01 5.657256e-04 6.696033e-04 4.127022e-04 6.148714e-04
4.115302e+01 5.681902e-04 6.767805e-04 4.087642e-04 6.190260e-04
4.120502e+01 5.734385e-04 6.869959e-04 4.089413e-04 6.243781e-04
4.125702e+01 5.820579e-04 7.005874e-04 4.143813e-04 6.312050e-04
4.130902e+01 5.944368e-04 7.176377e-04 4.258572e-04 6.398155e-04
4.136102e+01 6.107063e-04 7.379277e-04 4.436133e-04 6.505777e-04
4.141302e+01 6.306844e-04 7.609199e-04 4.672548e-04 6.638787e-04
4.146502e+01 6.538404e-04 7.857687e-04 4.957188e-04 6.800336e-04
4.151702e+01 6.792942e-04 8.113530e-04 5.273560e-04 6.991737e-04
4.156902e+01 7.058658e-04 8.363292e-04 5.601269e-04 7.211414e-04
4.162102e+01 7.321733e-04 8.592103e-04 5.918917e-04 7.454181e-04
4.167302e+01 7.567733e-04 8.784750e-04 6.207441e-04 7.711007e-04
4.172502e+01 7.783189e-04 8.927041e-04 6.453118e-04 7.969408e-04
4.177702e+01 7.957052e-04 9.007272e-04 6.649360e-04 8.214524e-04
4.182902e+01 8.081696e-04 9.017654e-04 6.796668e-04 8.430765e-04
4.188102e+01 8.153317e-04 8.955530e-04 6.900680e-04 8.603741e-04
4.193302e+01 8.171767e-04 8.824214e-04 6.969008e-04 8.722079e-04
4.198502e+01 8.140067e-04 8.633277e-04 7.008119e-04 8.778805e-04
4.203702e+01 8.063911e-04 8.398051e-04 7.021490e-04 8.772193e-04
4.208902e+01 7.951379e-04 8.138297e-04 7.009656e-04 8.706183e-04
4.214102e+01 7.812807e-04 7.876133e-04 6.971825e-04 8.590464e-04
4.219302e+01 7.660556e-04 7.633549e-04 6.908025e-04 8.440095e-04
4.224502e+01 7.508292e-04 7.429922e-04 6.820583e-04 8.274372e-04
4.229702e+01 7.369608e-04 7.279923e-04 6.714240e-04 8.114662e-04
4.234902e+01 7.256148e-04 7.192081e-04 6.595034e-04 7.981328e-04
4.240102e+01 7.175754e-04 7.168174e-04 6.468715e-04 7.890374e-04
4.245302e+01 7.131275e-04 7.203478e-04 6.339641e-04 7.850705e-04
4.250502e+01 7.120442e-04 7.287778e-04 6.210723e-04 7.862826e-04
4.255702e+01 7.136870e-04 7.406908e-04 6.084378e-04 7.919324e-04
4.260902e+01 7.171763e-04 7.544485e-04 5.963869e-04 8.006937e-04
4.266102e+01 7.215763e-04 7.683534e-04 5.854176e-04 8.109577e-04
4.271302e+01 7.260370e-04 7.807833e-04 5.761733e-04 8.211543e-04
4.276502e+01 7.298681e-04 7.902994e-04 5.692896e-04 8.300153e-04
4.281702e+01 7.325457e-04 7.957463e-04 5.651651e-04 8.367256e-04
4.286902e+01 7.336791e-04 7.963589e-04 5.637507e-04 8.409276e-04
4.292102e+01 7.329705e-04 7.918720e-04 5.644556e-04 8.425839e-04
4.297302e+01 7.301937e-04 7.826032e-04 5.662291e-04 8.417487e-04
4.302502e+01 7.252035e-04 7.694621e-04 5.678077e-04 8.383406e-04
4.307702e+01 7.179752e-04 7.538436e-04 5.680536e-04 8.320284e-04
4.312902e+01 7.086568e-04 7.373973e-04 5.662722e-04 8.223008e-04
4.318102e+01 6.976080e-04 7.217094e-04 5.624011e-04 8.087135e-04
4.323302e+01 6.853990e-04 7.079748e-04 5.570090e-04 7.912132e-04
4.328502e+01 6.727520e-04 6.967593e-04 5.511077e-04 7.703891e-04
4.333702e+01 6.604347e-04 6.879348e-04 5.458471e-04 7.475224e-04
4.338902e+01 6.491362e-04 6.808239e-04 5.421964e-04 7.243881e-04
4.344102e+01 6.393644e-04 6.745127e-04 5.407094e-04 7.028710e-04
4.349302e+01 6.313911e-04 6.682168e-04 5.414290e-04 6.845273e-04
4.354502e+01 6.252413e-04 6.615521e-04 5.439298e-04 6.702422e-04
4.359702e+01 6.207096e-04 6.545887e-04 5.474537e-04 6.600863e-04
4.364902e+01 6.173819e-04 6.476680e-04 5.510798e-04 6.533980e-04
4.370102e+01 6.146665e-04 6.410768e-04 5.538846e-04 6.490383e-04
4.375302e+01 6.118478e-04 6.347498e-04 5.550746e-04 6.457189e-04
4.380502e+01 6.081798e-04 6.281566e-04 5.540907e-04 6.422920e-04
4.385702e+01 6.030129e-04 6.204312e-04 5.506821e-04 6.379254e-04
4.390902e+01 5.959207e-04 6.106783e-04 5.449398e-04 6.321441e-04
4.396102e+01 5.867825e-04 5.983097e-04 5.372679e-04 6.247699e-04
4.401302e+01 5.757893e-04 5.832674e-04 5.282780e-04 6.158224e-04
4.406502e+01 5.633691e-04 5.660574e-04 5.186169e-04 6.054331e-04
4.411702e+01 5.500588e-04 5.476068e-04 5.087715e-04 5.937982e-04
4.416902e+01 5.363664e-04 5.290192e-04 4.989176e-04 5.811625e-04
4.422102e+01 5.226696e-04 5.113188e-04 4.888796e-04 5.678106e-04
4.427302e+01 5.091783e-04 4.952568e-04 4.782328e-04 5.540451e-04
4.432502e+01 4.959642e-04 4.812209e-04 4.665219e-04 5.401498e-04
4.437702e+01 4.830376e-04 4.692511e-04 4.535141e-04 5.263476e-04
4.442902e+01 4.704335e-04 4.591388e-04 4.393836e-04 5.127781e-04
4.448102e+01 4.582715e-04 4.505647e-04 4.247417e-04 4.995080e-04
4.453302e+01 4.467684e-04 4.432275e-04 4.104975e-04 4.865803e-04
4.458502e+01 4.362043e-04 4.369255e-04 3.976028e-04 4.740847e-04
4.463702e+01 4.268624e-04 4.315774e-04 3.867906e-04 4.622192e-04
4.468902e+01 4.189710e-04 4.271921e-04 3.784117e-04 4.513092e-04
4.474102e+01 4.126662e-04 4.238120e-04 3.724236e-04 4.417630e-04
4.479302e+01 4.079819e-04 4.214569e-04 3.685175e-04 4.339711e-04
4.484502e+01 4.048600e-04 4.200852e-04 3.663129e-04 4.281818e-04
4.489702e+01 4.031716e-04 4.195804e-04 3.655303e-04 4.244042e-04
4.494902e+01 4.027418e-04 4.197645e-04 3.660756e-04 4.223854e-04
4.500102e+01 4.033759e-04 4.204392e-04 3.680100e-04 4.216785e-04
4.505302e+01 4.048852e-04 4.214472e-04 3.714264e-04 4.217820e-04
4.510502e+01 4.071084e-04 4.227402e-04 3.762882e-04 4.222966e-04
4.515702e+01 4.099215e-04 4.244279e-04 3.822976e-04 4.230389e-04
4.520902e+01 4.132343e-04 4.267805e-04 3.888532e-04 4.240692e-04
4.526102e+01 4.169769e-04 4.301716e-04 3.951271e-04 4.256321e-04
4.531302e+01 4.210839e-04 4.349655e-04 4.002460e-04 4.280404e-04
4.536502e+01 4.254860e-04 4.413855e-04 4.035217e-04 4.315509e-04
4.541702e+01 4.301142e-04 4.494116e-04 4.046538e-04 4.362773e-04
4.546902e+01 4.349163e-04 4.587562e-04 4.038294e-04 4.421634e-04
4.552102e+01 4.398805e-04 4.689398e-04 4.016861e-04 4.490157e-04
4.557302e+01 4.450559e-04 4.794444e-04 3.991480e-04 4.565754e-04
4.562502e+01 4.505554e-04 4.898803e-04 3.971932e-04 4.645928e-04
4.567702e+01 4.565267e-04 5.000855e-04 3.966255e-04 4.728692e-04
4.572902e+01 4.630862e-04 5.101004e-04 3.979137e-04 4.812447e-04
4.578102e+01 4.702302e-04 5.200236e-04 4.011276e-04 4.895395e-04
4.583302e+01 4.777587e-04 5.298198e-04 4.059661e-04 4.974902e-04
4.588502e+01 4.852572e-04 5.391894e-04 4.118508e-04 5.047313e-04
4.593702e+01 4.921661e-04 5.475834e-04 4.180550e-04 5.108599e-04
4.598902e+01 4.979294e-04 5.543732e-04 4.238406e-04 5.155746e-04
4.604102e+01 5.021723e-04 5.591053e-04 4.285801e-04 5.188314e-04
4.609302e+01 5.048322e-04 5.617187e-04 4.318420e-04 5.209360e-04
4.614502e+01 5.061836e-04 5.626209e-04 4.334258e-04 5.225042e-04
4.619702e+01 5.067363e-04 5.625851e-04 4.333431e-04 5.242808e-04
4.624902e+01 5.070508e-04 5.625119e-04 4.317618e-04 5.268786e-04
4.630102e+01 5.075495e-04 5.631541e-04 4.289450e-04 5.305495e-04
4.635302e+01 5.084095e-04 5.649094e-04 4.252147e-04 5.351045e-04
4.640502e+01 5.095783e-04 5.677502e-04 4.209511e-04 5.400336e-04
4.645702e+01 5.108960e-04 5.712965e-04 4.166113e-04 5.447803e-04
4.650902e+01 5.122505e-04 5.749849e-04 4.127294e-04 5.490372e-04
4.656102e+01 5.136773e-04 5.782574e-04 4.098676e-04 5.529068e-04
4.661302e+01 5.153500e-04 5.807027e-04 4.085124e-04 5.568349e-04
4.666502e+01 5.174688e-04 5.821153e-04 4.089481e-04 5.613430e-04
4.671702e+01 5.201118e-04 5.824795e-04 4.111608e-04 5.666951e-04
4.676902e+01 5.231348e-04 5.819160e-04 4.148189e-04 5.726695e-04
4.682102e+01 5.261762e-04 5.806309e-04 4.193428e-04 5.785548e-04
4.687302e+01 5.287671e-04 5.788899e-04 4.240391e-04 5.833722e-04
4.692502e+01 5.304946e-04 5.770160e-04 4.282471e-04 5.862207e-04
4.697702e+01 5.311441e-04 5.753879e-04 4.314526e-04 5.865920e-04
4.702902e+01 5.307632e-04 5.744133e-04 4.333444e-04 5.845319e-04
4.708102e+01 5.296284e-04 5.744636e-04 4.338152e-04 5.806064e-04
4.713302e+01 5.281404e-04 5.757808e-04 4.329242e-04 5.757164e-04
4.718502e+01 5.266948e-04 5.783882e-04 4.308408e-04 5.708554e-04
4.723702e+01 5.255798e-04 5.820486e-04 4.277861e-04 5.669048e-04
4.728902e+01 5.249330e-04 5.862968e-04 4.239873e-04 5.645149e-04
4.734102e+01 5.247611e-04 5.905465e-04 4.196619e-04 5.640748e-04
4.739302e+01 5.250031e-04 5.942378e-04 4.150386e-04 5.657329e-04
4.744502e+01 5.256016e-04 5.969732e-04 4.104056e-04 5.694260e-04
4.749702e+01 5.265476e-04 5.985989e-04 4.061552e-04 5.748888e-04
4.754902e+01 5.278803e-04 5.992081e-04 4.027843e-04 5.816485e-04
4.760102e+01 5.296451e-04 5.990763e-04 4.008249e-04 5.890341e-04
4.765302e+01 5.318365e-04 5.985558e-04 4.007106e-04 5.962430e-04
4.770502e+01 5.343591e-04 5.979650e-04 4.026256e-04 6.024866e-04
4.775702e+01 5.370354e-04 5.975063e-04 4.064034e-04 6.071966e-04
4.780902e+01 5.396639e-04 5.972353e-04 4.115315e-04 6.102249e-04
4.786102e+01 5.421057e-04 5.970921e-04 4.172781e-04 6.119470e-04
4.791302e+01 5.443627e-04 5.969899e-04 4.229009e-04 6.131974e-04
4.796502e+01 5.466079e-04 5.969323e-04 4.278591e-04 6.150325e-04
4.801702e+01 5.491514e-04 5.971177e-04 4.319441e-04 6.183924e-04
4.806902e+01 5.523501e-04 5.979792e-04 4.352821e-04 6.237891e-04
4.812102e+01 5.564962e-04 6.001235e-04 4.382175e-04 6.311477e-04
4.817302e+01 5.617253e-04 6.041711e-04 4.411359e-04 6.398689e-04
4.822502e+01 5.679779e-04 6.105458e-04 4.443027e-04 6.490853e-04
4.827702e+01 5.750292e-04 6.193005e-04 4.477775e-04 6.580095e-04
4.832902e+01 5.825764e-04 6.300664e-04 4.514291e-04 6.662338e-04
4.838102e+01 5.903612e-04 6.421728e-04 4.550377e-04 6.738732e-04
4.843302e+01 5.982863e-04 6.549078e-04 4.584396e-04 6.815115e-04
4.848502e+01 6.064877e-04 6.678202e-04 4.616546e-04 6.899882e-04
4.853702e+01 6.153303e-04 6.809355e-04 4.649394e-04 7.001160e-04
4.858902e+01 6.253151e-04 6.947811e-04 4.687342e-04 7.124302e-04
4.864102e+01 6.369206e-04 7.102001e-04 4.735159e-04 7.270458e-04
4.869302e+01 6.504308e-04 7.280206e-04 4.796154e-04 7.436565e-04
4.874502e+01 6.658176e-04 7.487116e-04 4.870802e-04 7.616609e-04
4.879702e+01 6.827262e-04 7.721630e-04 4.956502e-04 7.803655e-04
4.884902e+01 7.005708e-04 7.976671e-04 5.048558e-04 7.991896e-04
4.890102e+01 7.186920e-04 8.240903e-04 5.141880e-04 8.177976e-04
4.895302e+01 7.365027e-04 8.501464e-04 5.232562e-04 8.361056e-04
4.900502e+01 7.535558e-04 8.746554e-04 5.318565e-04 8.541556e-04
4.905702e+01 7.695153e-04 8.967072e-04 5.399311e-04 8.719075e-04
4.910902e+01 7.840737e-04 9.157200e-04 5.474601e-04 8.890410e-04
4.916102e+01 7.968900e-04 9.314434e-04 5.543634e-04 9.048632e-04
4.921302e+01 8.076125e-04 9.439702e-04 5.604811e-04 9.183861e-04
4.926502e+01 8.159986e-04 9.537835e-04 5.656505e-04 9.285619e-04
4.931702e+01 8.220850e-04 9.618119e-04 5.698431e-04 9.345999e-04
4.936902e+01 8.263199e-04 9.694217e-04 5.732869e-04 9.362511e-04
4.942102e+01 8.295798e-04 9.782800e-04 5.765074e-04 9.339518e-04
4.947302e+01 8.330323e-04 9.900694e-04 5.802557e-04 9.287719e-04
4.952502e+01 8.378714e-04 1.006101e-03 5.853392e-04 9.221739e-04
4.957702e+01 8.449988e-04 1.026939e-03 5.924066e-04 9.156509e-04
4.962902e+01 8.547572e-04 1.052171e-03 6.017525e-04 9.103478e-04
4.968102e+01 8.668050e-04 1.080435e-03 6.131984e-04 9.067814e-04
4.973302e+01 8.801870e-04 1.109717e-03 6.260932e-04 9.047508e-04
4.978502e+01 8.935873e-04 1.137842e-03 6.394417e-04 9.034786e-04
4.983702e+01 9.056903e-04 1.162985e-03 6.521389e-04 9.019471e-04
4.988902e+01 9.155353e-04 1.184036e-03 6.632484e-04 8.993219e-04
4.994102e+01 9.227489e-04 1.200688e-03 6.722436e-04 8.953148e-04
4.999302e+01 9.275897e-04 1.213276e-03 6.791388e-04 8.903543e-04
5.004502e+01 9.308094e-04 1.222443e-03 6.844776e-04 8.855073e-04
5.009702e+01 9.334030e-04 1.228819e-03 6.892041e-04 8.821859e-04
5.014902e+01 9.363512e-04 1.232818e-03 6.944816e-04 8.817541e-04
5.020102e+01 9.404449e-04 1.234629e-03 7.015299e-04 8.851762e-04
5.025302e+01 9.462264e-04 1.234347e-03 7.115146e-04 8.928172e-04
5.030502e+01 9.540258e-04 1.232163e-03 7.254726e-04 9.044416e-04
5.035702e+01 9.640313e-04 1.228480e-03 7.442293e-04 9.193850e-04
5.040902e+01 9.763304e-04 1.223896e-03 7.682735e-04 9.368218e-04
5.046102e+01 9.908943e-04 1.219046e-03 7.976017e-04 9.560355e-04
5.051302e+01 1.007518e-03 1.214350e-03 8.315943e-04 9.766110e-04
5.056502e+01 1.025766e-03 1.209795e-03 8.690023e-04 9.985004e-04
5.061702e+01 1.044961e-03 1.204836e-03 9.080989e-04 1.021949e-03
5.066902e+01 1.064253e-03 1.198480e-03 9.469775e-04 1.047300e-03
5.072102e+01 1.082729e-03 1.189545e-03 9.839043e-04 1.074737e-03
5.077302e+01 1.099549e-03 1.177010e-03 1.017598e-03 1.104040e-03
5.082502e+01 1.114044e-03 1.160333e-03 1.047336e-03 1.134463e-03
5.087702e+01 1.125774e-03 1.139643e-03 1.072876e-03 1.164802e-03
5.092902e+01 1.134550e-03 1.115716e-03 1.094272e-03 1.193663e-03
5.098102e+01 1.140441e-03 1.089781e-03 1.111712e-03 1.219830e-03
5.103302e+01 1.143755e-03 1.063201e-03 1.125474e-03 1.242590e-03
5.108502e+01 1.145014e-03 1.037176e-03 1.136002e-03 1.261862e-03
5.113702e+01 1.144879e-03 1.012550e-03 1.144025e-03 1.278063e-03
5.118902e+01 1.144045e-03 9.897704e-04 1.150578e-03 1.291786e-03
5.124102e+01 1.143098e-03 9.689844e-04 1.156872e-03 1.303439e-03
5.129302e+01 1.142398e-03 9.501677e-04 1.164030e-03 1.312995e-03
5.134502e+01 1.141998e-03 9.332293e-04 1.172793e-03 1.319971e-03
5.139702e+01 1.141665e-03 9.180517e-04 1.183334e-03 1.323610e-03
5.144902e+01 1.140981e-03 9.044951e-04 1.195257e-03 1.323191e-03
5.150102e+01 1.139510e-03 8.924200e-04 1.207773e-03 1.318338e-03
5.155302e+01 1.136982e-03 8.817539e-04 1.219968e-03 1.309223e-03
5.160502e+01 1.133401e-03 8.725711e-04 1.231047e-03 1.296584e-03
5.165702e+01 1.129051e-03 8.651149e-04 1.240473e-03 1.281566e-03
5.170902e+01 1.124376e-03 8.597077e-04 1.247998e-03 1.265421e-03
5.176102e+01 1.119780e-03 8.565567e-04 1.253604e-03 1.249180e-03
5.181302e+01 1.115461e-03 8.555412e-04 1.257440e-03 1.233401e-03
5.186502e+01 1.111328e-03 8.560955e-04 1.259792e-03 1.218097e-03
5.191702e+01 1.107069e-03 8.572667e-04 1.261083e-03 1.202856e-03
5.196902e+01 1.102315e-03 8.579460e-04 1.261882e-03 1.187117e-03
5.202102e+01 1.096853e-03 8.571915e-04 1.262869e-03 1.170499e-03
5.207302e+01 1.090777e-03 8.545187e-04 1.264747e-03 1.153064e-03
5.212502e+01 1.084522e-03 8.500519e-04 1.268090e-03 1.135424e-03
5.217702e+01 1.078772e-03 8.444787e-04 1.273175e-03 1.118662e-03
5.222902e+01 1.074247e-03 8.388227e-04 1.279838e-03 1.104080e-03
5.228102e+01 1.071448e-03 8.341092e-04 1.287392e-03 1.092842e-03
5.233302e+01 1.070434e-03 8.310351e-04 1.294645e-03 1.085623e-03
5.238502e+01 1.070716e-03 8.297509e-04 1.300051e-03 1.082345e-03
5.243702e+01 1.071303e-03 8.298193e-04 1.301977e-03 1.082112e-03
5.248902e+01 1.070912e-03 8.303498e-04 1.299046e-03 1.083341e-03
5.254102e+01 1.068257e-03 8.302448e-04 1.290460e-03 1.084067e-03
5.259302e+01 1.062330e-03 8.284644e-04 1.276192e-03 1.082335e-03
5.264502e+01 1.052593e-03 8.242304e-04 1.256976e-03 1.076574e-03
5.269702e+01 1.039037e-03 8.171305e-04 1.234109e-03 1.065870e-03
5.274902e+01 1.022115e-03 8.071278e-04 1.209133e-03 1.050084e-03
5.280102e+01 1.002608e-03 7.945008e-04 1.183501e-03 1.029821e-03
5.285302e+01 9.814520e-04 7.797411e-04 1.158346e-03 1.006269e-03
5.290502e+01 9.595885e-04 7.634263e-04 1.134360e-03 9.809789e-04
5.295702e+01 9.378422e-04 7.460870e-04 1.111822e-03 9.556177e-04
5.300902e+01 9.168498e-04 7.280951e-04 1.090703e-03 9.317512e-04
5.306102e+01 8.970326e-04 7.096124e-04 1.070828e-03 9.106574e-04
5.311302e+01 8.786072e-04 6.906239e-04 1.052019e-03 8.931784e-04
5.316502e+01 8.616234e-04 6.710557e-04 1.034196e-03 8.796190e-04
5.321702e+01 8.460129e-04 6.509312e-04 1.017391e-03 8.697164e-04
5.326902e+01 8.316398e-04 6.304985e-04 1.001711e-03 8.627103e-04
5.332102e+01 8.183474e-04 6.102722e-04 9.872494e-04 8.575207e-04
5.337302e+01 8.059973e-04 5.909675e-04 9.740291e-04 8.529953e-04
5.342502e+01 7.944995e-04 5.733595e-04 9.619849e-04 8.481539e-04
5.347702e+01 7.838301e-04 5.581262e-04 9.510112e-04 8.423530e-04
5.352902e+01 7.740352e-04 5.457365e-04 9.410396e-04 8.353296e-04
5.358102e+01 7.652175e-04 5.364137e-04 9.321000e-04 8.271388e-04
5.363302e+01 7.575038e-04 5.301643e-04 9.243139e-04 8.180332e-04
5.368502e+01 7.509908e-04 5.268346e-04 9.177970e-04 8.083408e-04
5.373702e+01 7.456736e-04 5.261535e-04 9.124950e-04 7.983722e-04
5.378902e+01 7.413741e-04 5.277367e-04 9.080230e-04 7.883626e-04
5.384102e+01 7.377034e-04 5.310629e-04 9.036003e-04 7.784472e-04
5.389302e+01 7.340906e-04 5.354596e-04 8.981414e-04 7.686707e-04
5.394502e+01 7.298938e-04 5.401399e-04 8.904999e-04 7.590417e-04
5.399702e+01 7.245736e-04 5.443123e-04 8.797837e-04 7.496249e-04
5.404902e+01 7.178715e-04 5.473429e-04 8.656283e-04 7.406434e-04
5.410102e+01 7.099246e-04 5.489092e-04 8.483286e-04 7.325360e-04
5.415302e+01 7.012647e-04 5.490781e-04 8.287918e-04 7.259241e-04
5.420502e+01 6.926934e-04 5.482610e-04 8.083371e-04 7.214822e-04
5.425702e+01 6.850727e-04 5.470546e-04 7.884097e-04 7.197539e-04
5.430902e+01 6.790996e-04 5.460252e-04 7.702854e-04 7.209883e-04
5.436102e+01 6.751351e-04 5.455176e-04 7.548323e-04 7.250554e-04
5.441302e+01 6.731319e-04 5.455576e-04 7.423787e-04 7.314594e-04
5.446502e+01 6.726698e-04 5.458741e-04 7.327145e-04 7.394208e-04
5.451702e+01 6.730789e-04 5.460203e-04 7.252276e-04 7.479890e-04
5.456902e+01 6.736133e-04 5.455432e-04 7.191352e-04 7.561615e-04
5.462102e+01 6.736333e-04 5.441432e-04 7.137409e-04 7.630157e-04
5.467302e+01 6.727555e-04 5.417808e-04 7.086292e-04 7.678566e-04
5.472502e+01 6.709337e-04 5.387102e-04 7.037342e-04 7.703568e-04
5.477702e+01 6.684450e-04 5.354414e-04 6.992663e-04 7.706274e-04
5.482902e+01 6.657833e-04 5.326462e-04 6.955423e-04 7.691614e-04
5.488102e+01 6.634916e-04 5.310351e-04 6.928010e-04 7.666387e-04
5.493302e+01 6.619937e-04 5.312364e-04 6.910852e-04 7.636595e-04
5.498502e+01 6.614854e-04 5.337011e-04 6.902320e-04 7.605231e-04
5.503702e+01 6.619185e-04 5.386444e-04 6.899587e-04 7.571524e-04
5.508902e+01 6.630658e-04 5.460190e-04 6.899872e-04 7.531911e-04
5.514102e+01 6.646218e-04 5.555090e-04 6.901457e-04 7.482107e-04
5.519302e+01 6.662909e-04 5.665421e-04 6.904090e-04 7.419216e-04
5.524502e+01 6.678385e-04 5.783355e-04 6.908808e-04 7.342992e-04
5.529702e+01 6.691110e-04 5.899938e-04 6.917470e-04 7.255922e-04
5.534902e+01 6.700447e-04 6.006595e-04 6.932342e-04 7.162403e-04
5.540102e+01 6.706736e-04 6.096834e-04 6.955832e-04 7.067540e-04
5.545302e+01 6.711256e-04 6.167518e-04 6.990262e-04 6.975989e-04
5.550502e+01 6.715895e-04 6.219148e-04 7.037450e-04 6.891088e-04
5.555702e+01 6.722465e-04 6.255015e-04 7.098025e-04 6.814356e-04
5.560902e+01 6.731878e-04 6.279643e-04 7.170608e-04 6.745383e-04
5.566102e+01 6.743558e-04 6.297268e-04 7.251263e-04 6.682143e-04
5.571302e+01 6.755428e-04 6.310947e-04 7.333650e-04 6.621687e-04
5.576502e+01 6.764526e-04 6.322447e-04 7.410114e-04 6.561017e-04
5.581702e+01 6.768007e-04 6.332557e-04 7.473583e-04 6.497883e-04
5.586902e+01 6.764096e-04 6.341363e-04 7.519669e-04 6.431256e-04
5.592102e+01 6.752598e-04 6.348239e-04 7.548150e-04 6.361405e-04
5.597302e+01 6.734849e-04 6.351748e-04 7.563113e-04 6.289686e-04
5.602502e+01 6.713202e-04 6.349867e-04 7.571518e-04 6.218220e-04
5.607702e+01 6.690360e-04 6.340780e-04 7.580658e-04 6.149642e-04
5.612902e+01 6.668801e-04 6.324038e-04 7.595460e-04 6.086905e-04
5.618102e+01 6.650386e-04 6.301465e-04 7.616671e-04 6.033024e-04
5.623302e+01 6.636108e-04 6.277132e-04 7.640580e-04 5.990613e-04
5.628502e+01 6.625871e-04 6.256119e-04 7.660315e-04 5.961180e-04
5.633702e+01 6.618283e-04 6.242402e-04 7.668156e-04 5.944290e-04
5.638902e+01 6.610520e-04 6.236696e-04 7.657970e-04 5.936895e-04
5.644102e+01 6.598379e-04 6.235175e-04 7.626841e-04 5.933121e-04
5.649302e+01 6.576509e-04 6.229598e-04 7.575240e-04 5.924691e-04
5.654502e+01 6.538759e-04 6.208736e-04 7.505581e-04 5.901961e-04
5.659702e+01 6.478460e-04 6.160493e-04 7.419617e-04 5.855270e-04
5.664902e+01 6.388571e-04 6.073921e-04 7.315613e-04 5.776180e-04
5.670102e+01 6.261717e-04 5.940536e-04 7.186440e-04 5.658177e-04
5.675302e+01 6.090305e-04 5.754777e-04 7.019467e-04 5.496671e-04
