8.059880e+00 0.000000e+00 0.000000e+00 0.000000e+00 0.000000e+00
8.108851e+00 0.000000e+00 0.000000e+00 0.000000e+00 0.000000e+00
8.157821e+00 0.000000e+00 0.000000e+00 0.000000e+00 0.000000e+00
8.206792e+00 0.000000e+00 0.000000e+00 0.000000e+00 0.000000e+00
8.255762e+00 0.000000e+00 0.000000e+00 0.000000e+00 0.000000e+00
8.304733e+00 0.000000e+00 0.000000e+00 0.000000e+00 0.000000e+00
8.353704e+00 0.000000e+00 0.000000e+00 0.000000e+00 0.000000e+00
8.402674e+00 0.000000e+00 0.000000e+00 0.000000e+00 0.000000e+00
8.451645e+00 0.000000e+00 0.000000e+00 0.000000e+00 0.000000e+00
8.500615e+00 0.000000e+00 0.000000e+00 0.000000e+00 0.000000e+00
8.549586e+00 0.000000e+00 0.000000e+00 0.000000e+00 0.000000e+00
8.598557e+00 0.000000e+00 0.000000e+00 0.000000e+00 0.000000e+00
8.647527e+00 0.000000e+00 0.000000e+00 0.000000e+00 0.000000e+00
8.696498e+00 0.000000e+00 0.000000e+00 0.000000e+00 0.000000e+00
8.745468e+00 0.000000e+00 0.000000e+00 0.000000e+00 0.000000e+00
8.794439e+00 0.000000e+00 0.000000e+00 0.000000e+00 0.000000e+00
8.843410e+00 0.000000e+00 0.000000e+00 0.000000e+00 0.000000e+00
8.892380e+00 0.000000e+00 0.000000e+00 0.000000e+00 0.000000e+00
8.941351e+00 0.000000e+00 0.000000e+00 0.000000e+00 0.000000e+00
8.990321e+00 0.000000e+00 0.000000e+00 0.000000e+00 0.000000e+00
9.039292e+00 0.000000e+00 0.000000e+00 0.000000e+00 0.000000e+00
9.088263e+00 0.000000e+00 0.000000e+00 0.000000e+00 0.000000e+00
9.137233e+00 0.000000e+00 0.000000e+00 0.000000e+00 0.000000e+00
9.186204e+00 0.000000e+00 0.000000e+00 0.000000e+00 0.000000e+00
9.235174e+00 0.000000e+00 0.000000e+00 0.000000e+00 0.000000e+00
9.284145e+00 0.000000e+00 0.000000e+00 0.000000e+00 0.000000e+00
9.333116e+00 0.000000e+00 0.000000e+00 0.000000e+00 0.000000e+00
9.382086e+00 0.000000e+00 0.000000e+00 0.000000e+00 0.000000e+00
9.431057e+00 0.000000e+00 0.000000e+00 0.000000e+00 0.000000e+00
9.480027e+00 0.000000e+00 0.000000e+00 0.000000e+00 0.000000e+00
9.528998e+00 0.000000e+00 0.000000e+00 0.000000e+00 0.000000e+00
9.577969e+00 0.000000e+00 0.000000e+00 0.000000e+00 0.000000e+00
9.626939e+00 0.000000e+00 0.000000e+00 0.000000e+00 0.000000e+00
9.675910e+00 0.000000e+00 0.000000e+00 0.000000e+00 0.000000e+00
9.724880e+00 0.000000e+00 0.000000e+00 0.000000e+00 0.000000e+00
9.773851e+00 0.000000e+00 0.000000e+00 0.000000e+00 0.000000e+00
9.822822e+00 0.000000e+00 0.000000e+00 0.000000e+00 0.000000e+00
9.871792e+00 0.000000e+00 0.000000e+00 0.000000e+00 0.000000e+00
9.920763e+00 0.000000e+00 0.000000e+00 0.000000e+00 0.000000e+00
9.969733e+00 0.000000e+00 0.000000e+00 0.000000e+00 0.000000e+00
1.001870e+01 0.000000e+00 0.000000e+00 0.000000e+00 0.000000e+00
1.006767e+01 0.000000e+00 0.000000e+00 0.000000e+00 0.000000e+00
1.011665e+01 0.000000e+00 0.000000e+00 0.000000e+00 0.000000e+00
1.016562e+01 0.000000e+00 0.000000e+00 0.000000e+00 0.000000e+00
1.021459e+01 0.000000e+00 0.000000e+00 0.000000e+00 0.000000e+00
1.026356e+01 0.000000e+00 0.000000e+00 0.000000e+00 0.000000e+00
1.031253e+01 0.000000e+00 0.000000e+00 0.000000e+00 0.000000e+00
1.036150e+01 0.000000e+00 0.000000e+00 0.000000e+00 0.000000e+00
1.041047e+01 0.000000e+00 0.000000e+00 0.000000e+00 0.000000e+00
1.045944e+01 0.000000e+00 0.000000e+00 0.000000e+00 0.000000e+00
1.050841e+01 0.000000e+00 0.000000e+00 0.000000e+00 0.000000e+00
1.055738e+01 0.000000e+00 0.000000e+00 0.000000e+00 0.000000e+00
1.060635e+01 0.000000e+00 0.000000e+00 0.000000e+00 0.000000e+00
1.065532e+01 0.000000e+00 0.000000e+00 0.000000e+00 0.000000e+00
1.070429e+01 0.000000e+00 0.000000e+00 0.000000e+00 0.000000e+00
1.075326e+01 0.000000e+00 0.000000e+00 0.000000e+00 0.000000e+00
1.080223e+01 0.000000e+00 0.000000e+00 0.000000e+00 0.000000e+00
1.085120e+01 0.000000e+00 0.000000e+00 0.000000e+00 0.000000e+00
1.090017e+01 0.000000e+00 0.000000e+00 0.000000e+00 0.000000e+00
1.094915e+01 0.000000e+00 0.000000e+00 0.000000e+00 0.000000e+00
1.099812e+01 0.000000e+00 0.000000e+00 0.000000e+00 0.000000e+00
1.104709e+01 0.000000e+00 0.000000e+00 0.000000e+00 0.000000e+00
1.109606e+01 0.000000e+00 0.000000e+00 0.000000e+00 0.000000e+00
1.114503e+01 0.000000e+00 0.000000e+00 0.000000e+00 0.000000e+00
1.119400e+01 0.000000e+00 0.000000e+00 0.000000e+00 0.000000e+00
1.124297e+01 0.000000e+00 0.000000e+00 0.000000e+00 0.000000e+00
1.129194e+01 0.000000e+00 0.000000e+00 0.000000e+00 0.000000e+00
1.134091e+01 0.000000e+00 0.000000e+00 0.000000e+00 0.000000e+00
1.138988e+01 0.000000e+00 0.000000e+00 0.000000e+00 0.000000e+00
1.143885e+01 0.000000e+00 0.000000e+00 0.000000e+00 0.000000e+00
1.148782e+01 0.000000e+00 0.000000e+00 0.000000e+00 0.000000e+00
1.153679e+01 0.000000e+00 0.000000e+00 0.000000e+00 0.000000e+00
1.158576e+01 0.000000e+00 0.000000e+00 0.000000e+00 0.000000e+00
1.163473e+01 0.000000e+00 0.000000e+00 0.000000e+00 0.000000e+00
1.168370e+01 0.000000e+00 0.000000e+00 0.000000e+00 0.000000e+00
1.173268e+01 0.000000e+00 0.000000e+00 0.000000e+00 0.000000e+00
1.178165e+01 0.000000e+00 0.000000e+00 0.000000e+00 0.000000e+00
1.183062e+01 0.000000e+00 0.000000e+00 0.000000e+00 0.000000e+00
1.187959e+01 0.000000e+00 0.000000e+00 0.000000e+00 0.000000e+00
1.192856e+01 8.343983e-14 5.873896e-14 1.706548e-13 2.092574e-14
1.197753e+01 7.762599e-13 5.572796e-13 1.564913e-12 2.065870e-13
1.202650e+01 4.100596e-12 2.965895e-12 8.218806e-12 1.117087e-12
1.207547e+01 1.714228e-11 1.243486e-11 3.428994e-11 4.702025e-12
1.212444e+01 6.745416e-11 4.906578e-11 1.347301e-10 1.856659e-11
1.217341e+01 2.438667e-10 1.776640e-10 4.866385e-10 6.729746e-11
1.222238e+01 8.184730e-10 5.969883e-10 1.631984e-09 2.264471e-10
1.227135e+01 2.603672e-09 1.901337e-09 5.187605e-09 7.220739e-10
1.232032e+01 7.853102e-09 5.741420e-09 1.563528e-08 2.182609e-09
1.236929e+01 2.246501e-08 1.644299e-08 4.469633e-08 6.255721e-09
1.241826e+01 6.096908e-08 4.467523e-08 1.212259e-07 1.700611e-08
1.246723e+01 1.570226e-07 1.151824e-07 3.120258e-07 4.385959e-08
1.251620e+01 3.838459e-07 2.818560e-07 7.623459e-07 1.073360e-07
1.256518e+01 8.907647e-07 6.547205e-07 1.768278e-06 2.492960e-07
1.261415e+01 1.962554e-06 1.443810e-06 3.894289e-06 5.495632e-07
1.266312e+01 4.105293e-06 3.022721e-06 8.143236e-06 1.149921e-06
1.271209e+01 8.152861e-06 6.007550e-06 1.616725e-05 2.283779e-06
1.276106e+01 1.536977e-05 1.133325e-05 3.047145e-05 4.304601e-06
1.281003e+01 2.750007e-05 2.029019e-05 5.451101e-05 7.698994e-06
1.285900e+01 4.668741e-05 3.446539e-05 9.253330e-05 1.306353e-05
1.290797e+01 7.518516e-05 5.552815e-05 1.490045e-04 2.102289e-05
1.295694e+01 1.148097e-04 8.482529e-05 2.275271e-04 3.207678e-05
1.300591e+01 1.661779e-04 1.228161e-04 3.293300e-04 4.638762e-05
1.305488e+01 2.278980e-04 1.684731e-04 4.516640e-04 6.355687e-05
1.310385e+01 2.960062e-04 2.188637e-04 5.866835e-04 8.247131e-05
1.315282e+01 3.639774e-04 2.691586e-04 7.214637e-04 1.013100e-04
1.320179e+01 4.235309e-04 3.132277e-04 8.395929e-04 1.177720e-04
1.325076e+01 4.661899e-04 3.447961e-04 9.242618e-04 1.295117e-04
1.329973e+01 4.852286e-04 3.588855e-04 9.621216e-04 1.346786e-04
1.334870e+01 4.774032e-04 3.530952e-04 9.467190e-04 1.323955e-04
1.339768e+01 4.438576e-04 3.282714e-04 8.802947e-04 1.230067e-04
1.344665e+01 3.898598e-04 2.883096e-04 7.732623e-04 1.080075e-04
1.349562e+01 3.234592e-04 2.391553e-04 6.415368e-04 8.968550e-05
1.354459e+01 2.535536e-04 1.873656e-04 5.026748e-04 7.062037e-05
1.359356e+01 1.880407e-04 1.387282e-04 3.721503e-04 5.324362e-05
1.364253e+01 1.326291e-04 9.736293e-05 2.608889e-04 3.963564e-05
1.369150e+01 9.058228e-05 6.551208e-05 1.745812e-04 3.165352e-05
1.374047e+01 6.332319e-05 4.397855e-05 1.146164e-04 3.137459e-05
1.378944e+01 5.158494e-05 3.300636e-05 8.000986e-05 4.173859e-05
1.383841e+01 5.669996e-05 3.334679e-05 6.956451e-05 6.718858e-05
1.388738e+01 8.165056e-05 4.728456e-05 8.362088e-05 1.140462e-04
1.393635e+01 1.315811e-04 7.944399e-05 1.249733e-04 1.903260e-04
1.398532e+01 2.135630e-04 1.372171e-04 1.987379e-04 3.047341e-04
1.403429e+01 3.355240e-04 2.306665e-04 3.111384e-04 4.647670e-04
1.408326e+01 5.044482e-04 3.718127e-04 4.673918e-04 6.741401e-04
1.413223e+01 7.242309e-04 5.733600e-04 6.691557e-04 9.301771e-04
1.418121e+01 9.938471e-04 8.471305e-04 9.122965e-04 1.222114e-03
1.423018e+01 1.306608e-03 1.202650e-03 1.185882e-03 1.531293e-03
1.427915e+01 1.651069e-03 1.646308e-03 1.473114e-03 1.833786e-03
1.432812e+01 2.013581e-03 2.181238e-03 1.754325e-03 2.105180e-03
1.437709e+01 2.381754e-03 2.807597e-03 2.011363e-03 2.326301e-03
1.442606e+01 2.747541e-03 3.522553e-03 2.231995e-03 2.488073e-03
1.447503e+01 3.108613e-03 4.319271e-03 2.412771e-03 2.593798e-03
1.452400e+01 3.467303e-03 5.184644e-03 2.559299e-03 2.657966e-03
1.457297e+01 3.827349e-03 6.096270e-03 2.683829e-03 2.701949e-03
1.462194e+01 4.189632e-03 7.019821e-03 2.801057e-03 2.748018e-03
1.467091e+01 4.548480e-03 7.908248e-03 2.923603e-03 2.813589e-03
1.471988e+01 4.889937e-03 8.703930e-03 3.058555e-03 2.907325e-03
1.476885e+01 5.192684e-03 9.344232e-03 3.205882e-03 3.027938e-03
1.481782e+01 5.431473e-03 9.769988e-03 3.358801e-03 3.165631e-03
1.486679e+01 5.582231e-03 9.935568e-03 3.505667e-03 3.305458e-03
1.491576e+01 5.627586e-03 9.818422e-03 3.632747e-03 3.431589e-03
1.496473e+01 5.561420e-03 9.425656e-03 3.727253e-03 3.531350e-03
1.501371e+01 5.391201e-03 8.795513e-03 3.780036e-03 3.598054e-03
1.506268e+01 5.137298e-03 7.992649e-03 3.787388e-03 3.631857e-03
1.511165e+01 4.829227e-03 7.097803e-03 3.751475e-03 3.638403e-03
1.516062e+01 4.499693e-03 6.194140e-03 3.679228e-03 3.625712e-03
1.520959e+01 4.178056e-03 5.353679e-03 3.580007e-03 3.600483e-03
1.525856e+01 3.885091e-03 4.627173e-03 3.462840e-03 3.565260e-03
1.530753e+01 3.630538e-03 4.039690e-03 3.334259e-03 3.517664e-03
1.535650e+01 3.413939e-03 3.592281e-03 3.197529e-03 3.452006e-03
1.540547e+01 3.228129e-03 3.268393e-03 3.053426e-03 3.362567e-03
1.545444e+01 3.063919e-03 3.042536e-03 2.902054e-03 3.247167e-03
1.550341e+01 2.914324e-03 2.888625e-03 2.744771e-03 3.109577e-03
1.555238e+01 2.777127e-03 2.786130e-03 2.585364e-03 2.959888e-03
1.560135e+01 2.655411e-03 2.723316e-03 2.430046e-03 2.812872e-03
1.565032e+01 2.556488e-03 2.697930e-03 2.286447e-03 2.685088e-03
1.569929e+01 2.490079e-03 2.716228e-03 2.162183e-03 2.591827e-03
1.574826e+01 2.466569e-03 2.791138e-03 2.063681e-03 2.544890e-03
1.579723e+01 2.495705e-03 2.939787e-03 1.995699e-03 2.551627e-03
1.584621e+01 2.585587e-03 3.180014e-03 1.961590e-03 2.615159e-03
1.589518e+01 2.741500e-03 3.525336e-03 1.963953e-03 2.735213e-03
1.594415e+01 2.964205e-03 3.978463e-03 2.005210e-03 2.908942e-03
1.599312e+01 3.247826e-03 4.524575e-03 2.087650e-03 3.131254e-03
1.604209e+01 3.578024e-03 5.126786e-03 2.212763e-03 3.394524e-03
1.609106e+01 3.931469e-03 5.726498e-03 2.379988e-03 3.687922e-03
1.614003e+01 4.277464e-03 6.250382e-03 2.585254e-03 3.996755e-03
1.618900e+01 4.581848e-03 6.623458e-03 2.819792e-03 4.302293e-03
1.623797e+01 4.812452e-03 6.785194e-03 3.069714e-03 4.582447e-03
1.628694e+01 4.944668e-03 6.703798e-03 3.316686e-03 4.813518e-03
1.633591e+01 4.965624e-03 6.384018e-03 3.539812e-03 4.973041e-03
1.638488e+01 4.875928e-03 5.865849e-03 3.718505e-03 5.043428e-03
1.643385e+01 4.688771e-03 5.214700e-03 3.835835e-03 5.015777e-03
1.648282e+01 4.426956e-03 4.506469e-03 3.881544e-03 4.892854e-03
1.653179e+01 4.118797e-03 3.812292e-03 3.853916e-03 4.690182e-03
1.658076e+01 3.793811e-03 3.187135e-03 3.759886e-03 4.434413e-03
1.662974e+01 3.478884e-03 2.664403e-03 3.613344e-03 4.158906e-03
1.667871e+01 3.195278e-03 2.256389e-03 3.432133e-03 3.897311e-03
1.672768e+01 2.956713e-03 1.958697e-03 3.234658e-03 3.676783e-03
1.677665e+01 2.768657e-03 1.756255e-03 3.037044e-03 3.512672e-03
1.682562e+01 2.628866e-03 1.628939e-03 2.851427e-03 3.406231e-03
1.687459e+01 2.529059e-03 1.555782e-03 2.685478e-03 3.345916e-03
1.692356e+01 2.457424e-03 1.517598e-03 2.542855e-03 3.311818e-03
1.697253e+01 2.401447e-03 1.498389e-03 2.424139e-03 3.281814e-03
1.702150e+01 2.350508e-03 1.486019e-03 2.327887e-03 3.237618e-03
1.707047e+01 2.297722e-03 1.472486e-03 2.251630e-03 3.169050e-03
1.711944e+01 2.240716e-03 1.453898e-03 2.192709e-03 3.075542e-03
1.716841e+01 2.181290e-03 1.430123e-03 2.148918e-03 2.964829e-03
1.721738e+01 2.124181e-03 1.404021e-03 2.118870e-03 2.849651e-03
1.726635e+01 2.075376e-03 1.380318e-03 2.102005e-03 2.743804e-03
1.731532e+01 2.040461e-03 1.364270e-03 2.098254e-03 2.658858e-03
1.736429e+01 2.023407e-03 1.360382e-03 2.107469e-03 2.602369e-03
1.741326e+01 2.026016e-03 1.371464e-03 2.128827e-03 2.577758e-03
1.746224e+01 2.048007e-03 1.398167e-03 2.160453e-03 2.585403e-03
1.751121e+01 2.087571e-03 1.439047e-03 2.199456e-03 2.624211e-03
1.756018e+01 2.142150e-03 1.491015e-03 2.242421e-03 2.693013e-03
1.760915e+01 2.209198e-03 1.549974e-03 2.286238e-03 2.791382e-03
1.765812e+01 2.286770e-03 1.611428e-03 2.329034e-03 2.919847e-03
1.770709e+01 2.373839e-03 1.670936e-03 2.370937e-03 3.079644e-03
1.775606e+01 2.470342e-03 1.724354e-03 2.414448e-03 3.272223e-03
1.780503e+01 2.576982e-03 1.767944e-03 2.464390e-03 3.498611e-03
1.785400e+01 2.694870e-03 1.798478e-03 2.527503e-03 3.758628e-03
1.790297e+01 2.825058e-03 1.813521e-03 2.611800e-03 4.049851e-03
1.795194e+01 2.967995e-03 1.812005e-03 2.725703e-03 4.366278e-03
1.800091e+01 3.122889e-03 1.795091e-03 2.876815e-03 4.696762e-03
1.804988e+01 3.286942e-03 1.767128e-03 3.070129e-03 5.023570e-03
1.809885e+01 3.454580e-03 1.736354e-03 3.305655e-03 5.321732e-03
1.814782e+01 3.616946e-03 1.714914e-03 3.575877e-03 5.560048e-03
1.819679e+01 3.762100e-03 1.717902e-03 3.863942e-03 5.704457e-03
1.824576e+01 3.876259e-03 1.761287e-03 4.143704e-03 5.723786e-03
1.829474e+01 3.946053e-03 1.858897e-03 4.382423e-03 5.596840e-03
1.834371e+01 3.961238e-03 2.018875e-03 4.546059e-03 5.318781e-03
1.839268e+01 3.916931e-03 2.240314e-03 4.606006e-03 4.904472e-03
1.844165e+01 3.814490e-03 2.510950e-03 4.545328e-03 4.387194e-03
1.849062e+01 3.660716e-03 2.806902e-03 4.362528e-03 3.812718e-03
1.853959e+01 3.465759e-03 3.095156e-03 4.071679e-03 3.230442e-03
1.858856e+01 3.240725e-03 3.338846e-03 3.699058e-03 2.684273e-03
1.863753e+01 2.995937e-03 3.504380e-03 3.277560e-03 2.205870e-03
1.868650e+01 2.740356e-03 3.568581e-03 2.840753e-03 1.811732e-03
1.873547e+01 2.481981e-03 3.523636e-03 2.418126e-03 1.504181e-03
1.878444e+01 2.228568e-03 3.378249e-03 2.032357e-03 1.275098e-03
1.883341e+01 1.988015e-03 3.154680e-03 1.698570e-03 1.110795e-03
1.888238e+01 1.768143e-03 2.882875e-03 1.425026e-03 9.965293e-04
1.893135e+01 1.576061e-03 2.593833e-03 1.214579e-03 9.197705e-04
1.898032e+01 1.417552e-03 2.314368e-03 1.066356e-03 8.719332e-04
1.902929e+01 1.296833e-03 2.064433e-03 9.773129e-04 8.487520e-04
1.907827e+01 1.216698e-03 1.856942e-03 9.434504e-04 8.497014e-04
1.912724e+01 1.178792e-03 1.699020e-03 9.604907e-04 8.768642e-04
1.917621e+01 1.183614e-03 1.593382e-03 1.023904e-03 9.335560e-04
1.922518e+01 1.230069e-03 1.539005e-03 1.128309e-03 1.022893e-03
1.927415e+01 1.314652e-03 1.531017e-03 1.266525e-03 1.146415e-03
1.932312e+01 1.430666e-03 1.560385e-03 1.428735e-03 1.302878e-03
1.937209e+01 1.567938e-03 1.614155e-03 1.602310e-03 1.487350e-03
1.942106e+01 1.713384e-03 1.676744e-03 1.772621e-03 1.690788e-03
1.947003e+01 1.852450e-03 1.732218e-03 1.924823e-03 1.900311e-03
1.951900e+01 1.971162e-03 1.767020e-03 2.046172e-03 2.100294e-03
1.956797e+01 2.058269e-03 1.772312e-03 2.128205e-03 2.274291e-03
1.961694e+01 2.106966e-03 1.745250e-03 2.168103e-03 2.407546e-03
1.966591e+01 2.115769e-03 1.688839e-03 2.168855e-03 2.489614e-03
1.971488e+01 2.088369e-03 1.610495e-03 2.138207e-03 2.516405e-03
1.976385e+01 2.032531e-03 1.519823e-03 2.086738e-03 2.491032e-03
1.981282e+01 1.958327e-03 1.426270e-03 2.025601e-03 2.423109e-03
1.986179e+01 1.876113e-03 1.337277e-03 1.964437e-03 2.326625e-03
1.991077e+01 1.794719e-03 1.257289e-03 1.909889e-03 2.216980e-03
1.995974e+01 1.720233e-03 1.187696e-03 1.864951e-03 2.108051e-03
2.000871e+01 1.655576e-03 1.127500e-03 1.829168e-03 2.010061e-03
2.005768e+01 1.600891e-03 1.074382e-03 1.799591e-03 1.928702e-03
2.010665e+01 1.554491e-03 1.025808e-03 1.772167e-03 1.865498e-03
2.015562e+01 1.514028e-03 9.799022e-04 1.743197e-03 1.818985e-03
2.020459e+01 1.477496e-03 9.359109e-04 1.710442e-03 1.786135e-03
2.025356e+01 1.443788e-03 8.942298e-04 1.673586e-03 1.763547e-03
2.030253e+01 1.412721e-03 8.560381e-04 1.633980e-03 1.748144e-03
2.035150e+01 1.384642e-03 8.226998e-04 1.593841e-03 1.737386e-03
2.040047e+01 1.359874e-03 7.951376e-04 1.555274e-03 1.729210e-03
2.044944e+01 1.338261e-03 7.733972e-04 1.519505e-03 1.721883e-03
2.049841e+01 1.319018e-03 7.565462e-04 1.486604e-03 1.713903e-03
2.054738e+01 1.300868e-03 7.429352e-04 1.455709e-03 1.703959e-03
2.059635e+01 1.282383e-03 7.307036e-04 1.425558e-03 1.690887e-03
2.064532e+01 1.262327e-03 7.183322e-04 1.395045e-03 1.673604e-03
2.069429e+01 1.239869e-03 7.050345e-04 1.363523e-03 1.651051e-03
2.074327e+01 1.214622e-03 6.908647e-04 1.330783e-03 1.622220e-03
2.079224e+01 1.186546e-03 6.765403e-04 1.296768e-03 1.586330e-03
2.084121e+01 1.155801e-03 6.630790e-04 1.261227e-03 1.543098e-03
2.089018e+01 1.122623e-03 6.513969e-04 1.223469e-03 1.493003e-03
2.093915e+01 1.087241e-03 6.419991e-04 1.182346e-03 1.437379e-03
2.098812e+01 1.049862e-03 6.348343e-04 1.136470e-03 1.378282e-03
2.103709e+01 1.010688e-03 6.293232e-04 1.084587e-03 1.318155e-03
2.108606e+01 9.699896e-04 6.245257e-04 1.026014e-03 1.259429e-03
2.113503e+01 9.282041e-04 6.193905e-04 9.610259e-04 1.204196e-03
2.118400e+01 8.860564e-04 6.130342e-04 8.910751e-04 1.154060e-03
2.123297e+01 8.446490e-04 6.050089e-04 8.187851e-04 1.110153e-03
2.128194e+01 8.054875e-04 5.955275e-04 7.476796e-04 1.073255e-03
2.133091e+01 7.704091e-04 5.856199e-04 6.816947e-04 1.043913e-03
2.137988e+01 7.414061e-04 5.771838e-04 6.245695e-04 1.022465e-03
2.142885e+01 7.203587e-04 5.728818e-04 5.792485e-04 1.008946e-03
2.147782e+01 7.087100e-04 5.758442e-04 5.474183e-04 1.002867e-03
2.152680e+01 7.071366e-04 5.891691e-04 5.292608e-04 1.002980e-03
2.157577e+01 7.152851e-04 6.152773e-04 5.234542e-04 1.007124e-03
2.162474e+01 7.316618e-04 6.552592e-04 5.274109e-04 1.012315e-03
2.167371e+01 7.537468e-04 7.083923e-04 5.377104e-04 1.015138e-03
2.172268e+01 7.783550e-04 7.719995e-04 5.506573e-04 1.012408e-03
2.177165e+01 8.021850e-04 8.417307e-04 5.628740e-04 1.001950e-03
2.182062e+01 8.224250e-04 9.122302e-04 5.718147e-04 9.832300e-04
2.186959e+01 8.372507e-04 9.780324e-04 5.761013e-04 9.576184e-04
2.191856e+01 8.460824e-04 1.034464e-03 5.756178e-04 9.281651e-04
2.196753e+01 8.495474e-04 1.078335e-03 5.713724e-04 8.989345e-04
2.201650e+01 8.491898e-04 1.108264e-03 5.651989e-04 8.741063e-04
2.206547e+01 8.470308e-04 1.124591e-03 5.593997e-04 8.571014e-04
2.211444e+01 8.451008e-04 1.128928e-03 5.564182e-04 8.499564e-04
2.216341e+01 8.450417e-04 1.123487e-03 5.585786e-04 8.530594e-04
2.221238e+01 8.478374e-04 1.110388e-03 5.678850e-04 8.652391e-04
2.226135e+01 8.536955e-04 1.091121e-03 5.858548e-04 8.841110e-04
2.231032e+01 8.620819e-04 1.066319e-03 6.133743e-04 9.065519e-04
2.235930e+01 8.718929e-04 1.035895e-03 6.505980e-04 9.291856e-04
2.240827e+01 8.817391e-04 9.994795e-04 6.969296e-04 9.488080e-04
2.245724e+01 8.902923e-04 9.570374e-04 7.511125e-04 9.627269e-04
2.250621e+01 8.966335e-04 9.094569e-04 8.114199e-04 9.690235e-04
2.255518e+01 9.005265e-04 8.589289e-04 8.758960e-04 9.667546e-04
2.260415e+01 9.025512e-04 8.089788e-04 9.425794e-04 9.560955e-04
2.265312e+01 9.040553e-04 7.641104e-04 1.009659e-03 9.383969e-04
2.270209e+01 9.069251e-04 7.291212e-04 1.075546e-03 9.161076e-04
2.275106e+01 9.132198e-04 7.082359e-04 1.138907e-03 8.925163e-04
2.280003e+01 9.247494e-04 7.042492e-04 1.198695e-03 8.713042e-04
2.284900e+01 9.426900e-04 7.178710e-04 1.254247e-03 8.559523e-04
2.289797e+01 9.673265e-04 7.474305e-04 1.305440e-03 8.491091e-04
2.294694e+01 9.979807e-04 7.890290e-04 1.352859e-03 8.520543e-04
2.299591e+01 1.033142e-03 8.371443e-04 1.397886e-03 8.643945e-04
2.304488e+01 1.070759e-03 8.855900e-04 1.442610e-03 8.840776e-04
2.309385e+01 1.108621e-03 9.286393e-04 1.489478e-03 9.077461e-04
2.314282e+01 1.144701e-03 9.620538e-04 1.540688e-03 9.313611e-04
2.319180e+01 1.177380e-03 9.837620e-04 1.597413e-03 9.509657e-04
2.324077e+01 1.205500e-03 9.940141e-04 1.659071e-03 9.634156e-04
2.328974e+01 1.228273e-03 9.949955e-04 1.722908e-03 9.669155e-04
2.333871e+01 1.245143e-03 9.900434e-04 1.784132e-03 9.612524e-04
2.338768e+01 1.255712e-03 9.827245e-04 1.836718e-03 9.476942e-04
2.343665e+01 1.259796e-03 9.760379e-04 1.874739e-03 9.286097e-04
2.348562e+01 1.257572e-03 9.719185e-04 1.893873e-03 9.069244e-04
2.353459e+01 1.249751e-03 9.710843e-04 1.892613e-03 8.855545e-04
2.358356e+01 1.237635e-03 9.731643e-04 1.872794e-03 8.669459e-04
2.363253e+01 1.223015e-03 9.769950e-04 1.839256e-03 8.527938e-04
2.368150e+01 1.207908e-03 9.809933e-04 1.798766e-03 8.439631e-04
2.373047e+01 1.194214e-03 9.835477e-04 1.758529e-03 8.405665e-04
2.377944e+01 1.183403e-03 9.833968e-04 1.724676e-03 8.421360e-04
2.382841e+01 1.176291e-03 9.799550e-04 1.701099e-03 8.478185e-04
2.387738e+01 1.172975e-03 9.735254e-04 1.688843e-03 8.565557e-04
2.392635e+01 1.172909e-03 9.653284e-04 1.686163e-03 8.672348e-04
2.397533e+01 1.175110e-03 9.573017e-04 1.689212e-03 8.788170e-04
2.402430e+01 1.178446e-03 9.516848e-04 1.693212e-03 8.904413e-04
2.407327e+01 1.181947e-03 9.504782e-04 1.693871e-03 9.014930e-04
2.412224e+01 1.185067e-03 9.549175e-04 1.688671e-03 9.116137e-04
2.417121e+01 1.187820e-03 9.651104e-04 1.677708e-03 9.206430e-04
2.422018e+01 1.190757e-03 9.799382e-04 1.663826e-03 9.285062e-04
2.426915e+01 1.194772e-03 9.972386e-04 1.651986e-03 9.350930e-04
2.431812e+01 1.200811e-03 1.014201e-03 1.648051e-03 9.401819e-04
2.436709e+01 1.209539e-03 1.027853e-03 1.657313e-03 9.434510e-04
2.441606e+01 1.221082e-03 1.035516e-03 1.683155e-03 9.445753e-04
2.446503e+01 1.234901e-03 1.035143e-03 1.726192e-03 9.433688e-04
2.451400e+01 1.249828e-03 1.025519e-03 1.784059e-03 9.399051e-04
2.456297e+01 1.264246e-03 1.006337e-03 1.851848e-03 9.345534e-04
2.461194e+01 1.276368e-03 9.781977e-04 1.923006e-03 9.279002e-04
2.466091e+01 1.284528e-03 9.425481e-04 1.990466e-03 9.205694e-04
2.470988e+01 1.287432e-03 9.015769e-04 2.047723e-03 9.129951e-04
2.475885e+01 1.284306e-03 8.580314e-04 2.089665e-03 9.052214e-04
2.480783e+01 1.274941e-03 8.149460e-04 2.113071e-03 8.968064e-04
2.485680e+01 1.259632e-03 7.752761e-04 2.116739e-03 8.868819e-04
2.490577e+01 1.239053e-03 7.414736e-04 2.101312e-03 8.743739e-04
2.495474e+01 1.214089e-03 7.150759e-04 2.068857e-03 8.583347e-04
2.500371e+01 1.185671e-03 6.964087e-04 2.022315e-03 8.382881e-04
2.505268e+01 1.154625e-03 6.844981e-04 1.964908e-03 8.144681e-04
2.510165e+01 1.121586e-03 6.772510e-04 1.899646e-03 7.878612e-04
2.515062e+01 1.086975e-03 6.718956e-04 1.829007e-03 7.600207e-04
2.519959e+01 1.051045e-03 6.655870e-04 1.754844e-03 7.327053e-04
2.524856e+01 1.013983e-03 6.560220e-04 1.678473e-03 7.074533e-04
2.529753e+01 9.759897e-04 6.418832e-04 1.600858e-03 6.852276e-04
2.534650e+01 9.373372e-04 6.229871e-04 1.522786e-03 6.662386e-04
2.539547e+01 8.983523e-04 6.001092e-04 1.444958e-03 6.499901e-04
2.544444e+01 8.593686e-04 5.745756e-04 1.368012e-03 6.355182e-04
2.549341e+01 8.206795e-04 5.477913e-04 1.292513e-03 6.217343e-04
2.554238e+01 7.825311e-04 5.208735e-04 1.218963e-03 6.077570e-04
2.559135e+01 7.451637e-04 4.944964e-04 1.147860e-03 5.931349e-04
2.564033e+01 7.088753e-04 4.689436e-04 1.079771e-03 5.779116e-04
2.568930e+01 6.740658e-04 4.442863e-04 1.015366e-03 5.625446e-04
2.573827e+01 6.412302e-04 4.205700e-04 9.553850e-04 5.477357e-04
2.578724e+01 6.108962e-04 3.979260e-04 9.005183e-04 5.342442e-04
2.583621e+01 5.835309e-04 3.765837e-04 8.512736e-04 5.227356e-04
2.588518e+01 5.594525e-04 3.568124e-04 8.078612e-04 5.136839e-04
2.593415e+01 5.387686e-04 3.388451e-04 7.701464e-04 5.073142e-04
2.598312e+01 5.213505e-04 3.228186e-04 7.376675e-04 5.035653e-04
2.603209e+01 5.068343e-04 3.087447e-04 7.096958e-04 5.020623e-04
2.608106e+01 4.946427e-04 2.965009e-04 6.853143e-04 5.021129e-04
2.613003e+01 4.840298e-04 2.858326e-04 6.635033e-04 5.027535e-04
2.617900e+01 4.741560e-04 2.763649e-04 6.432365e-04 5.028665e-04
2.622797e+01 4.641962e-04 2.676335e-04 6.235880e-04 5.013673e-04
2.627694e+01 4.534667e-04 2.591396e-04 6.038340e-04 4.974265e-04
2.632591e+01 4.415406e-04 2.504262e-04 5.835268e-04 4.906688e-04
2.637488e+01 4.283175e-04 2.411549e-04 5.625157e-04 4.812820e-04
2.642386e+01 4.140248e-04 2.311632e-04 5.409171e-04 4.699940e-04
2.647283e+01 3.991500e-04 2.204815e-04 5.190535e-04 4.579151e-04
2.652180e+01 3.843315e-04 2.093082e-04 4.973957e-04 4.462905e-04
2.657077e+01 3.702404e-04 1.979545e-04 4.765259e-04 4.362407e-04
2.661974e+01 3.574875e-04 1.867783e-04 4.571168e-04 4.285675e-04
2.666871e+01 3.465664e-04 1.761283e-04 4.398964e-04 4.236745e-04
2.671768e+01 3.378252e-04 1.663094e-04 4.255674e-04 4.215987e-04
2.676665e+01 3.314493e-04 1.575700e-04 4.146712e-04 4.221067e-04
2.681562e+01 3.274367e-04 1.501011e-04 4.074185e-04 4.247905e-04
2.686459e+01 3.255628e-04 1.440343e-04 4.035405e-04 4.291135e-04
2.691356e+01 3.253508e-04 1.394316e-04 4.022190e-04 4.344019e-04
2.696253e+01 3.260727e-04 1.362666e-04 4.021369e-04 4.398147e-04
2.701150e+01 3.268033e-04 1.344088e-04 4.016531e-04 4.443479e-04
2.706047e+01 3.265355e-04 1.336260e-04 3.990683e-04 4.469121e-04
2.710944e+01 3.243408e-04 1.336141e-04 3.929233e-04 4.464851e-04
2.715841e+01 3.195378e-04 1.340528e-04 3.822636e-04 4.422971e-04
2.720738e+01 3.118233e-04 1.346703e-04 3.668154e-04 4.339841e-04
2.725636e+01 3.013269e-04 1.352900e-04 3.470390e-04 4.216516e-04
2.730533e+01 2.885720e-04 1.358393e-04 3.240477e-04 4.058288e-04
2.735430e+01 2.743543e-04 1.363168e-04 2.994096e-04 3.873365e-04
2.740327e+01 2.595778e-04 1.367329e-04 2.748742e-04 3.671261e-04
2.745224e+01 2.450979e-04 1.370573e-04 2.520855e-04 3.461509e-04
2.750121e+01 2.316173e-04 1.372014e-04 2.323455e-04 3.253050e-04
2.755018e+01 2.196496e-04 1.370490e-04 2.164743e-04 3.054254e-04
2.759915e+01 2.095390e-04 1.365191e-04 2.047772e-04 2.873208e-04
2.764812e+01 2.015015e-04 1.356299e-04 1.971002e-04 2.717745e-04
2.769709e+01 1.956493e-04 1.345264e-04 1.929310e-04 2.594906e-04
2.774606e+01 1.919805e-04 1.334501e-04 1.915114e-04 2.509800e-04
2.779503e+01 1.903403e-04 1.326540e-04 1.919434e-04 2.464235e-04
2.784400e+01 1.903866e-04 1.322967e-04 1.932924e-04 2.455708e-04
2.789297e+01 1.915991e-04 1.323580e-04 1.947051e-04 2.477343e-04
2.794194e+01 1.933592e-04 1.326215e-04 1.955448e-04 2.519114e-04
2.799091e+01 1.950992e-04 1.327430e-04 1.955331e-04 2.570214e-04
2.803988e+01 1.964812e-04 1.323898e-04 1.948600e-04 2.621938e-04
2.808886e+01 1.975452e-04 1.314050e-04 1.942132e-04 2.670175e-04
2.813783e+01 1.987613e-04 1.299314e-04 1.946872e-04 2.716654e-04
2.818680e+01 2.009484e-04 1.284388e-04 1.975611e-04 2.768453e-04
2.823577e+01 2.050658e-04 1.276332e-04 2.039760e-04 2.835881e-04
2.828474e+01 2.119284e-04 1.282698e-04 2.145839e-04 2.929314e-04
2.833371e+01 2.219249e-04 1.309301e-04 2.292655e-04 3.055791e-04
2.838268e+01 2.348229e-04 1.358384e-04 2.470102e-04 3.216201e-04
2.843165e+01 2.497176e-04 1.427717e-04 2.660159e-04 3.403653e-04
2.848062e+01 2.651423e-04 1.510863e-04 2.840013e-04 3.603394e-04
2.852959e+01 2.793137e-04 1.598401e-04 2.986587e-04 3.794424e-04
2.857856e+01 2.904516e-04 1.679684e-04 3.081232e-04 3.952633e-04
2.862753e+01 2.970986e-04 1.744674e-04 3.113297e-04 4.054988e-04
2.867650e+01 2.983687e-04 1.785479e-04 3.081661e-04 4.083922e-04
2.872547e+01 2.940778e-04 1.797421e-04 2.994016e-04 4.030898e-04
2.877444e+01 2.847357e-04 1.779517e-04 2.864364e-04 3.898191e-04
2.882341e+01 2.714147e-04 1.734388e-04 2.709668e-04 3.698384e-04
2.887239e+01 2.555305e-04 1.667596e-04 2.546582e-04 3.451738e-04
2.892136e+01 2.385897e-04 1.586572e-04 2.388956e-04 3.182164e-04
2.897033e+01 2.219529e-04 1.499319e-04 2.246385e-04 2.912884e-04
2.901930e+01 2.066579e-04 1.413173e-04 2.123760e-04 2.662802e-04
2.906827e+01 1.933250e-04 1.333860e-04 2.021611e-04 2.444279e-04
2.911724e+01 1.821502e-04 1.264956e-04 1.937015e-04 2.262535e-04
2.916621e+01 1.729722e-04 1.207779e-04 1.864889e-04 2.116499e-04
2.921518e+01 1.653915e-04 1.161638e-04 1.799457e-04 2.000650e-04
2.926415e+01 1.589117e-04 1.124350e-04 1.735676e-04 1.907325e-04
2.931312e+01 1.530758e-04 1.092969e-04 1.670339e-04 1.828967e-04
2.936209e+01 1.475718e-04 1.064614e-04 1.602648e-04 1.759893e-04
2.941106e+01 1.422904e-04 1.037260e-04 1.534156e-04 1.697297e-04
2.946003e+01 1.373281e-04 1.010291e-04 1.468184e-04 1.641368e-04
2.950900e+01 1.329402e-04 9.846446e-05 1.408936e-04 1.594624e-04
2.955797e+01 1.294631e-04 9.625069e-05 1.360646e-04 1.560739e-04
2.960694e+01 1.272312e-04 9.466576e-05 1.326980e-04 1.543298e-04
2.965591e+01 1.265136e-04 9.397164e-05 1.310821e-04 1.544872e-04
2.970489e+01 1.274870e-04 9.435376e-05 1.314393e-04 1.566678e-04
2.975386e+01 1.302438e-04 9.589097e-05 1.339566e-04 1.608839e-04
2.980283e+01 1.348248e-04 9.855716e-05 1.388167e-04 1.671006e-04
2.985180e+01 1.412520e-04 1.022449e-04 1.462110e-04 1.753001e-04
2.990077e+01 1.495446e-04 1.067987e-04 1.563198e-04 1.855154e-04
2.994974e+01 1.597054e-04 1.120481e-04 1.692547e-04 1.978134e-04
2.999871e+01 1.716775e-04 1.178366e-04 1.849675e-04 2.122283e-04
3.004768e+01 1.852844e-04 1.240434e-04 2.031463e-04 2.286635e-04
3.009665e+01 2.001729e-04 1.305941e-04 2.231334e-04 2.467911e-04
3.014562e+01 2.157815e-04 1.374552e-04 2.439029e-04 2.659865e-04
3.019459e+01 2.313543e-04 1.446091e-04 2.641278e-04 2.853259e-04
3.024356e+01 2.460048e-04 1.520118e-04 2.823372e-04 3.036653e-04
3.029253e+01 2.588222e-04 1.595436e-04 2.971313e-04 3.197917e-04
3.034150e+01 2.689933e-04 1.669723e-04 3.073957e-04 3.326119e-04
3.039047e+01 2.759106e-04 1.739441e-04 3.124572e-04 3.413304e-04
3.043944e+01 2.792413e-04 1.800172e-04 3.121425e-04 3.455644e-04
3.048841e+01 2.789483e-04 1.847347e-04 3.067411e-04 3.453691e-04
3.053739e+01 2.752675e-04 1.877201e-04 2.969064e-04 3.411761e-04
3.058636e+01 2.686608e-04 1.887701e-04 2.835409e-04 3.336713e-04
3.063533e+01 2.597579e-04 1.879157e-04 2.677010e-04 3.236569e-04
3.068430e+01 2.492980e-04 1.854308e-04 2.505309e-04 3.119322e-04
3.073327e+01 2.380696e-04 1.817847e-04 2.332066e-04 2.992174e-04
3.078224e+01 2.268455e-04 1.775470e-04 2.168647e-04 2.861248e-04
3.083121e+01 2.163126e-04 1.732708e-04 2.025007e-04 2.731664e-04
3.088018e+01 2.070012e-04 1.693843e-04 1.908437e-04 2.607757e-04
3.092915e+01 1.992283e-04 1.661189e-04 1.822432e-04 2.493229e-04
3.097812e+01 1.930705e-04 1.634925e-04 1.766119e-04 2.391070e-04
3.102709e+01 1.883789e-04 1.613500e-04 1.734602e-04 2.303265e-04
3.107606e+01 1.848403e-04 1.594478e-04 1.720297e-04 2.230434e-04
3.112503e+01 1.820725e-04 1.575578e-04 1.714958e-04 2.171639e-04
3.117400e+01 1.797325e-04 1.555599e-04 1.711823e-04 2.124554e-04
3.122297e+01 1.776096e-04 1.534998e-04 1.707254e-04 2.086036e-04
3.127194e+01 1.756780e-04 1.515986e-04 1.701389e-04 2.052966e-04
3.132092e+01 1.740998e-04 1.502163e-04 1.697717e-04 2.023115e-04
3.136989e+01 1.731825e-04 1.497829e-04 1.701869e-04 1.995778e-04
3.141886e+01 1.733112e-04 1.507193e-04 1.720138e-04 1.972005e-04
3.146783e+01 1.748785e-04 1.533666e-04 1.758275e-04 1.954414e-04
3.151680e+01 1.782275e-04 1.579345e-04 1.820826e-04 1.946655e-04
3.156577e+01 1.836106e-04 1.644699e-04 1.910963e-04 1.952656e-04
3.161474e+01 1.911542e-04 1.728399e-04 2.030450e-04 1.975776e-04
3.166371e+01 2.008226e-04 1.827287e-04 2.179380e-04 2.018011e-04
3.171268e+01 2.123818e-04 1.936558e-04 2.355506e-04 2.079390e-04
3.176165e+01 2.253806e-04 2.050291e-04 2.553348e-04 2.157778e-04
3.181062e+01 2.391733e-04 2.162412e-04 2.763576e-04 2.249210e-04
3.185959e+01 2.529984e-04 2.267976e-04 2.973207e-04 2.348769e-04
3.190856e+01 2.661056e-04 2.364392e-04 3.166978e-04 2.451799e-04
3.195753e+01 2.778979e-04 2.452134e-04 3.329750e-04 2.555053e-04
3.200650e+01 2.880426e-04 2.534528e-04 3.449383e-04 2.657368e-04
3.205547e+01 2.965115e-04 2.616560e-04 3.519193e-04 2.759593e-04
3.210444e+01 3.035358e-04 2.703038e-04 3.539262e-04 2.863772e-04
3.215342e+01 3.094933e-04 2.796717e-04 3.516206e-04 2.971876e-04
3.220239e+01 3.147733e-04 2.897102e-04 3.461608e-04 3.084488e-04
3.225136e+01 3.196660e-04 3.000370e-04 3.389716e-04 3.199894e-04
3.230033e+01 3.243172e-04 3.100504e-04 3.315144e-04 3.313870e-04
3.234930e+01 3.287541e-04 3.191259e-04 3.251084e-04 3.420281e-04
3.239827e+01 3.329628e-04 3.268320e-04 3.208188e-04 3.512375e-04
3.244724e+01 3.369770e-04 3.330938e-04 3.193927e-04 3.584445e-04
3.249621e+01 3.409367e-04 3.382537e-04 3.212175e-04 3.633391e-04
3.254518e+01 3.450896e-04 3.430120e-04 3.262884e-04 3.659686e-04
3.259415e+01 3.497330e-04 3.482675e-04 3.341937e-04 3.667378e-04
3.264312e+01 3.551158e-04 3.548970e-04 3.441437e-04 3.663067e-04
3.269209e+01 3.613337e-04 3.635291e-04 3.550595e-04 3.654125e-04
3.274106e+01 3.682544e-04 3.743640e-04 3.657233e-04 3.646757e-04
3.279003e+01 3.755018e-04 3.870874e-04 3.749642e-04 3.644536e-04
3.283900e+01 3.825170e-04 4.009117e-04 3.818447e-04 3.647946e-04
3.288797e+01 3.886894e-04 4.147504e-04 3.858135e-04 3.655043e-04
3.293694e+01 3.935295e-04 4.274921e-04 3.868000e-04 3.662965e-04
3.298592e+01 3.968346e-04 4.382994e-04 3.852364e-04 3.669680e-04
3.303489e+01 3.987909e-04 4.468412e-04 3.820019e-04 3.675296e-04
3.308386e+01 3.999715e-04 4.533789e-04 3.782921e-04 3.682436e-04
3.313283e+01 4.012212e-04 4.586812e-04 3.754262e-04 3.695563e-04
3.318180e+01 4.034600e-04 4.638008e-04 3.746236e-04 3.719556e-04
3.323077e+01 4.074654e-04 4.697982e-04 3.767907e-04 3.758074e-04
3.327974e+01 4.137016e-04 4.775049e-04 3.823667e-04 3.812330e-04
3.332871e+01 4.222404e-04 4.873898e-04 3.912642e-04 3.880671e-04
3.337768e+01 4.327885e-04 4.995417e-04 4.029198e-04 3.959041e-04
3.342665e+01 4.447984e-04 5.137374e-04 4.164460e-04 4.042118e-04
3.347562e+01 4.576222e-04 5.295452e-04 4.308454e-04 4.124760e-04
3.352459e+01 4.706668e-04 5.464229e-04 4.452377e-04 4.203397e-04
3.357356e+01 4.835153e-04 5.637957e-04 4.590415e-04 4.277087e-04
3.362253e+01 4.959981e-04 5.811219e-04 4.720636e-04 4.348089e-04
3.367150e+01 5.082086e-04 5.979657e-04 4.844777e-04 4.421825e-04
3.372047e+01 5.204687e-04 6.140870e-04 4.967033e-04 4.506158e-04
3.376945e+01 5.332563e-04 6.295381e-04 5.092313e-04 4.609997e-04
3.381842e+01 5.471071e-04 6.447321e-04 5.224530e-04 4.741363e-04
3.386739e+01 5.625008e-04 6.604342e-04 5.365408e-04 4.905275e-04
3.391636e+01 5.797436e-04 6.776347e-04 5.514028e-04 5.101933e-04
3.396533e+01 5.988621e-04 6.973012e-04 5.667059e-04 5.325793e-04
3.401430e+01 6.195332e-04 7.200581e-04 5.819465e-04 5.565951e-04
3.406327e+01 6.410795e-04 7.458930e-04 5.965471e-04 5.807984e-04
3.411224e+01 6.625520e-04 7.740076e-04 6.099596e-04 6.036888e-04
3.416121e+01 6.828974e-04 8.028970e-04 6.217574e-04 6.240378e-04
3.421018e+01 7.011722e-04 8.306689e-04 6.316961e-04 6.411518e-04
3.425915e+01 7.167427e-04 8.555171e-04 6.397254e-04 6.549856e-04
3.430812e+01 7.294062e-04 8.762003e-04 6.459457e-04 6.660727e-04
3.435709e+01 7.393976e-04 8.923612e-04 6.505280e-04 6.753034e-04
3.440606e+01 7.472837e-04 9.045733e-04 6.536377e-04 6.836400e-04
3.445503e+01 7.537891e-04 9.141002e-04 6.554012e-04 6.918660e-04
3.450400e+01 7.596097e-04 9.224529e-04 6.559378e-04 7.004384e-04
3.455297e+01 7.652637e-04 9.308989e-04 6.554381e-04 7.094542e-04
3.460195e+01 7.710107e-04 9.400890e-04 6.542411e-04 7.187021e-04
3.465092e+01 7.768403e-04 9.499150e-04 6.528527e-04 7.277531e-04
3.469989e+01 7.825235e-04 9.596280e-04 6.518777e-04 7.360648e-04
3.474886e+01 7.877118e-04 9.681543e-04 6.518847e-04 7.430965e-04
3.479783e+01 7.920639e-04 9.744840e-04 6.532676e-04 7.484402e-04
3.484680e+01 7.953781e-04 9.779972e-04 6.561835e-04 7.519535e-04
3.489577e+01 7.976960e-04 9.786261e-04 6.606113e-04 7.538506e-04
3.494474e+01 7.993442e-04 9.768195e-04 6.665156e-04 7.546977e-04
3.499371e+01 8.008869e-04 9.733490e-04 6.740293e-04 7.552823e-04
3.504268e+01 8.029877e-04 9.690427e-04 6.835413e-04 7.563790e-04
3.509165e+01 8.062087e-04 9.645428e-04 6.955991e-04 7.584841e-04
3.514062e+01 8.108007e-04 9.601615e-04 7.106235e-04 7.616171e-04
3.518959e+01 8.165531e-04 9.558626e-04 7.285302e-04 7.652667e-04
3.523856e+01 8.227649e-04 9.513570e-04 7.484284e-04 7.685094e-04
3.528753e+01 8.283672e-04 9.462697e-04 7.685665e-04 7.702654e-04
3.533650e+01 8.321835e-04 9.403269e-04 7.866098e-04 7.696138e-04
3.538547e+01 8.332601e-04 9.335164e-04 8.001983e-04 7.660655e-04
3.543445e+01 8.311614e-04 9.261786e-04 8.075978e-04 7.597077e-04
3.548342e+01 8.261262e-04 9.190063e-04 8.081985e-04 7.511739e-04
3.553239e+01 8.190237e-04 9.129531e-04 8.026670e-04 7.414510e-04
3.558136e+01 8.111211e-04 9.090794e-04 7.926912e-04 7.315927e-04
3.563033e+01 8.037522e-04 9.083893e-04 7.804286e-04 7.224387e-04
3.567930e+01 7.980048e-04 9.117078e-04 7.678742e-04 7.144324e-04
3.572827e+01 7.945262e-04 9.196188e-04 7.563764e-04 7.075833e-04
3.577724e+01 7.934772e-04 9.324367e-04 7.464354e-04 7.015596e-04
3.582621e+01 7.945987e-04 9.501555e-04 7.377911e-04 6.958495e-04
3.587518e+01 7.973154e-04 9.723280e-04 7.296961e-04 6.899221e-04
3.592415e+01 8.008234e-04 9.978885e-04 7.212373e-04 6.833445e-04
3.597312e+01 8.041522e-04 1.025001e-03 7.116026e-04 6.758526e-04
3.602209e+01 8.062396e-04 1.051064e-03 7.002551e-04 6.673998e-04
3.607106e+01 8.060665e-04 1.072964e-03 6.870327e-04 6.582028e-04
3.612003e+01 8.028596e-04 1.087596e-03 6.722041e-04 6.487784e-04
3.616900e+01 7.963187e-04 1.092523e-03 6.564926e-04 6.399403e-04
3.621798e+01 7.867810e-04 1.086578e-03 6.410470e-04 6.327183e-04
3.626695e+01 7.752389e-04 1.070194e-03 6.273312e-04 6.281912e-04
3.631592e+01 7.631749e-04 1.045349e-03 6.169164e-04 6.272589e-04
3.636489e+01 7.522417e-04 1.015111e-03 6.112009e-04 6.304129e-04
3.641386e+01 7.438799e-04 9.829475e-04 6.111202e-04 6.375718e-04
3.646283e+01 7.389832e-04 9.519959e-04 6.169278e-04 6.480258e-04
3.651180e+01 7.377113e-04 9.245155e-04 6.281117e-04 6.605067e-04
3.656077e+01 7.394961e-04 9.016507e-04 6.434733e-04 6.733644e-04
3.660974e+01 7.432326e-04 8.835386e-04 6.613449e-04 6.848144e-04
3.665871e+01 7.475913e-04 8.696818e-04 6.798826e-04 6.932095e-04
3.670768e+01 7.513637e-04 8.594366e-04 6.973597e-04 6.972947e-04
3.675665e+01 7.537487e-04 8.524445e-04 7.124004e-04 6.964012e-04
3.680562e+01 7.545131e-04 8.488663e-04 7.241260e-04 6.905470e-04
3.685459e+01 7.539950e-04 8.493562e-04 7.322121e-04 6.804166e-04
3.690356e+01 7.529654e-04 8.548081e-04 7.368696e-04 6.672186e-04
3.695253e+01 7.523983e-04 8.659871e-04 7.387626e-04 6.524451e-04
3.700150e+01 7.532194e-04 8.831976e-04 7.388689e-04 6.375917e-04
3.705048e+01 7.561058e-04 9.061071e-04 7.382986e-04 6.239116e-04
3.709945e+01 7.613811e-04 9.337716e-04 7.380990e-04 6.122728e-04
3.714842e+01 7.690226e-04 9.648221e-04 7.390934e-04 6.031523e-04
3.719739e+01 7.787573e-04 9.977167e-04 7.418022e-04 5.967530e-04
3.724636e+01 7.902075e-04 1.030968e-03 7.464736e-04 5.931810e-04
3.729533e+01 8.030359e-04 1.063293e-03 7.532148e-04 5.925998e-04
3.734430e+01 8.170499e-04 1.093690e-03 7.621708e-04 5.952884e-04
3.739327e+01 8.322353e-04 1.121458e-03 7.736738e-04 6.015741e-04
3.744224e+01 8.487085e-04 1.146168e-03 7.882903e-04 6.116676e-04
3.749121e+01 8.665924e-04 1.167577e-03 8.067233e-04 6.254766e-04
3.754018e+01 8.858495e-04 1.185477e-03 8.295859e-04 6.424860e-04
3.758915e+01 9.061294e-04 1.199497e-03 8.571169e-04 6.617740e-04
3.763812e+01 9.267028e-04 1.208982e-03 8.889538e-04 6.821723e-04
3.768709e+01 9.465360e-04 1.213018e-03 9.240719e-04 7.025182e-04
3.773606e+01 9.645106e-04 1.210683e-03 9.609472e-04 7.219021e-04
3.778503e+01 9.797232e-04 1.201450e-03 9.979071e-04 7.398123e-04
3.783400e+01 9.917541e-04 1.185595e-03 1.033545e-03 7.561228e-04
3.788298e+01 1.000789e-03 1.164398e-03 1.067028e-03 7.709403e-04
3.793195e+01 1.007532e-03 1.140036e-03 1.098166e-03 7.843929e-04
3.798092e+01 1.012944e-03 1.115165e-03 1.127202e-03 7.964650e-04
3.802989e+01 1.017902e-03 1.092328e-03 1.154417e-03 8.069613e-04
3.807886e+01 1.022919e-03 1.073415e-03 1.179729e-03 8.156145e-04
3.812783e+01 1.028027e-03 1.059333e-03 1.202471e-03 8.222758e-04
3.817680e+01 1.032848e-03 1.050005e-03 1.221453e-03 8.270852e-04
3.822577e+01 1.036817e-03 1.044635e-03 1.235295e-03 8.305217e-04
3.827474e+01 1.039445e-03 1.042160e-03 1.242883e-03 8.332924e-04
3.832371e+01 1.040525e-03 1.041692e-03 1.243788e-03 8.360951e-04
3.837268e+01 1.040216e-03 1.042825e-03 1.238473e-03 8.393501e-04
3.842165e+01 1.038978e-03 1.045697e-03 1.228226e-03 8.430107e-04
3.847062e+01 1.037398e-03 1.050810e-03 1.214858e-03 8.465260e-04
3.851959e+01 1.035973e-03 1.058685e-03 1.200264e-03 8.489692e-04
3.856856e+01 1.034934e-03 1.069513e-03 1.186002e-03 8.492876e-04
3.861753e+01 1.034162e-03 1.082915e-03 1.172975e-03 8.465961e-04
3.866651e+01 1.033229e-03 1.097942e-03 1.161309e-03 8.404359e-04
3.871548e+01 1.031532e-03 1.113269e-03 1.150393e-03 8.309351e-04
3.876445e+01 1.028476e-03 1.127516e-03 1.139080e-03 8.188322e-04
3.881342e+01 1.023624e-03 1.139551e-03 1.125963e-03 8.053585e-04
3.886239e+01 1.016796e-03 1.148682e-03 1.109697e-03 7.920081e-04
3.891136e+01 1.008087e-03 1.154688e-03 1.089313e-03 7.802604e-04
3.896033e+01 9.978549e-04 1.157745e-03 1.064492e-03 7.713275e-04
3.900930e+01 9.866775e-04 1.158294e-03 1.035745e-03 7.659932e-04
3.905827e+01 9.753194e-04 1.156926e-03 1.004465e-03 7.645667e-04
3.910724e+01 9.646862e-04 1.154310e-03 9.728131e-04 7.669355e-04
3.915621e+01 9.557520e-04 1.151139e-03 9.434434e-04 7.726732e-04
3.920518e+01 9.494461e-04 1.148079e-03 9.191046e-04 7.811550e-04
3.925415e+01 9.465062e-04 1.145687e-03 9.021824e-04 7.916496e-04
3.930312e+01 9.473231e-04 1.144320e-03 8.942715e-04 8.033777e-04
3.935209e+01 9.518181e-04 1.144057e-03 8.958556e-04 8.155414e-04
3.940106e+01 9.593856e-04 1.144667e-03 9.061570e-04 8.273331e-04
3.945003e+01 9.689272e-04 1.145657e-03 9.231887e-04 8.379361e-04
3.949901e+01 9.789782e-04 1.146394e-03 9.440134e-04 8.465276e-04
3.954798e+01 9.879095e-04 1.146254e-03 9.651747e-04 8.522997e-04
3.959695e+01 9.941692e-04 1.144766e-03 9.832331e-04 8.545081e-04
3.964592e+01 9.965159e-04 1.141689e-03 9.953094e-04 8.525493e-04
3.969489e+01 9.941981e-04 1.137019e-03 9.995254e-04 8.460501e-04
3.974386e+01 9.870417e-04 1.130936e-03 9.952487e-04 8.349405e-04
3.979283e+01 9.754342e-04 1.123733e-03 9.830882e-04 8.194816e-04
3.984180e+01 9.602122e-04 1.115750e-03 9.646502e-04 8.002360e-04
3.989077e+01 9.424823e-04 1.107336e-03 9.421179e-04 7.779924e-04
3.993974e+01 9.234160e-04 1.098811e-03 9.177644e-04 7.536723e-04
3.998871e+01 9.040625e-04 1.090421e-03 8.935164e-04 7.282503e-04
4.003768e+01 8.852155e-04 1.082272e-03 8.706697e-04 7.027045e-04
4.008665e+01 8.673588e-04 1.074278e-03 8.498085e-04 6.779897e-04
4.013562e+01 8.506924e-04 1.066140e-03 8.309242e-04 6.550132e-04
4.018459e+01 8.352227e-04 1.057403e-03 8.136729e-04 6.345920e-04
4.023356e+01 8.208786e-04 1.047575e-03 7.976720e-04 6.173891e-04
4.028253e+01 8.076121e-04 1.036263e-03 7.827325e-04 6.038412e-04
4.033151e+01 7.954453e-04 1.023280e-03 7.689531e-04 5.941028e-04
4.038048e+01 7.844533e-04 1.008675e-03 7.566559e-04 5.880290e-04
4.042945e+01 7.746981e-04 9.926842e-04 7.462102e-04 5.851998e-04
4.047842e+01 7.661508e-04 9.756408e-04 7.378318e-04 5.849799e-04
4.052739e+01 7.586457e-04 9.578901e-04 7.314568e-04 5.865904e-04
4.057636e+01 7.518899e-04 9.397442e-04 7.267484e-04 5.891770e-04
4.062533e+01 7.455314e-04 9.214839e-04 7.232427e-04 5.918675e-04
4.067430e+01 7.392617e-04 9.033882e-04 7.205718e-04 5.938250e-04
4.072327e+01 7.329161e-04 8.857609e-04 7.186718e-04 5.943155e-04
4.077224e+01 7.265385e-04 8.689312e-04 7.178836e-04 5.928005e-04
4.082121e+01 7.203876e-04 8.532263e-04 7.188867e-04 5.890497e-04
4.087018e+01 7.148814e-04 8.389353e-04 7.224684e-04 5.832406e-04
4.091915e+01 7.104931e-04 8.262878e-04 7.291940e-04 5.759975e-04
4.096812e+01 7.076255e-04 8.154617e-04 7.390867e-04 5.683281e-04
4.101709e+01 7.064986e-04 8.066087e-04 7.514421e-04 5.614449e-04
4.106606e+01 7.070794e-04 7.998685e-04 7.648595e-04 5.565101e-04
4.111504e+01 7.090714e-04 7.953425e-04 7.774985e-04 5.543732e-04
4.116401e+01 7.119643e-04 7.930239e-04 7.874816e-04 5.553876e-04
4.121298e+01 7.151265e-04 7.927133e-04 7.933084e-04 5.593579e-04
4.126195e+01 7.179138e-04 7.939681e-04 7.941464e-04 5.656267e-04
4.131092e+01 7.197667e-04 7.961227e-04 7.899243e-04 5.732530e-04
4.135989e+01 7.202740e-04 7.983778e-04 7.812325e-04 5.812119e-04
4.140886e+01 7.191936e-04 7.999238e-04 7.691021e-04 5.885549e-04
4.145783e+01 7.164332e-04 8.000476e-04 7.547488e-04 5.945031e-04
4.150680e+01 7.120070e-04 7.981921e-04 7.393429e-04 5.984860e-04
4.155577e+01 7.059875e-04 7.939720e-04 7.238299e-04 6.001605e-04
4.160474e+01 6.984709e-04 7.871756e-04 7.088014e-04 5.994356e-04
4.165371e+01 6.895700e-04 7.777799e-04 6.944220e-04 5.965081e-04
4.170268e+01 6.794358e-04 7.659858e-04 6.804356e-04 5.918859e-04
4.175165e+01 6.682990e-04 7.522532e-04 6.662737e-04 5.863702e-04
4.180062e+01 6.565118e-04 7.373013e-04 6.512629e-04 5.809713e-04
4.184959e+01 6.445621e-04 7.220459e-04 6.348800e-04 5.767605e-04
4.189856e+01 6.330395e-04 7.074701e-04 6.169677e-04 5.746808e-04
4.194754e+01 6.225431e-04 6.944456e-04 5.978241e-04 5.753597e-04
4.199651e+01 6.135485e-04 6.835453e-04 5.781290e-04 5.789714e-04
4.204548e+01 6.062723e-04 6.748924e-04 5.587343e-04 5.851901e-04
4.209445e+01 6.005829e-04 6.680891e-04 5.404076e-04 5.932521e-04
4.214342e+01 5.959984e-04 6.622561e-04 5.236265e-04 6.021124e-04
4.219239e+01 5.917796e-04 6.561873e-04 5.084973e-04 6.106541e-04
4.224136e+01 5.870965e-04 6.485963e-04 4.948061e-04 6.178873e-04
4.229033e+01 5.812147e-04 6.383995e-04 4.821606e-04 6.230840e-04
4.233930e+01 5.736445e-04 6.249605e-04 4.701518e-04 6.258212e-04
4.238827e+01 5.642132e-04 6.082266e-04 4.584728e-04 6.259402e-04
4.243724e+01 5.530496e-04 5.887152e-04 4.469690e-04 6.234645e-04
4.248621e+01 5.405020e-04 5.673543e-04 4.356269e-04 6.185246e-04
4.253518e+01 5.270313e-04 5.452309e-04 4.245362e-04 6.113268e-04
4.258415e+01 5.131190e-04 5.233289e-04 4.138523e-04 6.021758e-04
4.263312e+01 4.992142e-04 5.023369e-04 4.037741e-04 5.915315e-04
4.268209e+01 4.857216e-04 4.825759e-04 3.945283e-04 5.800604e-04
4.273106e+01 4.730121e-04 4.640485e-04 3.863457e-04 5.686421e-04
4.278004e+01 4.614311e-04 4.465683e-04 3.794205e-04 5.583046e-04
4.282901e+01 4.512869e-04 4.299081e-04 3.738591e-04 5.500934e-04
4.287798e+01 4.428160e-04 4.139085e-04 3.696389e-04 5.449006e-04
4.292695e+01 4.361387e-04 3.985211e-04 3.665947e-04 5.433004e-04
4.297592e+01 4.312228e-04 3.837882e-04 3.644456e-04 5.454345e-04
4.302489e+01 4.278726e-04 3.697857e-04 3.628559e-04 5.509762e-04
4.307386e+01 4.257509e-04 3.565642e-04 3.615121e-04 5.591763e-04
4.312283e+01 4.244258e-04 3.441107e-04 3.601910e-04 5.689757e-04
4.317180e+01 4.234295e-04 3.323412e-04 3.587951e-04 5.791521e-04
4.322077e+01 4.223102e-04 3.211200e-04 3.573399e-04 5.884708e-04
4.326974e+01 4.206683e-04 3.102947e-04 3.558955e-04 5.958148e-04
4.331871e+01 4.181734e-04 2.997361e-04 3.544994e-04 6.002847e-04
4.336768e+01 4.145725e-04 2.893769e-04 3.530743e-04 6.012665e-04
4.341665e+01 4.097000e-04 2.792423e-04 3.513842e-04 5.984735e-04
4.346562e+01 4.034946e-04 2.694702e-04 3.490537e-04 5.919599e-04
4.351459e+01 3.960197e-04 2.603110e-04 3.456473e-04 5.821008e-04
4.356357e+01 3.874724e-04 2.521000e-04 3.407851e-04 5.695320e-04
4.361254e+01 3.781699e-04 2.451993e-04 3.342554e-04 5.550551e-04
4.366151e+01 3.685078e-04 2.399152e-04 3.260855e-04 5.395226e-04
4.371048e+01 3.588990e-04 2.364117e-04 3.165503e-04 5.237351e-04
4.375945e+01 3.497114e-04 2.346454e-04 3.061179e-04 5.083709e-04
4.380842e+01 3.412207e-04 2.343493e-04 2.953561e-04 4.939568e-04
4.385739e+01 3.335906e-04 2.350759e-04 2.848278e-04 4.808680e-04
4.390636e+01 3.268776e-04 2.362921e-04 2.750059e-04 4.693347e-04
4.395533e+01 3.210514e-04 2.374952e-04 2.662221e-04 4.594369e-04
4.400430e+01 3.160176e-04 2.383117e-04 2.586538e-04 4.510874e-04
4.405327e+01 3.116348e-04 2.385471e-04 2.523390e-04 4.440182e-04
4.410224e+01 3.077247e-04 2.381746e-04 2.472068e-04 4.377927e-04
4.415121e+01 3.040827e-04 2.372749e-04 2.431104e-04 4.318629e-04
4.420018e+01 3.004965e-04 2.359612e-04 2.398572e-04 4.256710e-04
4.424915e+01 2.967782e-04 2.343217e-04 2.372369e-04 4.187758e-04
4.429812e+01 2.928066e-04 2.324009e-04 2.350498e-04 4.109691e-04
4.434709e+01 2.885666e-04 2.302196e-04 2.331371e-04 4.023432e-04
4.439607e+01 2.841700e-04 2.278131e-04 2.314100e-04 3.932868e-04
4.444504e+01 2.798449e-04 2.252620e-04 2.298701e-04 3.844027e-04
4.449401e+01 2.758925e-04 2.226975e-04 2.286103e-04 3.763696e-04
4.454298e+01 2.726180e-04 2.202801e-04 2.277915e-04 3.697825e-04
4.459195e+01 2.702570e-04 2.181645e-04 2.275926e-04 3.650139e-04
4.464092e+01 2.689128e-04 2.164680e-04 2.281438e-04 3.621266e-04
4.468989e+01 2.685226e-04 2.152557e-04 2.294564e-04 3.608556e-04
4.473886e+01 2.688560e-04 2.145390e-04 2.313702e-04 3.606589e-04
4.478783e+01 2.695482e-04 2.142820e-04 2.335383e-04 3.608244e-04
4.483680e+01 2.701608e-04 2.144048e-04 2.354666e-04 3.606111e-04
4.488577e+01 2.702629e-04 2.147856e-04 2.366070e-04 3.593960e-04
4.493474e+01 2.695180e-04 2.152680e-04 2.364884e-04 3.567975e-04
4.498371e+01 2.677597e-04 2.156843e-04 2.348480e-04 3.527468e-04
4.503268e+01 2.650344e-04 2.158923e-04 2.317204e-04 3.474903e-04
4.508165e+01 2.615958e-04 2.158149e-04 2.274510e-04 3.415214e-04
4.513062e+01 2.578493e-04 2.154618e-04 2.226247e-04 3.354614e-04
4.517959e+01 2.542571e-04 2.149176e-04 2.179339e-04 3.299198e-04
4.522857e+01 2.512309e-04 2.142962e-04 2.140266e-04 3.253701e-04
4.527754e+01 2.490407e-04 2.136782e-04 2.113790e-04 3.220649e-04
4.532651e+01 2.477616e-04 2.130589e-04 2.102246e-04 3.200013e-04
4.537548e+01 2.472699e-04 2.123316e-04 2.105443e-04 3.189337e-04
4.542445e+01 2.472828e-04 2.113161e-04 2.121089e-04 3.184235e-04
4.547342e+01 2.474298e-04 2.098204e-04 2.145511e-04 3.179180e-04
4.552239e+01 2.473370e-04 2.077140e-04 2.174502e-04 3.168468e-04
4.557136e+01 2.467071e-04 2.049834e-04 2.204112e-04 3.147268e-04
4.562033e+01 2.453789e-04 2.017523e-04 2.231298e-04 3.112546e-04
4.566930e+01 2.433532e-04 1.982628e-04 2.254315e-04 3.063653e-04
4.571827e+01 2.407803e-04 1.948243e-04 2.272808e-04 3.002359e-04
4.576724e+01 2.379122e-04 1.917495e-04 2.287583e-04 2.932287e-04
4.581621e+01 2.350322e-04 1.892912e-04 2.300145e-04 2.857910e-04
4.586518e+01 2.323823e-04 1.875950e-04 2.312117e-04 2.783402e-04
4.591415e+01 2.301050e-04 1.866731e-04 2.324705e-04 2.711714e-04
4.596312e+01 2.282140e-04 1.864020e-04 2.338315e-04 2.644084e-04
4.601210e+01 2.265933e-04 1.865376e-04 2.352388e-04 2.580036e-04
4.606107e+01 2.250214e-04 1.867459e-04 2.365444e-04 2.517738e-04
4.611004e+01 2.232077e-04 1.866407e-04 2.375271e-04 2.454553e-04
4.615901e+01 2.208349e-04 1.858277e-04 2.379178e-04 2.387592e-04
4.620798e+01 2.175977e-04 1.839483e-04 2.374230e-04 2.314218e-04
4.625695e+01 2.132380e-04 1.807231e-04 2.357468e-04 2.232440e-04
4.630592e+01 2.075741e-04 1.759895e-04 2.326119e-04 2.141210e-04
4.635489e+01 2.005251e-04 1.697272e-04 2.277903e-04 2.040578e-04
4.640386e+01 1.921278e-04 1.620673e-04 2.211441e-04 1.931720e-04
4.645283e+01 1.825458e-04 1.532824e-04 2.126731e-04 1.816819e-04
4.650180e+01 1.720649e-04 1.437574e-04 2.025524e-04 1.698849e-04
4.655077e+01 1.610726e-04 1.339493e-04 1.911401e-04 1.581283e-04
4.659974e+01 1.500211e-04 1.243407e-04 1.789434e-04 1.467794e-04
4.664871e+01 1.393795e-04 1.153985e-04 1.665433e-04 1.361966e-04
4.669768e+01 1.295829e-04 1.075423e-04 1.545020e-04 1.267045e-04
4.674665e+01 1.209914e-04 1.011229e-04 1.432777e-04 1.185735e-04
4.679562e+01 1.138614e-04 9.640673e-05 1.331747e-04 1.120027e-04
4.684460e+01 1.083310e-04 9.355707e-05 1.243358e-04 1.071002e-04
4.689357e+01 1.044105e-04 9.260454e-05 1.167678e-04 1.038590e-04
4.694254e+01 1.019698e-04 9.340549e-05 1.103778e-04 1.021262e-04
4.699151e+01 1.007236e-04 9.559833e-05 1.049984e-04 1.015741e-04
4.704048e+01 1.002201e-04 9.857897e-05 1.003925e-04 1.016887e-04
4.708945e+01 9.985375e-05 1.015217e-04 9.624499e-05 1.017946e-04
4.713842e+01 9.891825e-05 1.034647e-04 9.216176e-05 1.011283e-04
4.718739e+01 9.670631e-05 1.034611e-04 8.769937e-05 9.895852e-05
4.723636e+01 9.264309e-05 1.007667e-04 8.243316e-05 9.472947e-05
4.728533e+01 8.641877e-05 9.501572e-05 7.605206e-05 8.818854e-05
4.733430e+01 7.807745e-05 8.632565e-05 6.844898e-05 7.945770e-05
4.738327e+01 6.802740e-05 7.529056e-05 5.977051e-05 6.902113e-05
4.743224e+01 5.696283e-05 6.285832e-05 5.040205e-05 5.762813e-05
4.748121e+01 4.571787e-05 5.012643e-05 4.088849e-05 4.613870e-05
4.753018e+01 3.509691e-05 3.811904e-05 3.181525e-05 3.535644e-05
4.757915e+01 2.573047e-05 2.760929e-05 2.368781e-05 2.589429e-05
4.762812e+01 1.799227e-05 1.902880e-05 1.684491e-05 1.810310e-05
4.767710e+01 1.198845e-05 1.247160e-05 1.142445e-05 1.206931e-05
4.772607e+01 7.605751e-06 7.769310e-06 7.381066e-06 7.666878e-06
4.777504e+01 4.591393e-06 4.598879e-06 4.538400e-06 4.636900e-06
4.782401e+01 2.635915e-06 2.586063e-06 2.653582e-06 2.668100e-06
4.787298e+01 1.438434e-06 1.381303e-06 1.474341e-06 1.459656e-06
4.792195e+01 7.457997e-07 7.007646e-07 7.778930e-07 7.587415e-07
4.797092e+01 3.672313e-07 3.376561e-07 3.895298e-07 3.745081e-07
4.801989e+01 1.716558e-07 1.545220e-07 1.850208e-07 1.754245e-07
4.806886e+01 7.613709e-08 6.716033e-08 8.331697e-08 7.793396e-08
4.811783e+01 3.203121e-08 2.772230e-08 3.555218e-08 3.281914e-08
4.816680e+01 1.277647e-08 1.086712e-08 1.436873e-08 1.309358e-08
4.821577e+01 4.829852e-09 4.045088e-09 5.497946e-09 4.946524e-09
4.826474e+01 1.729687e-09 1.429573e-09 1.990827e-09 1.768662e-09
4.831371e+01 5.865727e-10 4.795482e-10 6.819319e-10 5.982381e-10
4.836268e+01 1.882905e-10 1.526454e-10 2.208897e-10 1.913362e-10
4.841165e+01 5.715629e-11 4.606643e-11 6.761461e-11 5.778782e-11
4.846063e+01 1.636955e-11 1.313245e-11 1.952836e-11 1.644784e-11
4.850960e+01 4.319827e-12 3.434119e-12 5.231666e-12 4.293695e-12
4.855857e+01 1.059757e-12 8.078013e-13 1.307986e-12 1.063484e-12
4.860754e+01 2.389814e-13 1.741625e-13 3.033787e-13 2.394029e-13
4.865651e+01 2.421720e-14 2.934293e-14 3.536085e-14 7.947816e-15
4.870548e+01 0.000000e+00 0.000000e+00 0.000000e+00 0.000000e+00
4.875445e+01 0.000000e+00 0.000000e+00 0.000000e+00 0.000000e+00
4.880342e+01 0.000000e+00 0.000000e+00 0.000000e+00 0.000000e+00
4.885239e+01 0.000000e+00 0.000000e+00 0.000000e+00 0.000000e+00
4.890136e+01 0.000000e+00 0.000000e+00 0.000000e+00 0.000000e+00
4.895033e+01 0.000000e+00 0.000000e+00 0.000000e+00 0.000000e+00
4.899930e+01 0.000000e+00 0.000000e+00 0.000000e+00 0.000000e+00
4.904827e+01 0.000000e+00 0.000000e+00 0.000000e+00 0.000000e+00
4.909724e+01 0.000000e+00 0.000000e+00 0.000000e+00 0.000000e+00
4.914621e+01 0.000000e+00 0.000000e+00 0.000000e+00 0.000000e+00
4.919518e+01 0.000000e+00 0.000000e+00 0.000000e+00 0.000000e+00
4.924415e+01 0.000000e+00 0.000000e+00 0.000000e+00 0.000000e+00
4.929313e+01 0.000000e+00 0.000000e+00 0.000000e+00 0.000000e+00
4.934210e+01 0.000000e+00 0.000000e+00 0.000000e+00 0.000000e+00
4.939107e+01 0.000000e+00 0.000000e+00 0.000000e+00 0.000000e+00
4.944004e+01 0.000000e+00 0.000000e+00 0.000000e+00 0.000000e+00
4.948901e+01 0.000000e+00 0.000000e+00 0.000000e+00 0.000000e+00
4.953798e+01 0.000000e+00 0.000000e+00 0.000000e+00 0.000000e+00
4.958695e+01 0.000000e+00 0.000000e+00 0.000000e+00 0.000000e+00
4.963592e+01 0.000000e+00 0.000000e+00 0.000000e+00 0.000000e+00
4.968489e+01 0.000000e+00 0.000000e+00 0.000000e+00 0.000000e+00
4.973386e+01 0.000000e+00 0.000000e+00 0.000000e+00 0.000000e+00
4.978283e+01 0.000000e+00 0.000000e+00 0.000000e+00 0.000000e+00
4.983180e+01 0.000000e+00 0.000000e+00 0.000000e+00 0.000000e+00
4.988077e+01 0.000000e+00 0.000000e+00 0.000000e+00 0.000000e+00
4.992974e+01 0.000000e+00 0.000000e+00 0.000000e+00 0.000000e+00
4.997871e+01 0.000000e+00 0.000000e+00 0.000000e+00 0.000000e+00
5.002768e+01 0.000000e+00 0.000000e+00 0.000000e+00 0.000000e+00
5.007665e+01 0.000000e+00 0.000000e+00 0.000000e+00 0.000000e+00
5.012563e+01 0.000000e+00 0.000000e+00 0.000000e+00 0.000000e+00
5.017460e+01 0.000000e+00 0.000000e+00 0.000000e+00 0.000000e+00
5.022357e+01 0.000000e+00 0.000000e+00 0.000000e+00 0.000000e+00
5.027254e+01 0.000000e+00 0.000000e+00 0.000000e+00 0.000000e+00
5.032151e+01 0.000000e+00 0.000000e+00 0.000000e+00 0.000000e+00
5.037048e+01 0.000000e+00 0.000000e+00 0.000000e+00 0.000000e+00
5.041945e+01 0.000000e+00 0.000000e+00 0.000000e+00 0.000000e+00
5.046842e+01 0.000000e+00 0.000000e+00 0.000000e+00 0.000000e+00
5.051739e+01 0.000000e+00 0.000000e+00 0.000000e+00 0.000000e+00
5.056636e+01 0.000000e+00 0.000000e+00 0.000000e+00 0.000000e+00
5.061533e+01 0.000000e+00 0.000000e+00 0.000000e+00 0.000000e+00
5.066430e+01 0.000000e+00 0.000000e+00 0.000000e+00 0.000000e+00
5.071327e+01 0.000000e+00 0.000000e+00 0.000000e+00 0.000000e+00
5.076224e+01 0.000000e+00 0.000000e+00 0.000000e+00 0.000000e+00
5.081121e+01 0.000000e+00 0.000000e+00 0.000000e+00 0.000000e+00
5.086018e+01 0.000000e+00 0.000000e+00 0.000000e+00 0.000000e+00
5.090916e+01 0.000000e+00 0.000000e+00 0.000000e+00 0.000000e+00
5.095813e+01 0.000000e+00 0.000000e+00 0.000000e+00 0.000000e+00
5.100710e+01 0.000000e+00 0.000000e+00 0.000000e+00 0.000000e+00
5.105607e+01 0.000000e+00 0.000000e+00 0.000000e+00 0.000000e+00
5.110504e+01 0.000000e+00 0.000000e+00 0.000000e+00 0.000000e+00
5.115401e+01 0.000000e+00 0.000000e+00 0.000000e+00 0.000000e+00
5.120298e+01 0.000000e+00 0.000000e+00 0.000000e+00 0.000000e+00
5.125195e+01 0.000000e+00 0.000000e+00 0.000000e+00 0.000000e+00
5.130092e+01 0.000000e+00 0.000000e+00 0.000000e+00 0.000000e+00
5.134989e+01 0.000000e+00 0.000000e+00 0.000000e+00 0.000000e+00
5.139886e+01 0.000000e+00 0.000000e+00 0.000000e+00 0.000000e+00
5.144783e+01 0.000000e+00 0.000000e+00 0.000000e+00 0.000000e+00
5.149680e+01 0.000000e+00 0.000000e+00 0.000000e+00 0.000000e+00
5.154577e+01 0.000000e+00 0.000000e+00 0.000000e+00 0.000000e+00
5.159474e+01 0.000000e+00 0.000000e+00 0.000000e+00 0.000000e+00
5.164371e+01 0.000000e+00 0.000000e+00 0.000000e+00 0.000000e+00
5.169268e+01 0.000000e+00 0.000000e+00 0.000000e+00 0.000000e+00
5.174166e+01 0.000000e+00 0.000000e+00 0.000000e+00 0.000000e+00
5.179063e+01 0.000000e+00 0.000000e+00 0.000000e+00 0.000000e+00
5.183960e+01 0.000000e+00 0.000000e+00 0.000000e+00 0.000000e+00
5.188857e+01 0.000000e+00 0.000000e+00 0.000000e+00 0.000000e+00
5.193754e+01 0.000000e+00 0.000000e+00 0.000000e+00 0.000000e+00
5.198651e+01 0.000000e+00 0.000000e+00 0.000000e+00 0.000000e+00
5.203548e+01 0.000000e+00 0.000000e+00 0.000000e+00 0.000000e+00
5.208445e+01 0.000000e+00 0.000000e+00 0.000000e+00 0.000000e+00
5.213342e+01 0.000000e+00 0.000000e+00 0.000000e+00 0.000000e+00
5.218239e+01 0.000000e+00 0.000000e+00 0.000000e+00 0.000000e+00
5.223136e+01 0.000000e+00 0.000000e+00 0.000000e+00 0.000000e+00
5.228033e+01 0.000000e+00 0.000000e+00 0.000000e+00 0.000000e+00
5.232930e+01 0.000000e+00 0.000000e+00 0.000000e+00 0.000000e+00
5.237827e+01 0.000000e+00 0.000000e+00 0.000000e+00 0.000000e+00
5.242724e+01 0.000000e+00 0.000000e+00 0.000000e+00 0.000000e+00
5.247621e+01 0.000000e+00 0.000000e+00 0.000000e+00 0.000000e+00
5.252518e+01 0.000000e+00 0.000000e+00 0.000000e+00 0.000000e+00
5.257416e+01 0.000000e+00 0.000000e+00 0.000000e+00 0.000000e+00
5.262313e+01 0.000000e+00 0.000000e+00 0.000000e+00 0.000000e+00
5.267210e+01 0.000000e+00 0.000000e+00 0.000000e+00 0.000000e+00
5.272107e+01 0.000000e+00 0.000000e+00 0.000000e+00 0.000000e+00
5.277004e+01 0.000000e+00 0.000000e+00 0.000000e+00 0.000000e+00
5.281901e+01 0.000000e+00 0.000000e+00 0.000000e+00 0.000000e+00
5.286798e+01 0.000000e+00 0.000000e+00 0.000000e+00 0.000000e+00
5.291695e+01 0.000000e+00 0.000000e+00 0.000000e+00 0.000000e+00
5.296592e+01 0.000000e+00 0.000000e+00 0.000000e+00 0.000000e+00
5.301489e+01 0.000000e+00 0.000000e+00 0.000000e+00 0.000000e+00
5.306386e+01 0.000000e+00 0.000000e+00 0.000000e+00 0.000000e+00
5.311283e+01 0.000000e+00 0.000000e+00 0.000000e+00 0.000000e+00
5.316180e+01 0.000000e+00 0.000000e+00 0.000000e+00 0.000000e+00
5.321077e+01 0.000000e+00 0.000000e+00 0.000000e+00 0.000000e+00
5.325974e+01 0.000000e+00 0.000000e+00 0.000000e+00 0.000000e+00
5.330871e+01 0.000000e+00 0.000000e+00 0.000000e+00 0.000000e+00
5.335769e+01 0.000000e+00 0.000000e+00 0.000000e+00 0.000000e+00
5.340666e+01 0.000000e+00 0.000000e+00 0.000000e+00 0.000000e+00
5.345563e+01 0.000000e+00 0.000000e+00 0.000000e+00 0.000000e+00
5.350460e+01 0.000000e+00 0.000000e+00 0.000000e+00 0.000000e+00
5.355357e+01 0.000000e+00 0.000000e+00 0.000000e+00 0.000000e+00
5.360254e+01 0.000000e+00 0.000000e+00 0.000000e+00 0.000000e+00
5.365151e+01 0.000000e+00 0.000000e+00 0.000000e+00 0.000000e+00
5.370048e+01 0.000000e+00 0.000000e+00 0.000000e+00 0.000000e+00
5.374945e+01 0.000000e+00 0.000000e+00 0.000000e+00 0.000000e+00
5.379842e+01 0.000000e+00 0.000000e+00 0.000000e+00 0.000000e+00
5.384739e+01 0.000000e+00 0.000000e+00 0.000000e+00 0.000000e+00
5.389636e+01 0.000000e+00 0.000000e+00 0.000000e+00 0.000000e+00
5.394533e+01 0.000000e+00 0.000000e+00 0.000000e+00 0.000000e+00
5.399430e+01 0.000000e+00 0.000000e+00 0.000000e+00 0.000000e+00
5.404327e+01 0.000000e+00 0.000000e+00 0.000000e+00 0.000000e+00
5.409224e+01 0.000000e+00 0.000000e+00 0.000000e+00 0.000000e+00
5.414121e+01 0.000000e+00 0.000000e+00 0.000000e+00 0.000000e+00
5.419019e+01 0.000000e+00 0.000000e+00 0.000000e+00 0.000000e+00
5.423916e+01 0.000000e+00 0.000000e+00 0.000000e+00 0.000000e+00
5.428813e+01 0.000000e+00 0.000000e+00 0.000000e+00 0.000000e+00
5.433710e+01 0.000000e+00 0.000000e+00 0.000000e+00 0.000000e+00
5.438607e+01 0.000000e+00 0.000000e+00 0.000000e+00 0.000000e+00
5.443504e+01 0.000000e+00 0.000000e+00 0.000000e+00 0.000000e+00
5.448401e+01 0.000000e+00 0.000000e+00 0.000000e+00 0.000000e+00
5.453298e+01 0.000000e+00 0.000000e+00 0.000000e+00 0.000000e+00
5.458195e+01 0.000000e+00 0.000000e+00 0.000000e+00 0.000000e+00
5.463092e+01 0.000000e+00 0.000000e+00 0.000000e+00 0.000000e+00
5.467989e+01 0.000000e+00 0.000000e+00 0.000000e+00 0.000000e+00
5.472886e+01 0.000000e+00 0.000000e+00 0.000000e+00 0.000000e+00
5.477783e+01 0.000000e+00 0.000000e+00 0.000000e+00 0.000000e+00
5.482680e+01 0.000000e+00 0.000000e+00 0.000000e+00 0.000000e+00
5.487577e+01 0.000000e+00 0.000000e+00 0.000000e+00 0.000000e+00
5.492474e+01 0.000000e+00 0.000000e+00 0.000000e+00 0.000000e+00
5.497371e+01 0.000000e+00 0.000000e+00 0.000000e+00 0.000000e+00
5.502269e+01 0.000000e+00 0.000000e+00 0.000000e+00 0.000000e+00
5.507166e+01 0.000000e+00 0.000000e+00 0.000000e+00 0.000000e+00
5.512063e+01 0.000000e+00 0.000000e+00 0.000000e+00 0.000000e+00
5.516960e+01 0.000000e+00 0.000000e+00 0.000000e+00 0.000000e+00
5.521857e+01 0.000000e+00 0.000000e+00 0.000000e+00 0.000000e+00
5.526754e+01 0.000000e+00 0.000000e+00 0.000000e+00 0.000000e+00
5.531651e+01 0.000000e+00 0.000000e+00 0.000000e+00 0.000000e+00
5.536548e+01 0.000000e+00 0.000000e+00 0.000000e+00 0.000000e+00
5.541445e+01 0.000000e+00 0.000000e+00 0.000000e+00 0.000000e+00
5.546342e+01 0.000000e+00 0.000000e+00 0.000000e+00 0.000000e+00
5.551239e+01 0.000000e+00 0.000000e+00 0.000000e+00 0.000000e+00
5.556136e+01 0.000000e+00 0.000000e+00 0.000000e+00 0.000000e+00
5.561033e+01 0.000000e+00 0.000000e+00 0.000000e+00 0.000000e+00
5.565930e+01 0.000000e+00 0.000000e+00 0.000000e+00 0.000000e+00
5.570827e+01 0.000000e+00 0.000000e+00 0.000000e+00 0.000000e+00
5.575724e+01 0.000000e+00 0.000000e+00 0.000000e+00 0.000000e+00
5.580622e+01 0.000000e+00 0.000000e+00 0.000000e+00 0.000000e+00
5.585519e+01 0.000000e+00 0.000000e+00 0.000000e+00 0.000000e+00
5.590416e+01 0.000000e+00 0.000000e+00 0.000000e+00 0.000000e+00
5.595313e+01 0.000000e+00 0.000000e+00 0.000000e+00 0.000000e+00
5.600210e+01 0.000000e+00 0.000000e+00 0.000000e+00 0.000000e+00
5.605107e+01 0.000000e+00 0.000000e+00 0.000000e+00 0.000000e+00
5.610004e+01 0.000000e+00 0.000000e+00 0.000000e+00 0.000000e+00
5.614901e+01 0.000000e+00 0.000000e+00 0.000000e+00 0.000000e+00
5.619798e+01 0.000000e+00 0.000000e+00 0.000000e+00 0.000000e+00
5.624695e+01 0.000000e+00 0.000000e+00 0.000000e+00 0.000000e+00
5.629592e+01 0.000000e+00 0.000000e+00 0.000000e+00 0.000000e+00
5.634489e+01 0.000000e+00 0.000000e+00 0.000000e+00 0.000000e+00
5.639386e+01 0.000000e+00 0.000000e+00 0.000000e+00 0.000000e+00
5.644283e+01 0.000000e+00 0.000000e+00 0.000000e+00 0.000000e+00
5.649180e+01 0.000000e+00 0.000000e+00 0.000000e+00 0.000000e+00
5.654077e+01 0.000000e+00 0.000000e+00 0.000000e+00 0.000000e+00
5.658974e+01 0.000000e+00 0.000000e+00 0.000000e+00 0.000000e+00
5.663872e+01 0.000000e+00 0.000000e+00 0.000000e+00 0.000000e+00
5.668769e+01 0.000000e+00 0.000000e+00 0.000000e+00 0.000000e+00
5.673666e+01 0.000000e+00 0.000000e+00 0.000000e+00 0.000000e+00
5.678563e+01 0.000000e+00 0.000000e+00 0.000000e+00 0.000000e+00
5.683460e+01 0.000000e+00 0.000000e+00 0.000000e+00 0.000000e+00
5.688357e+01 0.000000e+00 0.000000e+00 0.000000e+00 0.000000e+00
5.693254e+01 0.000000e+00 0.000000e+00 0.000000e+00 0.000000e+00
5.698151e+01 0.000000e+00 0.000000e+00 0.000000e+00 0.000000e+00
5.703048e+01 0.000000e+00 0.000000e+00 0.000000e+00 0.000000e+00
5.707945e+01 0.000000e+00 0.000000e+00 0.000000e+00 0.000000e+00
