7.002381e+00 0.000000e+00 0.000000e+00 0.000000e+00 0.000000e+00
7.054381e+00 0.000000e+00 0.000000e+00 0.000000e+00 0.000000e+00
7.106381e+00 0.000000e+00 0.000000e+00 0.000000e+00 0.000000e+00
7.158381e+00 0.000000e+00 0.000000e+00 0.000000e+00 0.000000e+00
7.210381e+00 0.000000e+00 0.000000e+00 0.000000e+00 0.000000e+00
7.262381e+00 0.000000e+00 0.000000e+00 0.000000e+00 0.000000e+00
7.314381e+00 0.000000e+00 0.000000e+00 0.000000e+00 0.000000e+00
7.366381e+00 0.000000e+00 0.000000e+00 0.000000e+00 0.000000e+00
7.418381e+00 0.000000e+00 0.000000e+00 0.000000e+00 0.000000e+00
7.470381e+00 0.000000e+00 0.000000e+00 0.000000e+00 0.000000e+00
7.522381e+00 0.000000e+00 0.000000e+00 0.000000e+00 0.000000e+00
7.574381e+00 0.000000e+00 0.000000e+00 0.000000e+00 0.000000e+00
7.626381e+00 0.000000e+00 0.000000e+00 0.000000e+00 0.000000e+00
7.678381e+00 0.000000e+00 0.000000e+00 0.000000e+00 0.000000e+00
7.730381e+00 0.000000e+00 0.000000e+00 0.000000e+00 0.000000e+00
7.782381e+00 0.000000e+00 0.000000e+00 0.000000e+00 0.000000e+00
7.834381e+00 0.000000e+00 0.000000e+00 0.000000e+00 0.000000e+00
7.886381e+00 0.000000e+00 0.000000e+00 0.000000e+00 0.000000e+00
7.938381e+00 0.000000e+00 0.000000e+00 0.000000e+00 0.000000e+00
7.990381e+00 0.000000e+00 0.000000e+00 0.000000e+00 0.000000e+00
8.042381e+00 0.000000e+00 0.000000e+00 0.000000e+00 0.000000e+00
8.094381e+00 0.000000e+00 0.000000e+00 0.000000e+00 0.000000e+00
8.146381e+00 0.000000e+00 0.000000e+00 0.000000e+00 0.000000e+00
8.198381e+00 0.000000e+00 0.000000e+00 0.000000e+00 0.000000e+00
8.250381e+00 0.000000e+00 0.000000e+00 0.000000e+00 0.000000e+00
8.302381e+00 0.000000e+00 0.000000e+00 0.000000e+00 0.000000e+00
8.354381e+00 0.000000e+00 0.000000e+00 0.000000e+00 0.000000e+00
8.406381e+00 0.000000e+00 0.000000e+00 0.000000e+00 0.000000e+00
8.458381e+00 0.000000e+00 0.000000e+00 0.000000e+00 0.000000e+00
8.510381e+00 0.000000e+00 0.000000e+00 0.000000e+00 0.000000e+00
8.562381e+00 0.000000e+00 0.000000e+00 0.000000e+00 0.000000e+00
8.614381e+00 0.000000e+00 0.000000e+00 0.000000e+00 0.000000e+00
8.666381e+00 0.000000e+00 0.000000e+00 0.000000e+00 0.000000e+00
8.718381e+00 0.000000e+00 0.000000e+00 0.000000e+00 0.000000e+00
8.770381e+00 0.000000e+00 0.000000e+00 0.000000e+00 0.000000e+00
8.822381e+00 0.000000e+00 0.000000e+00 0.000000e+00 0.000000e+00
8.874381e+00 0.000000e+00 0.000000e+00 0.000000e+00 0.000000e+00
8.926381e+00 0.000000e+00 0.000000e+00 0.000000e+00 0.000000e+00
8.978381e+00 0.000000e+00 0.000000e+00 0.000000e+00 0.000000e+00
9.030381e+00 0.000000e+00 0.000000e+00 0.000000e+00 0.000000e+00
9.082381e+00 0.000000e+00 0.000000e+00 0.000000e+00 0.000000e+00
9.134381e+00 0.000000e+00 0.000000e+00 0.000000e+00 0.000000e+00
9.186381e+00 0.000000e+00 0.000000e+00 0.000000e+00 0.000000e+00
9.238381e+00 0.000000e+00 0.000000e+00 0.000000e+00 0.000000e+00
9.290381e+00 0.000000e+00 0.000000e+00 0.000000e+00 0.000000e+00
9.342381e+00 0.000000e+00 0.000000e+00 0.000000e+00 0.000000e+00
9.394381e+00 0.000000e+00 0.000000e+00 0.000000e+00 0.000000e+00
9.446381e+00 0.000000e+00 0.000000e+00 0.000000e+00 0.000000e+00
9.498381e+00 0.000000e+00 0.000000e+00 0.000000e+00 0.000000e+00
9.550381e+00 0.000000e+00 0.000000e+00 0.000000e+00 0.000000e+00
9.602381e+00 0.000000e+00 0.000000e+00 0.000000e+00 0.000000e+00
9.654381e+00 0.000000e+00 0.000000e+00 0.000000e+00 0.000000e+00
9.706381e+00 0.000000e+00 0.000000e+00 0.000000e+00 0.000000e+00
9.758381e+00 0.000000e+00 0.000000e+00 0.000000e+00 0.000000e+00
9.810381e+00 0.000000e+00 0.000000e+00 0.000000e+00 0.000000e+00
9.862381e+00 0.000000e+00 0.000000e+00 0.000000e+00 0.000000e+00
9.914381e+00 0.000000e+00 0.000000e+00 0.000000e+00 0.000000e+00
9.966381e+00 0.000000e+00 0.000000e+00 0.000000e+00 0.000000e+00
1.001838e+01 0.000000e+00 0.000000e+00 0.000000e+00 0.000000e+00
1.007038e+01 0.000000e+00 0.000000e+00 0.000000e+00 0.000000e+00
1.012238e+01 0.000000e+00 0.000000e+00 0.000000e+00 0.000000e+00
1.017438e+01 0.000000e+00 0.000000e+00 0.000000e+00 0.000000e+00
1.022638e+01 0.000000e+00 0.000000e+00 0.000000e+00 0.000000e+00
1.027838e+01 0.000000e+00 0.000000e+00 0.000000e+00 0.000000e+00
1.033038e+01 0.000000e+00 0.000000e+00 0.000000e+00 0.000000e+00
1.038238e+01 0.000000e+00 0.000000e+00 0.000000e+00 0.000000e+00
1.043438e+01 0.000000e+00 0.000000e+00 0.000000e+00 0.000000e+00
1.048638e+01 0.000000e+00 0.000000e+00 0.000000e+00 0.000000e+00
1.053838e+01 0.000000e+00 0.000000e+00 0.000000e+00 0.000000e+00
1.059038e+01 0.000000e+00 0.000000e+00 0.000000e+00 0.000000e+00
1.064238e+01 0.000000e+00 0.000000e+00 0.000000e+00 0.000000e+00
1.069438e+01 0.000000e+00 0.000000e+00 0.000000e+00 0.000000e+00
1.074638e+01 0.000000e+00 0.000000e+00 0.000000e+00 0.000000e+00
1.079838e+01 0.000000e+00 0.000000e+00 0.000000e+00 0.000000e+00
1.085038e+01 4.322370e-15 4.655997e-15 1.265252e-15 7.045861e-15
1.090238e+01 1.978262e-14 2.130957e-14 5.790805e-15 3.224750e-14
1.095438e+01 1.422280e-13 1.521861e-13 5.755862e-14 2.169392e-13
1.100638e+01 6.001283e-13 6.414556e-13 2.479857e-13 9.109437e-13
1.105838e+01 2.612520e-12 2.780878e-12 1.155274e-12 3.901407e-12
1.111038e+01 9.961275e-12 1.058063e-11 4.535247e-12 1.476795e-11
1.116238e+01 3.560770e-11 3.775149e-11 1.663713e-11 5.243449e-11
1.121438e+01 1.197825e-10 1.267311e-10 5.740825e-11 1.752082e-10
1.126638e+01 3.803584e-10 4.015690e-10 1.868807e-10 5.526255e-10
1.131838e+01 1.138008e-09 1.198778e-09 5.726552e-10 1.642592e-09
1.137038e+01 3.211118e-09 3.374852e-09 1.653092e-09 4.605409e-09
1.142238e+01 8.551705e-09 8.967016e-09 4.498248e-09 1.218985e-08
1.147438e+01 2.150560e-08 2.249853e-08 1.154211e-08 3.047614e-08
1.152638e+01 5.109735e-08 5.333818e-08 2.793867e-08 7.201521e-08
1.157838e+01 1.147867e-07 1.195697e-07 6.383222e-08 1.609582e-07
1.163038e+01 2.439947e-07 2.536753e-07 1.377440e-07 3.405649e-07
1.168238e+01 4.912301e-07 5.098679e-07 2.809661e-07 6.828563e-07
1.173438e+01 9.378037e-07 9.720707e-07 5.422643e-07 1.299076e-06
1.178638e+01 1.700076e-06 1.760514e-06 9.914283e-07 2.348286e-06
1.183838e+01 2.931358e-06 3.034116e-06 1.719572e-06 4.040387e-06
1.189038e+01 4.816525e-06 4.985756e-06 2.834025e-06 6.629795e-06
1.194238e+01 7.557379e-06 7.828438e-06 4.446510e-06 1.039719e-05
1.199438e+01 1.134852e-05 1.177192e-05 6.654933e-06 1.561872e-05
1.204638e+01 1.634515e-05 1.699072e-05 9.520974e-06 2.252376e-05
1.209838e+01 2.262496e-05 2.358507e-05 1.304686e-05 3.124295e-05
1.215038e+01 3.014683e-05 3.153661e-05 1.715502e-05 4.174886e-05
1.220238e+01 3.871020e-05 4.066250e-05 2.167407e-05 5.379402e-05
1.225438e+01 4.792290e-05 5.057591e-05 2.633503e-05 6.685776e-05
1.230638e+01 5.719084e-05 6.066775e-05 3.078242e-05 8.012237e-05
1.235838e+01 6.574605e-05 7.012844e-05 3.460528e-05 9.250444e-05
1.241038e+01 7.272608e-05 7.802569e-05 3.739049e-05 1.027620e-04
1.246238e+01 7.730405e-05 8.344010e-05 3.879414e-05 1.096779e-04
1.251438e+01 7.884926e-05 8.563956e-05 3.861938e-05 1.122889e-04
1.256638e+01 7.708125e-05 8.425463e-05 3.688450e-05 1.101046e-04
1.261838e+01 7.217721e-05 7.941114e-05 3.386897e-05 1.032515e-04
1.267038e+01 6.480665e-05 7.178944e-05 3.013759e-05 9.249292e-05
1.272238e+01 5.609523e-05 6.260883e-05 2.655789e-05 7.911899e-05
1.277438e+01 4.754956e-05 5.356693e-05 2.433386e-05 6.474791e-05
1.282638e+01 4.098919e-05 4.678007e-05 2.506993e-05 5.111756e-05
1.287838e+01 3.852165e-05 4.475719e-05 3.084968e-05 3.995807e-05
1.293038e+01 4.255981e-05 5.039575e-05 4.427369e-05 3.300998e-05
1.298238e+01 5.583308e-05 6.693313e-05 6.837228e-05 3.219384e-05
1.303438e+01 8.131206e-05 9.775699e-05 1.063192e-04 3.985998e-05
1.308638e+01 1.219736e-04 1.460078e-04 1.609372e-04 5.897598e-05
1.313838e+01 1.803905e-04 2.140027e-04 2.340893e-04 9.307943e-05
1.319038e+01 2.582136e-04 3.026336e-04 3.261388e-04 1.458684e-04
1.324238e+01 3.556900e-04 4.109638e-04 4.356680e-04 2.204382e-04
1.329438e+01 4.713759e-04 5.362067e-04 5.595494e-04 3.183715e-04
1.334638e+01 6.021587e-04 6.741075e-04 6.933107e-04 4.390579e-04
1.339838e+01 7.436137e-04 8.195716e-04 8.316284e-04 5.796411e-04
1.345038e+01 8.906367e-04 9.673116e-04 9.688262e-04 7.357722e-04
1.350238e+01 1.038246e-03 1.112386e-03 1.099396e-03 9.029553e-04
1.355438e+01 1.182421e-03 1.250685e-03 1.218679e-03 1.077901e-03
1.360638e+01 1.320826e-03 1.379506e-03 1.323756e-03 1.259215e-03
1.365838e+01 1.453216e-03 1.498225e-03 1.414347e-03 1.447077e-03
1.371038e+01 1.581364e-03 1.608741e-03 1.493212e-03 1.642140e-03
1.376238e+01 1.708381e-03 1.715249e-03 1.565573e-03 1.844321e-03
1.381438e+01 1.837554e-03 1.823016e-03 1.637481e-03 2.052164e-03
1.386638e+01 1.971042e-03 1.936453e-03 1.713648e-03 2.263024e-03
1.391838e+01 2.108931e-03 2.057315e-03 1.795743e-03 2.473735e-03
1.397038e+01 2.249103e-03 2.184036e-03 1.882035e-03 2.681238e-03
1.402238e+01 2.388054e-03 2.312704e-03 1.968641e-03 2.882815e-03
1.407438e+01 2.522357e-03 2.439271e-03 2.051784e-03 3.076016e-03
1.412638e+01 2.650186e-03 2.561890e-03 2.130015e-03 3.258652e-03
1.417838e+01 2.772271e-03 2.682199e-03 2.205424e-03 3.429191e-03
1.423038e+01 2.892012e-03 2.804933e-03 2.283509e-03 3.587593e-03
1.428238e+01 3.014814e-03 2.936098e-03 2.371963e-03 3.736380e-03
1.433438e+01 3.146893e-03 3.080391e-03 2.478850e-03 3.881436e-03
1.438638e+01 3.293641e-03 3.238605e-03 2.610499e-03 4.031819e-03
1.443838e+01 3.457535e-03 3.405579e-03 2.769198e-03 4.197828e-03
1.449038e+01 3.635727e-03 3.569254e-03 2.950956e-03 4.386971e-03
1.454238e+01 3.818049e-03 3.711498e-03 3.144029e-03 4.598620e-03
1.459438e+01 3.986679e-03 3.811267e-03 3.329278e-03 4.819491e-03
1.464638e+01 4.118652e-03 3.849922e-03 3.483192e-03 5.022843e-03
1.469838e+01 4.191387e-03 3.817347e-03 3.583384e-03 5.173431e-03
1.475038e+01 4.189798e-03 3.716591e-03 3.615041e-03 5.237761e-03
1.480238e+01 4.112309e-03 3.564775e-03 3.575960e-03 5.196191e-03
1.485438e+01 3.973036e-03 3.389389e-03 3.478018e-03 5.051703e-03
1.490638e+01 3.798801e-03 3.221016e-03 3.344311e-03 4.831076e-03
1.495838e+01 3.621887e-03 3.085217e-03 3.202996e-03 4.577449e-03
1.501038e+01 3.471361e-03 2.996605e-03 3.080184e-03 4.337294e-03
1.506238e+01 3.366270e-03 2.957078e-03 2.994380e-03 4.147353e-03
1.511438e+01 3.312955e-03 2.958230e-03 2.953878e-03 4.026757e-03
1.516638e+01 3.306647e-03 2.986200e-03 2.957104e-03 3.976636e-03
1.521838e+01 3.335712e-03 3.026544e-03 2.994839e-03 3.985753e-03
1.527038e+01 3.386225e-03 3.067328e-03 3.053150e-03 4.038195e-03
1.532238e+01 3.445195e-03 3.100065e-03 3.116427e-03 4.119093e-03
1.537438e+01 3.502095e-03 3.119410e-03 3.170452e-03 4.216423e-03
1.542638e+01 3.549377e-03 3.122942e-03 3.205480e-03 4.319710e-03
1.547838e+01 3.582899e-03 3.111732e-03 3.218829e-03 4.418138e-03
1.553038e+01 3.602584e-03 3.091318e-03 3.216012e-03 4.500421e-03
1.558238e+01 3.612839e-03 3.071913e-03 3.209514e-03 4.557090e-03
1.563438e+01 3.621911e-03 3.066821e-03 3.215026e-03 4.583886e-03
1.568638e+01 3.639658e-03 3.088902e-03 3.246063e-03 4.584010e-03
1.573838e+01 3.674071e-03 3.146063e-03 3.308652e-03 4.567498e-03
1.579038e+01 3.727693e-03 3.237457e-03 3.398010e-03 4.547613e-03
1.584238e+01 3.795402e-03 3.351974e-03 3.498510e-03 4.535722e-03
1.589438e+01 3.864618e-03 3.469890e-03 3.587138e-03 4.536825e-03
1.594638e+01 3.918065e-03 3.567395e-03 3.639400e-03 4.547400e-03
1.599838e+01 3.938183e-03 3.622673e-03 3.635761e-03 4.556115e-03
1.605038e+01 3.911670e-03 3.621617e-03 3.566560e-03 4.546832e-03
1.610238e+01 3.832730e-03 3.561379e-03 3.434006e-03 4.502806e-03
1.615438e+01 3.704229e-03 3.450720e-03 3.251022e-03 4.410945e-03
1.620638e+01 3.536741e-03 3.307247e-03 3.037789e-03 4.265187e-03
1.625838e+01 3.346080e-03 3.152647e-03 2.817336e-03 4.068255e-03
1.631038e+01 3.150082e-03 3.007513e-03 2.611400e-03 3.831332e-03
1.636238e+01 2.965372e-03 2.887199e-03 2.437249e-03 3.571668e-03
1.641438e+01 2.804720e-03 2.799620e-03 2.305683e-03 3.308858e-03
1.646638e+01 2.675461e-03 2.745161e-03 2.220206e-03 3.061016e-03
1.651838e+01 2.579284e-03 2.718345e-03 2.177348e-03 2.842159e-03
1.657038e+01 2.513372e-03 2.710539e-03 2.168081e-03 2.661497e-03
1.662238e+01 2.472471e-03 2.712849e-03 2.180147e-03 2.524417e-03
1.667438e+01 2.451151e-03 2.718414e-03 2.200832e-03 2.434208e-03
1.672638e+01 2.445491e-03 2.723510e-03 2.219577e-03 2.393387e-03
1.677838e+01 2.453664e-03 2.727326e-03 2.229793e-03 2.403874e-03
1.683038e+01 2.475403e-03 2.730751e-03 2.229503e-03 2.465955e-03
1.688238e+01 2.510723e-03 2.734864e-03 2.220747e-03 2.576559e-03
1.693438e+01 2.558498e-03 2.739850e-03 2.208001e-03 2.727643e-03
1.698638e+01 2.615455e-03 2.744727e-03 2.196149e-03 2.905488e-03
1.703838e+01 2.675942e-03 2.747792e-03 2.188604e-03 3.091428e-03
1.709038e+01 2.732538e-03 2.747304e-03 2.186138e-03 3.264171e-03
1.714238e+01 2.777342e-03 2.741940e-03 2.186740e-03 3.403345e-03
1.719438e+01 2.803557e-03 2.730806e-03 2.186475e-03 3.493391e-03
1.724638e+01 2.806914e-03 2.713171e-03 2.180966e-03 3.526604e-03
1.729838e+01 2.786517e-03 2.688315e-03 2.166934e-03 3.504303e-03
1.735038e+01 2.744919e-03 2.655766e-03 2.143282e-03 3.435708e-03
1.740238e+01 2.687456e-03 2.615957e-03 2.111436e-03 3.334976e-03
1.745438e+01 2.621141e-03 2.570995e-03 2.074993e-03 3.217436e-03
1.750638e+01 2.553401e-03 2.525048e-03 2.038929e-03 3.096226e-03
1.755838e+01 2.490935e-03 2.483982e-03 2.008642e-03 2.980180e-03
1.761038e+01 2.438796e-03 2.454143e-03 1.989012e-03 2.873232e-03
1.766238e+01 2.399775e-03 2.440661e-03 1.983515e-03 2.775151e-03
1.771438e+01 2.374154e-03 2.445892e-03 1.993410e-03 2.683161e-03
1.776638e+01 2.359906e-03 2.468658e-03 2.017160e-03 2.593901e-03
1.781838e+01 2.353380e-03 2.504582e-03 2.050336e-03 2.505220e-03
1.787038e+01 2.350322e-03 2.547365e-03 2.086277e-03 2.417324e-03
1.792238e+01 2.346957e-03 2.590372e-03 2.117544e-03 2.332955e-03
1.797438e+01 2.340754e-03 2.627891e-03 2.137836e-03 2.256534e-03
1.802638e+01 2.330643e-03 2.655638e-03 2.143724e-03 2.192567e-03
1.807838e+01 2.316683e-03 2.670602e-03 2.135540e-03 2.143907e-03
1.813038e+01 2.299434e-03 2.670674e-03 2.117090e-03 2.110539e-03
1.818238e+01 2.279432e-03 2.654574e-03 2.094347e-03 2.089374e-03
1.823438e+01 2.257047e-03 2.622334e-03 2.073706e-03 2.075100e-03
1.828638e+01 2.232775e-03 2.576110e-03 2.060478e-03 2.061738e-03
1.833838e+01 2.207714e-03 2.520799e-03 2.058059e-03 2.044285e-03
1.839038e+01 2.183878e-03 2.463896e-03 2.067827e-03 2.019911e-03
1.844238e+01 2.164079e-03 2.414335e-03 2.089505e-03 1.988398e-03
1.849438e+01 2.151382e-03 2.380570e-03 2.121671e-03 1.951906e-03
1.854638e+01 2.148346e-03 2.368524e-03 2.162222e-03 1.914294e-03
1.859838e+01 2.156406e-03 2.380111e-03 2.208781e-03 1.880326e-03
1.865038e+01 2.175639e-03 2.412854e-03 2.259151e-03 1.854910e-03
1.870238e+01 2.204970e-03 2.460639e-03 2.311857e-03 1.842413e-03
1.875438e+01 2.242679e-03 2.515301e-03 2.366738e-03 1.845997e-03
1.880638e+01 2.286970e-03 2.568514e-03 2.425412e-03 1.866984e-03
1.885838e+01 2.336417e-03 2.613502e-03 2.491416e-03 1.904332e-03
1.891038e+01 2.390186e-03 2.646255e-03 2.569899e-03 1.954403e-03
1.896238e+01 2.448040e-03 2.666137e-03 2.666815e-03 2.011168e-03
1.901438e+01 2.510178e-03 2.675920e-03 2.787697e-03 2.066918e-03
1.906638e+01 2.576940e-03 2.681276e-03 2.936147e-03 2.113396e-03
1.911838e+01 2.648392e-03 2.689776e-03 3.112252e-03 2.143149e-03
1.917038e+01 2.723818e-03 2.709443e-03 3.311208e-03 2.150803e-03
1.922238e+01 2.801167e-03 2.746969e-03 3.522554e-03 2.133979e-03
1.927438e+01 2.876619e-03 2.805845e-03 3.730407e-03 2.093604e-03
1.932638e+01 2.944457e-03 2.884805e-03 3.915036e-03 2.033529e-03
1.937838e+01 2.997467e-03 2.977106e-03 4.055725e-03 1.959569e-03
1.943038e+01 3.027958e-03 3.071113e-03 4.134509e-03 1.878253e-03
1.948238e+01 3.029302e-03 3.152357e-03 4.139880e-03 1.795669e-03
1.953438e+01 2.997635e-03 3.206719e-03 4.069459e-03 1.716727e-03
1.958638e+01 2.933167e-03 3.223836e-03 3.930760e-03 1.644905e-03
1.963838e+01 2.840526e-03 3.199524e-03 3.739730e-03 1.582324e-03
1.969038e+01 2.727830e-03 3.136249e-03 3.517393e-03 1.529847e-03
1.974238e+01 2.604638e-03 3.041407e-03 3.285494e-03 1.487014e-03
1.979438e+01 2.479433e-03 2.924156e-03 3.062314e-03 1.451830e-03
1.984638e+01 2.357536e-03 2.792175e-03 2.859732e-03 1.420702e-03
1.989838e+01 2.240258e-03 2.649754e-03 2.682203e-03 1.388817e-03
1.995038e+01 2.125588e-03 2.497914e-03 2.527749e-03 1.351100e-03
2.000238e+01 2.010116e-03 2.336260e-03 2.390497e-03 1.303592e-03
2.005438e+01 1.891426e-03 2.165548e-03 2.263912e-03 1.244817e-03
2.010638e+01 1.770050e-03 1.989709e-03 2.143769e-03 1.176672e-03
2.015838e+01 1.650348e-03 1.816507e-03 2.030063e-03 1.104474e-03
2.021038e+01 1.540071e-03 1.656656e-03 1.927434e-03 1.036124e-03
2.026238e+01 1.448856e-03 1.521843e-03 1.844155e-03 9.805701e-04
2.031438e+01 1.386139e-03 1.422367e-03 1.790078e-03 9.459709e-04
2.036638e+01 1.359044e-03 1.365056e-03 1.774123e-03 9.379536e-04
2.041838e+01 1.370678e-03 1.351873e-03 1.801838e-03 9.583234e-04
2.047038e+01 1.419069e-03 1.379324e-03 1.873433e-03 1.004450e-03
2.052238e+01 1.496903e-03 1.438693e-03 1.982562e-03 1.069454e-03
2.057438e+01 1.592127e-03 1.517038e-03 2.116154e-03 1.143191e-03
2.062638e+01 1.689489e-03 1.598961e-03 2.255587e-03 1.213920e-03
2.067838e+01 1.772921e-03 1.669021e-03 2.379390e-03 1.270351e-03
2.073038e+01 1.828433e-03 1.714429e-03 2.467190e-03 1.303681e-03
2.078238e+01 1.846869e-03 1.727424e-03 2.504045e-03 1.309136e-03
2.083438e+01 1.825690e-03 1.706575e-03 2.483819e-03 1.286674e-03
2.088638e+01 1.769174e-03 1.656526e-03 2.410327e-03 1.240669e-03
2.093838e+01 1.686864e-03 1.586191e-03 2.295696e-03 1.178705e-03
2.099038e+01 1.590772e-03 1.506002e-03 2.156501e-03 1.109812e-03
2.104238e+01 1.492292e-03 1.425139e-03 2.009104e-03 1.042635e-03
2.109438e+01 1.399856e-03 1.349669e-03 1.865927e-03 9.839718e-04
2.114638e+01 1.317946e-03 1.282051e-03 1.733810e-03 9.379782e-04
2.119838e+01 1.247547e-03 1.221933e-03 1.614616e-03 9.060919e-04
2.125038e+01 1.187517e-03 1.167703e-03 1.507332e-03 8.875159e-04
2.130238e+01 1.136173e-03 1.118058e-03 1.410477e-03 8.799842e-04
2.135438e+01 1.092444e-03 1.072984e-03 1.323817e-03 8.805323e-04
2.140638e+01 1.056297e-03 1.033875e-03 1.248919e-03 8.860959e-04
2.145838e+01 1.028470e-03 1.002850e-03 1.188675e-03 8.938847e-04
2.151038e+01 1.009823e-03 9.816763e-04 1.146219e-03 9.015747e-04
2.156238e+01 1.000655e-03 9.707854e-04 1.123783e-03 9.073979e-04
2.161438e+01 1.000273e-03 9.688081e-04 1.121818e-03 9.101911e-04
2.166638e+01 1.006939e-03 9.728122e-04 1.138576e-03 9.094273e-04
2.171838e+01 1.018163e-03 9.791261e-04 1.170144e-03 9.052176e-04
2.177038e+01 1.031184e-03 9.844050e-04 1.210893e-03 8.982534e-04
2.182238e+01 1.043482e-03 9.865250e-04 1.254255e-03 8.896660e-04
2.187438e+01 1.053169e-03 9.850047e-04 1.293698e-03 8.808040e-04
2.192638e+01 1.059191e-03 9.808768e-04 1.323738e-03 8.729598e-04
2.197838e+01 1.061334e-03 9.761480e-04 1.340753e-03 8.671017e-04
2.203038e+01 1.060049e-03 9.730972e-04 1.343374e-03 8.636757e-04
2.208238e+01 1.056168e-03 9.736441e-04 1.332343e-03 8.625172e-04
2.213438e+01 1.050569e-03 9.789253e-04 1.309895e-03 8.628864e-04
2.218638e+01 1.043881e-03 9.891111e-04 1.278927e-03 8.636057e-04
2.223838e+01 1.036326e-03 1.003443e-03 1.242273e-03 8.632620e-04
2.229038e+01 1.027741e-03 1.020455e-03 1.202334e-03 8.604351e-04
2.234238e+01 1.017786e-03 1.038321e-03 1.161117e-03 8.539195e-04
2.239438e+01 1.006235e-03 1.055276e-03 1.120517e-03 8.429138e-04
2.244638e+01 9.932395e-04 1.069980e-03 1.082585e-03 8.271532e-04
2.249838e+01 9.794218e-04 1.081706e-03 1.049593e-03 8.069664e-04
2.255038e+01 9.657727e-04 1.090270e-03 1.023805e-03 7.832429e-04
2.260238e+01 9.533646e-04 1.095704e-03 1.007077e-03 7.573137e-04
2.265438e+01 9.429889e-04 1.097798e-03 1.000407e-03 7.307618e-04
2.270638e+01 9.348404e-04 1.095727e-03 1.003602e-03 7.051922e-04
2.275838e+01 9.283537e-04 1.087951e-03 1.015114e-03 6.819962e-04
2.281038e+01 9.222468e-04 1.072502e-03 1.032094e-03 6.621440e-04
2.286238e+01 9.147603e-04 1.047583e-03 1.050659e-03 6.460387e-04
2.291438e+01 9.040291e-04 1.012262e-03 1.066369e-03 6.334567e-04
2.296638e+01 8.884889e-04 9.669794e-04 1.074895e-03 6.235921e-04
2.301838e+01 8.672169e-04 9.136733e-04 1.072775e-03 6.152026e-04
2.307038e+01 8.401272e-04 8.554480e-04 1.058095e-03 6.068382e-04
2.312238e+01 8.079775e-04 7.959308e-04 1.030893e-03 5.971086e-04
2.317438e+01 7.721935e-04 7.385414e-04 9.931039e-04 5.849353e-04
2.322638e+01 7.345617e-04 6.859157e-04 9.480380e-04 5.697313e-04
2.327838e+01 6.968770e-04 6.396260e-04 8.995317e-04 5.514732e-04
2.333038e+01 6.606428e-04 6.002114e-04 8.510599e-04 5.306571e-04
2.338238e+01 6.268963e-04 5.674268e-04 8.050989e-04 5.081631e-04
2.343438e+01 5.961857e-04 5.405730e-04 7.629127e-04 4.850715e-04
2.348638e+01 5.686739e-04 5.187956e-04 7.247516e-04 4.624745e-04
2.353838e+01 5.443022e-04 5.012889e-04 6.902997e-04 4.413180e-04
2.359038e+01 5.229464e-04 4.874006e-04 6.591509e-04 4.222878e-04
2.364238e+01 5.045135e-04 4.766572e-04 6.311357e-04 4.057475e-04
2.369438e+01 4.889628e-04 4.687429e-04 6.064215e-04 3.917239e-04
2.374638e+01 4.762672e-04 4.634536e-04 5.854094e-04 3.799385e-04
2.379838e+01 4.663458e-04 4.606412e-04 5.685143e-04 3.698820e-04
2.385038e+01 4.590048e-04 4.601592e-04 5.559306e-04 3.609245e-04
2.390238e+01 4.539100e-04 4.618134e-04 5.474667e-04 3.524499e-04
2.395438e+01 4.506014e-04 4.653196e-04 5.424962e-04 3.439884e-04
2.400638e+01 4.485398e-04 4.702668e-04 5.400290e-04 3.353235e-04
2.405838e+01 4.471750e-04 4.760909e-04 5.388781e-04 3.265559e-04
2.411038e+01 4.460211e-04 4.820726e-04 5.378661e-04 3.181247e-04
2.416238e+01 4.447304e-04 4.873753e-04 5.360123e-04 3.108035e-04
2.421438e+01 4.431550e-04 4.911349e-04 5.326433e-04 3.056869e-04
2.426638e+01 4.413860e-04 4.925944e-04 5.274010e-04 3.041626e-04
2.431838e+01 4.397533e-04 4.912563e-04 5.201652e-04 3.078384e-04
2.437038e+01 4.387816e-04 4.870136e-04 5.109502e-04 3.183810e-04
2.442238e+01 4.390989e-04 4.802145e-04 4.998458e-04 3.372364e-04
2.447438e+01 4.413094e-04 4.716293e-04 4.870438e-04 3.652550e-04
2.452638e+01 4.458459e-04 4.623023e-04 4.729289e-04 4.023066e-04
2.457838e+01 4.528333e-04 4.533100e-04 4.581615e-04 4.470285e-04
2.463038e+01 4.620040e-04 4.454804e-04 4.436704e-04 4.968611e-04
2.468238e+01 4.727120e-04 4.391552e-04 4.305137e-04 5.484671e-04
2.473438e+01 4.840714e-04 4.340764e-04 4.196381e-04 5.984998e-04
2.478638e+01 4.951966e-04 4.294461e-04 4.116187e-04 6.445250e-04
2.483838e+01 5.054666e-04 4.241454e-04 4.064766e-04 6.857779e-04
2.489038e+01 5.147079e-04 4.170466e-04 4.036434e-04 7.234337e-04
2.494238e+01 5.232083e-04 4.073208e-04 4.020893e-04 7.602149e-04
2.499438e+01 5.315451e-04 3.946513e-04 4.005799e-04 7.994042e-04
2.504638e+01 5.402914e-04 3.793027e-04 3.979885e-04 8.435831e-04
2.509838e+01 5.497208e-04 3.620465e-04 3.935692e-04 8.935468e-04
2.515038e+01 5.596294e-04 3.439861e-04 3.871085e-04 9.477935e-04
2.520238e+01 5.693385e-04 3.263408e-04 3.789102e-04 1.002764e-03
2.525438e+01 5.778619e-04 3.102408e-04 3.696260e-04 1.053719e-03
2.530638e+01 5.841554e-04 2.965681e-04 3.599992e-04 1.095899e-03
2.535838e+01 5.873473e-04 2.858510e-04 3.506167e-04 1.125574e-03
2.541038e+01 5.868841e-04 2.782156e-04 3.417522e-04 1.140684e-03
2.546238e+01 5.825835e-04 2.733941e-04 3.333419e-04 1.141015e-03
2.551438e+01 5.746381e-04 2.707909e-04 3.250798e-04 1.128043e-03
2.556638e+01 5.636132e-04 2.696078e-04 3.165839e-04 1.104648e-03
2.561838e+01 5.504518e-04 2.690107e-04 3.075679e-04 1.074777e-03
2.567038e+01 5.364455e-04 2.683076e-04 2.979659e-04 1.043063e-03
2.572238e+01 5.231169e-04 2.670901e-04 2.879788e-04 1.014282e-03
2.577438e+01 5.119865e-04 2.652967e-04 2.780416e-04 9.926212e-04
2.582638e+01 5.042609e-04 2.631802e-04 2.687293e-04 9.808731e-04
2.587838e+01 5.005356e-04 2.611915e-04 2.606353e-04 9.797800e-04
2.593038e+01 5.006227e-04 2.598208e-04 2.542533e-04 9.877941e-04
2.598238e+01 5.035775e-04 2.594481e-04 2.498908e-04 1.001394e-03
2.603438e+01 5.079286e-04 2.602455e-04 2.476253e-04 1.015915e-03
2.608638e+01 5.120439e-04 2.621500e-04 2.473028e-04 1.026679e-03
2.613838e+01 5.145186e-04 2.649028e-04 2.485693e-04 1.030084e-03
2.619038e+01 5.144727e-04 2.681306e-04 2.509222e-04 1.024365e-03
2.624238e+01 5.116790e-04 2.714370e-04 2.537756e-04 1.009825e-03
2.629438e+01 5.065122e-04 2.744799e-04 2.565341e-04 9.885227e-04
2.634638e+01 4.997627e-04 2.770176e-04 2.586783e-04 9.635922e-04
2.639838e+01 4.924008e-04 2.789280e-04 2.598543e-04 9.384200e-04
2.645038e+01 4.853682e-04 2.802109e-04 2.599550e-04 9.159389e-04
2.650238e+01 4.794427e-04 2.809859e-04 2.591720e-04 8.981701e-04
2.655438e+01 4.751746e-04 2.814948e-04 2.579972e-04 8.860317e-04
2.660638e+01 4.728717e-04 2.821019e-04 2.571638e-04 8.793492e-04
2.665838e+01 4.726012e-04 2.832852e-04 2.575353e-04 8.769831e-04
2.671038e+01 4.741962e-04 2.856008e-04 2.599650e-04 8.770227e-04
2.676238e+01 4.772679e-04 2.896158e-04 2.651551e-04 8.770327e-04
2.681438e+01 4.812345e-04 2.958109e-04 2.735408e-04 8.743517e-04
2.686638e+01 4.853753e-04 3.044795e-04 2.852164e-04 8.664298e-04
2.691838e+01 4.889148e-04 3.156579e-04 2.999116e-04 8.511750e-04
2.697038e+01 4.911337e-04 3.291194e-04 3.170221e-04 8.272598e-04
2.702238e+01 4.914903e-04 3.444395e-04 3.356907e-04 7.943408e-04
2.707438e+01 4.897260e-04 3.611079e-04 3.549295e-04 7.531407e-04
2.712638e+01 4.859231e-04 3.786414e-04 3.737658e-04 7.053622e-04
2.717838e+01 4.804954e-04 3.966607e-04 3.913911e-04 6.534345e-04
2.723038e+01 4.741181e-04 4.149231e-04 4.072918e-04 6.001395e-04
2.728238e+01 4.676231e-04 4.333348e-04 4.213339e-04 5.482007e-04
2.733438e+01 4.618935e-04 4.519723e-04 4.337791e-04 4.999290e-04
2.738638e+01 4.577771e-04 4.711216e-04 4.452132e-04 4.569967e-04
2.743838e+01 4.560224e-04 4.913058e-04 4.563945e-04 4.203670e-04
2.749038e+01 4.572253e-04 5.132514e-04 4.680618e-04 3.903628e-04
2.754238e+01 4.617798e-04 5.377510e-04 4.807620e-04 3.668265e-04
2.759438e+01 4.698307e-04 5.654249e-04 4.947577e-04 3.493096e-04
2.764638e+01 4.812373e-04 5.964433e-04 5.100332e-04 3.372352e-04
2.769838e+01 4.955598e-04 6.303127e-04 5.263726e-04 3.299941e-04
2.775038e+01 5.120795e-04 6.658291e-04 5.434510e-04 3.269583e-04
2.780238e+01 5.298531e-04 7.012484e-04 5.608831e-04 3.274277e-04
2.785438e+01 5.477953e-04 7.346344e-04 5.782035e-04 3.305479e-04
2.790638e+01 5.647731e-04 7.642654e-04 5.948022e-04 3.352516e-04
2.795838e+01 5.796958e-04 7.889461e-04 6.098685e-04 3.402727e-04
2.801038e+01 5.915929e-04 8.081117e-04 6.224028e-04 3.442642e-04
2.806238e+01 5.996871e-04 8.217070e-04 6.313401e-04 3.460143e-04
2.811438e+01 6.034785e-04 8.299364e-04 6.357827e-04 3.447165e-04
2.816638e+01 6.028533e-04 8.330427e-04 6.352958e-04 3.402212e-04
2.821838e+01 5.982058e-04 8.312536e-04 6.301781e-04 3.331857e-04
2.827038e+01 5.905326e-04 8.249358e-04 6.216046e-04 3.250575e-04
2.832238e+01 5.814311e-04 8.148660e-04 6.115608e-04 3.178666e-04
2.837438e+01 5.729495e-04 8.024519e-04 6.025431e-04 3.138537e-04
2.842638e+01 5.672833e-04 7.897525e-04 5.970801e-04 3.150174e-04
2.847838e+01 5.663847e-04 7.792626e-04 5.971959e-04 3.226956e-04
2.853038e+01 5.716076e-04 7.735497e-04 6.039726e-04 3.373007e-04
2.858238e+01 5.835088e-04 7.748970e-04 6.173424e-04 3.582870e-04
2.863438e+01 6.018637e-04 7.850667e-04 6.361688e-04 3.843556e-04
2.868638e+01 6.258640e-04 8.051901e-04 6.585808e-04 4.138211e-04
2.873838e+01 6.543908e-04 8.357190e-04 6.824409e-04 4.450124e-04
2.879038e+01 6.862511e-04 8.763675e-04 7.058032e-04 4.765826e-04
2.884238e+01 7.203170e-04 9.260600e-04 7.272432e-04 5.076478e-04
2.889438e+01 7.555785e-04 9.829662e-04 7.460155e-04 5.377540e-04
2.894638e+01 7.911627e-04 1.044707e-03 7.620545e-04 5.667260e-04
2.899838e+01 8.263597e-04 1.108729e-03 7.758654e-04 5.944845e-04
2.905038e+01 8.606555e-04 1.172721e-03 7.883378e-04 6.209074e-04
2.910238e+01 8.937349e-04 1.234920e-03 8.004984e-04 6.457859e-04
2.915438e+01 9.254308e-04 1.294176e-03 8.132254e-04 6.688907e-04
2.920638e+01 9.556320e-04 1.349786e-03 8.269866e-04 6.901234e-04
2.925838e+01 9.842066e-04 1.401219e-03 8.417010e-04 7.096999e-04
2.931038e+01 1.010996e-03 1.447893e-03 8.568076e-04 7.282878e-04
2.936238e+01 1.035898e-03 1.489117e-03 8.715475e-04 7.470305e-04
2.941438e+01 1.058993e-03 1.524200e-03 8.853526e-04 7.674249e-04
2.946638e+01 1.080630e-03 1.552646e-03 8.981666e-04 7.910789e-04
2.951838e+01 1.101427e-03 1.574323e-03 9.105367e-04 8.194223e-04
2.957038e+01 1.122140e-03 1.589536e-03 9.234253e-04 8.534596e-04
2.962238e+01 1.143474e-03 1.598967e-03 9.378250e-04 8.936311e-04
2.967438e+01 1.165888e-03 1.603518e-03 9.543516e-04 9.397928e-04
2.972638e+01 1.189448e-03 1.604078e-03 9.729888e-04 9.912766e-04
2.977838e+01 1.213767e-03 1.601260e-03 9.930714e-04 1.046970e-03
2.983038e+01 1.238017e-03 1.595204e-03 1.013482e-03 1.105364e-03
2.988238e+01 1.261014e-03 1.585522e-03 1.032954e-03 1.164566e-03
2.993438e+01 1.281366e-03 1.571444e-03 1.050357e-03 1.222297e-03
2.998638e+01 1.297665e-03 1.552146e-03 1.064898e-03 1.275951e-03
3.003838e+01 1.308726e-03 1.527156e-03 1.076248e-03 1.322776e-03
3.009038e+01 1.313825e-03 1.496665e-03 1.084609e-03 1.360202e-03
3.014238e+01 1.312923e-03 1.461669e-03 1.090793e-03 1.386306e-03
3.019438e+01 1.306825e-03 1.423895e-03 1.096244e-03 1.400336e-03
3.024638e+01 1.297218e-03 1.385576e-03 1.102962e-03 1.403117e-03
3.029838e+01 1.286503e-03 1.349132e-03 1.113210e-03 1.397168e-03
3.035038e+01 1.277388e-03 1.316809e-03 1.128982e-03 1.386373e-03
3.040238e+01 1.272268e-03 1.290298e-03 1.151345e-03 1.375160e-03
3.045438e+01 1.272535e-03 1.270392e-03 1.179857e-03 1.367356e-03
3.050638e+01 1.278053e-03 1.256748e-03 1.212341e-03 1.365069e-03
3.055838e+01 1.287010e-03 1.247850e-03 1.245187e-03 1.367994e-03
3.061038e+01 1.296290e-03 1.241224e-03 1.274162e-03 1.373482e-03
3.066238e+01 1.302248e-03 1.233872e-03 1.295476e-03 1.377396e-03
3.071438e+01 1.301673e-03 1.222821e-03 1.306727e-03 1.375471e-03
3.076638e+01 1.292589e-03 1.205657e-03 1.307403e-03 1.364708e-03
3.081838e+01 1.274665e-03 1.180908e-03 1.298787e-03 1.344301e-03
3.087038e+01 1.249148e-03 1.148227e-03 1.283376e-03 1.315839e-03
3.092238e+01 1.218417e-03 1.108338e-03 1.264103e-03 1.282811e-03
3.097438e+01 1.185375e-03 1.062812e-03 1.243643e-03 1.249670e-03
3.102638e+01 1.152867e-03 1.013725e-03 1.224040e-03 1.220835e-03
3.107838e+01 1.123283e-03 9.632830e-04 1.206675e-03 1.199890e-03
3.113038e+01 1.098367e-03 9.135043e-04 1.192460e-03 1.189138e-03
3.118238e+01 1.079187e-03 8.660179e-04 1.182071e-03 1.189473e-03
3.123438e+01 1.066174e-03 8.220058e-04 1.176028e-03 1.200489e-03
3.128638e+01 1.059172e-03 7.822757e-04 1.174576e-03 1.220663e-03
3.133838e+01 1.057461e-03 7.474141e-04 1.177419e-03 1.247551e-03
3.139038e+01 1.059808e-03 7.179617e-04 1.183501e-03 1.277961e-03
3.144238e+01 1.064587e-03 6.945562e-04 1.191036e-03 1.308170e-03
3.149438e+01 1.070035e-03 6.779977e-04 1.197868e-03 1.334239e-03
3.154638e+01 1.074577e-03 6.691931e-04 1.202061e-03 1.352478e-03
3.159838e+01 1.077154e-03 6.689550e-04 1.202486e-03 1.360020e-03
3.165038e+01 1.077389e-03 6.776715e-04 1.199119e-03 1.355375e-03
3.170238e+01 1.075544e-03 6.949304e-04 1.192909e-03 1.338792e-03
3.175438e+01 1.072269e-03 7.192425e-04 1.185285e-03 1.312279e-03
3.180638e+01 1.068255e-03 7.480100e-04 1.177537e-03 1.279218e-03
3.185838e+01 1.063939e-03 7.778216e-04 1.170342e-03 1.243654e-03
3.191038e+01 1.059365e-03 8.050371e-04 1.163607e-03 1.209450e-03
3.196238e+01 1.054218e-03 8.265136e-04 1.156609e-03 1.179531e-03
3.201438e+01 1.047990e-03 8.402674e-04 1.148282e-03 1.155421e-03
3.206638e+01 1.040188e-03 8.458861e-04 1.137519e-03 1.137160e-03
3.211838e+01 1.030505e-03 8.445842e-04 1.123377e-03 1.123555e-03
3.217038e+01 1.018924e-03 8.388948e-04 1.105226e-03 1.112651e-03
3.222238e+01 1.005737e-03 8.320834e-04 1.082881e-03 1.102247e-03
3.227438e+01 9.914927e-04 8.274320e-04 1.056729e-03 1.090317e-03
3.232638e+01 9.768790e-04 8.275645e-04 1.027783e-03 1.075289e-03
3.237838e+01 9.625928e-04 8.339663e-04 9.976147e-04 1.056198e-03
3.243038e+01 9.492370e-04 8.467967e-04 9.681138e-04 1.032800e-03
3.248238e+01 9.372985e-04 8.650102e-04 9.411774e-04 1.005708e-03
3.253438e+01 9.272171e-04 8.867283e-04 9.184410e-04 9.764820e-04
3.258638e+01 9.195004e-04 9.097445e-04 9.011608e-04 9.475960e-04
3.263838e+01 9.148017e-04 9.320210e-04 8.902458e-04 9.221382e-04
3.269038e+01 9.138817e-04 9.520523e-04 8.863454e-04 9.032474e-04
3.274238e+01 9.174316e-04 9.690095e-04 8.898684e-04 8.934168e-04
3.279438e+01 9.258095e-04 9.826567e-04 9.008745e-04 8.938972e-04
3.284638e+01 9.387978e-04 9.931066e-04 9.188765e-04 9.044102e-04
3.289838e+01 9.554899e-04 1.000547e-03 9.426688e-04 9.232535e-04
3.295038e+01 9.743638e-04 1.005077e-03 9.702900e-04 9.477241e-04
3.300238e+01 9.935267e-04 1.006727e-03 9.991673e-04 9.746858e-04
3.305438e+01 1.011057e-03 1.005647e-03 1.026412e-03 1.001112e-03
3.310638e+01 1.025345e-03 1.002343e-03 1.049186e-03 1.024508e-03
3.315838e+01 1.035358e-03 9.978221e-04 1.065069e-03 1.043183e-03
3.321038e+01 1.040759e-03 9.935223e-04 1.072353e-03 1.056402e-03
3.326238e+01 1.041887e-03 9.910189e-04 1.070241e-03 1.064402e-03
3.331438e+01 1.039580e-03 9.915730e-04 1.058906e-03 1.068261e-03
3.336638e+01 1.034890e-03 9.956696e-04 1.039420e-03 1.069581e-03
3.341838e+01 1.028766e-03 1.002712e-03 1.013553e-03 1.070035e-03
3.347038e+01 1.021777e-03 1.011007e-03 9.834849e-04 1.070840e-03
3.352238e+01 1.013978e-03 1.018090e-03 9.514987e-04 1.072347e-03
3.357438e+01 1.004960e-03 1.021321e-03 9.196887e-04 1.073870e-03
3.362638e+01 9.940635e-04 1.018569e-03 8.897431e-04 1.073878e-03
3.367838e+01 9.806817e-04 1.008753e-03 8.628104e-04 1.070481e-03
3.373038e+01 9.645288e-04 9.920564e-04 8.394515e-04 1.062079e-03
3.378238e+01 9.457852e-04 9.697617e-04 8.196688e-04 1.047925e-03
3.383438e+01 9.250754e-04 9.438057e-04 8.029953e-04 1.028425e-03
3.388638e+01 9.033145e-04 9.162521e-04 7.886303e-04 1.005061e-03
3.393838e+01 8.814964e-04 8.888823e-04 7.756058e-04 9.800011e-04
3.399038e+01 8.605071e-04 8.630060e-04 7.629664e-04 9.555488e-04
3.404238e+01 8.410103e-04 8.394742e-04 7.499452e-04 9.336116e-04
3.409438e+01 8.234166e-04 8.187957e-04 7.361110e-04 9.153430e-04
3.414638e+01 8.079144e-04 8.012511e-04 7.214674e-04 9.010246e-04
3.419838e+01 7.945341e-04 7.869500e-04 7.064794e-04 8.901730e-04
3.425038e+01 7.832152e-04 7.758407e-04 6.920065e-04 8.817984e-04
3.430238e+01 7.738537e-04 7.677159e-04 6.791279e-04 8.747174e-04
3.435438e+01 7.663168e-04 7.622458e-04 6.688699e-04 8.678346e-04
3.440638e+01 7.604175e-04 7.590320e-04 6.618877e-04 8.603327e-04
3.445838e+01 7.558637e-04 7.576455e-04 6.581997e-04 8.517459e-04
3.451038e+01 7.522068e-04 7.576132e-04 6.570830e-04 8.419241e-04
3.456238e+01 7.488217e-04 7.583523e-04 6.571999e-04 8.309131e-04
3.461438e+01 7.449429e-04 7.590987e-04 6.569338e-04 8.187963e-04
3.466638e+01 7.397560e-04 7.588971e-04 6.548210e-04 8.055498e-04
3.471838e+01 7.325259e-04 7.566971e-04 6.499183e-04 7.909623e-04
3.477038e+01 7.227282e-04 7.515502e-04 6.419791e-04 7.746552e-04
3.482238e+01 7.101496e-04 7.428407e-04 6.313995e-04 7.562084e-04
3.487438e+01 6.949366e-04 7.304629e-04 6.189901e-04 7.353567e-04
3.492638e+01 6.775853e-04 7.148760e-04 6.056863e-04 7.121937e-04
3.497838e+01 6.588803e-04 6.970253e-04 5.923070e-04 6.873087e-04
3.503038e+01 6.397980e-04 6.781683e-04 5.794298e-04 6.617960e-04
3.508238e+01 6.213949e-04 6.596702e-04 5.673998e-04 6.371147e-04
3.513438e+01 6.046936e-04 6.428175e-04 5.564429e-04 6.148205e-04
3.518638e+01 5.905753e-04 6.286664e-04 5.468253e-04 5.962341e-04
3.523838e+01 5.796804e-04 6.179189e-04 5.389863e-04 5.821358e-04
3.529038e+01 5.723255e-04 6.108221e-04 5.335734e-04 5.725810e-04
3.534238e+01 5.684516e-04 6.071067e-04 5.313411e-04 5.669070e-04
3.539438e+01 5.676238e-04 6.059964e-04 5.329251e-04 5.639499e-04
3.544638e+01 5.690965e-04 6.063165e-04 5.385568e-04 5.624162e-04
3.549838e+01 5.719354e-04 6.066955e-04 5.478209e-04 5.612899e-04
3.555038e+01 5.751682e-04 6.058184e-04 5.595611e-04 5.601251e-04
3.560238e+01 5.779236e-04 6.026647e-04 5.719965e-04 5.591096e-04
3.565438e+01 5.795279e-04 5.966662e-04 5.830464e-04 5.588712e-04
3.570638e+01 5.795466e-04 5.877463e-04 5.907840e-04 5.601095e-04
3.575838e+01 5.777780e-04 5.762387e-04 5.938867e-04 5.632087e-04
3.581038e+01 5.742161e-04 5.627187e-04 5.919374e-04 5.679924e-04
3.586238e+01 5.689982e-04 5.478058e-04 5.854804e-04 5.737084e-04
3.591438e+01 5.623503e-04 5.320053e-04 5.758167e-04 5.792290e-04
3.596638e+01 5.545381e-04 5.156331e-04 5.646220e-04 5.833593e-04
3.601838e+01 5.458309e-04 4.988413e-04 5.535246e-04 5.851267e-04
3.607038e+01 5.364849e-04 4.817153e-04 5.437819e-04 5.839576e-04
3.612238e+01 5.267495e-04 4.643963e-04 5.361327e-04 5.797194e-04
3.617438e+01 5.168891e-04 4.471757e-04 5.308258e-04 5.726657e-04
3.622638e+01 5.072102e-04 4.305337e-04 5.277610e-04 5.633361e-04
3.627838e+01 4.980739e-04 4.151103e-04 5.266588e-04 5.524526e-04
3.633038e+01 4.898791e-04 4.016174e-04 5.271971e-04 5.408227e-04
3.638238e+01 4.830111e-04 3.907052e-04 5.290840e-04 5.292440e-04
3.643438e+01 4.777653e-04 3.828133e-04 5.320728e-04 5.184099e-04
3.648638e+01 4.742720e-04 3.780480e-04 5.359425e-04 5.088254e-04
3.653838e+01 4.724545e-04 3.761367e-04 5.404704e-04 5.007562e-04
3.659038e+01 4.720494e-04 3.764979e-04 5.454207e-04 4.942294e-04
3.664238e+01 4.726919e-04 3.784193e-04 5.505618e-04 4.890945e-04
3.669438e+01 4.740418e-04 3.812899e-04 5.557041e-04 4.851313e-04
3.674638e+01 4.759022e-04 3.847984e-04 5.607376e-04 4.821706e-04
3.679838e+01 4.782806e-04 3.890173e-04 5.656402e-04 4.801842e-04
3.685038e+01 4.813626e-04 3.943362e-04 5.704450e-04 4.793065e-04
3.690238e+01 4.854065e-04 4.012676e-04 5.751790e-04 4.797728e-04
3.695438e+01 4.906017e-04 4.101966e-04 5.798085e-04 4.817999e-04
3.700638e+01 4.969499e-04 4.211630e-04 5.842278e-04 4.854588e-04
3.705838e+01 5.042202e-04 4.337526e-04 5.883006e-04 4.906076e-04
3.711038e+01 5.119974e-04 4.471336e-04 5.919340e-04 4.969246e-04
3.716238e+01 5.198047e-04 4.602313e-04 5.951382e-04 5.040445e-04
3.721438e+01 5.272542e-04 4.719866e-04 5.980334e-04 5.117427e-04
3.726638e+01 5.341651e-04 4.816217e-04 6.007929e-04 5.200806e-04
3.731838e+01 5.406052e-04 4.888323e-04 6.035515e-04 5.294317e-04
3.737038e+01 5.468412e-04 4.938482e-04 6.063239e-04 5.403515e-04
3.742238e+01 5.532189e-04 4.973465e-04 6.089792e-04 5.533311e-04
3.747438e+01 5.600232e-04 5.002475e-04 6.112877e-04 5.685344e-04
3.752638e+01 5.673723e-04 5.034572e-04 6.130231e-04 5.856365e-04
3.757838e+01 5.751835e-04 5.076354e-04 6.140749e-04 6.038403e-04
3.763038e+01 5.832140e-04 5.130522e-04 6.145206e-04 6.220694e-04
3.768238e+01 5.911460e-04 5.195621e-04 6.146177e-04 6.392582e-04
3.773438e+01 5.986741e-04 5.266830e-04 6.147154e-04 6.546239e-04
3.778638e+01 6.055608e-04 5.337392e-04 6.151202e-04 6.678231e-04
3.783838e+01 6.116502e-04 5.400192e-04 6.159771e-04 6.789542e-04
3.789038e+01 6.168570e-04 5.449125e-04 6.172260e-04 6.884326e-04
3.794238e+01 6.211548e-04 5.480083e-04 6.186510e-04 6.968050e-04
3.799438e+01 6.245766e-04 5.491547e-04 6.199966e-04 7.045786e-04
3.804638e+01 6.272267e-04 5.484807e-04 6.210887e-04 7.121106e-04
3.809838e+01 6.292838e-04 5.463800e-04 6.219036e-04 7.195678e-04
3.815038e+01 6.309890e-04 5.434587e-04 6.225681e-04 7.269402e-04
3.820238e+01 6.326194e-04 5.404549e-04 6.233142e-04 7.340891e-04
3.825438e+01 6.344662e-04 5.381428e-04 6.244351e-04 7.408209e-04
3.830638e+01 6.368289e-04 5.372369e-04 6.262649e-04 7.469849e-04
3.835838e+01 6.400170e-04 5.382991e-04 6.291707e-04 7.525810e-04
3.841038e+01 6.443343e-04 5.416506e-04 6.335200e-04 7.578323e-04
3.846238e+01 6.500166e-04 5.472883e-04 6.395944e-04 7.631671e-04
3.851438e+01 6.571205e-04 5.548232e-04 6.474602e-04 7.690781e-04
3.856638e+01 6.653981e-04 5.634684e-04 6.568426e-04 7.758832e-04
3.861838e+01 6.742198e-04 5.721096e-04 6.670681e-04 7.834815e-04
3.867038e+01 6.826070e-04 5.794733e-04 6.771224e-04 7.912254e-04
3.872238e+01 6.893984e-04 5.843707e-04 6.858282e-04 7.979963e-04
3.877438e+01 6.935145e-04 5.859574e-04 6.921020e-04 8.024841e-04
3.882638e+01 6.942369e-04 5.839275e-04 6.952085e-04 8.035747e-04
3.887838e+01 6.913979e-04 5.785706e-04 6.949289e-04 8.006941e-04
3.893038e+01 6.854083e-04 5.706721e-04 6.915798e-04 7.939729e-04
3.898238e+01 6.771160e-04 5.612928e-04 6.858725e-04 7.841826e-04
3.903438e+01 6.675575e-04 5.515107e-04 6.786665e-04 7.724953e-04
3.908638e+01 6.577004e-04 5.422113e-04 6.707054e-04 7.601844e-04
3.913838e+01 6.482650e-04 5.339784e-04 6.624342e-04 7.483823e-04
3.919038e+01 6.396646e-04 5.270894e-04 6.539548e-04 7.379496e-04
3.924238e+01 6.320473e-04 5.215820e-04 6.451203e-04 7.294397e-04
3.929438e+01 6.253897e-04 5.173517e-04 6.357147e-04 7.231026e-04
3.934638e+01 6.195919e-04 5.142452e-04 6.256397e-04 7.188909e-04
3.939838e+01 6.145473e-04 5.121361e-04 6.150394e-04 7.164664e-04
3.945038e+01 6.101822e-04 5.109753e-04 6.043271e-04 7.152442e-04
3.950238e+01 6.064749e-04 5.108106e-04 5.941148e-04 7.144992e-04
3.955438e+01 6.034584e-04 5.117718e-04 5.850790e-04 7.135244e-04
3.960638e+01 6.012044e-04 5.140170e-04 5.778080e-04 7.117882e-04
3.965838e+01 5.997863e-04 5.176527e-04 5.726791e-04 7.090270e-04
3.971038e+01 5.992292e-04 5.226501e-04 5.698042e-04 7.052332e-04
3.976238e+01 5.994652e-04 5.287948e-04 5.690515e-04 7.005494e-04
3.981438e+01 6.003157e-04 5.356980e-04 5.701256e-04 6.951236e-04
3.986638e+01 6.015110e-04 5.428815e-04 5.726542e-04 6.889973e-04
3.991838e+01 6.027428e-04 5.499129e-04 5.762329e-04 6.820827e-04
3.997038e+01 6.037306e-04 5.565458e-04 5.804077e-04 6.742383e-04
4.002238e+01 6.042770e-04 5.628054e-04 5.846199e-04 6.654055e-04
4.007438e+01 6.042980e-04 5.689819e-04 5.881763e-04 6.557359e-04
4.012638e+01 6.038201e-04 5.755201e-04 5.902991e-04 6.456410e-04
4.017838e+01 6.029452e-04 5.828353e-04 5.902650e-04 6.357353e-04
4.023038e+01 6.017920e-04 5.911060e-04 5.875833e-04 6.266867e-04
4.028238e+01 6.004248e-04 6.001125e-04 5.821292e-04 6.190328e-04
4.033438e+01 5.987927e-04 6.091852e-04 5.741653e-04 6.130275e-04
4.038638e+01 5.967042e-04 6.173045e-04 5.642404e-04 6.085678e-04
4.043838e+01 5.938618e-04 6.233538e-04 5.530187e-04 6.052128e-04
4.049038e+01 5.899562e-04 6.264622e-04 5.411250e-04 6.022812e-04
4.054238e+01 5.847944e-04 6.263200e-04 5.290747e-04 5.989884e-04
4.059438e+01 5.784093e-04 6.233368e-04 5.173016e-04 5.945894e-04
4.064638e+01 5.711022e-04 6.185621e-04 5.062413e-04 5.885032e-04
4.069838e+01 5.633973e-04 6.133874e-04 4.963987e-04 5.804059e-04
4.075038e+01 5.559267e-04 6.091456e-04 4.883448e-04 5.702896e-04
4.080238e+01 5.492924e-04 6.067643e-04 4.826351e-04 5.584776e-04
4.085438e+01 5.439545e-04 6.065970e-04 4.796846e-04 5.455819e-04
4.090638e+01 5.401734e-04 6.084674e-04 4.796571e-04 5.323956e-04
4.095838e+01 5.380090e-04 6.118743e-04 4.824170e-04 5.197356e-04
4.101038e+01 5.373662e-04 6.162555e-04 4.875627e-04 5.082805e-04
4.106238e+01 5.380702e-04 6.212112e-04 4.945330e-04 4.984662e-04
4.111438e+01 5.399553e-04 6.266279e-04 5.027558e-04 4.904821e-04
4.116638e+01 5.429476e-04 6.326835e-04 5.117944e-04 4.843650e-04
4.121838e+01 5.471120e-04 6.397538e-04 5.214444e-04 4.801378e-04
4.127038e+01 5.526383e-04 6.482539e-04 5.317461e-04 4.779148e-04
4.132238e+01 5.597602e-04 6.584675e-04 5.428989e-04 4.779141e-04
4.137438e+01 5.686312e-04 6.704183e-04 5.551068e-04 4.803685e-04
4.142638e+01 5.792090e-04 6.838345e-04 5.684156e-04 4.853770e-04
4.147838e+01 5.912029e-04 6.982266e-04 5.826151e-04 4.927671e-04
4.153038e+01 6.041112e-04 7.130502e-04 5.972531e-04 5.020304e-04
4.158238e+01 6.173296e-04 7.278805e-04 6.117533e-04 5.123549e-04
4.163438e+01 6.302743e-04 7.425043e-04 6.255741e-04 5.227446e-04
4.168638e+01 6.424637e-04 7.568761e-04 6.383259e-04 5.321890e-04
4.173838e+01 6.535314e-04 7.709542e-04 6.497954e-04 5.398446e-04
4.179038e+01 6.631981e-04 7.845101e-04 6.598892e-04 5.451950e-04
4.184238e+01 6.712500e-04 7.970274e-04 6.685621e-04 5.481605e-04
4.189438e+01 6.775653e-04 8.077699e-04 6.757978e-04 5.491283e-04
4.194638e+01 6.821810e-04 8.160031e-04 6.816602e-04 5.488798e-04
4.199838e+01 6.853491e-04 8.212671e-04 6.863658e-04 5.484144e-04
4.205038e+01 6.875222e-04 8.235600e-04 6.902993e-04 5.487073e-04
4.210238e+01 6.892431e-04 8.233320e-04 6.939309e-04 5.504665e-04
4.215438e+01 6.909762e-04 8.212880e-04 6.976678e-04 5.539729e-04
4.220638e+01 6.929621e-04 8.180998e-04 7.017336e-04 5.590528e-04
4.225838e+01 6.951753e-04 8.141807e-04 7.061611e-04 5.651839e-04
4.231038e+01 6.974121e-04 8.096438e-04 7.109158e-04 5.716766e-04
4.236238e+01 6.994616e-04 8.044729e-04 7.160716e-04 5.778403e-04
4.241438e+01 7.012686e-04 7.988213e-04 7.219186e-04 5.830659e-04
4.246638e+01 7.030024e-04 7.932843e-04 7.289138e-04 5.868093e-04
4.251838e+01 7.049990e-04 7.889916e-04 7.374787e-04 5.885266e-04
4.257038e+01 7.076087e-04 7.874405e-04 7.477415e-04 5.876441e-04
4.262238e+01 7.110264e-04 7.901014e-04 7.593570e-04 5.836208e-04
4.267438e+01 7.151751e-04 7.979271e-04 7.714972e-04 5.761011e-04
4.272638e+01 7.196840e-04 8.109483e-04 7.830173e-04 5.650865e-04
4.277838e+01 7.239575e-04 8.281133e-04 7.927214e-04 5.510377e-04
4.283038e+01 7.273049e-04 8.474469e-04 7.996204e-04 5.348475e-04
4.288238e+01 7.290944e-04 8.664858e-04 8.031057e-04 5.176917e-04
4.293438e+01 7.288954e-04 8.828486e-04 8.030157e-04 5.008218e-04
4.298638e+01 7.265813e-04 8.947521e-04 7.996166e-04 4.853753e-04
4.303838e+01 7.223663e-04 9.013177e-04 7.935320e-04 4.722493e-04
4.309038e+01 7.167578e-04 9.025967e-04 7.856376e-04 4.620391e-04
4.314238e+01 7.104324e-04 8.993515e-04 7.769317e-04 4.550139e-04
4.319438e+01 7.040696e-04 8.927083e-04 7.683930e-04 4.511075e-04
4.324638e+01 6.982010e-04 8.838175e-04 7.608600e-04 4.499256e-04
4.329838e+01 6.931281e-04 8.736231e-04 7.549677e-04 4.507936e-04
4.335038e+01 6.889346e-04 8.627778e-04 7.511590e-04 4.528669e-04
4.340238e+01 6.855723e-04 8.516712e-04 7.497437e-04 4.553020e-04
4.345438e+01 6.829686e-04 8.405070e-04 7.509490e-04 4.574497e-04
4.350638e+01 6.810917e-04 8.293665e-04 7.549034e-04 4.590053e-04
4.355838e+01 6.799424e-04 8.182373e-04 7.615328e-04 4.600571e-04
4.361038e+01 6.794777e-04 8.070276e-04 7.704032e-04 4.610024e-04
4.366238e+01 6.795198e-04 7.956105e-04 7.805898e-04 4.623592e-04
4.371438e+01 6.797117e-04 7.839229e-04 7.906638e-04 4.645484e-04
4.376638e+01 6.795618e-04 7.720902e-04 7.988533e-04 4.677419e-04
4.381838e+01 6.785708e-04 7.605092e-04 8.033631e-04 4.718401e-04
4.387038e+01 6.763885e-04 7.498179e-04 8.027649e-04 4.765827e-04
4.392238e+01 6.729295e-04 7.407403e-04 7.963224e-04 4.817258e-04
4.397438e+01 6.683954e-04 7.338635e-04 7.841341e-04 4.871888e-04
4.402638e+01 6.631992e-04 7.294539e-04 7.670509e-04 4.930927e-04
4.407838e+01 6.578326e-04 7.274023e-04 7.464183e-04 4.996771e-04
4.413038e+01 6.527376e-04 7.273152e-04 7.237568e-04 5.071409e-04
4.418238e+01 6.482272e-04 7.286997e-04 7.004949e-04 5.154870e-04
4.423438e+01 6.444641e-04 7.311421e-04 6.778140e-04 5.244363e-04
4.428638e+01 6.414786e-04 7.344056e-04 6.565953e-04 5.334348e-04
4.433838e+01 6.391934e-04 7.384150e-04 6.374214e-04 5.417439e-04
4.439038e+01 6.374429e-04 7.431574e-04 6.205896e-04 5.485817e-04
4.444238e+01 6.359873e-04 7.485482e-04 6.061287e-04 5.532850e-04
4.449438e+01 6.345370e-04 7.543126e-04 5.938388e-04 5.554597e-04
4.454638e+01 6.327924e-04 7.599189e-04 5.833720e-04 5.550863e-04
4.459838e+01 6.304907e-04 7.645807e-04 5.743471e-04 5.525441e-04
4.465038e+01 6.274460e-04 7.673400e-04 5.664620e-04 5.485361e-04
4.470238e+01 6.235708e-04 7.672229e-04 5.595601e-04 5.439292e-04
4.475438e+01 6.188754e-04 7.634448e-04 5.536239e-04 5.395574e-04
4.480638e+01 6.134554e-04 7.556129e-04 5.487026e-04 5.360506e-04
4.485838e+01 6.074714e-04 7.438661e-04 5.448111e-04 5.337368e-04
4.491038e+01 6.011272e-04 7.289015e-04 5.418481e-04 5.326319e-04
4.496238e+01 5.946474e-04 7.118734e-04 5.395702e-04 5.324985e-04
4.501438e+01 5.882570e-04 6.941920e-04 5.376344e-04 5.329447e-04
4.506638e+01 5.821666e-04 6.772798e-04 5.356859e-04 5.335340e-04
4.511838e+01 5.765655e-04 6.623534e-04 5.334546e-04 5.338883e-04
4.517038e+01 5.716219e-04 6.502801e-04 5.308158e-04 5.337697e-04
4.522238e+01 5.674847e-04 6.415351e-04 5.277956e-04 5.331235e-04
4.527438e+01 5.642826e-04 6.362511e-04 5.245251e-04 5.320715e-04
4.532638e+01 5.621183e-04 6.343288e-04 5.211710e-04 5.308549e-04
4.537838e+01 5.610571e-04 6.355531e-04 5.178715e-04 5.297468e-04
4.543038e+01 5.611106e-04 6.396624e-04 5.147015e-04 5.289679e-04
4.548238e+01 5.622141e-04 6.463353e-04 5.116692e-04 5.286377e-04
4.553438e+01 5.642024e-04 6.550980e-04 5.087373e-04 5.287719e-04
4.558638e+01 5.667895e-04 6.652064e-04 5.058499e-04 5.293121e-04
4.563838e+01 5.695621e-04 6.755788e-04 5.029500e-04 5.301574e-04
4.569038e+01 5.720012e-04 6.848525e-04 4.999799e-04 5.311712e-04
4.574238e+01 5.735380e-04 6.915840e-04 4.968709e-04 5.321591e-04
4.579438e+01 5.736425e-04 6.945517e-04 4.935410e-04 5.328349e-04
4.584638e+01 5.719257e-04 6.930598e-04 4.899129e-04 5.328045e-04
4.589838e+01 5.682249e-04 6.871308e-04 4.859538e-04 5.315902e-04
4.595038e+01 5.626389e-04 6.775055e-04 4.817125e-04 5.286986e-04
4.600238e+01 5.554967e-04 6.654447e-04 4.773261e-04 5.237194e-04
4.605438e+01 5.472708e-04 6.524018e-04 4.729828e-04 5.164277e-04
4.610638e+01 5.384680e-04 6.396851e-04 4.688561e-04 5.068628e-04
4.615838e+01 5.295409e-04 6.282244e-04 4.650422e-04 4.953561e-04
4.621038e+01 5.208421e-04 6.184998e-04 4.615341e-04 4.824924e-04
4.626238e+01 5.126229e-04 6.106197e-04 4.582419e-04 4.690071e-04
4.631438e+01 5.050519e-04 6.044720e-04 4.550427e-04 4.556410e-04
4.636638e+01 4.982310e-04 5.998620e-04 4.518341e-04 4.429970e-04
4.641838e+01 4.921943e-04 5.965764e-04 4.485635e-04 4.314429e-04
4.647038e+01 4.868993e-04 5.943757e-04 4.452274e-04 4.210946e-04
4.652238e+01 4.822269e-04 5.929574e-04 4.418444e-04 4.118789e-04
4.657438e+01 4.780027e-04 5.919462e-04 4.384182e-04 4.036436e-04
4.662638e+01 4.740362e-04 5.909372e-04 4.349076e-04 3.962638e-04
4.667838e+01 4.701628e-04 5.895759e-04 4.312143e-04 3.896981e-04
4.673038e+01 4.662696e-04 5.876341e-04 4.271973e-04 3.839776e-04
4.678238e+01 4.623017e-04 5.850460e-04 4.227129e-04 3.791462e-04
4.683438e+01 4.582582e-04 5.819025e-04 4.176748e-04 3.751971e-04
4.688638e+01 4.541984e-04 5.784258e-04 4.121230e-04 3.720465e-04
4.693838e+01 4.502640e-04 5.749486e-04 4.062791e-04 3.695644e-04
4.699038e+01 4.467051e-04 5.719004e-04 4.005683e-04 3.676468e-04
4.704238e+01 4.438828e-04 5.697749e-04 3.955857e-04 3.662878e-04
4.709438e+01 4.422236e-04 5.690518e-04 3.920051e-04 3.656140e-04
4.714638e+01 4.421240e-04 5.700724e-04 3.904416e-04 3.658580e-04
4.719838e+01 4.438323e-04 5.729076e-04 3.913076e-04 3.672816e-04
4.725038e+01 4.473519e-04 5.772812e-04 3.947014e-04 3.700732e-04
4.730238e+01 4.524069e-04 5.826003e-04 4.003651e-04 3.742552e-04
4.735438e+01 4.584842e-04 5.881016e-04 4.077242e-04 3.796269e-04
4.740638e+01 4.649403e-04 5.930670e-04 4.159968e-04 3.857572e-04
4.745838e+01 4.711320e-04 5.970265e-04 4.243388e-04 3.920308e-04
4.751038e+01 4.765307e-04 5.998673e-04 4.319869e-04 3.977377e-04
4.756238e+01 4.807877e-04 6.018085e-04 4.383660e-04 4.021885e-04
4.761438e+01 4.837431e-04 6.032521e-04 4.431470e-04 4.048301e-04
4.766638e+01 4.853896e-04 6.045697e-04 4.462617e-04 4.053374e-04
4.771838e+01 4.858172e-04 6.059013e-04 4.478910e-04 4.036594e-04
4.777038e+01 4.851636e-04 6.070358e-04 4.484418e-04 4.000132e-04
4.782238e+01 4.835861e-04 6.074182e-04 4.485103e-04 3.948299e-04
4.787438e+01 4.812554e-04 6.062868e-04 4.488157e-04 3.886638e-04
4.792638e+01 4.783583e-04 6.028993e-04 4.500910e-04 3.820847e-04
4.797838e+01 4.750951e-04 5.967751e-04 4.529381e-04 3.755723e-04
4.803038e+01 4.716627e-04 5.878637e-04 4.576857e-04 3.694387e-04
4.808238e+01 4.682245e-04 5.765784e-04 4.642989e-04 3.637962e-04
4.813438e+01 4.648791e-04 5.636819e-04 4.723754e-04 3.585800e-04
4.818638e+01 4.616388e-04 5.500776e-04 4.812228e-04 3.536160e-04
4.823838e+01 4.584273e-04 5.365938e-04 4.899788e-04 3.487092e-04
4.829038e+01 4.550990e-04 5.238486e-04 4.977276e-04 3.437209e-04
4.834238e+01 4.514798e-04 5.122349e-04 5.035877e-04 3.386168e-04
4.839438e+01 4.474226e-04 5.020035e-04 5.067837e-04 3.334807e-04
4.844638e+01 4.428679e-04 4.933761e-04 5.067231e-04 3.285046e-04
4.849838e+01 4.378887e-04 4.866109e-04 5.030871e-04 3.239681e-04
4.855038e+01 4.327003e-04 4.819823e-04 4.959098e-04 3.202086e-04
4.860238e+01 4.276223e-04 4.796875e-04 4.855986e-04 3.175808e-04
4.865438e+01 4.229991e-04 4.797321e-04 4.728646e-04 3.164005e-04
4.870638e+01 4.191040e-04 4.818566e-04 4.585748e-04 3.168806e-04
4.875838e+01 4.160651e-04 4.855393e-04 4.435786e-04 3.190775e-04
4.881038e+01 4.138401e-04 4.900701e-04 4.285791e-04 3.228711e-04
4.886238e+01 4.122505e-04 4.946693e-04 4.140920e-04 3.279903e-04
4.891438e+01 4.110599e-04 4.986117e-04 4.004887e-04 3.340794e-04
4.896638e+01 4.100653e-04 5.013328e-04 3.880787e-04 3.407843e-04
4.901838e+01 4.091689e-04 5.025042e-04 3.771733e-04 3.478291e-04
4.907038e+01 4.084089e-04 5.020687e-04 3.680952e-04 3.550628e-04
4.912238e+01 4.079423e-04 5.002264e-04 3.611361e-04 3.624645e-04
4.917438e+01 4.079905e-04 4.973685e-04 3.564913e-04 3.701117e-04
4.922638e+01 4.087687e-04 4.939708e-04 3.542116e-04 3.781236e-04
4.927838e+01 4.104218e-04 4.904808e-04 3.541919e-04 3.865928e-04
4.933038e+01 4.129860e-04 4.872389e-04 3.561951e-04 3.955241e-04
4.938238e+01 4.163824e-04 4.844585e-04 3.598937e-04 4.047949e-04
4.943438e+01 4.204406e-04 4.822587e-04 3.649109e-04 4.141523e-04
4.948638e+01 4.249411e-04 4.807148e-04 3.708559e-04 4.232526e-04
4.953838e+01 4.296599e-04 4.798920e-04 3.773522e-04 4.317357e-04
4.959038e+01 4.344067e-04 4.798419e-04 3.840625e-04 4.393158e-04
4.964238e+01 4.390466e-04 4.805764e-04 3.907037e-04 4.458598e-04
4.969438e+01 4.435055e-04 4.820434e-04 3.970464e-04 4.514265e-04
4.974638e+01 4.477587e-04 4.841302e-04 4.028973e-04 4.562484e-04
4.979838e+01 4.518077e-04 4.866975e-04 4.080720e-04 4.606538e-04
4.985038e+01 4.556486e-04 4.896283e-04 4.123755e-04 4.649419e-04
4.990238e+01 4.592394e-04 4.928653e-04 4.156051e-04 4.692478e-04
4.995438e+01 4.624806e-04 4.964165e-04 4.175812e-04 4.734442e-04
5.000638e+01 4.652210e-04 5.003271e-04 4.182045e-04 4.771315e-04
5.005838e+01 4.672986e-04 5.046338e-04 4.175242e-04 4.797379e-04
5.011038e+01 4.686087e-04 5.093237e-04 4.157931e-04 4.807092e-04
5.016238e+01 4.691745e-04 5.143189e-04 4.134822e-04 4.797224e-04
5.021438e+01 4.691861e-04 5.194909e-04 4.112309e-04 4.768366e-04
5.026638e+01 4.689826e-04 5.246937e-04 4.097309e-04 4.725233e-04
5.031838e+01 4.689768e-04 5.297952e-04 4.095709e-04 4.675643e-04
5.037038e+01 4.695494e-04 5.346894e-04 4.110963e-04 4.628624e-04
5.042238e+01 4.709534e-04 5.392883e-04 4.143392e-04 4.592326e-04
5.047438e+01 4.732645e-04 5.435069e-04 4.190474e-04 4.572392e-04
5.052638e+01 4.763889e-04 5.472582e-04 4.247937e-04 4.571146e-04
5.057838e+01 4.801145e-04 5.504654e-04 4.311142e-04 4.587641e-04
5.063038e+01 4.841768e-04 5.530765e-04 4.376179e-04 4.618360e-04
5.068238e+01 4.883085e-04 5.550597e-04 4.440398e-04 4.658259e-04
5.073438e+01 4.922638e-04 5.563641e-04 4.502453e-04 4.701819e-04
5.078638e+01 4.958218e-04 5.568622e-04 4.562163e-04 4.743868e-04
5.083838e+01 4.987855e-04 5.563123e-04 4.620347e-04 4.780095e-04
5.089038e+01 5.009907e-04 5.543822e-04 4.678622e-04 4.807276e-04
5.094238e+01 5.023277e-04 5.507460e-04 4.738991e-04 4.823380e-04
5.099438e+01 5.027712e-04 5.452260e-04 4.803204e-04 4.827672e-04
5.104638e+01 5.024071e-04 5.379223e-04 4.872093e-04 4.820897e-04
5.109838e+01 5.014479e-04 5.292727e-04 4.945226e-04 4.805483e-04
5.115038e+01 5.002246e-04 5.200154e-04 5.021028e-04 4.785557e-04
5.120238e+01 4.991485e-04 5.110612e-04 5.097287e-04 4.766556e-04
5.125438e+01 4.986355e-04 5.033133e-04 5.171665e-04 4.754268e-04
5.130638e+01 4.990052e-04 4.974801e-04 5.241961e-04 4.753394e-04
5.135838e+01 5.003807e-04 4.939262e-04 5.306115e-04 4.766043e-04
5.141038e+01 5.026305e-04 4.925956e-04 5.362224e-04 4.790735e-04
5.146238e+01 5.053866e-04 4.930308e-04 5.408845e-04 4.822446e-04
5.151438e+01 5.081432e-04 4.944904e-04 5.445569e-04 4.853821e-04
5.156638e+01 5.104038e-04 4.961407e-04 5.473533e-04 4.877175e-04
5.161838e+01 5.118192e-04 4.972669e-04 5.495418e-04 4.886489e-04
5.167038e+01 5.122592e-04 4.974401e-04 5.514761e-04 4.878614e-04
5.172238e+01 5.117984e-04 4.965852e-04 5.534815e-04 4.853285e-04
5.177438e+01 5.106345e-04 4.949358e-04 5.557559e-04 4.812118e-04
5.182638e+01 5.089891e-04 4.929025e-04 5.583377e-04 4.757272e-04
5.187838e+01 5.070402e-04 4.909148e-04 5.611543e-04 4.690515e-04
5.193038e+01 5.049093e-04 4.892954e-04 5.641188e-04 4.613136e-04
5.198238e+01 5.026950e-04 4.882060e-04 5.672159e-04 4.526633e-04
5.203438e+01 5.005221e-04 4.876688e-04 5.705304e-04 4.433670e-04
5.208638e+01 4.985745e-04 4.876391e-04 5.742106e-04 4.338739e-04
5.213838e+01 4.970977e-04 4.880890e-04 5.783938e-04 4.248104e-04
5.219038e+01 4.963691e-04 4.890638e-04 5.831409e-04 4.169025e-04
5.224238e+01 4.966480e-04 4.906855e-04 5.884106e-04 4.108480e-04
5.229438e+01 4.981183e-04 4.930994e-04 5.940769e-04 4.071787e-04
5.234638e+01 5.008323e-04 4.963839e-04 5.999658e-04 4.061471e-04
5.239838e+01 5.046704e-04 5.004611e-04 6.058834e-04 4.076668e-04
5.245038e+01 5.093292e-04 5.050466e-04 6.116178e-04 4.113230e-04
5.250238e+01 5.143475e-04 5.096628e-04 6.169221e-04 4.164575e-04
5.255438e+01 5.191730e-04 5.137105e-04 6.214981e-04 4.223105e-04
5.260638e+01 5.232551e-04 5.165760e-04 6.250042e-04 4.281852e-04
5.265838e+01 5.261416e-04 5.177374e-04 6.270987e-04 4.335888e-04
5.271038e+01 5.275575e-04 5.168516e-04 6.275101e-04 4.383107e-04
5.276238e+01 5.274470e-04 5.138092e-04 6.261131e-04 4.424185e-04
5.281438e+01 5.259700e-04 5.087525e-04 6.229778e-04 4.461798e-04
5.286638e+01 5.234521e-04 5.020486e-04 6.183692e-04 4.499385e-04
5.291838e+01 5.202938e-04 4.942093e-04 6.126898e-04 4.539824e-04
5.297038e+01 5.168591e-04 4.857637e-04 6.063762e-04 4.584373e-04
5.302238e+01 5.133694e-04 4.771181e-04 5.997760e-04 4.632141e-04
5.307438e+01 5.098367e-04 4.684520e-04 5.930405e-04 4.680175e-04
5.312638e+01 5.060565e-04 4.596961e-04 5.860645e-04 4.724090e-04
5.317838e+01 5.016675e-04 4.506015e-04 5.785007e-04 4.759002e-04
5.323038e+01 4.962597e-04 4.408712e-04 5.698580e-04 4.780498e-04
5.328238e+01 4.895009e-04 4.302958e-04 5.596664e-04 4.785407e-04
5.333438e+01 4.812464e-04 4.188432e-04 5.476679e-04 4.772280e-04
5.338638e+01 4.716005e-04 4.066784e-04 5.339678e-04 4.741551e-04
5.343838e+01 4.609138e-04 3.941191e-04 5.190860e-04 4.695362e-04
5.349038e+01 4.497112e-04 3.815547e-04 5.038738e-04 4.637052e-04
5.354238e+01 4.385689e-04 3.693589e-04 4.893119e-04 4.570359e-04
5.359438e+01 4.279749e-04 3.578184e-04 4.762522e-04 4.498539e-04
5.364638e+01 4.182194e-04 3.470910e-04 4.651944e-04 4.423729e-04
5.369838e+01 4.093513e-04 3.371968e-04 4.561727e-04 4.346844e-04
5.375038e+01 4.012104e-04 3.280396e-04 4.487857e-04 4.268060e-04
5.380238e+01 3.935164e-04 3.194472e-04 4.423431e-04 4.187587e-04
5.385438e+01 3.859713e-04 3.112203e-04 4.360669e-04 4.106268e-04
5.390638e+01 3.783393e-04 3.031816e-04 4.292753e-04 4.025609e-04
5.395838e+01 3.704803e-04 2.952172e-04 4.215026e-04 3.947211e-04
5.401038e+01 3.623452e-04 2.873053e-04 4.125395e-04 3.871909e-04
5.406238e+01 3.539476e-04 2.795224e-04 4.024075e-04 3.799130e-04
5.411438e+01 3.453335e-04 2.720218e-04 3.912955e-04 3.726833e-04
5.416638e+01 3.365603e-04 2.649840e-04 3.794875e-04 3.652093e-04
5.421838e+01 3.276881e-04 2.585519e-04 3.673045e-04 3.572080e-04
5.427038e+01 3.187819e-04 2.527711e-04 3.550707e-04 3.485039e-04
5.432238e+01 3.099179e-04 2.475582e-04 3.431034e-04 3.390922e-04
5.437438e+01 3.011905e-04 2.427083e-04 3.317110e-04 3.291521e-04
5.442638e+01 2.927139e-04 2.379429e-04 3.211838e-04 3.190149e-04
5.447838e+01 2.846175e-04 2.329830e-04 3.117664e-04 3.091031e-04
5.453038e+01 2.770330e-04 2.276255e-04 3.036135e-04 2.998600e-04
5.458238e+01 2.700757e-04 2.217989e-04 2.967441e-04 2.916842e-04
5.463438e+01 2.638241e-04 2.155809e-04 2.910157e-04 2.848757e-04
5.468638e+01 2.583006e-04 2.091745e-04 2.861327e-04 2.795945e-04
5.473838e+01 2.534603e-04 2.028523e-04 2.816956e-04 2.758330e-04
5.479038e+01 2.491939e-04 1.968900e-04 2.772838e-04 2.734078e-04
5.484238e+01 2.453456e-04 1.915079e-04 2.725506e-04 2.719782e-04
5.489438e+01 2.417452e-04 1.868311e-04 2.673041e-04 2.711005e-04
5.494638e+01 2.382443e-04 1.828726e-04 2.615463e-04 2.703141e-04
5.499838e+01 2.347448e-04 1.795377e-04 2.554537e-04 2.692432e-04
5.505038e+01 2.312114e-04 1.766489e-04 2.493035e-04 2.676817e-04
5.510238e+01 2.276642e-04 1.739891e-04 2.433720e-04 2.656315e-04
5.515438e+01 2.241575e-04 1.713552e-04 2.378431e-04 2.632742e-04
5.520638e+01 2.207515e-04 1.686095e-04 2.327604e-04 2.608845e-04
5.525838e+01 2.174886e-04 1.657119e-04 2.280350e-04 2.587189e-04
5.531038e+01 2.143804e-04 1.627235e-04 2.234956e-04 2.569221e-04
5.536238e+01 2.114088e-04 1.597832e-04 2.189560e-04 2.554873e-04
5.541438e+01 2.085374e-04 1.570665e-04 2.142697e-04 2.542760e-04
5.546638e+01 2.057266e-04 1.547398e-04 2.093607e-04 2.530792e-04
5.551838e+01 2.029428e-04 1.529195e-04 2.042258e-04 2.516832e-04
5.557038e+01 2.001577e-04 1.516426e-04 1.989196e-04 2.499109e-04
5.562238e+01 1.973364e-04 1.508498e-04 1.935303e-04 2.476290e-04
5.567438e+01 1.944251e-04 1.503885e-04 1.881541e-04 2.447327e-04
5.572638e+01 1.913455e-04 1.500351e-04 1.828739e-04 2.411274e-04
5.577838e+01 1.880037e-04 1.495360e-04 1.777467e-04 2.367283e-04
5.583038e+01 1.843113e-04 1.486575e-04 1.728000e-04 2.314764e-04
5.588238e+01 1.802107e-04 1.472309e-04 1.680357e-04 2.253656e-04
5.593438e+01 1.756923e-04 1.451793e-04 1.634359e-04 2.184618e-04
5.598638e+01 1.707962e-04 1.425205e-04 1.589655e-04 2.109028e-04
5.603838e+01 1.655976e-04 1.393485e-04 1.545704e-04 2.028741e-04
5.609038e+01 1.601834e-04 1.358032e-04 1.501760e-04 1.945712e-04
5.614238e+01 1.546309e-04 1.320400e-04 1.456914e-04 1.861615e-04
5.619438e+01 1.489971e-04 1.282039e-04 1.410239e-04 1.777635e-04
5.624638e+01 1.433202e-04 1.244125e-04 1.361008e-04 1.694474e-04
5.629838e+01 1.376287e-04 1.207425e-04 1.308908e-04 1.612526e-04
5.635038e+01 1.319484e-04 1.172218e-04 1.254165e-04 1.532069e-04
5.640238e+01 1.263043e-04 1.138262e-04 1.197501e-04 1.453367e-04
5.645438e+01 1.207157e-04 1.104862e-04 1.139966e-04 1.376645e-04
5.650638e+01 1.151921e-04 1.071038e-04 1.082701e-04 1.302025e-04
5.655838e+01 1.097350e-04 1.035785e-04 1.026751e-04 1.229514e-04
5.661038e+01 1.043471e-04 9.983364e-05 9.729798e-05 1.159095e-04
5.666238e+01 9.904236e-05 9.583288e-05 9.221019e-05 1.090840e-04
5.671438e+01 9.384862e-05 9.158089e-05 8.747282e-05 1.024922e-04
5.676638e+01 8.879512e-05 8.710588e-05 8.313354e-05 9.614594e-05
5.681838e+01 8.388770e-05 8.243152e-05 7.920864e-05 9.002294e-05
5.687038e+01 7.908119e-05 7.755040e-05 7.565272e-05 8.404045e-05
5.692238e+01 7.426397e-05 7.241165e-05 7.232959e-05 7.805068e-05
5.697438e+01 6.926729e-05 6.693103e-05 6.900329e-05 7.186755e-05
5.702638e+01 6.390268e-05 6.102273e-05 6.536498e-05 6.532034e-05
5.707838e+01 5.801957e-05 5.464382e-05 6.109886e-05 5.831604e-05
5.713038e+01 5.156455e-05 4.783550e-05 5.597165e-05 5.088651e-05
5.718238e+01 4.462075e-05 4.074507e-05 4.991564e-05 4.320153e-05
5.723438e+01 3.741074e-05 3.361787e-05 4.307261e-05 3.554174e-05
5.728638e+01 3.025902e-05 2.675888e-05 3.577781e-05 2.824038e-05
5.733838e+01 2.352485e-05 2.047472e-05 2.848663e-05 2.161320e-05
5.739038e+01 1.752700e-05 1.501408e-05 2.166880e-05 1.589812e-05
5.744238e+01 1.248378e-05 1.052475e-05 1.570643e-05 1.122016e-05
5.749438e+01 8.484150e-06 7.038214e-06 1.082732e-05 7.586915e-06
5.754638e+01 5.493376e-06 4.482692e-06 7.088118e-06 4.909319e-06
5.759838e+01 3.384753e-06 2.715729e-06 4.401880e-06 3.036650e-06
5.765038e+01 1.982752e-06 1.563442e-06 2.591187e-06 1.793625e-06
5.770238e+01 1.103418e-06 8.546889e-07 1.444977e-06 1.010588e-06
5.775438e+01 5.830040e-07 4.434335e-07 7.630225e-07 5.425560e-07
5.780638e+01 2.922960e-07 2.182541e-07 3.814031e-07 2.772309e-07
5.785838e+01 1.389840e-07 1.018734e-07 1.804184e-07 1.346603e-07
5.791038e+01 6.264195e-08 4.508015e-08 8.074506e-08 6.210064e-08
5.796238e+01 2.674713e-08 1.890552e-08 3.418014e-08 2.715573e-08
5.801438e+01 1.081269e-08 7.511032e-09 1.368124e-08 1.124579e-08
5.806638e+01 4.135668e-09 2.825620e-09 5.176342e-09 4.405042e-09
5.811838e+01 1.495545e-09 1.005959e-09 1.850507e-09 1.630169e-09
5.817038e+01 5.109266e-10 3.386924e-10 6.247786e-10 5.693088e-10
5.822238e+01 1.647632e-10 1.077484e-10 1.991140e-10 1.874271e-10
5.827438e+01 5.009994e-11 3.235234e-11 5.984697e-11 5.810051e-11
5.832638e+01 1.433251e-11 9.148240e-12 1.692893e-11 1.692036e-11
5.837838e+01 3.841535e-12 2.414746e-12 4.490528e-12 4.619330e-12
5.843038e+01 9.461583e-13 5.806619e-13 1.085301e-12 1.172511e-12
5.848238e+01 2.114311e-13 1.257481e-13 2.377311e-13 2.708141e-13
5.853438e+01 4.332046e-14 2.592870e-14 4.632198e-14 5.771071e-14
5.858638e+01 7.181989e-15 4.312946e-15 7.618222e-15 9.614800e-15
5.863838e+01 0.000000e+00 0.000000e+00 0.000000e+00 0.000000e+00
5.869038e+01 0.000000e+00 0.000000e+00 0.000000e+00 0.000000e+00
5.874238e+01 0.000000e+00 0.000000e+00 0.000000e+00 0.000000e+00
5.879438e+01 0.000000e+00 0.000000e+00 0.000000e+00 0.000000e+00
5.884638e+01 0.000000e+00 0.000000e+00 0.000000e+00 0.000000e+00
5.889838e+01 0.000000e+00 0.000000e+00 0.000000e+00 0.000000e+00
5.895038e+01 0.000000e+00 0.000000e+00 0.000000e+00 0.000000e+00
5.900238e+01 0.000000e+00 0.000000e+00 0.000000e+00 0.000000e+00
5.905438e+01 0.000000e+00 0.000000e+00 0.000000e+00 0.000000e+00
