7.329177e+00 0.000000e+00 0.000000e+00 0.000000e+00 0.000000e+00
7.378148e+00 0.000000e+00 0.000000e+00 0.000000e+00 0.000000e+00
7.427118e+00 0.000000e+00 0.000000e+00 0.000000e+00 0.000000e+00
7.476089e+00 0.000000e+00 0.000000e+00 0.000000e+00 0.000000e+00
7.525060e+00 0.000000e+00 0.000000e+00 0.000000e+00 0.000000e+00
7.574030e+00 0.000000e+00 0.000000e+00 0.000000e+00 0.000000e+00
7.623001e+00 0.000000e+00 0.000000e+00 0.000000e+00 0.000000e+00
7.671971e+00 0.000000e+00 0.000000e+00 0.000000e+00 0.000000e+00
7.720942e+00 0.000000e+00 0.000000e+00 0.000000e+00 0.000000e+00
7.769913e+00 0.000000e+00 0.000000e+00 0.000000e+00 0.000000e+00
7.818883e+00 0.000000e+00 0.000000e+00 0.000000e+00 0.000000e+00
7.867854e+00 0.000000e+00 0.000000e+00 0.000000e+00 0.000000e+00
7.916824e+00 0.000000e+00 0.000000e+00 0.000000e+00 0.000000e+00
7.965795e+00 0.000000e+00 0.000000e+00 0.000000e+00 0.000000e+00
8.014766e+00 0.000000e+00 0.000000e+00 0.000000e+00 0.000000e+00
8.063736e+00 0.000000e+00 0.000000e+00 0.000000e+00 0.000000e+00
8.112707e+00 0.000000e+00 0.000000e+00 0.000000e+00 0.000000e+00
8.161677e+00 0.000000e+00 0.000000e+00 0.000000e+00 0.000000e+00
8.210648e+00 0.000000e+00 0.000000e+00 0.000000e+00 0.000000e+00
8.259619e+00 0.000000e+00 0.000000e+00 0.000000e+00 0.000000e+00
8.308589e+00 0.000000e+00 0.000000e+00 0.000000e+00 0.000000e+00
8.357560e+00 0.000000e+00 0.000000e+00 0.000000e+00 0.000000e+00
8.406530e+00 0.000000e+00 0.000000e+00 0.000000e+00 0.000000e+00
8.455501e+00 0.000000e+00 0.000000e+00 0.000000e+00 0.000000e+00
8.504472e+00 0.000000e+00 0.000000e+00 0.000000e+00 0.000000e+00
8.553442e+00 0.000000e+00 0.000000e+00 0.000000e+00 0.000000e+00
8.602413e+00 0.000000e+00 0.000000e+00 0.000000e+00 0.000000e+00
8.651383e+00 0.000000e+00 0.000000e+00 0.000000e+00 0.000000e+00
8.700354e+00 0.000000e+00 0.000000e+00 0.000000e+00 0.000000e+00
8.749325e+00 0.000000e+00 0.000000e+00 0.000000e+00 0.000000e+00
8.798295e+00 0.000000e+00 0.000000e+00 0.000000e+00 0.000000e+00
8.847266e+00 0.000000e+00 0.000000e+00 0.000000e+00 0.000000e+00
8.896236e+00 0.000000e+00 0.000000e+00 0.000000e+00 0.000000e+00
8.945207e+00 0.000000e+00 0.000000e+00 0.000000e+00 0.000000e+00
8.994178e+00 0.000000e+00 0.000000e+00 0.000000e+00 0.000000e+00
9.043148e+00 0.000000e+00 0.000000e+00 0.000000e+00 0.000000e+00
9.092119e+00 0.000000e+00 0.000000e+00 0.000000e+00 0.000000e+00
9.141089e+00 0.000000e+00 0.000000e+00 0.000000e+00 0.000000e+00
9.190060e+00 0.000000e+00 0.000000e+00 0.000000e+00 0.000000e+00
9.239031e+00 0.000000e+00 0.000000e+00 0.000000e+00 0.000000e+00
9.288001e+00 0.000000e+00 0.000000e+00 0.000000e+00 0.000000e+00
9.336972e+00 0.000000e+00 0.000000e+00 0.000000e+00 0.000000e+00
9.385942e+00 0.000000e+00 0.000000e+00 0.000000e+00 0.000000e+00
9.434913e+00 0.000000e+00 0.000000e+00 0.000000e+00 0.000000e+00
9.483884e+00 0.000000e+00 0.000000e+00 0.000000e+00 0.000000e+00
9.532854e+00 0.000000e+00 0.000000e+00 0.000000e+00 0.000000e+00
9.581825e+00 0.000000e+00 0.000000e+00 0.000000e+00 0.000000e+00
9.630795e+00 0.000000e+00 0.000000e+00 0.000000e+00 0.000000e+00
9.679766e+00 0.000000e+00 0.000000e+00 0.000000e+00 0.000000e+00
9.728737e+00 0.000000e+00 0.000000e+00 0.000000e+00 0.000000e+00
9.777707e+00 0.000000e+00 0.000000e+00 0.000000e+00 0.000000e+00
9.826678e+00 0.000000e+00 0.000000e+00 0.000000e+00 0.000000e+00
9.875648e+00 0.000000e+00 0.000000e+00 0.000000e+00 0.000000e+00
9.924619e+00 0.000000e+00 0.000000e+00 0.000000e+00 0.000000e+00
9.973590e+00 0.000000e+00 0.000000e+00 0.000000e+00 0.000000e+00
1.002256e+01 0.000000e+00 0.000000e+00 0.000000e+00 0.000000e+00
1.007153e+01 0.000000e+00 0.000000e+00 0.000000e+00 0.000000e+00
1.012050e+01 0.000000e+00 0.000000e+00 0.000000e+00 0.000000e+00
1.016947e+01 0.000000e+00 0.000000e+00 0.000000e+00 0.000000e+00
1.021844e+01 0.000000e+00 0.000000e+00 0.000000e+00 0.000000e+00
1.026741e+01 0.000000e+00 0.000000e+00 0.000000e+00 0.000000e+00
1.031638e+01 0.000000e+00 0.000000e+00 0.000000e+00 0.000000e+00
1.036535e+01 0.000000e+00 0.000000e+00 0.000000e+00 0.000000e+00
1.041432e+01 0.000000e+00 0.000000e+00 0.000000e+00 0.000000e+00
1.046330e+01 0.000000e+00 0.000000e+00 0.000000e+00 0.000000e+00
1.051227e+01 0.000000e+00 0.000000e+00 0.000000e+00 0.000000e+00
1.056124e+01 0.000000e+00 0.000000e+00 0.000000e+00 0.000000e+00
1.061021e+01 0.000000e+00 0.000000e+00 0.000000e+00 0.000000e+00
1.065918e+01 0.000000e+00 0.000000e+00 0.000000e+00 0.000000e+00
1.070815e+01 0.000000e+00 0.000000e+00 0.000000e+00 0.000000e+00
1.075712e+01 0.000000e+00 0.000000e+00 0.000000e+00 0.000000e+00
1.080609e+01 0.000000e+00 0.000000e+00 0.000000e+00 0.000000e+00
1.085506e+01 0.000000e+00 0.000000e+00 0.000000e+00 0.000000e+00
1.090403e+01 0.000000e+00 0.000000e+00 0.000000e+00 0.000000e+00
1.095300e+01 0.000000e+00 0.000000e+00 0.000000e+00 0.000000e+00
1.100197e+01 0.000000e+00 0.000000e+00 0.000000e+00 0.000000e+00
1.105094e+01 0.000000e+00 0.000000e+00 0.000000e+00 0.000000e+00
1.109991e+01 0.000000e+00 0.000000e+00 0.000000e+00 0.000000e+00
1.114888e+01 0.000000e+00 0.000000e+00 0.000000e+00 0.000000e+00
1.119785e+01 1.153161e-13 1.687668e-13 1.180669e-13 5.911455e-14
1.124683e+01 1.027772e-12 1.479239e-12 1.055008e-12 5.490705e-13
1.129580e+01 5.298789e-12 7.571670e-12 5.445190e-12 2.879506e-12
1.134477e+01 2.175334e-11 3.101560e-11 2.236092e-11 1.188349e-11
1.139374e+01 8.436102e-11 1.200278e-10 8.677312e-11 4.628211e-11
1.144271e+01 3.043706e-10 4.321890e-10 3.133460e-10 1.675767e-10
1.149168e+01 1.019520e-09 1.445716e-09 1.049996e-09 5.628468e-10
1.154065e+01 3.237640e-09 4.584878e-09 3.335842e-09 1.792198e-09
1.158962e+01 9.751674e-09 1.379075e-08 1.005209e-08 5.412176e-09
1.163859e+01 2.786926e-08 3.935898e-08 2.874215e-08 1.550665e-08
1.168756e+01 7.560322e-08 1.066278e-07 7.801313e-08 4.216868e-08
1.173653e+01 1.947540e-07 2.743051e-07 2.010781e-07 1.088788e-07
1.178550e+01 4.765511e-07 6.703198e-07 4.923295e-07 2.670039e-07
1.183447e+01 1.107980e-06 1.556470e-06 1.145415e-06 6.220552e-07
1.188344e+01 2.448198e-06 3.434831e-06 2.532661e-06 1.377100e-06
1.193241e+01 5.141743e-06 7.205040e-06 5.322968e-06 2.897220e-06
1.198138e+01 1.026459e-05 1.436661e-05 1.063430e-05 5.792859e-06
1.203035e+01 1.947675e-05 2.722939e-05 2.019368e-05 1.100719e-05
1.207933e+01 3.512127e-05 4.904831e-05 3.644228e-05 1.987321e-05
1.212830e+01 6.017243e-05 8.394775e-05 6.248430e-05 3.408524e-05
1.217727e+01 9.791713e-05 1.364752e-04 1.017580e-04 5.551820e-05
1.222624e+01 1.512807e-04 2.106632e-04 1.573348e-04 8.584408e-05
1.227521e+01 2.218090e-04 3.086174e-04 2.308580e-04 1.259517e-04
1.232418e+01 3.084869e-04 4.288834e-04 3.213047e-04 1.752725e-04
1.237315e+01 4.067595e-04 5.651008e-04 4.239567e-04 2.312210e-04
1.242212e+01 5.082314e-04 7.055998e-04 5.300733e-04 2.890211e-04
1.247109e+01 6.014364e-04 8.344818e-04 6.276842e-04 3.421430e-04
1.252006e+01 6.737694e-04 9.343048e-04 7.035999e-04 3.834036e-04
1.256903e+01 7.142102e-04 9.898538e-04 7.462580e-04 4.065187e-04
1.261800e+01 7.160569e-04 9.919155e-04 7.485906e-04 4.076647e-04
1.266697e+01 6.787465e-04 9.397753e-04 7.099418e-04 3.865224e-04
1.271594e+01 6.080874e-04 8.415097e-04 6.363286e-04 3.464238e-04
1.276491e+01 5.148021e-04 7.119306e-04 5.389272e-04 2.935485e-04
1.281388e+01 4.119097e-04 5.689063e-04 4.313392e-04 2.354834e-04
1.286285e+01 3.118796e-04 4.293345e-04 3.266111e-04 1.796931e-04
1.291183e+01 2.244877e-04 3.060235e-04 2.349881e-04 1.324514e-04
1.296080e+01 1.559386e-04 2.062393e-04 1.630068e-04 9.856975e-05
1.300977e+01 1.092973e-04 1.319670e-04 1.139829e-04 8.194186e-05
1.305874e+01 8.583270e-05 8.137265e-05 8.949368e-05 8.663176e-05
1.310771e+01 8.665962e-05 5.071999e-05 9.120826e-05 1.180506e-04
1.315668e+01 1.140754e-04 3.609345e-05 1.224169e-04 1.837160e-04
1.320565e+01 1.721504e-04 3.455165e-05 1.887445e-04 2.931551e-04
1.325462e+01 2.663503e-04 4.461288e-05 2.977475e-04 4.566906e-04
1.330359e+01 4.022184e-04 6.615721e-05 4.573517e-04 6.831462e-04
1.335256e+01 5.834122e-04 9.991243e-05 6.734158e-04 9.769082e-04
1.340153e+01 8.096625e-04 1.467201e-04 9.470638e-04 1.335204e-03
1.345050e+01 1.075411e-03 2.067962e-04 1.272711e-03 1.746724e-03
1.349947e+01 1.369860e-03 2.792079e-04 1.637735e-03 2.192638e-03
1.354844e+01 1.678842e-03 3.617496e-04 2.024343e-03 2.650434e-03
1.359741e+01 1.988241e-03 4.512788e-04 2.413425e-03 3.100019e-03
1.364638e+01 2.287997e-03 5.443931e-04 2.789294e-03 3.530305e-03
1.369536e+01 2.575192e-03 6.381621e-04 3.143615e-03 3.943797e-03
1.374433e+01 2.854762e-03 7.305893e-04 3.476920e-03 4.356776e-03
1.379330e+01 3.137127e-03 8.206094e-04 3.796913e-03 4.793859e-03
1.384227e+01 3.433134e-03 9.076694e-04 4.114006e-03 5.277725e-03
1.389124e+01 3.747871e-03 9.911573e-04 4.435630e-03 5.816825e-03
1.394021e+01 4.075531e-03 1.069989e-03 4.761344e-03 6.395261e-03
1.398918e+01 4.397307e-03 1.142539e-03 5.080415e-03 6.968966e-03
1.403815e+01 4.683428e-03 1.206904e-03 5.372677e-03 7.470701e-03
1.408712e+01 4.899135e-03 1.261403e-03 5.612375e-03 7.823626e-03
1.413609e+01 5.013089e-03 1.305252e-03 5.773877e-03 7.960138e-03
1.418506e+01 5.005861e-03 1.339452e-03 5.837720e-03 7.840412e-03
1.423403e+01 4.875969e-03 1.367856e-03 5.795392e-03 7.464659e-03
1.428300e+01 4.641553e-03 1.398162e-03 5.651615e-03 6.874882e-03
1.433197e+01 4.337041e-03 1.442184e-03 5.423510e-03 6.145428e-03
1.438094e+01 4.005679e-03 1.514682e-03 5.136858e-03 5.365498e-03
1.442991e+01 3.690109e-03 1.630345e-03 4.820570e-03 4.619413e-03
1.447888e+01 3.423684e-03 1.799304e-03 4.501043e-03 3.970706e-03
1.452786e+01 3.224875e-03 2.022473e-03 4.198071e-03 3.454082e-03
1.457683e+01 3.095960e-03 2.288512e-03 3.923315e-03 3.076052e-03
1.462580e+01 3.025793e-03 2.574021e-03 3.681303e-03 2.822056e-03
1.467477e+01 2.995281e-03 2.847474e-03 3.471996e-03 2.666373e-03
1.472374e+01 2.983603e-03 3.076023e-03 3.293531e-03 2.581255e-03
1.477271e+01 2.973401e-03 3.233073e-03 3.144066e-03 2.543063e-03
1.482168e+01 2.953796e-03 3.304147e-03 3.022364e-03 2.534879e-03
1.487065e+01 2.921033e-03 3.289216e-03 2.927530e-03 2.546355e-03
1.491962e+01 2.877310e-03 3.201046e-03 2.858735e-03 2.572148e-03
1.496859e+01 2.828791e-03 3.060578e-03 2.815591e-03 2.610205e-03
1.501756e+01 2.783720e-03 2.891267e-03 2.799292e-03 2.660601e-03
1.506653e+01 2.751093e-03 2.714330e-03 2.813937e-03 2.725012e-03
1.511550e+01 2.739824e-03 2.546099e-03 2.866987e-03 2.806387e-03
1.516447e+01 2.757933e-03 2.397617e-03 2.967920e-03 2.908262e-03
1.521344e+01 2.811350e-03 2.275789e-03 3.124850e-03 3.033410e-03
1.526241e+01 2.902287e-03 2.185036e-03 3.339853e-03 3.181973e-03
1.531138e+01 3.027649e-03 2.128588e-03 3.604667e-03 3.349692e-03
1.536036e+01 3.178220e-03 2.109020e-03 3.898637e-03 3.527002e-03
1.540933e+01 3.339259e-03 2.128033e-03 4.190204e-03 3.699540e-03
1.545830e+01 3.492626e-03 2.185785e-03 4.441983e-03 3.850108e-03
1.550727e+01 3.619945e-03 2.280098e-03 4.618131e-03 3.961605e-03
1.555624e+01 3.705934e-03 2.405842e-03 4.691846e-03 4.020115e-03
1.560521e+01 3.740950e-03 2.554708e-03 4.650807e-03 4.017336e-03
1.565418e+01 3.722166e-03 2.715571e-03 4.499107e-03 3.951820e-03
1.570315e+01 3.653284e-03 2.875552e-03 4.255425e-03 3.828874e-03
1.575212e+01 3.543112e-03 3.021751e-03 3.948276e-03 3.659310e-03
1.580109e+01 3.403561e-03 3.143362e-03 3.609854e-03 3.457467e-03
1.585006e+01 3.247585e-03 3.233654e-03 3.270142e-03 3.238958e-03
1.589903e+01 3.087451e-03 3.291199e-03 2.952569e-03 3.018587e-03
1.594800e+01 2.933503e-03 3.319880e-03 2.671905e-03 2.808724e-03
1.599697e+01 2.793419e-03 3.327604e-03 2.434354e-03 2.618299e-03
1.604594e+01 2.671917e-03 3.324033e-03 2.239296e-03 2.452424e-03
1.609491e+01 2.570774e-03 3.318002e-03 2.081794e-03 2.312527e-03
1.614389e+01 2.489082e-03 3.315328e-03 1.955042e-03 2.196877e-03
1.619286e+01 2.423670e-03 3.317524e-03 1.852157e-03 2.101328e-03
1.624183e+01 2.369666e-03 3.321645e-03 1.767124e-03 2.020227e-03
1.629080e+01 2.321224e-03 3.321178e-03 1.695075e-03 1.947418e-03
1.633977e+01 2.272436e-03 3.307732e-03 1.632264e-03 1.877313e-03
1.638874e+01 2.218417e-03 3.273204e-03 1.576109e-03 1.805939e-03
1.643771e+01 2.156437e-03 3.212053e-03 1.525471e-03 1.731788e-03
1.648668e+01 2.086850e-03 3.123219e-03 1.481076e-03 1.656254e-03
1.653565e+01 2.013467e-03 3.011172e-03 1.445782e-03 1.583448e-03
1.658462e+01 1.943121e-03 2.885666e-03 1.424383e-03 1.519315e-03
1.663359e+01 1.884354e-03 2.760100e-03 1.422766e-03 1.470197e-03
1.668256e+01 1.845523e-03 2.648842e-03 1.446540e-03 1.441187e-03
1.673153e+01 1.832856e-03 2.564319e-03 1.499520e-03 1.434729e-03
1.678050e+01 1.849085e-03 2.514776e-03 1.582578e-03 1.449901e-03
1.682947e+01 1.893068e-03 2.503329e-03 1.693287e-03 1.482590e-03
1.687844e+01 1.960481e-03 2.528416e-03 1.826509e-03 1.526517e-03
1.692741e+01 2.045281e-03 2.585256e-03 1.975787e-03 1.574798e-03
1.697639e+01 2.141463e-03 2.667666e-03 2.135114e-03 1.621610e-03
1.702536e+01 2.244606e-03 2.769693e-03 2.300610e-03 1.663516e-03
1.707433e+01 2.352881e-03 2.886776e-03 2.471686e-03 1.700180e-03
1.712330e+01 2.467374e-03 3.016413e-03 2.651372e-03 1.734337e-03
1.717227e+01 2.591703e-03 3.158402e-03 2.845586e-03 1.771121e-03
1.722124e+01 2.730962e-03 3.314645e-03 3.061274e-03 1.816966e-03
1.727021e+01 2.890114e-03 3.488442e-03 3.303520e-03 1.878379e-03
1.731918e+01 3.072068e-03 3.683178e-03 3.572132e-03 1.960893e-03
1.736815e+01 3.275849e-03 3.900486e-03 3.858624e-03 2.068437e-03
1.741712e+01 3.495404e-03 4.138281e-03 4.144749e-03 2.203182e-03
1.746609e+01 3.719525e-03 4.389254e-03 4.403580e-03 2.365741e-03
1.751506e+01 3.933126e-03 4.640496e-03 4.603460e-03 2.555422e-03
1.756403e+01 4.119634e-03 4.874626e-03 4.714115e-03 2.770160e-03
1.761300e+01 4.263864e-03 5.072331e-03 4.713345e-03 3.005915e-03
1.766197e+01 4.354487e-03 5.215630e-03 4.592282e-03 3.255550e-03
1.771094e+01 4.385380e-03 5.290880e-03 4.357637e-03 3.507623e-03
1.775991e+01 4.355558e-03 5.290603e-03 4.030308e-03 3.745764e-03
1.780889e+01 4.268003e-03 5.213694e-03 3.640939e-03 3.949375e-03
1.785786e+01 4.128050e-03 5.064224e-03 3.223867e-03 4.096060e-03
1.790683e+01 3.942122e-03 4.849575e-03 2.811206e-03 4.165585e-03
1.795580e+01 3.717229e-03 4.578762e-03 2.428425e-03 4.144500e-03
1.800477e+01 3.461247e-03 4.261535e-03 2.092108e-03 4.030097e-03
1.805374e+01 3.183558e-03 3.908353e-03 1.809890e-03 3.832431e-03
1.810271e+01 2.895540e-03 3.530861e-03 1.582066e-03 3.573693e-03
1.815168e+01 2.610522e-03 3.142349e-03 1.404144e-03 3.285072e-03
1.820065e+01 2.343100e-03 2.757727e-03 1.269642e-03 3.001930e-03
1.824962e+01 2.107953e-03 2.392849e-03 1.172521e-03 2.758488e-03
1.829859e+01 1.918395e-03 2.063333e-03 1.108836e-03 2.583016e-03
1.834756e+01 1.784914e-03 1.783216e-03 1.077388e-03 2.494138e-03
1.839653e+01 1.713898e-03 1.563809e-03 1.079412e-03 2.498472e-03
1.844550e+01 1.706721e-03 1.412988e-03 1.117477e-03 2.589698e-03
1.849447e+01 1.759349e-03 1.334915e-03 1.193944e-03 2.749188e-03
1.854344e+01 1.862562e-03 1.330002e-03 1.309309e-03 2.948374e-03
1.859242e+01 2.002820e-03 1.394854e-03 1.460780e-03 3.152826e-03
1.864139e+01 2.163676e-03 1.522057e-03 1.641373e-03 3.327597e-03
1.869036e+01 2.327525e-03 1.699907e-03 1.839804e-03 3.442864e-03
1.873933e+01 2.477463e-03 1.912445e-03 2.041320e-03 3.478625e-03
1.878830e+01 2.599008e-03 2.140216e-03 2.229477e-03 3.427332e-03
1.883727e+01 2.681512e-03 2.362055e-03 2.388572e-03 3.293910e-03
1.888624e+01 2.719127e-03 2.557791e-03 2.506235e-03 3.093357e-03
1.893521e+01 2.711190e-03 2.711323e-03 2.575484e-03 2.846764e-03
1.898418e+01 2.661941e-03 2.813202e-03 2.595698e-03 2.576923e-03
1.903315e+01 2.579536e-03 2.861825e-03 2.572204e-03 2.304580e-03
1.908212e+01 2.474471e-03 2.862763e-03 2.514638e-03 2.046013e-03
1.913109e+01 2.357695e-03 2.826409e-03 2.434582e-03 1.812093e-03
1.918006e+01 2.238852e-03 2.764772e-03 2.343196e-03 1.608589e-03
1.922903e+01 2.125075e-03 2.688574e-03 2.249421e-03 1.437229e-03
1.927800e+01 2.020573e-03 2.605609e-03 2.159126e-03 1.296984e-03
1.932697e+01 1.927004e-03 2.520692e-03 2.075128e-03 1.185194e-03
1.937594e+01 1.844317e-03 2.436793e-03 1.997840e-03 1.098318e-03
1.942492e+01 1.771659e-03 2.356485e-03 1.926173e-03 1.032321e-03
1.947389e+01 1.708012e-03 2.282826e-03 1.858391e-03 9.828199e-04
1.952286e+01 1.652422e-03 2.219273e-03 1.792794e-03 9.451981e-04
1.957183e+01 1.603911e-03 2.168736e-03 1.728179e-03 9.148189e-04
1.962080e+01 1.561286e-03 2.132365e-03 1.664090e-03 8.874014e-04
1.966977e+01 1.523001e-03 2.108676e-03 1.600840e-03 8.594863e-04
1.971874e+01 1.487194e-03 2.093433e-03 1.539291e-03 8.288595e-04
1.976771e+01 1.451857e-03 2.080343e-03 1.480432e-03 7.947970e-04
1.981668e+01 1.415089e-03 2.062357e-03 1.424863e-03 7.580476e-04
1.986565e+01 1.375379e-03 2.033185e-03 1.372393e-03 7.205596e-04
1.991462e+01 1.331874e-03 1.988676e-03 1.321920e-03 6.850259e-04
1.996359e+01 1.284594e-03 1.927721e-03 1.271700e-03 6.543606e-04
2.001256e+01 1.234523e-03 1.852452e-03 1.219908e-03 6.312087e-04
2.006153e+01 1.183509e-03 1.767672e-03 1.165298e-03 6.175577e-04
2.011050e+01 1.133928e-03 1.679613e-03 1.107686e-03 6.144852e-04
2.015947e+01 1.088162e-03 1.594358e-03 1.048081e-03 6.220470e-04
2.020844e+01 1.048025e-03 1.516369e-03 9.884063e-04 6.393011e-04
2.025742e+01 1.014305e-03 1.447532e-03 9.309327e-04 6.644519e-04
2.030639e+01 9.865717e-04 1.386994e-03 8.776387e-04 6.950825e-04
2.035536e+01 9.633038e-04 1.331775e-03 8.297040e-04 7.284325e-04
2.040433e+01 9.422879e-04 1.277909e-03 7.872890e-04 7.616660e-04
2.045330e+01 9.211567e-04 1.221744e-03 7.496317e-04 7.920944e-04
2.050227e+01 8.979225e-04 1.161031e-03 7.153962e-04 8.173408e-04
2.055124e+01 8.713792e-04 1.095521e-03 6.831494e-04 8.354673e-04
2.060021e+01 8.413016e-04 1.026986e-03 6.518273e-04 8.450910e-04
2.064918e+01 8.084232e-04 9.586971e-04 6.210739e-04 8.454986e-04
2.069815e+01 7.742187e-04 8.945394e-04 5.913785e-04 8.367384e-04
2.074712e+01 7.405523e-04 8.380301e-04 5.639817e-04 8.196449e-04
2.079609e+01 7.092711e-04 7.914913e-04 5.405668e-04 7.957551e-04
2.084506e+01 6.818356e-04 7.555992e-04 5.227978e-04 7.671096e-04
2.089403e+01 6.590633e-04 7.294060e-04 5.118097e-04 7.359744e-04
2.094300e+01 6.410387e-04 7.107852e-04 5.077860e-04 7.045450e-04
2.099197e+01 6.271967e-04 6.971313e-04 5.097592e-04 6.746997e-04
2.104095e+01 6.165479e-04 6.860775e-04 5.157257e-04 6.478406e-04
2.108992e+01 6.079802e-04 6.760268e-04 5.230788e-04 6.248349e-04
2.113889e+01 6.005575e-04 6.663754e-04 5.292572e-04 6.060400e-04
2.118786e+01 5.937483e-04 6.574278e-04 5.324279e-04 5.913892e-04
2.123683e+01 5.875361e-04 6.500943e-04 5.320034e-04 5.805106e-04
2.128580e+01 5.823996e-04 6.455004e-04 5.288433e-04 5.728550e-04
2.133477e+01 5.791778e-04 6.446277e-04 5.250914e-04 5.678144e-04
2.138374e+01 5.788615e-04 6.480657e-04 5.237008e-04 5.648179e-04
2.143271e+01 5.823620e-04 6.559090e-04 5.277763e-04 5.634006e-04
2.148168e+01 5.903129e-04 6.678001e-04 5.398890e-04 5.632497e-04
2.153065e+01 6.029470e-04 6.830986e-04 5.615088e-04 5.642336e-04
2.157962e+01 6.200729e-04 7.011343e-04 5.926670e-04 5.664175e-04
2.162859e+01 6.411536e-04 7.214840e-04 6.319170e-04 5.700597e-04
2.167756e+01 6.654626e-04 7.442012e-04 6.766087e-04 5.755779e-04
2.172653e+01 6.922825e-04 7.699394e-04 7.234297e-04 5.834782e-04
2.177550e+01 7.210987e-04 7.999400e-04 7.691056e-04 5.942505e-04
2.182447e+01 7.517503e-04 8.359008e-04 8.111020e-04 6.082482e-04
2.187345e+01 7.845058e-04 8.797654e-04 8.481630e-04 6.255890e-04
2.192242e+01 8.200469e-04 9.334715e-04 8.805546e-04 6.461147e-04
2.197139e+01 8.593557e-04 9.986701e-04 9.099614e-04 6.694355e-04
2.202036e+01 9.035114e-04 1.076400e-03 9.390792e-04 6.950548e-04
2.206933e+01 9.534205e-04 1.166713e-03 9.710206e-04 7.225283e-04
2.211830e+01 1.009515e-03 1.268278e-03 1.008682e-03 7.515854e-04
2.216727e+01 1.071479e-03 1.378094e-03 1.054197e-03 7.821454e-04
2.221624e+01 1.138065e-03 1.491436e-03 1.108554e-03 8.142057e-04
2.226521e+01 1.207073e-03 1.602184e-03 1.171391e-03 8.476444e-04
2.231418e+01 1.275520e-03 1.703563e-03 1.240966e-03 8.820304e-04
2.236315e+01 1.339997e-03 1.789173e-03 1.314283e-03 9.165339e-04
2.241212e+01 1.397149e-03 1.854077e-03 1.387389e-03 9.499816e-04
2.246109e+01 1.444169e-03 1.895642e-03 1.455839e-03 9.810252e-04
2.251006e+01 1.479184e-03 1.913905e-03 1.515302e-03 1.008344e-03
2.255903e+01 1.501461e-03 1.911366e-03 1.562213e-03 1.030803e-03
2.260800e+01 1.511399e-03 1.892316e-03 1.594335e-03 1.047547e-03
2.265697e+01 1.510344e-03 1.861907e-03 1.611077e-03 1.058049e-03
2.270595e+01 1.500286e-03 1.825225e-03 1.613460e-03 1.062174e-03
2.275492e+01 1.483513e-03 1.786550e-03 1.603725e-03 1.060263e-03
2.280389e+01 1.462262e-03 1.748897e-03 1.584690e-03 1.053198e-03
2.285286e+01 1.438401e-03 1.713827e-03 1.559027e-03 1.042349e-03
2.290183e+01 1.413177e-03 1.681490e-03 1.528684e-03 1.029356e-03
2.295080e+01 1.387068e-03 1.650870e-03 1.494578e-03 1.015757e-03
2.299977e+01 1.359817e-03 1.620213e-03 1.456661e-03 1.002575e-03
2.304874e+01 1.330642e-03 1.587605e-03 1.414284e-03 9.900371e-04
2.309771e+01 1.298631e-03 1.551605e-03 1.366742e-03 9.775448e-04
2.314668e+01 1.263172e-03 1.511803e-03 1.313787e-03 9.639247e-04
2.319565e+01 1.224310e-03 1.469139e-03 1.255943e-03 9.478486e-04
2.324462e+01 1.182877e-03 1.425868e-03 1.194509e-03 9.282552e-04
2.329359e+01 1.140355e-03 1.385167e-03 1.131279e-03 9.046197e-04
2.334256e+01 1.098529e-03 1.350484e-03 1.068096e-03 8.770083e-04
2.339153e+01 1.059067e-03 1.324799e-03 1.006437e-03 8.459655e-04
2.344050e+01 1.023175e-03 1.310005e-03 9.471764e-04 8.123432e-04
2.348948e+01 9.914291e-04 1.306541e-03 8.905786e-04 7.771681e-04
2.353845e+01 9.638105e-04 1.313348e-03 8.364998e-04 7.415833e-04
2.358742e+01 9.398658e-04 1.328112e-03 7.846612e-04 7.068245e-04
2.363639e+01 9.189078e-04 1.347668e-03 7.348865e-04 6.741694e-04
2.368536e+01 9.001707e-04 1.368462e-03 6.872294e-04 6.448205e-04
2.373433e+01 8.828888e-04 1.386942e-03 6.419822e-04 6.197422e-04
2.378330e+01 8.663165e-04 1.399829e-03 5.996026e-04 5.995180e-04
2.383227e+01 8.497328e-04 1.404296e-03 5.606046e-04 5.842981e-04
2.388124e+01 8.324719e-04 1.398101e-03 5.254466e-04 5.738682e-04
2.393021e+01 8.140000e-04 1.379757e-03 4.944344e-04 5.678086e-04
2.397918e+01 7.940288e-04 1.348762e-03 4.676527e-04 5.656720e-04
2.402815e+01 7.726326e-04 1.305857e-03 4.449419e-04 5.670989e-04
2.407712e+01 7.503263e-04 1.253220e-03 4.259342e-04 5.718243e-04
2.412609e+01 7.280600e-04 1.194455e-03 4.101486e-04 5.795766e-04
2.417506e+01 7.071056e-04 1.134281e-03 3.971172e-04 5.899187e-04
2.422403e+01 6.888398e-04 1.077928e-03 3.864927e-04 6.020992e-04
2.427300e+01 6.744662e-04 1.030327e-03 3.780889e-04 6.149831e-04
2.432198e+01 6.647479e-04 9.953106e-04 3.718303e-04 6.271029e-04
2.437095e+01 6.598305e-04 9.750303e-04 3.676286e-04 6.368327e-04
2.441992e+01 6.592119e-04 9.697526e-04 3.652375e-04 6.426458e-04
2.446889e+01 6.618682e-04 9.780736e-04 3.641483e-04 6.433825e-04
2.451786e+01 6.664928e-04 9.974559e-04 3.635743e-04 6.384481e-04
2.456683e+01 6.717703e-04 1.024899e-03 3.625345e-04 6.278775e-04
2.461580e+01 6.765994e-04 1.057531e-03 3.600157e-04 6.122512e-04
2.466477e+01 6.802077e-04 1.092960e-03 3.551622e-04 5.925006e-04
2.471374e+01 6.821459e-04 1.129323e-03 3.474407e-04 5.696745e-04
2.476271e+01 6.821889e-04 1.165084e-03 3.367340e-04 5.447491e-04
2.481168e+01 6.801980e-04 1.198720e-03 3.233427e-04 5.185312e-04
2.486065e+01 6.760000e-04 1.228442e-03 3.078997e-04 4.916584e-04
2.490962e+01 6.693203e-04 1.252077e-03 2.912252e-04 4.646589e-04
2.495859e+01 6.597886e-04 1.267180e-03 2.741678e-04 4.380180e-04
2.500756e+01 6.470075e-04 1.271339e-03 2.574729e-04 4.122106e-04
2.505653e+01 6.306635e-04 1.262593e-03 2.417081e-04 3.876891e-04
2.510550e+01 6.106446e-04 1.239836e-03 2.272525e-04 3.648448e-04
2.515448e+01 5.871296e-04 1.203087e-03 2.143313e-04 3.439709e-04
2.520345e+01 5.606214e-04 1.153549e-03 2.030707e-04 3.252446e-04
2.525242e+01 5.319120e-04 1.093461e-03 1.935455e-04 3.087289e-04
2.530139e+01 5.019873e-04 1.025778e-03 1.858039e-04 2.943800e-04
2.535036e+01 4.719006e-04 9.537854e-04 1.798657e-04 2.820507e-04
2.539933e+01 4.426455e-04 8.807437e-04 1.757029e-04 2.714897e-04
2.544830e+01 4.150568e-04 8.096109e-04 1.732118e-04 2.623475e-04
2.549727e+01 3.897526e-04 7.428650e-04 1.721909e-04 2.542020e-04
2.554624e+01 3.671144e-04 6.824052e-04 1.723339e-04 2.466040e-04
2.559521e+01 3.472929e-04 6.295014e-04 1.732452e-04 2.391322e-04
2.564418e+01 3.302311e-04 5.847746e-04 1.744789e-04 2.314399e-04
2.569315e+01 3.156963e-04 5.482110e-04 1.755937e-04 2.232841e-04
2.574212e+01 3.033263e-04 5.192245e-04 1.762152e-04 2.145391e-04
2.579109e+01 2.926915e-04 4.967806e-04 1.760897e-04 2.052043e-04
2.584006e+01 2.833722e-04 4.795800e-04 1.751226e-04 1.954140e-04
2.588903e+01 2.750383e-04 4.662741e-04 1.733958e-04 1.854450e-04
2.593801e+01 2.675124e-04 4.556713e-04 1.711621e-04 1.757038e-04
2.598698e+01 2.607921e-04 4.468830e-04 1.688146e-04 1.666786e-04
2.603595e+01 2.550159e-04 4.393720e-04 1.668259e-04 1.588498e-04
2.608492e+01 2.503744e-04 4.328891e-04 1.656561e-04 1.525779e-04
2.613389e+01 2.469896e-04 4.273216e-04 1.656415e-04 1.480055e-04
2.618286e+01 2.448022e-04 4.225086e-04 1.668882e-04 1.450098e-04
2.623183e+01 2.435110e-04 4.180972e-04 1.692064e-04 1.432295e-04
2.628080e+01 2.425918e-04 4.135012e-04 1.721147e-04 1.421596e-04
2.632977e+01 2.413946e-04 4.079820e-04 1.749213e-04 1.412805e-04
2.637874e+01 2.392854e-04 4.008206e-04 1.768613e-04 1.401742e-04
2.642771e+01 2.357825e-04 3.915104e-04 1.772482e-04 1.385889e-04
2.647668e+01 2.306414e-04 3.798905e-04 1.755963e-04 1.364373e-04
2.652565e+01 2.238675e-04 3.661739e-04 1.716873e-04 1.337414e-04
2.657462e+01 2.156690e-04 3.508693e-04 1.655796e-04 1.305582e-04
2.662359e+01 2.063809e-04 3.346427e-04 1.575755e-04 1.269245e-04
2.667256e+01 1.963976e-04 3.181808e-04 1.481693e-04 1.228428e-04
2.672153e+01 1.861353e-04 3.021039e-04 1.379893e-04 1.183128e-04
2.677051e+01 1.760239e-04 2.869453e-04 1.277370e-04 1.133894e-04
2.681948e+01 1.665107e-04 2.731771e-04 1.181187e-04 1.082363e-04
2.686845e+01 1.580511e-04 2.612415e-04 1.097652e-04 1.031467e-04
2.691742e+01 1.510675e-04 2.515456e-04 1.031455e-04 9.851146e-05
2.696639e+01 1.458743e-04 2.443960e-04 9.848779e-05 9.473903e-05
2.701536e+01 1.425879e-04 2.398848e-04 9.572948e-05 9.214950e-05
2.706433e+01 1.410585e-04 2.377752e-04 9.451920e-05 9.088109e-05
2.711330e+01 1.408640e-04 2.374583e-04 9.428471e-05 9.084914e-05
2.716227e+01 1.413966e-04 2.380422e-04 9.436475e-05 9.178283e-05
2.721124e+01 1.420362e-04 2.385910e-04 9.418132e-05 9.333636e-05
2.726021e+01 1.423683e-04 2.384567e-04 9.340911e-05 9.523914e-05
2.730918e+01 1.423673e-04 2.375846e-04 9.209061e-05 9.742682e-05
2.735815e+01 1.424678e-04 2.366553e-04 9.065392e-05 1.000943e-04
2.740712e+01 1.434753e-04 2.369709e-04 8.981637e-05 1.036387e-04
2.745609e+01 1.463282e-04 2.400893e-04 9.039226e-05 1.085029e-04
2.750506e+01 1.517835e-04 2.473184e-04 9.305560e-05 1.149766e-04
2.755403e+01 1.601326e-04 2.592405e-04 9.812591e-05 1.230315e-04
2.760301e+01 1.710435e-04 2.754331e-04 1.054404e-04 1.322570e-04
2.765198e+01 1.835816e-04 2.944697e-04 1.143507e-04 1.419243e-04
2.770095e+01 1.963950e-04 3.141896e-04 1.238437e-04 1.511518e-04
2.774992e+01 2.079995e-04 3.321372e-04 1.327515e-04 1.591098e-04
2.779889e+01 2.170742e-04 3.460410e-04 1.399883e-04 1.651932e-04
2.784786e+01 2.226930e-04 3.542162e-04 1.447513e-04 1.691116e-04
2.789683e+01 2.244465e-04 3.558176e-04 1.466369e-04 1.708852e-04
2.794580e+01 2.224463e-04 3.509157e-04 1.456536e-04 1.707695e-04
2.799477e+01 2.172332e-04 3.404057e-04 1.421443e-04 1.691498e-04
2.804374e+01 2.096253e-04 3.257785e-04 1.366546e-04 1.664430e-04
2.809271e+01 2.005436e-04 3.088084e-04 1.297918e-04 1.630306e-04
2.814168e+01 1.908543e-04 2.912223e-04 1.221137e-04 1.592269e-04
2.819065e+01 1.812559e-04 2.744239e-04 1.140680e-04 1.552758e-04
2.823962e+01 1.722282e-04 2.593348e-04 1.059850e-04 1.513649e-04
2.828859e+01 1.640435e-04 2.463795e-04 9.810775e-05 1.476432e-04
2.833756e+01 1.568219e-04 2.355964e-04 9.063522e-05 1.442339e-04
2.838654e+01 1.506033e-04 2.268149e-04 8.375520e-05 1.412398e-04
2.843551e+01 1.454050e-04 2.198239e-04 7.765268e-05 1.387386e-04
2.848448e+01 1.412467e-04 2.144723e-04 7.249275e-05 1.367751e-04
2.853345e+01 1.381407e-04 2.106784e-04 6.838946e-05 1.353541e-04
2.858242e+01 1.360608e-04 2.083681e-04 6.537798e-05 1.344365e-04
2.863139e+01 1.349123e-04 2.073903e-04 6.340510e-05 1.339416e-04
2.868036e+01 1.345201e-04 2.074629e-04 6.234436e-05 1.337531e-04
2.872933e+01 1.346489e-04 2.081833e-04 6.203110e-05 1.337322e-04
2.877830e+01 1.350516e-04 2.091131e-04 6.230465e-05 1.337371e-04
2.882727e+01 1.355354e-04 2.099106e-04 6.304332e-05 1.336523e-04
2.887624e+01 1.360238e-04 2.104696e-04 6.418160e-05 1.334203e-04
2.892521e+01 1.365961e-04 2.110102e-04 6.570687e-05 1.330712e-04
2.897418e+01 1.374881e-04 2.120844e-04 6.764052e-05 1.327393e-04
2.902315e+01 1.390516e-04 2.144816e-04 7.001253e-05 1.326609e-04
2.907212e+01 1.416813e-04 2.190531e-04 7.283922e-05 1.331516e-04
2.912109e+01 1.457266e-04 2.265042e-04 7.611032e-05 1.345652e-04
2.917006e+01 1.514101e-04 2.372086e-04 7.978591e-05 1.372359e-04
2.921904e+01 1.587701e-04 2.510977e-04 8.379979e-05 1.414127e-04
2.926801e+01 1.676357e-04 2.676487e-04 8.806397e-05 1.471945e-04
2.931698e+01 1.776422e-04 2.859710e-04 9.247152e-05 1.544839e-04
2.936595e+01 1.882800e-04 3.049635e-04 9.689932e-05 1.629771e-04
2.941492e+01 1.989717e-04 3.234997e-04 1.012156e-04 1.721997e-04
2.946389e+01 2.091571e-04 3.405929e-04 1.052961e-04 1.815822e-04
2.951286e+01 2.183653e-04 3.554991e-04 1.090461e-04 1.905506e-04
2.956183e+01 2.262520e-04 3.677364e-04 1.124206e-04 1.985989e-04
2.961080e+01 2.325927e-04 3.770296e-04 1.154281e-04 2.053204e-04
2.965977e+01 2.372416e-04 3.832139e-04 1.181121e-04 2.103987e-04
2.970874e+01 2.400815e-04 3.861494e-04 1.205121e-04 2.135829e-04
2.975771e+01 2.409973e-04 3.856881e-04 1.226214e-04 2.146823e-04
2.980668e+01 2.398925e-04 3.817109e-04 1.243649e-04 2.136016e-04
2.985565e+01 2.367470e-04 3.742181e-04 1.256135e-04 2.104095e-04
2.990462e+01 2.316911e-04 3.634348e-04 1.262361e-04 2.054026e-04
2.995359e+01 2.250584e-04 3.498850e-04 1.261707e-04 1.991197e-04
3.000256e+01 2.173874e-04 3.343997e-04 1.254826e-04 1.922801e-04
3.005154e+01 2.093593e-04 3.180458e-04 1.243807e-04 1.856515e-04
3.010051e+01 2.016835e-04 3.019805e-04 1.231783e-04 1.798917e-04
3.014948e+01 1.949626e-04 2.872612e-04 1.222095e-04 1.754171e-04
3.019845e+01 1.895751e-04 2.746516e-04 1.217323e-04 1.723414e-04
3.024742e+01 1.856098e-04 2.644797e-04 1.218541e-04 1.704956e-04
3.029639e+01 1.828723e-04 2.565935e-04 1.225104e-04 1.695131e-04
3.034536e+01 1.809632e-04 2.504432e-04 1.235021e-04 1.689443e-04
3.039433e+01 1.794090e-04 2.452764e-04 1.245810e-04 1.683694e-04
3.044330e+01 1.778099e-04 2.403920e-04 1.255515e-04 1.674863e-04
3.049227e+01 1.759645e-04 2.353706e-04 1.263605e-04 1.661625e-04
3.054124e+01 1.739338e-04 2.302035e-04 1.271482e-04 1.644496e-04
3.059021e+01 1.720303e-04 2.252774e-04 1.282505e-04 1.625630e-04
3.063918e+01 1.707383e-04 2.212295e-04 1.301534e-04 1.608319e-04
3.068815e+01 1.705934e-04 2.187335e-04 1.334097e-04 1.596371e-04
3.073712e+01 1.720614e-04 2.183006e-04 1.385335e-04 1.593499e-04
3.078609e+01 1.754478e-04 2.201583e-04 1.458948e-04 1.602902e-04
3.083507e+01 1.808569e-04 2.242306e-04 1.556336e-04 1.627066e-04
3.088404e+01 1.881962e-04 2.301993e-04 1.676171e-04 1.667723e-04
3.093301e+01 1.972125e-04 2.376042e-04 1.814503e-04 1.725830e-04
3.098198e+01 2.075417e-04 2.459422e-04 1.965372e-04 1.801457e-04
3.103095e+01 2.187595e-04 2.547458e-04 2.121740e-04 1.893588e-04
3.107992e+01 2.304272e-04 2.636392e-04 2.276464e-04 1.999961e-04
3.112889e+01 2.421299e-04 2.723748e-04 2.423052e-04 2.117097e-04
3.117786e+01 2.535066e-04 2.808481e-04 2.556093e-04 2.240623e-04
3.122683e+01 2.642703e-04 2.890820e-04 2.671444e-04 2.365844e-04
3.127580e+01 2.742150e-04 2.971745e-04 2.766320e-04 2.488386e-04
3.132477e+01 2.832080e-04 3.052156e-04 2.839428e-04 2.604656e-04
3.137374e+01 2.911682e-04 3.131969e-04 2.891135e-04 2.711941e-04
3.142271e+01 2.980364e-04 3.209460e-04 2.923524e-04 2.808109e-04
3.147168e+01 3.037485e-04 3.281143e-04 2.940190e-04 2.891121e-04
3.152065e+01 3.082244e-04 3.342287e-04 2.945750e-04 2.958697e-04
3.156962e+01 3.113895e-04 3.387971e-04 2.945211e-04 3.008504e-04
3.161859e+01 3.132274e-04 3.414366e-04 2.943484e-04 3.038973e-04
3.166757e+01 3.138557e-04 3.419876e-04 2.945242e-04 3.050554e-04
3.171654e+01 3.135929e-04 3.405809e-04 2.955125e-04 3.046852e-04
3.176551e+01 3.129816e-04 3.376391e-04 2.978057e-04 3.035000e-04
3.181448e+01 3.127397e-04 3.338133e-04 3.019284e-04 3.024775e-04
3.186345e+01 3.136328e-04 3.298664e-04 3.083866e-04 3.026455e-04
3.191242e+01 3.162955e-04 3.265302e-04 3.175593e-04 3.047969e-04
3.196139e+01 3.210547e-04 3.243638e-04 3.295666e-04 3.092338e-04
3.201036e+01 3.278196e-04 3.236457e-04 3.441659e-04 3.156473e-04
3.205933e+01 3.360860e-04 3.243265e-04 3.607334e-04 3.231981e-04
3.210830e+01 3.450694e-04 3.260586e-04 3.783599e-04 3.307896e-04
3.215727e+01 3.539328e-04 3.283041e-04 3.960498e-04 3.374446e-04
3.220624e+01 3.620399e-04 3.304976e-04 4.129716e-04 3.426504e-04
3.225521e+01 3.691502e-04 3.322200e-04 4.286840e-04 3.465466e-04
3.230418e+01 3.754937e-04 3.333311e-04 4.432607e-04 3.498892e-04
3.235315e+01 3.816976e-04 3.340121e-04 4.572688e-04 3.538119e-04
3.240212e+01 3.885905e-04 3.346963e-04 4.715993e-04 3.594757e-04
3.245109e+01 3.969454e-04 3.359061e-04 4.872007e-04 3.677294e-04
3.250007e+01 4.072453e-04 3.380485e-04 5.047997e-04 3.788877e-04
3.254904e+01 4.195440e-04 3.412437e-04 5.247039e-04 3.926845e-04
3.259801e+01 4.334673e-04 3.452535e-04 5.467493e-04 4.083990e-04
3.264698e+01 4.483501e-04 3.495398e-04 5.704081e-04 4.251023e-04
3.269595e+01 4.634622e-04 3.534367e-04 5.950102e-04 4.419399e-04
3.274492e+01 4.782454e-04 3.563776e-04 6.199954e-04 4.583632e-04
3.279389e+01 4.924866e-04 3.581012e-04 6.451134e-04 4.742453e-04
3.284286e+01 5.063826e-04 3.587697e-04 6.705175e-04 4.898608e-04
3.289183e+01 5.204897e-04 3.589703e-04 6.967427e-04 5.057560e-04
3.294080e+01 5.355891e-04 3.596061e-04 7.245959e-04 5.225655e-04
3.298977e+01 5.525139e-04 3.617146e-04 7.549905e-04 5.408365e-04
3.303874e+01 5.719746e-04 3.662632e-04 7.887584e-04 5.609021e-04
3.308771e+01 5.944126e-04 3.739648e-04 8.264593e-04 5.828138e-04
3.313668e+01 6.198952e-04 3.851491e-04 8.682094e-04 6.063270e-04
3.318565e+01 6.480612e-04 3.997034e-04 9.135560e-04 6.309242e-04
3.323462e+01 6.781262e-04 4.170879e-04 9.614227e-04 6.558680e-04
3.328360e+01 7.089472e-04 4.364160e-04 1.010144e-03 6.802815e-04
3.333257e+01 7.391424e-04 4.565812e-04 1.057590e-03 7.032564e-04
3.338154e+01 7.672528e-04 4.764109e-04 1.101370e-03 7.239773e-04
3.343051e+01 7.919252e-04 4.948259e-04 1.139103e-03 7.418471e-04
3.347948e+01 8.120963e-04 5.109857e-04 1.168719e-03 7.565845e-04
3.352845e+01 8.271488e-04 5.244036e-04 1.188775e-03 7.682677e-04
3.357742e+01 8.370131e-04 5.350077e-04 1.198725e-03 7.773062e-04
3.362639e+01 8.421851e-04 5.431301e-04 1.199085e-03 7.843403e-04
3.367536e+01 8.436484e-04 5.494131e-04 1.191437e-03 7.900953e-04
3.372433e+01 8.427058e-04 5.546449e-04 1.178240e-03 7.952326e-04
3.377330e+01 8.407553e-04 5.595631e-04 1.162459e-03 8.002436e-04
3.382227e+01 8.390614e-04 5.646834e-04 1.147086e-03 8.054147e-04
3.387124e+01 8.385788e-04 5.702056e-04 1.134667e-03 8.108638e-04
3.392021e+01 8.398696e-04 5.760274e-04 1.126961e-03 8.166209e-04
3.396918e+01 8.431340e-04 5.818544e-04 1.124831e-03 8.227166e-04
3.401815e+01 8.483376e-04 5.873644e-04 1.128399e-03 8.292499e-04
3.406712e+01 8.553951e-04 5.923643e-04 1.137400e-03 8.364214e-04
3.411610e+01 8.643460e-04 5.968936e-04 1.151614e-03 8.445301e-04
3.416507e+01 8.754550e-04 6.012472e-04 1.171188e-03 8.539301e-04
3.421404e+01 8.891843e-04 6.059277e-04 1.196686e-03 8.649394e-04
3.426301e+01 9.060234e-04 6.115490e-04 1.228822e-03 8.776993e-04
3.431198e+01 9.262150e-04 6.187249e-04 1.267915e-03 8.920048e-04
3.436095e+01 9.494621e-04 6.279622e-04 1.313261e-03 9.071635e-04
3.440992e+01 9.747285e-04 6.395682e-04 1.362659e-03 9.219585e-04
3.445889e+01 1.000226e-03 6.535741e-04 1.412323e-03 9.347792e-04
3.450786e+01 1.023625e-03 6.696775e-04 1.457270e-03 9.439284e-04
3.455683e+01 1.042465e-03 6.872122e-04 1.492145e-03 9.480376e-04
3.460580e+01 1.054638e-03 7.051628e-04 1.512286e-03 9.464652e-04
3.465477e+01 1.058834e-03 7.222385e-04 1.514730e-03 9.395343e-04
3.470374e+01 1.054807e-03 7.370153e-04 1.498892e-03 9.285140e-04
3.475271e+01 1.043387e-03 7.481373e-04 1.466695e-03 9.153293e-04
3.480168e+01 1.026250e-03 7.545503e-04 1.422121e-03 9.020776e-04
3.485065e+01 1.005505e-03 7.557209e-04 1.370296e-03 8.904996e-04
3.489962e+01 9.832397e-04 7.517793e-04 1.316374e-03 8.815661e-04
3.494860e+01 9.611203e-04 7.435309e-04 1.264522e-03 8.753081e-04
3.499757e+01 9.401737e-04 7.323041e-04 1.217285e-03 8.709320e-04
3.504654e+01 9.207639e-04 7.196612e-04 1.175462e-03 8.671682e-04
3.509551e+01 9.027469e-04 7.070491e-04 1.138471e-03 8.627208e-04
3.514448e+01 8.857277e-04 6.955034e-04 1.105018e-03 8.566617e-04
3.519345e+01 8.693231e-04 6.855012e-04 1.073820e-03 8.486475e-04
3.524242e+01 8.533482e-04 6.769986e-04 1.044125e-03 8.389212e-04
3.529139e+01 8.378789e-04 6.696087e-04 1.015887e-03 8.281415e-04
3.534036e+01 8.231894e-04 6.628269e-04 9.896053e-04 8.171361e-04
3.538933e+01 8.096072e-04 6.562046e-04 9.659493e-04 8.066676e-04
3.543830e+01 7.973456e-04 6.494239e-04 9.453497e-04 7.972631e-04
3.548727e+01 7.863770e-04 6.422870e-04 9.277267e-04 7.891173e-04
3.553624e+01 7.763873e-04 6.346775e-04 9.124206e-04 7.820637e-04
3.558521e+01 7.668252e-04 6.265487e-04 8.983113e-04 7.756157e-04
3.563418e+01 7.570326e-04 6.179584e-04 8.840527e-04 7.690868e-04
3.568315e+01 7.464181e-04 6.091211e-04 8.683453e-04 7.617879e-04
3.573213e+01 7.346281e-04 6.004270e-04 8.501949e-04 7.532624e-04
3.578110e+01 7.216670e-04 5.923864e-04 8.291274e-04 7.434874e-04
3.583007e+01 7.079306e-04 5.854991e-04 8.053311e-04 7.329616e-04
3.587904e+01 6.941383e-04 5.800925e-04 7.796926e-04 7.226299e-04
3.592801e+01 6.811801e-04 5.761937e-04 7.536881e-04 7.136584e-04
3.597698e+01 6.699155e-04 5.734940e-04 7.291235e-04 7.071292e-04
3.602595e+01 6.609857e-04 5.714286e-04 7.077689e-04 7.037596e-04
3.607492e+01 6.546903e-04 5.693463e-04 6.909861e-04 7.037386e-04
3.612389e+01 6.509704e-04 5.667088e-04 6.794751e-04 7.067273e-04
3.617286e+01 6.495014e-04 5.632521e-04 6.732379e-04 7.120143e-04
3.622183e+01 6.498687e-04 5.590583e-04 6.717876e-04 7.187601e-04
3.627080e+01 6.517668e-04 5.545247e-04 6.745327e-04 7.262430e-04
3.631977e+01 6.551561e-04 5.502557e-04 6.811895e-04 7.340232e-04
3.636874e+01 6.603183e-04 5.469211e-04 6.920549e-04 7.419789e-04
3.641771e+01 6.677892e-04 5.451294e-04 7.080155e-04 7.502228e-04
3.646668e+01 6.781899e-04 5.453445e-04 7.302722e-04 7.589532e-04
3.651565e+01 6.920105e-04 5.478502e-04 7.598629e-04 7.683186e-04
3.656463e+01 7.094158e-04 5.527484e-04 7.971416e-04 7.783574e-04
3.661360e+01 7.301258e-04 5.599684e-04 8.413801e-04 7.890288e-04
3.666257e+01 7.533953e-04 5.692741e-04 8.906139e-04 8.002977e-04
3.671154e+01 7.780856e-04 5.802725e-04 9.417761e-04 8.122082e-04
3.676051e+01 8.028057e-04 5.924369e-04 9.910882e-04 8.248920e-04
3.680948e+01 8.260932e-04 6.051616e-04 1.034624e-03 8.384942e-04
3.685845e+01 8.466054e-04 6.178462e-04 1.068923e-03 8.530464e-04
3.690742e+01 8.632889e-04 6.299901e-04 1.091533e-03 8.683435e-04
3.695639e+01 8.754966e-04 6.412675e-04 1.101345e-03 8.838768e-04
3.700536e+01 8.830298e-04 6.515563e-04 1.098676e-03 8.988571e-04
3.705433e+01 8.861079e-04 6.609138e-04 1.085074e-03 9.123357e-04
3.710330e+01 8.852918e-04 6.695158e-04 1.062951e-03 9.234084e-04
3.715227e+01 8.814056e-04 6.775810e-04 1.035165e-03 9.314713e-04
3.720124e+01 8.754881e-04 6.853061e-04 1.004682e-03 9.364764e-04
3.725021e+01 8.687777e-04 6.928231e-04 9.743935e-04 9.391164e-04
3.729918e+01 8.626995e-04 7.001851e-04 9.470528e-04 9.408606e-04
3.734815e+01 8.588080e-04 7.073783e-04 9.252527e-04 9.437930e-04
3.739713e+01 8.586535e-04 7.143591e-04 9.113458e-04 9.502556e-04
3.744610e+01 8.635776e-04 7.211072e-04 9.072523e-04 9.623732e-04
3.749507e+01 8.744788e-04 7.276780e-04 9.141757e-04 9.815828e-04
3.754404e+01 8.916124e-04 7.342347e-04 9.323040e-04 1.008299e-03
3.759301e+01 9.144811e-04 7.410415e-04 9.606048e-04 1.041797e-03
3.764198e+01 9.418521e-04 7.484145e-04 9.968036e-04 1.080338e-03
3.769095e+01 9.719016e-04 7.566362e-04 1.037593e-03 1.121476e-03
3.773992e+01 1.002456e-03 7.658528e-04 1.079049e-03 1.162467e-03
3.778889e+01 1.031282e-03 7.759758e-04 1.117181e-03 1.200689e-03
3.783786e+01 1.056367e-03 7.866088e-04 1.148491e-03 1.234002e-03
3.788683e+01 1.076145e-03 7.970272e-04 1.170418e-03 1.260990e-03
3.793580e+01 1.089643e-03 8.062376e-04 1.181595e-03 1.281096e-03
3.798477e+01 1.096546e-03 8.131343e-04 1.181878e-03 1.294625e-03
3.803374e+01 1.097199e-03 8.167387e-04 1.172192e-03 1.302667e-03
3.808271e+01 1.092551e-03 8.164660e-04 1.154264e-03 1.306923e-03
3.813168e+01 1.084040e-03 8.123256e-04 1.130319e-03 1.309474e-03
3.818066e+01 1.073415e-03 8.049666e-04 1.102797e-03 1.312483e-03
3.822963e+01 1.062505e-03 7.955295e-04 1.074114e-03 1.317870e-03
3.827860e+01 1.052948e-03 7.853497e-04 1.046487e-03 1.327006e-03
3.832757e+01 1.045972e-03 7.756308e-04 1.021783e-03 1.340502e-03
3.837654e+01 1.042265e-03 7.672210e-04 1.001415e-03 1.358159e-03
3.842551e+01 1.041969e-03 7.605743e-04 9.862565e-04 1.379076e-03
3.847448e+01 1.044782e-03 7.558804e-04 9.766152e-04 1.401851e-03
3.852345e+01 1.050101e-03 7.532624e-04 9.722488e-04 1.424792e-03
3.857242e+01 1.057134e-03 7.529105e-04 9.724475e-04 1.446045e-03
3.862139e+01 1.064957e-03 7.550647e-04 9.761586e-04 1.463648e-03
3.867036e+01 1.072529e-03 7.598470e-04 9.821341e-04 1.475604e-03
3.871933e+01 1.078713e-03 7.670273e-04 9.890733e-04 1.480039e-03
3.876830e+01 1.082371e-03 7.758528e-04 9.957456e-04 1.475513e-03
3.881727e+01 1.082512e-03 7.850468e-04 1.001091e-03 1.461398e-03
3.886624e+01 1.078493e-03 7.930167e-04 1.004301e-03 1.438160e-03
3.891521e+01 1.070166e-03 7.982265e-04 1.004868e-03 1.407403e-03
3.896418e+01 1.057944e-03 7.996205e-04 1.002617e-03 1.371595e-03
3.901316e+01 1.042732e-03 7.969556e-04 9.976683e-04 1.333573e-03
3.906213e+01 1.025767e-03 7.909263e-04 9.903685e-04 1.296005e-03
3.911110e+01 1.008398e-03 7.830282e-04 9.811723e-04 1.260995e-03
3.916007e+01 9.918829e-04 7.751890e-04 9.705312e-04 1.229928e-03
3.920904e+01 9.772135e-04 7.692749e-04 9.588195e-04 1.203546e-03
3.925801e+01 9.650160e-04 7.666138e-04 9.463259e-04 1.182108e-03
3.930698e+01 9.555043e-04 7.676699e-04 9.333146e-04 1.165528e-03
3.935595e+01 9.484973e-04 7.719572e-04 9.201283e-04 1.153406e-03
3.940492e+01 9.434941e-04 7.781992e-04 9.072867e-04 1.144996e-03
3.945389e+01 9.397997e-04 7.846783e-04 8.955273e-04 1.139194e-03
3.950286e+01 9.366834e-04 7.896661e-04 8.857429e-04 1.134641e-03
3.955183e+01 9.335290e-04 7.918093e-04 8.788017e-04 1.129976e-03
3.960080e+01 9.299335e-04 7.903703e-04 8.752823e-04 1.124148e-03
3.964977e+01 9.257180e-04 7.852668e-04 8.752052e-04 1.116682e-03
3.969874e+01 9.208493e-04 7.769220e-04 8.778677e-04 1.107758e-03
3.974771e+01 9.153083e-04 7.659929e-04 8.818718e-04 1.098060e-03
3.979668e+01 9.089686e-04 7.530841e-04 8.853716e-04 1.088450e-03
3.984566e+01 9.015450e-04 7.385512e-04 8.864783e-04 1.079605e-03
3.989463e+01 8.926397e-04 7.224618e-04 8.836921e-04 1.071765e-03
3.994360e+01 8.818711e-04 7.047190e-04 8.762172e-04 1.064677e-03
3.999257e+01 8.690287e-04 6.852870e-04 8.640626e-04 1.057736e-03
4.004154e+01 8.541907e-04 6.644190e-04 8.479180e-04 1.050235e-03
4.009051e+01 8.377587e-04 6.427870e-04 8.288791e-04 1.041610e-03
4.013948e+01 8.203991e-04 6.214562e-04 8.081405e-04 1.031601e-03
4.018845e+01 8.029170e-04 6.017082e-04 7.867593e-04 1.020284e-03
4.023742e+01 7.861049e-04 5.847723e-04 7.655432e-04 1.007999e-03
4.028639e+01 7.706064e-04 5.715552e-04 7.450535e-04 9.952104e-04
4.033536e+01 7.568226e-04 5.624467e-04 7.256704e-04 9.823507e-04
4.038433e+01 7.448724e-04 5.572530e-04 7.076603e-04 9.697040e-04
4.043330e+01 7.346063e-04 5.552642e-04 6.912064e-04 9.573484e-04
4.048227e+01 7.256669e-04 5.554313e-04 6.763973e-04 9.451723e-04
4.053124e+01 7.175816e-04 5.566018e-04 6.631953e-04 9.329476e-04
4.058021e+01 7.098655e-04 5.577535e-04 6.514180e-04 9.204250e-04
4.062919e+01 7.021115e-04 5.581695e-04 6.407540e-04 9.074110e-04
4.067816e+01 6.940444e-04 5.575188e-04 6.308136e-04 8.938009e-04
4.072713e+01 6.855340e-04 5.558352e-04 6.211967e-04 8.795699e-04
4.077610e+01 6.765708e-04 5.534181e-04 6.115524e-04 8.647420e-04
4.082507e+01 6.672246e-04 5.506968e-04 6.016123e-04 8.493646e-04
4.087404e+01 6.576004e-04 5.480994e-04 5.911970e-04 8.335049e-04
4.092301e+01 6.478067e-04 5.459511e-04 5.802061e-04 8.172630e-04
4.097198e+01 6.379338e-04 5.444072e-04 5.686065e-04 8.007878e-04
4.102095e+01 6.280394e-04 5.434142e-04 5.564278e-04 7.842761e-04
4.106992e+01 6.181347e-04 5.426943e-04 5.437623e-04 7.679477e-04
4.111889e+01 6.081729e-04 5.417571e-04 5.307613e-04 7.520004e-04
4.116786e+01 5.980437e-04 5.399475e-04 5.176230e-04 7.365605e-04
4.121683e+01 5.875837e-04 5.365379e-04 5.045692e-04 7.216439e-04
4.126580e+01 5.766060e-04 5.308593e-04 4.918173e-04 7.071413e-04
4.131477e+01 5.649432e-04 5.224470e-04 4.795562e-04 6.928264e-04
4.136374e+01 5.524933e-04 5.111645e-04 4.679323e-04 6.783832e-04
4.141271e+01 5.392529e-04 4.972655e-04 4.570477e-04 6.634454e-04
4.146169e+01 5.253279e-04 4.813711e-04 4.469677e-04 6.476448e-04
4.151066e+01 5.109221e-04 4.643636e-04 4.377291e-04 6.306736e-04
4.155963e+01 4.963088e-04 4.472284e-04 4.293409e-04 6.123572e-04
4.160860e+01 4.817946e-04 4.308871e-04 4.217715e-04 5.927251e-04
4.165757e+01 4.676802e-04 4.160644e-04 4.149277e-04 5.720485e-04
4.170654e+01 4.542222e-04 4.032129e-04 4.086371e-04 5.508167e-04
4.175551e+01 4.415966e-04 3.924994e-04 4.026493e-04 5.296410e-04
4.180448e+01 4.298741e-04 3.838426e-04 3.966675e-04 5.091121e-04
4.185345e+01 4.190181e-04 3.769837e-04 3.904054e-04 4.896652e-04
4.190242e+01 4.089113e-04 3.715703e-04 3.836542e-04 4.715093e-04
4.195139e+01 3.994065e-04 3.672332e-04 3.763354e-04 4.546508e-04
4.200036e+01 3.903838e-04 3.636388e-04 3.685206e-04 4.389920e-04
4.204933e+01 3.817903e-04 3.605104e-04 3.604122e-04 4.244482e-04
4.209830e+01 3.736468e-04 3.576267e-04 3.522927e-04 4.110210e-04
4.214727e+01 3.660241e-04 3.548204e-04 3.444608e-04 3.987911e-04
4.219624e+01 3.590047e-04 3.519990e-04 3.371731e-04 3.878420e-04
4.224521e+01 3.526540e-04 3.491910e-04 3.306075e-04 3.781634e-04
4.229419e+01 3.470136e-04 3.465962e-04 3.248515e-04 3.695929e-04
4.234316e+01 3.421156e-04 3.445982e-04 3.199163e-04 3.618323e-04
4.239213e+01 3.380014e-04 3.437040e-04 3.157665e-04 3.545336e-04
4.244110e+01 3.347272e-04 3.444092e-04 3.123563e-04 3.474160e-04
4.249007e+01 3.323480e-04 3.470262e-04 3.096587e-04 3.403591e-04
4.253904e+01 3.308862e-04 3.515427e-04 3.076812e-04 3.334347e-04
4.258801e+01 3.302994e-04 3.575697e-04 3.064624e-04 3.268661e-04
4.263698e+01 3.304659e-04 3.644054e-04 3.060548e-04 3.209375e-04
4.268595e+01 3.311945e-04 3.711908e-04 3.064992e-04 3.158935e-04
4.273492e+01 3.322552e-04 3.771014e-04 3.077985e-04 3.118658e-04
4.278389e+01 3.334181e-04 3.815091e-04 3.098945e-04 3.088506e-04
4.283286e+01 3.344851e-04 3.840740e-04 3.126486e-04 3.067326e-04
4.288183e+01 3.353069e-04 3.847552e-04 3.158270e-04 3.053384e-04
4.293080e+01 3.357821e-04 3.837574e-04 3.190980e-04 3.044909e-04
4.297977e+01 3.358461e-04 3.814420e-04 3.220508e-04 3.040455e-04
4.302874e+01 3.354582e-04 3.782286e-04 3.242468e-04 3.038991e-04
4.307772e+01 3.345936e-04 3.745053e-04 3.252983e-04 3.039771e-04
4.312669e+01 3.332431e-04 3.705610e-04 3.249587e-04 3.042094e-04
4.317566e+01 3.314165e-04 3.665496e-04 3.231946e-04 3.045053e-04
4.322463e+01 3.291467e-04 3.624909e-04 3.202113e-04 3.047381e-04
4.327360e+01 3.264900e-04 3.583068e-04 3.164220e-04 3.047412e-04
4.332257e+01 3.235240e-04 3.538816e-04 3.123683e-04 3.043220e-04
4.337154e+01 3.203447e-04 3.491270e-04 3.086185e-04 3.032887e-04
4.342051e+01 3.170627e-04 3.440300e-04 3.056710e-04 3.014872e-04
4.346948e+01 3.137945e-04 3.386674e-04 3.038814e-04 2.988348e-04
4.351845e+01 3.106453e-04 3.331802e-04 3.034166e-04 2.953390e-04
4.356742e+01 3.076822e-04 3.277189e-04 3.042347e-04 2.910931e-04
4.361639e+01 3.049062e-04 3.223779e-04 3.060884e-04 2.862525e-04
4.366536e+01 3.022345e-04 3.171494e-04 3.085550e-04 2.809991e-04
4.371433e+01 2.995069e-04 3.119160e-04 3.110959e-04 2.755087e-04
4.376330e+01 2.965194e-04 3.064872e-04 3.131408e-04 2.699303e-04
4.381227e+01 2.930758e-04 3.006683e-04 3.141813e-04 2.643778e-04
4.386124e+01 2.890389e-04 2.943314e-04 3.138519e-04 2.589336e-04
4.391022e+01 2.843654e-04 2.874605e-04 3.119801e-04 2.536557e-04
4.395919e+01 2.791132e-04 2.801537e-04 3.085988e-04 2.485871e-04
4.400816e+01 2.734257e-04 2.725859e-04 3.039247e-04 2.437664e-04
4.405713e+01 2.675021e-04 2.649522e-04 2.983153e-04 2.392389e-04
4.410610e+01 2.615671e-04 2.574164e-04 2.922163e-04 2.350687e-04
4.415507e+01 2.558457e-04 2.500842e-04 2.861064e-04 2.313466e-04
4.420404e+01 2.505464e-04 2.430047e-04 2.804441e-04 2.281906e-04
4.425301e+01 2.458494e-04 2.361919e-04 2.756216e-04 2.257346e-04
4.430198e+01 2.418971e-04 2.296528e-04 2.719313e-04 2.241071e-04
4.435095e+01 2.387863e-04 2.234072e-04 2.695473e-04 2.234042e-04
4.439992e+01 2.365600e-04 2.174958e-04 2.685213e-04 2.236628e-04
4.444889e+01 2.351993e-04 2.119735e-04 2.687848e-04 2.248398e-04
4.449786e+01 2.346151e-04 2.068961e-04 2.701504e-04 2.267989e-04
4.454683e+01 2.346415e-04 2.023048e-04 2.723126e-04 2.293070e-04
4.459580e+01 2.350383e-04 1.982152e-04 2.748594e-04 2.320402e-04
4.464477e+01 2.355104e-04 1.946147e-04 2.773107e-04 2.346058e-04
4.469374e+01 2.357483e-04 1.914687e-04 2.791942e-04 2.365820e-04
4.474272e+01 2.354852e-04 1.887328e-04 2.801466e-04 2.375762e-04
4.479169e+01 2.345552e-04 1.863662e-04 2.800076e-04 2.372917e-04
4.484066e+01 2.329308e-04 1.843401e-04 2.788657e-04 2.355866e-04
4.488963e+01 2.307242e-04 1.826404e-04 2.770270e-04 2.325052e-04
4.493860e+01 2.281477e-04 1.812635e-04 2.749084e-04 2.282713e-04
4.498757e+01 2.254463e-04 1.802080e-04 2.728907e-04 2.232402e-04
4.503654e+01 2.228244e-04 1.794644e-04 2.711844e-04 2.178246e-04
4.508551e+01 2.203902e-04 1.790037e-04 2.697559e-04 2.124109e-04
4.513448e+01 2.181307e-04 1.787661e-04 2.683359e-04 2.072901e-04
4.518345e+01 2.159227e-04 1.786524e-04 2.664992e-04 2.026164e-04
4.523242e+01 2.135692e-04 1.785234e-04 2.637821e-04 1.984019e-04
4.528139e+01 2.108499e-04 1.782117e-04 2.597972e-04 1.945409e-04
4.533036e+01 2.075707e-04 1.775450e-04 2.543123e-04 1.908549e-04
4.537933e+01 2.036004e-04 1.763757e-04 2.472814e-04 1.871441e-04
4.542830e+01 1.988893e-04 1.746061e-04 2.388298e-04 1.832320e-04
4.547727e+01 1.934675e-04 1.721985e-04 2.292067e-04 1.789973e-04
4.552625e+01 1.874265e-04 1.691680e-04 2.187239e-04 1.743875e-04
4.557522e+01 1.808910e-04 1.655601e-04 2.076961e-04 1.694167e-04
4.562419e+01 1.739888e-04 1.614219e-04 1.963953e-04 1.641491e-04
4.567316e+01 1.668264e-04 1.567777e-04 1.850268e-04 1.586748e-04
4.572213e+01 1.594785e-04 1.516193e-04 1.737289e-04 1.530872e-04
4.577110e+01 1.519921e-04 1.459152e-04 1.625918e-04 1.474694e-04
4.582007e+01 1.444084e-04 1.396397e-04 1.516877e-04 1.418978e-04
4.586904e+01 1.367925e-04 1.328153e-04 1.411005e-04 1.364615e-04
4.591801e+01 1.292639e-04 1.255552e-04 1.309484e-04 1.312880e-04
4.596698e+01 1.220126e-04 1.180869e-04 1.213889e-04 1.265621e-04
4.601595e+01 1.152905e-04 1.107447e-04 1.126080e-04 1.225187e-04
4.606492e+01 1.093721e-04 1.039222e-04 1.047905e-04 1.194036e-04
4.611389e+01 1.044908e-04 9.799218e-05 9.807757e-05 1.174028e-04
4.616286e+01 1.007623e-04 9.321298e-05 9.251834e-05 1.165555e-04
4.621183e+01 9.811697e-05 8.964610e-05 8.802753e-05 1.166773e-04
4.626080e+01 9.626491e-05 8.711039e-05 8.436379e-05 1.173206e-04
4.630977e+01 9.470949e-05 8.518999e-05 8.114218e-05 1.177963e-04
4.635875e+01 9.281818e-05 8.330038e-05 7.788695e-05 1.172672e-04
4.640772e+01 8.994064e-05 8.080167e-05 7.411799e-05 1.149023e-04
4.645669e+01 8.554857e-05 7.713475e-05 6.945131e-05 1.100597e-04
4.650566e+01 7.936077e-05 7.194720e-05 6.368547e-05 1.024496e-04
4.655463e+01 7.141672e-05 6.517579e-05 5.684788e-05 9.222647e-05
4.660360e+01 6.207544e-05 5.706237e-05 4.918709e-05 7.997684e-05
4.665257e+01 5.193882e-05 4.809845e-05 4.111422e-05 6.660379e-05
4.670154e+01 4.172223e-05 3.891479e-05 3.311234e-05 5.313955e-05
4.675051e+01 3.211042e-05 3.014818e-05 2.564036e-05 4.054273e-05
4.679948e+01 2.363816e-05 2.232227e-05 1.905576e-05 2.953644e-05
4.684845e+01 1.662232e-05 1.577141e-05 1.357131e-05 2.052425e-05
4.689742e+01 1.115318e-05 1.061934e-05 9.248905e-06 1.359129e-05
4.694639e+01 7.133807e-06 6.806860e-06 6.023402e-06 8.571157e-06
4.699536e+01 4.346060e-06 4.149672e-06 3.743741e-06 5.144766e-06
4.704433e+01 2.519949e-06 2.404058e-06 2.217834e-06 2.937956e-06
4.709330e+01 1.389649e-06 1.322600e-06 1.250773e-06 1.595572e-06
4.714227e+01 7.283664e-07 6.905353e-07 6.707307e-07 8.238333e-07
4.719125e+01 3.626246e-07 3.419532e-07 3.416356e-07 4.042851e-07
4.724022e+01 1.713847e-07 1.605256e-07 1.651147e-07 1.885139e-07
4.728919e+01 7.685162e-08 7.140251e-08 7.565160e-08 8.350076e-08
4.733816e+01 3.267928e-08 3.008070e-08 3.283242e-08 3.512471e-08
4.738713e+01 1.317090e-08 1.199770e-08 1.348723e-08 1.402777e-08
4.743610e+01 5.029020e-09 4.528886e-09 5.240827e-09 5.317348e-09
4.748507e+01 1.818377e-09 1.617427e-09 1.925249e-09 1.912454e-09
4.753404e+01 6.223458e-10 5.463205e-10 6.682983e-10 6.524187e-10
4.758301e+01 2.015219e-10 1.744736e-10 2.190816e-10 2.110106e-10
4.763198e+01 6.170399e-11 5.265193e-11 6.780174e-11 6.465830e-11
4.768095e+01 1.781773e-11 1.498112e-11 1.976898e-11 1.870308e-11
4.772992e+01 4.796644e-12 3.964372e-12 5.384982e-12 5.040579e-12
4.777889e+01 1.199862e-12 9.702409e-13 1.381679e-12 1.247667e-12
4.782786e+01 2.554404e-13 1.954896e-13 3.247244e-13 2.461073e-13
4.787683e+01 3.660122e-14 1.856979e-14 4.182282e-14 4.941105e-14
4.792580e+01 0.000000e+00 0.000000e+00 0.000000e+00 0.000000e+00
4.797478e+01 0.000000e+00 0.000000e+00 0.000000e+00 0.000000e+00
4.802375e+01 0.000000e+00 0.000000e+00 0.000000e+00 0.000000e+00
4.807272e+01 0.000000e+00 0.000000e+00 0.000000e+00 0.000000e+00
4.812169e+01 0.000000e+00 0.000000e+00 0.000000e+00 0.000000e+00
4.817066e+01 0.000000e+00 0.000000e+00 0.000000e+00 0.000000e+00
4.821963e+01 0.000000e+00 0.000000e+00 0.000000e+00 0.000000e+00
4.826860e+01 0.000000e+00 0.000000e+00 0.000000e+00 0.000000e+00
4.831757e+01 0.000000e+00 0.000000e+00 0.000000e+00 0.000000e+00
4.836654e+01 0.000000e+00 0.000000e+00 0.000000e+00 0.000000e+00
4.841551e+01 0.000000e+00 0.000000e+00 0.000000e+00 0.000000e+00
4.846448e+01 0.000000e+00 0.000000e+00 0.000000e+00 0.000000e+00
4.851345e+01 0.000000e+00 0.000000e+00 0.000000e+00 0.000000e+00
4.856242e+01 0.000000e+00 0.000000e+00 0.000000e+00 0.000000e+00
4.861139e+01 0.000000e+00 0.000000e+00 0.000000e+00 0.000000e+00
4.866036e+01 0.000000e+00 0.000000e+00 0.000000e+00 0.000000e+00
4.870933e+01 0.000000e+00 0.000000e+00 0.000000e+00 0.000000e+00
4.875830e+01 0.000000e+00 0.000000e+00 0.000000e+00 0.000000e+00
4.880728e+01 0.000000e+00 0.000000e+00 0.000000e+00 0.000000e+00
4.885625e+01 0.000000e+00 0.000000e+00 0.000000e+00 0.000000e+00
4.890522e+01 0.000000e+00 0.000000e+00 0.000000e+00 0.000000e+00
4.895419e+01 0.000000e+00 0.000000e+00 0.000000e+00 0.000000e+00
4.900316e+01 0.000000e+00 0.000000e+00 0.000000e+00 0.000000e+00
4.905213e+01 0.000000e+00 0.000000e+00 0.000000e+00 0.000000e+00
4.910110e+01 0.000000e+00 0.000000e+00 0.000000e+00 0.000000e+00
4.915007e+01 0.000000e+00 0.000000e+00 0.000000e+00 0.000000e+00
4.919904e+01 0.000000e+00 0.000000e+00 0.000000e+00 0.000000e+00
4.924801e+01 0.000000e+00 0.000000e+00 0.000000e+00 0.000000e+00
4.929698e+01 0.000000e+00 0.000000e+00 0.000000e+00 0.000000e+00
4.934595e+01 0.000000e+00 0.000000e+00 0.000000e+00 0.000000e+00
4.939492e+01 0.000000e+00 0.000000e+00 0.000000e+00 0.000000e+00
4.944389e+01 0.000000e+00 0.000000e+00 0.000000e+00 0.000000e+00
4.949286e+01 0.000000e+00 0.000000e+00 0.000000e+00 0.000000e+00
4.954183e+01 0.000000e+00 0.000000e+00 0.000000e+00 0.000000e+00
4.959080e+01 0.000000e+00 0.000000e+00 0.000000e+00 0.000000e+00
4.963978e+01 0.000000e+00 0.000000e+00 0.000000e+00 0.000000e+00
4.968875e+01 0.000000e+00 0.000000e+00 0.000000e+00 0.000000e+00
4.973772e+01 0.000000e+00 0.000000e+00 0.000000e+00 0.000000e+00
4.978669e+01 0.000000e+00 0.000000e+00 0.000000e+00 0.000000e+00
4.983566e+01 0.000000e+00 0.000000e+00 0.000000e+00 0.000000e+00
4.988463e+01 0.000000e+00 0.000000e+00 0.000000e+00 0.000000e+00
4.993360e+01 0.000000e+00 0.000000e+00 0.000000e+00 0.000000e+00
4.998257e+01 0.000000e+00 0.000000e+00 0.000000e+00 0.000000e+00
5.003154e+01 0.000000e+00 0.000000e+00 0.000000e+00 0.000000e+00
5.008051e+01 0.000000e+00 0.000000e+00 0.000000e+00 0.000000e+00
5.012948e+01 0.000000e+00 0.000000e+00 0.000000e+00 0.000000e+00
5.017845e+01 0.000000e+00 0.000000e+00 0.000000e+00 0.000000e+00
5.022742e+01 0.000000e+00 0.000000e+00 0.000000e+00 0.000000e+00
5.027639e+01 0.000000e+00 0.000000e+00 0.000000e+00 0.000000e+00
5.032536e+01 0.000000e+00 0.000000e+00 0.000000e+00 0.000000e+00
5.037433e+01 0.000000e+00 0.000000e+00 0.000000e+00 0.000000e+00
5.042331e+01 0.000000e+00 0.000000e+00 0.000000e+00 0.000000e+00
5.047228e+01 0.000000e+00 0.000000e+00 0.000000e+00 0.000000e+00
5.052125e+01 0.000000e+00 0.000000e+00 0.000000e+00 0.000000e+00
5.057022e+01 0.000000e+00 0.000000e+00 0.000000e+00 0.000000e+00
5.061919e+01 0.000000e+00 0.000000e+00 0.000000e+00 0.000000e+00
5.066816e+01 0.000000e+00 0.000000e+00 0.000000e+00 0.000000e+00
5.071713e+01 0.000000e+00 0.000000e+00 0.000000e+00 0.000000e+00
5.076610e+01 0.000000e+00 0.000000e+00 0.000000e+00 0.000000e+00
5.081507e+01 0.000000e+00 0.000000e+00 0.000000e+00 0.000000e+00
5.086404e+01 0.000000e+00 0.000000e+00 0.000000e+00 0.000000e+00
5.091301e+01 0.000000e+00 0.000000e+00 0.000000e+00 0.000000e+00
5.096198e+01 0.000000e+00 0.000000e+00 0.000000e+00 0.000000e+00
5.101095e+01 0.000000e+00 0.000000e+00 0.000000e+00 0.000000e+00
5.105992e+01 0.000000e+00 0.000000e+00 0.000000e+00 0.000000e+00
5.110889e+01 0.000000e+00 0.000000e+00 0.000000e+00 0.000000e+00
5.115786e+01 0.000000e+00 0.000000e+00 0.000000e+00 0.000000e+00
5.120683e+01 0.000000e+00 0.000000e+00 0.000000e+00 0.000000e+00
5.125581e+01 0.000000e+00 0.000000e+00 0.000000e+00 0.000000e+00
5.130478e+01 0.000000e+00 0.000000e+00 0.000000e+00 0.000000e+00
5.135375e+01 0.000000e+00 0.000000e+00 0.000000e+00 0.000000e+00
5.140272e+01 0.000000e+00 0.000000e+00 0.000000e+00 0.000000e+00
5.145169e+01 0.000000e+00 0.000000e+00 0.000000e+00 0.000000e+00
5.150066e+01 0.000000e+00 0.000000e+00 0.000000e+00 0.000000e+00
5.154963e+01 0.000000e+00 0.000000e+00 0.000000e+00 0.000000e+00
5.159860e+01 0.000000e+00 0.000000e+00 0.000000e+00 0.000000e+00
5.164757e+01 0.000000e+00 0.000000e+00 0.000000e+00 0.000000e+00
5.169654e+01 0.000000e+00 0.000000e+00 0.000000e+00 0.000000e+00
5.174551e+01 0.000000e+00 0.000000e+00 0.000000e+00 0.000000e+00
5.179448e+01 0.000000e+00 0.000000e+00 0.000000e+00 0.000000e+00
5.184345e+01 0.000000e+00 0.000000e+00 0.000000e+00 0.000000e+00
5.189242e+01 0.000000e+00 0.000000e+00 0.000000e+00 0.000000e+00
5.194139e+01 0.000000e+00 0.000000e+00 0.000000e+00 0.000000e+00
5.199036e+01 0.000000e+00 0.000000e+00 0.000000e+00 0.000000e+00
5.203933e+01 0.000000e+00 0.000000e+00 0.000000e+00 0.000000e+00
5.208831e+01 0.000000e+00 0.000000e+00 0.000000e+00 0.000000e+00
5.213728e+01 0.000000e+00 0.000000e+00 0.000000e+00 0.000000e+00
5.218625e+01 0.000000e+00 0.000000e+00 0.000000e+00 0.000000e+00
5.223522e+01 0.000000e+00 0.000000e+00 0.000000e+00 0.000000e+00
5.228419e+01 0.000000e+00 0.000000e+00 0.000000e+00 0.000000e+00
5.233316e+01 0.000000e+00 0.000000e+00 0.000000e+00 0.000000e+00
5.238213e+01 0.000000e+00 0.000000e+00 0.000000e+00 0.000000e+00
5.243110e+01 0.000000e+00 0.000000e+00 0.000000e+00 0.000000e+00
5.248007e+01 0.000000e+00 0.000000e+00 0.000000e+00 0.000000e+00
5.252904e+01 0.000000e+00 0.000000e+00 0.000000e+00 0.000000e+00
5.257801e+01 0.000000e+00 0.000000e+00 0.000000e+00 0.000000e+00
5.262698e+01 0.000000e+00 0.000000e+00 0.000000e+00 0.000000e+00
5.267595e+01 0.000000e+00 0.000000e+00 0.000000e+00 0.000000e+00
5.272492e+01 0.000000e+00 0.000000e+00 0.000000e+00 0.000000e+00
5.277389e+01 0.000000e+00 0.000000e+00 0.000000e+00 0.000000e+00
5.282286e+01 0.000000e+00 0.000000e+00 0.000000e+00 0.000000e+00
5.287184e+01 0.000000e+00 0.000000e+00 0.000000e+00 0.000000e+00
5.292081e+01 0.000000e+00 0.000000e+00 0.000000e+00 0.000000e+00
5.296978e+01 0.000000e+00 0.000000e+00 0.000000e+00 0.000000e+00
5.301875e+01 0.000000e+00 0.000000e+00 0.000000e+00 0.000000e+00
5.306772e+01 0.000000e+00 0.000000e+00 0.000000e+00 0.000000e+00
5.311669e+01 0.000000e+00 0.000000e+00 0.000000e+00 0.000000e+00
5.316566e+01 0.000000e+00 0.000000e+00 0.000000e+00 0.000000e+00
5.321463e+01 0.000000e+00 0.000000e+00 0.000000e+00 0.000000e+00
5.326360e+01 0.000000e+00 0.000000e+00 0.000000e+00 0.000000e+00
5.331257e+01 0.000000e+00 0.000000e+00 0.000000e+00 0.000000e+00
5.336154e+01 0.000000e+00 0.000000e+00 0.000000e+00 0.000000e+00
5.341051e+01 0.000000e+00 0.000000e+00 0.000000e+00 0.000000e+00
5.345948e+01 0.000000e+00 0.000000e+00 0.000000e+00 0.000000e+00
5.350845e+01 0.000000e+00 0.000000e+00 0.000000e+00 0.000000e+00
5.355742e+01 0.000000e+00 0.000000e+00 0.000000e+00 0.000000e+00
5.360639e+01 0.000000e+00 0.000000e+00 0.000000e+00 0.000000e+00
5.365536e+01 0.000000e+00 0.000000e+00 0.000000e+00 0.000000e+00
5.370434e+01 0.000000e+00 0.000000e+00 0.000000e+00 0.000000e+00
5.375331e+01 0.000000e+00 0.000000e+00 0.000000e+00 0.000000e+00
5.380228e+01 0.000000e+00 0.000000e+00 0.000000e+00 0.000000e+00
5.385125e+01 0.000000e+00 0.000000e+00 0.000000e+00 0.000000e+00
5.390022e+01 0.000000e+00 0.000000e+00 0.000000e+00 0.000000e+00
5.394919e+01 0.000000e+00 0.000000e+00 0.000000e+00 0.000000e+00
5.399816e+01 0.000000e+00 0.000000e+00 0.000000e+00 0.000000e+00
5.404713e+01 0.000000e+00 0.000000e+00 0.000000e+00 0.000000e+00
5.409610e+01 0.000000e+00 0.000000e+00 0.000000e+00 0.000000e+00
5.414507e+01 0.000000e+00 0.000000e+00 0.000000e+00 0.000000e+00
5.419404e+01 0.000000e+00 0.000000e+00 0.000000e+00 0.000000e+00
5.424301e+01 0.000000e+00 0.000000e+00 0.000000e+00 0.000000e+00
5.429198e+01 0.000000e+00 0.000000e+00 0.000000e+00 0.000000e+00
5.434095e+01 0.000000e+00 0.000000e+00 0.000000e+00 0.000000e+00
5.438992e+01 0.000000e+00 0.000000e+00 0.000000e+00 0.000000e+00
5.443889e+01 0.000000e+00 0.000000e+00 0.000000e+00 0.000000e+00
5.448786e+01 0.000000e+00 0.000000e+00 0.000000e+00 0.000000e+00
5.453684e+01 0.000000e+00 0.000000e+00 0.000000e+00 0.000000e+00
5.458581e+01 0.000000e+00 0.000000e+00 0.000000e+00 0.000000e+00
5.463478e+01 0.000000e+00 0.000000e+00 0.000000e+00 0.000000e+00
5.468375e+01 0.000000e+00 0.000000e+00 0.000000e+00 0.000000e+00
5.473272e+01 0.000000e+00 0.000000e+00 0.000000e+00 0.000000e+00
5.478169e+01 0.000000e+00 0.000000e+00 0.000000e+00 0.000000e+00
5.483066e+01 0.000000e+00 0.000000e+00 0.000000e+00 0.000000e+00
5.487963e+01 0.000000e+00 0.000000e+00 0.000000e+00 0.000000e+00
5.492860e+01 0.000000e+00 0.000000e+00 0.000000e+00 0.000000e+00
5.497757e+01 0.000000e+00 0.000000e+00 0.000000e+00 0.000000e+00
5.502654e+01 0.000000e+00 0.000000e+00 0.000000e+00 0.000000e+00
5.507551e+01 0.000000e+00 0.000000e+00 0.000000e+00 0.000000e+00
5.512448e+01 0.000000e+00 0.000000e+00 0.000000e+00 0.000000e+00
5.517345e+01 0.000000e+00 0.000000e+00 0.000000e+00 0.000000e+00
5.522242e+01 0.000000e+00 0.000000e+00 0.000000e+00 0.000000e+00
5.527139e+01 0.000000e+00 0.000000e+00 0.000000e+00 0.000000e+00
5.532037e+01 0.000000e+00 0.000000e+00 0.000000e+00 0.000000e+00
5.536934e+01 0.000000e+00 0.000000e+00 0.000000e+00 0.000000e+00
5.541831e+01 0.000000e+00 0.000000e+00 0.000000e+00 0.000000e+00
5.546728e+01 0.000000e+00 0.000000e+00 0.000000e+00 0.000000e+00
5.551625e+01 0.000000e+00 0.000000e+00 0.000000e+00 0.000000e+00
5.556522e+01 0.000000e+00 0.000000e+00 0.000000e+00 0.000000e+00
5.561419e+01 0.000000e+00 0.000000e+00 0.000000e+00 0.000000e+00
5.566316e+01 0.000000e+00 0.000000e+00 0.000000e+00 0.000000e+00
5.571213e+01 0.000000e+00 0.000000e+00 0.000000e+00 0.000000e+00
5.576110e+01 0.000000e+00 0.000000e+00 0.000000e+00 0.000000e+00
5.581007e+01 0.000000e+00 0.000000e+00 0.000000e+00 0.000000e+00
5.585904e+01 0.000000e+00 0.000000e+00 0.000000e+00 0.000000e+00
5.590801e+01 0.000000e+00 0.000000e+00 0.000000e+00 0.000000e+00
5.595698e+01 0.000000e+00 0.000000e+00 0.000000e+00 0.000000e+00
5.600595e+01 0.000000e+00 0.000000e+00 0.000000e+00 0.000000e+00
5.605492e+01 0.000000e+00 0.000000e+00 0.000000e+00 0.000000e+00
5.610389e+01 0.000000e+00 0.000000e+00 0.000000e+00 0.000000e+00
5.615287e+01 0.000000e+00 0.000000e+00 0.000000e+00 0.000000e+00
5.620184e+01 0.000000e+00 0.000000e+00 0.000000e+00 0.000000e+00
5.625081e+01 0.000000e+00 0.000000e+00 0.000000e+00 0.000000e+00
5.629978e+01 0.000000e+00 0.000000e+00 0.000000e+00 0.000000e+00
5.634875e+01 0.000000e+00 0.000000e+00 0.000000e+00 0.000000e+00
