7.250727e+00 0.000000e+00 0.000000e+00 0.000000e+00 0.000000e+00
7.302727e+00 0.000000e+00 0.000000e+00 0.000000e+00 0.000000e+00
7.354727e+00 0.000000e+00 0.000000e+00 0.000000e+00 0.000000e+00
7.406727e+00 0.000000e+00 0.000000e+00 0.000000e+00 0.000000e+00
7.458727e+00 0.000000e+00 0.000000e+00 0.000000e+00 0.000000e+00
7.510727e+00 0.000000e+00 0.000000e+00 0.000000e+00 0.000000e+00
7.562727e+00 0.000000e+00 0.000000e+00 0.000000e+00 0.000000e+00
7.614727e+00 0.000000e+00 0.000000e+00 0.000000e+00 0.000000e+00
7.666727e+00 0.000000e+00 0.000000e+00 0.000000e+00 0.000000e+00
7.718727e+00 0.000000e+00 0.000000e+00 0.000000e+00 0.000000e+00
7.770727e+00 0.000000e+00 0.000000e+00 0.000000e+00 0.000000e+00
7.822727e+00 0.000000e+00 0.000000e+00 0.000000e+00 0.000000e+00
7.874727e+00 0.000000e+00 0.000000e+00 0.000000e+00 0.000000e+00
7.926727e+00 0.000000e+00 0.000000e+00 0.000000e+00 0.000000e+00
7.978727e+00 0.000000e+00 0.000000e+00 0.000000e+00 0.000000e+00
8.030727e+00 0.000000e+00 0.000000e+00 0.000000e+00 0.000000e+00
8.082727e+00 0.000000e+00 0.000000e+00 0.000000e+00 0.000000e+00
8.134727e+00 0.000000e+00 0.000000e+00 0.000000e+00 0.000000e+00
8.186727e+00 0.000000e+00 0.000000e+00 0.000000e+00 0.000000e+00
8.238727e+00 0.000000e+00 0.000000e+00 0.000000e+00 0.000000e+00
8.290727e+00 0.000000e+00 0.000000e+00 0.000000e+00 0.000000e+00
8.342727e+00 0.000000e+00 0.000000e+00 0.000000e+00 0.000000e+00
8.394727e+00 0.000000e+00 0.000000e+00 0.000000e+00 0.000000e+00
8.446727e+00 0.000000e+00 0.000000e+00 0.000000e+00 0.000000e+00
8.498727e+00 0.000000e+00 0.000000e+00 0.000000e+00 0.000000e+00
8.550727e+00 0.000000e+00 0.000000e+00 0.000000e+00 0.000000e+00
8.602727e+00 0.000000e+00 0.000000e+00 0.000000e+00 0.000000e+00
8.654727e+00 0.000000e+00 0.000000e+00 0.000000e+00 0.000000e+00
8.706727e+00 0.000000e+00 0.000000e+00 0.000000e+00 0.000000e+00
8.758727e+00 0.000000e+00 0.000000e+00 0.000000e+00 0.000000e+00
8.810727e+00 0.000000e+00 0.000000e+00 0.000000e+00 0.000000e+00
8.862727e+00 0.000000e+00 0.000000e+00 0.000000e+00 0.000000e+00
8.914727e+00 0.000000e+00 0.000000e+00 0.000000e+00 0.000000e+00
8.966727e+00 0.000000e+00 0.000000e+00 0.000000e+00 0.000000e+00
9.018727e+00 0.000000e+00 0.000000e+00 0.000000e+00 0.000000e+00
9.070727e+00 0.000000e+00 0.000000e+00 0.000000e+00 0.000000e+00
9.122727e+00 0.000000e+00 0.000000e+00 0.000000e+00 0.000000e+00
9.174727e+00 0.000000e+00 0.000000e+00 0.000000e+00 0.000000e+00
9.226727e+00 0.000000e+00 0.000000e+00 0.000000e+00 0.000000e+00
9.278727e+00 0.000000e+00 0.000000e+00 0.000000e+00 0.000000e+00
9.330727e+00 0.000000e+00 0.000000e+00 0.000000e+00 0.000000e+00
9.382727e+00 0.000000e+00 0.000000e+00 0.000000e+00 0.000000e+00
9.434727e+00 0.000000e+00 0.000000e+00 0.000000e+00 0.000000e+00
9.486727e+00 0.000000e+00 0.000000e+00 0.000000e+00 0.000000e+00
9.538727e+00 0.000000e+00 0.000000e+00 0.000000e+00 0.000000e+00
9.590727e+00 0.000000e+00 0.000000e+00 0.000000e+00 0.000000e+00
9.642727e+00 0.000000e+00 0.000000e+00 0.000000e+00 0.000000e+00
9.694727e+00 0.000000e+00 0.000000e+00 0.000000e+00 0.000000e+00
9.746727e+00 0.000000e+00 0.000000e+00 0.000000e+00 0.000000e+00
9.798727e+00 0.000000e+00 0.000000e+00 0.000000e+00 0.000000e+00
9.850727e+00 0.000000e+00 0.000000e+00 0.000000e+00 0.000000e+00
9.902727e+00 0.000000e+00 0.000000e+00 0.000000e+00 0.000000e+00
9.954727e+00 0.000000e+00 0.000000e+00 0.000000e+00 0.000000e+00
1.000673e+01 0.000000e+00 0.000000e+00 0.000000e+00 0.000000e+00
1.005873e+01 0.000000e+00 0.000000e+00 0.000000e+00 0.000000e+00
1.011073e+01 0.000000e+00 0.000000e+00 0.000000e+00 0.000000e+00
1.016273e+01 0.000000e+00 0.000000e+00 0.000000e+00 0.000000e+00
1.021473e+01 0.000000e+00 0.000000e+00 0.000000e+00 0.000000e+00
1.026673e+01 0.000000e+00 0.000000e+00 0.000000e+00 0.000000e+00
1.031873e+01 0.000000e+00 0.000000e+00 0.000000e+00 0.000000e+00
1.037073e+01 0.000000e+00 0.000000e+00 0.000000e+00 0.000000e+00
1.042273e+01 0.000000e+00 0.000000e+00 0.000000e+00 0.000000e+00
1.047473e+01 0.000000e+00 0.000000e+00 0.000000e+00 0.000000e+00
1.052673e+01 0.000000e+00 0.000000e+00 0.000000e+00 0.000000e+00
1.057873e+01 0.000000e+00 0.000000e+00 0.000000e+00 0.000000e+00
1.063073e+01 0.000000e+00 0.000000e+00 0.000000e+00 0.000000e+00
1.068273e+01 0.000000e+00 0.000000e+00 0.000000e+00 0.000000e+00
1.073473e+01 0.000000e+00 0.000000e+00 0.000000e+00 0.000000e+00
1.078673e+01 0.000000e+00 0.000000e+00 0.000000e+00 0.000000e+00
1.083873e+01 0.000000e+00 0.000000e+00 0.000000e+00 0.000000e+00
1.089073e+01 0.000000e+00 0.000000e+00 0.000000e+00 0.000000e+00
1.094273e+01 0.000000e+00 0.000000e+00 0.000000e+00 0.000000e+00
1.099473e+01 0.000000e+00 0.000000e+00 0.000000e+00 0.000000e+00
1.104673e+01 0.000000e+00 0.000000e+00 0.000000e+00 0.000000e+00
1.109873e+01 2.147223e-14 8.191720e-15 8.580115e-15 4.764487e-14
1.115073e+01 9.827411e-14 3.749186e-14 3.926947e-14 2.180610e-13
1.120273e+01 6.113403e-13 2.442266e-13 2.573467e-13 1.332448e-12
1.125473e+01 2.549574e-12 1.022201e-12 1.077916e-12 5.548605e-12
1.130673e+01 1.063445e-11 4.313680e-12 4.561173e-12 2.302850e-11
1.135873e+01 3.967159e-11 1.617521e-11 1.712470e-11 8.571487e-11
1.141073e+01 1.395906e-10 5.723455e-11 6.067716e-11 3.008601e-10
1.146273e+01 4.612665e-10 1.901263e-10 2.018387e-10 9.918344e-10
1.151473e+01 1.437136e-09 5.955209e-10 6.331225e-10 3.082764e-09
1.156673e+01 4.219944e-09 1.757963e-09 1.871783e-09 9.030086e-09
1.161873e+01 1.168799e-08 4.894551e-09 5.219527e-09 2.494990e-08
1.167073e+01 3.056287e-08 1.286383e-08 1.373953e-08 6.508526e-08
1.172273e+01 7.550504e-08 3.193438e-08 3.416217e-08 1.604186e-07
1.177473e+01 1.763718e-07 7.493542e-08 8.028816e-08 3.738919e-07
1.182673e+01 3.899026e-07 1.663486e-07 1.785013e-07 8.248579e-07
1.187873e+01 8.166161e-07 3.496805e-07 3.757683e-07 1.724399e-06
1.193073e+01 1.622397e-06 6.968442e-07 7.498357e-07 3.420511e-06
1.198273e+01 3.062076e-06 1.318242e-06 1.420198e-06 6.447787e-06
1.203473e+01 5.499845e-06 2.371040e-06 2.557071e-06 1.157142e-05
1.208673e+01 9.419693e-06 4.062281e-06 4.384661e-06 1.981214e-05
1.213873e+01 1.541918e-05 6.643535e-06 7.175057e-06 3.243894e-05
1.219073e+01 2.418178e-05 1.039498e-05 1.123038e-05 5.091998e-05
1.224273e+01 3.642524e-05 1.559840e-05 1.685270e-05 7.682463e-05
1.229473e+01 5.282305e-05 2.249953e-05 2.430240e-05 1.116672e-04
1.234673e+01 7.389389e-05 3.126024e-05 3.374583e-05 1.566756e-04
1.239873e+01 9.985249e-05 4.190044e-05 4.519265e-05 2.124644e-04
1.245073e+01 1.304235e-04 5.423223e-05 5.842598e-05 2.786124e-04
1.250273e+01 1.646433e-04 6.779584e-05 7.293586e-05 3.531983e-04
1.255473e+01 2.007076e-04 8.181821e-05 8.787836e-05 4.324263e-04
1.260673e+01 2.359506e-04 9.522324e-05 1.020914e-04 5.105371e-04
1.265873e+01 2.670379e-04 1.067210e-04 1.141953e-04 5.801975e-04
1.271073e+01 2.904078e-04 1.149846e-04 1.227867e-04 6.334522e-04
1.276273e+01 3.029096e-04 1.188925e-04 1.267008e-04 6.631355e-04
1.281473e+01 3.024987e-04 1.177828e-04 1.252851e-04 6.644283e-04
1.286673e+01 2.887962e-04 1.116506e-04 1.186126e-04 6.361255e-04
1.291873e+01 2.633388e-04 1.012309e-04 1.075786e-04 5.812069e-04
1.297073e+01 2.294385e-04 8.794889e-05 9.386335e-05 5.065034e-04
1.302273e+01 1.917036e-04 7.376689e-05 7.979379e-05 4.215502e-04
1.307473e+01 1.553864e-04 6.099746e-05 6.816705e-05 3.369947e-04
1.312673e+01 1.257687e-04 5.215378e-05 6.209533e-05 2.630569e-04
1.317873e+01 1.077374e-04 4.987221e-05 6.488444e-05 2.084556e-04
1.323073e+01 1.055778e-04 5.687465e-05 7.989762e-05 1.799612e-04
1.328273e+01 1.228782e-04 7.587951e-05 1.103189e-04 1.824362e-04
1.333473e+01 1.623811e-04 1.093579e-04 1.587533e-04 2.190323e-04
1.338673e+01 2.256671e-04 1.590916e-04 2.266886e-04 2.912211e-04
1.343873e+01 3.126930e-04 2.256083e-04 3.139559e-04 3.985148e-04
1.349073e+01 4.213519e-04 3.076891e-04 4.183907e-04 5.379759e-04
1.354273e+01 5.472872e-04 4.021987e-04 5.358708e-04 7.037920e-04
1.359473e+01 6.841436e-04 5.044165e-04 6.607880e-04 8.872264e-04
1.364673e+01 8.243092e-04 6.088753e-04 7.868725e-04 1.077180e-03
1.369873e+01 9.600537e-04 7.105051e-04 9.082001e-04 1.261456e-03
1.375073e+01 1.084865e-03 8.057412e-04 1.020201e-03 1.428654e-03
1.380273e+01 1.194720e-03 8.932611e-04 1.120508e-03 1.570392e-03
1.385473e+01 1.288974e-03 9.741435e-04 1.209469e-03 1.683309e-03
1.390673e+01 1.370558e-03 1.051426e-03 1.290132e-03 1.770116e-03
1.395873e+01 1.445261e-03 1.129189e-03 1.367519e-03 1.839075e-03
1.401073e+01 1.520095e-03 1.211364e-03 1.447208e-03 1.901713e-03
1.406273e+01 1.601133e-03 1.300506e-03 1.533536e-03 1.969358e-03
1.411473e+01 1.691532e-03 1.396802e-03 1.628086e-03 2.049707e-03
1.416673e+01 1.790538e-03 1.497663e-03 1.729163e-03 2.144787e-03
1.421873e+01 1.894011e-03 1.598208e-03 1.832678e-03 2.251149e-03
1.427073e+01 1.996358e-03 1.692684e-03 1.934242e-03 2.362148e-03
1.432273e+01 2.093129e-03 1.776496e-03 2.031645e-03 2.471245e-03
1.437473e+01 2.183192e-03 1.848045e-03 2.126609e-03 2.574922e-03
1.442673e+01 2.269599e-03 1.909566e-03 2.225038e-03 2.674192e-03
1.447873e+01 2.358898e-03 1.966523e-03 2.335663e-03 2.774510e-03
1.453073e+01 2.459367e-03 2.025891e-03 2.467711e-03 2.884497e-03
1.458273e+01 2.578885e-03 2.094161e-03 2.628454e-03 3.014041e-03
1.463473e+01 2.723040e-03 2.175951e-03 2.821222e-03 3.171947e-03
1.468673e+01 2.893563e-03 2.273593e-03 3.043972e-03 3.363123e-03
1.473873e+01 3.087056e-03 2.387356e-03 3.288313e-03 3.585498e-03
1.479073e+01 3.294138e-03 2.515662e-03 3.539120e-03 3.827633e-03
1.484273e+01 3.499551e-03 2.654848e-03 3.775326e-03 4.068479e-03
1.489473e+01 3.683893e-03 2.798688e-03 3.972575e-03 4.280416e-03
1.494673e+01 3.827206e-03 2.938351e-03 4.107844e-03 4.435423e-03
1.499873e+01 3.913724e-03 3.063461e-03 4.165110e-03 4.512599e-03
1.505073e+01 3.936307e-03 3.164354e-03 4.140225e-03 4.504341e-03
1.510273e+01 3.898914e-03 3.234795e-03 4.043093e-03 4.418854e-03
1.515473e+01 3.816088e-03 3.273960e-03 3.896082e-03 4.278223e-03
1.520673e+01 3.709549e-03 3.286663e-03 3.729021e-03 4.112962e-03
1.525873e+01 3.602994e-03 3.281586e-03 3.572361e-03 3.955036e-03
1.531073e+01 3.516702e-03 3.268246e-03 3.450580e-03 3.831281e-03
1.536273e+01 3.463366e-03 3.253987e-03 3.377603e-03 3.758507e-03
1.541473e+01 3.446086e-03 3.242226e-03 3.355165e-03 3.740868e-03
1.546673e+01 3.458786e-03 3.232479e-03 3.374116e-03 3.769762e-03
1.551873e+01 3.488733e-03 3.221829e-03 3.417974e-03 3.826395e-03
1.557073e+01 3.520436e-03 3.206891e-03 3.467638e-03 3.886777e-03
1.562273e+01 3.539891e-03 3.185281e-03 3.506135e-03 3.928257e-03
1.567473e+01 3.538127e-03 3.156121e-03 3.522409e-03 3.935850e-03
1.572673e+01 3.513179e-03 3.119789e-03 3.513445e-03 3.906304e-03
1.577873e+01 3.470090e-03 3.077593e-03 3.484333e-03 3.848343e-03
1.583073e+01 3.419059e-03 3.031975e-03 3.446329e-03 3.778873e-03
1.588273e+01 3.372445e-03 2.987318e-03 3.413470e-03 3.716546e-03
1.593473e+01 3.341557e-03 2.950795e-03 3.398730e-03 3.675147e-03
1.598673e+01 3.334198e-03 2.932394e-03 3.410895e-03 3.659305e-03
1.603873e+01 3.353469e-03 2.943539e-03 3.453009e-03 3.663857e-03
1.609073e+01 3.397847e-03 2.994367e-03 3.522534e-03 3.676640e-03
1.614273e+01 3.462058e-03 3.090396e-03 3.612646e-03 3.683133e-03
1.619473e+01 3.538137e-03 3.229677e-03 3.713772e-03 3.670963e-03
1.624673e+01 3.616311e-03 3.401410e-03 3.814703e-03 3.632820e-03
1.629873e+01 3.685701e-03 3.586601e-03 3.903254e-03 3.567248e-03
1.635073e+01 3.735150e-03 3.760819e-03 3.966944e-03 3.477685e-03
1.640273e+01 3.754433e-03 3.898589e-03 3.994247e-03 3.370462e-03
1.645473e+01 3.735854e-03 3.978497e-03 3.976525e-03 3.252540e-03
1.650673e+01 3.675867e-03 3.987836e-03 3.910178e-03 3.129587e-03
1.655873e+01 3.576185e-03 3.925542e-03 3.798177e-03 3.004836e-03
1.661073e+01 3.443948e-03 3.802550e-03 3.650235e-03 2.879059e-03
1.666273e+01 3.290775e-03 3.639321e-03 3.481317e-03 2.751686e-03
1.671473e+01 3.130888e-03 3.461154e-03 3.308804e-03 2.622708e-03
1.676673e+01 2.978755e-03 3.292558e-03 3.149068e-03 2.494639e-03
1.681873e+01 2.846778e-03 3.152231e-03 3.014407e-03 2.373696e-03
1.687073e+01 2.743599e-03 3.050020e-03 2.911177e-03 2.269601e-03
1.692273e+01 2.673375e-03 2.986550e-03 2.839594e-03 2.193983e-03
1.697473e+01 2.636106e-03 2.955352e-03 2.795149e-03 2.157817e-03
1.702673e+01 2.628739e-03 2.946496e-03 2.771043e-03 2.168677e-03
1.707873e+01 2.646507e-03 2.950319e-03 2.760717e-03 2.228483e-03
1.713073e+01 2.683923e-03 2.959976e-03 2.759528e-03 2.332265e-03
1.718273e+01 2.735150e-03 2.972173e-03 2.765070e-03 2.468208e-03
1.723473e+01 2.793882e-03 2.986271e-03 2.776272e-03 2.619103e-03
1.728673e+01 2.853216e-03 3.002585e-03 2.791966e-03 2.765097e-03
1.733873e+01 2.905993e-03 3.020863e-03 2.809820e-03 2.887297e-03
1.739073e+01 2.945736e-03 3.039576e-03 2.826210e-03 2.971421e-03
1.744273e+01 2.967834e-03 3.056071e-03 2.837001e-03 3.010430e-03
1.749473e+01 2.970390e-03 3.067186e-03 2.838716e-03 3.005270e-03
1.754673e+01 2.954228e-03 3.069800e-03 2.829397e-03 2.963486e-03
1.759873e+01 2.922038e-03 3.061067e-03 2.808788e-03 2.896258e-03
1.765073e+01 2.877101e-03 3.038448e-03 2.777897e-03 2.814959e-03
1.770273e+01 2.822208e-03 2.999877e-03 2.738346e-03 2.728401e-03
1.775473e+01 2.759244e-03 2.944318e-03 2.691930e-03 2.641485e-03
1.780673e+01 2.689537e-03 2.872645e-03 2.640563e-03 2.555404e-03
1.785873e+01 2.614632e-03 2.788443e-03 2.586477e-03 2.468976e-03
1.791073e+01 2.537033e-03 2.698198e-03 2.532417e-03 2.380483e-03
1.796273e+01 2.460488e-03 2.610526e-03 2.481598e-03 2.289340e-03
1.801473e+01 2.389655e-03 2.534470e-03 2.437411e-03 2.197085e-03
1.806673e+01 2.329257e-03 2.477323e-03 2.402987e-03 2.107462e-03
1.811873e+01 2.283047e-03 2.442678e-03 2.380805e-03 2.025658e-03
1.817073e+01 2.252930e-03 2.429380e-03 2.372380e-03 1.957030e-03
1.822273e+01 2.238511e-03 2.431744e-03 2.377994e-03 1.905795e-03
1.827473e+01 2.237161e-03 2.440995e-03 2.396377e-03 1.874110e-03
1.832673e+01 2.244541e-03 2.447456e-03 2.424386e-03 1.861781e-03
1.837873e+01 2.255419e-03 2.442798e-03 2.456900e-03 1.866561e-03
1.843073e+01 2.264584e-03 2.421713e-03 2.487235e-03 1.884803e-03
1.848273e+01 2.267672e-03 2.382626e-03 2.508236e-03 1.912154e-03
1.853473e+01 2.261796e-03 2.327454e-03 2.513878e-03 1.944055e-03
1.858673e+01 2.245890e-03 2.260730e-03 2.500900e-03 1.976041e-03
1.863873e+01 2.220763e-03 2.188474e-03 2.469846e-03 2.003968e-03
1.869073e+01 2.188864e-03 2.117123e-03 2.425069e-03 2.024401e-03
1.874273e+01 2.153820e-03 2.052630e-03 2.373617e-03 2.035212e-03
1.879473e+01 2.119788e-03 1.999726e-03 2.323361e-03 2.036277e-03
1.884673e+01 2.090750e-03 1.961393e-03 2.280985e-03 2.029874e-03
1.889873e+01 2.069840e-03 1.938641e-03 2.250469e-03 2.020410e-03
1.895073e+01 2.058849e-03 1.930763e-03 2.232484e-03 2.013302e-03
1.900273e+01 2.058035e-03 1.936110e-03 2.224791e-03 2.013205e-03
1.905473e+01 2.066275e-03 1.953239e-03 2.223422e-03 2.022166e-03
1.910673e+01 2.081583e-03 1.982084e-03 2.224222e-03 2.038443e-03
1.915873e+01 2.101876e-03 2.024752e-03 2.224327e-03 2.056550e-03
1.921073e+01 2.125844e-03 2.085638e-03 2.223216e-03 2.068678e-03
1.926273e+01 2.153669e-03 2.170787e-03 2.223157e-03 2.067063e-03
1.931473e+01 2.187361e-03 2.286602e-03 2.228978e-03 2.046504e-03
1.936673e+01 2.230488e-03 2.438178e-03 2.247163e-03 2.006122e-03
1.941873e+01 2.287211e-03 2.627491e-03 2.284388e-03 1.949754e-03
1.947073e+01 2.360756e-03 2.851736e-03 2.345662e-03 1.884871e-03
1.952273e+01 2.451656e-03 3.102063e-03 2.432448e-03 1.820456e-03
1.957473e+01 2.556293e-03 3.363072e-03 2.541240e-03 1.764567e-03
1.962673e+01 2.666301e-03 3.613437e-03 2.663104e-03 1.722361e-03
1.967873e+01 2.769213e-03 3.828013e-03 2.784535e-03 1.695091e-03
1.973073e+01 2.850432e-03 3.981428e-03 2.889623e-03 1.680245e-03
1.978273e+01 2.896156e-03 4.052706e-03 2.963122e-03 1.672640e-03
1.983473e+01 2.896543e-03 4.029872e-03 2.993645e-03 1.666111e-03
1.988673e+01 2.848202e-03 3.913208e-03 2.976124e-03 1.655273e-03
1.993873e+01 2.755184e-03 3.715910e-03 2.912759e-03 1.636882e-03
1.999073e+01 2.628075e-03 3.461668e-03 2.812128e-03 1.610429e-03
2.004273e+01 2.481388e-03 3.179661e-03 2.686691e-03 1.577811e-03
2.009473e+01 2.330029e-03 2.898423e-03 2.549463e-03 1.542200e-03
2.014673e+01 2.185977e-03 2.640423e-03 2.410971e-03 1.506538e-03
2.019873e+01 2.056188e-03 2.418856e-03 2.277487e-03 1.472219e-03
2.025073e+01 1.942261e-03 2.237271e-03 2.151016e-03 1.438497e-03
2.030273e+01 1.841774e-03 2.091649e-03 2.030826e-03 1.402846e-03
2.035473e+01 1.750591e-03 1.973893e-03 1.915717e-03 1.362163e-03
2.040673e+01 1.665280e-03 1.875509e-03 1.806031e-03 1.314299e-03
2.045873e+01 1.584848e-03 1.790566e-03 1.704666e-03 1.259312e-03
2.051073e+01 1.511408e-03 1.717443e-03 1.616821e-03 1.199961e-03
2.056273e+01 1.449770e-03 1.659272e-03 1.548729e-03 1.141311e-03
2.061473e+01 1.406241e-03 1.623142e-03 1.505910e-03 1.089671e-03
2.066673e+01 1.387040e-03 1.618290e-03 1.491541e-03 1.051288e-03
2.071873e+01 1.396687e-03 1.653512e-03 1.505358e-03 1.031192e-03
2.077073e+01 1.436668e-03 1.734250e-03 1.543317e-03 1.032438e-03
2.082273e+01 1.504567e-03 1.859928e-03 1.597988e-03 1.055786e-03
2.087473e+01 1.593876e-03 2.022272e-03 1.659594e-03 1.099763e-03
2.092673e+01 1.694617e-03 2.205302e-03 1.717497e-03 1.161052e-03
2.097873e+01 1.794813e-03 2.387366e-03 1.761938e-03 1.235134e-03
2.103073e+01 1.882600e-03 2.545017e-03 1.785712e-03 1.317072e-03
2.108273e+01 1.948480e-03 2.657806e-03 1.785397e-03 1.402236e-03
2.113473e+01 1.987026e-03 2.712582e-03 1.761753e-03 1.486742e-03
2.118673e+01 1.997473e-03 2.705907e-03 1.719066e-03 1.567446e-03
2.123873e+01 1.982985e-03 2.643826e-03 1.663587e-03 1.641544e-03
2.129073e+01 1.948943e-03 2.539202e-03 1.601600e-03 1.706026e-03
2.134273e+01 1.900990e-03 2.407789e-03 1.537820e-03 1.757362e-03
2.139473e+01 1.843609e-03 2.264471e-03 1.474695e-03 1.791662e-03
2.144673e+01 1.779645e-03 2.120819e-03 1.412759e-03 1.805357e-03
2.149873e+01 1.710713e-03 1.984287e-03 1.351696e-03 1.796158e-03
2.155073e+01 1.638029e-03 1.858692e-03 1.291521e-03 1.763875e-03
2.160273e+01 1.563117e-03 1.745256e-03 1.233328e-03 1.710768e-03
2.165473e+01 1.488073e-03 1.643601e-03 1.179372e-03 1.641247e-03
2.170673e+01 1.415373e-03 1.552438e-03 1.132604e-03 1.561078e-03
2.175873e+01 1.347459e-03 1.469994e-03 1.095992e-03 1.476392e-03
2.181073e+01 1.286364e-03 1.394317e-03 1.071941e-03 1.392833e-03
2.186273e+01 1.233514e-03 1.323552e-03 1.061931e-03 1.315058e-03
2.191473e+01 1.189682e-03 1.256177e-03 1.066331e-03 1.246539e-03
2.196673e+01 1.154990e-03 1.191167e-03 1.084272e-03 1.189530e-03
2.201873e+01 1.128868e-03 1.128039e-03 1.113537e-03 1.145028e-03
2.207073e+01 1.110010e-03 1.066821e-03 1.150510e-03 1.112697e-03
2.212273e+01 1.096385e-03 1.007963e-03 1.190353e-03 1.090840e-03
2.217473e+01 1.085418e-03 9.522217e-04 1.227473e-03 1.076559e-03
2.222673e+01 1.074341e-03 9.005358e-04 1.256302e-03 1.066185e-03
2.227873e+01 1.060685e-03 8.538905e-04 1.272228e-03 1.055936e-03
2.233073e+01 1.042773e-03 8.132074e-04 1.272467e-03 1.042643e-03
2.238273e+01 1.020089e-03 7.792701e-04 1.256643e-03 1.024354e-03
2.243473e+01 9.934140e-04 7.526862e-04 1.226904e-03 1.000652e-03
2.248673e+01 9.646600e-04 7.338525e-04 1.187519e-03 9.726089e-04
2.253873e+01 9.364436e-04 7.228787e-04 1.144043e-03 9.424087e-04
2.259073e+01 9.114824e-04 7.194576e-04 1.102239e-03 9.127506e-04
2.264273e+01 8.919746e-04 7.227174e-04 1.066985e-03 8.862214e-04
2.269473e+01 8.791239e-04 7.311420e-04 1.041431e-03 8.647991e-04
2.274673e+01 8.729287e-04 7.426457e-04 1.026540e-03 8.496003e-04
2.279873e+01 8.722754e-04 7.548442e-04 1.021095e-03 8.408871e-04
2.285073e+01 8.752816e-04 7.654728e-04 1.022112e-03 8.382600e-04
2.290273e+01 8.797645e-04 7.728297e-04 1.025552e-03 8.409122e-04
2.295473e+01 8.836889e-04 7.760793e-04 1.027155e-03 8.478327e-04
2.300673e+01 8.854724e-04 7.752895e-04 1.023225e-03 8.579023e-04
2.305873e+01 8.840947e-04 7.711670e-04 1.011211e-03 8.699057e-04
2.311073e+01 8.790340e-04 7.645776e-04 9.899907e-04 8.825337e-04
2.316273e+01 8.701177e-04 7.560394e-04 9.598544e-04 8.944593e-04
2.321473e+01 8.573898e-04 7.453985e-04 9.222546e-04 9.045162e-04
2.326673e+01 8.410643e-04 7.318330e-04 8.794255e-04 9.119343e-04
2.331873e+01 8.215629e-04 7.141915e-04 8.339812e-04 9.165160e-04
2.337073e+01 7.995687e-04 6.915269e-04 7.885479e-04 9.186313e-04
2.342273e+01 7.760064e-04 6.635985e-04 7.454492e-04 9.189716e-04
2.347473e+01 7.519008e-04 6.311418e-04 7.064418e-04 9.181188e-04
2.352673e+01 7.281460e-04 5.958153e-04 6.725212e-04 9.161016e-04
2.357873e+01 7.052899e-04 5.598767e-04 6.438445e-04 9.121486e-04
2.363073e+01 6.834456e-04 5.257347e-04 6.198195e-04 9.047827e-04
2.368273e+01 6.623834e-04 4.955295e-04 5.993721e-04 8.922486e-04
2.373473e+01 6.417564e-04 4.708357e-04 5.813267e-04 8.731067e-04
2.378673e+01 6.213449e-04 4.525039e-04 5.647814e-04 8.467494e-04
2.383873e+01 6.012005e-04 4.406155e-04 5.493414e-04 8.136446e-04
2.389073e+01 5.816386e-04 4.345318e-04 5.351306e-04 7.752534e-04
2.394273e+01 5.631158e-04 4.330388e-04 5.225861e-04 7.337225e-04
2.399473e+01 5.460857e-04 4.345958e-04 5.121291e-04 6.915323e-04
2.404673e+01 5.309231e-04 4.376583e-04 5.038538e-04 6.512572e-04
2.409873e+01 5.179514e-04 4.409967e-04 4.973626e-04 6.154949e-04
2.415073e+01 5.075413e-04 4.438998e-04 4.918126e-04 5.869116e-04
2.420273e+01 5.002080e-04 4.461809e-04 4.861528e-04 5.682903e-04
2.425473e+01 4.966354e-04 4.479840e-04 4.794532e-04 5.624690e-04
2.430673e+01 4.975932e-04 4.494792e-04 4.711953e-04 5.721051e-04
2.435873e+01 5.037565e-04 4.505946e-04 4.614165e-04 5.992585e-04
2.441073e+01 5.154695e-04 4.509096e-04 4.506629e-04 6.448361e-04
2.446273e+01 5.325111e-04 4.497588e-04 4.397806e-04 7.079940e-04
2.451473e+01 5.539203e-04 4.464884e-04 4.296290e-04 7.856436e-04
2.456673e+01 5.779388e-04 4.407376e-04 4.208159e-04 8.722629e-04
2.461873e+01 6.021206e-04 4.326134e-04 4.135326e-04 9.602157e-04
2.467073e+01 6.236368e-04 4.226816e-04 4.075313e-04 1.040697e-03
2.472273e+01 6.397537e-04 4.117893e-04 4.022377e-04 1.105234e-03
2.477473e+01 6.483993e-04 4.008063e-04 3.969580e-04 1.147434e-03
2.482673e+01 6.486763e-04 3.903983e-04 3.911124e-04 1.164518e-03
2.487873e+01 6.411684e-04 3.809167e-04 3.844223e-04 1.158166e-03
2.493073e+01 6.279296e-04 3.724267e-04 3.769898e-04 1.134372e-03
2.498273e+01 6.121322e-04 3.648310e-04 3.692480e-04 1.102318e-03
2.503473e+01 5.974456e-04 3.580143e-04 3.618055e-04 1.072517e-03
2.508673e+01 5.872795e-04 3.519395e-04 3.552517e-04 1.054647e-03
2.513873e+01 5.840574e-04 3.466661e-04 3.500043e-04 1.055502e-03
2.519073e+01 5.886781e-04 3.423084e-04 3.462576e-04 1.077468e-03
2.524273e+01 6.003021e-04 3.389808e-04 3.440467e-04 1.117879e-03
2.529473e+01 6.165467e-04 3.367737e-04 3.433804e-04 1.169486e-03
2.534673e+01 6.340818e-04 3.357678e-04 3.443638e-04 1.222114e-03
2.539873e+01 6.494894e-04 3.360552e-04 3.472261e-04 1.265187e-03
2.545073e+01 6.601233e-04 3.377157e-04 3.522099e-04 1.290444e-03
2.550273e+01 6.646680e-04 3.407199e-04 3.593474e-04 1.293937e-03
2.555473e+01 6.631932e-04 3.447873e-04 3.682152e-04 1.276577e-03
2.560673e+01 6.567227e-04 3.492763e-04 3.777961e-04 1.243096e-03
2.565873e+01 6.465589e-04 3.531982e-04 3.865447e-04 1.199934e-03
2.571073e+01 6.337086e-04 3.553959e-04 3.926761e-04 1.153054e-03
2.576273e+01 6.186676e-04 3.548501e-04 3.945945e-04 1.106558e-03
2.581473e+01 6.015938e-04 3.509960e-04 3.913109e-04 1.062475e-03
2.586673e+01 5.826842e-04 3.439196e-04 3.826983e-04 1.021435e-03
2.591873e+01 5.624807e-04 3.343450e-04 3.695018e-04 9.835954e-04
2.597073e+01 5.419162e-04 3.234212e-04 3.531181e-04 9.492095e-04
2.602273e+01 5.220862e-04 3.123976e-04 3.352388e-04 9.186222e-04
2.607473e+01 5.038923e-04 3.023171e-04 3.174853e-04 8.918744e-04
2.612673e+01 4.877534e-04 2.938278e-04 3.011373e-04 8.682951e-04
2.617873e+01 4.735221e-04 2.871471e-04 2.870067e-04 8.464124e-04
2.623073e+01 4.606275e-04 2.821441e-04 2.754497e-04 8.242887e-04
2.628273e+01 4.483662e-04 2.784715e-04 2.664679e-04 8.001593e-04
2.633473e+01 4.362131e-04 2.756834e-04 2.598390e-04 7.731168e-04
2.638673e+01 4.240385e-04 2.733152e-04 2.552263e-04 7.435740e-04
2.643873e+01 4.121650e-04 2.709347e-04 2.522410e-04 7.133192e-04
2.649073e+01 4.012553e-04 2.681894e-04 2.504642e-04 6.851124e-04
2.654273e+01 3.920793e-04 2.648677e-04 2.494505e-04 6.619198e-04
2.659473e+01 3.852431e-04 2.609659e-04 2.487456e-04 6.460177e-04
2.664673e+01 3.809769e-04 2.567327e-04 2.479398e-04 6.382583e-04
2.669873e+01 3.790582e-04 2.526605e-04 2.467568e-04 6.377574e-04
2.675073e+01 3.788957e-04 2.494064e-04 2.451554e-04 6.421252e-04
2.680273e+01 3.797387e-04 2.476545e-04 2.433988e-04 6.481627e-04
2.685473e+01 3.809244e-04 2.479534e-04 2.420489e-04 6.527709e-04
2.690673e+01 3.820584e-04 2.505783e-04 2.418558e-04 6.537412e-04
2.695873e+01 3.830579e-04 2.554593e-04 2.435588e-04 6.501556e-04
2.701073e+01 3.840509e-04 2.621986e-04 2.476549e-04 6.422992e-04
2.706273e+01 3.851951e-04 2.701709e-04 2.542213e-04 6.311930e-04
2.711473e+01 3.865131e-04 2.786744e-04 2.628674e-04 6.179974e-04
2.716673e+01 3.878288e-04 2.870896e-04 2.728438e-04 6.035530e-04
2.721873e+01 3.888288e-04 2.949999e-04 2.832732e-04 5.882131e-04
2.727073e+01 3.892090e-04 3.022479e-04 2.934146e-04 5.719646e-04
2.732273e+01 3.888286e-04 3.089206e-04 3.028641e-04 5.547010e-04
2.737473e+01 3.877974e-04 3.152815e-04 3.116294e-04 5.364814e-04
2.742673e+01 3.864698e-04 3.216756e-04 3.200749e-04 5.176588e-04
2.747873e+01 3.853602e-04 3.284420e-04 3.287839e-04 4.988545e-04
2.753073e+01 3.850302e-04 3.358570e-04 3.384060e-04 4.808275e-04
2.758273e+01 3.859937e-04 3.441261e-04 3.495463e-04 4.643088e-04
2.763473e+01 3.886670e-04 3.534248e-04 3.627194e-04 4.498569e-04
2.768673e+01 3.933609e-04 3.639709e-04 3.783579e-04 4.377539e-04
2.773873e+01 4.002919e-04 3.760923e-04 3.968412e-04 4.279422e-04
2.779073e+01 4.095799e-04 3.902386e-04 4.184980e-04 4.200031e-04
2.784273e+01 4.212101e-04 4.068969e-04 4.435447e-04 4.131887e-04
2.789473e+01 4.349619e-04 4.264049e-04 4.719502e-04 4.065306e-04
2.794673e+01 4.503359e-04 4.487143e-04 5.032633e-04 3.990301e-04
2.799873e+01 4.665267e-04 4.732022e-04 5.364797e-04 3.898982e-04
2.805073e+01 4.824829e-04 4.986396e-04 5.700431e-04 3.787662e-04
2.810273e+01 4.970630e-04 5.233742e-04 6.020370e-04 3.657778e-04
2.815473e+01 5.092547e-04 5.456976e-04 6.305528e-04 3.515136e-04
2.820673e+01 5.183961e-04 5.642760e-04 6.541370e-04 3.367752e-04
2.825873e+01 5.243315e-04 5.784847e-04 6.721754e-04 3.223345e-04
2.831073e+01 5.274603e-04 5.885217e-04 6.850865e-04 3.087727e-04
2.836273e+01 5.286740e-04 5.952695e-04 6.942662e-04 2.964863e-04
2.841473e+01 5.292127e-04 5.999809e-04 7.018143e-04 2.858429e-04
2.846673e+01 5.304829e-04 6.039279e-04 7.101338e-04 2.773871e-04
2.851873e+01 5.338737e-04 6.081420e-04 7.215089e-04 2.719701e-04
2.857073e+01 5.405870e-04 6.133080e-04 7.377365e-04 2.707164e-04
2.862273e+01 5.514840e-04 6.197874e-04 7.598435e-04 2.748212e-04
2.867473e+01 5.669518e-04 6.277048e-04 7.879007e-04 2.852498e-04
2.872673e+01 5.868124e-04 6.370340e-04 8.209554e-04 3.024479e-04
2.877873e+01 6.103127e-04 6.476559e-04 8.571195e-04 3.261628e-04
2.883073e+01 6.362248e-04 6.593943e-04 8.938461e-04 3.554339e-04
2.888273e+01 6.630526e-04 6.720358e-04 9.283763e-04 3.887458e-04
2.893473e+01 6.892948e-04 6.853307e-04 9.582673e-04 4.242866e-04
2.898673e+01 7.136841e-04 6.989692e-04 9.818629e-04 4.602201e-04
2.903873e+01 7.353385e-04 7.125514e-04 9.985741e-04 4.948901e-04
2.909073e+01 7.538084e-04 7.256025e-04 1.008905e-03 5.269181e-04
2.914273e+01 7.690533e-04 7.376925e-04 1.014248e-03 5.552190e-04
2.919473e+01 7.814114e-04 7.486774e-04 1.016549e-03 5.790076e-04
2.924673e+01 7.915976e-04 7.589968e-04 1.017929e-03 5.978667e-04
2.929873e+01 8.007165e-04 7.698841e-04 1.020367e-03 6.118980e-04
2.935073e+01 8.102299e-04 7.833304e-04 1.025466e-03 6.218936e-04
2.940273e+01 8.218173e-04 8.017167e-04 1.034320e-03 6.294154e-04
2.945473e+01 8.371159e-04 8.271705e-04 1.047495e-03 6.366823e-04
2.950673e+01 8.573928e-04 8.608494e-04 1.065086e-03 6.462427e-04
2.955873e+01 8.832517e-04 9.024183e-04 1.086826e-03 6.605106e-04
2.961073e+01 9.144683e-04 9.499306e-04 1.112170e-03 6.813040e-04
2.966273e+01 9.499985e-04 1.000170e-03 1.140311e-03 7.095141e-04
2.971473e+01 9.881372e-04 1.049324e-03 1.170118e-03 7.449698e-04
2.976673e+01 1.026770e-03 1.093749e-03 1.200067e-03 7.864951e-04
2.981873e+01 1.063663e-03 1.130583e-03 1.228289e-03 8.321172e-04
2.987073e+01 1.096755e-03 1.158088e-03 1.252795e-03 8.793821e-04
2.992273e+01 1.124443e-03 1.175699e-03 1.271885e-03 9.257437e-04
2.997473e+01 1.145824e-03 1.183908e-03 1.284586e-03 9.689773e-04
3.002673e+01 1.160854e-03 1.184081e-03 1.290935e-03 1.007545e-03
3.007873e+01 1.170355e-03 1.178293e-03 1.291951e-03 1.040820e-03
3.013073e+01 1.175845e-03 1.169153e-03 1.289299e-03 1.069084e-03
3.018273e+01 1.179213e-03 1.159585e-03 1.284754e-03 1.093300e-03
3.023473e+01 1.182299e-03 1.152511e-03 1.279685e-03 1.114701e-03
3.028673e+01 1.186493e-03 1.150416e-03 1.274718e-03 1.134345e-03
3.033873e+01 1.192440e-03 1.154884e-03 1.269652e-03 1.152785e-03
3.039073e+01 1.199925e-03 1.166207e-03 1.263598e-03 1.169969e-03
3.044273e+01 1.207959e-03 1.183224e-03 1.255258e-03 1.185395e-03
3.049473e+01 1.215064e-03 1.203488e-03 1.243254e-03 1.198452e-03
3.054673e+01 1.219670e-03 1.223757e-03 1.226450e-03 1.208802e-03
3.059873e+01 1.220507e-03 1.240683e-03 1.204219e-03 1.216619e-03
3.065073e+01 1.216895e-03 1.251483e-03 1.176594e-03 1.222607e-03
3.070273e+01 1.208820e-03 1.254379e-03 1.144290e-03 1.227791e-03
3.075473e+01 1.196843e-03 1.248739e-03 1.108585e-03 1.233205e-03
3.080673e+01 1.181900e-03 1.234949e-03 1.071109e-03 1.239644e-03
3.085873e+01 1.165118e-03 1.214172e-03 1.033619e-03 1.247564e-03
3.091073e+01 1.147690e-03 1.188115e-03 9.977937e-04 1.257161e-03
3.096273e+01 1.130802e-03 1.158859e-03 9.650491e-04 1.268498e-03
3.101473e+01 1.115544e-03 1.128689e-03 9.363666e-04 1.281575e-03
3.106673e+01 1.102763e-03 1.099861e-03 9.121415e-04 1.296286e-03
3.111873e+01 1.092905e-03 1.074285e-03 8.921201e-04 1.312309e-03
3.117073e+01 1.085925e-03 1.053228e-03 8.755084e-04 1.329040e-03
3.122273e+01 1.081362e-03 1.037142e-03 8.612762e-04 1.345669e-03
3.127473e+01 1.078564e-03 1.025725e-03 8.485686e-04 1.361399e-03
3.132673e+01 1.076973e-03 1.018186e-03 8.370470e-04 1.375686e-03
3.137873e+01 1.076310e-03 1.013560e-03 8.269842e-04 1.388385e-03
3.143073e+01 1.076556e-03 1.010924e-03 8.190495e-04 1.399693e-03
3.148273e+01 1.077747e-03 1.009417e-03 8.138833e-04 1.409940e-03
3.153473e+01 1.079709e-03 1.008109e-03 8.116744e-04 1.419344e-03
3.158673e+01 1.081910e-03 1.005888e-03 8.119559e-04 1.427885e-03
3.163873e+01 1.083530e-03 1.001502e-03 8.137258e-04 1.435362e-03
3.169073e+01 1.083744e-03 9.938142e-04 8.158354e-04 1.441582e-03
3.174273e+01 1.082071e-03 9.821682e-04 8.174643e-04 1.446580e-03
3.179473e+01 1.078621e-03 9.666794e-04 8.184654e-04 1.450719e-03
3.184673e+01 1.074134e-03 9.483034e-04 8.194324e-04 1.454666e-03
3.189873e+01 1.069776e-03 9.286283e-04 8.214637e-04 1.459235e-03
3.195073e+01 1.066797e-03 9.094721e-04 8.257185e-04 1.465200e-03
3.200273e+01 1.066159e-03 8.924407e-04 8.329363e-04 1.473100e-03
3.205473e+01 1.068251e-03 8.785944e-04 8.430861e-04 1.483072e-03
3.210673e+01 1.072748e-03 8.683030e-04 8.552630e-04 1.494677e-03
3.215873e+01 1.078638e-03 8.612824e-04 8.678598e-04 1.506772e-03
3.221073e+01 1.084396e-03 8.567442e-04 8.789613e-04 1.517482e-03
3.226273e+01 1.088270e-03 8.535816e-04 8.868446e-04 1.524382e-03
3.231473e+01 1.088632e-03 8.505428e-04 8.904356e-04 1.524919e-03
3.236673e+01 1.084315e-03 8.463829e-04 8.895821e-04 1.516979e-03
3.241873e+01 1.074832e-03 8.400052e-04 8.850598e-04 1.499430e-03
3.247073e+01 1.060438e-03 8.306000e-04 8.783119e-04 1.472402e-03
3.252273e+01 1.042002e-03 8.177709e-04 8.710184e-04 1.437218e-03
3.257473e+01 1.020763e-03 8.016331e-04 8.646448e-04 1.396010e-03
3.262673e+01 9.980698e-04 7.828671e-04 8.601132e-04 1.351229e-03
3.267873e+01 9.752057e-04 7.627199e-04 8.576788e-04 1.305218e-03
3.273073e+01 9.533007e-04 7.429386e-04 8.570082e-04 1.259955e-03
3.278273e+01 9.333148e-04 7.256203e-04 8.573974e-04 1.216927e-03
3.283473e+01 9.160269e-04 7.129718e-04 8.580414e-04 1.177068e-03
3.288673e+01 9.020032e-04 7.070019e-04 8.582823e-04 1.140725e-03
3.293873e+01 8.915647e-04 7.092133e-04 8.577852e-04 1.107696e-03
3.299073e+01 8.847984e-04 7.203777e-04 8.566121e-04 1.077405e-03
3.304273e+01 8.816401e-04 7.404631e-04 8.551852e-04 1.049272e-03
3.309473e+01 8.820169e-04 7.687262e-04 8.541557e-04 1.023169e-03
3.314673e+01 8.859898e-04 8.039227e-04 8.542179e-04 9.998287e-04
3.319873e+01 8.938280e-04 8.445553e-04 8.559300e-04 9.809987e-04
3.325073e+01 9.059694e-04 8.890865e-04 8.595939e-04 9.692278e-04
3.330273e+01 9.228698e-04 9.360788e-04 8.652266e-04 9.673039e-04
3.335473e+01 9.447948e-04 9.842576e-04 8.726189e-04 9.775078e-04
3.340673e+01 9.716313e-04 1.032506e-03 8.814473e-04 1.000941e-03
3.345873e+01 1.002782e-03 1.079796e-03 8.913880e-04 1.037161e-03
3.351073e+01 1.037163e-03 1.125066e-03 9.021796e-04 1.084243e-03
3.356273e+01 1.073285e-03 1.167061e-03 9.136009e-04 1.139194e-03
3.361473e+01 1.109368e-03 1.204210e-03 9.253736e-04 1.198519e-03
3.366673e+01 1.143452e-03 1.234610e-03 9.370433e-04 1.258703e-03
3.371873e+01 1.173527e-03 1.256175e-03 9.479210e-04 1.316484e-03
3.377073e+01 1.197677e-03 1.266960e-03 9.571433e-04 1.368927e-03
3.382273e+01 1.214297e-03 1.265583e-03 9.638529e-04 1.413455e-03
3.387473e+01 1.222341e-03 1.251626e-03 9.674260e-04 1.447972e-03
3.392673e+01 1.221557e-03 1.225889e-03 9.676395e-04 1.471142e-03
3.397873e+01 1.212609e-03 1.190392e-03 9.647010e-04 1.482734e-03
3.403073e+01 1.197032e-03 1.148114e-03 9.591378e-04 1.483846e-03
3.408273e+01 1.176984e-03 1.102503e-03 9.516160e-04 1.476834e-03
3.413473e+01 1.154848e-03 1.056889e-03 9.427844e-04 1.464869e-03
3.418673e+01 1.132782e-03 1.013949e-03 9.332049e-04 1.451191e-03
3.423873e+01 1.112338e-03 9.753668e-04 9.233606e-04 1.438285e-03
3.429073e+01 1.094230e-03 9.417652e-04 9.136845e-04 1.427242e-03
3.434273e+01 1.078326e-03 9.128898e-04 9.045455e-04 1.417542e-03
3.439473e+01 1.063831e-03 8.879462e-04 8.961757e-04 1.407371e-03
3.444673e+01 1.049641e-03 8.659646e-04 8.885836e-04 1.394373e-03
3.449873e+01 1.034736e-03 8.460815e-04 8.815304e-04 1.376596e-03
3.455073e+01 1.018528e-03 8.276915e-04 8.746238e-04 1.353269e-03
3.460273e+01 1.001043e-03 8.104734e-04 8.675133e-04 1.325141e-03
3.465473e+01 9.828844e-04 7.943325e-04 8.600984e-04 1.294222e-03
3.470673e+01 9.650012e-04 7.793062e-04 8.526403e-04 1.263057e-03
3.475873e+01 9.483302e-04 7.654764e-04 8.457091e-04 1.233805e-03
3.481073e+01 9.334670e-04 7.529128e-04 8.399868e-04 1.207501e-03
3.486273e+01 9.204824e-04 7.416563e-04 8.360163e-04 1.183775e-03
3.491473e+01 9.089447e-04 7.317236e-04 8.340011e-04 1.161109e-03
3.496673e+01 8.981160e-04 7.231078e-04 8.337219e-04 1.137518e-03
3.501873e+01 8.872193e-04 7.157498e-04 8.345701e-04 1.111338e-03
3.507073e+01 8.756597e-04 7.094822e-04 8.356621e-04 1.081835e-03
3.512273e+01 8.631235e-04 7.039730e-04 8.359866e-04 1.049411e-03
3.517473e+01 8.495513e-04 6.987083e-04 8.345612e-04 1.015384e-03
3.522673e+01 8.350385e-04 6.930430e-04 8.305871e-04 9.814854e-04
3.527873e+01 8.197445e-04 6.863239e-04 8.235993e-04 9.493102e-04
3.533073e+01 8.038645e-04 6.780597e-04 8.135910e-04 9.199427e-04
3.538273e+01 7.876669e-04 6.680889e-04 8.010734e-04 8.938384e-04
3.543473e+01 7.715460e-04 6.566839e-04 7.870223e-04 8.709317e-04
3.548673e+01 7.560199e-04 6.445406e-04 7.726861e-04 8.508332e-04
3.553873e+01 7.416338e-04 6.326317e-04 7.592805e-04 8.329891e-04
3.559073e+01 7.287864e-04 6.219594e-04 7.476609e-04 8.167389e-04
3.564273e+01 7.175596e-04 6.132832e-04 7.380926e-04 8.013031e-04
3.569473e+01 7.076399e-04 6.069203e-04 7.302154e-04 7.857839e-04
3.574673e+01 6.983845e-04 6.026856e-04 7.232151e-04 7.692528e-04
3.579873e+01 6.890141e-04 5.999830e-04 7.161229e-04 7.509364e-04
3.585073e+01 6.788485e-04 5.979969e-04 7.081133e-04 7.304353e-04
3.590273e+01 6.674893e-04 5.959044e-04 6.986900e-04 7.078734e-04
3.595473e+01 6.548799e-04 5.930319e-04 6.877194e-04 6.838885e-04
3.600673e+01 6.412388e-04 5.889220e-04 6.753445e-04 6.594501e-04
3.605873e+01 6.269152e-04 5.833202e-04 6.618566e-04 6.355688e-04
3.611073e+01 6.122460e-04 5.761314e-04 6.475910e-04 6.130156e-04
3.616273e+01 5.974803e-04 5.673968e-04 6.328800e-04 5.921640e-04
3.621473e+01 5.827924e-04 5.573158e-04 6.180522e-04 5.730093e-04
3.626673e+01 5.683540e-04 5.462894e-04 6.034399e-04 5.553328e-04
3.631873e+01 5.544027e-04 5.349262e-04 5.893593e-04 5.389226e-04
3.637073e+01 5.412514e-04 5.239580e-04 5.760520e-04 5.237443e-04
3.642273e+01 5.292224e-04 5.140588e-04 5.636144e-04 5.099939e-04
3.647473e+01 5.185376e-04 5.056267e-04 5.519580e-04 4.980280e-04
3.652673e+01 5.092262e-04 4.986269e-04 5.408364e-04 4.882153e-04
3.657873e+01 5.010979e-04 4.925795e-04 5.299334e-04 4.807807e-04
3.663073e+01 4.937956e-04 4.867125e-04 5.189712e-04 4.757030e-04
3.668273e+01 4.869039e-04 4.802212e-04 5.077879e-04 4.727026e-04
3.673473e+01 4.800722e-04 4.725352e-04 4.963581e-04 4.713232e-04
3.678673e+01 4.731146e-04 4.634932e-04 4.847683e-04 4.710823e-04
3.683873e+01 4.660678e-04 4.533794e-04 4.731849e-04 4.716391e-04
3.689073e+01 4.591983e-04 4.428348e-04 4.618385e-04 4.729216e-04
3.694273e+01 4.529611e-04 4.326944e-04 4.510262e-04 4.751628e-04
3.699473e+01 4.479204e-04 4.238159e-04 4.411135e-04 4.788318e-04
3.704673e+01 4.446511e-04 4.169482e-04 4.325189e-04 4.844861e-04
3.709873e+01 4.436504e-04 4.126647e-04 4.256902e-04 4.925964e-04
3.715073e+01 4.452850e-04 4.113655e-04 4.210852e-04 5.034043e-04
3.720273e+01 4.497823e-04 4.133322e-04 4.191694e-04 5.168454e-04
3.725473e+01 4.572546e-04 4.187995e-04 4.204144e-04 5.325500e-04
3.730673e+01 4.677240e-04 4.279946e-04 4.252689e-04 5.499086e-04
3.735873e+01 4.811214e-04 4.411026e-04 4.340773e-04 5.681842e-04
3.741073e+01 4.972494e-04 4.581493e-04 4.469477e-04 5.866513e-04
3.746273e+01 5.157252e-04 4.788418e-04 4.636020e-04 6.047318e-04
3.751473e+01 5.359347e-04 5.024495e-04 4.832639e-04 6.220907e-04
3.756673e+01 5.570333e-04 5.278043e-04 5.046355e-04 6.386602e-04
3.761873e+01 5.780116e-04 5.534533e-04 5.259992e-04 6.545822e-04
3.767073e+01 5.978220e-04 5.779227e-04 5.454431e-04 6.701004e-04
3.772273e+01 6.155422e-04 5.999962e-04 5.611718e-04 6.854585e-04
3.777473e+01 6.305296e-04 6.189009e-04 5.718300e-04 7.008581e-04
3.782673e+01 6.425238e-04 6.343348e-04 5.767534e-04 7.164833e-04
3.787873e+01 6.516584e-04 6.463466e-04 5.760771e-04 7.325516e-04
3.793073e+01 6.583778e-04 6.551379e-04 5.706718e-04 7.493237e-04
3.798273e+01 6.632843e-04 6.608913e-04 5.619373e-04 7.670242e-04
3.803473e+01 6.669689e-04 6.637056e-04 5.515220e-04 7.856790e-04
3.808673e+01 6.698793e-04 6.636616e-04 5.410486e-04 8.049277e-04
3.813873e+01 6.722582e-04 6.609736e-04 5.319049e-04 8.238961e-04
3.819073e+01 6.741533e-04 6.561352e-04 5.251195e-04 8.412052e-04
3.824273e+01 6.754765e-04 6.499650e-04 5.213102e-04 8.551542e-04
3.829473e+01 6.760836e-04 6.435101e-04 5.206818e-04 8.640590e-04
3.834673e+01 6.758567e-04 6.378360e-04 5.230635e-04 8.666705e-04
3.839873e+01 6.747790e-04 6.337892e-04 5.279890e-04 8.625589e-04
3.845073e+01 6.730006e-04 6.318358e-04 5.348226e-04 8.523435e-04
3.850273e+01 6.708801e-04 6.320385e-04 5.429151e-04 8.376868e-04
3.855473e+01 6.689828e-04 6.341657e-04 5.517409e-04 8.210418e-04
3.860673e+01 6.680106e-04 6.378621e-04 5.609592e-04 8.052104e-04
3.865873e+01 6.686565e-04 6.427852e-04 5.703679e-04 7.928164e-04
3.871073e+01 6.714053e-04 6.486393e-04 5.797707e-04 7.858058e-04
3.876273e+01 6.763364e-04 6.551049e-04 5.888317e-04 7.850726e-04
3.881473e+01 6.830022e-04 6.617185e-04 5.970031e-04 7.902850e-04
3.886673e+01 6.904425e-04 6.677907e-04 6.035791e-04 7.999577e-04
3.891873e+01 6.973497e-04 6.724236e-04 6.078571e-04 8.117684e-04
3.897073e+01 7.023435e-04 6.746416e-04 6.093350e-04 8.230538e-04
3.902273e+01 7.042687e-04 6.735907e-04 6.078584e-04 8.313571e-04
3.907473e+01 7.024253e-04 6.687381e-04 6.036631e-04 8.348746e-04
3.912673e+01 6.966723e-04 6.600125e-04 5.973149e-04 8.326894e-04
3.917873e+01 6.873996e-04 6.478508e-04 5.895879e-04 8.247600e-04
3.923073e+01 6.754011e-04 6.331507e-04 5.813313e-04 8.117214e-04
3.928273e+01 6.616990e-04 6.171381e-04 5.733549e-04 7.946040e-04
3.933473e+01 6.473565e-04 6.011676e-04 5.663379e-04 7.745641e-04
3.938673e+01 6.333064e-04 5.864790e-04 5.607580e-04 7.526822e-04
3.943873e+01 6.202140e-04 5.739531e-04 5.568462e-04 7.298427e-04
3.949073e+01 6.084019e-04 5.639307e-04 5.545847e-04 7.066904e-04
3.954273e+01 5.978633e-04 5.561651e-04 5.537659e-04 6.836588e-04
3.959473e+01 5.883662e-04 5.499418e-04 5.541002e-04 6.610566e-04
3.964673e+01 5.796179e-04 5.443385e-04 5.553333e-04 6.391820e-04
3.969873e+01 5.714214e-04 5.385344e-04 5.573123e-04 6.184174e-04
3.975073e+01 5.637575e-04 5.320555e-04 5.599621e-04 5.992549e-04
3.980273e+01 5.567621e-04 5.248726e-04 5.631791e-04 5.822347e-04
3.985473e+01 5.506209e-04 5.173428e-04 5.667020e-04 5.678179e-04
3.990673e+01 5.454489e-04 5.100491e-04 5.700484e-04 5.562492e-04
3.995873e+01 5.412210e-04 5.036198e-04 5.725768e-04 5.474664e-04
4.001073e+01 5.377886e-04 4.985911e-04 5.736770e-04 5.410977e-04
4.006273e+01 5.349668e-04 4.953339e-04 5.730158e-04 5.365507e-04
4.011473e+01 5.326446e-04 4.940348e-04 5.707268e-04 5.331721e-04
4.016673e+01 5.308667e-04 4.947157e-04 5.674483e-04 5.304361e-04
4.021873e+01 5.298561e-04 4.972830e-04 5.641796e-04 5.281057e-04
4.027073e+01 5.299724e-04 5.016023e-04 5.620042e-04 5.263106e-04
4.032273e+01 5.316222e-04 5.075828e-04 5.617836e-04 5.255002e-04
4.037473e+01 5.351453e-04 5.152390e-04 5.639264e-04 5.262705e-04
4.042673e+01 5.407023e-04 5.246941e-04 5.683024e-04 5.291103e-04
4.047873e+01 5.481894e-04 5.361066e-04 5.743090e-04 5.341525e-04
4.053073e+01 5.572049e-04 5.495375e-04 5.810538e-04 5.410233e-04
4.058273e+01 5.670789e-04 5.648019e-04 5.875858e-04 5.488490e-04
4.063473e+01 5.769627e-04 5.813587e-04 5.931094e-04 5.564201e-04
4.068673e+01 5.859547e-04 5.982807e-04 5.971303e-04 5.624532e-04
4.073873e+01 5.932320e-04 6.143233e-04 5.995086e-04 5.658642e-04
4.079073e+01 5.981595e-04 6.280885e-04 6.004170e-04 5.659731e-04
4.084273e+01 6.003594e-04 6.382548e-04 6.002261e-04 5.625972e-04
4.089473e+01 5.997364e-04 6.438300e-04 5.993492e-04 5.560300e-04
4.094673e+01 5.964652e-04 6.443667e-04 5.980953e-04 5.469335e-04
4.099873e+01 5.909481e-04 6.400835e-04 5.965777e-04 5.361830e-04
4.105073e+01 5.837536e-04 6.318479e-04 5.947138e-04 5.246992e-04
4.110273e+01 5.755419e-04 6.210115e-04 5.923161e-04 5.132981e-04
4.115473e+01 5.669826e-04 6.091319e-04 5.892312e-04 5.025848e-04
4.120673e+01 5.586752e-04 5.976542e-04 5.854613e-04 4.929100e-04
4.125873e+01 5.510861e-04 5.876454e-04 5.812132e-04 4.843996e-04
4.131073e+01 5.445217e-04 5.796608e-04 5.768630e-04 4.770414e-04
4.136273e+01 5.391465e-04 5.737762e-04 5.728667e-04 4.707967e-04
4.141473e+01 5.350393e-04 5.697591e-04 5.696701e-04 4.656889e-04
4.146673e+01 5.322649e-04 5.673020e-04 5.676564e-04 4.618364e-04
4.151873e+01 5.309302e-04 5.662228e-04 5.671421e-04 4.594257e-04
4.157073e+01 5.312033e-04 5.665601e-04 5.684029e-04 4.586467e-04
4.162273e+01 5.332928e-04 5.685404e-04 5.717061e-04 4.596317e-04
4.167473e+01 5.374027e-04 5.724504e-04 5.773297e-04 4.624282e-04
4.172673e+01 5.436889e-04 5.784863e-04 5.855629e-04 4.670175e-04
4.177873e+01 5.522352e-04 5.866572e-04 5.966860e-04 4.733623e-04
4.183073e+01 5.630512e-04 5.967861e-04 6.109235e-04 4.814440e-04
4.188273e+01 5.760722e-04 6.086022e-04 6.283618e-04 4.912524e-04
4.193473e+01 5.911364e-04 6.218651e-04 6.488356e-04 5.027083e-04
4.198673e+01 6.079307e-04 6.364408e-04 6.718134e-04 5.155380e-04
4.203873e+01 6.259246e-04 6.522720e-04 6.963393e-04 5.291625e-04
4.209073e+01 6.443357e-04 6.692449e-04 7.210891e-04 5.426730e-04
4.214273e+01 6.621705e-04 6.870161e-04 7.445566e-04 5.549388e-04
4.219473e+01 6.783509e-04 7.048977e-04 7.653223e-04 5.648327e-04
4.224673e+01 6.918928e-04 7.218764e-04 7.823030e-04 5.714989e-04
4.229873e+01 7.020753e-04 7.367775e-04 7.948854e-04 5.745631e-04
4.235073e+01 7.085425e-04 7.485118e-04 8.029076e-04 5.742083e-04
4.240273e+01 7.113175e-04 7.563086e-04 8.065413e-04 5.711026e-04
4.245473e+01 7.107516e-04 7.598553e-04 8.061773e-04 5.662223e-04
4.250673e+01 7.074547e-04 7.593154e-04 8.023977e-04 5.606510e-04
4.255873e+01 7.022387e-04 7.552570e-04 7.960398e-04 5.554192e-04
4.261073e+01 6.960731e-04 7.485397e-04 7.882681e-04 5.514115e-04
4.266273e+01 6.900177e-04 7.401954e-04 7.805370e-04 5.493207e-04
4.271473e+01 6.850960e-04 7.313068e-04 7.743762e-04 5.496050e-04
4.276673e+01 6.821073e-04 7.228724e-04 7.710282e-04 5.524212e-04
4.281873e+01 6.814262e-04 7.156680e-04 7.710658e-04 5.575449e-04
4.287073e+01 6.828757e-04 7.101434e-04 7.741518e-04 5.643318e-04
4.292273e+01 6.857499e-04 7.064113e-04 7.790611e-04 5.717774e-04
4.297473e+01 6.890101e-04 7.043539e-04 7.839809e-04 5.786956e-04
4.302673e+01 6.915953e-04 7.038171e-04 7.869954e-04 5.839735e-04
4.307873e+01 6.927356e-04 7.048008e-04 7.865952e-04 5.868107e-04
4.313073e+01 6.921479e-04 7.075469e-04 7.820482e-04 5.868487e-04
4.318273e+01 6.900516e-04 7.124739e-04 7.735290e-04 5.841519e-04
4.323473e+01 6.870188e-04 7.199923e-04 7.619905e-04 5.790735e-04
4.328673e+01 6.837444e-04 7.302956e-04 7.488473e-04 5.720905e-04
4.333873e+01 6.808374e-04 7.432290e-04 7.355939e-04 5.636893e-04
4.339073e+01 6.787026e-04 7.582858e-04 7.234864e-04 5.543356e-04
4.344273e+01 6.775255e-04 7.747016e-04 7.133728e-04 5.445020e-04
4.349473e+01 6.773192e-04 7.915760e-04 7.056848e-04 5.346969e-04
4.354673e+01 6.779777e-04 8.079535e-04 7.005341e-04 5.254456e-04
4.359873e+01 6.792938e-04 8.228489e-04 6.978207e-04 5.172119e-04
4.365073e+01 6.809397e-04 8.352541e-04 6.972777e-04 5.102871e-04
4.370273e+01 6.824394e-04 8.441854e-04 6.984388e-04 5.046939e-04
4.375473e+01 6.831752e-04 8.488065e-04 7.005726e-04 5.001466e-04
4.380673e+01 6.824543e-04 8.486076e-04 7.026633e-04 4.960920e-04
4.385873e+01 6.796319e-04 8.435709e-04 7.034994e-04 4.918254e-04
4.391073e+01 6.742565e-04 8.342350e-04 7.018813e-04 4.866533e-04
4.396273e+01 6.661881e-04 8.216051e-04 6.968968e-04 4.800625e-04
4.401473e+01 6.556485e-04 8.069173e-04 6.881776e-04 4.718507e-04
4.406673e+01 6.431904e-04 7.913386e-04 6.760421e-04 4.621904e-04
4.411873e+01 6.295988e-04 7.757150e-04 6.614702e-04 4.516112e-04
4.417073e+01 6.157586e-04 7.604664e-04 6.459056e-04 4.409037e-04
4.422273e+01 6.025212e-04 7.456589e-04 6.309420e-04 4.309626e-04
4.427473e+01 5.905966e-04 7.312064e-04 6.179843e-04 4.225990e-04
4.432673e+01 5.804817e-04 7.170935e-04 6.079854e-04 4.163661e-04
4.437873e+01 5.724280e-04 7.035084e-04 6.013297e-04 4.124459e-04
4.443073e+01 5.664460e-04 6.908220e-04 5.978803e-04 4.106358e-04
4.448273e+01 5.623388e-04 6.794254e-04 5.971492e-04 4.104418e-04
4.453473e+01 5.597571e-04 6.695116e-04 5.985093e-04 4.112503e-04
4.458673e+01 5.582649e-04 6.609106e-04 6.013644e-04 4.125196e-04
4.463873e+01 5.574097e-04 6.530659e-04 6.052347e-04 4.139286e-04
4.469073e+01 5.567943e-04 6.451748e-04 6.097639e-04 4.154441e-04
4.474273e+01 5.561455e-04 6.364444e-04 6.146970e-04 4.172952e-04
4.479473e+01 5.553704e-04 6.263639e-04 6.198716e-04 4.198757e-04
4.484673e+01 5.545768e-04 6.148915e-04 6.252307e-04 4.236082e-04
4.489873e+01 5.540376e-04 6.024874e-04 6.308215e-04 4.288040e-04
4.495073e+01 5.540912e-04 5.899869e-04 6.367386e-04 4.355481e-04
4.500273e+01 5.549998e-04 5.783635e-04 6.430024e-04 4.436333e-04
4.505473e+01 5.568170e-04 5.684674e-04 6.494249e-04 4.525588e-04
4.510673e+01 5.593220e-04 5.608221e-04 6.555447e-04 4.615992e-04
4.515873e+01 5.620572e-04 5.555343e-04 6.606972e-04 4.699400e-04
4.521073e+01 5.644633e-04 5.523256e-04 6.642119e-04 4.768524e-04
4.526273e+01 5.660603e-04 5.506577e-04 6.656538e-04 4.818695e-04
4.531473e+01 5.666034e-04 5.499012e-04 6.649934e-04 4.849157e-04
4.536673e+01 5.661534e-04 5.494911e-04 6.626200e-04 4.863492e-04
4.541873e+01 5.650407e-04 5.490312e-04 6.591968e-04 4.868941e-04
4.547073e+01 5.637442e-04 5.483276e-04 6.554326e-04 4.874725e-04
4.552273e+01 5.627368e-04 5.473618e-04 6.518750e-04 4.889738e-04
4.557473e+01 5.623523e-04 5.462285e-04 6.488054e-04 4.920230e-04
4.562673e+01 5.627128e-04 5.450697e-04 6.462521e-04 4.968167e-04
4.567873e+01 5.637289e-04 5.440243e-04 6.440817e-04 5.030808e-04
4.573073e+01 5.651577e-04 5.431999e-04 6.421053e-04 5.101680e-04
4.578273e+01 5.666930e-04 5.426587e-04 6.401502e-04 5.172700e-04
4.583473e+01 5.680551e-04 5.424081e-04 6.380855e-04 5.236717e-04
4.588673e+01 5.690572e-04 5.423962e-04 6.358186e-04 5.289569e-04
4.593873e+01 5.696317e-04 5.425190e-04 6.332894e-04 5.330866e-04
4.599073e+01 5.698165e-04 5.426500e-04 6.304802e-04 5.363192e-04
4.604273e+01 5.697087e-04 5.426915e-04 6.274317e-04 5.390029e-04
4.609473e+01 5.694041e-04 5.426341e-04 6.242468e-04 5.413314e-04
4.614673e+01 5.689447e-04 5.425980e-04 6.210679e-04 5.431683e-04
4.619873e+01 5.682967e-04 5.428293e-04 6.180347e-04 5.440259e-04
4.625073e+01 5.673673e-04 5.436424e-04 6.152444e-04 5.432150e-04
4.630273e+01 5.660533e-04 5.453182e-04 6.127356e-04 5.401062e-04
4.635473e+01 5.642947e-04 5.479899e-04 6.104993e-04 5.343948e-04
4.640673e+01 5.621034e-04 5.515592e-04 6.084983e-04 5.262527e-04
4.645873e+01 5.595541e-04 5.556771e-04 6.066762e-04 5.163092e-04
4.651073e+01 5.567440e-04 5.598082e-04 6.049494e-04 5.054744e-04
4.656273e+01 5.537496e-04 5.633647e-04 6.031943e-04 4.946900e-04
4.661473e+01 5.506090e-04 5.658699e-04 6.012463e-04 4.847107e-04
4.666673e+01 5.473362e-04 5.670940e-04 5.989219e-04 4.759926e-04
4.671873e+01 5.439563e-04 5.671118e-04 5.960561e-04 4.687010e-04
4.677073e+01 5.405330e-04 5.662602e-04 5.925389e-04 4.627999e-04
4.682273e+01 5.371693e-04 5.650102e-04 5.883360e-04 4.581617e-04
4.687473e+01 5.339820e-04 5.638029e-04 5.834861e-04 4.546569e-04
4.692673e+01 5.310678e-04 5.629127e-04 5.780820e-04 4.522086e-04
4.697873e+01 5.284869e-04 5.623939e-04 5.722473e-04 4.508193e-04
4.703073e+01 5.262766e-04 5.621328e-04 5.661247e-04 4.505722e-04
4.708273e+01 5.244858e-04 5.619827e-04 5.598830e-04 4.515918e-04
4.713473e+01 5.232021e-04 5.619184e-04 5.537335e-04 4.539544e-04
4.718673e+01 5.225421e-04 5.621294e-04 5.479364e-04 4.575606e-04
4.723873e+01 5.225987e-04 5.629973e-04 5.427782e-04 4.620207e-04
4.729073e+01 5.233642e-04 5.649507e-04 5.385199e-04 4.666219e-04
4.734273e+01 5.246725e-04 5.682576e-04 5.353377e-04 4.704224e-04
4.739473e+01 5.261976e-04 5.728512e-04 5.332835e-04 4.724580e-04
4.744673e+01 5.275163e-04 5.782772e-04 5.322802e-04 4.719915e-04
4.749873e+01 5.282148e-04 5.837984e-04 5.321454e-04 4.687007e-04
4.755073e+01 5.279913e-04 5.886198e-04 5.326201e-04 4.627339e-04
4.760273e+01 5.267132e-04 5.921389e-04 5.333892e-04 4.546116e-04
4.765473e+01 5.244109e-04 5.941103e-04 5.340990e-04 4.450234e-04
4.770673e+01 5.212160e-04 5.946556e-04 5.343895e-04 4.346028e-04
4.775873e+01 5.172786e-04 5.941186e-04 5.339542e-04 4.237630e-04
4.781073e+01 5.127010e-04 5.928435e-04 5.326157e-04 4.126438e-04
4.786273e+01 5.075158e-04 5.909874e-04 5.303872e-04 4.011726e-04
4.791473e+01 5.017156e-04 5.884608e-04 5.274883e-04 3.891977e-04
4.796673e+01 4.953158e-04 5.850184e-04 5.242971e-04 3.766318e-04
4.801873e+01 4.884154e-04 5.804484e-04 5.212465e-04 3.635513e-04
4.807073e+01 4.812226e-04 5.747558e-04 5.186920e-04 3.502198e-04
4.812273e+01 4.740279e-04 5.682458e-04 5.167908e-04 3.370471e-04
4.817473e+01 4.671382e-04 5.614678e-04 5.154355e-04 3.245115e-04
4.822673e+01 4.608043e-04 5.550551e-04 5.142745e-04 3.130833e-04
4.827873e+01 4.551777e-04 5.495387e-04 5.128256e-04 3.031688e-04
4.833073e+01 4.503141e-04 5.452141e-04 5.106528e-04 2.950754e-04
4.838273e+01 4.462114e-04 5.421032e-04 5.075447e-04 2.889862e-04
4.843473e+01 4.428533e-04 5.400022e-04 5.036201e-04 2.849375e-04
4.848673e+01 4.402304e-04 5.385765e-04 4.993141e-04 2.828007e-04
4.853873e+01 4.383257e-04 5.374575e-04 4.952399e-04 2.822797e-04
4.859073e+01 4.370747e-04 5.363141e-04 4.919761e-04 2.829339e-04
4.864273e+01 4.363242e-04 5.348897e-04 4.898540e-04 2.842288e-04
4.869473e+01 4.358163e-04 5.330173e-04 4.888226e-04 2.856089e-04
4.874673e+01 4.352154e-04 5.306249e-04 4.884405e-04 2.865809e-04
4.879873e+01 4.341817e-04 5.277447e-04 4.880071e-04 2.867934e-04
4.885073e+01 4.324723e-04 5.245243e-04 4.867950e-04 2.860976e-04
4.890273e+01 4.300363e-04 5.212280e-04 4.843120e-04 2.845689e-04
4.895473e+01 4.270634e-04 5.182107e-04 4.805010e-04 2.824784e-04
4.900673e+01 4.239577e-04 5.158552e-04 4.758021e-04 2.802159e-04
4.905873e+01 4.212407e-04 5.144828e-04 4.710512e-04 2.781880e-04
4.911073e+01 4.194147e-04 5.142670e-04 4.672510e-04 2.767260e-04
4.916273e+01 4.188405e-04 5.151851e-04 4.653002e-04 2.760361e-04
4.921473e+01 4.196676e-04 5.170293e-04 4.657771e-04 2.761963e-04
4.926673e+01 4.218356e-04 5.194754e-04 4.688435e-04 2.771880e-04
4.931873e+01 4.251315e-04 5.221806e-04 4.742779e-04 2.789361e-04
4.937073e+01 4.292724e-04 5.248754e-04 4.816019e-04 2.813400e-04
4.942273e+01 4.339826e-04 5.274177e-04 4.902344e-04 2.842958e-04
4.947473e+01 4.390423e-04 5.297944e-04 4.996201e-04 2.877123e-04
4.952673e+01 4.443012e-04 5.320772e-04 5.093023e-04 2.915240e-04
4.957873e+01 4.496616e-04 5.343529e-04 5.189385e-04 2.956935e-04
4.963073e+01 4.550447e-04 5.366565e-04 5.282806e-04 3.001968e-04
4.968273e+01 4.603561e-04 5.389323e-04 5.371404e-04 3.049954e-04
4.973473e+01 4.654697e-04 5.410380e-04 5.453610e-04 3.100101e-04
4.978673e+01 4.702367e-04 5.427919e-04 5.528044e-04 3.151138e-04
4.983873e+01 4.745181e-04 5.440461e-04 5.593597e-04 3.201485e-04
4.989073e+01 4.782277e-04 5.447598e-04 5.649671e-04 3.249564e-04
4.994273e+01 4.813658e-04 5.450406e-04 5.696492e-04 3.294075e-04
4.999473e+01 4.840254e-04 5.451334e-04 5.735286e-04 3.334143e-04
5.004673e+01 4.863652e-04 5.453510e-04 5.768094e-04 3.369353e-04
5.009873e+01 4.885515e-04 5.459649e-04 5.797115e-04 3.399780e-04
5.015073e+01 4.906874e-04 5.470897e-04 5.823679e-04 3.426044e-04
5.020273e+01 4.927523e-04 5.485996e-04 5.847287e-04 3.449287e-04
5.025473e+01 4.945758e-04 5.501096e-04 5.865246e-04 3.470934e-04
5.030673e+01 4.958611e-04 5.510324e-04 5.873287e-04 3.492223e-04
5.035873e+01 4.962597e-04 5.507050e-04 5.867088e-04 3.513654e-04
5.041073e+01 4.954778e-04 5.485587e-04 5.844095e-04 3.534653e-04
5.046273e+01 4.933820e-04 5.442936e-04 5.804827e-04 3.553697e-04
5.051473e+01 4.900661e-04 5.380117e-04 5.752993e-04 3.568873e-04
5.056673e+01 4.858526e-04 5.302609e-04 5.694345e-04 3.578625e-04
5.061873e+01 4.812244e-04 5.219607e-04 5.634761e-04 3.582363e-04
5.067073e+01 4.767074e-04 5.142087e-04 5.578419e-04 3.580717e-04
5.072273e+01 4.727462e-04 5.080112e-04 5.526819e-04 3.575455e-04
5.077473e+01 4.696118e-04 5.040192e-04 5.478956e-04 3.569207e-04
5.082673e+01 4.673717e-04 5.023586e-04 5.432419e-04 3.565146e-04
5.087873e+01 4.659207e-04 5.026186e-04 5.384807e-04 3.566628e-04
5.093073e+01 4.650529e-04 5.040065e-04 5.334798e-04 3.576724e-04
5.098273e+01 4.645380e-04 5.056085e-04 5.282441e-04 3.597615e-04
5.103473e+01 4.641754e-04 5.066597e-04 5.228668e-04 3.629996e-04
5.108673e+01 4.638131e-04 5.067295e-04 5.174364e-04 3.672732e-04
5.113873e+01 4.633430e-04 5.057747e-04 5.119537e-04 3.723004e-04
5.119073e+01 4.626915e-04 5.040735e-04 5.063038e-04 3.776971e-04
5.124273e+01 4.618208e-04 5.020924e-04 5.002965e-04 3.830736e-04
5.129473e+01 4.607415e-04 5.003466e-04 4.937521e-04 3.881259e-04
5.134673e+01 4.595226e-04 4.992890e-04 4.865895e-04 3.926892e-04
5.139873e+01 4.582841e-04 4.992352e-04 4.788754e-04 3.967416e-04
5.145073e+01 4.571682e-04 5.003210e-04 4.708174e-04 4.003660e-04
5.150273e+01 4.562979e-04 5.024881e-04 4.627123e-04 4.036931e-04
5.155473e+01 4.557451e-04 5.055086e-04 4.548779e-04 4.068487e-04
5.160673e+01 4.555259e-04 5.090528e-04 4.476002e-04 4.099246e-04
5.165873e+01 4.556282e-04 5.127904e-04 4.411135e-04 4.129806e-04
5.171073e+01 4.560593e-04 5.164913e-04 4.356127e-04 4.160739e-04
5.176273e+01 4.568868e-04 5.200819e-04 4.312777e-04 4.193007e-04
5.181473e+01 4.582440e-04 5.236268e-04 4.282844e-04 4.228208e-04
5.186673e+01 4.602853e-04 5.272386e-04 4.267783e-04 4.268390e-04
5.191873e+01 4.630998e-04 5.309582e-04 4.268092e-04 4.315320e-04
5.197073e+01 4.666192e-04 5.346642e-04 4.282523e-04 4.369410e-04
5.202273e+01 4.705657e-04 5.380578e-04 4.307614e-04 4.428778e-04
5.207473e+01 4.744740e-04 5.407303e-04 4.337933e-04 4.488983e-04
5.212673e+01 4.777920e-04 5.422846e-04 4.367170e-04 4.543744e-04
5.217873e+01 4.800282e-04 5.424589e-04 4.389746e-04 4.586511e-04
5.223073e+01 4.808927e-04 5.412103e-04 4.402350e-04 4.612328e-04
5.228273e+01 4.803811e-04 5.387368e-04 4.404787e-04 4.619277e-04
5.233473e+01 4.787718e-04 5.354383e-04 4.399819e-04 4.608951e-04
5.238673e+01 4.765386e-04 5.318258e-04 4.392093e-04 4.585806e-04
5.243873e+01 4.742070e-04 5.283944e-04 4.386571e-04 4.555696e-04
5.249073e+01 4.721984e-04 5.254793e-04 4.386983e-04 4.524175e-04
5.254273e+01 4.707070e-04 5.231311e-04 4.394729e-04 4.495169e-04
5.259473e+01 4.696501e-04 5.210573e-04 4.408526e-04 4.470403e-04
5.264673e+01 4.687068e-04 5.186698e-04 4.424862e-04 4.449643e-04
5.269873e+01 4.674360e-04 5.152484e-04 4.439133e-04 4.431464e-04
5.275073e+01 4.654327e-04 5.101774e-04 4.447109e-04 4.414097e-04
5.280273e+01 4.624629e-04 5.031715e-04 4.446199e-04 4.395973e-04
5.285473e+01 4.585286e-04 4.943983e-04 4.436052e-04 4.375823e-04
5.290673e+01 4.538373e-04 4.844400e-04 4.418251e-04 4.352469e-04
5.295873e+01 4.487018e-04 4.741100e-04 4.395315e-04 4.324639e-04
5.301073e+01 4.434200e-04 4.641978e-04 4.369524e-04 4.291098e-04
5.306273e+01 4.381940e-04 4.552485e-04 4.342135e-04 4.251200e-04
5.311473e+01 4.331185e-04 4.474582e-04 4.313306e-04 4.205667e-04
5.316673e+01 4.282279e-04 4.407043e-04 4.282586e-04 4.157207e-04
5.321873e+01 4.235637e-04 4.346779e-04 4.249578e-04 4.110555e-04
5.327073e+01 4.192175e-04 4.290477e-04 4.214363e-04 4.071685e-04
5.332273e+01 4.153273e-04 4.235966e-04 4.177537e-04 4.046315e-04
5.337473e+01 4.120372e-04 4.182980e-04 4.139992e-04 4.038144e-04
5.342673e+01 4.094483e-04 4.133260e-04 4.102689e-04 4.047500e-04
5.347873e+01 4.075848e-04 4.090103e-04 4.066534e-04 4.070907e-04
5.353073e+01 4.063860e-04 4.057489e-04 4.032310e-04 4.101781e-04
5.358273e+01 4.057158e-04 4.038955e-04 4.000526e-04 4.131992e-04
5.363473e+01 4.053786e-04 4.036454e-04 3.971172e-04 4.153733e-04
5.368673e+01 4.051372e-04 4.049503e-04 3.943510e-04 4.161102e-04
5.373873e+01 4.047323e-04 4.074923e-04 3.916073e-04 4.150974e-04
5.379073e+01 4.039083e-04 4.107249e-04 3.886927e-04 4.123072e-04
5.384273e+01 4.024379e-04 4.139699e-04 3.854065e-04 4.079375e-04
5.389473e+01 4.001430e-04 4.165362e-04 3.815707e-04 4.023222e-04
5.394673e+01 3.969049e-04 4.178324e-04 3.770368e-04 3.958455e-04
5.399873e+01 3.926707e-04 4.174508e-04 3.716751e-04 3.888861e-04
5.405073e+01 3.874612e-04 4.152161e-04 3.653665e-04 3.818010e-04
5.410273e+01 3.813811e-04 4.111960e-04 3.580150e-04 3.749324e-04
5.415473e+01 3.746226e-04 4.056683e-04 3.495838e-04 3.686156e-04
5.420673e+01 3.674474e-04 3.990443e-04 3.401364e-04 3.631614e-04
5.425873e+01 3.601421e-04 3.917588e-04 3.298584e-04 3.588091e-04
5.431073e+01 3.529558e-04 3.841573e-04 3.190418e-04 3.556683e-04
5.436273e+01 3.460453e-04 3.764178e-04 3.080401e-04 3.536780e-04
5.441473e+01 3.394532e-04 3.685366e-04 2.972117e-04 3.526114e-04
5.446673e+01 3.331291e-04 3.603806e-04 2.868777e-04 3.521288e-04
5.451873e+01 3.269811e-04 3.517818e-04 2.772991e-04 3.518623e-04
5.457073e+01 3.209322e-04 3.426331e-04 2.686659e-04 3.514977e-04
5.462273e+01 3.149543e-04 3.329504e-04 2.610868e-04 3.508258e-04
5.467473e+01 3.090700e-04 3.228869e-04 2.545723e-04 3.497509e-04
5.472673e+01 3.033305e-04 3.127031e-04 2.490255e-04 3.482630e-04
5.477873e+01 2.977867e-04 3.027094e-04 2.442523e-04 3.463985e-04
5.483073e+01 2.924696e-04 2.931993e-04 2.400004e-04 3.442092e-04
5.488273e+01 2.873871e-04 2.843926e-04 2.360167e-04 3.417519e-04
5.493473e+01 2.825326e-04 2.763992e-04 2.321032e-04 3.390955e-04
5.498673e+01 2.778992e-04 2.692145e-04 2.281514e-04 3.363318e-04
5.503873e+01 2.734885e-04 2.627428e-04 2.241445e-04 3.335782e-04
5.509073e+01 2.693129e-04 2.568407e-04 2.201310e-04 3.309669e-04
5.514273e+01 2.653887e-04 2.513614e-04 2.161830e-04 3.286218e-04
5.519473e+01 2.617263e-04 2.461880e-04 2.123573e-04 3.266337e-04
5.524673e+01 2.583196e-04 2.412491e-04 2.086728e-04 3.250368e-04
5.529873e+01 2.551400e-04 2.365161e-04 2.051095e-04 3.237944e-04
5.535073e+01 2.521347e-04 2.319869e-04 2.016230e-04 3.227943e-04
5.540273e+01 2.492272e-04 2.276591e-04 1.981635e-04 3.218589e-04
5.545473e+01 2.463197e-04 2.235002e-04 1.946861e-04 3.207727e-04
5.550673e+01 2.432999e-04 2.194260e-04 1.911505e-04 3.193232e-04
5.555873e+01 2.400525e-04 2.152994e-04 1.875123e-04 3.173457e-04
5.561073e+01 2.364773e-04 2.109580e-04 1.837192e-04 3.147548e-04
5.566273e+01 2.325088e-04 2.062625e-04 1.797172e-04 3.115467e-04
5.571473e+01 2.281281e-04 2.011480e-04 1.754697e-04 3.077667e-04
5.576673e+01 2.233614e-04 1.956497e-04 1.709793e-04 3.034552e-04
5.581873e+01 2.182620e-04 1.898905e-04 1.663025e-04 2.985930e-04
5.587073e+01 2.128851e-04 1.840327e-04 1.615485e-04 2.930741e-04
5.592273e+01 2.072665e-04 1.782158e-04 1.568624e-04 2.867214e-04
5.597473e+01 2.014177e-04 1.725095e-04 1.523996e-04 2.793440e-04
5.602673e+01 1.953378e-04 1.668992e-04 1.482979e-04 2.708163e-04
5.607873e+01 1.890361e-04 1.613080e-04 1.446547e-04 2.611456e-04
5.613073e+01 1.825494e-04 1.556393e-04 1.415105e-04 2.504985e-04
5.618273e+01 1.759451e-04 1.498216e-04 1.388398e-04 2.391740e-04
5.623473e+01 1.693067e-04 1.438367e-04 1.365516e-04 2.275317e-04
5.628673e+01 1.627092e-04 1.377242e-04 1.345005e-04 2.159030e-04
5.633873e+01 1.561979e-04 1.315642e-04 1.325078e-04 2.045218e-04
5.639073e+01 1.497777e-04 1.254488e-04 1.303874e-04 1.934968e-04
5.644273e+01 1.434182e-04 1.194546e-04 1.279694e-04 1.828307e-04
5.649473e+01 1.370709e-04 1.136267e-04 1.251158e-04 1.724701e-04
5.654673e+01 1.306903e-04 1.079806e-04 1.217291e-04 1.623613e-04
5.659873e+01 1.242547e-04 1.025180e-04 1.177575e-04 1.524887e-04
5.665073e+01 1.177794e-04 9.724949e-05 1.132021e-04 1.428865e-04
5.670273e+01 1.113209e-04 9.221048e-05 1.081249e-04 1.336273e-04
5.675473e+01 1.049715e-04 8.746413e-05 1.026528e-04 1.247976e-04
5.680673e+01 9.884357e-05 8.308785e-05 9.696855e-05 1.164743e-04
5.685873e+01 9.304875e-05 7.914931e-05 9.128810e-05 1.087088e-04
5.691073e+01 8.767394e-05 7.567986e-05 8.582400e-05 1.015180e-04
5.696273e+01 8.275801e-05 7.265231e-05 8.074316e-05 9.487857e-05
5.701473e+01 7.827161e-05 6.996682e-05 7.612654e-05 8.872148e-05
5.706673e+01 7.410347e-05 6.744665e-05 7.193986e-05 8.292390e-05
5.711873e+01 7.005950e-05 6.484677e-05 6.802490e-05 7.730684e-05
5.717073e+01 6.588245e-05 6.188010e-05 6.412006e-05 7.164719e-05
5.722273e+01 6.129716e-05 5.826515e-05 5.991419e-05 6.571214e-05
5.727473e+01 5.607729e-05 5.379065e-05 5.512649e-05 5.931471e-05
5.732673e+01 5.011686e-05 4.838195e-05 4.959253e-05 5.237609e-05
5.737873e+01 4.348124e-05 4.214491e-05 4.332771e-05 4.497111e-05
5.743073e+01 3.641437e-05 3.536570e-05 3.654290e-05 3.733449e-05
5.748273e+01 2.929364e-05 2.845930e-05 2.960264e-05 2.981897e-05
5.753473e+01 2.254484e-05 2.187990e-05 2.293845e-05 2.281617e-05
5.758673e+01 1.654563e-05 1.602288e-05 1.694715e-05 1.666687e-05
5.763873e+01 1.154986e-05 1.115029e-05 1.190820e-05 1.159108e-05
5.769073e+01 7.653867e-06 7.360339e-06 7.943300e-06 7.657962e-06
5.774273e+01 4.808015e-06 4.602444e-06 5.023134e-06 4.798467e-06
5.779473e+01 2.860094e-06 2.723551e-06 3.008632e-06 2.848099e-06
5.784673e+01 1.609989e-06 1.524234e-06 1.705867e-06 1.599866e-06
5.789873e+01 8.572703e-07 8.064214e-07 9.153812e-07 8.500084e-07
5.795073e+01 4.317145e-07 4.032605e-07 4.649001e-07 4.269828e-07
5.800273e+01 2.056281e-07 1.905987e-07 2.235340e-07 2.027517e-07
5.805473e+01 9.265647e-08 8.515805e-08 1.018047e-07 9.100662e-08
5.810673e+01 3.951286e-08 3.597603e-08 4.394568e-08 3.861686e-08
5.815873e+01 1.595429e-08 1.437562e-08 1.799347e-08 1.549379e-08
5.821073e+01 6.102739e-09 5.435340e-09 6.993629e-09 5.879250e-09
5.826273e+01 2.212652e-09 1.945231e-09 2.582213e-09 2.110511e-09
5.831473e+01 7.607623e-10 6.591682e-10 9.062032e-10 7.169154e-10
5.836673e+01 2.481342e-10 2.115427e-10 3.023677e-10 2.304923e-10
5.841873e+01 7.677149e-11 6.428343e-11 9.590803e-11 7.012302e-11
5.847073e+01 2.252458e-11 1.849050e-11 2.890190e-11 2.018134e-11
5.852273e+01 6.234184e-12 4.993208e-12 8.240506e-12 5.468839e-12
5.857473e+01 1.619223e-12 1.264762e-12 2.206185e-12 1.386721e-12
5.862673e+01 3.670088e-13 2.770991e-13 5.238570e-13 3.000702e-13
5.867873e+01 7.914737e-14 5.351187e-14 1.235923e-13 6.033797e-14
5.873073e+01 1.658789e-14 1.160276e-14 2.572807e-14 1.243285e-14
5.878273e+01 2.409304e-15 9.477881e-16 4.942491e-15 1.337634e-15
5.883473e+01 5.201622e-16 2.044140e-16 1.067686e-15 2.883870e-16
5.888673e+01 0.000000e+00 0.000000e+00 0.000000e+00 0.000000e+00
5.893873e+01 0.000000e+00 0.000000e+00 0.000000e+00 0.000000e+00
5.899073e+01 0.000000e+00 0.000000e+00 0.000000e+00 0.000000e+00
5.904273e+01 0.000000e+00 0.000000e+00 0.000000e+00 0.000000e+00
5.909473e+01 0.000000e+00 0.000000e+00 0.000000e+00 0.000000e+00
5.914673e+01 0.000000e+00 0.000000e+00 0.000000e+00 0.000000e+00
5.919873e+01 0.000000e+00 0.000000e+00 0.000000e+00 0.000000e+00
5.925073e+01 0.000000e+00 0.000000e+00 0.000000e+00 0.000000e+00
5.930273e+01 0.000000e+00 0.000000e+00 0.000000e+00 0.000000e+00
