3.545133e+00 0.000000e+00 0.000000e+00 0.000000e+00 0.000000e+00
3.597133e+00 0.000000e+00 0.000000e+00 0.000000e+00 0.000000e+00
3.649133e+00 0.000000e+00 0.000000e+00 0.000000e+00 0.000000e+00
3.701133e+00 0.000000e+00 0.000000e+00 0.000000e+00 0.000000e+00
3.753133e+00 0.000000e+00 0.000000e+00 0.000000e+00 0.000000e+00
3.805133e+00 0.000000e+00 0.000000e+00 0.000000e+00 0.000000e+00
3.857133e+00 0.000000e+00 0.000000e+00 0.000000e+00 0.000000e+00
3.909133e+00 0.000000e+00 0.000000e+00 0.000000e+00 0.000000e+00
3.961133e+00 0.000000e+00 0.000000e+00 0.000000e+00 0.000000e+00
4.013133e+00 0.000000e+00 0.000000e+00 0.000000e+00 0.000000e+00
4.065133e+00 0.000000e+00 0.000000e+00 0.000000e+00 0.000000e+00
4.117133e+00 0.000000e+00 0.000000e+00 0.000000e+00 0.000000e+00
4.169133e+00 0.000000e+00 0.000000e+00 0.000000e+00 0.000000e+00
4.221133e+00 0.000000e+00 0.000000e+00 0.000000e+00 0.000000e+00
4.273133e+00 0.000000e+00 0.000000e+00 0.000000e+00 0.000000e+00
4.325133e+00 0.000000e+00 0.000000e+00 0.000000e+00 0.000000e+00
4.377133e+00 0.000000e+00 0.000000e+00 0.000000e+00 0.000000e+00
4.429133e+00 0.000000e+00 0.000000e+00 0.000000e+00 0.000000e+00
4.481133e+00 0.000000e+00 0.000000e+00 0.000000e+00 0.000000e+00
4.533133e+00 0.000000e+00 0.000000e+00 0.000000e+00 0.000000e+00
4.585133e+00 0.000000e+00 0.000000e+00 0.000000e+00 0.000000e+00
4.637133e+00 0.000000e+00 0.000000e+00 0.000000e+00 0.000000e+00
4.689133e+00 0.000000e+00 0.000000e+00 0.000000e+00 0.000000e+00
4.741133e+00 0.000000e+00 0.000000e+00 0.000000e+00 0.000000e+00
4.793133e+00 0.000000e+00 0.000000e+00 0.000000e+00 0.000000e+00
4.845133e+00 0.000000e+00 0.000000e+00 0.000000e+00 0.000000e+00
4.897133e+00 0.000000e+00 0.000000e+00 0.000000e+00 0.000000e+00
4.949133e+00 0.000000e+00 0.000000e+00 0.000000e+00 0.000000e+00
5.001133e+00 0.000000e+00 0.000000e+00 0.000000e+00 0.000000e+00
5.053133e+00 0.000000e+00 0.000000e+00 0.000000e+00 0.000000e+00
5.105133e+00 0.000000e+00 0.000000e+00 0.000000e+00 0.000000e+00
5.157133e+00 0.000000e+00 0.000000e+00 0.000000e+00 0.000000e+00
5.209133e+00 0.000000e+00 0.000000e+00 0.000000e+00 0.000000e+00
5.261133e+00 0.000000e+00 0.000000e+00 0.000000e+00 0.000000e+00
5.313133e+00 0.000000e+00 0.000000e+00 0.000000e+00 0.000000e+00
5.365133e+00 0.000000e+00 0.000000e+00 0.000000e+00 0.000000e+00
5.417133e+00 0.000000e+00 0.000000e+00 0.000000e+00 0.000000e+00
5.469133e+00 0.000000e+00 0.000000e+00 0.000000e+00 0.000000e+00
5.521133e+00 0.000000e+00 0.000000e+00 0.000000e+00 0.000000e+00
5.573133e+00 0.000000e+00 0.000000e+00 0.000000e+00 0.000000e+00
5.625133e+00 0.000000e+00 0.000000e+00 0.000000e+00 0.000000e+00
5.677133e+00 0.000000e+00 0.000000e+00 0.000000e+00 0.000000e+00
5.729133e+00 0.000000e+00 0.000000e+00 0.000000e+00 0.000000e+00
5.781133e+00 0.000000e+00 0.000000e+00 0.000000e+00 0.000000e+00
5.833133e+00 0.000000e+00 0.000000e+00 0.000000e+00 0.000000e+00
5.885133e+00 0.000000e+00 0.000000e+00 0.000000e+00 0.000000e+00
5.937133e+00 0.000000e+00 0.000000e+00 0.000000e+00 0.000000e+00
5.989133e+00 0.000000e+00 0.000000e+00 0.000000e+00 0.000000e+00
6.041133e+00 0.000000e+00 0.000000e+00 0.000000e+00 0.000000e+00
6.093133e+00 0.000000e+00 0.000000e+00 0.000000e+00 0.000000e+00
6.145133e+00 0.000000e+00 0.000000e+00 0.000000e+00 0.000000e+00
6.197133e+00 0.000000e+00 0.000000e+00 0.000000e+00 0.000000e+00
6.249133e+00 0.000000e+00 0.000000e+00 0.000000e+00 0.000000e+00
6.301133e+00 0.000000e+00 0.000000e+00 0.000000e+00 0.000000e+00
6.353133e+00 0.000000e+00 0.000000e+00 0.000000e+00 0.000000e+00
6.405133e+00 0.000000e+00 0.000000e+00 0.000000e+00 0.000000e+00
6.457133e+00 0.000000e+00 0.000000e+00 0.000000e+00 0.000000e+00
6.509133e+00 0.000000e+00 0.000000e+00 0.000000e+00 0.000000e+00
6.561133e+00 0.000000e+00 0.000000e+00 0.000000e+00 0.000000e+00
6.613133e+00 0.000000e+00 0.000000e+00 0.000000e+00 0.000000e+00
6.665133e+00 0.000000e+00 0.000000e+00 0.000000e+00 0.000000e+00
6.717133e+00 0.000000e+00 0.000000e+00 0.000000e+00 0.000000e+00
6.769133e+00 0.000000e+00 0.000000e+00 0.000000e+00 0.000000e+00
6.821133e+00 0.000000e+00 0.000000e+00 0.000000e+00 0.000000e+00
6.873133e+00 0.000000e+00 0.000000e+00 0.000000e+00 0.000000e+00
6.925133e+00 0.000000e+00 0.000000e+00 0.000000e+00 0.000000e+00
6.977133e+00 0.000000e+00 0.000000e+00 0.000000e+00 0.000000e+00
7.029133e+00 0.000000e+00 0.000000e+00 0.000000e+00 0.000000e+00
7.081133e+00 0.000000e+00 0.000000e+00 0.000000e+00 0.000000e+00
7.133133e+00 0.000000e+00 0.000000e+00 0.000000e+00 0.000000e+00
7.185133e+00 0.000000e+00 0.000000e+00 0.000000e+00 0.000000e+00
7.237133e+00 0.000000e+00 0.000000e+00 0.000000e+00 0.000000e+00
7.289133e+00 0.000000e+00 0.000000e+00 0.000000e+00 0.000000e+00
7.341133e+00 0.000000e+00 0.000000e+00 0.000000e+00 0.000000e+00
7.393133e+00 2.675862e-14 2.085612e-14 4.990516e-14 9.514570e-15
7.445133e+00 1.224688e-13 9.545427e-14 2.284059e-13 4.354628e-14
7.497133e+00 5.238768e-13 4.083184e-13 9.770370e-13 1.862751e-13
7.549133e+00 2.478779e-12 1.951908e-12 4.553375e-12 9.310537e-13
7.601133e+00 9.541099e-12 7.523811e-12 1.748165e-11 3.617839e-12
7.653133e+00 3.494502e-11 2.762436e-11 6.372277e-11 1.348792e-11
7.705133e+00 1.192182e-10 9.442593e-11 2.165555e-10 4.667303e-11
7.757133e+00 3.828979e-10 3.039114e-10 6.924610e-10 1.523213e-10
7.809133e+00 1.159830e-09 9.227047e-10 2.086802e-09 4.699845e-10
7.861133e+00 3.312570e-09 2.641717e-09 5.926656e-09 1.369336e-09
7.913133e+00 8.934412e-09 7.143090e-09 1.588558e-08 3.774568e-09
7.965133e+00 2.278171e-08 1.826170e-08 4.023074e-08 9.852697e-09
8.017133e+00 5.497800e-08 4.418710e-08 9.637151e-08 2.437538e-08
8.069133e+00 1.256967e-07 1.012930e-07 2.186009e-07 5.719632e-08
8.121133e+00 2.725427e-07 2.201999e-07 4.700474e-07 1.273807e-07
8.173133e+00 5.609617e-07 4.543637e-07 9.591161e-07 2.694054e-07
8.225133e+00 1.097027e-06 8.906795e-07 1.859016e-06 5.413862e-07
8.277133e+00 2.040195e-06 1.660139e-06 3.426186e-06 1.034259e-06
8.329133e+00 3.611521e-06 2.944833e-06 6.010333e-06 1.879398e-06
8.381133e+00 6.091253e-06 4.976247e-06 1.004680e-05 3.250715e-06
8.433133e+00 9.800333e-06 8.020283e-06 1.602372e-05 5.356997e-06
8.485133e+00 1.506463e-05 1.234790e-05 2.442375e-05 8.422258e-06
8.537133e+00 2.216908e-05 1.819706e-05 3.565323e-05 1.265694e-05
8.589133e+00 3.131846e-05 2.573968e-05 4.998588e-05 1.822982e-05
8.641133e+00 4.262726e-05 3.507164e-05 6.755462e-05 2.525552e-05
8.693133e+00 5.615471e-05 4.623921e-05 8.841402e-05 3.381089e-05
8.745133e+00 7.198036e-05 5.929821e-05 1.126623e-04 4.398057e-05
8.797133e+00 9.028527e-05 7.437793e-05 1.405667e-04 5.591119e-05
8.849133e+00 1.113805e-04 9.170314e-05 1.726041e-04 6.983430e-05
8.901133e+00 1.356297e-04 1.115325e-04 2.093393e-04 8.601727e-05
8.953133e+00 1.632563e-04 1.340078e-04 2.511327e-04 1.046283e-04
9.005133e+00 1.940959e-04 1.589659e-04 2.977702e-04 1.255516e-04
9.057133e+00 2.274097e-04 1.858107e-04 3.481833e-04 1.482350e-04
9.109133e+00 2.618750e-04 2.135421e-04 4.004216e-04 1.716614e-04
9.161133e+00 2.957981e-04 2.409755e-04 4.519262e-04 1.944925e-04
9.213133e+00 3.274860e-04 2.670939e-04 5.000067e-04 2.153575e-04
9.265133e+00 3.556422e-04 2.914026e-04 5.423303e-04 2.331935e-04
9.317133e+00 3.796530e-04 3.141504e-04 5.772701e-04 2.475384e-04
9.369133e+00 3.997177e-04 3.363486e-04 6.040908e-04 2.587138e-04
9.421133e+00 4.168530e-04 3.596006e-04 6.230661e-04 2.678924e-04
9.473133e+00 4.328272e-04 3.858125e-04 6.356159e-04 2.770531e-04
9.525133e+00 4.500243e-04 4.168586e-04 6.444187e-04 2.887957e-04
9.577133e+00 4.711841e-04 4.542655e-04 6.533209e-04 3.059658e-04
9.629133e+00 4.989756e-04 4.989689e-04 6.668702e-04 3.310876e-04
9.681133e+00 5.354735e-04 5.512065e-04 6.894863e-04 3.657278e-04
9.733133e+00 5.817189e-04 6.105846e-04 7.245328e-04 4.100394e-04
9.785133e+00 6.375760e-04 6.762994e-04 7.736825e-04 4.627460e-04
9.837133e+00 7.019761e-04 7.474104e-04 8.368566e-04 5.216613e-04
9.889133e+00 7.734320e-04 8.230288e-04 9.127029e-04 5.845643e-04
9.941133e+00 8.505462e-04 9.023362e-04 9.992726e-04 6.500297e-04
9.993133e+00 9.322530e-04 9.844735e-04 1.094472e-03 7.178138e-04
1.004513e+01 1.017738e-03 1.068462e-03 1.196100e-03 7.886526e-04
1.009713e+01 1.106253e-03 1.153355e-03 1.301699e-03 8.637055e-04
1.014913e+01 1.197169e-03 1.238697e-03 1.408695e-03 9.441164e-04
1.020113e+01 1.290452e-03 1.325132e-03 1.515155e-03 1.031069e-03
1.025313e+01 1.387334e-03 1.414754e-03 1.620944e-03 1.126305e-03
1.030513e+01 1.490601e-03 1.510745e-03 1.728455e-03 1.232603e-03
1.035713e+01 1.603905e-03 1.616122e-03 1.842022e-03 1.353572e-03
1.040913e+01 1.730050e-03 1.731960e-03 1.965765e-03 1.492424e-03
1.046113e+01 1.868943e-03 1.855976e-03 2.100722e-03 1.650132e-03
1.051313e+01 2.016402e-03 1.982414e-03 2.242875e-03 1.823917e-03
1.056513e+01 2.164776e-03 2.103674e-03 2.383548e-03 2.007106e-03
1.061713e+01 2.305444e-03 2.213169e-03 2.512380e-03 2.190783e-03
1.066913e+01 2.432157e-03 2.308126e-03 2.621607e-03 2.366738e-03
1.072113e+01 2.543649e-03 2.390910e-03 2.709441e-03 2.530597e-03
1.077313e+01 2.644261e-03 2.468102e-03 2.780733e-03 2.683947e-03
1.082513e+01 2.742291e-03 2.547613e-03 2.844526e-03 2.834733e-03
1.087713e+01 2.846837e-03 2.635048e-03 2.909706e-03 2.995757e-03
1.092913e+01 2.964389e-03 2.730846e-03 2.980837e-03 3.181483e-03
1.098113e+01 3.096279e-03 2.829343e-03 3.055947e-03 3.403548e-03
1.103313e+01 3.237572e-03 2.920078e-03 3.126896e-03 3.665742e-03
1.108513e+01 3.377466e-03 2.990742e-03 3.181783e-03 3.959874e-03
1.113713e+01 3.501105e-03 3.030651e-03 3.208242e-03 4.264421e-03
1.118913e+01 3.592594e-03 3.033544e-03 3.196580e-03 4.547659e-03
1.124113e+01 3.638878e-03 2.998955e-03 3.142207e-03 4.775471e-03
1.129313e+01 3.633657e-03 2.932002e-03 3.047127e-03 4.921842e-03
1.134513e+01 3.580123e-03 2.841947e-03 2.920277e-03 4.978146e-03
1.139713e+01 3.491236e-03 2.740113e-03 2.776427e-03 4.957170e-03
1.144913e+01 3.386971e-03 2.637711e-03 2.633500e-03 4.889701e-03
1.150113e+01 3.289161e-03 2.543995e-03 2.508727e-03 4.814759e-03
1.155313e+01 3.215682e-03 2.465009e-03 2.414691e-03 4.767345e-03
1.160513e+01 3.176073e-03 2.403132e-03 2.356589e-03 4.768497e-03
1.165713e+01 3.170070e-03 2.357451e-03 2.331701e-03 4.821058e-03
1.170913e+01 3.189260e-03 2.324879e-03 2.331130e-03 4.911771e-03
1.176113e+01 3.220805e-03 2.301666e-03 2.343018e-03 5.017731e-03
1.181313e+01 3.251635e-03 2.284858e-03 2.355941e-03 5.114106e-03
1.186513e+01 3.271665e-03 2.273188e-03 2.361360e-03 5.180446e-03
1.191713e+01 3.275327e-03 2.267118e-03 2.354633e-03 5.204231e-03
1.196913e+01 3.261433e-03 2.267980e-03 2.334753e-03 5.181566e-03
1.202113e+01 3.231826e-03 2.276538e-03 2.303329e-03 5.115612e-03
1.207313e+01 3.189479e-03 2.291509e-03 2.263344e-03 5.013583e-03
1.212513e+01 3.136631e-03 2.308665e-03 2.217993e-03 4.883235e-03
1.217713e+01 3.073548e-03 2.321020e-03 2.169742e-03 4.729883e-03
1.222913e+01 2.998285e-03 2.320203e-03 2.119686e-03 4.554964e-03
1.228113e+01 2.907569e-03 2.298704e-03 2.067345e-03 4.356658e-03
1.233313e+01 2.798485e-03 2.252219e-03 2.010948e-03 4.132289e-03
1.238513e+01 2.670273e-03 2.181246e-03 1.948173e-03 3.881399e-03
1.243713e+01 2.525486e-03 2.091307e-03 1.877089e-03 3.608062e-03
1.248913e+01 2.370022e-03 1.991653e-03 1.796982e-03 3.321431e-03
1.254113e+01 2.212004e-03 1.892914e-03 1.708798e-03 3.034298e-03
1.259313e+01 2.059981e-03 1.804485e-03 1.615097e-03 2.760360e-03
1.264513e+01 1.921102e-03 1.732473e-03 1.519573e-03 2.511260e-03
1.269713e+01 1.799851e-03 1.678786e-03 1.426337e-03 2.294429e-03
1.274913e+01 1.697639e-03 1.641471e-03 1.339162e-03 2.112283e-03
1.280113e+01 1.613221e-03 1.616001e-03 1.260890e-03 1.962772e-03
1.285313e+01 1.543634e-03 1.596943e-03 1.193096e-03 1.840864e-03
1.290513e+01 1.485274e-03 1.579425e-03 1.136058e-03 1.740340e-03
1.295713e+01 1.434782e-03 1.560001e-03 1.088986e-03 1.655359e-03
1.300913e+01 1.389561e-03 1.536813e-03 1.050421e-03 1.581449e-03
1.306113e+01 1.347937e-03 1.509206e-03 1.018703e-03 1.515904e-03
1.311313e+01 1.309085e-03 1.477133e-03 9.923922e-04 1.457730e-03
1.316513e+01 1.272854e-03 1.440674e-03 9.705556e-04 1.407333e-03
1.321713e+01 1.239588e-03 1.399872e-03 9.528561e-04 1.366035e-03
1.326913e+01 1.209924e-03 1.354907e-03 9.394384e-04 1.335425e-03
1.332113e+01 1.184527e-03 1.306409e-03 9.306456e-04 1.316527e-03
1.337313e+01 1.163734e-03 1.255660e-03 9.266430e-04 1.308900e-03
1.342513e+01 1.147168e-03 1.204482e-03 9.270536e-04 1.309969e-03
1.347713e+01 1.133491e-03 1.154845e-03 9.307180e-04 1.314912e-03
1.352913e+01 1.120479e-03 1.108402e-03 9.356932e-04 1.317341e-03
1.358113e+01 1.105516e-03 1.066279e-03 9.395687e-04 1.310701e-03
1.363313e+01 1.086476e-03 1.029333e-03 9.401169e-04 1.289978e-03
1.368513e+01 1.062753e-03 9.988838e-04 9.362072e-04 1.253168e-03
1.373713e+01 1.036151e-03 9.776888e-04 9.288084e-04 1.201956e-03
1.378913e+01 1.011343e-03 9.708093e-04 9.218120e-04 1.141407e-03
1.384113e+01 9.957055e-04 9.859622e-04 9.223529e-04 1.078801e-03
1.389313e+01 9.984659e-04 1.033042e-03 9.403215e-04 1.022034e-03
1.394513e+01 1.029192e-03 1.122629e-03 9.868851e-04 9.780608e-04
1.399713e+01 1.095773e-03 1.263544e-03 1.072069e-03 9.517063e-04
1.404913e+01 1.202192e-03 1.459865e-03 1.201784e-03 9.449256e-04
1.410113e+01 1.346558e-03 1.708202e-03 1.375047e-03 9.564245e-04
1.415313e+01 1.520108e-03 1.996338e-03 1.582401e-03 9.815841e-04
1.420513e+01 1.707816e-03 2.304181e-03 1.806479e-03 1.012789e-03
1.425713e+01 1.890963e-03 2.607372e-03 2.025134e-03 1.040381e-03
1.430913e+01 2.051240e-03 2.882752e-03 2.216587e-03 1.054381e-03
1.436113e+01 2.175202e-03 3.113867e-03 2.364992e-03 1.046747e-03
1.441313e+01 2.257383e-03 3.294266e-03 2.464295e-03 1.013588e-03
1.446513e+01 2.300736e-03 3.427020e-03 2.518670e-03 9.565183e-04
1.451713e+01 2.314142e-03 3.520549e-03 2.539240e-03 8.826384e-04
1.456913e+01 2.308108e-03 3.582654e-03 2.538486e-03 8.031823e-04
1.462113e+01 2.290699e-03 3.615691e-03 2.524940e-03 7.314656e-04
1.467313e+01 2.265662e-03 3.615348e-03 2.500610e-03 6.810273e-04
1.472513e+01 2.233523e-03 3.573736e-03 2.462234e-03 6.645980e-04
1.477713e+01 2.194927e-03 3.485317e-03 2.405525e-03 6.939409e-04
1.482913e+01 2.154285e-03 3.352713e-03 2.330116e-03 7.800261e-04
1.488113e+01 2.121662e-03 3.189555e-03 2.242663e-03 9.327689e-04
1.493313e+01 2.111753e-03 3.018891e-03 2.156552e-03 1.159814e-03
1.498513e+01 2.140192e-03 2.867768e-03 2.088342e-03 1.464465e-03
1.503713e+01 2.218739e-03 2.760185e-03 2.052517e-03 1.843516e-03
1.508913e+01 2.351337e-03 2.711100e-03 2.056817e-03 2.286095e-03
1.514113e+01 2.532607e-03 2.723460e-03 2.099965e-03 2.774398e-03
1.519313e+01 2.749227e-03 2.788808e-03 2.172489e-03 3.286384e-03
1.524513e+01 2.983416e-03 2.890668e-03 2.260076e-03 3.799504e-03
1.529713e+01 3.217002e-03 3.009161e-03 2.347986e-03 4.293858e-03
1.534913e+01 3.434547e-03 3.125348e-03 2.424974e-03 4.753321e-03
1.540113e+01 3.624717e-03 3.224309e-03 2.485596e-03 5.164245e-03
1.545313e+01 3.780009e-03 3.296645e-03 2.530645e-03 5.512736e-03
1.550513e+01 3.895723e-03 3.338589e-03 2.566092e-03 5.782487e-03
1.555713e+01 3.969142e-03 3.351128e-03 2.601257e-03 5.955039e-03
1.560913e+01 3.999508e-03 3.338607e-03 2.646807e-03 6.013111e-03
1.566113e+01 3.988684e-03 3.307220e-03 2.712872e-03 5.945959e-03
1.571313e+01 3.941807e-03 3.263687e-03 2.807244e-03 5.754489e-03
1.576513e+01 3.867190e-03 3.214235e-03 2.933584e-03 5.453750e-03
1.581713e+01 3.775019e-03 3.163875e-03 3.089738e-03 5.071443e-03
1.586913e+01 3.675066e-03 3.115881e-03 3.266563e-03 4.642753e-03
1.592113e+01 3.574180e-03 3.071370e-03 3.447918e-03 4.203251e-03
1.597313e+01 3.474564e-03 3.029060e-03 3.612379e-03 3.782253e-03
1.602513e+01 3.373611e-03 2.985359e-03 3.736832e-03 3.398642e-03
1.607713e+01 3.265508e-03 2.935025e-03 3.801404e-03 3.060095e-03
1.612913e+01 3.144098e-03 2.872471e-03 3.794484e-03 2.765341e-03
1.618113e+01 3.005941e-03 2.793485e-03 3.716202e-03 2.508136e-03
1.623313e+01 2.852380e-03 2.696829e-03 3.579000e-03 2.281310e-03
1.628513e+01 2.689770e-03 2.585020e-03 3.404743e-03 2.079548e-03
1.633713e+01 2.527755e-03 2.463840e-03 3.219108e-03 1.900318e-03
1.638913e+01 2.376262e-03 2.340609e-03 3.045010e-03 1.743166e-03
1.644113e+01 2.242426e-03 2.221865e-03 2.897264e-03 1.608150e-03
1.649313e+01 2.128667e-03 2.111428e-03 2.780184e-03 1.494389e-03
1.654513e+01 2.032619e-03 2.009703e-03 2.688755e-03 1.399400e-03
1.659713e+01 1.948888e-03 1.914542e-03 2.612664e-03 1.319457e-03
1.664913e+01 1.871860e-03 1.823300e-03 2.541578e-03 1.250701e-03
1.670113e+01 1.798494e-03 1.735213e-03 2.469800e-03 1.190469e-03
1.675313e+01 1.730106e-03 1.653141e-03 2.398868e-03 1.138309e-03
1.680513e+01 1.672607e-03 1.583967e-03 2.337480e-03 1.096373e-03
1.685713e+01 1.635215e-03 1.537452e-03 2.299020e-03 1.069172e-03
1.690913e+01 1.628088e-03 1.523863e-03 2.297555e-03 1.062845e-03
1.696113e+01 1.659546e-03 1.551005e-03 2.343483e-03 1.084149e-03
1.701313e+01 1.733593e-03 1.621515e-03 2.439946e-03 1.139316e-03
1.706513e+01 1.848320e-03 1.731202e-03 2.580941e-03 1.232816e-03
1.711713e+01 1.995562e-03 1.868971e-03 2.751642e-03 1.366071e-03
1.716913e+01 2.161893e-03 2.018482e-03 2.930929e-03 1.536269e-03
1.722113e+01 2.330746e-03 2.161154e-03 3.095529e-03 1.735555e-03
1.727313e+01 2.485117e-03 2.279719e-03 3.224632e-03 1.951001e-03
1.732513e+01 2.610223e-03 2.361352e-03 3.303688e-03 2.165630e-03
1.737713e+01 2.695486e-03 2.399559e-03 3.326358e-03 2.360541e-03
1.742913e+01 2.735513e-03 2.394469e-03 3.294287e-03 2.517784e-03
1.748113e+01 2.730063e-03 2.351696e-03 3.215183e-03 2.623311e-03
1.753313e+01 2.683239e-03 2.280355e-03 3.100160e-03 2.669203e-03
1.758513e+01 2.602291e-03 2.190922e-03 2.961364e-03 2.654589e-03
1.763713e+01 2.496323e-03 2.093490e-03 2.810404e-03 2.585076e-03
1.768913e+01 2.375106e-03 1.996675e-03 2.657613e-03 2.471029e-03
1.774113e+01 2.248071e-03 1.907114e-03 2.511760e-03 2.325341e-03
1.779313e+01 2.123534e-03 1.829376e-03 2.379851e-03 2.161374e-03
1.784513e+01 2.008148e-03 1.766087e-03 2.266866e-03 1.991491e-03
1.789713e+01 1.906642e-03 1.718169e-03 2.175542e-03 1.826216e-03
1.794913e+01 1.821788e-03 1.685160e-03 2.106372e-03 1.673831e-03
1.800113e+01 1.754571e-03 1.665618e-03 2.057934e-03 1.540161e-03
1.805313e+01 1.704473e-03 1.657540e-03 2.027449e-03 1.428430e-03
1.810513e+01 1.669795e-03 1.658727e-03 2.011419e-03 1.339240e-03
1.815713e+01 1.647991e-03 1.667026e-03 2.006145e-03 1.270803e-03
1.820913e+01 1.635992e-03 1.680415e-03 2.008049e-03 1.219511e-03
1.826113e+01 1.630528e-03 1.697003e-03 2.013786e-03 1.180795e-03
1.831313e+01 1.628454e-03 1.715021e-03 2.020229e-03 1.150112e-03
1.836513e+01 1.627051e-03 1.732874e-03 2.024433e-03 1.123845e-03
1.841713e+01 1.624267e-03 1.749245e-03 2.023649e-03 1.099906e-03
1.846913e+01 1.618859e-03 1.763186e-03 2.015490e-03 1.077900e-03
1.852113e+01 1.610377e-03 1.774088e-03 1.998220e-03 1.058823e-03
1.857313e+01 1.598982e-03 1.781492e-03 1.971086e-03 1.044369e-03
1.862513e+01 1.585139e-03 1.784776e-03 1.934546e-03 1.036095e-03
1.867713e+01 1.569278e-03 1.782890e-03 1.890231e-03 1.034713e-03
1.872913e+01 1.551555e-03 1.774303e-03 1.840576e-03 1.039785e-03
1.878113e+01 1.531794e-03 1.757272e-03 1.788198e-03 1.049912e-03
1.883313e+01 1.509641e-03 1.730372e-03 1.735254e-03 1.063296e-03
1.888513e+01 1.484829e-03 1.693085e-03 1.683007e-03 1.078396e-03
1.893713e+01 1.457438e-03 1.646195e-03 1.631775e-03 1.094345e-03
1.898913e+01 1.428000e-03 1.591805e-03 1.581235e-03 1.110959e-03
1.904113e+01 1.397397e-03 1.532941e-03 1.530883e-03 1.128366e-03
1.909313e+01 1.366581e-03 1.472870e-03 1.480409e-03 1.146462e-03
1.914513e+01 1.336209e-03 1.414362e-03 1.429800e-03 1.164464e-03
1.919713e+01 1.306342e-03 1.359120e-03 1.379174e-03 1.180732e-03
1.924913e+01 1.276319e-03 1.307555e-03 1.328486e-03 1.192916e-03
1.930113e+01 1.244865e-03 1.258934e-03 1.277340e-03 1.198320e-03
1.935313e+01 1.210417e-03 1.211845e-03 1.225020e-03 1.194386e-03
1.940513e+01 1.171576e-03 1.164822e-03 1.170754e-03 1.179151e-03
1.945713e+01 1.127547e-03 1.116947e-03 1.114079e-03 1.151613e-03
1.950913e+01 1.078449e-03 1.068267e-03 1.055123e-03 1.111958e-03
1.956113e+01 1.025407e-03 1.019912e-03 9.947047e-04 1.061605e-03
1.961313e+01 9.704016e-04 9.738918e-04 9.342349e-04 1.003078e-03
1.966513e+01 9.159239e-04 9.326169e-04 8.754723e-04 9.396825e-04
1.971713e+01 8.645322e-04 8.982798e-04 8.202430e-04 8.750737e-04
1.976913e+01 8.184170e-04 8.722710e-04 7.701995e-04 8.127805e-04
1.982113e+01 7.790950e-04 8.548182e-04 7.266652e-04 7.558014e-04
1.987313e+01 7.472996e-04 8.449697e-04 6.905749e-04 7.063543e-04
1.992513e+01 7.230769e-04 8.409323e-04 6.624854e-04 6.658131e-04
1.997713e+01 7.060206e-04 8.406461e-04 6.426128e-04 6.348029e-04
2.002913e+01 6.955313e-04 8.423779e-04 6.308411e-04 6.133748e-04
2.008113e+01 6.909832e-04 8.451063e-04 6.266693e-04 6.011739e-04
2.013313e+01 6.917352e-04 8.485553e-04 6.291089e-04 5.975413e-04
2.018513e+01 6.970068e-04 8.528865e-04 6.365912e-04 6.015427e-04
2.023713e+01 7.057137e-04 8.582065e-04 6.469699e-04 6.119647e-04
2.028913e+01 7.163810e-04 8.641261e-04 6.576807e-04 6.273361e-04
2.034113e+01 7.272162e-04 8.695754e-04 6.660589e-04 6.460143e-04
2.039313e+01 7.363469e-04 8.729582e-04 6.697460e-04 6.663366e-04
2.044513e+01 7.421486e-04 8.725722e-04 6.670788e-04 6.867948e-04
2.049713e+01 7.435459e-04 8.671069e-04 6.573590e-04 7.061718e-04
2.054913e+01 7.401797e-04 8.560050e-04 6.409404e-04 7.235936e-04
2.060113e+01 7.323861e-04 8.395533e-04 6.191203e-04 7.384848e-04
2.065313e+01 7.210039e-04 8.186959e-04 5.938610e-04 7.504547e-04
2.070513e+01 7.070848e-04 7.946884e-04 5.673979e-04 7.591681e-04
2.075713e+01 6.916077e-04 7.687555e-04 5.418152e-04 7.642526e-04
2.080913e+01 6.752822e-04 7.418791e-04 5.186867e-04 7.652807e-04
2.086113e+01 6.584900e-04 7.147583e-04 4.988723e-04 7.618394e-04
2.091313e+01 6.413622e-04 6.878930e-04 4.825223e-04 7.536711e-04
2.096513e+01 6.239442e-04 6.617104e-04 4.692723e-04 7.408500e-04
2.101713e+01 6.063804e-04 6.366598e-04 4.585449e-04 7.239366e-04
2.106913e+01 5.890436e-04 6.132398e-04 4.498370e-04 7.040541e-04
2.112113e+01 5.725629e-04 5.919553e-04 4.428898e-04 6.828437e-04
2.117313e+01 5.577352e-04 5.732220e-04 4.376957e-04 6.622878e-04
2.122513e+01 5.453473e-04 5.572465e-04 4.343678e-04 6.444275e-04
2.127713e+01 5.359653e-04 5.439268e-04 4.329480e-04 6.310212e-04
2.132913e+01 5.297560e-04 5.328188e-04 4.332377e-04 6.232114e-04
2.138113e+01 5.263955e-04 5.232091e-04 4.347166e-04 6.212609e-04
2.143313e+01 5.250914e-04 5.142875e-04 4.365699e-04 6.244168e-04
2.148513e+01 5.247076e-04 5.053648e-04 4.378112e-04 6.309467e-04
2.153713e+01 5.239564e-04 4.960453e-04 4.374622e-04 6.383617e-04
2.158913e+01 5.216079e-04 4.862745e-04 4.347444e-04 6.438049e-04
2.164113e+01 5.166709e-04 4.762404e-04 4.292350e-04 6.445372e-04
2.169313e+01 5.085161e-04 4.661778e-04 4.209509e-04 6.384195e-04
2.174513e+01 4.969288e-04 4.561684e-04 4.103331e-04 6.242847e-04
2.179713e+01 4.820967e-04 4.460323e-04 3.981336e-04 6.021243e-04
2.184913e+01 4.645499e-04 4.353588e-04 3.852338e-04 5.730571e-04
2.190113e+01 4.450751e-04 4.236650e-04 3.724532e-04 5.391071e-04
2.195313e+01 4.246272e-04 4.106188e-04 3.604125e-04 5.028503e-04
2.200513e+01 4.042487e-04 3.962414e-04 3.494945e-04 4.670102e-04
2.205713e+01 3.849978e-04 3.810116e-04 3.399041e-04 4.340776e-04
2.210913e+01 3.678770e-04 3.658332e-04 3.317835e-04 4.060143e-04
2.216113e+01 3.537527e-04 3.518679e-04 3.253170e-04 3.840733e-04
2.221313e+01 3.432646e-04 3.402849e-04 3.207651e-04 3.687438e-04
2.226513e+01 3.367407e-04 3.320008e-04 3.184133e-04 3.598080e-04
2.231713e+01 3.341409e-04 3.274840e-04 3.184596e-04 3.564792e-04
2.236913e+01 3.350534e-04 3.266745e-04 3.209005e-04 3.575851e-04
2.242113e+01 3.387535e-04 3.290302e-04 3.254732e-04 3.617571e-04
2.247313e+01 3.443170e-04 3.336739e-04 3.316830e-04 3.675943e-04
2.252513e+01 3.507619e-04 3.395913e-04 3.389076e-04 3.737869e-04
2.257713e+01 3.571880e-04 3.458282e-04 3.465343e-04 3.792013e-04
2.262913e+01 3.628878e-04 3.516438e-04 3.540757e-04 3.829439e-04
2.268113e+01 3.674129e-04 3.566009e-04 3.612250e-04 3.844129e-04
2.273313e+01 3.705885e-04 3.605877e-04 3.678446e-04 3.833332e-04
2.278513e+01 3.724818e-04 3.637816e-04 3.739123e-04 3.797516e-04
2.283713e+01 3.733355e-04 3.665681e-04 3.794668e-04 3.739714e-04
2.288913e+01 3.734816e-04 3.694358e-04 3.845808e-04 3.664283e-04
2.294113e+01 3.732589e-04 3.728703e-04 3.893637e-04 3.575426e-04
2.299313e+01 3.729462e-04 3.772679e-04 3.939685e-04 3.476022e-04
2.304513e+01 3.727255e-04 3.828830e-04 3.985732e-04 3.367203e-04
2.309713e+01 3.726723e-04 3.898092e-04 4.033242e-04 3.248836e-04
2.314913e+01 3.727692e-04 3.979821e-04 4.082632e-04 3.120625e-04
2.320113e+01 3.729321e-04 4.071869e-04 4.132730e-04 2.983366e-04
2.325313e+01 3.730412e-04 4.170641e-04 4.180766e-04 2.839831e-04
2.330513e+01 3.729691e-04 4.271168e-04 4.222914e-04 2.694991e-04
2.335713e+01 3.726012e-04 4.367322e-04 4.255196e-04 2.555518e-04
2.340913e+01 3.718456e-04 4.452281e-04 4.274369e-04 2.428719e-04
2.346113e+01 3.706325e-04 4.519260e-04 4.278542e-04 2.321173e-04
2.351313e+01 3.689048e-04 4.562398e-04 4.267375e-04 2.237372e-04
2.356513e+01 3.666050e-04 4.577615e-04 4.241868e-04 2.178666e-04
2.361713e+01 3.636599e-04 4.563198e-04 4.203815e-04 2.142785e-04
2.366913e+01 3.599692e-04 4.519913e-04 4.155073e-04 2.124090e-04
2.372113e+01 3.554011e-04 4.450564e-04 4.096868e-04 2.114600e-04
2.377313e+01 3.498067e-04 4.359152e-04 4.029451e-04 2.105597e-04
2.382513e+01 3.430569e-04 4.249970e-04 3.952276e-04 2.089462e-04
2.387713e+01 3.351037e-04 4.127113e-04 3.864727e-04 2.061271e-04
2.392913e+01 3.260518e-04 3.994677e-04 3.767134e-04 2.019744e-04
2.398113e+01 3.162225e-04 3.857624e-04 3.661750e-04 1.967301e-04
2.403313e+01 3.061842e-04 3.722886e-04 3.553391e-04 1.909248e-04
2.408513e+01 2.967331e-04 3.600073e-04 3.449560e-04 1.852358e-04
2.413713e+01 2.888128e-04 3.501208e-04 3.359927e-04 1.803250e-04
2.418913e+01 2.833751e-04 3.439273e-04 3.295006e-04 1.766973e-04
2.424113e+01 2.811983e-04 3.425796e-04 3.264021e-04 1.746130e-04
2.429313e+01 2.827047e-04 3.468154e-04 3.272302e-04 1.740685e-04
2.434513e+01 2.878337e-04 3.567441e-04 3.319100e-04 1.748470e-04
2.439713e+01 2.960281e-04 3.717648e-04 3.396958e-04 1.766236e-04
2.444913e+01 3.063599e-04 3.906449e-04 3.493377e-04 1.790969e-04
2.450113e+01 3.177642e-04 4.117358e-04 3.594490e-04 1.821077e-04
2.455313e+01 3.292956e-04 4.332526e-04 3.689291e-04 1.857051e-04
2.460513e+01 3.403059e-04 4.535358e-04 3.772504e-04 1.901313e-04
2.465713e+01 3.504766e-04 4.712325e-04 3.844724e-04 1.957251e-04
2.470913e+01 3.597186e-04 4.853834e-04 3.909959e-04 2.027764e-04
2.476113e+01 3.680123e-04 4.954389e-04 3.972048e-04 2.113930e-04
2.481313e+01 3.752911e-04 5.012433e-04 4.031965e-04 2.214334e-04
2.486513e+01 3.814272e-04 5.030154e-04 4.087310e-04 2.325352e-04
2.491713e+01 3.863160e-04 5.013319e-04 4.133961e-04 2.442201e-04
2.496913e+01 3.899963e-04 4.970965e-04 4.168644e-04 2.560279e-04
2.502113e+01 3.927310e-04 4.914728e-04 4.190938e-04 2.676264e-04
2.507313e+01 3.950037e-04 4.857641e-04 4.203794e-04 2.788677e-04
2.512513e+01 3.974311e-04 4.812409e-04 4.212614e-04 2.897910e-04
2.517713e+01 4.006293e-04 4.789335e-04 4.223634e-04 3.005911e-04
2.522913e+01 4.050812e-04 4.794332e-04 4.242404e-04 3.115701e-04
2.528113e+01 4.110399e-04 4.827611e-04 4.272819e-04 3.230769e-04
2.533313e+01 4.184889e-04 4.883621e-04 4.316666e-04 3.354378e-04
2.538513e+01 4.271656e-04 4.952553e-04 4.373491e-04 3.488925e-04
2.543713e+01 4.366519e-04 5.023184e-04 4.440711e-04 3.635660e-04
2.548913e+01 4.465183e-04 5.086292e-04 4.514125e-04 3.795133e-04
2.554113e+01 4.564970e-04 5.137491e-04 4.589011e-04 3.968407e-04
2.559313e+01 4.666259e-04 5.178436e-04 4.661733e-04 4.158609e-04
2.564513e+01 4.773013e-04 5.215797e-04 4.731324e-04 4.371916e-04
2.569713e+01 4.891839e-04 5.258213e-04 4.800238e-04 4.617065e-04
2.574913e+01 5.029611e-04 5.312208e-04 4.873609e-04 4.903018e-04
2.580113e+01 5.190315e-04 5.378602e-04 4.957048e-04 5.235296e-04
2.585313e+01 5.372342e-04 5.450946e-04 5.053835e-04 5.612245e-04
2.590513e+01 5.567438e-04 5.516848e-04 5.162803e-04 6.022663e-04
2.595713e+01 5.761873e-04 5.561880e-04 5.277966e-04 6.445771e-04
2.600913e+01 5.939421e-04 5.574563e-04 5.390056e-04 6.853643e-04
2.606113e+01 6.084957e-04 5.550309e-04 5.489167e-04 7.215394e-04
2.611313e+01 6.187312e-04 5.492656e-04 5.567282e-04 7.501998e-04
2.616513e+01 6.240575e-04 5.411410e-04 5.619721e-04 7.690595e-04
2.621713e+01 6.243881e-04 5.318839e-04 5.645314e-04 7.767489e-04
2.626913e+01 6.200384e-04 5.225877e-04 5.645769e-04 7.729507e-04
2.632113e+01 6.116278e-04 5.140047e-04 5.624943e-04 7.583843e-04
2.637313e+01 6.000304e-04 5.065695e-04 5.588427e-04 7.346791e-04
2.642513e+01 5.863698e-04 5.005840e-04 5.543440e-04 7.041814e-04
2.647713e+01 5.720043e-04 4.964259e-04 5.498665e-04 6.697204e-04
2.652913e+01 5.584512e-04 4.946576e-04 5.463658e-04 6.343303e-04
2.658113e+01 5.472262e-04 4.959882e-04 5.447683e-04 6.009221e-04
2.663313e+01 5.396237e-04 5.011278e-04 5.458246e-04 5.719188e-04
2.668513e+01 5.365067e-04 5.106159e-04 5.499874e-04 5.489167e-04
2.673713e+01 5.381782e-04 5.246952e-04 5.573727e-04 5.324667e-04
2.678913e+01 5.443842e-04 5.432565e-04 5.678320e-04 5.220641e-04
2.684113e+01 5.544390e-04 5.658353e-04 5.811042e-04 5.163777e-04
2.689313e+01 5.674208e-04 5.916276e-04 5.969762e-04 5.136585e-04
2.694513e+01 5.823609e-04 6.195143e-04 6.153638e-04 5.122048e-04
2.699713e+01 5.983719e-04 6.481172e-04 6.362665e-04 5.107321e-04
2.704913e+01 6.146971e-04 6.759239e-04 6.596189e-04 5.085485e-04
2.710113e+01 6.307101e-04 7.014926e-04 6.851229e-04 5.055148e-04
2.715313e+01 6.459079e-04 7.237023e-04 7.121644e-04 5.018571e-04
2.720513e+01 6.599316e-04 7.419743e-04 7.398829e-04 4.979376e-04
2.725713e+01 6.726160e-04 7.563916e-04 7.673820e-04 4.940745e-04
2.730913e+01 6.840404e-04 7.676790e-04 7.939957e-04 4.904464e-04
2.736113e+01 6.945348e-04 7.770496e-04 8.194900e-04 4.870647e-04
2.741313e+01 7.046111e-04 7.859575e-04 8.441003e-04 4.837755e-04
2.746513e+01 7.148205e-04 7.958124e-04 8.683797e-04 4.802695e-04
2.751713e+01 7.255825e-04 8.077133e-04 8.929214e-04 4.761127e-04
2.756913e+01 7.370574e-04 8.222659e-04 9.180828e-04 4.708234e-04
2.762113e+01 7.491297e-04 8.395342e-04 9.438481e-04 4.640069e-04
2.767313e+01 7.615227e-04 8.591469e-04 9.698999e-04 4.555211e-04
2.772513e+01 7.740007e-04 8.805245e-04 9.958664e-04 4.456111e-04
2.777713e+01 7.865611e-04 9.031336e-04 1.021600e-03 4.349498e-04
2.782913e+01 7.995023e-04 9.266461e-04 1.047308e-03 4.245525e-04
2.788113e+01 8.133013e-04 9.509036e-04 1.073415e-03 4.155849e-04
2.793313e+01 8.283240e-04 9.756730e-04 1.100169e-03 4.091299e-04
2.798513e+01 8.444797e-04 1.000287e-03 1.127161e-03 4.059908e-04
2.803713e+01 8.609817e-04 1.023357e-03 1.153000e-03 4.065880e-04
2.808913e+01 8.763423e-04 1.042747e-03 1.175323e-03 4.109567e-04
2.814113e+01 8.886350e-04 1.055905e-03 1.191193e-03 4.188068e-04
2.819313e+01 8.959367e-04 1.060475e-03 1.197747e-03 4.295881e-04
2.824513e+01 8.967871e-04 1.054964e-03 1.192871e-03 4.425265e-04
2.829713e+01 8.905099e-04 1.039202e-03 1.175682e-03 4.566462e-04
2.834913e+01 8.773146e-04 1.014406e-03 1.146707e-03 4.708307e-04
2.840113e+01 8.581925e-04 9.828520e-04 1.107752e-03 4.839741e-04
2.845313e+01 8.346873e-04 9.473018e-04 1.061540e-03 4.952205e-04
2.850513e+01 8.086270e-04 9.104120e-04 1.011253e-03 5.042164e-04
2.855713e+01 7.818801e-04 8.743155e-04 9.600627e-04 5.112621e-04
2.860913e+01 7.561641e-04 8.404560e-04 9.107644e-04 5.172720e-04
2.866113e+01 7.329199e-04 8.096473e-04 8.655670e-04 5.235454e-04
2.871313e+01 7.132574e-04 7.822580e-04 8.260745e-04 5.314397e-04
2.876513e+01 6.979670e-04 7.584086e-04 7.934057e-04 5.420868e-04
2.881713e+01 6.875696e-04 7.381050e-04 7.683531e-04 5.562505e-04
2.886913e+01 6.823592e-04 7.212865e-04 7.514596e-04 5.743313e-04
2.892113e+01 6.823968e-04 7.078106e-04 7.429462e-04 5.964336e-04
2.897313e+01 6.874435e-04 6.974198e-04 7.425211e-04 6.223894e-04
2.902513e+01 6.968689e-04 6.897331e-04 7.491872e-04 6.516862e-04
2.907713e+01 7.096053e-04 6.842851e-04 7.611902e-04 6.833406e-04
2.912913e+01 7.242148e-04 6.806212e-04 7.761938e-04 7.158295e-04
2.918113e+01 7.390939e-04 6.784307e-04 7.916646e-04 7.471863e-04
2.923313e+01 7.527747e-04 6.776816e-04 8.053529e-04 7.752896e-04
2.928513e+01 7.642258e-04 6.786928e-04 8.157105e-04 7.982741e-04
2.933713e+01 7.730390e-04 6.820818e-04 8.221164e-04 8.149188e-04
2.938913e+01 7.794300e-04 6.885559e-04 8.248553e-04 8.248788e-04
2.944113e+01 7.840541e-04 6.985908e-04 8.248817e-04 8.286898e-04
2.949313e+01 7.877165e-04 7.121159e-04 8.234656e-04 8.275681e-04
2.954513e+01 7.910944e-04 7.283568e-04 8.218360e-04 8.230902e-04
2.959713e+01 7.945719e-04 7.459426e-04 8.209166e-04 8.168565e-04
2.964913e+01 7.982302e-04 7.632677e-04 8.211998e-04 8.102232e-04
2.970113e+01 8.019677e-04 7.789842e-04 8.227593e-04 8.041595e-04
2.975313e+01 8.056810e-04 7.924282e-04 8.253643e-04 7.992504e-04
2.980513e+01 8.094255e-04 8.038066e-04 8.286438e-04 7.958262e-04
2.985713e+01 8.134907e-04 8.140658e-04 8.322457e-04 7.941606e-04
2.990913e+01 8.183582e-04 8.244848e-04 8.359514e-04 7.946385e-04
2.996113e+01 8.245537e-04 8.361397e-04 8.397184e-04 7.978030e-04
3.001313e+01 8.324395e-04 8.494360e-04 8.436454e-04 8.042372e-04
3.006513e+01 8.420279e-04 8.638897e-04 8.478746e-04 8.143194e-04
3.011713e+01 8.528953e-04 8.782602e-04 8.524644e-04 8.279614e-04
3.016913e+01 8.642508e-04 8.910141e-04 8.572806e-04 8.444577e-04
3.022113e+01 8.751482e-04 9.009605e-04 8.619544e-04 8.625296e-04
3.027313e+01 8.847699e-04 9.078073e-04 8.659343e-04 8.805681e-04
3.032513e+01 8.926709e-04 9.123924e-04 8.686238e-04 8.969965e-04
3.037713e+01 8.988838e-04 9.164639e-04 8.695520e-04 9.106354e-04
3.042913e+01 9.038476e-04 9.220763e-04 8.685095e-04 9.209571e-04
3.048113e+01 9.081991e-04 9.308433e-04 8.655962e-04 9.281578e-04
3.053313e+01 9.125216e-04 9.433545e-04 8.611758e-04 9.330345e-04
3.058513e+01 9.171530e-04 9.589792e-04 8.557750e-04 9.367048e-04
3.063713e+01 9.221078e-04 9.760989e-04 8.499785e-04 9.402460e-04
3.068913e+01 9.271107e-04 9.926268e-04 8.443527e-04 9.443526e-04
3.074113e+01 9.316919e-04 1.006578e-03 8.393924e-04 9.491055e-04
3.079313e+01 9.352954e-04 1.016486e-03 8.354704e-04 9.539299e-04
3.084513e+01 9.373757e-04 1.021574e-03 8.327853e-04 9.577682e-04
3.089713e+01 9.374883e-04 1.021706e-03 8.313299e-04 9.594286e-04
3.094913e+01 9.353804e-04 1.017217e-03 8.309232e-04 9.580007e-04
3.100113e+01 9.310708e-04 1.008704e-03 8.313192e-04 9.531890e-04
3.105313e+01 9.248844e-04 9.968564e-04 8.323606e-04 9.454361e-04
3.110513e+01 9.174087e-04 9.823416e-04 8.340980e-04 9.357865e-04
3.115713e+01 9.093696e-04 9.657507e-04 8.367992e-04 9.255587e-04
3.120913e+01 9.014647e-04 9.476005e-04 8.408214e-04 9.159722e-04
3.126113e+01 8.942199e-04 9.283772e-04 8.463921e-04 9.078903e-04
3.131313e+01 8.879208e-04 9.085991e-04 8.533983e-04 9.017651e-04
3.136513e+01 8.826375e-04 8.888699e-04 8.612799e-04 8.977626e-04
3.141713e+01 8.783112e-04 8.698945e-04 8.690781e-04 8.959611e-04
3.146913e+01 8.748537e-04 8.524439e-04 8.756195e-04 8.964978e-04
3.152113e+01 8.722153e-04 8.372742e-04 8.797688e-04 8.996030e-04
3.157313e+01 8.704148e-04 8.250305e-04 8.806693e-04 9.055445e-04
3.162513e+01 8.695530e-04 8.161794e-04 8.779138e-04 9.145657e-04
3.167713e+01 8.698401e-04 8.110030e-04 8.716256e-04 9.268918e-04
3.172913e+01 8.716426e-04 8.096591e-04 8.624582e-04 9.428107e-04
3.178113e+01 8.755214e-04 8.122729e-04 8.515332e-04 9.627580e-04
3.183313e+01 8.822102e-04 8.190007e-04 8.403265e-04 9.873035e-04
3.188513e+01 8.924987e-04 8.300177e-04 8.304981e-04 1.016980e-03
3.193713e+01 9.070221e-04 8.454187e-04 8.236592e-04 1.051988e-03
3.198913e+01 9.260108e-04 8.650576e-04 8.210885e-04 1.091886e-03
3.204113e+01 9.490745e-04 8.883826e-04 8.234411e-04 1.135400e-03
3.209313e+01 9.750933e-04 9.143190e-04 8.305275e-04 1.180433e-03
3.214513e+01 1.002261e-03 9.412439e-04 8.412514e-04 1.224287e-03
3.219713e+01 1.028291e-03 9.670789e-04 8.537720e-04 1.264022e-03
3.224913e+01 1.050774e-03 9.895082e-04 8.658979e-04 1.296917e-03
3.230113e+01 1.067624e-03 1.006302e-03 8.756316e-04 1.320939e-03
3.235313e+01 1.077520e-03 1.015692e-03 8.817108e-04 1.335158e-03
3.240513e+01 1.080222e-03 1.016694e-03 8.839613e-04 1.340011e-03
3.245713e+01 1.076639e-03 1.009303e-03 8.833240e-04 1.337291e-03
3.250913e+01 1.068603e-03 9.944718e-04 8.815309e-04 1.329806e-03
3.256113e+01 1.058392e-03 9.738802e-04 8.805357e-04 1.320760e-03
3.261313e+01 1.048163e-03 9.495725e-04 8.818939e-04 1.313022e-03
3.266513e+01 1.039463e-03 9.235661e-04 8.862959e-04 1.308526e-03
3.271713e+01 1.032977e-03 8.975547e-04 8.933861e-04 1.307990e-03
3.276913e+01 1.028556e-03 8.727764e-04 9.018903e-04 1.311001e-03
3.282113e+01 1.025468e-03 8.500438e-04 9.099793e-04 1.316381e-03
3.287313e+01 1.022756e-03 8.298730e-04 9.157321e-04 1.322663e-03
3.292513e+01 1.019565e-03 8.126164e-04 9.175659e-04 1.328511e-03
3.297713e+01 1.015358e-03 7.985249e-04 9.145264e-04 1.333022e-03
3.302913e+01 1.010003e-03 7.877191e-04 9.063948e-04 1.335896e-03
3.308113e+01 1.003756e-03 7.801141e-04 8.936211e-04 1.337532e-03
3.313313e+01 9.971945e-04 7.753825e-04 8.771482e-04 1.339053e-03
3.318513e+01 9.911557e-04 7.730337e-04 8.582140e-04 1.342219e-03
3.323713e+01 9.866816e-04 7.726271e-04 8.382104e-04 1.349207e-03
3.328913e+01 9.849608e-04 7.740471e-04 8.186283e-04 1.362207e-03
3.334113e+01 9.872210e-04 7.776999e-04 8.010462e-04 1.382917e-03
3.339313e+01 9.945428e-04 7.844908e-04 7.870735e-04 1.412064e-03
3.344513e+01 1.007607e-03 7.955274e-04 7.781650e-04 1.449129e-03
3.349713e+01 1.026449e-03 8.116365e-04 7.753035e-04 1.492408e-03
3.354913e+01 1.050330e-03 8.328965e-04 7.786542e-04 1.539438e-03
3.360113e+01 1.077803e-03 8.584095e-04 7.873603e-04 1.587639e-03
3.365313e+01 1.107005e-03 8.864376e-04 7.996238e-04 1.634953e-03
3.370513e+01 1.136054e-03 9.148601e-04 8.130975e-04 1.680205e-03
3.375713e+01 1.163439e-03 9.417630e-04 8.254636e-04 1.723090e-03
3.380913e+01 1.188236e-03 9.659255e-04 8.349827e-04 1.763800e-03
3.386113e+01 1.210121e-03 9.870416e-04 8.408100e-04 1.802513e-03
3.391313e+01 1.229201e-03 1.005648e-03 8.429949e-04 1.838962e-03
3.396513e+01 1.245777e-03 1.022847e-03 8.422226e-04 1.872262e-03
3.401713e+01 1.260152e-03 1.039965e-03 8.394621e-04 1.901028e-03
3.406913e+01 1.272540e-03 1.058240e-03 8.356905e-04 1.923688e-03
3.412113e+01 1.283061e-03 1.078567e-03 8.317819e-04 1.938835e-03
3.417313e+01 1.291762e-03 1.101291e-03 8.285345e-04 1.945460e-03
3.422513e+01 1.298587e-03 1.126034e-03 8.267254e-04 1.943001e-03
3.427713e+01 1.303306e-03 1.151595e-03 8.270842e-04 1.931239e-03
3.432913e+01 1.305438e-03 1.175990e-03 8.301450e-04 1.910179e-03
3.438113e+01 1.304265e-03 1.196720e-03 8.360383e-04 1.880037e-03
3.443313e+01 1.298993e-03 1.211237e-03 8.443492e-04 1.841392e-03
3.448513e+01 1.289021e-03 1.217530e-03 8.541464e-04 1.795387e-03
3.453713e+01 1.274228e-03 1.214643e-03 8.642090e-04 1.743833e-03
3.458913e+01 1.255125e-03 1.202950e-03 8.733723e-04 1.689053e-03
3.464113e+01 1.232810e-03 1.184099e-03 8.808612e-04 1.633469e-03
3.469313e+01 1.208747e-03 1.160628e-03 8.864908e-04 1.579122e-03
3.474513e+01 1.184469e-03 1.135407e-03 8.906830e-04 1.527316e-03
3.479713e+01 1.161332e-03 1.111101e-03 8.943236e-04 1.478572e-03
3.484913e+01 1.140415e-03 1.089847e-03 8.985317e-04 1.432866e-03
3.490113e+01 1.122536e-03 1.073181e-03 9.044153e-04 1.390011e-03
3.495313e+01 1.108326e-03 1.062156e-03 9.128653e-04 1.349957e-03
3.500513e+01 1.098252e-03 1.057458e-03 9.244087e-04 1.312889e-03
3.505713e+01 1.092522e-03 1.059351e-03 9.391226e-04 1.279094e-03
3.510913e+01 1.090915e-03 1.067428e-03 9.566023e-04 1.248714e-03
3.516113e+01 1.092604e-03 1.080314e-03 9.759801e-04 1.221518e-03
3.521313e+01 1.096130e-03 1.095571e-03 9.959934e-04 1.196825e-03
3.526513e+01 1.099572e-03 1.110002e-03 1.015110e-03 1.173605e-03
3.531713e+01 1.100934e-03 1.120357e-03 1.031721e-03 1.150725e-03
3.536913e+01 1.098606e-03 1.124208e-03 1.044388e-03 1.127222e-03
3.542113e+01 1.091760e-03 1.120653e-03 1.052126e-03 1.102501e-03
3.547313e+01 1.080526e-03 1.110549e-03 1.054631e-03 1.076399e-03
3.552513e+01 1.065887e-03 1.096178e-03 1.052371e-03 1.049112e-03
3.557713e+01 1.049347e-03 1.080512e-03 1.046476e-03 1.021055e-03
3.562913e+01 1.032493e-03 1.066333e-03 1.038419e-03 9.927262e-04
3.568113e+01 1.016594e-03 1.055533e-03 1.029593e-03 9.646566e-04
3.573313e+01 1.002365e-03 1.048737e-03 1.020935e-03 9.374242e-04
3.578513e+01 9.899150e-04 1.045300e-03 1.012740e-03 9.117056e-04
3.583713e+01 9.788694e-04 1.043584e-03 1.004731e-03 8.882926e-04
3.588913e+01 9.685930e-04 1.041401e-03 9.963447e-04 8.680332e-04
3.594113e+01 9.584262e-04 1.036502e-03 9.870773e-04 8.516998e-04
3.599313e+01 9.478728e-04 1.027030e-03 9.767604e-04 8.398283e-04
3.604513e+01 9.366966e-04 1.011853e-03 9.656485e-04 8.325879e-04
3.609713e+01 9.249252e-04 9.907337e-04 9.543161e-04 8.297257e-04
3.614913e+01 9.127808e-04 9.643111e-04 9.434334e-04 8.305978e-04
3.620113e+01 9.005787e-04 9.339432e-04 9.335297e-04 8.342631e-04
3.625313e+01 8.886319e-04 9.014578e-04 9.248392e-04 8.395988e-04
3.630513e+01 8.771884e-04 8.688922e-04 9.172701e-04 8.454028e-04
3.635713e+01 8.664063e-04 8.382663e-04 9.104787e-04 8.504738e-04
3.640913e+01 8.563546e-04 8.113921e-04 9.039915e-04 8.536803e-04
3.646113e+01 8.470188e-04 7.897030e-04 8.973135e-04 8.540400e-04
3.651313e+01 8.383020e-04 7.740899e-04 8.899929e-04 8.508231e-04
3.656513e+01 8.300282e-04 7.647653e-04 8.816448e-04 8.436745e-04
3.661713e+01 8.219700e-04 7.612072e-04 8.719684e-04 8.327345e-04
3.666913e+01 8.139160e-04 7.622353e-04 8.607907e-04 8.187220e-04
3.672113e+01 8.057737e-04 7.662357e-04 8.481440e-04 8.029413e-04
3.677313e+01 7.976747e-04 7.714911e-04 8.343570e-04 7.871761e-04
3.682513e+01 7.900324e-04 7.765248e-04 8.201122e-04 7.734603e-04
3.687713e+01 7.835084e-04 7.803478e-04 8.064213e-04 7.637560e-04
3.692913e+01 7.788760e-04 7.825314e-04 7.944875e-04 7.596090e-04
3.698113e+01 7.768080e-04 7.830919e-04 7.854585e-04 7.618737e-04
3.703313e+01 7.776505e-04 7.822553e-04 7.801196e-04 7.705765e-04
3.708513e+01 7.812583e-04 7.802202e-04 7.786113e-04 7.849435e-04
3.713713e+01 7.869565e-04 7.770294e-04 7.802754e-04 8.035649e-04
3.718913e+01 7.936506e-04 7.726025e-04 7.837071e-04 8.246421e-04
3.724113e+01 8.000633e-04 7.668948e-04 7.870333e-04 8.462617e-04
3.729313e+01 8.050295e-04 7.600829e-04 7.883529e-04 8.666527e-04
3.734513e+01 8.077564e-04 7.526712e-04 7.862046e-04 8.843934e-04
3.739713e+01 8.079668e-04 7.454605e-04 7.799064e-04 8.985335e-04
3.744913e+01 8.058845e-04 7.393962e-04 7.696508e-04 9.086065e-04
3.750113e+01 8.020827e-04 7.353731e-04 7.563413e-04 9.145337e-04
3.755313e+01 7.972693e-04 7.340862e-04 7.412585e-04 9.164633e-04
3.760513e+01 7.921032e-04 7.359755e-04 7.257091e-04 9.146249e-04
3.765713e+01 7.871044e-04 7.412499e-04 7.107917e-04 9.092717e-04
3.770913e+01 7.826631e-04 7.499205e-04 6.973323e-04 9.007366e-04
3.776113e+01 7.790902e-04 7.617748e-04 6.859424e-04 8.895533e-04
3.781313e+01 7.766398e-04 7.762725e-04 6.770975e-04 8.765493e-04
3.786513e+01 7.754652e-04 7.924181e-04 6.711496e-04 8.628278e-04
3.791713e+01 7.755306e-04 8.087144e-04 6.682606e-04 8.496169e-04
3.796913e+01 7.765475e-04 8.232914e-04 6.683116e-04 8.380395e-04
3.802113e+01 7.779991e-04 8.342354e-04 6.708676e-04 8.288944e-04
3.807313e+01 7.792714e-04 8.400479e-04 6.752392e-04 8.225272e-04
3.812513e+01 7.798453e-04 8.400966e-04 6.806216e-04 8.188176e-04
3.817713e+01 7.794700e-04 8.349003e-04 6.862503e-04 8.172594e-04
3.822913e+01 7.782444e-04 8.261395e-04 6.915123e-04 8.170812e-04
3.828113e+01 7.765757e-04 8.163679e-04 6.959909e-04 8.173684e-04
3.833313e+01 7.750399e-04 8.084956e-04 6.994584e-04 8.171657e-04
3.838513e+01 7.742028e-04 8.051880e-04 7.018509e-04 8.155694e-04
3.843713e+01 7.744704e-04 8.083378e-04 7.032528e-04 8.118207e-04
3.848913e+01 7.760134e-04 8.187369e-04 7.038997e-04 8.054035e-04
3.854113e+01 7.787750e-04 8.359952e-04 7.041944e-04 7.961355e-04
3.859313e+01 7.825398e-04 8.586784e-04 7.047190e-04 7.842219e-04
3.864513e+01 7.870164e-04 8.845853e-04 7.062175e-04 7.702465e-04
3.869713e+01 7.918947e-04 9.110782e-04 7.095271e-04 7.550787e-04
3.874913e+01 7.968522e-04 9.354091e-04 7.154444e-04 7.397029e-04
3.880113e+01 8.015210e-04 9.550244e-04 7.245382e-04 7.250005e-04
3.885313e+01 8.054503e-04 9.678589e-04 7.369494e-04 7.115426e-04
3.890513e+01 8.081090e-04 9.726218e-04 7.522412e-04 6.994640e-04
3.895713e+01 8.089606e-04 9.690452e-04 7.693621e-04 6.884744e-04
3.900913e+01 8.076022e-04 9.580226e-04 7.867600e-04 6.780239e-04
3.906113e+01 8.039289e-04 9.415582e-04 8.026504e-04 6.675781e-04
3.911313e+01 7.982634e-04 9.224832e-04 8.153978e-04 6.569092e-04
3.916513e+01 7.914009e-04 9.039820e-04 8.239303e-04 6.462904e-04
3.921713e+01 7.845479e-04 8.890479e-04 8.280867e-04 6.365092e-04
3.926913e+01 7.791663e-04 8.800267e-04 8.287894e-04 6.286829e-04
3.932113e+01 7.767561e-04 8.783608e-04 8.279712e-04 6.239362e-04
3.937313e+01 7.786188e-04 8.845629e-04 8.282429e-04 6.230505e-04
3.942513e+01 7.856409e-04 8.983473e-04 8.323714e-04 6.262040e-04
3.947713e+01 7.981313e-04 9.188088e-04 8.427039e-04 6.328812e-04
3.952913e+01 8.157437e-04 9.445605e-04 8.606999e-04 6.419706e-04
3.958113e+01 8.375098e-04 9.738156e-04 8.867084e-04 6.520054e-04
3.963313e+01 8.619962e-04 1.004473e-03 9.200458e-04 6.614698e-04
3.968513e+01 8.875698e-04 1.034288e-03 9.593342e-04 6.690872e-04
3.973713e+01 9.127227e-04 1.061167e-03 1.002971e-03 6.740298e-04
3.978913e+01 9.363783e-04 1.083548e-03 1.049560e-03 6.760266e-04
3.984113e+01 9.580933e-04 1.100743e-03 1.098165e-03 6.753719e-04
3.989313e+01 9.780921e-04 1.113112e-03 1.148315e-03 6.728487e-04
3.994513e+01 9.971189e-04 1.121971e-03 1.199806e-03 6.695788e-04
3.999713e+01 1.016147e-03 1.129243e-03 1.252388e-03 6.668105e-04
4.004913e+01 1.036030e-03 1.136945e-03 1.305475e-03 6.656697e-04
4.010113e+01 1.057197e-03 1.146683e-03 1.357981e-03 6.669264e-04
4.015313e+01 1.079486e-03 1.159296e-03 1.408314e-03 6.708473e-04
4.020513e+01 1.102154e-03 1.174745e-03 1.454524e-03 6.771922e-04
4.025713e+01 1.124059e-03 1.192251e-03 1.494561e-03 6.853662e-04
4.030913e+01 1.143939e-03 1.210581e-03 1.526563e-03 6.946750e-04
4.036113e+01 1.160690e-03 1.228362e-03 1.549120e-03 7.045876e-04
4.041313e+01 1.173569e-03 1.244316e-03 1.561482e-03 7.149092e-04
4.046513e+01 1.182283e-03 1.257369e-03 1.563665e-03 7.258151e-04
4.051713e+01 1.186963e-03 1.266671e-03 1.556464e-03 7.377533e-04
4.056913e+01 1.188074e-03 1.271603e-03 1.541344e-03 7.512738e-04
4.062113e+01 1.186290e-03 1.271810e-03 1.520215e-03 7.668451e-04
4.067313e+01 1.182357e-03 1.267280e-03 1.495089e-03 7.847016e-04
4.072513e+01 1.176959e-03 1.258436e-03 1.467709e-03 8.047325e-04
4.077713e+01 1.170614e-03 1.246189e-03 1.439243e-03 8.264114e-04
4.082913e+01 1.163620e-03 1.231902e-03 1.410181e-03 8.487778e-04
4.088113e+01 1.156084e-03 1.217258e-03 1.380496e-03 8.704979e-04
4.093313e+01 1.148023e-03 1.204034e-03 1.350004e-03 8.900305e-04
4.098513e+01 1.139499e-03 1.193829e-03 1.318780e-03 9.058869e-04
4.103713e+01 1.130706e-03 1.187777e-03 1.287421e-03 9.169210e-04
4.108913e+01 1.121961e-03 1.186303e-03 1.257030e-03 9.225491e-04
4.114113e+01 1.113572e-03 1.188977e-03 1.228916e-03 9.228213e-04
4.119313e+01 1.105655e-03 1.194496e-03 1.204142e-03 9.183270e-04
4.124513e+01 1.097985e-03 1.200829e-03 1.183127e-03 9.099971e-04
4.129713e+01 1.089970e-03 1.205527e-03 1.165480e-03 8.989031e-04
4.134913e+01 1.080804e-03 1.206147e-03 1.150135e-03 8.861295e-04
4.140113e+01 1.069738e-03 1.200739e-03 1.135735e-03 8.727391e-04
4.145313e+01 1.056385e-03 1.188266e-03 1.121104e-03 8.597842e-04
4.150513e+01 1.040927e-03 1.168852e-03 1.105626e-03 8.483034e-04
4.155713e+01 1.024150e-03 1.143779e-03 1.089406e-03 8.392645e-04
4.160913e+01 1.007276e-03 1.115207e-03 1.073155e-03 8.334639e-04
4.166113e+01 9.916657e-04 1.085696e-03 1.057873e-03 8.314279e-04
4.171313e+01 9.784856e-04 1.057647e-03 1.044446e-03 8.333635e-04
4.176513e+01 9.684420e-04 1.032836e-03 1.033312e-03 8.391778e-04
4.181713e+01 9.616676e-04 1.012138e-03 1.024316e-03 8.485492e-04
4.186913e+01 9.577674e-04 9.955141e-04 1.016781e-03 8.610067e-04
4.192113e+01 9.559860e-04 9.822053e-04 1.009775e-03 8.759780e-04
4.197313e+01 9.554212e-04 9.710344e-04 1.002439e-03 8.927896e-04
4.202513e+01 9.552092e-04 9.607152e-04 9.942745e-04 9.106379e-04
4.207713e+01 9.546374e-04 9.500880e-04 9.852531e-04 9.285712e-04
4.212913e+01 9.531800e-04 9.382660e-04 9.757512e-04 9.455229e-04
4.218113e+01 9.504883e-04 9.247133e-04 9.663382e-04 9.604133e-04
4.223313e+01 9.463724e-04 9.092834e-04 9.575310e-04 9.723027e-04
4.228513e+01 9.408010e-04 8.922278e-04 9.496185e-04 9.805567e-04
4.233713e+01 9.339164e-04 8.741605e-04 9.426141e-04 9.849746e-04
4.238913e+01 9.260447e-04 8.559550e-04 9.363334e-04 9.858458e-04
4.244113e+01 9.176762e-04 8.385664e-04 9.305428e-04 9.839194e-04
4.249313e+01 9.094019e-04 8.228020e-04 9.251100e-04 9.802937e-04
4.254513e+01 9.018129e-04 8.090979e-04 9.200962e-04 9.762445e-04
4.259713e+01 8.953834e-04 7.973739e-04 9.157565e-04 9.730198e-04
4.264913e+01 8.903684e-04 7.870290e-04 9.124485e-04 9.716276e-04
4.270113e+01 8.867398e-04 7.770929e-04 9.104762e-04 9.726503e-04
4.275313e+01 8.841775e-04 7.664928e-04 9.099229e-04 9.761167e-04
4.280513e+01 8.821174e-04 7.543469e-04 9.105378e-04 9.814675e-04
4.285713e+01 8.798542e-04 7.401927e-04 9.117301e-04 9.876400e-04
4.290913e+01 8.766844e-04 7.240890e-04 9.126895e-04 9.932746e-04
4.296113e+01 8.720670e-04 7.065878e-04 9.126047e-04 9.970085e-04
4.301313e+01 8.657652e-04 6.886073e-04 9.109053e-04 9.977829e-04
4.306513e+01 8.579172e-04 6.712500e-04 9.074321e-04 9.950696e-04
4.311713e+01 8.489976e-04 6.555937e-04 9.024598e-04 9.889392e-04
4.316913e+01 8.396583e-04 6.424760e-04 8.965496e-04 9.799492e-04
4.322113e+01 8.304948e-04 6.322987e-04 8.902835e-04 9.689023e-04
4.327313e+01 8.218213e-04 6.249035e-04 8.839919e-04 9.565686e-04
4.332513e+01 8.135464e-04 6.195744e-04 8.775965e-04 9.434682e-04
4.337713e+01 8.052023e-04 6.151971e-04 8.706426e-04 9.297670e-04
4.342913e+01 7.961155e-04 6.105528e-04 8.625103e-04 9.152834e-04
4.348113e+01 7.856465e-04 6.046615e-04 8.527064e-04 8.995716e-04
4.353313e+01 7.734045e-04 5.970619e-04 8.411044e-04 8.820471e-04
4.358513e+01 7.593652e-04 5.879313e-04 8.280275e-04 8.621369e-04
4.363713e+01 7.438656e-04 5.780045e-04 8.141515e-04 8.394408e-04
4.368913e+01 7.274975e-04 5.683257e-04 8.002849e-04 8.138818e-04
4.374113e+01 7.109528e-04 5.599258e-04 7.871343e-04 7.857983e-04
4.379313e+01 6.948716e-04 5.535363e-04 7.751443e-04 7.559340e-04
4.384513e+01 6.797345e-04 5.494326e-04 7.644603e-04 7.253106e-04
4.389713e+01 6.658224e-04 5.474459e-04 7.550014e-04 6.950198e-04
4.394913e+01 6.532438e-04 5.471176e-04 7.466010e-04 6.660128e-04
4.400113e+01 6.420142e-04 5.479188e-04 7.391575e-04 6.389662e-04
4.405313e+01 6.321462e-04 5.494385e-04 7.327383e-04 6.142617e-04
4.410513e+01 6.237078e-04 5.514703e-04 7.275903e-04 5.920628e-04
4.415713e+01 6.168171e-04 5.539834e-04 7.240399e-04 5.724281e-04
4.420913e+01 6.115774e-04 5.570262e-04 7.223078e-04 5.553981e-04
4.426113e+01 6.079902e-04 5.606350e-04 7.223159e-04 5.410196e-04
4.431313e+01 6.058969e-04 5.648047e-04 7.235767e-04 5.293093e-04
4.436513e+01 6.049809e-04 5.695204e-04 7.252345e-04 5.201878e-04
4.441713e+01 6.048269e-04 5.748018e-04 7.262542e-04 5.134247e-04
4.446913e+01 6.050059e-04 5.806995e-04 7.256888e-04 5.086294e-04
4.452113e+01 6.051475e-04 5.872190e-04 7.229223e-04 5.053011e-04
4.457313e+01 6.049813e-04 5.942056e-04 7.178089e-04 5.029293e-04
4.462513e+01 6.043493e-04 6.012573e-04 7.106797e-04 5.011110e-04
4.467713e+01 6.032040e-04 6.077266e-04 7.022461e-04 4.996392e-04
4.472913e+01 6.016009e-04 6.128276e-04 6.934495e-04 4.985255e-04
4.478113e+01 5.996845e-04 6.158087e-04 6.853011e-04 4.979438e-04
4.483313e+01 5.976548e-04 6.161197e-04 6.787301e-04 4.981145e-04
4.488513e+01 5.957113e-04 6.135119e-04 6.744483e-04 4.991736e-04
4.493713e+01 5.939847e-04 6.080466e-04 6.728343e-04 5.010733e-04
4.498913e+01 5.924799e-04 6.000309e-04 6.738610e-04 5.035477e-04
4.504113e+01 5.910601e-04 5.899317e-04 6.770961e-04 5.061526e-04
4.509313e+01 5.894919e-04 5.783128e-04 6.817999e-04 5.083629e-04
4.514513e+01 5.875435e-04 5.658189e-04 6.871116e-04 5.097001e-04
4.519713e+01 5.851050e-04 5.531899e-04 6.922744e-04 5.098509e-04
4.524913e+01 5.822760e-04 5.412658e-04 6.968182e-04 5.087440e-04
4.530113e+01 5.793739e-04 5.309395e-04 7.006216e-04 5.065606e-04
4.535313e+01 5.768428e-04 5.230396e-04 7.038188e-04 5.036700e-04
4.540513e+01 5.750860e-04 5.181670e-04 7.065854e-04 5.005054e-04
4.545713e+01 5.742865e-04 5.165431e-04 7.089004e-04 4.974161e-04
4.550913e+01 5.742916e-04 5.179373e-04 7.103964e-04 4.945411e-04
4.556113e+01 5.746157e-04 5.217181e-04 7.103818e-04 4.917474e-04
4.561313e+01 5.745723e-04 5.270247e-04 7.080374e-04 4.886548e-04
4.566513e+01 5.734896e-04 5.330106e-04 7.027151e-04 4.847431e-04
4.571713e+01 5.709390e-04 5.390860e-04 6.942197e-04 4.795114e-04
4.576913e+01 5.668978e-04 5.450878e-04 6.829613e-04 4.726443e-04
4.582113e+01 5.617979e-04 5.513308e-04 6.699222e-04 4.641406e-04
4.587313e+01 5.564475e-04 5.585238e-04 6.564514e-04 4.543675e-04
4.592513e+01 5.518537e-04 5.675704e-04 6.439663e-04 4.440243e-04
4.597713e+01 5.489988e-04 5.793077e-04 6.336662e-04 4.340225e-04
4.602913e+01 5.486370e-04 5.942564e-04 6.263450e-04 4.253095e-04
4.608113e+01 5.511619e-04 6.124617e-04 6.223435e-04 4.186805e-04
4.613313e+01 5.565726e-04 6.334703e-04 6.216185e-04 4.146291e-04
4.618513e+01 5.645265e-04 6.564354e-04 6.238669e-04 4.132772e-04
4.623713e+01 5.744450e-04 6.802903e-04 6.286411e-04 4.144037e-04
4.628913e+01 5.856338e-04 7.039201e-04 6.354213e-04 4.175599e-04
4.634113e+01 5.973936e-04 7.262899e-04 6.436564e-04 4.222346e-04
4.639313e+01 6.091218e-04 7.465420e-04 6.528110e-04 4.280125e-04
4.644513e+01 6.204089e-04 7.640959e-04 6.624513e-04 4.346795e-04
4.649713e+01 6.311224e-04 7.787614e-04 6.723626e-04 4.422431e-04
4.654913e+01 6.414465e-04 7.908189e-04 6.826508e-04 4.508697e-04
4.660113e+01 6.518374e-04 8.009888e-04 6.937598e-04 4.607636e-04
4.665313e+01 6.628810e-04 8.102475e-04 7.063611e-04 4.720344e-04
4.670513e+01 6.750869e-04 8.195371e-04 7.211270e-04 4.845966e-04
4.675713e+01 6.886989e-04 8.294975e-04 7.384615e-04 4.981376e-04
4.680913e+01 7.036043e-04 8.403579e-04 7.582912e-04 5.121639e-04
4.686113e+01 7.193837e-04 8.520377e-04 7.800039e-04 5.261094e-04
4.691313e+01 7.354715e-04 8.643797e-04 8.025657e-04 5.394691e-04
4.696513e+01 7.513506e-04 8.773590e-04 8.247832e-04 5.519096e-04
4.701713e+01 7.666930e-04 8.911325e-04 8.456289e-04 5.633177e-04
4.706913e+01 7.814013e-04 9.059074e-04 8.645271e-04 5.737695e-04
4.712113e+01 7.955546e-04 9.217229e-04 8.815111e-04 5.834297e-04
4.717313e+01 8.093000e-04 9.382874e-04 8.971929e-04 5.924196e-04
4.722513e+01 8.227359e-04 9.549597e-04 9.125377e-04 6.007103e-04
4.727713e+01 8.358158e-04 9.708584e-04 9.284912e-04 6.080978e-04
4.732913e+01 8.482827e-04 9.850039e-04 9.455578e-04 6.142863e-04
4.738113e+01 8.596412e-04 9.964028e-04 9.634623e-04 6.190586e-04
4.743313e+01 8.691776e-04 1.004057e-03 9.810135e-04 6.224620e-04
4.748513e+01 8.760384e-04 1.006959e-03 9.962405e-04 6.249157e-04
4.753713e+01 8.793705e-04 1.004162e-03 1.006781e-03 6.271693e-04
4.758913e+01 8.784934e-04 9.949640e-04 1.010411e-03 6.301049e-04
4.764113e+01 8.730584e-04 9.791626e-04 1.005563e-03 6.344498e-04
4.769313e+01 8.631411e-04 9.572567e-04 9.916542e-04 6.405125e-04
4.774513e+01 8.492370e-04 9.304956e-04 9.691688e-04 6.480466e-04
4.779713e+01 8.321621e-04 9.007145e-04 9.394756e-04 6.562964e-04
4.784913e+01 8.128949e-04 8.699961e-04 9.044935e-04 6.641951e-04
4.790113e+01 7.924059e-04 8.402624e-04 8.663223e-04 6.706331e-04
4.795313e+01 7.715212e-04 8.129259e-04 8.269408e-04 6.746970e-04
4.800513e+01 7.508439e-04 7.887039e-04 7.880190e-04 6.758088e-04
4.805713e+01 7.307438e-04 7.676421e-04 7.508358e-04 6.737534e-04
4.810913e+01 7.114049e-04 7.493195e-04 7.162692e-04 6.686259e-04
4.816113e+01 6.929102e-04 7.331504e-04 6.848281e-04 6.607520e-04
4.821313e+01 6.753332e-04 7.186711e-04 6.567126e-04 6.506160e-04
4.826513e+01 6.588041e-04 7.057053e-04 6.319005e-04 6.388064e-04
4.831713e+01 6.435235e-04 6.943546e-04 6.102486e-04 6.259674e-04
4.836913e+01 6.297189e-04 6.848282e-04 5.915839e-04 6.127447e-04
4.842113e+01 6.175588e-04 6.771973e-04 5.757514e-04 5.997277e-04
4.847313e+01 6.070639e-04 6.711902e-04 5.626008e-04 5.874007e-04
4.852513e+01 5.980519e-04 6.661241e-04 5.519197e-04 5.761119e-04
4.857713e+01 5.901401e-04 6.610074e-04 5.433523e-04 5.660606e-04
4.862913e+01 5.828019e-04 6.547658e-04 5.363482e-04 5.572918e-04
4.868113e+01 5.754550e-04 6.464983e-04 5.301730e-04 5.496936e-04
4.873313e+01 5.675533e-04 6.356678e-04 5.239851e-04 5.430070e-04
4.878513e+01 5.586664e-04 6.221735e-04 5.169602e-04 5.368654e-04
4.883713e+01 5.485378e-04 6.063087e-04 5.084253e-04 5.308796e-04
4.888913e+01 5.371248e-04 5.886467e-04 4.979713e-04 5.247564e-04
4.894113e+01 5.246126e-04 5.699041e-04 4.855160e-04 5.184177e-04
4.899313e+01 5.113973e-04 5.508148e-04 4.713096e-04 5.120675e-04
4.904513e+01 4.980283e-04 5.320281e-04 4.558852e-04 5.061715e-04
4.909713e+01 4.851145e-04 5.140318e-04 4.399682e-04 5.013436e-04
4.914913e+01 4.732135e-04 4.971042e-04 4.243628e-04 4.981735e-04
4.920113e+01 4.627306e-04 4.813062e-04 4.098323e-04 4.970535e-04
4.925313e+01 4.538563e-04 4.665201e-04 3.969906e-04 4.980581e-04
4.930513e+01 4.465550e-04 4.525322e-04 3.862208e-04 5.009120e-04
4.935713e+01 4.406068e-04 4.391355e-04 3.776342e-04 5.050506e-04
4.940913e+01 4.356852e-04 4.262220e-04 3.710804e-04 5.097533e-04
4.946113e+01 4.314536e-04 4.138361e-04 3.662075e-04 5.143171e-04
4.951313e+01 4.276547e-04 4.021754e-04 3.625581e-04 5.182305e-04
4.956513e+01 4.241749e-04 3.915435e-04 3.596774e-04 5.213037e-04
4.961713e+01 4.210641e-04 3.822709e-04 3.572005e-04 5.237209e-04
4.966913e+01 4.185055e-04 3.746258e-04 3.548991e-04 5.259916e-04
4.972113e+01 4.167406e-04 3.687377e-04 3.526759e-04 5.288082e-04
4.977313e+01 4.159745e-04 3.645541e-04 3.505242e-04 5.328451e-04
4.982513e+01 4.162930e-04 3.618457e-04 3.484752e-04 5.385581e-04
4.987713e+01 4.176231e-04 3.602631e-04 3.465626e-04 5.460435e-04
4.992913e+01 4.197490e-04 3.594333e-04 3.448147e-04 5.549990e-04
4.998113e+01 4.223730e-04 3.590632e-04 3.432662e-04 5.647896e-04
5.003313e+01 4.251902e-04 3.590121e-04 3.419684e-04 5.745902e-04
5.008513e+01 4.279449e-04 3.593051e-04 3.409767e-04 5.835529e-04
5.013713e+01 4.304497e-04 3.600819e-04 3.403155e-04 5.909516e-04
5.018913e+01 4.325732e-04 3.615064e-04 3.399413e-04 5.962720e-04
5.024113e+01 4.342172e-04 3.636749e-04 3.397340e-04 5.992427e-04
5.029313e+01 4.353056e-04 3.665586e-04 3.395353e-04 5.998229e-04
5.034513e+01 4.357974e-04 3.699988e-04 3.392272e-04 5.981660e-04
5.039713e+01 4.357139e-04 3.737491e-04 3.388160e-04 5.945765e-04
5.044913e+01 4.351636e-04 3.775476e-04 3.384769e-04 5.894663e-04
5.050113e+01 4.343460e-04 3.811947e-04 3.385307e-04 5.833126e-04
5.055313e+01 4.335277e-04 3.846176e-04 3.393527e-04 5.766126e-04
5.060513e+01 4.329981e-04 3.879097e-04 3.412480e-04 5.698366e-04
5.065713e+01 4.330199e-04 3.913384e-04 3.443429e-04 5.633783e-04
5.070913e+01 4.337887e-04 3.953195e-04 3.485365e-04 5.575100e-04
5.076113e+01 4.354134e-04 4.003585e-04 3.535309e-04 5.523507e-04
5.081313e+01 4.379168e-04 4.069604e-04 3.589268e-04 5.478631e-04
5.086513e+01 4.412514e-04 4.155178e-04 3.643481e-04 5.438884e-04
5.091713e+01 4.453215e-04 4.261953e-04 3.695523e-04 5.402169e-04
5.096913e+01 4.500029e-04 4.388414e-04 3.744889e-04 5.366783e-04
5.102113e+01 4.551579e-04 4.529628e-04 3.792901e-04 5.332208e-04
5.107313e+01 4.606448e-04 4.677877e-04 3.841999e-04 5.299470e-04
5.112513e+01 4.663227e-04 4.824132e-04 3.894688e-04 5.270861e-04
5.117713e+01 4.720518e-04 4.959996e-04 3.952499e-04 5.249059e-04
5.122913e+01 4.776897e-04 5.079472e-04 4.015306e-04 5.235913e-04
5.128113e+01 4.830849e-04 5.179939e-04 4.081196e-04 5.231411e-04
5.133313e+01 4.880758e-04 5.262040e-04 4.146905e-04 5.233328e-04
5.138513e+01 4.925035e-04 5.328655e-04 4.208636e-04 5.237814e-04
5.143713e+01 4.962431e-04 5.383491e-04 4.263002e-04 5.240799e-04
5.148913e+01 4.992438e-04 5.429896e-04 4.307777e-04 5.239640e-04
5.154113e+01 5.015589e-04 5.470262e-04 4.342255e-04 5.234251e-04
5.159313e+01 5.033427e-04 5.505974e-04 4.367153e-04 5.227153e-04
5.164513e+01 5.048046e-04 5.537600e-04 4.384210e-04 5.222330e-04
5.169713e+01 5.061348e-04 5.564980e-04 4.395700e-04 5.223364e-04
5.174913e+01 5.074303e-04 5.587128e-04 4.404088e-04 5.231694e-04
5.180113e+01 5.086590e-04 5.602081e-04 4.411870e-04 5.245819e-04
5.185313e+01 5.096784e-04 5.607006e-04 4.421458e-04 5.261890e-04
5.190513e+01 5.103028e-04 5.598701e-04 4.434903e-04 5.275480e-04
5.195713e+01 5.103867e-04 5.574445e-04 4.453327e-04 5.283828e-04
5.200913e+01 5.098902e-04 5.532928e-04 4.476218e-04 5.287561e-04
5.206113e+01 5.089026e-04 5.474959e-04 4.500964e-04 5.291156e-04
5.211313e+01 5.076225e-04 5.403732e-04 4.523081e-04 5.301863e-04
5.216513e+01 5.063095e-04 5.324513e-04 4.537305e-04 5.327467e-04
5.221713e+01 5.052215e-04 5.243710e-04 4.539318e-04 5.373617e-04
5.226913e+01 5.045492e-04 5.167467e-04 4.527417e-04 5.441592e-04
5.232113e+01 5.043556e-04 5.100100e-04 4.503380e-04 5.527187e-04
5.237313e+01 5.045360e-04 5.042923e-04 4.472075e-04 5.621083e-04
5.242513e+01 5.048202e-04 4.993962e-04 4.439953e-04 5.710692e-04
5.247713e+01 5.048315e-04 4.948807e-04 4.413063e-04 5.783074e-04
5.252913e+01 5.041973e-04 4.902317e-04 4.395408e-04 5.828194e-04
5.258113e+01 5.026738e-04 4.850503e-04 4.388183e-04 5.841529e-04
5.263313e+01 5.002334e-04 4.791860e-04 4.390003e-04 5.825140e-04
5.268513e+01 4.970724e-04 4.727665e-04 4.397755e-04 5.786751e-04
5.273713e+01 4.935363e-04 4.661320e-04 4.407663e-04 5.737105e-04
5.278913e+01 4.899969e-04 4.597146e-04 4.416221e-04 5.686540e-04
5.284113e+01 4.867370e-04 4.539174e-04 4.420908e-04 5.642028e-04
5.289313e+01 4.838881e-04 4.490273e-04 4.420712e-04 5.605658e-04
5.294513e+01 4.814362e-04 4.451751e-04 4.416416e-04 5.574918e-04
5.299713e+01 4.792763e-04 4.423345e-04 4.410542e-04 5.544403e-04
5.304913e+01 4.772809e-04 4.403491e-04 4.406764e-04 5.508173e-04
5.310113e+01 4.753492e-04 4.389810e-04 4.408806e-04 5.461860e-04
5.315313e+01 4.734232e-04 4.379749e-04 4.419024e-04 5.403924e-04
5.320513e+01 4.714757e-04 4.371319e-04 4.437143e-04 5.335808e-04
5.325713e+01 4.694854e-04 4.363752e-04 4.459656e-04 5.261152e-04
5.330913e+01 4.674214e-04 4.357888e-04 4.480272e-04 5.184483e-04
5.336113e+01 4.652469e-04 4.356092e-04 4.491420e-04 5.109896e-04
5.341313e+01 4.629402e-04 4.361643e-04 4.486421e-04 5.040142e-04
5.346513e+01 4.605221e-04 4.377725e-04 4.461608e-04 4.976328e-04
5.351713e+01 4.580676e-04 4.406299e-04 4.417577e-04 4.918150e-04
5.356913e+01 4.556901e-04 4.447197e-04 4.359055e-04 4.864450e-04
5.362113e+01 4.534955e-04 4.497679e-04 4.293367e-04 4.813819e-04
5.367313e+01 4.515228e-04 4.552537e-04 4.228083e-04 4.765062e-04
5.372513e+01 4.496992e-04 4.604710e-04 4.168765e-04 4.717500e-04
5.377713e+01 4.478361e-04 4.646262e-04 4.117699e-04 4.671123e-04
5.382913e+01 4.456754e-04 4.669604e-04 4.074013e-04 4.626646e-04
5.388113e+01 4.429710e-04 4.668751e-04 4.034965e-04 4.585414e-04
5.393313e+01 4.395728e-04 4.640471e-04 3.997642e-04 4.549070e-04
5.398513e+01 4.354778e-04 4.585077e-04 3.960265e-04 4.518993e-04
5.403713e+01 4.308298e-04 4.506657e-04 3.922563e-04 4.495673e-04
5.408913e+01 4.258728e-04 4.412583e-04 3.885249e-04 4.478352e-04
5.414113e+01 4.208837e-04 4.312298e-04 3.849028e-04 4.465186e-04
5.419313e+01 4.161110e-04 4.215601e-04 3.813740e-04 4.453990e-04
5.424513e+01 4.117397e-04 4.130901e-04 3.778033e-04 4.443258e-04
5.429713e+01 4.078885e-04 4.063957e-04 3.739686e-04 4.433012e-04
5.434913e+01 4.046294e-04 4.017484e-04 3.696379e-04 4.425020e-04
5.440113e+01 4.020152e-04 3.991610e-04 3.646600e-04 4.422245e-04
5.445313e+01 4.000940e-04 3.984784e-04 3.590363e-04 4.427674e-04
5.450513e+01 3.989003e-04 3.994552e-04 3.529509e-04 4.442949e-04
5.455713e+01 3.984206e-04 4.017844e-04 3.467490e-04 4.467285e-04
5.460913e+01 3.985518e-04 4.050781e-04 3.408692e-04 4.497082e-04
5.466113e+01 3.990775e-04 4.088447e-04 3.357502e-04 4.526377e-04
5.471313e+01 3.996864e-04 4.125079e-04 3.317451e-04 4.548063e-04
5.476513e+01 4.000370e-04 4.154890e-04 3.290706e-04 4.555514e-04
5.481713e+01 3.998483e-04 4.173252e-04 3.278068e-04 4.544131e-04
5.486913e+01 3.989803e-04 4.177700e-04 3.279348e-04 4.512361e-04
5.492113e+01 3.974666e-04 4.168281e-04 3.293819e-04 4.461899e-04
5.497313e+01 3.954885e-04 4.147114e-04 3.320435e-04 4.397106e-04
5.502513e+01 3.933030e-04 4.117441e-04 3.357729e-04 4.323921e-04
5.507713e+01 3.911635e-04 4.082671e-04 3.403546e-04 4.248687e-04
5.512913e+01 3.892641e-04 4.045779e-04 3.454948e-04 4.177197e-04
5.518113e+01 3.877264e-04 4.009148e-04 3.508529e-04 4.114115e-04
5.523313e+01 3.866134e-04 3.974656e-04 3.561107e-04 4.062639e-04
5.528513e+01 3.859491e-04 3.943721e-04 3.610467e-04 4.024286e-04
5.533713e+01 3.857202e-04 3.917169e-04 3.655738e-04 3.998700e-04
5.538913e+01 3.858562e-04 3.894958e-04 3.697131e-04 3.983597e-04
5.544113e+01 3.862003e-04 3.875948e-04 3.735091e-04 3.974969e-04
5.549313e+01 3.864898e-04 3.857858e-04 3.769177e-04 3.967659e-04
5.554513e+01 3.863588e-04 3.837449e-04 3.797145e-04 3.956169e-04
5.559713e+01 3.853665e-04 3.810880e-04 3.814627e-04 3.935489e-04
