3.703678e+00 0.000000e+00 0.000000e+00 0.000000e+00 0.000000e+00
3.755678e+00 0.000000e+00 0.000000e+00 0.000000e+00 0.000000e+00
3.807678e+00 0.000000e+00 0.000000e+00 0.000000e+00 0.000000e+00
3.859678e+00 0.000000e+00 0.000000e+00 0.000000e+00 0.000000e+00
3.911678e+00 0.000000e+00 0.000000e+00 0.000000e+00 0.000000e+00
3.963678e+00 0.000000e+00 0.000000e+00 0.000000e+00 0.000000e+00
4.015678e+00 0.000000e+00 0.000000e+00 0.000000e+00 0.000000e+00
4.067678e+00 0.000000e+00 0.000000e+00 0.000000e+00 0.000000e+00
4.119678e+00 0.000000e+00 0.000000e+00 0.000000e+00 0.000000e+00
4.171678e+00 0.000000e+00 0.000000e+00 0.000000e+00 0.000000e+00
4.223678e+00 0.000000e+00 0.000000e+00 0.000000e+00 0.000000e+00
4.275678e+00 0.000000e+00 0.000000e+00 0.000000e+00 0.000000e+00
4.327678e+00 0.000000e+00 0.000000e+00 0.000000e+00 0.000000e+00
4.379678e+00 0.000000e+00 0.000000e+00 0.000000e+00 0.000000e+00
4.431678e+00 0.000000e+00 0.000000e+00 0.000000e+00 0.000000e+00
4.483678e+00 0.000000e+00 0.000000e+00 0.000000e+00 0.000000e+00
4.535678e+00 0.000000e+00 0.000000e+00 0.000000e+00 0.000000e+00
4.587678e+00 0.000000e+00 0.000000e+00 0.000000e+00 0.000000e+00
4.639678e+00 0.000000e+00 0.000000e+00 0.000000e+00 0.000000e+00
4.691678e+00 0.000000e+00 0.000000e+00 0.000000e+00 0.000000e+00
4.743678e+00 0.000000e+00 0.000000e+00 0.000000e+00 0.000000e+00
4.795678e+00 0.000000e+00 0.000000e+00 0.000000e+00 0.000000e+00
4.847678e+00 0.000000e+00 0.000000e+00 0.000000e+00 0.000000e+00
4.899678e+00 0.000000e+00 0.000000e+00 0.000000e+00 0.000000e+00
4.951678e+00 0.000000e+00 0.000000e+00 0.000000e+00 0.000000e+00
5.003678e+00 0.000000e+00 0.000000e+00 0.000000e+00 0.000000e+00
5.055678e+00 0.000000e+00 0.000000e+00 0.000000e+00 0.000000e+00
5.107678e+00 0.000000e+00 0.000000e+00 0.000000e+00 0.000000e+00
5.159678e+00 0.000000e+00 0.000000e+00 0.000000e+00 0.000000e+00
5.211678e+00 0.000000e+00 0.000000e+00 0.000000e+00 0.000000e+00
5.263678e+00 0.000000e+00 0.000000e+00 0.000000e+00 0.000000e+00
5.315678e+00 0.000000e+00 0.000000e+00 0.000000e+00 0.000000e+00
5.367678e+00 0.000000e+00 0.000000e+00 0.000000e+00 0.000000e+00
5.419678e+00 0.000000e+00 0.000000e+00 0.000000e+00 0.000000e+00
5.471678e+00 0.000000e+00 0.000000e+00 0.000000e+00 0.000000e+00
5.523678e+00 0.000000e+00 0.000000e+00 0.000000e+00 0.000000e+00
5.575678e+00 0.000000e+00 0.000000e+00 0.000000e+00 0.000000e+00
5.627678e+00 0.000000e+00 0.000000e+00 0.000000e+00 0.000000e+00
5.679678e+00 0.000000e+00 0.000000e+00 0.000000e+00 0.000000e+00
5.731678e+00 0.000000e+00 0.000000e+00 0.000000e+00 0.000000e+00
5.783678e+00 0.000000e+00 0.000000e+00 0.000000e+00 0.000000e+00
5.835678e+00 0.000000e+00 0.000000e+00 0.000000e+00 0.000000e+00
5.887678e+00 0.000000e+00 0.000000e+00 0.000000e+00 0.000000e+00
5.939678e+00 0.000000e+00 0.000000e+00 0.000000e+00 0.000000e+00
5.991678e+00 0.000000e+00 0.000000e+00 0.000000e+00 0.000000e+00
6.043678e+00 0.000000e+00 0.000000e+00 0.000000e+00 0.000000e+00
6.095678e+00 0.000000e+00 0.000000e+00 0.000000e+00 0.000000e+00
6.147678e+00 0.000000e+00 0.000000e+00 0.000000e+00 0.000000e+00
6.199678e+00 0.000000e+00 0.000000e+00 0.000000e+00 0.000000e+00
6.251678e+00 0.000000e+00 0.000000e+00 0.000000e+00 0.000000e+00
6.303678e+00 0.000000e+00 0.000000e+00 0.000000e+00 0.000000e+00
6.355678e+00 0.000000e+00 0.000000e+00 0.000000e+00 0.000000e+00
6.407678e+00 0.000000e+00 0.000000e+00 0.000000e+00 0.000000e+00
6.459678e+00 0.000000e+00 0.000000e+00 0.000000e+00 0.000000e+00
6.511678e+00 0.000000e+00 0.000000e+00 0.000000e+00 0.000000e+00
6.563678e+00 0.000000e+00 0.000000e+00 0.000000e+00 0.000000e+00
6.615678e+00 0.000000e+00 0.000000e+00 0.000000e+00 0.000000e+00
6.667678e+00 0.000000e+00 0.000000e+00 0.000000e+00 0.000000e+00
6.719678e+00 0.000000e+00 0.000000e+00 0.000000e+00 0.000000e+00
6.771678e+00 0.000000e+00 0.000000e+00 0.000000e+00 0.000000e+00
6.823678e+00 0.000000e+00 0.000000e+00 0.000000e+00 0.000000e+00
6.875678e+00 0.000000e+00 0.000000e+00 0.000000e+00 0.000000e+00
6.927678e+00 0.000000e+00 0.000000e+00 0.000000e+00 0.000000e+00
6.979678e+00 0.000000e+00 0.000000e+00 0.000000e+00 0.000000e+00
7.031678e+00 0.000000e+00 0.000000e+00 0.000000e+00 0.000000e+00
7.083678e+00 0.000000e+00 0.000000e+00 0.000000e+00 0.000000e+00
7.135678e+00 0.000000e+00 0.000000e+00 0.000000e+00 0.000000e+00
7.187678e+00 0.000000e+00 0.000000e+00 0.000000e+00 0.000000e+00
7.239678e+00 0.000000e+00 0.000000e+00 0.000000e+00 0.000000e+00
7.291678e+00 0.000000e+00 0.000000e+00 0.000000e+00 0.000000e+00
7.343678e+00 0.000000e+00 0.000000e+00 0.000000e+00 0.000000e+00
7.395678e+00 0.000000e+00 0.000000e+00 0.000000e+00 0.000000e+00
7.447678e+00 0.000000e+00 0.000000e+00 0.000000e+00 0.000000e+00
7.499678e+00 0.000000e+00 0.000000e+00 0.000000e+00 0.000000e+00
7.551678e+00 2.608620e-14 2.120786e-14 5.168456e-14 5.366181e-15
7.603678e+00 1.193913e-13 9.706411e-14 2.365499e-13 2.455994e-14
7.655678e+00 5.107123e-13 4.152047e-13 1.011874e-12 1.050584e-13
7.707678e+00 2.435043e-12 2.002772e-12 4.743234e-12 5.591228e-13
7.759678e+00 9.382425e-12 7.729713e-12 1.822472e-11 2.192839e-12
7.811678e+00 3.444646e-11 2.846787e-11 6.655128e-11 8.320230e-12
7.863678e+00 1.177023e-10 9.750486e-11 2.264370e-10 2.916517e-11
7.915678e+00 3.787724e-10 3.146095e-10 7.251395e-10 9.656817e-11
7.967678e+00 1.149388e-09 9.574473e-10 2.188247e-09 3.024704e-10
8.019678e+00 3.289635e-09 2.748806e-09 6.224722e-09 8.953778e-10
8.071678e+00 8.892473e-09 7.455046e-09 1.671326e-08 2.509110e-09
8.123678e+00 2.272899e-08 1.912131e-08 4.240508e-08 6.660571e-09
8.175678e+00 5.498701e-08 4.642621e-08 1.017764e-07 1.675837e-08
8.227678e+00 1.260417e-07 1.068127e-07 2.313283e-07 3.998401e-08
8.279678e+00 2.740098e-07 2.330773e-07 4.984508e-07 9.050143e-08
8.331678e+00 5.654864e-07 4.828173e-07 1.019242e-06 1.943998e-07
8.383678e+00 1.108848e-06 9.502686e-07 1.979849e-06 3.964255e-07
8.435678e+00 2.067757e-06 1.778546e-06 3.656972e-06 7.677524e-07
8.487678e+00 3.670354e-06 3.168395e-06 6.429842e-06 1.412824e-06
8.539678e+00 6.208029e-06 5.378129e-06 1.077393e-05 2.472030e-06
8.591678e+00 1.001836e-05 8.709936e-06 1.722857e-05 4.116567e-06
8.643678e+00 1.545122e-05 1.348159e-05 2.633880e-05 6.533274e-06
8.695678e+00 2.282563e-05 1.998993e-05 3.858570e-05 9.901261e-06
8.747678e+00 3.239434e-05 2.848094e-05 5.433424e-05 1.436784e-05
8.799678e+00 4.433808e-05 3.914526e-05 7.383333e-05 2.003564e-05
8.851678e+00 5.880365e-05 5.215117e-05 9.728799e-05 2.697178e-05
8.903678e+00 7.597772e-05 6.770762e-05 1.249856e-04 3.523992e-05
8.955678e+00 9.615710e-05 8.612210e-05 1.574094e-04 4.493985e-05
9.007678e+00 1.197554e-04 1.078008e-04 1.952412e-04 5.622423e-05
9.059678e+00 1.471958e-04 1.331477e-04 2.391783e-04 6.926156e-05
9.111678e+00 1.786885e-04 1.623631e-04 2.895663e-04 8.413604e-05
9.163678e+00 2.139620e-04 1.952062e-04 3.459674e-04 1.007126e-04
9.215678e+00 2.520697e-04 2.308288e-04 4.068509e-04 1.185293e-04
9.267678e+00 2.913802e-04 2.677799e-04 4.695739e-04 1.367868e-04
9.319678e+00 3.297913e-04 3.042099e-04 5.306938e-04 1.544702e-04
9.371678e+00 3.651049e-04 3.382215e-04 5.865025e-04 1.705906e-04
9.423678e+00 3.954469e-04 3.682569e-04 6.335955e-04 1.844883e-04
9.475678e+00 4.196349e-04 3.934337e-04 6.693402e-04 1.961307e-04
9.527678e+00 4.374568e-04 4.137879e-04 6.922254e-04 2.063572e-04
9.579678e+00 4.498669e-04 4.304212e-04 7.021515e-04 2.170280e-04
9.631678e+00 4.590692e-04 4.455197e-04 7.006729e-04 2.310151e-04
9.683678e+00 4.683984e-04 4.621724e-04 6.910745e-04 2.519484e-04
9.735678e+00 4.818913e-04 4.839250e-04 6.781021e-04 2.836469e-04
9.787678e+00 5.035547e-04 5.141173e-04 6.672658e-04 3.292808e-04
9.839678e+00 5.365171e-04 5.552049e-04 6.638677e-04 3.904788e-04
9.891678e+00 5.823879e-04 6.083351e-04 6.720937e-04 4.667350e-04
9.943678e+00 6.410926e-04 6.733472e-04 6.944947e-04 5.554360e-04
9.995678e+00 7.112192e-04 7.491189e-04 7.319449e-04 6.525938e-04
1.004768e+01 7.906251e-04 8.339740e-04 7.838734e-04 7.540277e-04
1.009968e+01 8.769348e-04 9.258599e-04 8.484580e-04 8.564864e-04
1.015168e+01 9.677102e-04 1.022255e-03 9.226516e-04 9.582243e-04
1.020368e+01 1.060407e-03 1.120097e-03 1.002249e-03 1.058876e-03
1.025568e+01 1.152494e-03 1.216164e-03 1.082409e-03 1.158911e-03
1.030768e+01 1.242045e-03 1.308076e-03 1.158855e-03 1.259203e-03
1.035968e+01 1.328717e-03 1.395571e-03 1.229467e-03 1.361113e-03
1.041168e+01 1.414530e-03 1.481210e-03 1.295398e-03 1.466983e-03
1.046368e+01 1.503659e-03 1.569707e-03 1.360801e-03 1.580469e-03
1.051568e+01 1.600857e-03 1.665720e-03 1.430826e-03 1.706026e-03
1.056768e+01 1.708968e-03 1.770933e-03 1.508569e-03 1.847401e-03
1.061968e+01 1.826775e-03 1.881990e-03 1.592533e-03 2.005803e-03
1.067168e+01 1.948601e-03 1.990692e-03 1.676134e-03 2.178977e-03
1.072368e+01 2.066301e-03 2.086827e-03 1.749915e-03 2.362160e-03
1.077568e+01 2.173026e-03 2.162570e-03 1.805636e-03 2.550871e-03
1.082768e+01 2.267014e-03 2.216445e-03 1.840346e-03 2.744251e-03
1.087968e+01 2.353540e-03 2.254965e-03 1.858496e-03 2.947161e-03
1.093168e+01 2.444070e-03 2.291245e-03 1.871132e-03 3.169833e-03
1.098368e+01 2.553053e-03 2.341329e-03 1.892674e-03 3.425155e-03
1.103568e+01 2.693820e-03 2.419868e-03 1.936810e-03 3.724782e-03
1.108768e+01 2.875110e-03 2.536698e-03 2.013132e-03 4.075500e-03
1.113968e+01 3.099025e-03 2.695058e-03 2.125426e-03 4.476592e-03
1.119168e+01 3.360334e-03 2.891229e-03 2.271501e-03 4.918273e-03
1.124368e+01 3.646704e-03 3.115046e-03 2.443913e-03 5.381152e-03
1.129568e+01 3.939708e-03 3.350928e-03 2.630971e-03 5.837224e-03
1.134768e+01 4.216936e-03 3.579566e-03 2.817923e-03 6.253319e-03
1.139968e+01 4.455483e-03 3.780574e-03 2.988608e-03 6.597267e-03
1.145168e+01 4.636399e-03 3.935995e-03 3.127758e-03 6.845444e-03
1.150368e+01 4.748738e-03 4.033872e-03 3.223642e-03 6.988700e-03
1.155568e+01 4.791500e-03 4.070662e-03 3.270211e-03 7.033628e-03
1.160768e+01 4.772472e-03 4.051511e-03 3.267896e-03 6.998010e-03
1.165968e+01 4.704455e-03 3.988262e-03 3.222711e-03 6.902391e-03
1.171168e+01 4.600683e-03 3.896025e-03 3.144123e-03 6.761900e-03
1.176368e+01 4.471538e-03 3.789603e-03 3.042647e-03 6.582365e-03
1.181568e+01 4.323750e-03 3.680870e-03 2.928065e-03 6.362315e-03
1.186768e+01 4.161814e-03 3.577575e-03 2.808647e-03 6.099220e-03
1.191968e+01 3.990275e-03 3.483406e-03 2.691140e-03 5.796278e-03
1.197168e+01 3.815356e-03 3.398872e-03 2.581030e-03 5.466166e-03
1.202368e+01 3.645130e-03 3.322547e-03 2.482688e-03 5.130154e-03
1.207568e+01 3.488309e-03 3.252337e-03 2.399293e-03 4.813297e-03
1.212768e+01 3.352343e-03 3.186452e-03 2.332682e-03 4.537895e-03
1.217968e+01 3.241543e-03 3.123808e-03 2.283245e-03 4.317577e-03
1.223168e+01 3.155742e-03 3.063696e-03 2.249851e-03 4.153678e-03
1.228368e+01 3.089807e-03 3.004881e-03 2.229769e-03 4.034772e-03
1.233568e+01 3.034265e-03 2.944660e-03 2.218601e-03 3.939536e-03
1.238768e+01 2.977169e-03 2.878589e-03 2.210458e-03 3.842460e-03
1.243968e+01 2.907016e-03 2.801367e-03 2.198614e-03 3.721068e-03
1.249168e+01 2.815960e-03 2.708729e-03 2.176653e-03 3.562497e-03
1.254368e+01 2.702151e-03 2.599573e-03 2.139806e-03 3.367075e-03
1.259568e+01 2.570189e-03 2.477220e-03 2.085931e-03 3.147416e-03
1.264768e+01 2.429364e-03 2.349061e-03 2.015739e-03 2.923292e-03
1.269968e+01 2.290353e-03 2.224563e-03 1.932195e-03 2.714302e-03
1.275168e+01 2.161738e-03 2.112484e-03 1.839484e-03 2.533245e-03
1.280368e+01 2.047712e-03 2.018470e-03 1.742023e-03 2.382643e-03
1.285568e+01 1.947738e-03 1.943972e-03 1.643892e-03 2.255351e-03
1.290768e+01 1.857998e-03 1.886769e-03 1.548694e-03 2.138531e-03
1.295968e+01 1.773790e-03 1.842604e-03 1.459636e-03 2.019128e-03
1.301168e+01 1.691809e-03 1.807087e-03 1.379577e-03 1.888762e-03
1.306368e+01 1.611482e-03 1.777078e-03 1.310919e-03 1.746450e-03
1.311568e+01 1.535021e-03 1.751149e-03 1.255391e-03 1.598524e-03
1.316768e+01 1.466370e-03 1.729191e-03 1.213845e-03 1.456073e-03
1.321968e+01 1.409558e-03 1.711507e-03 1.186140e-03 1.331028e-03
1.327168e+01 1.367093e-03 1.697832e-03 1.171136e-03 1.232310e-03
1.332368e+01 1.338902e-03 1.686635e-03 1.166744e-03 1.163329e-03
1.337568e+01 1.322154e-03 1.674935e-03 1.170034e-03 1.121494e-03
1.342768e+01 1.311941e-03 1.658756e-03 1.177446e-03 1.099620e-03
1.347968e+01 1.302583e-03 1.634121e-03 1.185167e-03 1.088461e-03
1.353168e+01 1.289100e-03 1.598278e-03 1.189676e-03 1.079346e-03
1.358368e+01 1.268349e-03 1.550667e-03 1.188324e-03 1.066056e-03
1.363568e+01 1.239470e-03 1.493152e-03 1.179742e-03 1.045515e-03
1.368768e+01 1.203536e-03 1.429349e-03 1.163837e-03 1.017421e-03
1.373968e+01 1.162618e-03 1.363303e-03 1.141353e-03 9.831982e-04
1.379168e+01 1.118697e-03 1.298127e-03 1.113119e-03 9.448450e-04
1.384368e+01 1.072881e-03 1.235227e-03 1.079362e-03 9.040537e-04
1.389568e+01 1.025241e-03 1.174447e-03 1.039456e-03 8.618193e-04
1.394768e+01 9.752924e-04 1.115010e-03 9.923688e-04 8.184989e-04
1.399968e+01 9.229109e-04 1.056765e-03 9.378308e-04 7.741374e-04
1.405168e+01 8.693110e-04 1.001189e-03 8.779278e-04 7.288160e-04
1.410368e+01 8.177679e-04 9.517780e-04 8.186981e-04 6.828275e-04
1.415568e+01 7.738991e-04 9.138220e-04 7.712585e-04 6.366169e-04
1.420768e+01 7.455099e-04 8.938661e-04 7.520796e-04 5.905840e-04
1.425968e+01 7.420800e-04 8.991940e-04 7.821101e-04 5.449360e-04
1.431168e+01 7.739065e-04 9.374750e-04 8.844978e-04 4.997467e-04
1.436368e+01 8.507804e-04 1.016352e-03 1.080757e-03 4.552317e-04
1.441568e+01 9.800588e-04 1.142508e-03 1.385575e-03 4.120930e-04
1.446768e+01 1.164222e-03 1.319856e-03 1.801083e-03 3.717260e-04
1.451968e+01 1.398447e-03 1.547004e-03 2.312166e-03 3.361724e-04
1.457168e+01 1.669132e-03 1.814791e-03 2.884729e-03 3.078768e-04
1.462368e+01 1.954292e-03 2.105079e-03 3.468352e-03 2.894441e-04
1.467568e+01 2.226294e-03 2.391802e-03 4.003475e-03 2.836061e-04
1.472768e+01 2.456539e-03 2.644554e-03 4.431587e-03 2.934765e-04
1.477968e+01 2.620940e-03 2.834023e-03 4.705795e-03 3.230031e-04
1.483168e+01 2.704792e-03 2.937899e-03 4.799070e-03 3.774059e-04
1.488368e+01 2.705840e-03 2.945706e-03 4.708431e-03 4.633812e-04
1.493568e+01 2.634985e-03 2.861350e-03 4.454671e-03 5.889338e-04
1.498768e+01 2.514618e-03 2.702811e-03 4.078253e-03 7.627914e-04
1.503968e+01 2.375011e-03 2.499076e-03 3.632534e-03 9.934236e-04
1.509168e+01 2.249390e-03 2.284941e-03 3.175517e-03 1.287711e-03
1.514368e+01 2.168491e-03 2.094775e-03 2.761338e-03 1.649360e-03
1.519568e+01 2.155494e-03 1.956495e-03 2.432745e-03 2.077240e-03
1.524768e+01 2.222253e-03 1.886988e-03 2.215813e-03 2.563957e-03
1.529968e+01 2.367569e-03 1.889860e-03 2.117825e-03 3.095021e-03
1.535168e+01 2.577787e-03 1.955856e-03 2.128581e-03 3.648923e-03
1.540368e+01 2.829518e-03 2.065724e-03 2.224608e-03 4.198220e-03
1.545568e+01 3.093805e-03 2.194798e-03 2.375061e-03 4.711556e-03
1.550768e+01 3.340845e-03 2.318294e-03 2.547865e-03 5.156377e-03
1.555968e+01 3.544382e-03 2.416176e-03 2.714808e-03 5.502160e-03
1.561168e+01 3.685109e-03 2.476564e-03 2.854794e-03 5.723971e-03
1.566368e+01 3.752669e-03 2.496939e-03 2.955027e-03 5.806040e-03
1.571568e+01 3.746088e-03 2.483022e-03 3.010431e-03 5.744810e-03
1.576768e+01 3.672762e-03 2.445823e-03 3.021936e-03 5.550529e-03
1.581968e+01 3.546292e-03 2.397930e-03 2.994378e-03 5.246567e-03
1.587168e+01 3.383635e-03 2.350216e-03 2.934638e-03 4.866052e-03
1.592368e+01 3.202168e-03 2.309835e-03 2.850320e-03 4.446349e-03
1.597568e+01 3.017158e-03 2.279746e-03 2.748969e-03 4.022758e-03
1.602768e+01 2.840055e-03 2.259454e-03 2.637575e-03 3.623136e-03
1.607968e+01 2.677771e-03 2.246310e-03 2.522136e-03 3.264868e-03
1.613168e+01 2.532912e-03 2.236844e-03 2.407235e-03 2.954656e-03
1.618368e+01 2.404745e-03 2.227787e-03 2.295774e-03 2.690675e-03
1.623568e+01 2.290591e-03 2.216766e-03 2.189071e-03 2.465937e-03
1.628768e+01 2.187240e-03 2.202672e-03 2.087378e-03 2.271670e-03
1.633968e+01 2.092073e-03 2.185732e-03 1.990643e-03 2.099844e-03
1.639168e+01 2.003660e-03 2.167245e-03 1.899173e-03 1.944562e-03
1.644368e+01 1.921791e-03 2.148984e-03 1.813905e-03 1.802484e-03
1.649568e+01 1.847060e-03 2.132370e-03 1.736183e-03 1.672627e-03
1.654768e+01 1.780233e-03 2.117664e-03 1.667200e-03 1.555835e-03
1.659968e+01 1.721664e-03 2.103491e-03 1.607452e-03 1.454050e-03
1.665168e+01 1.670984e-03 2.087006e-03 1.556504e-03 1.369442e-03
1.670368e+01 1.627197e-03 2.064849e-03 1.513258e-03 1.303483e-03
1.675568e+01 1.589215e-03 2.034831e-03 1.476647e-03 1.256167e-03
1.680768e+01 1.556701e-03 1.997947e-03 1.446515e-03 1.225640e-03
1.685968e+01 1.530947e-03 1.960054e-03 1.424370e-03 1.208417e-03
1.691168e+01 1.515430e-03 1.932393e-03 1.413693e-03 1.200205e-03
1.696368e+01 1.515683e-03 1.930343e-03 1.419613e-03 1.197095e-03
1.701568e+01 1.538299e-03 1.970218e-03 1.447914e-03 1.196766e-03
1.706768e+01 1.589182e-03 2.064706e-03 1.503504e-03 1.199337e-03
1.711968e+01 1.671476e-03 2.218143e-03 1.588692e-03 1.207593e-03
1.717168e+01 1.783828e-03 2.423253e-03 1.701761e-03 1.226470e-03
1.722368e+01 1.919644e-03 2.660760e-03 1.836333e-03 1.261839e-03
1.727568e+01 2.067748e-03 2.902537e-03 1.981914e-03 1.318792e-03
1.732768e+01 2.214388e-03 3.117739e-03 2.125655e-03 1.399771e-03
1.737968e+01 2.346064e-03 3.280190e-03 2.254963e-03 1.503040e-03
1.743168e+01 2.452307e-03 3.374676e-03 2.360239e-03 1.622007e-03
1.748368e+01 2.527565e-03 3.400020e-03 2.436891e-03 1.745785e-03
1.753568e+01 2.571646e-03 3.367987e-03 2.485929e-03 1.861022e-03
1.758768e+01 2.588672e-03 3.298531e-03 2.512907e-03 1.954578e-03
1.763968e+01 2.584975e-03 3.213185e-03 2.525491e-03 2.016249e-03
1.769168e+01 2.566671e-03 3.128857e-03 2.530480e-03 2.040677e-03
1.774368e+01 2.537733e-03 3.053976e-03 2.531311e-03 2.027912e-03
1.779568e+01 2.499189e-03 2.987934e-03 2.526998e-03 1.982635e-03
1.784768e+01 2.449681e-03 2.923589e-03 2.512912e-03 1.912542e-03
1.789968e+01 2.387077e-03 2.851585e-03 2.483088e-03 1.826560e-03
1.795168e+01 2.310421e-03 2.764747e-03 2.433101e-03 1.733414e-03
1.800368e+01 2.221323e-03 2.660949e-03 2.362299e-03 1.640720e-03
1.805568e+01 2.124214e-03 2.543625e-03 2.274516e-03 1.554502e-03
1.810768e+01 2.025391e-03 2.420128e-03 2.177098e-03 1.478947e-03
1.815968e+01 1.931362e-03 2.298968e-03 2.078811e-03 1.416308e-03
1.821168e+01 1.847251e-03 2.187237e-03 1.987583e-03 1.366935e-03
1.826368e+01 1.775858e-03 2.089155e-03 1.908941e-03 1.329479e-03
1.831568e+01 1.717608e-03 2.006013e-03 1.845520e-03 1.301289e-03
1.836768e+01 1.671194e-03 1.937089e-03 1.797533e-03 1.278962e-03
1.841968e+01 1.634524e-03 1.880852e-03 1.763751e-03 1.258969e-03
1.847168e+01 1.605553e-03 1.835856e-03 1.742498e-03 1.238304e-03
1.852368e+01 1.582788e-03 1.801039e-03 1.732285e-03 1.215040e-03
1.857568e+01 1.565395e-03 1.775508e-03 1.731974e-03 1.188703e-03
1.862768e+01 1.552997e-03 1.758090e-03 1.740521e-03 1.160380e-03
1.867968e+01 1.545335e-03 1.746991e-03 1.756521e-03 1.132494e-03
1.873168e+01 1.541963e-03 1.739779e-03 1.777817e-03 1.108293e-03
1.878368e+01 1.542081e-03 1.733720e-03 1.801403e-03 1.091121e-03
1.883568e+01 1.544546e-03 1.726320e-03 1.823681e-03 1.083635e-03
1.888768e+01 1.547982e-03 1.715795e-03 1.841020e-03 1.087130e-03
1.893968e+01 1.550908e-03 1.701260e-03 1.850367e-03 1.101098e-03
1.899168e+01 1.551805e-03 1.682573e-03 1.849704e-03 1.123137e-03
1.904368e+01 1.549147e-03 1.659941e-03 1.838215e-03 1.149285e-03
1.909568e+01 1.541466e-03 1.633519e-03 1.816160e-03 1.174720e-03
1.914768e+01 1.527507e-03 1.603205e-03 1.784599e-03 1.194718e-03
1.919968e+01 1.506462e-03 1.568678e-03 1.745100e-03 1.205609e-03
1.925168e+01 1.478201e-03 1.529607e-03 1.699538e-03 1.205457e-03
1.930368e+01 1.443378e-03 1.485893e-03 1.649967e-03 1.194275e-03
1.935568e+01 1.403363e-03 1.437837e-03 1.598517e-03 1.173736e-03
1.940768e+01 1.359990e-03 1.386220e-03 1.547231e-03 1.146519e-03
1.945968e+01 1.315223e-03 1.332294e-03 1.497840e-03 1.115536e-03
1.951168e+01 1.270833e-03 1.277705e-03 1.451517e-03 1.083275e-03
1.956368e+01 1.228148e-03 1.224327e-03 1.408707e-03 1.051409e-03
1.961568e+01 1.187921e-03 1.173990e-03 1.369093e-03 1.020681e-03
1.966768e+01 1.150301e-03 1.128151e-03 1.331718e-03 9.910318e-04
1.971968e+01 1.114892e-03 1.087596e-03 1.295222e-03 9.618587e-04
1.977168e+01 1.080915e-03 1.052276e-03 1.258128e-03 9.323408e-04
1.982368e+01 1.047428e-03 1.021353e-03 1.219162e-03 9.017696e-04
1.987568e+01 1.013606e-03 9.934254e-04 1.177549e-03 8.698416e-04
1.992768e+01 9.790158e-04 9.668855e-04 1.133293e-03 8.368686e-04
1.997968e+01 9.438358e-04 9.403090e-04 1.087341e-03 8.038570e-04
2.003168e+01 9.089291e-04 9.127812e-04 1.041588e-03 7.724176e-04
2.008368e+01 8.757434e-04 8.840879e-04 9.986440e-04 7.444983e-04
2.013568e+01 8.460304e-04 8.547255e-04 9.613837e-04 7.219821e-04
2.018768e+01 8.214487e-04 8.257313e-04 9.323694e-04 7.062453e-04
2.023968e+01 8.031568e-04 7.983857e-04 9.132795e-04 6.978050e-04
2.029168e+01 7.915141e-04 7.738751e-04 9.044892e-04 6.961779e-04
2.034368e+01 7.859790e-04 7.530142e-04 9.049053e-04 7.000175e-04
2.039568e+01 7.852333e-04 7.360978e-04 9.120932e-04 7.075089e-04
2.044768e+01 7.874942e-04 7.229045e-04 9.226763e-04 7.169018e-04
2.049968e+01 7.909180e-04 7.128208e-04 9.329299e-04 7.270034e-04
2.055168e+01 7.939763e-04 7.050250e-04 9.394497e-04 7.374542e-04
2.060368e+01 7.956961e-04 6.986580e-04 9.397454e-04 7.486849e-04
2.065568e+01 7.957043e-04 6.929314e-04 9.326171e-04 7.615645e-04
2.070768e+01 7.940841e-04 6.871629e-04 9.182232e-04 7.768661e-04
2.075968e+01 7.911172e-04 6.807646e-04 8.978406e-04 7.947463e-04
2.081168e+01 7.870232e-04 6.732291e-04 8.734106e-04 8.144299e-04
2.086368e+01 7.817994e-04 6.641484e-04 8.470243e-04 8.342255e-04
2.091568e+01 7.752151e-04 6.532695e-04 8.205010e-04 8.518749e-04
2.096768e+01 7.669465e-04 6.405618e-04 7.951551e-04 8.651227e-04
2.101968e+01 7.567775e-04 6.262619e-04 7.717645e-04 8.723061e-04
2.107168e+01 7.447690e-04 6.108680e-04 7.506812e-04 8.727577e-04
2.112368e+01 7.313182e-04 5.950797e-04 7.319896e-04 8.668854e-04
2.117568e+01 7.170816e-04 5.796976e-04 7.156295e-04 8.559177e-04
2.122768e+01 7.027947e-04 5.655028e-04 7.014453e-04 8.414359e-04
2.127968e+01 6.890687e-04 5.531376e-04 6.891703e-04 8.248981e-04
2.133168e+01 6.762446e-04 5.430000e-04 6.783898e-04 8.073441e-04
2.138368e+01 6.643557e-04 5.351615e-04 6.685299e-04 7.893758e-04
2.143568e+01 6.531926e-04 5.293178e-04 6.588994e-04 7.713606e-04
2.148768e+01 6.424195e-04 5.247822e-04 6.487841e-04 7.536923e-04
2.153968e+01 6.316748e-04 5.205348e-04 6.375643e-04 7.369253e-04
2.159168e+01 6.206126e-04 5.153363e-04 6.248186e-04 7.216829e-04
2.164368e+01 6.088883e-04 5.079057e-04 6.103761e-04 7.083831e-04
2.169568e+01 5.961274e-04 4.971434e-04 5.943021e-04 6.969366e-04
2.174768e+01 5.819264e-04 4.823622e-04 5.768252e-04 6.865920e-04
2.179968e+01 5.659093e-04 4.634677e-04 5.582388e-04 6.760214e-04
2.185168e+01 5.478237e-04 4.410316e-04 5.388197e-04 6.636199e-04
2.190368e+01 5.276379e-04 4.162189e-04 5.187936e-04 6.479013e-04
2.195568e+01 5.055958e-04 3.905790e-04 4.983549e-04 6.278535e-04
2.200768e+01 4.822109e-04 3.657536e-04 4.777192e-04 6.031599e-04
2.205968e+01 4.582083e-04 3.431879e-04 4.571791e-04 5.742579e-04
2.211168e+01 4.344387e-04 3.239256e-04 4.371371e-04 5.422534e-04
2.216368e+01 4.117906e-04 3.085335e-04 4.181068e-04 5.087313e-04
2.221568e+01 3.911128e-04 2.971517e-04 4.006822e-04 4.755046e-04
2.226768e+01 3.731512e-04 2.896275e-04 3.854788e-04 4.443474e-04
2.231968e+01 3.584946e-04 2.856720e-04 3.730496e-04 4.167622e-04
2.237168e+01 3.475298e-04 2.849818e-04 3.637827e-04 3.938249e-04
2.242368e+01 3.404073e-04 2.872920e-04 3.578011e-04 3.761287e-04
2.247568e+01 3.370193e-04 2.923507e-04 3.548948e-04 3.638125e-04
2.252768e+01 3.369959e-04 2.998427e-04 3.545176e-04 3.566274e-04
2.257968e+01 3.397226e-04 3.093134e-04 3.558627e-04 3.539916e-04
2.263168e+01 3.443887e-04 3.201468e-04 3.580050e-04 3.550144e-04
2.268368e+01 3.500740e-04 3.316356e-04 3.600754e-04 3.585111e-04
2.273568e+01 3.558724e-04 3.431322e-04 3.614224e-04 3.630626e-04
2.278768e+01 3.610362e-04 3.542285e-04 3.617223e-04 3.671580e-04
2.283968e+01 3.651073e-04 3.648874e-04 3.610210e-04 3.694136e-04
2.289168e+01 3.679926e-04 3.754628e-04 3.597093e-04 3.688058e-04
2.294368e+01 3.699532e-04 3.865838e-04 3.584448e-04 3.648311e-04
2.299568e+01 3.714991e-04 3.989305e-04 3.580375e-04 3.575292e-04
2.304768e+01 3.732174e-04 4.129719e-04 3.593145e-04 3.473658e-04
2.309968e+01 3.755889e-04 4.287525e-04 3.629817e-04 3.350326e-04
2.315168e+01 3.788522e-04 4.458050e-04 3.695025e-04 3.212492e-04
2.320368e+01 3.829613e-04 4.632285e-04 3.790197e-04 3.066357e-04
2.325568e+01 3.876412e-04 4.799115e-04 3.913343e-04 2.916777e-04
2.330768e+01 3.925079e-04 4.948229e-04 4.059414e-04 2.767595e-04
2.335968e+01 3.971957e-04 5.072650e-04 4.221014e-04 2.622208e-04
2.341168e+01 4.014344e-04 5.169906e-04 4.389195e-04 2.483930e-04
2.346368e+01 4.050503e-04 5.241435e-04 4.554105e-04 2.355969e-04
2.351568e+01 4.079045e-04 5.290540e-04 4.705530e-04 2.241066e-04
2.356768e+01 4.098125e-04 5.319846e-04 4.833486e-04 2.141043e-04
2.361968e+01 4.104968e-04 5.329373e-04 4.929029e-04 2.056503e-04
2.367168e+01 4.096049e-04 5.316021e-04 4.985257e-04 1.986867e-04
2.372368e+01 4.067830e-04 5.274560e-04 4.998186e-04 1.930745e-04
2.377568e+01 4.017714e-04 5.199567e-04 4.967101e-04 1.886476e-04
2.382768e+01 3.944726e-04 5.087411e-04 4.894168e-04 1.852600e-04
2.387968e+01 3.849701e-04 4.937581e-04 4.783485e-04 1.828038e-04
2.393168e+01 3.735026e-04 4.753077e-04 4.640081e-04 1.811921e-04
2.398368e+01 3.604250e-04 4.540123e-04 4.469435e-04 1.803192e-04
2.403568e+01 3.461844e-04 4.307596e-04 4.277743e-04 1.800193e-04
2.408768e+01 3.313190e-04 4.066456e-04 4.072646e-04 1.800468e-04
2.413968e+01 3.164601e-04 3.829167e-04 3.863774e-04 1.800861e-04
2.419168e+01 3.023070e-04 3.608838e-04 3.662471e-04 1.797902e-04
2.424368e+01 2.895601e-04 3.417908e-04 3.480531e-04 1.788364e-04
2.429568e+01 2.788240e-04 3.266419e-04 3.328354e-04 1.769947e-04
2.434768e+01 2.705207e-04 3.160312e-04 3.213332e-04 1.741978e-04
2.439968e+01 2.648520e-04 3.100327e-04 3.139209e-04 1.706025e-04
2.445168e+01 2.618300e-04 3.082028e-04 3.106681e-04 1.666191e-04
2.450368e+01 2.613617e-04 3.097100e-04 3.114885e-04 1.628865e-04
2.455568e+01 2.633504e-04 3.135643e-04 3.163007e-04 1.601861e-04
2.460768e+01 2.677752e-04 3.188824e-04 3.251251e-04 1.593180e-04
2.465968e+01 2.747236e-04 3.251121e-04 3.380768e-04 1.609818e-04
2.471168e+01 2.843727e-04 3.321528e-04 3.552611e-04 1.657044e-04
2.476368e+01 2.969240e-04 3.403382e-04 3.766127e-04 1.738211e-04
2.481568e+01 3.124986e-04 3.502852e-04 4.017301e-04 1.854806e-04
2.486768e+01 3.310085e-04 3.626471e-04 4.297506e-04 2.006277e-04
2.491968e+01 3.520269e-04 3.778333e-04 4.593034e-04 2.189441e-04
2.497168e+01 3.747033e-04 3.957644e-04 4.885718e-04 2.397735e-04
2.502368e+01 3.977696e-04 4.157261e-04 5.154845e-04 2.620982e-04
2.507568e+01 4.196739e-04 4.363714e-04 5.380265e-04 2.846240e-04
2.512768e+01 4.388343e-04 4.558922e-04 5.546185e-04 3.059923e-04
2.517968e+01 4.539640e-04 4.723501e-04 5.644684e-04 3.250733e-04
2.523168e+01 4.643793e-04 4.841078e-04 5.677747e-04 3.412554e-04
2.528368e+01 4.701942e-04 4.902553e-04 5.656864e-04 3.546407e-04
2.533568e+01 4.723252e-04 4.908977e-04 5.599940e-04 3.660840e-04
2.538768e+01 4.722878e-04 4.871851e-04 5.526203e-04 3.770579e-04
2.543968e+01 4.718282e-04 4.810398e-04 5.450704e-04 3.893744e-04
2.549168e+01 4.725021e-04 4.746445e-04 5.380309e-04 4.048308e-04
2.554368e+01 4.753325e-04 4.698589e-04 5.312696e-04 4.248689e-04
2.559568e+01 4.806607e-04 4.677693e-04 5.238749e-04 4.503378e-04
2.564768e+01 4.882334e-04 4.685346e-04 5.147456e-04 4.814201e-04
2.569968e+01 4.974776e-04 4.715658e-04 5.031381e-04 5.177290e-04
2.575168e+01 5.078422e-04 4.759452e-04 4.890600e-04 5.585213e-04
2.580368e+01 5.190618e-04 4.808932e-04 4.733683e-04 6.029240e-04
2.585568e+01 5.312344e-04 4.860871e-04 4.575502e-04 6.500658e-04
2.590768e+01 5.446850e-04 4.917170e-04 4.432918e-04 6.990461e-04
2.595968e+01 5.596856e-04 4.982871e-04 4.320119e-04 7.487578e-04
2.601168e+01 5.761601e-04 5.062853e-04 4.245329e-04 7.976622e-04
2.606368e+01 5.935146e-04 5.158855e-04 4.209902e-04 8.436681e-04
2.611568e+01 6.106772e-04 5.268132e-04 4.209769e-04 8.842414e-04
2.616768e+01 6.263404e-04 5.384168e-04 4.238281e-04 9.167761e-04
2.621968e+01 6.393053e-04 5.498857e-04 4.289083e-04 9.391219e-04
2.627168e+01 6.487853e-04 5.605068e-04 4.357874e-04 9.500616e-04
2.632368e+01 6.545482e-04 5.698558e-04 4.442560e-04 9.495330e-04
2.637568e+01 6.568600e-04 5.778701e-04 4.542108e-04 9.384991e-04
2.642768e+01 6.562827e-04 5.848104e-04 4.654926e-04 9.185451e-04
2.647968e+01 6.534420e-04 5.911518e-04 4.777641e-04 8.914101e-04
2.653168e+01 6.488705e-04 5.974495e-04 4.904831e-04 8.586788e-04
2.658368e+01 6.429746e-04 6.042060e-04 5.029727e-04 8.217451e-04
2.663568e+01 6.361000e-04 6.117530e-04 5.145547e-04 7.819924e-04
2.668768e+01 6.286217e-04 6.201618e-04 5.246948e-04 7.410085e-04
2.673968e+01 6.209903e-04 6.292056e-04 5.331186e-04 7.006467e-04
2.679168e+01 6.137042e-04 6.384038e-04 5.398677e-04 6.628411e-04
2.684368e+01 6.072301e-04 6.471647e-04 5.452856e-04 6.292401e-04
2.689568e+01 6.019246e-04 6.550112e-04 5.499345e-04 6.008281e-04
2.694768e+01 5.980051e-04 6.618314e-04 5.544648e-04 5.777192e-04
2.699968e+01 5.955847e-04 6.680637e-04 5.594712e-04 5.592191e-04
2.705168e+01 5.947447e-04 6.747283e-04 5.653813e-04 5.441246e-04
2.710368e+01 5.955971e-04 6.832591e-04 5.724074e-04 5.311249e-04
2.715568e+01 5.982979e-04 6.951661e-04 5.805760e-04 5.191517e-04
2.720768e+01 6.030067e-04 7.116301e-04 5.898140e-04 5.075759e-04
2.725968e+01 6.098202e-04 7.331686e-04 6.000581e-04 4.962337e-04
2.731168e+01 6.187236e-04 7.594898e-04 6.113453e-04 4.853358e-04
2.736368e+01 6.295890e-04 7.895790e-04 6.238600e-04 4.753280e-04
2.741568e+01 6.422240e-04 8.219795e-04 6.379388e-04 4.667537e-04
2.746768e+01 6.564476e-04 8.551607e-04 6.540481e-04 4.601341e-04
2.751968e+01 6.721538e-04 8.878532e-04 6.727460e-04 4.558623e-04
2.757168e+01 6.893232e-04 9.192444e-04 6.946189e-04 4.541064e-04
2.762368e+01 7.079572e-04 9.489853e-04 7.201575e-04 4.547289e-04
2.767568e+01 7.279400e-04 9.770234e-04 7.495542e-04 4.572423e-04
2.772768e+01 7.488758e-04 1.003346e-03 7.824547e-04 4.608267e-04
2.777968e+01 7.699828e-04 1.027752e-03 8.177644e-04 4.644318e-04
2.783168e+01 7.901234e-04 1.049766e-03 8.536424e-04 4.669614e-04
2.788368e+01 8.080043e-04 1.068737e-03 8.877609e-04 4.675149e-04
2.793568e+01 8.224977e-04 1.084069e-03 9.178000e-04 4.656239e-04
2.798768e+01 8.329596e-04 1.095454e-03 9.420169e-04 4.614081e-04
2.803968e+01 8.394040e-04 1.102955e-03 9.596769e-04 4.555802e-04
2.809168e+01 8.424438e-04 1.106875e-03 9.711810e-04 4.492752e-04
2.814368e+01 8.430132e-04 1.107450e-03 9.778515e-04 4.437382e-04
2.819568e+01 8.419890e-04 1.104524e-03 9.814782e-04 4.399652e-04
2.824768e+01 8.398683e-04 1.097381e-03 9.838042e-04 4.384201e-04
2.829968e+01 8.366323e-04 1.084842e-03 9.861215e-04 4.389338e-04
2.835168e+01 8.318336e-04 1.065606e-03 9.890713e-04 4.408232e-04
2.840368e+01 8.248560e-04 1.038729e-03 9.926496e-04 4.431895e-04
2.845568e+01 8.152329e-04 1.004065e-03 9.963542e-04 4.452799e-04
2.850768e+01 8.029052e-04 9.625494e-04 9.993881e-04 4.467782e-04
2.855968e+01 7.883349e-04 9.162338e-04 1.000855e-03 4.479160e-04
2.861168e+01 7.724440e-04 8.680498e-04 9.999080e-04 4.493741e-04
2.866368e+01 7.564041e-04 8.213397e-04 9.958440e-04 4.520287e-04
2.871568e+01 7.413446e-04 7.792381e-04 9.881351e-04 4.566606e-04
2.876768e+01 7.280760e-04 7.440532e-04 9.764188e-04 4.637560e-04
2.881968e+01 7.169271e-04 7.168271e-04 9.604737e-04 4.734805e-04
2.887168e+01 7.077638e-04 6.972338e-04 9.402369e-04 4.858206e-04
2.892368e+01 7.001949e-04 6.838739e-04 9.159064e-04 5.008042e-04
2.897568e+01 6.938868e-04 6.748806e-04 8.881205e-04 5.186594e-04
2.902768e+01 6.888476e-04 6.686204e-04 8.581315e-04 5.397908e-04
2.907968e+01 6.855350e-04 6.642289e-04 8.278424e-04 5.645338e-04
2.913168e+01 6.847141e-04 6.617834e-04 7.996013e-04 5.927575e-04
2.918368e+01 6.871029e-04 6.620702e-04 7.757504e-04 6.234882e-04
2.923568e+01 6.929566e-04 6.660596e-04 7.580574e-04 6.547526e-04
2.928768e+01 7.017785e-04 6.743164e-04 7.472406e-04 6.837786e-04
2.933968e+01 7.123064e-04 6.865783e-04 7.427914e-04 7.075494e-04
2.939168e+01 7.228001e-04 7.016612e-04 7.431885e-04 7.235505e-04
2.944368e+01 7.315363e-04 7.177147e-04 7.464444e-04 7.304496e-04
2.949568e+01 7.373242e-04 7.327222e-04 7.507836e-04 7.284667e-04
2.954768e+01 7.398554e-04 7.450535e-04 7.551974e-04 7.193153e-04
2.959968e+01 7.397677e-04 7.538685e-04 7.596710e-04 7.057637e-04
2.965168e+01 7.384169e-04 7.592373e-04 7.650154e-04 6.909981e-04
2.970368e+01 7.374527e-04 7.619534e-04 7.723995e-04 6.780051e-04
2.975568e+01 7.383552e-04 7.631321e-04 7.827927e-04 6.691409e-04
2.980768e+01 7.420812e-04 7.637506e-04 7.965463e-04 6.659469e-04
2.985968e+01 7.489148e-04 7.643002e-04 8.132642e-04 6.691802e-04
2.991168e+01 7.585370e-04 7.646595e-04 8.319786e-04 6.789728e-04
2.996368e+01 7.702535e-04 7.642163e-04 8.515169e-04 6.950272e-04
3.001568e+01 7.832738e-04 7.621712e-04 8.708750e-04 7.167752e-04
3.006768e+01 7.969300e-04 7.579026e-04 8.894284e-04 7.434588e-04
3.011968e+01 8.107635e-04 7.512569e-04 9.069021e-04 7.741316e-04
3.017168e+01 8.244759e-04 7.426712e-04 9.231433e-04 8.076133e-04
3.022368e+01 8.378039e-04 7.331018e-04 9.378443e-04 8.424657e-04
3.027568e+01 8.504160e-04 7.238027e-04 9.503899e-04 8.770555e-04
3.032768e+01 8.619076e-04 7.160474e-04 9.599401e-04 9.097354e-04
3.037968e+01 8.719111e-04 7.108892e-04 9.657368e-04 9.391074e-04
3.043168e+01 8.802644e-04 7.090266e-04 9.674917e-04 9.642747e-04
3.048368e+01 8.871362e-04 7.107886e-04 9.656491e-04 9.849708e-04
3.053568e+01 8.930201e-04 7.161992e-04 9.613567e-04 1.001505e-03
3.058768e+01 8.985672e-04 7.250621e-04 9.561058e-04 1.014534e-03
3.063968e+01 9.043114e-04 7.370098e-04 9.511667e-04 1.024758e-03
3.069168e+01 9.104009e-04 7.514990e-04 9.470558e-04 1.032648e-03
3.074368e+01 9.164568e-04 7.677757e-04 9.432806e-04 1.038314e-03
3.079568e+01 9.216332e-04 7.848561e-04 9.384969e-04 1.041546e-03
3.084768e+01 9.248689e-04 8.015682e-04 9.310342e-04 1.042004e-03
3.089968e+01 9.252392e-04 8.166730e-04 9.195848e-04 1.039460e-03
3.095168e+01 9.222694e-04 8.290466e-04 9.037723e-04 1.033989e-03
3.100368e+01 9.160882e-04 8.378771e-04 8.843712e-04 1.026016e-03
3.105568e+01 9.073676e-04 8.428175e-04 8.631020e-04 1.016183e-03
3.110768e+01 8.970887e-04 8.440466e-04 8.421115e-04 1.005108e-03
3.115968e+01 8.862457e-04 8.422145e-04 8.233757e-04 9.931468e-04
3.121168e+01 8.756171e-04 8.382866e-04 8.082626e-04 9.803021e-04
3.126368e+01 8.656897e-04 8.333323e-04 7.973888e-04 9.663479e-04
3.131568e+01 8.567439e-04 8.283267e-04 7.907474e-04 9.511575e-04
3.136768e+01 8.490347e-04 8.240222e-04 7.879740e-04 9.351079e-04
3.141968e+01 8.429681e-04 8.209156e-04 7.885965e-04 9.193924e-04
3.147168e+01 8.391798e-04 8.192871e-04 7.921727e-04 9.060796e-04
3.152368e+01 8.384662e-04 8.192554e-04 7.983032e-04 8.978400e-04
3.157568e+01 8.415755e-04 8.207903e-04 8.065666e-04 8.973694e-04
3.162768e+01 8.489171e-04 8.236622e-04 8.164342e-04 9.066547e-04
3.167968e+01 8.602889e-04 8.273586e-04 8.272058e-04 9.263023e-04
3.173168e+01 8.747302e-04 8.310379e-04 8.379981e-04 9.551545e-04
3.178368e+01 8.905838e-04 8.335952e-04 8.478100e-04 9.903463e-04
3.183568e+01 9.057902e-04 8.338766e-04 8.556833e-04 1.027811e-03
3.188768e+01 9.183490e-04 8.310189e-04 8.609422e-04 1.063086e-03
3.193968e+01 9.268138e-04 8.248249e-04 8.634407e-04 1.092176e-03
3.199168e+01 9.306553e-04 8.160423e-04 8.637065e-04 1.112217e-03
3.204368e+01 9.303678e-04 8.064162e-04 8.628851e-04 1.121802e-03
3.209568e+01 9.272866e-04 7.984364e-04 8.624632e-04 1.120960e-03
3.214768e+01 9.231835e-04 7.947902e-04 8.638554e-04 1.110905e-03
3.219968e+01 9.197777e-04 7.976408e-04 8.680001e-04 1.093692e-03
3.225168e+01 9.183053e-04 8.079338e-04 8.751033e-04 1.071879e-03
3.230368e+01 9.192520e-04 8.249589e-04 8.845977e-04 1.048199e-03
3.235568e+01 9.222916e-04 8.463394e-04 8.952889e-04 1.025246e-03
3.240768e+01 9.264227e-04 8.684949e-04 9.056077e-04 1.005165e-03
3.245968e+01 9.302585e-04 8.874596e-04 9.138835e-04 9.894323e-04
3.251168e+01 9.323986e-04 8.998071e-04 9.185829e-04 9.788056e-04
3.256368e+01 9.317965e-04 9.033910e-04 9.185047e-04 9.734937e-04
3.261568e+01 9.280355e-04 8.976825e-04 9.129395e-04 9.734843e-04
3.266768e+01 9.214467e-04 8.836526e-04 9.018020e-04 9.788857e-04
3.271968e+01 9.130446e-04 8.633110e-04 8.857143e-04 9.901084e-04
3.277168e+01 9.042948e-04 8.391099e-04 8.659942e-04 1.007780e-03
3.282368e+01 8.967708e-04 8.134045e-04 8.444914e-04 1.032416e-03
3.287568e+01 8.917721e-04 7.880787e-04 8.232566e-04 1.063981e-03
3.292768e+01 8.899977e-04 7.643454e-04 8.041010e-04 1.101547e-03
3.297968e+01 8.913622e-04 7.426935e-04 7.881810e-04 1.143212e-03
3.303168e+01 8.950226e-04 7.229513e-04 7.757644e-04 1.186352e-03
3.308368e+01 8.996292e-04 7.044606e-04 7.662781e-04 1.228149e-03
3.313568e+01 9.037412e-04 6.863486e-04 7.586180e-04 1.266257e-03
3.318768e+01 9.062896e-04 6.678559e-04 7.515850e-04 1.299428e-03
3.323968e+01 9.069454e-04 6.486375e-04 7.442712e-04 1.327928e-03
3.329168e+01 9.062808e-04 6.289469e-04 7.362612e-04 1.353634e-03
3.334368e+01 9.056724e-04 6.096392e-04 7.276220e-04 1.379756e-03
3.339568e+01 9.069687e-04 5.919892e-04 7.187522e-04 1.410165e-03
3.344768e+01 9.120001e-04 5.773843e-04 7.102014e-04 1.448415e-03
3.349968e+01 9.220501e-04 5.669894e-04 7.025418e-04 1.496619e-03
3.355168e+01 9.374203e-04 5.614836e-04 6.963107e-04 1.554467e-03
3.360368e+01 9.572113e-04 5.609286e-04 6.919868e-04 1.618718e-03
3.365568e+01 9.793986e-04 5.647834e-04 6.899511e-04 1.683461e-03
3.370768e+01 1.001206e-03 5.720354e-04 6.904151e-04 1.741168e-03
3.375968e+01 1.019688e-03 5.814040e-04 6.933441e-04 1.784316e-03
3.381168e+01 1.032360e-03 5.915706e-04 6.984277e-04 1.807083e-03
3.386368e+01 1.037710e-03 6.014001e-04 7.051387e-04 1.806592e-03
3.391568e+01 1.035450e-03 6.101190e-04 7.128704e-04 1.783362e-03
3.396768e+01 1.026479e-03 6.174221e-04 7.210962e-04 1.740920e-03
3.401968e+01 1.012597e-03 6.234817e-04 7.294795e-04 1.684829e-03
3.407168e+01 9.960784e-04 6.288569e-04 7.378910e-04 1.621487e-03
3.412368e+01 9.792304e-04 6.343188e-04 7.463384e-04 1.557034e-03
3.417568e+01 9.640184e-04 6.406328e-04 7.548562e-04 1.496566e-03
3.422768e+01 9.518231e-04 6.483448e-04 7.634125e-04 1.443712e-03
3.427968e+01 9.433419e-04 6.576193e-04 7.718683e-04 1.400538e-03
3.433168e+01 9.386263e-04 6.681680e-04 7.800000e-04 1.367711e-03
3.438368e+01 9.372291e-04 6.792906e-04 7.875666e-04 1.344830e-03
3.443568e+01 9.384208e-04 6.900275e-04 7.943956e-04 1.330839e-03
3.448768e+01 9.414205e-04 6.993936e-04 8.004516e-04 1.324416e-03
3.453968e+01 9.455799e-04 7.066370e-04 8.058563e-04 1.324246e-03
3.459168e+01 9.504756e-04 7.114564e-04 8.108410e-04 1.329129e-03
3.464368e+01 9.558954e-04 7.141174e-04 8.156444e-04 1.337925e-03
3.469568e+01 9.617542e-04 7.154350e-04 8.204001e-04 1.349427e-03
3.474768e+01 9.679972e-04 7.166208e-04 8.250745e-04 1.362296e-03
3.479968e+01 9.745515e-04 7.190212e-04 8.294930e-04 1.375140e-03
3.485168e+01 9.813450e-04 7.238030e-04 8.334490e-04 1.386783e-03
3.490368e+01 9.883717e-04 7.316647e-04 8.368401e-04 1.396610e-03
3.495568e+01 9.957516e-04 7.426629e-04 8.397594e-04 1.404833e-03
3.500768e+01 1.003741e-03 7.562252e-04 8.424932e-04 1.412504e-03
3.505968e+01 1.012680e-03 7.713630e-04 8.454296e-04 1.421249e-03
3.511168e+01 1.022907e-03 7.870197e-04 8.489359e-04 1.432767e-03
3.516368e+01 1.034672e-03 8.024263e-04 8.532814e-04 1.448309e-03
3.521568e+01 1.048089e-03 8.173220e-04 8.586612e-04 1.468285e-03
3.526768e+01 1.063127e-03 8.319602e-04 8.653117e-04 1.492108e-03
3.531968e+01 1.079608e-03 8.469129e-04 8.736469e-04 1.518266e-03
3.537168e+01 1.097208e-03 8.627757e-04 8.843145e-04 1.544534e-03
3.542368e+01 1.115420e-03 8.799019e-04 8.980972e-04 1.568262e-03
3.547568e+01 1.133537e-03 8.982615e-04 9.156632e-04 1.586687e-03
3.552768e+01 1.150660e-03 9.174457e-04 9.372519e-04 1.597282e-03
3.557968e+01 1.165776e-03 9.367815e-04 9.624348e-04 1.598111e-03
3.563168e+01 1.177901e-03 9.554902e-04 9.900690e-04 1.588144e-03
3.568368e+01 1.186255e-03 9.728394e-04 1.018487e-03 1.567438e-03
3.573568e+01 1.190415e-03 9.882536e-04 1.045861e-03 1.537130e-03
3.578768e+01 1.190399e-03 1.001371e-03 1.070621e-03 1.499206e-03
3.583968e+01 1.186648e-03 1.012042e-03 1.091764e-03 1.456137e-03
3.589168e+01 1.179904e-03 1.020275e-03 1.108990e-03 1.410449e-03
3.594368e+01 1.171046e-03 1.026155e-03 1.122634e-03 1.364351e-03
3.599568e+01 1.160909e-03 1.029777e-03 1.133465e-03 1.319486e-03
3.604768e+01 1.150169e-03 1.031213e-03 1.142436e-03 1.276857e-03
3.609968e+01 1.139308e-03 1.030541e-03 1.150469e-03 1.236914e-03
3.615168e+01 1.128666e-03 1.027902e-03 1.158319e-03 1.199777e-03
3.620368e+01 1.118536e-03 1.023571e-03 1.166551e-03 1.165486e-03
3.625568e+01 1.109266e-03 1.017987e-03 1.175599e-03 1.134211e-03
3.630768e+01 1.101313e-03 1.011741e-03 1.185884e-03 1.106314e-03
3.635968e+01 1.095227e-03 1.005510e-03 1.197906e-03 1.082266e-03
3.641168e+01 1.091547e-03 9.999574e-04 1.212226e-03 1.062458e-03
3.646368e+01 1.090637e-03 9.955957e-04 1.229319e-03 1.046997e-03
3.651568e+01 1.092506e-03 9.926520e-04 1.249293e-03 1.035573e-03
3.656768e+01 1.096680e-03 9.909509e-04 1.271626e-03 1.027463e-03
3.661968e+01 1.102190e-03 9.898686e-04 1.295040e-03 1.021662e-03
3.667168e+01 1.107708e-03 9.884023e-04 1.317621e-03 1.017101e-03
3.672368e+01 1.111812e-03 9.853836e-04 1.337173e-03 1.012880e-03
3.677568e+01 1.113307e-03 9.798090e-04 1.351690e-03 1.008422e-03
3.682768e+01 1.111498e-03 9.712025e-04 1.359765e-03 1.003527e-03
3.687968e+01 1.106334e-03 9.598773e-04 1.360831e-03 9.982922e-04
3.693168e+01 1.098370e-03 9.469688e-04 1.355167e-03 9.929752e-04
3.698368e+01 1.088578e-03 9.341813e-04 1.343728e-03 9.878234e-04
3.703568e+01 1.078042e-03 9.233046e-04 1.327872e-03 9.829490e-04
3.708768e+01 1.067668e-03 9.156718e-04 1.309062e-03 9.782697e-04
3.713968e+01 1.057969e-03 9.117791e-04 1.288597e-03 9.735314e-04
3.719168e+01 1.049020e-03 9.112336e-04 1.267424e-03 9.684014e-04
3.724368e+01 1.040577e-03 9.130550e-04 1.246073e-03 9.626030e-04
3.729568e+01 1.032320e-03 9.161863e-04 1.224727e-03 9.560463e-04
3.734768e+01 1.024098e-03 9.199714e-04 1.203419e-03 9.489027e-04
3.739968e+01 1.016082e-03 9.243782e-04 1.182282e-03 9.415869e-04
3.745168e+01 1.008759e-03 9.298887e-04 1.161748e-03 9.346422e-04
3.750368e+01 1.002773e-03 9.371470e-04 1.142599e-03 9.285732e-04
3.755568e+01 9.987007e-04 9.465612e-04 1.125848e-03 9.236931e-04
3.760768e+01 9.968577e-04 9.580487e-04 1.112478e-03 9.200466e-04
3.765968e+01 9.971910e-04 9.710117e-04 1.103137e-03 9.174239e-04
3.771168e+01 9.992821e-04 9.845088e-04 1.097906e-03 9.154317e-04
3.776368e+01 1.002423e-03 9.975188e-04 1.096187e-03 9.135633e-04
3.781568e+01 1.005727e-03 1.009188e-03 1.096762e-03 9.112313e-04
3.786768e+01 1.008250e-03 1.018997e-03 1.097977e-03 9.077765e-04
3.791968e+01 1.009116e-03 1.026821e-03 1.098027e-03 9.025012e-04
3.797168e+01 1.007651e-03 1.032899e-03 1.095286e-03 8.947691e-04
3.802368e+01 1.003497e-03 1.037724e-03 1.088604e-03 8.841646e-04
3.807568e+01 9.966823e-04 1.041878e-03 1.077515e-03 8.706540e-04
3.812768e+01 9.876032e-04 1.045853e-03 1.062290e-03 8.546672e-04
3.817968e+01 9.769165e-04 1.049889e-03 1.043814e-03 8.370464e-04
3.823168e+01 9.653579e-04 1.053881e-03 1.023336e-03 8.188562e-04
3.828368e+01 9.535502e-04 1.057367e-03 1.002174e-03 8.011104e-04
3.833568e+01 9.418646e-04 1.059631e-03 9.814611e-04 7.845016e-04
3.838768e+01 9.303835e-04 1.059900e-03 9.620221e-04 7.692283e-04
3.843968e+01 9.189803e-04 1.057587e-03 9.443637e-04 7.549904e-04
3.849168e+01 9.074897e-04 1.052535e-03 9.287638e-04 7.411701e-04
3.854368e+01 8.959064e-04 1.045181e-03 9.153887e-04 7.271492e-04
3.859568e+01 8.845359e-04 1.036582e-03 9.043794e-04 7.126458e-04
3.864768e+01 8.740303e-04 1.028287e-03 8.958722e-04 6.979313e-04
3.869968e+01 8.652804e-04 1.022069e-03 8.899514e-04 6.838208e-04
3.875168e+01 8.591898e-04 1.019578e-03 8.865621e-04 6.714293e-04
3.880368e+01 8.564133e-04 1.022014e-03 8.854330e-04 6.617925e-04
3.885568e+01 8.571599e-04 1.029903e-03 8.860614e-04 6.555150e-04
3.890768e+01 8.611403e-04 1.043051e-03 8.877870e-04 6.525833e-04
3.895968e+01 8.676708e-04 1.060680e-03 8.899384e-04 6.523940e-04
3.901168e+01 8.758803e-04 1.081704e-03 8.919942e-04 6.539424e-04
3.906368e+01 8.849310e-04 1.105041e-03 8.936849e-04 6.560669e-04
3.911568e+01 8.941779e-04 1.129873e-03 8.949962e-04 6.576641e-04
3.916768e+01 9.032430e-04 1.155789e-03 8.960980e-04 6.578424e-04
3.921968e+01 9.120283e-04 1.182772e-03 8.972756e-04 6.560378e-04
3.927168e+01 9.207002e-04 1.211053e-03 8.989331e-04 6.521148e-04
3.932368e+01 9.296677e-04 1.240870e-03 9.016815e-04 6.464513e-04
3.937568e+01 9.395416e-04 1.272220e-03 9.064381e-04 6.399664e-04
3.942768e+01 9.510541e-04 1.304690e-03 9.144267e-04 6.340459e-04
3.947968e+01 9.649290e-04 1.337443e-03 9.270020e-04 6.303418e-04
3.953168e+01 9.817143e-04 1.369354e-03 9.453151e-04 6.304742e-04
3.958368e+01 1.001617e-03 1.399222e-03 9.699321e-04 6.356985e-04
3.963568e+01 1.024383e-03 1.425967e-03 1.000560e-03 6.466212e-04
3.968768e+01 1.049243e-03 1.448711e-03 1.035988e-03 6.630306e-04
3.973968e+01 1.074965e-03 1.466743e-03 1.074269e-03 6.838824e-04
3.979168e+01 1.099976e-03 1.479431e-03 1.113056e-03 7.074427e-04
3.984368e+01 1.122568e-03 1.486165e-03 1.149980e-03 7.315590e-04
3.989568e+01 1.141149e-03 1.486454e-03 1.182987e-03 7.540068e-04
3.994768e+01 1.154529e-03 1.480179e-03 1.210566e-03 7.728419e-04
3.999968e+01 1.162183e-03 1.467946e-03 1.231911e-03 7.866927e-04
4.005168e+01 1.164428e-03 1.451366e-03 1.246983e-03 7.949361e-04
4.010368e+01 1.162433e-03 1.433079e-03 1.256496e-03 7.977246e-04
4.015568e+01 1.158003e-03 1.416378e-03 1.261772e-03 7.958591e-04
4.020768e+01 1.153152e-03 1.404458e-03 1.264456e-03 7.905402e-04
4.025968e+01 1.149565e-03 1.399504e-03 1.266127e-03 7.830637e-04
4.031168e+01 1.148123e-03 1.401934e-03 1.267888e-03 7.745478e-04
4.036368e+01 1.148652e-03 1.410118e-03 1.270065e-03 7.657744e-04
4.041568e+01 1.149996e-03 1.420702e-03 1.272107e-03 7.571786e-04
4.046768e+01 1.150396e-03 1.429467e-03 1.272764e-03 7.489566e-04
4.051968e+01 1.148050e-03 1.432432e-03 1.270509e-03 7.412084e-04
4.057168e+01 1.141652e-03 1.426846e-03 1.264079e-03 7.340307e-04
4.062368e+01 1.130750e-03 1.411761e-03 1.252973e-03 7.275171e-04
4.067568e+01 1.115809e-03 1.388043e-03 1.237692e-03 7.216904e-04
4.072768e+01 1.097980e-03 1.357890e-03 1.219617e-03 7.164327e-04
4.077968e+01 1.078696e-03 1.324061e-03 1.200551e-03 7.114752e-04
4.083168e+01 1.059228e-03 1.289110e-03 1.182110e-03 7.064634e-04
4.088368e+01 1.040385e-03 1.254858e-03 1.165232e-03 7.010645e-04
4.093568e+01 1.022431e-03 1.222219e-03 1.150010e-03 6.950632e-04
4.098768e+01 1.005223e-03 1.191345e-03 1.135925e-03 6.883998e-04
4.103968e+01 9.884702e-04 1.161947e-03 1.122317e-03 6.811465e-04
4.109168e+01 9.719791e-04 1.133630e-03 1.108861e-03 6.734460e-04
4.114368e+01 9.557888e-04 1.106117e-03 1.095798e-03 6.654510e-04
4.119568e+01 9.401544e-04 1.079328e-03 1.083840e-03 6.572956e-04
4.124768e+01 9.254267e-04 1.053362e-03 1.073816e-03 6.491023e-04
4.129968e+01 9.119113e-04 1.028440e-03 1.066282e-03 6.410118e-04
4.135168e+01 8.997793e-04 1.004853e-03 1.061274e-03 6.332102e-04
4.140368e+01 8.890574e-04 9.829239e-04 1.058312e-03 6.259362e-04
4.145568e+01 8.796755e-04 9.629517e-04 1.056605e-03 6.194695e-04
4.150768e+01 8.715269e-04 9.451468e-04 1.055324e-03 6.141098e-04
4.155968e+01 8.645029e-04 9.295583e-04 1.053793e-03 6.101577e-04
4.161168e+01 8.584879e-04 9.160418e-04 1.051530e-03 6.078919e-04
4.166368e+01 8.533297e-04 9.042923e-04 1.048169e-03 6.075277e-04
4.171568e+01 8.488089e-04 8.939370e-04 1.043341e-03 6.091486e-04
4.176768e+01 8.446321e-04 8.846469e-04 1.036624e-03 6.126252e-04
4.181968e+01 8.404579e-04 8.762107e-04 1.027598e-03 6.175644e-04
4.187168e+01 8.359502e-04 8.685297e-04 1.015983e-03 6.233376e-04
4.192368e+01 8.308404e-04 8.615343e-04 1.001782e-03 6.292050e-04
4.197568e+01 8.249736e-04 8.550666e-04 9.853488e-04 6.345053e-04
4.202768e+01 8.183228e-04 8.487963e-04 9.673375e-04 6.388346e-04
4.207968e+01 8.109721e-04 8.422287e-04 9.485525e-04 6.421350e-04
4.213168e+01 8.030775e-04 8.348159e-04 9.297677e-04 6.446489e-04
4.218368e+01 7.948254e-04 8.261299e-04 9.115895e-04 6.467569e-04
4.223568e+01 7.863975e-04 8.160192e-04 8.944004e-04 6.487730e-04
4.228768e+01 7.779465e-04 8.046792e-04 8.783720e-04 6.507884e-04
4.233968e+01 7.695826e-04 7.926162e-04 8.634959e-04 6.526356e-04
4.239168e+01 7.613750e-04 7.805359e-04 8.495957e-04 6.539934e-04
4.244368e+01 7.533752e-04 7.692164e-04 8.363189e-04 6.545903e-04
4.249568e+01 7.456601e-04 7.594135e-04 8.231523e-04 6.544145e-04
4.254768e+01 7.383773e-04 7.518007e-04 8.095015e-04 6.538296e-04
4.259968e+01 7.317603e-04 7.469194e-04 7.948391e-04 6.535225e-04
4.265168e+01 7.260879e-04 7.451053e-04 7.788673e-04 6.542909e-04
4.270368e+01 7.215888e-04 7.463963e-04 7.616181e-04 6.567521e-04
4.275568e+01 7.183342e-04 7.504619e-04 7.434393e-04 6.611014e-04
4.280768e+01 7.161759e-04 7.566208e-04 7.248787e-04 6.670282e-04
4.285968e+01 7.147787e-04 7.639835e-04 7.065329e-04 6.738196e-04
4.291168e+01 7.137441e-04 7.717071e-04 6.889370e-04 6.805882e-04
4.296368e+01 7.127717e-04 7.792729e-04 6.725304e-04 6.865119e-04
4.301568e+01 7.117754e-04 7.866706e-04 6.576711e-04 6.909844e-04
4.306768e+01 7.108897e-04 7.943844e-04 6.446425e-04 6.936422e-04
4.311968e+01 7.103566e-04 8.031564e-04 6.336081e-04 6.943051e-04
4.317168e+01 7.103437e-04 8.136012e-04 6.245310e-04 6.928988e-04
4.322368e+01 7.107869e-04 8.258232e-04 6.171185e-04 6.894189e-04
4.327568e+01 7.113380e-04 8.392001e-04 6.108634e-04 6.839505e-04
4.332768e+01 7.114485e-04 8.524274e-04 6.051979e-04 6.767203e-04
4.337968e+01 7.105540e-04 8.638141e-04 5.997070e-04 6.681410e-04
4.343168e+01 7.082731e-04 8.717110e-04 5.942976e-04 6.588107e-04
4.348368e+01 7.045336e-04 8.749161e-04 5.892320e-04 6.494525e-04
4.353568e+01 6.995765e-04 8.729298e-04 5.850016e-04 6.407980e-04
4.358768e+01 6.938514e-04 8.660114e-04 5.821019e-04 6.334411e-04
4.363968e+01 6.878629e-04 8.550618e-04 5.808184e-04 6.277083e-04
4.369168e+01 6.820370e-04 8.414012e-04 5.811193e-04 6.235904e-04
4.374368e+01 6.766536e-04 8.265037e-04 5.826890e-04 6.207679e-04
4.379568e+01 6.718442e-04 8.117414e-04 5.850636e-04 6.187276e-04
4.384768e+01 6.676281e-04 7.981707e-04 5.877866e-04 6.169271e-04
4.389968e+01 6.639495e-04 7.863942e-04 5.905109e-04 6.149434e-04
4.395168e+01 6.606953e-04 7.765243e-04 5.930140e-04 6.125478e-04
4.400368e+01 6.576929e-04 7.682510e-04 5.951443e-04 6.096834e-04
4.405568e+01 6.547030e-04 7.609905e-04 5.967476e-04 6.063710e-04
4.410768e+01 6.514290e-04 7.540655e-04 5.976225e-04 6.025990e-04
4.415968e+01 6.475549e-04 7.468685e-04 5.975357e-04 5.982603e-04
4.421168e+01 6.428091e-04 7.389743e-04 5.962869e-04 5.931661e-04
4.426368e+01 6.370384e-04 7.301952e-04 5.937925e-04 5.871273e-04
4.431568e+01 6.302626e-04 7.205872e-04 5.901424e-04 5.800584e-04
4.436768e+01 6.226879e-04 7.104186e-04 5.855931e-04 5.720519e-04
4.441968e+01 6.146676e-04 7.001146e-04 5.804933e-04 5.633950e-04
4.447168e+01 6.066243e-04 6.901789e-04 5.751650e-04 5.545289e-04
4.452368e+01 5.989560e-04 6.810988e-04 5.697915e-04 5.459776e-04
4.457568e+01 5.919583e-04 6.732380e-04 5.643609e-04 5.382760e-04
4.462768e+01 5.857809e-04 6.667375e-04 5.586927e-04 5.319124e-04
4.467968e+01 5.804285e-04 6.614559e-04 5.525418e-04 5.272878e-04
4.473168e+01 5.758030e-04 6.569835e-04 5.457407e-04 5.246847e-04
4.478368e+01 5.717723e-04 6.527496e-04 5.383297e-04 5.242375e-04
4.483568e+01 5.682461e-04 6.482032e-04 5.306303e-04 5.259048e-04
4.488768e+01 5.652317e-04 6.430144e-04 5.232364e-04 5.294442e-04
4.493968e+01 5.628495e-04 6.372216e-04 5.169253e-04 5.344016e-04
4.499168e+01 5.613023e-04 6.312657e-04 5.125111e-04 5.401302e-04
4.504368e+01 5.608092e-04 6.258939e-04 5.106783e-04 5.458553e-04
4.509568e+01 5.615319e-04 6.219626e-04 5.118406e-04 5.507924e-04
4.514768e+01 5.635238e-04 6.202051e-04 5.160635e-04 5.543027e-04
4.519968e+01 5.667172e-04 6.210357e-04 5.230759e-04 5.560402e-04
4.525168e+01 5.709499e-04 6.244472e-04 5.323652e-04 5.560372e-04
4.530368e+01 5.760059e-04 6.300169e-04 5.433183e-04 5.546824e-04
4.535568e+01 5.816454e-04 6.370029e-04 5.553489e-04 5.525845e-04
4.540768e+01 5.876034e-04 6.444850e-04 5.679612e-04 5.503641e-04
4.545968e+01 5.935628e-04 6.515040e-04 5.807341e-04 5.484502e-04
4.551168e+01 5.991291e-04 6.571716e-04 5.932553e-04 5.469604e-04
4.556368e+01 6.038387e-04 6.607467e-04 6.050596e-04 5.457099e-04
4.561568e+01 6.072168e-04 6.616947e-04 6.156179e-04 5.443377e-04
4.566768e+01 6.088704e-04 6.597441e-04 6.243857e-04 5.424814e-04
4.571968e+01 6.085827e-04 6.549404e-04 6.308884e-04 5.399193e-04
4.577168e+01 6.063677e-04 6.476767e-04 6.348073e-04 5.366190e-04
4.582368e+01 6.024703e-04 6.386753e-04 6.360460e-04 5.326897e-04
4.587568e+01 5.973193e-04 6.288985e-04 6.347734e-04 5.282858e-04
4.592768e+01 5.914559e-04 6.193915e-04 6.314485e-04 5.235275e-04
4.597968e+01 5.854584e-04 6.110815e-04 6.268142e-04 5.184795e-04
4.603168e+01 5.798684e-04 6.045805e-04 6.218362e-04 5.131886e-04
4.608368e+01 5.751196e-04 6.000469e-04 6.175672e-04 5.077448e-04
4.613568e+01 5.714774e-04 5.971613e-04 6.149443e-04 5.023265e-04
4.618768e+01 5.690085e-04 5.952437e-04 6.145753e-04 4.972064e-04
4.623968e+01 5.676040e-04 5.935022e-04 6.165906e-04 4.927193e-04
4.629168e+01 5.670619e-04 5.913450e-04 6.206311e-04 4.892096e-04
4.634368e+01 5.672054e-04 5.886536e-04 6.259859e-04 4.869766e-04
4.639568e+01 5.679918e-04 5.859101e-04 6.318339e-04 4.862315e-04
4.644768e+01 5.695618e-04 5.841162e-04 6.374926e-04 4.870766e-04
4.649968e+01 5.722025e-04 5.845168e-04 6.425792e-04 4.895115e-04
4.655168e+01 5.762380e-04 5.882174e-04 6.470308e-04 4.934659e-04
4.660368e+01 5.818901e-04 5.958242e-04 6.509984e-04 4.988479e-04
4.665568e+01 5.891682e-04 6.072266e-04 6.546852e-04 5.055929e-04
4.670768e+01 5.978315e-04 6.215869e-04 6.582153e-04 5.136923e-04
4.675968e+01 6.074387e-04 6.375315e-04 6.615929e-04 5.231918e-04
4.681168e+01 6.174636e-04 6.534786e-04 6.647536e-04 5.341585e-04
4.686368e+01 6.274304e-04 6.680045e-04 6.676556e-04 5.466313e-04
4.691568e+01 6.370205e-04 6.801486e-04 6.703385e-04 5.605743e-04
4.696768e+01 6.461119e-04 6.895802e-04 6.729002e-04 5.758552e-04
4.701968e+01 6.547487e-04 6.965864e-04 6.753975e-04 5.922623e-04
4.707168e+01 6.630612e-04 7.018910e-04 6.777319e-04 6.095608e-04
4.712368e+01 6.711768e-04 7.063610e-04 6.796006e-04 6.275689e-04
4.717568e+01 6.791609e-04 7.106930e-04 6.805685e-04 6.462212e-04
4.722768e+01 6.870057e-04 7.151795e-04 6.802545e-04 6.655830e-04
4.727968e+01 6.946620e-04 7.196291e-04 6.785652e-04 6.857918e-04
4.733168e+01 7.020906e-04 7.234634e-04 6.758737e-04 7.069347e-04
4.738368e+01 7.093038e-04 7.259529e-04 6.730562e-04 7.289023e-04
4.743568e+01 7.163787e-04 7.265061e-04 6.713509e-04 7.512791e-04
4.748768e+01 7.234362e-04 7.249095e-04 6.720686e-04 7.733305e-04
4.753968e+01 7.305964e-04 7.214399e-04 6.762419e-04 7.941075e-04
4.759168e+01 7.379331e-04 7.168218e-04 6.843224e-04 8.126551e-04
4.764368e+01 7.454535e-04 7.120665e-04 6.960306e-04 8.282634e-04
4.769568e+01 7.531255e-04 7.082700e-04 7.104199e-04 8.406867e-04
4.774768e+01 7.609543e-04 7.064550e-04 7.261518e-04 8.502561e-04
4.779968e+01 7.690819e-04 7.074999e-04 7.419033e-04 8.578426e-04
4.785168e+01 7.778609e-04 7.121449e-04 7.567698e-04 8.646679e-04
4.790368e+01 7.878469e-04 7.210143e-04 7.705166e-04 8.720097e-04
4.795568e+01 7.996812e-04 7.345824e-04 7.835769e-04 8.808844e-04
4.800768e+01 8.138794e-04 7.530454e-04 7.967910e-04 8.918018e-04
4.805968e+01 8.305877e-04 7.761193e-04 8.109793e-04 9.046644e-04
4.811168e+01 8.493917e-04 8.028405e-04 8.265045e-04 9.188300e-04
4.816368e+01 8.692478e-04 8.314703e-04 8.429781e-04 9.332949e-04
4.821568e+01 8.885709e-04 8.595837e-04 8.592087e-04 9.469202e-04
4.826768e+01 9.054645e-04 8.843611e-04 8.734101e-04 9.586222e-04
4.831968e+01 9.180439e-04 9.030341e-04 8.836058e-04 9.674917e-04
4.837168e+01 9.247773e-04 9.133711e-04 8.881092e-04 9.728518e-04
4.842368e+01 9.247646e-04 9.140675e-04 8.859397e-04 9.742864e-04
4.847568e+01 9.178825e-04 9.049299e-04 8.770514e-04 9.716661e-04
4.852768e+01 9.047596e-04 8.868087e-04 8.623081e-04 9.651621e-04
4.857968e+01 8.865891e-04 8.613226e-04 8.432219e-04 9.552228e-04
4.863168e+01 8.648379e-04 8.304785e-04 8.215496e-04 9.424854e-04
4.868368e+01 8.409423e-04 7.963122e-04 7.988780e-04 9.276367e-04
4.873568e+01 8.160731e-04 7.606347e-04 7.763207e-04 9.112638e-04
4.878768e+01 7.910198e-04 7.249098e-04 7.543954e-04 8.937542e-04
4.883968e+01 7.661963e-04 6.902298e-04 7.330816e-04 8.752775e-04
4.889168e+01 7.417300e-04 6.573395e-04 7.120085e-04 8.558420e-04
4.894368e+01 7.175855e-04 6.266718e-04 6.906967e-04 8.353881e-04
4.899568e+01 6.936800e-04 5.983873e-04 6.687782e-04 8.138744e-04
4.904768e+01 6.699712e-04 5.724316e-04 6.461445e-04 7.913376e-04
4.909968e+01 6.465163e-04 5.486165e-04 6.230000e-04 7.679324e-04
4.915168e+01 6.235041e-04 5.267183e-04 5.998257e-04 7.439683e-04
4.920368e+01 6.012639e-04 5.065697e-04 5.772777e-04 7.199444e-04
4.925568e+01 5.802439e-04 4.881168e-04 5.560531e-04 6.965619e-04
4.930768e+01 5.609545e-04 4.714283e-04 5.367545e-04 6.746808e-04
4.935968e+01 5.438805e-04 4.566575e-04 5.197821e-04 6.552018e-04
4.941168e+01 5.293780e-04 4.439730e-04 5.052702e-04 6.388908e-04
4.946368e+01 5.175842e-04 4.334794e-04 4.930770e-04 6.261964e-04
4.951568e+01 5.083691e-04 4.251522e-04 4.828250e-04 6.171302e-04
4.956768e+01 5.013487e-04 4.188059e-04 4.739779e-04 6.112621e-04
4.961968e+01 4.959600e-04 4.141036e-04 4.659373e-04 6.078393e-04
4.967168e+01 4.915791e-04 4.106051e-04 4.581387e-04 6.059935e-04
4.972368e+01 4.876460e-04 4.078378e-04 4.501345e-04 6.049655e-04
4.977568e+01 4.837627e-04 4.053649e-04 4.416535e-04 6.042695e-04
4.982768e+01 4.797363e-04 4.028317e-04 4.326298e-04 6.037475e-04
4.987968e+01 4.755601e-04 3.999824e-04 4.231960e-04 6.035020e-04
4.993168e+01 4.713429e-04 3.966478e-04 4.136370e-04 6.037439e-04
4.998368e+01 4.672143e-04 3.927198e-04 4.043070e-04 6.046160e-04
5.003568e+01 4.632378e-04 3.881238e-04 3.955290e-04 6.060607e-04
5.008768e+01 4.593612e-04 3.828032e-04 3.875032e-04 6.077773e-04
5.013968e+01 4.554207e-04 3.767231e-04 3.802600e-04 6.092789e-04
5.019168e+01 4.511969e-04 3.698946e-04 3.736754e-04 6.100207e-04
5.024368e+01 4.465011e-04 3.624140e-04 3.675432e-04 6.095462e-04
5.029568e+01 4.412572e-04 3.545042e-04 3.616716e-04 6.075958e-04
5.034768e+01 4.355481e-04 3.465369e-04 3.559612e-04 6.041463e-04
5.039968e+01 4.296107e-04 3.390168e-04 3.504335e-04 5.993818e-04
5.045168e+01 4.237854e-04 3.325201e-04 3.452086e-04 5.936275e-04
5.050368e+01 4.184459e-04 3.275985e-04 3.404535e-04 5.872858e-04
5.055568e+01 4.139369e-04 3.246755e-04 3.363355e-04 5.807997e-04
5.060768e+01 4.105372e-04 3.239708e-04 3.330004e-04 5.746402e-04
5.065968e+01 4.084494e-04 3.254748e-04 3.305785e-04 5.692950e-04
5.071168e+01 4.078034e-04 3.289751e-04 3.291977e-04 5.652373e-04
5.076368e+01 4.086576e-04 3.341182e-04 3.289851e-04 5.628695e-04
5.081568e+01 4.109952e-04 3.404805e-04 3.300436e-04 5.624617e-04
5.086768e+01 4.147172e-04 3.476304e-04 3.324108e-04 5.641105e-04
5.091968e+01 4.196433e-04 3.551752e-04 3.360194e-04 5.677353e-04
5.097168e+01 4.255273e-04 3.627923e-04 3.406828e-04 5.731069e-04
5.102368e+01 4.320842e-04 3.702442e-04 3.461170e-04 5.798913e-04
5.107568e+01 4.390192e-04 3.773742e-04 3.519964e-04 5.876871e-04
5.112768e+01 4.460510e-04 3.840817e-04 3.580202e-04 5.960511e-04
5.117968e+01 4.529246e-04 3.902855e-04 3.639686e-04 6.045196e-04
5.123168e+01 4.594185e-04 3.958925e-04 3.697294e-04 6.126335e-04
5.128368e+01 4.653518e-04 4.007899e-04 3.752939e-04 6.199717e-04
5.133568e+01 4.705934e-04 4.048698e-04 3.807298e-04 6.261806e-04
5.138768e+01 4.750693e-04 4.080761e-04 3.861442e-04 6.309875e-04
5.143968e+01 4.787632e-04 4.104526e-04 3.916456e-04 6.341913e-04
5.149168e+01 4.817041e-04 4.121628e-04 3.973131e-04 6.356363e-04
5.154368e+01 4.839434e-04 4.134636e-04 4.031761e-04 6.351903e-04
5.159568e+01 4.855292e-04 4.146321e-04 4.092087e-04 6.327467e-04
5.164768e+01 4.864888e-04 4.158685e-04 4.153402e-04 6.282575e-04
5.169968e+01 4.868257e-04 4.172112e-04 4.214777e-04 6.217882e-04
5.175168e+01 4.865315e-04 4.185009e-04 4.275294e-04 6.135642e-04
5.180368e+01 4.856034e-04 4.194145e-04 4.334188e-04 6.039767e-04
5.185568e+01 4.840558e-04 4.195584e-04 4.390844e-04 5.935247e-04
5.190768e+01 4.819176e-04 4.185870e-04 4.444656e-04 5.827003e-04
5.195968e+01 4.792149e-04 4.163013e-04 4.494882e-04 5.718551e-04
5.201168e+01 4.759521e-04 4.126934e-04 4.540581e-04 5.611048e-04
5.206368e+01 4.721077e-04 4.079273e-04 4.580730e-04 5.503230e-04
5.211568e+01 4.676549e-04 4.022748e-04 4.614514e-04 5.392383e-04
5.216768e+01 4.626048e-04 3.960423e-04 4.641695e-04 5.276027e-04
5.221968e+01 4.570566e-04 3.895175e-04 4.662911e-04 5.153612e-04
5.227168e+01 4.512254e-04 3.829525e-04 4.679717e-04 5.027520e-04
5.232368e+01 4.454302e-04 3.765748e-04 4.694226e-04 4.902930e-04
5.237568e+01 4.400366e-04 3.706093e-04 4.708379e-04 4.786625e-04
5.242768e+01 4.353716e-04 3.652930e-04 4.723018e-04 4.685199e-04
5.247968e+01 4.316419e-04 3.608731e-04 4.737190e-04 4.603334e-04
5.253168e+01 4.288882e-04 3.575890e-04 4.748083e-04 4.542674e-04
5.258368e+01 4.269966e-04 3.556438e-04 4.751873e-04 4.501587e-04
5.263568e+01 4.257634e-04 3.551762e-04 4.745331e-04 4.475809e-04
5.268768e+01 4.249911e-04 3.562372e-04 4.727657e-04 4.459705e-04
5.273968e+01 4.245750e-04 3.587772e-04 4.701714e-04 4.447764e-04
5.279168e+01 4.245445e-04 3.626425e-04 4.674017e-04 4.435894e-04
5.284368e+01 4.250374e-04 3.675782e-04 4.653250e-04 4.422090e-04
5.289568e+01 4.262172e-04 3.732406e-04 4.647789e-04 4.406322e-04
5.294768e+01 4.281689e-04 3.792218e-04 4.663130e-04 4.389718e-04
5.299968e+01 4.308226e-04 3.850974e-04 4.700234e-04 4.373470e-04
5.305168e+01 4.339432e-04 3.904946e-04 4.755377e-04 4.357974e-04
5.310368e+01 4.371897e-04 3.951667e-04 4.821408e-04 4.342616e-04
5.315568e+01 4.402143e-04 3.990439e-04 4.889768e-04 4.326221e-04
5.320768e+01 4.427525e-04 4.022330e-04 4.952393e-04 4.307854e-04
5.325968e+01 4.446644e-04 4.049580e-04 5.002892e-04 4.287459e-04
5.331168e+01 4.459160e-04 4.074616e-04 5.036890e-04 4.265974e-04
5.336368e+01 4.465257e-04 4.099089e-04 5.051850e-04 4.244834e-04
5.341568e+01 4.465089e-04 4.123315e-04 5.046851e-04 4.225099e-04
5.346768e+01 4.458500e-04 4.146299e-04 5.022570e-04 4.206632e-04
5.351968e+01 4.445097e-04 4.166206e-04 4.981436e-04 4.187649e-04
5.357168e+01 4.424523e-04 4.180976e-04 4.927690e-04 4.164903e-04
5.362368e+01 4.396782e-04 4.188805e-04 4.867058e-04 4.134483e-04
5.367568e+01 4.362449e-04 4.188379e-04 4.805904e-04 4.093064e-04
5.372768e+01 4.322711e-04 4.178955e-04 4.749947e-04 4.039231e-04
5.377968e+01 4.279224e-04 4.160420e-04 4.702862e-04 3.974389e-04
5.383168e+01 4.233811e-04 4.133399e-04 4.665183e-04 3.902850e-04
5.388368e+01 4.188084e-04 4.099313e-04 4.633999e-04 3.830941e-04
5.393568e+01 4.143120e-04 4.060276e-04 4.603679e-04 3.765406e-04
5.398768e+01 4.099338e-04 4.018769e-04 4.567561e-04 3.711686e-04
5.403968e+01 4.056676e-04 3.977209e-04 4.520116e-04 3.672704e-04
5.409168e+01 4.015007e-04 3.937591e-04 4.458871e-04 3.648560e-04
5.414368e+01 3.974613e-04 3.901318e-04 4.385434e-04 3.637085e-04
5.419568e+01 3.936467e-04 3.869204e-04 4.305300e-04 3.634897e-04
5.424768e+01 3.902188e-04 3.841506e-04 4.226560e-04 3.638499e-04
5.429968e+01 3.873666e-04 3.817884e-04 4.158001e-04 3.645114e-04
5.435168e+01 3.852566e-04 3.797321e-04 4.107190e-04 3.653188e-04
5.440368e+01 3.839942e-04 3.778174e-04 4.079009e-04 3.662641e-04
5.445568e+01 3.836126e-04 3.758525e-04 4.074909e-04 3.674946e-04
5.450768e+01 3.840894e-04 3.736812e-04 4.092884e-04 3.692985e-04
5.455968e+01 3.853716e-04 3.712541e-04 4.128064e-04 3.720545e-04
5.461168e+01 3.873941e-04 3.686717e-04 4.173719e-04 3.761388e-04
5.466368e+01 3.900755e-04 3.661753e-04 4.222487e-04 3.818025e-04
5.471568e+01 3.932978e-04 3.640814e-04 4.267565e-04 3.890555e-04
5.476768e+01 3.968843e-04 3.626843e-04 4.303670e-04 3.976017e-04
5.481968e+01 4.005922e-04 3.621629e-04 4.327548e-04 4.068590e-04
5.487168e+01 4.041320e-04 3.625289e-04 4.337999e-04 4.160672e-04
5.492368e+01 4.072117e-04 3.636345e-04 4.335483e-04 4.244522e-04
5.497568e+01 4.095944e-04 3.652335e-04 4.321525e-04 4.313971e-04
5.502768e+01 4.111503e-04 3.670684e-04 4.298175e-04 4.365651e-04
5.507968e+01 4.118844e-04 3.689460e-04 4.267674e-04 4.399396e-04
5.513168e+01 4.119273e-04 3.707717e-04 4.232348e-04 4.417755e-04
5.518368e+01 4.114918e-04 3.725320e-04 4.194574e-04 4.424859e-04
5.523568e+01 4.108063e-04 3.742431e-04 4.156672e-04 4.425085e-04
5.528768e+01 4.100514e-04 3.758965e-04 4.120643e-04 4.421935e-04
5.533968e+01 4.093183e-04 3.774329e-04 4.087846e-04 4.417372e-04
5.539168e+01 4.085997e-04 3.787553e-04 4.058803e-04 4.411634e-04
5.544368e+01 4.078104e-04 3.797698e-04 4.033256e-04 4.403356e-04
5.549568e+01 4.068203e-04 3.804272e-04 4.010444e-04 4.389892e-04
5.554768e+01 4.054835e-04 3.807369e-04 3.989363e-04 4.367774e-04
5.559968e+01 4.036519e-04 3.807412e-04 3.968783e-04 4.333363e-04
5.565168e+01 4.011715e-04 3.804543e-04 3.946930e-04 4.283672e-04
5.570368e+01 3.978707e-04 3.797904e-04 3.921000e-04 4.217219e-04
5.575568e+01 3.935534e-04 3.785090e-04 3.886872e-04 4.134640e-04
