4.667721e+00 0.000000e+00 0.000000e+00 0.000000e+00 0.000000e+00
4.719721e+00 0.000000e+00 0.000000e+00 0.000000e+00 0.000000e+00
4.771721e+00 0.000000e+00 0.000000e+00 0.000000e+00 0.000000e+00
4.823721e+00 0.000000e+00 0.000000e+00 0.000000e+00 0.000000e+00
4.875721e+00 0.000000e+00 0.000000e+00 0.000000e+00 0.000000e+00
4.927721e+00 0.000000e+00 0.000000e+00 0.000000e+00 0.000000e+00
4.979721e+00 0.000000e+00 0.000000e+00 0.000000e+00 0.000000e+00
5.031721e+00 0.000000e+00 0.000000e+00 0.000000e+00 0.000000e+00
5.083721e+00 0.000000e+00 0.000000e+00 0.000000e+00 0.000000e+00
5.135721e+00 0.000000e+00 0.000000e+00 0.000000e+00 0.000000e+00
5.187721e+00 0.000000e+00 0.000000e+00 0.000000e+00 0.000000e+00
5.239721e+00 0.000000e+00 0.000000e+00 0.000000e+00 0.000000e+00
5.291721e+00 0.000000e+00 0.000000e+00 0.000000e+00 0.000000e+00
5.343721e+00 0.000000e+00 0.000000e+00 0.000000e+00 0.000000e+00
5.395721e+00 0.000000e+00 0.000000e+00 0.000000e+00 0.000000e+00
5.447721e+00 0.000000e+00 0.000000e+00 0.000000e+00 0.000000e+00
5.499721e+00 0.000000e+00 0.000000e+00 0.000000e+00 0.000000e+00
5.551721e+00 0.000000e+00 0.000000e+00 0.000000e+00 0.000000e+00
5.603721e+00 0.000000e+00 0.000000e+00 0.000000e+00 0.000000e+00
5.655721e+00 0.000000e+00 0.000000e+00 0.000000e+00 0.000000e+00
5.707721e+00 0.000000e+00 0.000000e+00 0.000000e+00 0.000000e+00
5.759721e+00 0.000000e+00 0.000000e+00 0.000000e+00 0.000000e+00
5.811721e+00 0.000000e+00 0.000000e+00 0.000000e+00 0.000000e+00
5.863721e+00 0.000000e+00 0.000000e+00 0.000000e+00 0.000000e+00
5.915721e+00 0.000000e+00 0.000000e+00 0.000000e+00 0.000000e+00
5.967721e+00 0.000000e+00 0.000000e+00 0.000000e+00 0.000000e+00
6.019721e+00 0.000000e+00 0.000000e+00 0.000000e+00 0.000000e+00
6.071721e+00 0.000000e+00 0.000000e+00 0.000000e+00 0.000000e+00
6.123721e+00 0.000000e+00 0.000000e+00 0.000000e+00 0.000000e+00
6.175721e+00 0.000000e+00 0.000000e+00 0.000000e+00 0.000000e+00
6.227721e+00 0.000000e+00 0.000000e+00 0.000000e+00 0.000000e+00
6.279721e+00 0.000000e+00 0.000000e+00 0.000000e+00 0.000000e+00
6.331721e+00 0.000000e+00 0.000000e+00 0.000000e+00 0.000000e+00
6.383721e+00 0.000000e+00 0.000000e+00 0.000000e+00 0.000000e+00
6.435721e+00 0.000000e+00 0.000000e+00 0.000000e+00 0.000000e+00
6.487721e+00 0.000000e+00 0.000000e+00 0.000000e+00 0.000000e+00
6.539721e+00 0.000000e+00 0.000000e+00 0.000000e+00 0.000000e+00
6.591721e+00 0.000000e+00 0.000000e+00 0.000000e+00 0.000000e+00
6.643721e+00 0.000000e+00 0.000000e+00 0.000000e+00 0.000000e+00
6.695721e+00 0.000000e+00 0.000000e+00 0.000000e+00 0.000000e+00
6.747721e+00 0.000000e+00 0.000000e+00 0.000000e+00 0.000000e+00
6.799721e+00 0.000000e+00 0.000000e+00 0.000000e+00 0.000000e+00
6.851721e+00 0.000000e+00 0.000000e+00 0.000000e+00 0.000000e+00
6.903721e+00 0.000000e+00 0.000000e+00 0.000000e+00 0.000000e+00
6.955721e+00 0.000000e+00 0.000000e+00 0.000000e+00 0.000000e+00
7.007721e+00 0.000000e+00 0.000000e+00 0.000000e+00 0.000000e+00
7.059721e+00 0.000000e+00 0.000000e+00 0.000000e+00 0.000000e+00
7.111721e+00 0.000000e+00 0.000000e+00 0.000000e+00 0.000000e+00
7.163721e+00 0.000000e+00 0.000000e+00 0.000000e+00 0.000000e+00
7.215721e+00 0.000000e+00 0.000000e+00 0.000000e+00 0.000000e+00
7.267721e+00 0.000000e+00 0.000000e+00 0.000000e+00 0.000000e+00
7.319721e+00 0.000000e+00 0.000000e+00 0.000000e+00 0.000000e+00
7.371721e+00 0.000000e+00 0.000000e+00 0.000000e+00 0.000000e+00
7.423721e+00 0.000000e+00 0.000000e+00 0.000000e+00 0.000000e+00
7.475721e+00 0.000000e+00 0.000000e+00 0.000000e+00 0.000000e+00
7.527721e+00 0.000000e+00 0.000000e+00 0.000000e+00 0.000000e+00
7.579721e+00 0.000000e+00 0.000000e+00 0.000000e+00 0.000000e+00
7.631721e+00 0.000000e+00 0.000000e+00 0.000000e+00 0.000000e+00
7.683721e+00 0.000000e+00 0.000000e+00 0.000000e+00 0.000000e+00
7.735721e+00 0.000000e+00 0.000000e+00 0.000000e+00 0.000000e+00
7.787721e+00 0.000000e+00 0.000000e+00 0.000000e+00 0.000000e+00
7.839721e+00 0.000000e+00 0.000000e+00 0.000000e+00 0.000000e+00
7.891721e+00 0.000000e+00 0.000000e+00 0.000000e+00 0.000000e+00
7.943721e+00 0.000000e+00 0.000000e+00 0.000000e+00 0.000000e+00
7.995721e+00 0.000000e+00 0.000000e+00 0.000000e+00 0.000000e+00
8.047721e+00 0.000000e+00 0.000000e+00 0.000000e+00 0.000000e+00
8.099721e+00 0.000000e+00 0.000000e+00 0.000000e+00 0.000000e+00
8.151721e+00 0.000000e+00 0.000000e+00 0.000000e+00 0.000000e+00
8.203721e+00 0.000000e+00 0.000000e+00 0.000000e+00 0.000000e+00
8.255721e+00 0.000000e+00 0.000000e+00 0.000000e+00 0.000000e+00
8.307721e+00 0.000000e+00 0.000000e+00 0.000000e+00 0.000000e+00
8.359721e+00 0.000000e+00 0.000000e+00 0.000000e+00 0.000000e+00
8.411721e+00 0.000000e+00 0.000000e+00 0.000000e+00 0.000000e+00
8.463721e+00 0.000000e+00 0.000000e+00 0.000000e+00 0.000000e+00
8.515721e+00 2.428796e-15 6.665882e-15 4.961508e-16 1.243541e-16
8.567721e+00 1.111611e-14 3.050841e-14 2.270783e-15 5.691437e-16
8.619721e+00 1.002481e-13 2.192752e-13 4.880579e-14 3.266346e-14
8.671721e+00 4.290778e-13 9.240305e-13 2.163950e-13 1.468080e-13
8.723721e+00 1.965380e-12 4.011933e-12 1.106147e-12 7.780585e-13
8.775721e+00 7.651019e-12 1.526022e-11 4.493750e-12 3.199088e-12
8.827721e+00 2.784555e-11 5.440252e-11 1.694104e-11 1.219307e-11
8.879721e+00 9.540693e-11 1.825552e-10 6.009139e-11 4.357416e-11
8.931721e+00 3.082585e-10 5.777947e-10 2.004996e-10 1.464810e-10
8.983721e+00 9.378289e-10 1.722785e-09 6.285484e-10 4.621538e-10
9.035721e+00 2.688728e-09 4.843420e-09 1.852887e-09 1.369876e-09
9.087721e+00 7.268446e-09 1.284807e-08 5.139678e-09 3.817595e-09
9.139721e+00 1.853414e-08 3.217414e-08 1.342084e-08 1.000743e-08
9.191721e+00 4.460044e-08 7.610466e-08 3.300640e-08 2.469024e-08
9.243721e+00 1.013447e-07 1.701606e-07 7.650185e-08 5.737154e-08
9.295721e+00 2.176063e-07 3.599245e-07 1.672385e-07 1.256558e-07
9.347721e+00 4.419183e-07 7.209564e-07 3.451447e-07 2.596538e-07
9.399721e+00 8.497624e-07 1.369268e-06 6.732345e-07 5.067850e-07
9.451721e+00 1.549292e-06 2.469457e-06 1.242899e-06 9.355186e-07
9.503721e+00 2.682671e-06 4.236707e-06 2.175359e-06 1.635946e-06
9.555721e+00 4.420246e-06 6.929162e-06 3.616559e-06 2.715018e-06
9.607721e+00 6.946022e-06 1.082899e-05 5.723867e-06 4.285212e-06
9.659721e+00 1.043500e-05 1.621290e-05 8.644974e-06 6.447112e-06
9.711721e+00 1.502476e-05 2.331459e-05 1.249141e-05 9.268270e-06
9.763721e+00 2.078431e-05 3.228118e-05 1.731005e-05 1.276170e-05
9.815721e+00 2.768228e-05 4.312409e-05 2.305557e-05 1.686718e-05
9.867721e+00 3.555642e-05 5.566507e-05 2.956648e-05 2.143772e-05
9.919721e+00 4.408840e-05 6.948258e-05 3.654870e-05 2.623393e-05
9.971721e+00 5.279315e-05 8.387414e-05 4.357485e-05 3.093047e-05
1.002372e+01 6.103755e-05 9.785953e-05 5.011196e-05 3.514115e-05
1.007572e+01 6.810426e-05 1.102518e-04 5.559167e-05 3.846934e-05
1.012772e+01 7.331004e-05 1.198120e-04 5.953146e-05 4.058666e-05
1.017972e+01 7.617495e-05 1.254827e-04 6.170512e-05 4.133699e-05
1.023172e+01 7.662505e-05 1.266699e-04 6.234781e-05 4.085746e-05
1.028372e+01 7.520175e-05 1.235301e-04 6.236931e-05 3.970581e-05
1.033572e+01 7.324493e-05 1.172154e-04 6.353702e-05 3.898236e-05
1.038772e+01 7.301189e-05 1.100332e-04 6.857457e-05 4.042788e-05
1.043972e+01 7.768342e-05 1.054823e-04 8.110574e-05 4.646225e-05
1.049172e+01 9.119931e-05 1.081196e-04 1.053715e-04 6.010690e-05
1.054372e+01 1.178715e-04 1.232068e-04 1.456823e-04 8.472537e-05
1.059572e+01 1.617656e-04 1.560982e-04 2.056531e-04 1.235456e-04
1.064772e+01 2.259255e-04 2.113912e-04 2.873798e-04 1.790055e-04
1.069972e+01 3.116163e-04 2.919755e-04 3.908035e-04 2.520698e-04
1.075172e+01 4.178254e-04 3.982409e-04 5.134912e-04 3.417441e-04
1.080372e+01 5.412241e-04 5.277513e-04 6.509270e-04 4.449941e-04
1.085572e+01 6.766484e-04 6.755932e-04 7.972053e-04 5.571466e-04
1.090772e+01 8.179608e-04 8.353508e-04 9.458746e-04 6.726571e-04
1.095972e+01 9.590227e-04 1.000378e-03 1.090700e-03 7.859901e-04
1.101172e+01 1.094520e-03 1.164915e-03 1.226275e-03 8.923696e-04
1.106372e+01 1.220534e-03 1.324738e-03 1.348566e-03 9.882973e-04
1.111572e+01 1.334905e-03 1.477340e-03 1.455487e-03 1.071890e-03
1.116772e+01 1.437453e-03 1.621885e-03 1.547366e-03 1.143107e-03
1.121972e+01 1.529994e-03 1.759164e-03 1.626992e-03 1.203825e-03
1.127172e+01 1.615969e-03 1.891481e-03 1.698883e-03 1.257542e-03
1.132372e+01 1.699522e-03 2.022175e-03 1.767812e-03 1.308579e-03
1.137572e+01 1.784182e-03 2.154595e-03 1.837096e-03 1.360854e-03
1.142772e+01 1.871635e-03 2.290751e-03 1.907478e-03 1.416675e-03
1.147972e+01 1.961219e-03 2.430320e-03 1.977226e-03 1.476111e-03
1.153172e+01 2.050477e-03 2.570687e-03 2.043471e-03 1.537274e-03
1.158372e+01 2.136577e-03 2.708188e-03 2.104145e-03 1.597397e-03
1.163572e+01 2.217943e-03 2.839998e-03 2.159627e-03 1.654204e-03
1.168772e+01 2.295380e-03 2.965729e-03 2.213388e-03 1.707024e-03
1.173972e+01 2.372234e-03 3.087951e-03 2.271423e-03 1.757327e-03
1.179172e+01 2.453585e-03 3.211433e-03 2.340636e-03 1.808686e-03
1.184372e+01 2.544754e-03 3.341414e-03 2.426576e-03 1.866271e-03
1.189572e+01 2.649474e-03 3.481416e-03 2.531069e-03 1.935938e-03
1.194772e+01 2.768146e-03 3.631098e-03 2.650452e-03 2.022887e-03
1.199972e+01 2.896601e-03 3.784618e-03 2.775216e-03 2.129969e-03
1.205172e+01 3.025864e-03 3.930058e-03 2.891562e-03 2.255973e-03
1.210372e+01 3.143235e-03 4.050569e-03 2.984650e-03 2.394487e-03
1.215572e+01 3.234625e-03 4.127495e-03 3.042454e-03 2.533925e-03
1.220772e+01 3.287618e-03 4.145037e-03 3.058748e-03 2.659069e-03
1.225972e+01 3.294417e-03 4.095082e-03 3.034136e-03 2.754033e-03
1.231172e+01 3.253895e-03 3.980486e-03 2.975109e-03 2.806089e-03
1.236372e+01 3.172347e-03 3.815509e-03 2.892072e-03 2.809460e-03
1.241572e+01 3.062955e-03 3.623230e-03 2.797621e-03 2.768014e-03
1.246772e+01 2.944194e-03 3.430960e-03 2.705720e-03 2.695903e-03
1.251972e+01 2.837432e-03 3.265250e-03 2.631441e-03 2.615606e-03
1.257172e+01 2.763848e-03 3.147851e-03 2.590171e-03 2.553521e-03
1.262372e+01 2.740874e-03 3.093158e-03 2.595379e-03 2.534085e-03
1.267572e+01 2.778619e-03 3.106973e-03 2.654952e-03 2.573931e-03
1.272772e+01 2.877053e-03 3.186153e-03 2.767308e-03 2.677698e-03
1.277972e+01 3.024923e-03 3.318931e-03 2.919220e-03 2.836619e-03
1.283172e+01 3.201092e-03 3.486073e-03 3.086979e-03 3.030225e-03
1.288372e+01 3.378395e-03 3.663211e-03 3.241338e-03 3.230634e-03
1.293572e+01 3.529319e-03 3.824471e-03 3.355103e-03 3.408382e-03
1.298772e+01 3.632194e-03 3.947075e-03 3.411007e-03 3.538499e-03
1.303972e+01 3.676316e-03 4.016082e-03 3.407235e-03 3.605631e-03
1.309172e+01 3.664640e-03 4.028044e-03 3.358630e-03 3.607247e-03
1.314372e+01 3.613260e-03 3.992321e-03 3.293088e-03 3.554370e-03
1.319572e+01 3.547675e-03 3.929201e-03 3.244151e-03 3.469672e-03
1.324772e+01 3.496753e-03 3.864934e-03 3.242046e-03 3.383279e-03
1.329972e+01 3.485920e-03 3.824905e-03 3.305830e-03 3.327026e-03
1.335172e+01 3.531392e-03 3.827048e-03 3.438915e-03 3.328214e-03
1.340372e+01 3.636890e-03 3.877632e-03 3.629049e-03 3.403988e-03
1.345572e+01 3.793451e-03 3.970647e-03 3.852342e-03 3.557364e-03
1.350772e+01 3.981899e-03 4.090516e-03 4.079545e-03 3.775637e-03
1.355972e+01 4.176818e-03 4.216643e-03 4.282253e-03 4.031558e-03
1.361172e+01 4.350724e-03 4.327830e-03 4.437134e-03 4.287207e-03
1.366372e+01 4.477593e-03 4.405211e-03 4.527516e-03 4.500052e-03
1.371572e+01 4.535581e-03 4.433472e-03 4.543016e-03 4.630254e-03
1.376772e+01 4.509226e-03 4.401138e-03 4.478602e-03 4.647939e-03
1.381972e+01 4.391475e-03 4.300995e-03 4.334383e-03 4.539047e-03
1.387172e+01 4.185442e-03 4.131332e-03 4.116499e-03 4.308494e-03
1.392372e+01 3.905377e-03 3.897723e-03 3.838515e-03 3.979892e-03
1.397572e+01 3.576080e-03 3.614382e-03 3.522112e-03 3.591744e-03
1.402772e+01 3.230231e-03 3.303895e-03 3.196002e-03 3.190796e-03
1.407972e+01 2.903717e-03 2.994613e-03 2.892655e-03 2.823882e-03
1.413172e+01 2.629745e-03 2.715982e-03 2.643344e-03 2.529909e-03
1.418372e+01 2.433100e-03 2.492956e-03 2.472713e-03 2.333631e-03
1.423572e+01 2.325982e-03 2.341182e-03 2.394300e-03 2.242466e-03
1.428772e+01 2.306489e-03 2.264412e-03 2.408145e-03 2.246909e-03
1.433972e+01 2.360030e-03 2.254863e-03 2.500976e-03 2.324251e-03
1.439172e+01 2.463152e-03 2.296202e-03 2.648784e-03 2.444469e-03
1.444372e+01 2.588622e-03 2.368015e-03 2.821156e-03 2.576694e-03
1.449572e+01 2.710464e-03 2.450282e-03 2.986477e-03 2.694632e-03
1.454772e+01 2.807866e-03 2.526609e-03 3.117146e-03 2.779844e-03
1.459972e+01 2.867388e-03 2.585627e-03 3.193908e-03 2.822629e-03
1.465172e+01 2.883478e-03 2.620773e-03 3.208581e-03 2.821079e-03
1.470372e+01 2.857727e-03 2.629214e-03 3.164663e-03 2.779305e-03
1.475572e+01 2.797453e-03 2.610841e-03 3.075741e-03 2.705776e-03
1.480772e+01 2.714120e-03 2.567942e-03 2.962172e-03 2.612247e-03
1.485972e+01 2.621903e-03 2.505629e-03 2.846904e-03 2.513176e-03
1.491172e+01 2.536423e-03 2.432606e-03 2.751471e-03 2.425193e-03
1.496372e+01 2.473556e-03 2.361555e-03 2.692986e-03 2.366127e-03
1.501572e+01 2.448125e-03 2.308530e-03 2.682514e-03 2.353332e-03
1.506772e+01 2.472371e-03 2.291013e-03 2.724736e-03 2.401363e-03
1.511972e+01 2.554203e-03 2.324765e-03 2.818489e-03 2.519354e-03
1.517172e+01 2.695432e-03 2.420049e-03 2.957649e-03 2.708599e-03
1.522372e+01 2.890389e-03 2.578168e-03 3.132023e-03 2.960975e-03
1.527572e+01 3.125399e-03 2.789352e-03 3.328117e-03 3.258729e-03
1.532772e+01 3.379549e-03 3.032818e-03 3.529894e-03 3.575934e-03
1.537972e+01 3.626807e-03 3.279292e-03 3.719652e-03 3.881476e-03
1.543172e+01 3.839253e-03 3.495619e-03 3.879124e-03 4.143017e-03
1.548372e+01 3.990848e-03 3.650520e-03 3.990794e-03 4.331230e-03
1.553572e+01 4.061143e-03 3.720254e-03 4.039516e-03 4.423658e-03
1.558772e+01 4.038429e-03 3.692958e-03 4.014491e-03 4.407838e-03
1.563972e+01 3.921894e-03 3.570700e-03 3.911529e-03 4.283453e-03
1.569172e+01 3.722315e-03 3.368737e-03 3.735084e-03 4.063125e-03
1.574372e+01 3.460812e-03 3.112049e-03 3.499095e-03 3.771293e-03
1.579572e+01 3.165456e-03 2.829955e-03 3.225663e-03 3.440749e-03
1.584772e+01 2.866146e-03 2.550154e-03 2.941252e-03 3.107033e-03
1.589972e+01 2.588974e-03 2.293793e-03 2.671260e-03 2.801870e-03
1.595172e+01 2.351684e-03 2.072813e-03 2.434761e-03 2.547477e-03
1.600372e+01 2.161608e-03 1.890020e-03 2.241315e-03 2.353489e-03
1.605572e+01 2.016519e-03 1.741371e-03 2.090865e-03 2.217322e-03
1.610772e+01 1.907703e-03 1.619310e-03 1.976343e-03 2.127456e-03
1.615972e+01 1.823868e-03 1.515870e-03 1.887557e-03 2.068178e-03
1.621172e+01 1.754456e-03 1.424650e-03 1.814642e-03 2.024076e-03
1.626372e+01 1.691516e-03 1.341457e-03 1.750030e-03 1.983062e-03
1.631572e+01 1.630082e-03 1.263938e-03 1.688773e-03 1.937536e-03
1.636772e+01 1.567554e-03 1.190803e-03 1.627853e-03 1.884008e-03
1.641972e+01 1.502767e-03 1.121165e-03 1.565275e-03 1.821862e-03
1.647172e+01 1.435245e-03 1.054245e-03 1.499529e-03 1.751961e-03
1.652372e+01 1.364840e-03 9.894091e-04 1.429520e-03 1.675591e-03
1.657572e+01 1.291699e-03 9.263501e-04 1.354792e-03 1.593955e-03
1.662772e+01 1.216374e-03 8.652099e-04 1.275741e-03 1.508170e-03
1.667972e+01 1.139902e-03 8.065437e-04 1.193625e-03 1.419538e-03
1.673172e+01 1.063772e-03 7.511439e-04 1.110364e-03 1.329807e-03
1.678372e+01 9.897469e-04 6.998206e-04 1.028223e-03 1.241197e-03
1.683572e+01 9.196249e-04 6.532342e-04 9.494994e-04 1.156141e-03
1.688772e+01 8.549848e-04 6.118304e-04 8.762779e-04 1.076846e-03
1.693972e+01 7.969993e-04 5.758598e-04 8.102768e-04 1.004861e-03
1.699172e+01 7.463321e-04 5.454188e-04 7.527390e-04 9.408385e-04
1.704372e+01 7.031160e-04 5.204519e-04 7.043522e-04 8.845439e-04
1.709572e+01 6.669886e-04 5.006941e-04 6.651963e-04 8.350755e-04
1.714772e+01 6.371702e-04 4.855885e-04 6.347484e-04 7.911736e-04
1.719972e+01 6.125835e-04 4.742544e-04 6.119734e-04 7.515226e-04
1.725172e+01 5.920211e-04 4.655699e-04 5.955058e-04 7.149877e-04
1.730372e+01 5.743508e-04 4.583815e-04 5.838848e-04 6.807862e-04
1.735572e+01 5.587238e-04 4.517847e-04 5.757859e-04 6.486007e-04
1.740772e+01 5.447336e-04 4.453740e-04 5.701889e-04 6.186380e-04
1.745972e+01 5.324787e-04 4.393657e-04 5.664582e-04 5.916122e-04
1.751172e+01 5.225060e-04 4.345449e-04 5.643400e-04 5.686331e-04
1.756372e+01 5.156468e-04 4.320522e-04 5.639007e-04 5.509876e-04
1.761572e+01 5.127737e-04 4.330714e-04 5.654176e-04 5.398321e-04
1.766772e+01 5.145177e-04 4.385012e-04 5.692138e-04 5.358383e-04
1.771972e+01 5.209893e-04 4.486791e-04 5.754297e-04 5.388590e-04
1.777172e+01 5.315607e-04 4.632138e-04 5.837612e-04 5.477070e-04
1.782372e+01 5.447842e-04 4.809593e-04 5.932519e-04 5.601413e-04
1.787572e+01 5.585149e-04 5.001494e-04 6.022671e-04 5.731282e-04
1.792772e+01 5.702683e-04 5.186810e-04 6.087476e-04 5.833762e-04
1.797972e+01 5.777634e-04 5.345037e-04 6.107397e-04 5.880470e-04
1.803172e+01 5.795203e-04 5.460397e-04 6.070635e-04 5.854576e-04
1.808372e+01 5.753283e-04 5.525413e-04 5.978851e-04 5.755586e-04
1.813572e+01 5.664214e-04 5.542958e-04 5.849503e-04 5.600181e-04
1.818772e+01 5.552721e-04 5.526142e-04 5.713434e-04 5.418585e-04
1.823972e+01 5.450402e-04 5.495845e-04 5.607978e-04 5.247384e-04
1.829172e+01 5.388255e-04 5.476262e-04 5.567586e-04 5.120919e-04
1.834372e+01 5.389445e-04 5.489473e-04 5.614973e-04 5.063889e-04
1.839572e+01 5.464510e-04 5.550478e-04 5.755734e-04 5.087319e-04
1.844772e+01 5.610360e-04 5.664188e-04 5.978115e-04 5.188778e-04
1.849972e+01 5.813016e-04 5.825234e-04 6.257681e-04 5.356132e-04
1.855172e+01 6.052655e-04 6.020430e-04 6.564723e-04 5.572810e-04
1.860372e+01 6.308777e-04 6.232744e-04 6.871356e-04 5.822231e-04
1.865572e+01 6.563592e-04 6.445196e-04 7.155828e-04 6.089753e-04
1.870772e+01 6.802902e-04 6.643461e-04 7.403256e-04 6.361988e-04
1.875972e+01 7.015074e-04 6.816701e-04 7.603828e-04 6.624691e-04
1.881172e+01 7.189559e-04 6.956945e-04 7.750561e-04 6.861170e-04
1.886372e+01 7.316304e-04 7.057810e-04 7.838337e-04 7.052766e-04
1.891572e+01 7.386725e-04 7.113464e-04 7.864815e-04 7.181896e-04
1.896772e+01 7.395985e-04 7.118662e-04 7.832508e-04 7.236784e-04
1.901972e+01 7.345707e-04 7.070280e-04 7.750783e-04 7.216058e-04
1.907172e+01 7.245900e-04 6.970036e-04 7.636494e-04 7.131172e-04
1.912372e+01 7.114953e-04 6.827164e-04 7.512486e-04 7.005209e-04
1.917572e+01 6.976950e-04 6.659212e-04 7.403739e-04 6.867898e-04
1.922772e+01 6.856436e-04 6.489506e-04 7.331649e-04 6.748154e-04
1.927972e+01 6.771946e-04 6.341378e-04 7.307895e-04 6.666564e-04
1.933172e+01 6.730588e-04 6.231136e-04 7.330145e-04 6.630483e-04
1.938372e+01 6.726161e-04 6.162976e-04 7.381963e-04 6.633544e-04
1.943572e+01 6.742143e-04 6.128546e-04 7.438116e-04 6.659768e-04
1.948772e+01 6.758972e-04 6.111906e-04 7.474277e-04 6.690731e-04
1.953972e+01 6.763071e-04 6.098108e-04 7.477870e-04 6.713236e-04
1.959172e+01 6.754200e-04 6.081973e-04 7.455705e-04 6.724922e-04
1.964372e+01 6.748234e-04 6.073529e-04 7.434960e-04 6.736213e-04
1.969572e+01 6.774243e-04 6.097905e-04 7.456504e-04 6.768320e-04
1.974772e+01 6.866757e-04 6.189546e-04 7.562555e-04 6.848169e-04
1.979972e+01 7.055669e-04 6.382440e-04 7.782826e-04 7.001742e-04
1.985172e+01 7.356862e-04 6.699310e-04 8.123875e-04 7.247401e-04
1.990372e+01 7.766272e-04 7.143000e-04 8.565234e-04 7.590581e-04
1.995572e+01 8.259109e-04 7.692735e-04 9.063579e-04 8.021013e-04
2.000772e+01 8.794525e-04 8.306615e-04 9.563589e-04 8.513371e-04
2.005972e+01 9.324624e-04 8.929897e-04 1.001218e-03 9.031800e-04
2.011172e+01 9.805582e-04 9.506903e-04 1.037199e-03 9.537852e-04
2.016372e+01 1.020798e-03 9.993247e-04 1.063062e-03 1.000006e-03
2.021572e+01 1.052347e-03 1.036494e-03 1.080328e-03 1.040220e-03
2.026772e+01 1.076570e-03 1.062188e-03 1.092830e-03 1.074691e-03
2.031972e+01 1.096469e-03 1.078485e-03 1.105642e-03 1.105278e-03
2.037172e+01 1.115623e-03 1.088734e-03 1.123617e-03 1.134519e-03
2.042372e+01 1.136963e-03 1.096497e-03 1.149930e-03 1.164461e-03
2.047572e+01 1.161813e-03 1.104635e-03 1.185070e-03 1.195732e-03
2.052772e+01 1.189588e-03 1.114827e-03 1.226662e-03 1.227276e-03
2.057972e+01 1.218248e-03 1.127632e-03 1.270237e-03 1.256874e-03
2.063172e+01 1.245285e-03 1.142965e-03 1.310717e-03 1.282174e-03
2.068372e+01 1.268833e-03 1.160682e-03 1.344059e-03 1.301757e-03
2.073572e+01 1.288411e-03 1.180957e-03 1.368462e-03 1.315814e-03
2.078772e+01 1.305087e-03 1.204299e-03 1.384732e-03 1.326229e-03
2.083972e+01 1.321030e-03 1.231212e-03 1.395730e-03 1.336149e-03
2.089172e+01 1.338707e-03 1.261706e-03 1.405188e-03 1.349228e-03
2.094372e+01 1.359999e-03 1.294905e-03 1.416368e-03 1.368724e-03
2.099572e+01 1.385528e-03 1.328954e-03 1.431043e-03 1.396588e-03
2.104772e+01 1.414383e-03 1.361288e-03 1.449147e-03 1.432713e-03
2.109972e+01 1.444300e-03 1.389198e-03 1.469116e-03 1.474586e-03
2.115172e+01 1.472266e-03 1.410472e-03 1.488753e-03 1.517573e-03
2.120372e+01 1.495331e-03 1.423901e-03 1.506204e-03 1.555888e-03
2.125572e+01 1.511419e-03 1.429498e-03 1.520703e-03 1.584054e-03
2.130772e+01 1.519894e-03 1.428435e-03 1.532847e-03 1.598401e-03
2.135972e+01 1.521758e-03 1.422776e-03 1.544387e-03 1.598110e-03
2.141172e+01 1.519446e-03 1.415165e-03 1.557668e-03 1.585504e-03
2.146372e+01 1.516308e-03 1.408494e-03 1.574916e-03 1.565514e-03
2.151572e+01 1.515917e-03 1.405570e-03 1.597598e-03 1.544582e-03
2.156772e+01 1.521403e-03 1.408777e-03 1.626052e-03 1.529381e-03
2.161972e+01 1.535038e-03 1.419803e-03 1.659558e-03 1.525752e-03
2.167172e+01 1.558178e-03 1.439523e-03 1.696876e-03 1.538134e-03
2.172372e+01 1.591565e-03 1.468129e-03 1.737061e-03 1.569504e-03
2.177572e+01 1.635731e-03 1.505396e-03 1.780188e-03 1.621609e-03
2.182772e+01 1.691205e-03 1.550920e-03 1.827561e-03 1.695135e-03
2.187972e+01 1.758275e-03 1.604092e-03 1.881190e-03 1.789541e-03
2.193172e+01 1.836332e-03 1.663780e-03 1.942674e-03 1.902541e-03
2.198372e+01 1.923129e-03 1.727899e-03 2.011970e-03 2.029518e-03
2.203572e+01 2.014382e-03 1.793228e-03 2.086600e-03 2.163319e-03
2.208772e+01 2.104053e-03 1.855737e-03 2.161695e-03 2.294726e-03
2.213972e+01 2.185308e-03 1.911437e-03 2.230848e-03 2.413639e-03
2.219172e+01 2.251844e-03 1.957433e-03 2.287460e-03 2.510641e-03
2.224372e+01 2.299067e-03 1.992666e-03 2.326027e-03 2.578507e-03
2.229572e+01 2.324715e-03 2.017970e-03 2.342961e-03 2.613213e-03
2.234772e+01 2.328780e-03 2.035384e-03 2.336735e-03 2.614221e-03
2.239972e+01 2.312844e-03 2.047014e-03 2.307474e-03 2.584044e-03
2.245172e+01 2.279190e-03 2.053966e-03 2.256304e-03 2.527299e-03
2.250372e+01 2.230051e-03 2.055765e-03 2.184839e-03 2.449550e-03
2.255572e+01 2.167277e-03 2.050468e-03 2.095051e-03 2.356312e-03
2.260772e+01 2.092451e-03 2.035358e-03 1.989533e-03 2.252463e-03
2.265972e+01 2.007342e-03 2.007941e-03 1.871933e-03 2.142154e-03
2.271172e+01 1.914383e-03 1.966883e-03 1.747198e-03 2.029068e-03
2.276372e+01 1.816897e-03 1.912609e-03 1.621356e-03 1.916728e-03
2.281572e+01 1.718894e-03 1.847410e-03 1.500748e-03 1.808524e-03
2.286772e+01 1.624454e-03 1.775058e-03 1.390941e-03 1.707362e-03
2.291972e+01 1.536926e-03 1.700063e-03 1.295691e-03 1.615024e-03
2.297172e+01 1.458254e-03 1.626790e-03 1.216351e-03 1.531621e-03
2.302372e+01 1.388679e-03 1.558678e-03 1.151895e-03 1.455465e-03
2.307572e+01 1.326929e-03 1.497707e-03 1.099538e-03 1.383541e-03
2.312772e+01 1.270775e-03 1.444204e-03 1.055665e-03 1.312456e-03
2.317972e+01 1.217748e-03 1.396968e-03 1.016780e-03 1.239496e-03
2.323172e+01 1.165748e-03 1.353674e-03 9.801855e-04 1.163386e-03
2.328372e+01 1.113413e-03 1.311459e-03 9.442753e-04 1.084505e-03
2.333572e+01 1.060211e-03 1.267616e-03 9.084523e-04 1.004564e-03
2.338772e+01 1.006331e-03 1.220238e-03 8.727860e-04 9.259683e-04
2.343972e+01 9.524733e-04 1.168664e-03 8.375964e-04 8.511598e-04
2.349172e+01 8.996227e-04 1.113591e-03 8.031302e-04 7.821464e-04
2.354372e+01 8.488541e-04 1.056839e-03 7.694357e-04 7.202875e-04
2.359572e+01 8.011853e-04 1.000832e-03 7.364404e-04 6.662834e-04
2.364772e+01 7.574777e-04 9.480121e-04 7.041463e-04 6.202747e-04
2.369972e+01 7.183875e-04 9.003573e-04 6.728215e-04 5.819837e-04
2.375172e+01 6.843651e-04 8.591357e-04 6.430884e-04 5.508712e-04
2.380372e+01 6.556897e-04 8.248962e-04 6.158721e-04 5.263007e-04
2.385572e+01 6.325081e-04 7.976064e-04 5.922290e-04 5.076888e-04
2.390772e+01 6.148363e-04 7.768091e-04 5.731031e-04 4.945967e-04
2.395972e+01 6.024960e-04 7.617063e-04 5.590609e-04 4.867208e-04
2.401172e+01 5.949944e-04 7.511537e-04 5.500572e-04 4.837725e-04
2.406372e+01 5.914021e-04 7.436231e-04 5.452880e-04 4.852951e-04
2.411572e+01 5.903066e-04 7.372243e-04 5.431917e-04 4.905039e-04
2.416772e+01 5.899095e-04 7.298526e-04 5.416427e-04 4.982333e-04
2.421972e+01 5.882786e-04 7.194706e-04 5.383328e-04 5.070325e-04
2.427172e+01 5.837092e-04 7.044699e-04 5.312729e-04 5.153849e-04
2.432372e+01 5.750967e-04 6.840229e-04 5.192892e-04 5.219781e-04
2.437572e+01 5.622189e-04 6.583368e-04 5.023791e-04 5.259409e-04
2.442772e+01 5.458539e-04 6.287488e-04 4.818215e-04 5.269913e-04
2.447972e+01 5.277061e-04 5.976351e-04 4.600083e-04 5.254748e-04
2.453172e+01 5.101555e-04 5.681317e-04 4.400303e-04 5.223044e-04
2.458372e+01 4.958698e-04 5.436867e-04 4.251084e-04 5.188143e-04
2.463572e+01 4.873373e-04 5.274892e-04 4.179818e-04 5.165408e-04
2.468772e+01 4.863927e-04 5.218574e-04 4.203731e-04 5.169475e-04
2.473972e+01 4.938304e-04 5.277140e-04 4.326399e-04 5.211374e-04
2.479172e+01 5.092082e-04 5.443008e-04 4.536974e-04 5.296264e-04
2.484372e+01 5.309230e-04 5.692624e-04 4.812496e-04 5.422569e-04
2.489572e+01 5.565744e-04 5.991341e-04 5.122883e-04 5.583007e-04
2.494772e+01 5.835334e-04 6.301337e-04 5.437415e-04 5.767250e-04
2.499972e+01 6.095464e-04 6.590209e-04 5.730943e-04 5.965241e-04
2.505172e+01 6.331777e-04 6.837388e-04 5.988126e-04 6.169816e-04
2.510372e+01 6.539446e-04 7.036163e-04 6.204616e-04 6.377558e-04
2.515572e+01 6.721185e-04 7.190826e-04 6.385139e-04 6.587591e-04
2.520772e+01 6.882906e-04 7.310474e-04 6.539314e-04 6.798929e-04
2.525972e+01 7.028815e-04 7.402308e-04 6.676565e-04 7.007571e-04
2.531172e+01 7.157813e-04 7.467241e-04 6.801603e-04 7.204596e-04
2.536372e+01 7.262381e-04 7.499353e-04 6.911703e-04 7.376086e-04
2.541572e+01 7.330157e-04 7.488845e-04 6.996554e-04 7.505072e-04
2.546772e+01 7.347554e-04 7.426708e-04 7.040862e-04 7.575093e-04
2.551972e+01 7.304164e-04 7.308958e-04 7.029071e-04 7.574463e-04
2.557172e+01 7.196645e-04 7.138967e-04 6.950864e-04 7.500104e-04
2.562372e+01 7.031026e-04 6.927580e-04 6.805739e-04 7.359758e-04
2.567572e+01 6.822874e-04 6.691675e-04 6.605221e-04 7.171726e-04
2.572772e+01 6.595378e-04 6.452089e-04 6.372066e-04 6.961980e-04
2.577972e+01 6.375918e-04 6.231572e-04 6.136866e-04 6.759316e-04
2.583172e+01 6.192036e-04 6.052974e-04 5.933173e-04 6.589960e-04
2.588372e+01 6.067756e-04 5.937587e-04 5.792467e-04 6.473215e-04
2.593572e+01 6.020933e-04 5.903476e-04 5.739955e-04 6.419368e-04
2.598772e+01 6.061882e-04 5.963795e-04 5.791663e-04 6.430189e-04
2.603972e+01 6.193140e-04 6.125127e-04 5.952856e-04 6.501438e-04
2.609172e+01 6.409962e-04 6.385978e-04 6.217706e-04 6.626201e-04
2.614372e+01 6.701144e-04 6.735617e-04 6.570105e-04 6.797710e-04
2.619572e+01 7.049922e-04 7.153541e-04 6.985517e-04 7.010708e-04
2.624772e+01 7.434862e-04 7.609956e-04 7.433588e-04 7.261043e-04
2.629972e+01 7.830864e-04 8.067695e-04 7.881052e-04 7.543845e-04
2.635172e+01 8.210491e-04 8.485842e-04 8.294487e-04 7.851145e-04
2.640372e+01 8.545865e-04 8.824934e-04 8.642735e-04 8.169925e-04
2.645572e+01 8.811229e-04 9.053050e-04 8.899148e-04 8.481489e-04
2.650772e+01 8.986003e-04 9.151451e-04 9.043952e-04 8.762606e-04
2.655972e+01 9.057787e-04 9.118191e-04 9.066769e-04 8.988400e-04
2.661172e+01 9.024509e-04 8.968329e-04 8.968751e-04 9.136446e-04
2.666372e+01 8.894974e-04 8.730376e-04 8.763429e-04 9.191118e-04
2.671572e+01 8.687427e-04 8.439815e-04 8.475370e-04 9.147096e-04
2.676772e+01 8.426404e-04 8.131655e-04 8.136446e-04 9.011110e-04
2.681972e+01 8.138721e-04 7.834302e-04 7.780400e-04 8.801460e-04
2.687172e+01 7.849712e-04 7.566478e-04 7.437210e-04 8.545446e-04
2.692372e+01 7.580585e-04 7.337652e-04 7.128877e-04 8.275226e-04
2.697572e+01 7.347216e-04 7.151052e-04 6.867758e-04 8.022839e-04
2.702772e+01 7.160012e-04 7.007368e-04 6.657526e-04 7.815141e-04
2.707972e+01 7.024177e-04 6.907218e-04 6.495873e-04 7.669440e-04
2.713172e+01 6.939844e-04 6.851238e-04 6.377583e-04 7.590712e-04
2.718372e+01 6.902030e-04 6.838025e-04 6.296811e-04 7.571256e-04
2.723572e+01 6.900902e-04 6.861390e-04 6.248066e-04 7.593250e-04
2.728772e+01 6.922972e-04 6.908891e-04 6.226177e-04 7.633847e-04
2.733972e+01 6.953539e-04 6.963150e-04 6.225956e-04 7.671513e-04
2.739172e+01 6.980037e-04 7.006106e-04 6.242296e-04 7.691711e-04
2.744372e+01 6.995336e-04 7.024842e-04 6.271008e-04 7.690157e-04
2.749572e+01 6.999857e-04 7.016614e-04 6.310175e-04 7.672783e-04
2.754772e+01 7.001636e-04 6.990825e-04 6.361314e-04 7.652770e-04
2.759972e+01 7.014141e-04 6.966833e-04 6.429506e-04 7.646083e-04
2.765172e+01 7.052452e-04 6.968192e-04 6.521954e-04 7.667209e-04
2.770372e+01 7.128960e-04 7.015363e-04 6.645106e-04 7.726412e-04
2.775572e+01 7.249921e-04 7.119533e-04 6.801293e-04 7.828937e-04
2.780772e+01 7.413930e-04 7.279696e-04 6.986359e-04 7.975734e-04
2.785972e+01 7.612757e-04 7.483865e-04 7.189560e-04 8.164846e-04
2.791172e+01 7.834124e-04 7.713747e-04 7.396112e-04 8.392514e-04
2.796372e+01 8.065253e-04 7.950913e-04 7.591479e-04 8.653366e-04
2.801572e+01 8.295711e-04 8.182047e-04 7.765555e-04 8.939531e-04
2.806772e+01 8.518430e-04 8.401261e-04 7.914859e-04 9.239170e-04
2.811972e+01 8.728745e-04 8.608797e-04 8.041947e-04 9.535491e-04
2.817172e+01 8.922414e-04 8.807008e-04 8.152640e-04 9.807595e-04
2.822372e+01 9.094212e-04 8.995771e-04 8.252839e-04 1.003403e-03
2.827572e+01 9.238411e-04 9.169781e-04 8.346699e-04 1.019875e-03
2.832772e+01 9.351393e-04 9.319306e-04 8.437069e-04 1.029781e-03
2.837972e+01 9.435295e-04 9.434323e-04 8.527773e-04 1.034379e-03
2.843172e+01 9.500722e-04 9.510204e-04 8.626263e-04 1.036570e-03
2.848372e+01 9.566709e-04 9.552202e-04 8.744938e-04 1.040299e-03
2.853572e+01 9.657187e-04 9.576387e-04 8.899963e-04 1.049521e-03
2.858772e+01 9.794817e-04 9.606210e-04 9.107559e-04 1.067068e-03
2.863972e+01 9.994348e-04 9.665887e-04 9.378912e-04 1.093824e-03
2.869172e+01 1.025807e-03 9.773142e-04 9.715637e-04 1.128542e-03
2.874372e+01 1.057513e-03 9.934063e-04 1.010783e-03 1.168350e-03
2.879572e+01 1.092518e-03 1.014183e-03 1.053595e-03 1.209777e-03
2.884772e+01 1.128502e-03 1.037951e-03 1.097641e-03 1.249913e-03
2.889972e+01 1.163624e-03 1.062574e-03 1.140935e-03 1.287363e-03
2.895172e+01 1.197145e-03 1.086136e-03 1.182567e-03 1.322733e-03
2.900372e+01 1.229712e-03 1.107504e-03 1.223047e-03 1.358587e-03
2.905572e+01 1.263197e-03 1.126640e-03 1.264074e-03 1.398878e-03
2.910772e+01 1.300116e-03 1.144619e-03 1.307757e-03 1.447973e-03
2.915972e+01 1.342786e-03 1.163373e-03 1.355558e-03 1.509428e-03
2.921172e+01 1.392507e-03 1.185295e-03 1.407425e-03 1.584799e-03
2.926372e+01 1.449061e-03 1.212808e-03 1.461535e-03 1.672839e-03
2.931572e+01 1.510739e-03 1.247998e-03 1.514808e-03 1.769412e-03
2.936772e+01 1.574841e-03 1.292312e-03 1.563973e-03 1.868238e-03
2.941972e+01 1.638395e-03 1.346276e-03 1.606654e-03 1.962254e-03
2.947172e+01 1.698742e-03 1.409175e-03 1.641932e-03 2.045119e-03
2.952372e+01 1.753724e-03 1.478724e-03 1.670105e-03 2.112342e-03
2.957572e+01 1.801476e-03 1.550870e-03 1.691844e-03 2.161714e-03
2.962772e+01 1.840067e-03 1.619926e-03 1.707230e-03 2.193046e-03
2.967972e+01 1.867313e-03 1.679192e-03 1.715252e-03 2.207495e-03
2.973172e+01 1.880990e-03 1.722052e-03 1.714045e-03 2.206872e-03
2.978372e+01 1.879419e-03 1.743335e-03 1.701735e-03 2.193188e-03
2.983572e+01 1.862164e-03 1.740532e-03 1.677457e-03 2.168504e-03
2.988772e+01 1.830487e-03 1.714473e-03 1.642021e-03 2.134965e-03
2.993972e+01 1.787320e-03 1.669189e-03 1.597931e-03 2.094839e-03
2.999172e+01 1.736726e-03 1.610988e-03 1.548755e-03 2.050434e-03
3.004372e+01 1.683036e-03 1.547012e-03 1.498187e-03 2.003908e-03
3.009572e+01 1.629990e-03 1.483751e-03 1.449158e-03 1.957060e-03
3.014772e+01 1.580171e-03 1.425952e-03 1.403346e-03 1.911214e-03
3.019972e+01 1.534872e-03 1.376219e-03 1.361166e-03 1.867230e-03
3.025172e+01 1.494338e-03 1.335269e-03 1.322158e-03 1.825586e-03
3.030372e+01 1.458199e-03 1.302607e-03 1.285536e-03 1.786453e-03
3.035572e+01 1.425873e-03 1.277232e-03 1.250665e-03 1.749721e-03
3.040772e+01 1.396802e-03 1.258097e-03 1.217306e-03 1.715002e-03
3.045972e+01 1.370528e-03 1.244268e-03 1.185602e-03 1.681713e-03
3.051172e+01 1.346677e-03 1.234886e-03 1.155866e-03 1.649279e-03
3.056372e+01 1.324970e-03 1.229125e-03 1.128338e-03 1.617445e-03
3.061572e+01 1.305281e-03 1.226253e-03 1.103030e-03 1.586559e-03
3.066772e+01 1.287711e-03 1.225725e-03 1.079732e-03 1.557677e-03
3.071972e+01 1.272581e-03 1.227204e-03 1.058145e-03 1.532394e-03
3.077172e+01 1.260281e-03 1.230415e-03 1.038034e-03 1.512395e-03
3.082372e+01 1.251019e-03 1.234882e-03 1.019302e-03 1.498872e-03
3.087572e+01 1.244548e-03 1.239677e-03 1.001951e-03 1.492015e-03
3.092772e+01 1.240030e-03 1.243344e-03 9.859894e-04 1.490757e-03
3.097972e+01 1.236107e-03 1.244041e-03 9.713804e-04 1.492899e-03
3.103172e+01 1.231172e-03 1.239856e-03 9.581017e-04 1.495558e-03
3.108372e+01 1.223757e-03 1.229193e-03 9.462807e-04 1.495797e-03
3.113572e+01 1.212867e-03 1.211094e-03 9.362990e-04 1.491208e-03
3.118772e+01 1.198157e-03 1.185436e-03 9.287579e-04 1.480277e-03
3.123972e+01 1.179897e-03 1.152962e-03 9.242779e-04 1.462452e-03
3.129172e+01 1.158789e-03 1.115166e-03 9.232177e-04 1.437982e-03
3.134372e+01 1.135706e-03 1.074034e-03 9.254557e-04 1.407627e-03
3.139572e+01 1.111482e-03 1.031706e-03 9.303472e-04 1.372392e-03
3.144772e+01 1.086775e-03 9.901306e-04 9.368736e-04 1.333321e-03
3.149972e+01 1.062025e-03 9.507924e-04 9.438965e-04 1.291385e-03
3.155172e+01 1.037466e-03 9.145919e-04 9.503944e-04 1.247412e-03
3.160372e+01 1.013194e-03 8.818979e-04 9.555913e-04 1.202092e-03
3.165572e+01 9.892443e-04 8.527319e-04 9.589685e-04 1.156032e-03
3.170772e+01 9.656892e-04 8.269924e-04 9.602135e-04 1.109862e-03
3.175972e+01 9.427094e-04 8.046150e-04 9.591742e-04 1.064339e-03
3.181172e+01 9.206174e-04 7.856079e-04 9.558523e-04 1.020392e-03
3.186372e+01 8.998150e-04 7.699719e-04 9.504207e-04 9.790524e-04
3.191572e+01 8.807028e-04 7.575754e-04 9.432247e-04 9.413083e-04
3.196772e+01 8.635810e-04 7.480778e-04 9.347393e-04 9.079259e-04
3.201972e+01 8.485857e-04 7.409581e-04 9.254835e-04 8.793156e-04
3.207172e+01 8.356790e-04 7.356437e-04 9.159231e-04 8.554702e-04
3.212372e+01 8.246777e-04 7.316716e-04 9.063887e-04 8.359729e-04
3.217572e+01 8.152866e-04 7.287869e-04 8.970206e-04 8.200525e-04
3.222772e+01 8.071082e-04 7.269146e-04 8.877348e-04 8.066753e-04
3.227972e+01 7.996282e-04 7.260062e-04 8.782041e-04 7.946744e-04
3.233172e+01 7.922073e-04 7.258349e-04 8.678727e-04 7.829142e-04
3.238372e+01 7.841158e-04 7.258492e-04 8.560341e-04 7.704642e-04
3.243572e+01 7.746304e-04 7.251710e-04 8.419909e-04 7.567292e-04
3.248772e+01 7.631705e-04 7.227530e-04 8.252730e-04 7.414853e-04
3.253972e+01 7.494244e-04 7.176294e-04 8.058408e-04 7.248028e-04
3.259172e+01 7.334066e-04 7.091515e-04 7.841771e-04 7.068912e-04
3.264372e+01 7.154205e-04 6.971188e-04 7.612048e-04 6.879378e-04
3.269572e+01 6.959437e-04 6.817759e-04 7.380399e-04 6.680154e-04
3.274772e+01 6.754915e-04 6.637129e-04 7.156633e-04 6.470984e-04
3.279972e+01 6.545165e-04 6.437388e-04 6.946391e-04 6.251715e-04
3.285172e+01 6.333769e-04 6.227797e-04 6.749828e-04 6.023682e-04
3.290372e+01 6.123636e-04 6.018125e-04 6.562201e-04 5.790581e-04
3.295572e+01 5.917435e-04 5.818045e-04 6.375969e-04 5.558292e-04
3.300772e+01 5.717790e-04 5.636239e-04 6.183524e-04 5.333608e-04
3.305972e+01 5.527038e-04 5.479127e-04 5.979600e-04 5.122387e-04
3.311172e+01 5.346728e-04 5.349513e-04 5.762712e-04 4.927958e-04
3.316372e+01 5.177209e-04 5.245698e-04 5.535440e-04 4.750489e-04
3.321572e+01 5.017643e-04 5.161582e-04 5.303756e-04 4.587592e-04
3.326772e+01 4.866524e-04 5.087969e-04 5.075747e-04 4.435856e-04
3.331972e+01 4.722523e-04 5.014842e-04 4.860110e-04 4.292617e-04
3.337172e+01 4.585316e-04 4.933988e-04 4.664717e-04 4.157242e-04
3.342372e+01 4.456041e-04 4.841174e-04 4.495476e-04 4.031472e-04
3.347572e+01 4.337224e-04 4.737181e-04 4.355682e-04 3.918809e-04
3.352772e+01 4.232213e-04 4.627383e-04 4.245933e-04 3.823324e-04
3.357972e+01 4.144342e-04 4.520054e-04 4.164619e-04 3.748353e-04
3.363172e+01 4.076127e-04 4.424072e-04 4.108799e-04 3.695511e-04
3.368372e+01 4.028759e-04 4.346846e-04 4.075200e-04 3.664231e-04
3.373572e+01 4.002048e-04 4.293198e-04 4.061059e-04 3.651887e-04
3.378772e+01 3.994818e-04 4.265409e-04 4.064637e-04 3.654407e-04
3.383972e+01 4.005594e-04 4.264161e-04 4.085382e-04 3.667240e-04
3.389172e+01 4.033310e-04 4.289678e-04 4.123848e-04 3.686404e-04
3.394372e+01 4.077739e-04 4.342446e-04 4.181462e-04 3.709309e-04
3.399572e+01 4.139492e-04 4.423187e-04 4.260208e-04 3.735081e-04
3.404772e+01 4.219620e-04 4.532348e-04 4.362196e-04 3.764318e-04
3.409972e+01 4.319071e-04 4.669612e-04 4.489154e-04 3.798448e-04
3.415172e+01 4.438271e-04 4.833889e-04 4.641927e-04 3.838998e-04
3.420372e+01 4.576997e-04 5.023792e-04 4.820142e-04 3.887056e-04
3.425572e+01 4.734451e-04 5.238136e-04 5.022201e-04 3.943016e-04
3.430772e+01 4.909325e-04 5.475861e-04 5.245585e-04 4.006530e-04
3.435972e+01 5.099651e-04 5.735079e-04 5.487348e-04 4.076527e-04
3.441172e+01 5.302481e-04 6.011577e-04 5.744606e-04 4.151261e-04
3.446372e+01 5.513665e-04 6.297595e-04 6.014869e-04 4.228531e-04
3.451572e+01 5.728057e-04 6.581770e-04 6.296196e-04 4.306203e-04
3.456772e+01 5.940353e-04 6.850725e-04 6.587254e-04 4.383080e-04
3.461972e+01 6.146405e-04 7.092005e-04 6.887335e-04 4.459874e-04
3.467172e+01 6.344538e-04 7.297430e-04 7.196331e-04 4.539852e-04
3.472372e+01 6.536303e-04 7.465643e-04 7.514560e-04 4.628706e-04
3.477572e+01 6.726225e-04 7.602861e-04 7.842315e-04 4.733500e-04
3.482772e+01 6.920533e-04 7.721541e-04 8.179094e-04 4.860965e-04
3.487972e+01 7.125312e-04 7.837418e-04 8.522715e-04 5.015802e-04
3.493172e+01 7.344813e-04 7.965986e-04 8.868713e-04 5.199739e-04
3.498372e+01 7.580580e-04 8.119525e-04 9.210498e-04 5.411717e-04
3.503572e+01 7.831584e-04 8.305325e-04 9.540418e-04 5.649007e-04
3.508772e+01 8.094930e-04 8.525045e-04 9.851251e-04 5.908495e-04
3.513972e+01 8.366345e-04 8.774654e-04 1.013718e-03 6.187200e-04
3.519172e+01 8.639806e-04 9.044403e-04 1.039344e-03 6.481572e-04
3.524372e+01 8.906403e-04 9.318758e-04 1.061461e-03 6.785845e-04
3.529572e+01 9.153291e-04 9.576812e-04 1.079262e-03 7.090444e-04
3.534772e+01 9.363880e-04 9.793942e-04 1.091609e-03 7.381610e-04
3.539972e+01 9.519965e-04 9.945124e-04 1.097193e-03 7.642840e-04
3.545172e+01 9.605454e-04 1.000959e-03 1.094896e-03 7.857814e-04
3.550372e+01 9.610403e-04 9.975636e-04 1.084189e-03 8.013677e-04
3.555572e+01 9.533766e-04 9.844061e-04 1.065391e-03 8.103323e-04
3.560772e+01 9.383733e-04 9.628819e-04 1.039655e-03 8.125827e-04
3.565972e+01 9.175567e-04 9.354462e-04 1.008716e-03 8.085082e-04
3.571172e+01 8.927883e-04 9.051038e-04 9.745112e-04 7.987500e-04
3.576372e+01 8.658813e-04 8.748112e-04 9.388338e-04 7.839989e-04
3.581572e+01 8.383377e-04 8.469804e-04 9.031215e-04 7.649113e-04
3.586772e+01 8.112698e-04 8.232188e-04 8.684195e-04 7.421710e-04
3.591972e+01 7.854846e-04 8.043258e-04 8.354808e-04 7.166472e-04
3.597172e+01 7.616506e-04 7.904637e-04 8.049328e-04 6.895555e-04
3.602372e+01 7.404431e-04 7.813729e-04 7.774344e-04 6.625219e-04
3.607572e+01 7.225921e-04 7.765226e-04 7.537619e-04 6.374918e-04
3.612772e+01 7.088109e-04 7.751655e-04 7.347872e-04 6.164799e-04
3.617972e+01 6.996394e-04 7.763440e-04 7.213499e-04 6.012242e-04
3.623172e+01 6.952789e-04 7.789368e-04 7.140586e-04 5.928415e-04
3.628372e+01 6.954968e-04 7.818213e-04 7.130846e-04 5.915846e-04
3.633572e+01 6.996436e-04 7.841495e-04 7.180144e-04 5.967670e-04
3.638772e+01 7.067714e-04 7.856441e-04 7.278056e-04 6.068646e-04
3.643972e+01 7.157901e-04 7.867599e-04 7.408561e-04 6.197543e-04
3.649172e+01 7.255852e-04 7.885720e-04 7.551611e-04 6.330225e-04
3.654372e+01 7.350514e-04 7.923566e-04 7.685183e-04 6.442794e-04
3.659572e+01 7.430528e-04 7.989757e-04 7.787480e-04 6.514346e-04
3.664772e+01 7.483732e-04 8.082954e-04 7.839110e-04 6.529134e-04
3.669972e+01 7.497354e-04 8.188899e-04 7.825140e-04 6.478024e-04
3.675172e+01 7.459333e-04 8.281878e-04 7.736939e-04 6.359181e-04
3.680372e+01 7.360641e-04 8.330462e-04 7.573532e-04 6.177928e-04
3.685572e+01 7.197845e-04 8.305675e-04 7.342091e-04 5.945768e-04
3.690772e+01 6.974883e-04 8.188767e-04 7.057208e-04 5.678673e-04
3.695972e+01 6.703232e-04 7.976001e-04 6.738830e-04 5.394863e-04
3.701172e+01 6.400204e-04 7.679045e-04 6.409155e-04 5.112412e-04
3.706372e+01 6.085824e-04 7.321234e-04 6.089216e-04 4.847020e-04
3.711572e+01 5.779251e-04 6.931347e-04 5.796063e-04 4.610343e-04
3.716772e+01 5.495803e-04 6.537107e-04 5.541212e-04 4.409089e-04
3.721972e+01 5.245301e-04 6.160345e-04 5.330534e-04 4.245024e-04
3.727172e+01 5.031883e-04 5.814789e-04 5.165100e-04 4.115761e-04
3.732372e+01 4.854924e-04 5.506377e-04 5.042286e-04 4.016110e-04
3.737572e+01 4.710476e-04 5.235202e-04 4.956591e-04 3.939635e-04
3.742772e+01 4.592724e-04 4.997973e-04 4.900137e-04 3.880062e-04
3.747972e+01 4.495172e-04 4.790071e-04 4.863248e-04 3.832196e-04
3.753172e+01 4.411510e-04 4.606815e-04 4.835511e-04 3.792206e-04
3.758372e+01 4.336199e-04 4.443968e-04 4.807356e-04 3.757274e-04
3.763572e+01 4.264804e-04 4.297825e-04 4.771673e-04 3.724916e-04
3.768772e+01 4.194107e-04 4.165171e-04 4.724789e-04 3.692362e-04
3.773972e+01 4.122029e-04 4.043289e-04 4.666383e-04 3.656415e-04
3.779172e+01 4.047468e-04 3.929995e-04 4.598475e-04 3.613933e-04
3.784372e+01 3.970203e-04 3.823680e-04 4.524138e-04 3.562792e-04
3.789572e+01 3.890959e-04 3.723363e-04 4.446626e-04 3.502889e-04
3.794772e+01 3.811576e-04 3.628785e-04 4.369246e-04 3.436698e-04
3.799972e+01 3.735080e-04 3.540497e-04 4.295674e-04 3.369069e-04
3.805172e+01 3.665397e-04 3.459822e-04 4.230106e-04 3.306262e-04
3.810372e+01 3.606602e-04 3.388521e-04 4.176716e-04 3.254569e-04
3.815572e+01 3.561889e-04 3.328213e-04 4.138480e-04 3.218974e-04
3.820772e+01 3.532683e-04 3.279778e-04 4.116014e-04 3.202258e-04
3.825972e+01 3.518339e-04 3.243071e-04 4.107239e-04 3.204707e-04
3.831172e+01 3.516579e-04 3.217106e-04 4.108312e-04 3.224318e-04
3.836372e+01 3.524459e-04 3.200590e-04 4.115499e-04 3.257286e-04
3.841572e+01 3.539356e-04 3.192451e-04 4.127060e-04 3.298555e-04
3.846772e+01 3.559557e-04 3.192101e-04 4.144149e-04 3.342421e-04
3.851972e+01 3.584304e-04 3.199397e-04 4.170249e-04 3.383266e-04
3.857172e+01 3.613501e-04 3.214524e-04 4.209503e-04 3.416477e-04
3.862372e+01 3.647442e-04 3.238068e-04 4.264834e-04 3.439424e-04
3.867572e+01 3.686765e-04 3.271304e-04 4.336840e-04 3.452151e-04
3.872772e+01 3.732598e-04 3.316478e-04 4.423880e-04 3.457438e-04
3.877972e+01 3.786658e-04 3.376739e-04 4.523142e-04 3.460093e-04
3.883172e+01 3.851036e-04 3.455474e-04 4.631952e-04 3.465684e-04
3.888372e+01 3.927604e-04 3.555120e-04 4.748544e-04 3.479148e-04
3.893572e+01 4.017147e-04 3.675798e-04 4.871910e-04 3.503734e-04
3.898772e+01 4.118515e-04 3.814262e-04 5.000840e-04 3.540442e-04
3.903972e+01 4.228093e-04 3.963605e-04 5.132731e-04 3.587942e-04
3.909172e+01 4.339845e-04 4.113905e-04 5.262848e-04 3.642783e-04
3.914372e+01 4.446016e-04 4.253703e-04 5.384507e-04 3.699838e-04
3.919572e+01 4.538405e-04 4.371949e-04 5.490231e-04 3.753034e-04
3.924772e+01 4.609963e-04 4.459905e-04 5.573503e-04 3.796481e-04
3.929972e+01 4.656368e-04 4.512633e-04 5.630483e-04 3.825986e-04
3.935172e+01 4.677201e-04 4.529825e-04 5.661108e-04 3.840671e-04
3.940372e+01 4.676467e-04 4.515948e-04 5.669257e-04 3.844197e-04
3.945572e+01 4.662276e-04 4.479803e-04 5.662001e-04 3.845024e-04
3.950772e+01 4.645695e-04 4.433531e-04 5.648231e-04 3.855324e-04
3.955972e+01 4.638915e-04 4.391141e-04 5.637053e-04 3.888551e-04
3.961172e+01 4.653046e-04 4.366637e-04 5.636317e-04 3.956183e-04
3.966372e+01 4.696002e-04 4.371989e-04 5.651499e-04 4.064517e-04
3.971572e+01 4.770971e-04 4.415327e-04 5.685082e-04 4.212505e-04
3.976772e+01 4.875860e-04 4.499789e-04 5.736409e-04 4.391382e-04
3.981972e+01 5.003821e-04 4.623219e-04 5.801972e-04 4.586271e-04
3.987172e+01 5.144666e-04 4.778681e-04 5.875979e-04 4.779338e-04
3.992372e+01 5.286739e-04 4.955539e-04 5.951113e-04 4.953564e-04
3.997572e+01 5.418781e-04 5.140862e-04 6.019396e-04 5.096084e-04
4.002772e+01 5.531476e-04 5.321087e-04 6.073126e-04 5.200214e-04
4.007972e+01 5.618519e-04 5.483911e-04 6.105857e-04 5.265788e-04
4.013172e+01 5.677173e-04 5.620204e-04 6.113355e-04 5.297961e-04
4.018372e+01 5.708301e-04 5.725419e-04 6.094408e-04 5.305075e-04
4.023572e+01 5.715821e-04 5.799855e-04 6.051284e-04 5.296323e-04
4.028772e+01 5.705644e-04 5.847428e-04 5.989627e-04 5.279878e-04
4.033972e+01 5.684252e-04 5.873311e-04 5.917644e-04 5.261802e-04
4.039172e+01 5.657266e-04 5.881400e-04 5.844599e-04 5.245799e-04
4.044372e+01 5.628404e-04 5.872733e-04 5.778914e-04 5.233566e-04
4.049572e+01 5.599099e-04 5.845540e-04 5.726343e-04 5.225413e-04
4.054772e+01 5.568812e-04 5.796816e-04 5.688798e-04 5.220823e-04
4.059972e+01 5.535878e-04 5.724727e-04 5.664174e-04 5.218734e-04
4.065172e+01 5.498582e-04 5.630925e-04 5.647275e-04 5.217547e-04
4.070372e+01 5.456246e-04 5.522068e-04 5.631594e-04 5.215076e-04
4.075572e+01 5.410190e-04 5.410231e-04 5.611516e-04 5.208823e-04
4.080772e+01 5.364454e-04 5.312164e-04 5.584424e-04 5.196773e-04
4.085972e+01 5.326131e-04 5.247531e-04 5.552193e-04 5.178669e-04
4.091172e+01 5.305048e-04 5.236323e-04 5.521577e-04 5.157246e-04
4.096372e+01 5.312557e-04 5.295750e-04 5.503159e-04 5.138763e-04
4.101572e+01 5.359439e-04 5.437099e-04 5.508913e-04 5.132304e-04
4.106772e+01 5.453311e-04 5.663239e-04 5.548949e-04 5.147744e-04
4.111972e+01 5.596284e-04 5.967448e-04 5.628488e-04 5.192915e-04
4.117172e+01 5.783723e-04 6.334003e-04 5.746244e-04 5.270923e-04
4.122372e+01 6.004667e-04 6.740440e-04 5.894867e-04 5.378695e-04
4.127572e+01 6.243889e-04 7.160907e-04 6.063258e-04 5.507502e-04
4.132772e+01 6.484970e-04 7.569699e-04 6.239719e-04 5.645492e-04
4.137972e+01 6.713388e-04 7.944195e-04 6.414545e-04 5.781425e-04
4.143172e+01 6.918678e-04 8.266749e-04 6.581109e-04 5.908176e-04
4.148372e+01 7.095148e-04 8.525576e-04 6.735357e-04 6.024511e-04
4.153572e+01 7.241212e-04 8.714919e-04 6.874466e-04 6.134252e-04
4.158772e+01 7.357872e-04 8.834791e-04 6.995755e-04 6.243070e-04
4.163972e+01 7.447036e-04 8.890371e-04 7.096538e-04 6.354199e-04
4.169172e+01 7.510248e-04 8.890929e-04 7.174837e-04 6.464979e-04
4.174372e+01 7.548074e-04 8.848090e-04 7.230274e-04 6.565858e-04
4.179572e+01 7.560112e-04 8.773515e-04 7.264324e-04 6.642496e-04
4.184772e+01 7.545438e-04 8.676445e-04 7.279632e-04 6.680238e-04
4.189972e+01 7.503283e-04 8.561865e-04 7.278730e-04 6.669255e-04
4.195172e+01 7.433782e-04 8.430110e-04 7.262905e-04 6.608329e-04
4.200372e+01 7.338679e-04 8.278269e-04 7.231892e-04 6.505875e-04
4.205572e+01 7.221861e-04 8.103098e-04 7.184556e-04 6.377930e-04
4.210772e+01 7.089522e-04 7.904447e-04 7.120189e-04 6.243929e-04
4.215972e+01 6.949814e-04 7.687883e-04 7.039765e-04 6.121794e-04
4.221172e+01 6.811954e-04 7.465438e-04 6.946578e-04 6.023846e-04
4.226372e+01 6.684953e-04 7.254106e-04 6.846099e-04 5.954653e-04
4.231572e+01 6.576332e-04 7.072549e-04 6.745256e-04 5.911192e-04
4.236772e+01 6.491241e-04 6.937060e-04 6.651619e-04 5.885044e-04
4.241972e+01 6.432203e-04 6.857991e-04 6.572811e-04 5.865805e-04
4.247172e+01 6.399438e-04 6.837538e-04 6.516165e-04 5.844610e-04
4.252372e+01 6.391454e-04 6.869344e-04 6.488324e-04 5.816693e-04
4.257572e+01 6.405539e-04 6.939915e-04 6.494422e-04 5.782279e-04
4.262772e+01 6.437998e-04 7.031568e-04 6.536787e-04 5.745640e-04
4.267972e+01 6.484236e-04 7.126310e-04 6.613609e-04 5.712789e-04
4.273172e+01 6.538946e-04 7.209801e-04 6.718319e-04 5.688717e-04
4.278372e+01 6.596590e-04 7.274304e-04 6.840300e-04 5.675166e-04
4.283572e+01 6.652105e-04 7.319618e-04 6.967014e-04 5.669681e-04
4.288772e+01 6.701555e-04 7.351601e-04 7.086913e-04 5.666151e-04
4.293972e+01 6.742453e-04 7.378734e-04 7.192099e-04 5.656526e-04
4.299172e+01 6.773636e-04 7.408086e-04 7.279763e-04 5.633060e-04
4.304372e+01 6.794887e-04 7.442306e-04 7.351969e-04 5.590388e-04
4.309572e+01 6.806599e-04 7.478820e-04 7.414009e-04 5.526967e-04
4.314772e+01 6.809708e-04 7.511394e-04 7.472040e-04 5.445689e-04
4.319972e+01 6.805865e-04 7.533121e-04 7.530844e-04 5.353629e-04
4.325172e+01 6.797577e-04 7.539372e-04 7.592374e-04 5.260983e-04
4.330372e+01 6.788022e-04 7.529378e-04 7.655396e-04 5.179292e-04
4.335572e+01 6.780441e-04 7.505953e-04 7.716204e-04 5.119167e-04
4.340772e+01 6.777273e-04 7.473787e-04 7.770045e-04 5.087987e-04
4.345972e+01 6.779410e-04 7.437350e-04 7.812664e-04 5.088217e-04
4.351172e+01 6.785858e-04 7.399413e-04 7.841253e-04 5.116908e-04
4.356372e+01 6.793879e-04 7.360703e-04 7.854355e-04 5.166578e-04
4.361572e+01 6.799470e-04 7.320508e-04 7.850742e-04 5.227160e-04
4.366772e+01 6.797969e-04 7.277681e-04 7.827932e-04 5.288293e-04
4.371972e+01 6.784674e-04 7.231421e-04 7.781367e-04 5.341233e-04
4.377172e+01 6.755510e-04 7.181547e-04 7.705027e-04 5.379957e-04
4.382372e+01 6.707729e-04 7.128232e-04 7.593520e-04 5.401436e-04
4.387572e+01 6.640508e-04 7.071383e-04 7.444804e-04 5.405338e-04
4.392772e+01 6.555157e-04 7.009903e-04 7.262181e-04 5.393388e-04
4.397972e+01 6.454704e-04 6.941076e-04 7.054495e-04 5.368542e-04
4.403172e+01 6.342911e-04 6.860359e-04 6.834307e-04 5.334066e-04
4.408372e+01 6.223126e-04 6.761874e-04 6.614807e-04 5.292698e-04
4.413572e+01 6.097566e-04 6.639726e-04 6.406800e-04 5.246171e-04
4.418772e+01 5.967386e-04 6.489936e-04 6.216908e-04 5.195316e-04
4.423972e+01 5.833490e-04 6.312369e-04 6.047410e-04 5.140693e-04
4.429172e+01 5.697531e-04 6.111866e-04 5.897337e-04 5.083389e-04
4.434372e+01 5.562485e-04 5.897981e-04 5.763990e-04 5.025483e-04
4.439572e+01 5.432431e-04 5.683264e-04 5.644132e-04 4.969898e-04
4.444772e+01 5.311643e-04 5.480631e-04 5.534586e-04 4.919712e-04
4.449972e+01 5.203474e-04 5.300675e-04 5.432398e-04 4.877350e-04
4.455172e+01 5.109563e-04 5.149702e-04 5.334900e-04 4.844089e-04
4.460372e+01 5.029616e-04 5.028939e-04 5.239882e-04 4.820028e-04
4.465572e+01 4.961713e-04 4.934951e-04 5.145821e-04 4.804367e-04
4.470772e+01 4.902890e-04 4.861020e-04 5.051998e-04 4.795651e-04
4.475972e+01 4.849731e-04 4.799030e-04 4.958384e-04 4.791781e-04
4.481172e+01 4.798883e-04 4.741381e-04 4.865397e-04 4.789871e-04
4.486372e+01 4.747463e-04 4.682433e-04 4.773725e-04 4.786231e-04
4.491572e+01 4.693435e-04 4.619179e-04 4.684352e-04 4.776775e-04
4.496772e+01 4.635915e-04 4.551145e-04 4.598725e-04 4.757874e-04
4.501972e+01 4.575357e-04 4.479805e-04 4.518836e-04 4.727431e-04
4.507172e+01 4.513558e-04 4.407940e-04 4.447031e-04 4.685702e-04
4.512372e+01 4.453448e-04 4.339223e-04 4.385622e-04 4.635500e-04
4.517572e+01 4.398726e-04 4.278031e-04 4.336528e-04 4.581618e-04
4.522772e+01 4.353363e-04 4.229245e-04 4.301181e-04 4.529662e-04
4.527972e+01 4.321044e-04 4.197751e-04 4.280684e-04 4.484696e-04
4.533172e+01 4.304565e-04 4.187566e-04 4.275943e-04 4.450186e-04
4.538372e+01 4.305270e-04 4.200801e-04 4.287451e-04 4.427558e-04
4.543572e+01 4.322642e-04 4.236796e-04 4.314689e-04 4.416441e-04
4.548772e+01 4.354188e-04 4.291787e-04 4.355414e-04 4.415364e-04
4.553972e+01 4.395697e-04 4.359257e-04 4.405330e-04 4.422505e-04
4.559172e+01 4.441852e-04 4.430975e-04 4.458475e-04 4.436106e-04
4.564372e+01 4.487073e-04 4.498531e-04 4.508275e-04 4.454413e-04
4.569572e+01 4.526419e-04 4.555060e-04 4.548902e-04 4.475295e-04
4.574772e+01 4.556372e-04 4.596762e-04 4.576412e-04 4.495940e-04
4.579972e+01 4.575390e-04 4.623811e-04 4.589318e-04 4.513042e-04
4.585172e+01 4.584162e-04 4.640309e-04 4.588537e-04 4.523640e-04
4.590372e+01 4.585484e-04 4.653215e-04 4.576865e-04 4.526371e-04
4.595572e+01 4.583723e-04 4.670429e-04 4.558213e-04 4.522527e-04
4.600772e+01 4.583842e-04 4.698542e-04 4.536770e-04 4.516212e-04
4.605972e+01 4.590099e-04 4.740864e-04 4.516201e-04 4.513233e-04
4.611172e+01 4.604746e-04 4.796318e-04 4.498986e-04 4.518933e-04
4.616372e+01 4.627157e-04 4.859573e-04 4.486046e-04 4.535853e-04
4.621572e+01 4.653851e-04 4.922401e-04 4.476816e-04 4.562336e-04
4.626772e+01 4.679520e-04 4.975913e-04 4.469792e-04 4.592854e-04
4.631972e+01 4.698807e-04 5.012986e-04 4.463394e-04 4.620040e-04
4.637172e+01 4.708152e-04 5.030135e-04 4.456810e-04 4.637510e-04
4.642372e+01 4.706959e-04 5.028230e-04 4.450437e-04 4.642211e-04
4.647572e+01 4.697618e-04 5.011875e-04 4.445702e-04 4.635278e-04
4.652772e+01 4.684419e-04 4.987775e-04 4.444298e-04 4.621185e-04
4.657972e+01 4.671882e-04 4.962743e-04 4.447164e-04 4.605738e-04
4.663172e+01 4.663208e-04 4.942105e-04 4.453679e-04 4.593839e-04
4.668372e+01 4.659427e-04 4.928999e-04 4.461482e-04 4.587799e-04
4.673572e+01 4.659429e-04 4.924621e-04 4.467050e-04 4.586615e-04
4.678772e+01 4.660707e-04 4.929062e-04 4.466851e-04 4.586207e-04
4.683972e+01 4.660425e-04 4.942198e-04 4.458643e-04 4.580435e-04
4.689172e+01 4.656414e-04 4.964190e-04 4.442416e-04 4.562635e-04
4.694372e+01 4.647801e-04 4.995398e-04 4.420637e-04 4.527367e-04
4.699572e+01 4.635165e-04 5.035838e-04 4.397690e-04 4.471967e-04
4.704772e+01 4.620211e-04 5.084461e-04 4.378691e-04 4.397481e-04
4.709972e+01 4.605075e-04 5.138523e-04 4.368050e-04 4.308652e-04
4.715172e+01 4.591477e-04 5.193305e-04 4.368207e-04 4.212920e-04
4.720372e+01 4.579976e-04 5.242283e-04 4.378901e-04 4.118743e-04
4.725572e+01 4.569607e-04 5.277861e-04 4.397172e-04 4.033787e-04
4.730772e+01 4.558110e-04 5.292635e-04 4.418081e-04 3.963614e-04
4.735972e+01 4.542731e-04 5.281017e-04 4.435940e-04 3.911237e-04
4.741172e+01 4.521391e-04 5.240863e-04 4.445746e-04 3.877564e-04
4.746372e+01 4.493817e-04 5.174638e-04 4.444474e-04 3.862340e-04
4.751572e+01 4.462205e-04 5.089705e-04 4.431909e-04 3.865003e-04
4.756772e+01 4.431129e-04 4.997559e-04 4.410827e-04 3.885002e-04
4.761972e+01 4.406645e-04 4.912113e-04 4.386416e-04 3.921406e-04
4.767172e+01 4.394805e-04 4.847311e-04 4.365023e-04 3.972080e-04
4.772372e+01 4.399974e-04 4.814535e-04 4.352458e-04 4.032930e-04
4.777572e+01 4.423423e-04 4.820267e-04 4.352280e-04 4.097722e-04
4.782772e+01 4.462636e-04 4.864590e-04 4.364580e-04 4.158737e-04
4.787972e+01 4.511640e-04 4.941008e-04 4.385769e-04 4.208143e-04
4.793172e+01 4.562387e-04 5.037850e-04 4.409625e-04 4.239686e-04
4.798372e+01 4.606865e-04 5.141017e-04 4.429424e-04 4.250154e-04
4.803572e+01 4.639315e-04 5.237311e-04 4.440487e-04 4.240147e-04
4.808772e+01 4.657807e-04 5.317345e-04 4.442162e-04 4.213913e-04
4.813972e+01 4.664627e-04 5.377135e-04 4.438410e-04 4.178336e-04
4.819172e+01 4.665379e-04 5.418110e-04 4.436632e-04 4.141395e-04
4.824372e+01 4.667200e-04 5.445832e-04 4.445176e-04 4.110591e-04
4.829572e+01 4.676784e-04 5.468102e-04 4.470515e-04 4.091735e-04
4.834772e+01 4.698867e-04 5.493072e-04 4.515220e-04 4.088308e-04
4.839972e+01 4.735480e-04 5.527674e-04 4.577464e-04 4.101302e-04
4.845172e+01 4.785946e-04 5.576413e-04 4.652094e-04 4.129331e-04
4.850372e+01 4.847360e-04 5.640588e-04 4.732673e-04 4.168818e-04
4.855572e+01 4.915326e-04 5.718068e-04 4.813610e-04 4.214298e-04
4.860772e+01 4.984841e-04 5.803858e-04 4.891647e-04 4.259017e-04
4.865972e+01 5.051263e-04 5.891408e-04 4.966355e-04 4.296027e-04
4.871172e+01 5.111260e-04 5.974319e-04 5.039760e-04 4.319701e-04
4.876372e+01 5.163502e-04 6.047783e-04 5.115464e-04 4.327259e-04
4.881572e+01 5.208884e-04 6.109250e-04 5.197673e-04 4.319730e-04
4.886772e+01 5.250135e-04 6.158210e-04 5.290343e-04 4.301850e-04
4.891972e+01 5.290932e-04 6.195455e-04 5.396527e-04 4.280812e-04
4.897172e+01 5.334818e-04 6.222373e-04 5.517812e-04 4.264270e-04
4.902372e+01 5.384268e-04 6.240615e-04 5.653842e-04 4.258346e-04
4.907572e+01 5.440170e-04 6.252115e-04 5.802014e-04 4.266380e-04
4.912772e+01 5.501825e-04 6.259154e-04 5.957529e-04 4.288792e-04
4.917972e+01 5.567380e-04 6.264225e-04 6.113961e-04 4.323953e-04
4.923172e+01 5.634476e-04 6.269675e-04 6.264295e-04 4.369458e-04
4.928372e+01 5.700892e-04 6.277349e-04 6.402171e-04 4.423157e-04
4.933572e+01 5.764973e-04 6.288480e-04 6.522934e-04 4.483506e-04
4.938772e+01 5.825764e-04 6.303897e-04 6.624153e-04 4.549241e-04
4.943972e+01 5.882898e-04 6.324408e-04 6.705501e-04 4.618785e-04
4.949172e+01 5.936403e-04 6.351162e-04 6.768165e-04 4.689883e-04
4.954372e+01 5.986600e-04 6.385914e-04 6.814131e-04 4.759754e-04
4.959572e+01 6.034213e-04 6.431260e-04 6.845708e-04 4.825670e-04
4.964772e+01 6.080666e-04 6.490891e-04 6.865497e-04 4.885610e-04
4.969972e+01 6.128388e-04 6.569756e-04 6.876788e-04 4.938621e-04
4.975172e+01 6.180922e-04 6.673837e-04 6.884136e-04 4.984792e-04
4.980372e+01 6.242666e-04 6.809220e-04 6.893757e-04 5.025022e-04
4.985572e+01 6.318246e-04 6.980434e-04 6.913398e-04 5.060907e-04
4.990772e+01 6.411610e-04 7.188450e-04 6.951498e-04 5.094882e-04
4.995972e+01 6.525069e-04 7.429033e-04 7.015727e-04 5.130447e-04
5.001172e+01 6.658500e-04 7.692190e-04 7.111219e-04 5.172089e-04
5.006372e+01 6.808949e-04 7.963167e-04 7.239070e-04 5.224611e-04
5.011572e+01 6.970853e-04 8.224991e-04 7.395605e-04 5.291963e-04
5.016772e+01 7.136971e-04 8.462028e-04 7.572821e-04 5.376064e-04
5.021972e+01 7.299939e-04 8.663615e-04 7.759964e-04 5.476239e-04
5.027172e+01 7.454026e-04 8.826620e-04 7.945832e-04 5.589626e-04
5.032372e+01 7.596450e-04 8.955907e-04 8.121089e-04 5.712354e-04
5.037572e+01 7.727670e-04 9.062289e-04 8.279875e-04 5.840846e-04
5.042772e+01 7.850421e-04 9.158480e-04 8.420280e-04 5.972503e-04
5.047972e+01 7.967858e-04 9.254427e-04 8.543715e-04 6.105432e-04
5.053172e+01 8.081661e-04 9.353881e-04 8.653551e-04 6.237549e-04
5.058372e+01 8.191001e-04 9.453609e-04 8.753571e-04 6.365823e-04
5.063572e+01 8.292887e-04 9.545627e-04 8.846652e-04 6.486383e-04
5.068772e+01 8.383679e-04 9.621500e-04 8.933892e-04 6.595645e-04
5.073972e+01 8.460983e-04 9.676876e-04 9.014216e-04 6.691857e-04
5.079172e+01 8.524997e-04 9.714423e-04 9.084471e-04 6.776096e-04
5.084372e+01 8.578726e-04 9.744108e-04 9.140071e-04 6.851999e-04
5.089572e+01 8.627118e-04 9.780918e-04 9.176223e-04 6.924212e-04
5.094772e+01 8.675663e-04 9.841081e-04 9.189584e-04 6.996324e-04
5.099972e+01 8.729121e-04 9.938147e-04 9.179907e-04 7.069308e-04
5.105172e+01 8.790765e-04 1.008003e-03 9.151034e-04 7.141234e-04
5.110372e+01 8.862160e-04 1.026751e-03 9.110665e-04 7.208309e-04
5.115572e+01 8.943255e-04 1.049426e-03 9.068778e-04 7.266733e-04
5.120772e+01 9.032619e-04 1.074815e-03 9.035144e-04 7.314561e-04
5.125972e+01 9.127791e-04 1.101360e-03 9.016837e-04 7.352939e-04
5.131172e+01 9.225849e-04 1.127444e-03 9.016719e-04 7.386389e-04
5.136372e+01 9.324181e-04 1.151690e-03 9.033505e-04 7.422137e-04
5.141572e+01 9.421288e-04 1.173182e-03 9.063412e-04 7.468631e-04
5.146772e+01 9.517244e-04 1.191552e-03 9.102708e-04 7.533505e-04
5.151972e+01 9.613534e-04 1.206911e-03 9.150163e-04 7.621328e-04
5.157172e+01 9.712217e-04 1.219658e-03 9.208420e-04 7.731656e-04
5.162372e+01 9.814694e-04 1.230233e-03 9.283733e-04 7.858021e-04
5.167572e+01 9.920618e-04 1.238928e-03 9.384123e-04 7.988447e-04
5.172772e+01 1.002744e-03 1.245807e-03 9.516537e-04 8.107701e-04
5.177972e+01 1.013081e-03 1.250763e-03 9.683906e-04 8.200900e-04
5.183172e+01 1.022578e-03 1.253683e-03 9.882958e-04 8.257545e-04
5.188372e+01 1.030813e-03 1.254628e-03 1.010339e-03 8.274726e-04
5.193572e+01 1.037549e-03 1.253935e-03 1.032867e-03 8.258448e-04
5.198772e+01 1.042758e-03 1.252179e-03 1.053837e-03 8.222583e-04
5.203972e+01 1.046574e-03 1.249991e-03 1.071160e-03 8.185708e-04
5.209172e+01 1.049187e-03 1.247804e-03 1.083082e-03 8.166737e-04
5.214372e+01 1.050728e-03 1.245610e-03 1.088517e-03 8.180569e-04
5.219572e+01 1.051193e-03 1.242848e-03 1.087245e-03 8.234861e-04
5.224772e+01 1.050412e-03 1.238452e-03 1.079917e-03 8.328672e-04
5.229972e+01 1.048085e-03 1.231073e-03 1.067868e-03 8.453130e-04
5.235172e+01 1.043862e-03 1.219409e-03 1.052795e-03 8.593816e-04
5.240372e+01 1.037448e-03 1.202537e-03 1.036389e-03 8.734168e-04
5.245572e+01 1.028709e-03 1.180183e-03 1.020033e-03 8.859099e-04
5.250772e+01 1.017756e-03 1.152827e-03 1.004639e-03 8.958010e-04
5.255972e+01 1.004983e-03 1.121646e-03 9.906465e-04 9.026559e-04
5.261172e+01 9.910459e-04 1.088307e-03 9.781454e-04 9.066849e-04
5.266372e+01 9.767749e-04 1.054681e-03 9.670355e-04 9.086077e-04
5.271572e+01 9.630327e-04 1.022535e-03 9.571496e-04 9.094132e-04
5.276772e+01 9.505517e-04 9.932783e-04 9.482866e-04 9.100902e-04
5.281972e+01 9.397940e-04 9.677996e-04 9.401709e-04 9.114114e-04
5.287172e+01 9.308810e-04 9.464169e-04 9.323994e-04 9.138267e-04
5.292372e+01 9.236187e-04 9.289343e-04 9.244469e-04 9.174749e-04
5.297572e+01 9.176039e-04 9.147752e-04 9.157629e-04 9.222738e-04
5.302772e+01 9.123644e-04 9.031432e-04 9.059269e-04 9.280232e-04
5.307972e+01 9.074727e-04 8.931664e-04 8.947847e-04 9.344670e-04
5.313172e+01 9.025974e-04 8.840045e-04 8.824864e-04 9.413013e-04
5.318372e+01 8.974989e-04 8.749316e-04 8.694022e-04 9.481630e-04
5.323572e+01 8.920102e-04 8.654193e-04 8.559550e-04 9.546562e-04
5.328772e+01 8.860466e-04 8.552281e-04 8.424592e-04 9.604526e-04
5.333972e+01 8.796584e-04 8.444829e-04 8.290411e-04 9.654510e-04
5.339172e+01 8.730951e-04 8.336824e-04 8.156753e-04 9.699278e-04
5.344372e+01 8.668308e-04 8.236017e-04 8.023058e-04 9.745850e-04
5.349572e+01 8.615041e-04 8.150887e-04 7.889890e-04 9.804347e-04
5.354772e+01 8.577717e-04 8.088073e-04 7.759889e-04 9.885190e-04
5.359972e+01 8.561154e-04 8.050142e-04 7.637874e-04 9.995447e-04
5.365172e+01 8.566721e-04 8.034532e-04 7.530069e-04 1.013556e-03
5.370372e+01 8.591532e-04 8.034087e-04 7.442777e-04 1.029773e-03
5.375572e+01 8.628879e-04 8.039036e-04 7.380948e-04 1.046665e-03
5.380772e+01 8.669799e-04 8.039735e-04 7.347113e-04 1.062255e-03
5.385972e+01 8.705243e-04 8.029214e-04 7.340932e-04 1.074558e-03
5.391172e+01 8.728131e-04 8.004660e-04 7.359399e-04 1.082034e-03
5.396372e+01 8.734623e-04 7.967336e-04 7.397524e-04 1.083901e-03
5.401572e+01 8.724249e-04 7.921010e-04 7.449188e-04 1.080255e-03
5.406772e+01 8.699026e-04 7.869555e-04 7.507933e-04 1.071959e-03
5.411972e+01 8.662033e-04 7.814746e-04 7.567602e-04 1.060375e-03
5.417172e+01 8.616123e-04 7.755212e-04 7.622891e-04 1.047027e-03
5.422372e+01 8.563298e-04 7.687063e-04 7.669889e-04 1.033294e-03
5.427572e+01 8.504889e-04 7.605962e-04 7.706566e-04 1.020214e-03
5.432772e+01 8.442270e-04 7.509786e-04 7.732979e-04 1.008404e-03
5.437972e+01 8.377537e-04 7.400686e-04 7.750929e-04 9.980995e-04
5.443172e+01 8.313651e-04 7.285579e-04 7.762982e-04 9.892393e-04
5.448372e+01 8.253833e-04 7.174673e-04 7.771080e-04 9.815744e-04
5.453572e+01 8.200439e-04 7.078442e-04 7.775297e-04 9.747578e-04
5.458772e+01 8.153891e-04 7.004119e-04 7.773303e-04 9.684252e-04
5.463972e+01 8.112226e-04 6.953077e-04 7.760875e-04 9.622727e-04
5.469172e+01 8.071637e-04 6.920257e-04 7.733376e-04 9.561279e-04
5.474372e+01 8.027901e-04 6.896012e-04 7.687773e-04 9.499917e-04
5.479572e+01 7.978185e-04 6.869800e-04 7.624539e-04 9.440215e-04
5.484772e+01 7.922536e-04 6.834334e-04 7.548808e-04 9.384465e-04
5.489972e+01 7.864415e-04 6.788598e-04 7.470269e-04 9.334377e-04
5.495172e+01 7.810032e-04 6.738564e-04 7.401623e-04 9.289907e-04
5.500372e+01 7.766656e-04 6.695370e-04 7.355812e-04 9.248786e-04
5.505572e+01 7.740450e-04 6.671614e-04 7.342742e-04 9.206995e-04
5.510772e+01 7.734506e-04 6.677041e-04 7.366507e-04 9.159971e-04
5.515972e+01 7.747672e-04 6.714976e-04 7.424093e-04 9.103948e-04
5.521172e+01 7.774536e-04 6.780626e-04 7.506102e-04 9.036882e-04
5.526372e+01 7.806617e-04 6.861776e-04 7.599328e-04 8.958747e-04
5.531572e+01 7.834503e-04 6.941720e-04 7.690366e-04 8.871422e-04
5.536772e+01 7.850392e-04 7.003588e-04 7.769096e-04 8.778493e-04
5.541972e+01 7.850300e-04 7.034728e-04 7.831024e-04 8.685147e-04
5.547172e+01 7.835200e-04 7.029775e-04 7.877904e-04 8.597921e-04
5.552372e+01 7.810682e-04 6.991461e-04 7.916650e-04 8.523934e-04
5.557572e+01 7.785185e-04 6.929098e-04 7.957041e-04 8.469416e-04
5.562772e+01 7.767395e-04 6.855439e-04 8.008877e-04 8.437870e-04
5.567972e+01 7.763677e-04 6.783142e-04 8.079260e-04 8.428629e-04
5.573172e+01 7.776351e-04 6.721968e-04 8.170517e-04 8.436569e-04
5.578372e+01 7.803283e-04 6.677385e-04 8.279120e-04 8.453344e-04
5.583572e+01 7.838765e-04 6.650616e-04 8.395873e-04 8.469804e-04
5.588772e+01 7.875284e-04 6.639706e-04 8.507449e-04 8.478697e-04
5.593972e+01 7.905566e-04 6.641015e-04 8.599078e-04 8.476606e-04
5.599172e+01 7.924270e-04 6.650621e-04 8.657828e-04 8.464362e-04
5.604372e+01 7.928896e-04 6.665303e-04 8.675593e-04 8.445791e-04
5.609572e+01 7.919754e-04 6.683008e-04 8.650912e-04 8.425341e-04
5.614772e+01 7.899164e-04 6.702842e-04 8.589039e-04 8.405610e-04
5.619972e+01 7.870268e-04 6.724713e-04 8.500278e-04 8.385812e-04
5.625172e+01 7.835899e-04 6.748784e-04 8.397103e-04 8.361810e-04
5.630372e+01 7.797803e-04 6.774850e-04 8.290932e-04 8.327627e-04
5.635572e+01 7.756255e-04 6.801741e-04 8.189356e-04 8.277668e-04
5.640772e+01 7.709950e-04 6.826818e-04 8.094433e-04 8.208597e-04
5.645972e+01 7.656003e-04 6.845662e-04 8.002340e-04 8.120005e-04
5.651172e+01 7.590018e-04 6.852068e-04 7.904364e-04 8.013622e-04
5.656372e+01 7.506279e-04 6.838433e-04 7.788940e-04 7.891465e-04
5.661572e+01 7.398134e-04 6.796488e-04 7.644154e-04 7.753760e-04
5.666772e+01 7.258568e-04 6.718189e-04 7.459995e-04 7.597519e-04
5.671972e+01 7.080815e-04 6.596462e-04 7.229692e-04 7.416291e-04
