7.576354e+00 0.000000e+00 0.000000e+00 0.000000e+00 0.000000e+00
7.625325e+00 0.000000e+00 0.000000e+00 0.000000e+00 0.000000e+00
7.674295e+00 0.000000e+00 0.000000e+00 0.000000e+00 0.000000e+00
7.723266e+00 0.000000e+00 0.000000e+00 0.000000e+00 0.000000e+00
7.772236e+00 0.000000e+00 0.000000e+00 0.000000e+00 0.000000e+00
7.821207e+00 0.000000e+00 0.000000e+00 0.000000e+00 0.000000e+00
7.870178e+00 0.000000e+00 0.000000e+00 0.000000e+00 0.000000e+00
7.919148e+00 0.000000e+00 0.000000e+00 0.000000e+00 0.000000e+00
7.968119e+00 0.000000e+00 0.000000e+00 0.000000e+00 0.000000e+00
8.017089e+00 0.000000e+00 0.000000e+00 0.000000e+00 0.000000e+00
8.066060e+00 0.000000e+00 0.000000e+00 0.000000e+00 0.000000e+00
8.115031e+00 0.000000e+00 0.000000e+00 0.000000e+00 0.000000e+00
8.164001e+00 0.000000e+00 0.000000e+00 0.000000e+00 0.000000e+00
8.212972e+00 0.000000e+00 0.000000e+00 0.000000e+00 0.000000e+00
8.261942e+00 0.000000e+00 0.000000e+00 0.000000e+00 0.000000e+00
8.310913e+00 0.000000e+00 0.000000e+00 0.000000e+00 0.000000e+00
8.359884e+00 0.000000e+00 0.000000e+00 0.000000e+00 0.000000e+00
8.408854e+00 0.000000e+00 0.000000e+00 0.000000e+00 0.000000e+00
8.457825e+00 0.000000e+00 0.000000e+00 0.000000e+00 0.000000e+00
8.506795e+00 0.000000e+00 0.000000e+00 0.000000e+00 0.000000e+00
8.555766e+00 0.000000e+00 0.000000e+00 0.000000e+00 0.000000e+00
8.604737e+00 0.000000e+00 0.000000e+00 0.000000e+00 0.000000e+00
8.653707e+00 0.000000e+00 0.000000e+00 0.000000e+00 0.000000e+00
8.702678e+00 0.000000e+00 0.000000e+00 0.000000e+00 0.000000e+00
8.751648e+00 0.000000e+00 0.000000e+00 0.000000e+00 0.000000e+00
8.800619e+00 0.000000e+00 0.000000e+00 0.000000e+00 0.000000e+00
8.849590e+00 0.000000e+00 0.000000e+00 0.000000e+00 0.000000e+00
8.898560e+00 0.000000e+00 0.000000e+00 0.000000e+00 0.000000e+00
8.947531e+00 0.000000e+00 0.000000e+00 0.000000e+00 0.000000e+00
8.996501e+00 0.000000e+00 0.000000e+00 0.000000e+00 0.000000e+00
9.045472e+00 0.000000e+00 0.000000e+00 0.000000e+00 0.000000e+00
9.094443e+00 0.000000e+00 0.000000e+00 0.000000e+00 0.000000e+00
9.143413e+00 0.000000e+00 0.000000e+00 0.000000e+00 0.000000e+00
9.192384e+00 0.000000e+00 0.000000e+00 0.000000e+00 0.000000e+00
9.241354e+00 0.000000e+00 0.000000e+00 0.000000e+00 0.000000e+00
9.290325e+00 0.000000e+00 0.000000e+00 0.000000e+00 0.000000e+00
9.339296e+00 0.000000e+00 0.000000e+00 0.000000e+00 0.000000e+00
9.388266e+00 0.000000e+00 0.000000e+00 0.000000e+00 0.000000e+00
9.437237e+00 0.000000e+00 0.000000e+00 0.000000e+00 0.000000e+00
9.486207e+00 0.000000e+00 0.000000e+00 0.000000e+00 0.000000e+00
9.535178e+00 0.000000e+00 0.000000e+00 0.000000e+00 0.000000e+00
9.584149e+00 0.000000e+00 0.000000e+00 0.000000e+00 0.000000e+00
9.633119e+00 0.000000e+00 0.000000e+00 0.000000e+00 0.000000e+00
9.682090e+00 0.000000e+00 0.000000e+00 0.000000e+00 0.000000e+00
9.731060e+00 0.000000e+00 0.000000e+00 0.000000e+00 0.000000e+00
9.780031e+00 0.000000e+00 0.000000e+00 0.000000e+00 0.000000e+00
9.829002e+00 0.000000e+00 0.000000e+00 0.000000e+00 0.000000e+00
9.877972e+00 0.000000e+00 0.000000e+00 0.000000e+00 0.000000e+00
9.926943e+00 0.000000e+00 0.000000e+00 0.000000e+00 0.000000e+00
9.975913e+00 0.000000e+00 0.000000e+00 0.000000e+00 0.000000e+00
1.002488e+01 0.000000e+00 0.000000e+00 0.000000e+00 0.000000e+00
1.007385e+01 0.000000e+00 0.000000e+00 0.000000e+00 0.000000e+00
1.012283e+01 0.000000e+00 0.000000e+00 0.000000e+00 0.000000e+00
1.017180e+01 0.000000e+00 0.000000e+00 0.000000e+00 0.000000e+00
1.022077e+01 0.000000e+00 0.000000e+00 0.000000e+00 0.000000e+00
1.026974e+01 0.000000e+00 0.000000e+00 0.000000e+00 0.000000e+00
1.031871e+01 0.000000e+00 0.000000e+00 0.000000e+00 0.000000e+00
1.036768e+01 0.000000e+00 0.000000e+00 0.000000e+00 0.000000e+00
1.041665e+01 0.000000e+00 0.000000e+00 0.000000e+00 0.000000e+00
1.046562e+01 0.000000e+00 0.000000e+00 0.000000e+00 0.000000e+00
1.051459e+01 0.000000e+00 0.000000e+00 0.000000e+00 0.000000e+00
1.056356e+01 0.000000e+00 0.000000e+00 0.000000e+00 0.000000e+00
1.061253e+01 0.000000e+00 0.000000e+00 0.000000e+00 0.000000e+00
1.066150e+01 0.000000e+00 0.000000e+00 0.000000e+00 0.000000e+00
1.071047e+01 0.000000e+00 0.000000e+00 0.000000e+00 0.000000e+00
1.075944e+01 0.000000e+00 0.000000e+00 0.000000e+00 0.000000e+00
1.080841e+01 0.000000e+00 0.000000e+00 0.000000e+00 0.000000e+00
1.085738e+01 0.000000e+00 0.000000e+00 0.000000e+00 0.000000e+00
1.090635e+01 0.000000e+00 0.000000e+00 0.000000e+00 0.000000e+00
1.095533e+01 0.000000e+00 0.000000e+00 0.000000e+00 0.000000e+00
1.100430e+01 0.000000e+00 0.000000e+00 0.000000e+00 0.000000e+00
1.105327e+01 0.000000e+00 0.000000e+00 0.000000e+00 0.000000e+00
1.110224e+01 0.000000e+00 0.000000e+00 0.000000e+00 0.000000e+00
1.115121e+01 0.000000e+00 0.000000e+00 0.000000e+00 0.000000e+00
1.120018e+01 0.000000e+00 0.000000e+00 0.000000e+00 0.000000e+00
1.124915e+01 0.000000e+00 0.000000e+00 0.000000e+00 0.000000e+00
1.129812e+01 0.000000e+00 0.000000e+00 0.000000e+00 0.000000e+00
1.134709e+01 0.000000e+00 0.000000e+00 0.000000e+00 0.000000e+00
1.139606e+01 0.000000e+00 0.000000e+00 0.000000e+00 0.000000e+00
1.144503e+01 7.594099e-14 3.708629e-14 5.488026e-15 1.852487e-13
1.149400e+01 6.083485e-13 3.046968e-13 5.689029e-14 1.463458e-12
1.154297e+01 2.951613e-12 1.487800e-12 2.940088e-13 7.073030e-12
1.159194e+01 1.180978e-11 5.963186e-12 1.196380e-12 2.826976e-11
1.164091e+01 4.378099e-11 2.212979e-11 4.486509e-12 1.047267e-10
1.168988e+01 1.566473e-10 7.913495e-11 1.618947e-11 3.746174e-10
1.173885e+01 5.236184e-10 2.644292e-10 5.453610e-11 1.251890e-09
1.178783e+01 1.649711e-09 8.332845e-10 1.732135e-10 3.942635e-09
1.183680e+01 4.930134e-09 2.489993e-09 5.212733e-10 1.177914e-08
1.188577e+01 1.398318e-08 7.058943e-09 1.486987e-09 3.340360e-08
1.193474e+01 3.766210e-08 1.899548e-08 4.022502e-09 8.996831e-08
1.198371e+01 9.638800e-08 4.854858e-08 1.032374e-08 2.302917e-07
1.203268e+01 2.345508e-07 1.179165e-07 2.515051e-08 5.605854e-07
1.208165e+01 5.430262e-07 2.723347e-07 5.819057e-08 1.298553e-06
1.213062e+01 1.196842e-06 5.984326e-07 1.279334e-07 2.864160e-06
1.217959e+01 2.512595e-06 1.251835e-06 2.674029e-07 6.018547e-06
1.222856e+01 5.026618e-06 2.494049e-06 5.316297e-07 1.205418e-05
1.227753e+01 9.586119e-06 4.734265e-06 1.005771e-06 2.301832e-05
1.232650e+01 1.743030e-05 8.564455e-06 1.811277e-06 4.191515e-05
1.237547e+01 3.021836e-05 1.476700e-05 3.105780e-06 7.278231e-05
1.242444e+01 4.994307e-05 2.426652e-05 5.071141e-06 1.204915e-04
1.247341e+01 7.866435e-05 3.799721e-05 7.884605e-06 1.901112e-04
1.252238e+01 1.180248e-04 5.667165e-05 1.167140e-05 2.857315e-04
1.257136e+01 1.685780e-04 8.046972e-05 1.644395e-05 4.088204e-04
1.262033e+01 2.290652e-04 1.087146e-04 2.204190e-05 5.564390e-04
1.266930e+01 2.958830e-04 1.396481e-04 2.809492e-05 7.199059e-04
1.271827e+01 3.630314e-04 1.704346e-04 3.403200e-05 8.846276e-04
1.276724e+01 4.227595e-04 1.974851e-04 3.915187e-05 1.031642e-03
1.281621e+01 4.669186e-04 2.170949e-04 4.275046e-05 1.140911e-03
1.286518e+01 4.887471e-04 2.262622e-04 4.427712e-05 1.195702e-03
1.291415e+01 4.845684e-04 2.234488e-04 4.347438e-05 1.186782e-03
1.296312e+01 4.548307e-04 2.090319e-04 4.045541e-05 1.115005e-03
1.301209e+01 4.041072e-04 1.852887e-04 3.569402e-05 9.913389e-04
1.306106e+01 3.400537e-04 1.559312e-04 2.993713e-05 8.342929e-04
1.311003e+01 2.717137e-04 1.253850e-04 2.408378e-05 6.656725e-04
1.315900e+01 2.077821e-04 9.809412e-05 1.909372e-05 5.061585e-04
1.320797e+01 1.553901e-04 7.809854e-05 1.598129e-05 3.720905e-04
1.325694e+01 1.196932e-04 6.897882e-05 1.591795e-05 2.741829e-04
1.330591e+01 1.041780e-04 7.407570e-05 2.041793e-05 2.180404e-04
1.335488e+01 1.113176e-04 9.674450e-05 3.152753e-05 2.056807e-04
1.340386e+01 1.431077e-04 1.403652e-04 5.189780e-05 2.370600e-04
1.345283e+01 2.011206e-04 2.079177e-04 8.461345e-05 3.108307e-04
1.350180e+01 2.859696e-04 3.011300e-04 1.327043e-04 4.240746e-04
1.355077e+01 3.963828e-04 4.194456e-04 1.983895e-04 5.713132e-04
1.359974e+01 5.283410e-04 5.592526e-04 2.822758e-04 7.434946e-04
1.364871e+01 6.748318e-04 7.138569e-04 3.828752e-04 9.277634e-04
1.369768e+01 8.266375e-04 8.745088e-04 4.968112e-04 1.108592e-03
1.374665e+01 9.742137e-04 1.032417e-03 6.198855e-04 1.270338e-03
1.379562e+01 1.110226e-03 1.181238e-03 7.487941e-04 1.400646e-03
1.384459e+01 1.231910e-03 1.319198e-03 8.829079e-04 1.493624e-03
1.389356e+01 1.342334e-03 1.450016e-03 1.025392e-03 1.551593e-03
1.394253e+01 1.449979e-03 1.582157e-03 1.183178e-03 1.584600e-03
1.399150e+01 1.566728e-03 1.726594e-03 1.365874e-03 1.607715e-03
1.404047e+01 1.705025e-03 1.893860e-03 1.584193e-03 1.637024e-03
1.408944e+01 1.875312e-03 2.091477e-03 1.848692e-03 1.685768e-03
1.413841e+01 2.084621e-03 2.322637e-03 2.169167e-03 1.762058e-03
1.418738e+01 2.336569e-03 2.586443e-03 2.554395e-03 1.868869e-03
1.423636e+01 2.632248e-03 2.879287e-03 3.011372e-03 2.006084e-03
1.428533e+01 2.971058e-03 3.196447e-03 3.543265e-03 2.173461e-03
1.433430e+01 3.350658e-03 3.532873e-03 4.146068e-03 2.373033e-03
1.438327e+01 3.765691e-03 3.882549e-03 4.804920e-03 2.609604e-03
1.443224e+01 4.205662e-03 4.236527e-03 5.491733e-03 2.888728e-03
1.448121e+01 4.652908e-03 4.580570e-03 6.165652e-03 3.212502e-03
1.453018e+01 5.081810e-03 4.893855e-03 6.777024e-03 3.574552e-03
1.457915e+01 5.460252e-03 5.150139e-03 7.274362e-03 3.956257e-03
1.462812e+01 5.753700e-03 5.321988e-03 7.612792e-03 4.326320e-03
1.467709e+01 5.931398e-03 5.387299e-03 7.761977e-03 4.644919e-03
1.472606e+01 5.973234e-03 5.336052e-03 7.711610e-03 4.872041e-03
1.477503e+01 5.875184e-03 5.174671e-03 7.473152e-03 4.977730e-03
1.482400e+01 5.651385e-03 4.925988e-03 7.077361e-03 4.950804e-03
1.487297e+01 5.331797e-03 4.624421e-03 6.568261e-03 4.802708e-03
1.492194e+01 4.955949e-03 4.307883e-03 5.995096e-03 4.564867e-03
1.497091e+01 4.564636e-03 4.009180e-03 5.404388e-03 4.280340e-03
1.501989e+01 4.192174e-03 3.749718e-03 4.834009e-03 3.992794e-03
1.506886e+01 3.861458e-03 3.537288e-03 4.310390e-03 3.736697e-03
1.511783e+01 3.582920e-03 3.368073e-03 3.848808e-03 3.531878e-03
1.516680e+01 3.357000e-03 3.231607e-03 3.455773e-03 3.383618e-03
1.521577e+01 3.178674e-03 3.116689e-03 3.132124e-03 3.287209e-03
1.526474e+01 3.042120e-03 3.016287e-03 2.875670e-03 3.234402e-03
1.531371e+01 2.943987e-03 2.930183e-03 2.682855e-03 3.218923e-03
1.536268e+01 2.884536e-03 2.865017e-03 2.549484e-03 3.239105e-03
1.541165e+01 2.866797e-03 2.832240e-03 2.470940e-03 3.297211e-03
1.546062e+01 2.894532e-03 2.844942e-03 2.442267e-03 3.396388e-03
1.550959e+01 2.969915e-03 2.914526e-03 2.458324e-03 3.536896e-03
1.555856e+01 3.091672e-03 3.047884e-03 2.513940e-03 3.713191e-03
1.560753e+01 3.254009e-03 3.245340e-03 2.603892e-03 3.912794e-03
1.565650e+01 3.446350e-03 3.499388e-03 2.722551e-03 4.117112e-03
1.570547e+01 3.653788e-03 3.794319e-03 2.863254e-03 4.303791e-03
1.575444e+01 3.858177e-03 4.106934e-03 3.017644e-03 4.449953e-03
1.580341e+01 4.039877e-03 4.408640e-03 3.175356e-03 4.535635e-03
1.585239e+01 4.180081e-03 4.668986e-03 3.324385e-03 4.546874e-03
1.590136e+01 4.263485e-03 4.860239e-03 3.452232e-03 4.477983e-03
1.595033e+01 4.280817e-03 4.962136e-03 3.547650e-03 4.332665e-03
1.599930e+01 4.230646e-03 4.965634e-03 3.602542e-03 4.123763e-03
1.604827e+01 4.119916e-03 4.874618e-03 3.613467e-03 3.871662e-03
1.609724e+01 3.962944e-03 4.704952e-03 3.582351e-03 3.601529e-03
1.614621e+01 3.778952e-03 4.480958e-03 3.516147e-03 3.339750e-03
1.619518e+01 3.588542e-03 4.230099e-03 3.425494e-03 3.110032e-03
1.624415e+01 3.409814e-03 3.977176e-03 3.322543e-03 2.929723e-03
1.629312e+01 3.254945e-03 3.739530e-03 3.218332e-03 2.806972e-03
1.634209e+01 3.128036e-03 3.524504e-03 3.120220e-03 2.739384e-03
1.639106e+01 3.024826e-03 3.329806e-03 3.030002e-03 2.714671e-03
1.644003e+01 2.934454e-03 3.146528e-03 2.943395e-03 2.713437e-03
1.648900e+01 2.842909e-03 2.963793e-03 2.851293e-03 2.713641e-03
1.653797e+01 2.737308e-03 2.773503e-03 2.742728e-03 2.695693e-03
1.658694e+01 2.609778e-03 2.573721e-03 2.608791e-03 2.646823e-03
1.663591e+01 2.459814e-03 2.369726e-03 2.446262e-03 2.563456e-03
1.668489e+01 2.294424e-03 2.172642e-03 2.259651e-03 2.450981e-03
1.673386e+01 2.126113e-03 1.996305e-03 2.060856e-03 2.321178e-03
1.678283e+01 1.969467e-03 1.853542e-03 1.866530e-03 2.188330e-03
1.683180e+01 1.837533e-03 1.753080e-03 1.694083e-03 2.065434e-03
1.688077e+01 1.739092e-03 1.697929e-03 1.557672e-03 1.961676e-03
1.692974e+01 1.677523e-03 1.685474e-03 1.465379e-03 1.881714e-03
1.697871e+01 1.651254e-03 1.708996e-03 1.418206e-03 1.826559e-03
1.702768e+01 1.655372e-03 1.759953e-03 1.410840e-03 1.795324e-03
1.707665e+01 1.683682e-03 1.830366e-03 1.433674e-03 1.787006e-03
1.712562e+01 1.730632e-03 1.914768e-03 1.475373e-03 1.801755e-03
1.717459e+01 1.792753e-03 2.011435e-03 1.525364e-03 1.841460e-03
1.722356e+01 1.869477e-03 2.122817e-03 1.575789e-03 1.909824e-03
1.727253e+01 1.963339e-03 2.255184e-03 1.622666e-03 2.012166e-03
1.732150e+01 2.079596e-03 2.417593e-03 1.666141e-03 2.155054e-03
1.737047e+01 2.225283e-03 2.620272e-03 1.709906e-03 2.345672e-03
1.741944e+01 2.407731e-03 2.872468e-03 1.760007e-03 2.590719e-03
1.746842e+01 2.632632e-03 3.179815e-03 1.823413e-03 2.894669e-03
1.751739e+01 2.901857e-03 3.541322e-03 1.906806e-03 3.257442e-03
1.756636e+01 3.211375e-03 3.946357e-03 2.015963e-03 3.671805e-03
1.761533e+01 3.549799e-03 4.372420e-03 2.155879e-03 4.121097e-03
1.766430e+01 3.898138e-03 4.784847e-03 2.331468e-03 4.578101e-03
1.771327e+01 4.231269e-03 5.139600e-03 2.548274e-03 5.005933e-03
1.776224e+01 4.521201e-03 5.389549e-03 2.812482e-03 5.361573e-03
1.781121e+01 4.741646e-03 5.493444e-03 3.129511e-03 5.601983e-03
1.786018e+01 4.872731e-03 5.425334e-03 3.500998e-03 5.691859e-03
1.790915e+01 4.904432e-03 5.181514e-03 3.920643e-03 5.611139e-03
1.795812e+01 4.837580e-03 4.782456e-03 4.370263e-03 5.360022e-03
1.800709e+01 4.682156e-03 4.268827e-03 4.817878e-03 4.959762e-03
1.805606e+01 4.453666e-03 3.692736e-03 5.219480e-03 4.448783e-03
1.810503e+01 4.169128e-03 3.107046e-03 5.525153e-03 3.875187e-03
1.815400e+01 3.844181e-03 2.555995e-03 5.688650e-03 3.287897e-03
1.820297e+01 3.492138e-03 2.069534e-03 5.677984e-03 2.728895e-03
1.825194e+01 3.124781e-03 1.662156e-03 5.483871e-03 2.228315e-03
1.830092e+01 2.753914e-03 1.335412e-03 5.123288e-03 1.803041e-03
1.834989e+01 2.392577e-03 1.082406e-03 4.637019e-03 1.458305e-03
1.839886e+01 2.055225e-03 8.924975e-04 4.082012e-03 1.191165e-03
1.844783e+01 1.756844e-03 7.549997e-04 3.520959e-03 9.945743e-04
1.849680e+01 1.511445e-03 6.613905e-04 3.011966e-03 8.609779e-04
1.854577e+01 1.330491e-03 6.061218e-04 2.600606e-03 7.847447e-04
1.859474e+01 1.221621e-03 5.864029e-04 2.315377e-03 7.630815e-04
1.864371e+01 1.187732e-03 6.013661e-04 2.166402e-03 7.954267e-04
1.869268e+01 1.226378e-03 6.509434e-04 2.146569e-03 8.816214e-04
1.874165e+01 1.329462e-03 7.346747e-04 2.234266e-03 1.019446e-03
1.879062e+01 1.483374e-03 8.506032e-04 2.397208e-03 1.202312e-03
1.883959e+01 1.669822e-03 9.943933e-04 2.597154e-03 1.417920e-03
1.888856e+01 1.867523e-03 1.158819e-03 2.795263e-03 1.648488e-03
1.893753e+01 2.054676e-03 1.333782e-03 2.957564e-03 1.872682e-03
1.898650e+01 2.211814e-03 1.506978e-03 3.059629e-03 2.068836e-03
1.903547e+01 2.324407e-03 1.665222e-03 3.089402e-03 2.218596e-03
1.908444e+01 2.384565e-03 1.796241e-03 3.047500e-03 2.309954e-03
1.913342e+01 2.391431e-03 1.890524e-03 2.944917e-03 2.338852e-03
1.918239e+01 2.350225e-03 1.942751e-03 2.798866e-03 2.309058e-03
1.923136e+01 2.270307e-03 1.952366e-03 2.628012e-03 2.230542e-03
1.928033e+01 2.162864e-03 1.923172e-03 2.448424e-03 2.116995e-03
1.932930e+01 2.038869e-03 1.862141e-03 2.271197e-03 1.983268e-03
1.937827e+01 1.907735e-03 1.777878e-03 2.102029e-03 1.843297e-03
1.942724e+01 1.776807e-03 1.679215e-03 1.942404e-03 1.708803e-03
1.947621e+01 1.651510e-03 1.574217e-03 1.791584e-03 1.588729e-03
1.952518e+01 1.535818e-03 1.469685e-03 1.648586e-03 1.489183e-03
1.957415e+01 1.432700e-03 1.371012e-03 1.513479e-03 1.413609e-03
1.962312e+01 1.344328e-03 1.282227e-03 1.387767e-03 1.362990e-03
1.967209e+01 1.272023e-03 1.206091e-03 1.273939e-03 1.336037e-03
1.972106e+01 1.216050e-03 1.144183e-03 1.174568e-03 1.329399e-03
1.977003e+01 1.175454e-03 1.096964e-03 1.091375e-03 1.338023e-03
1.981900e+01 1.148083e-03 1.063864e-03 1.024646e-03 1.355738e-03
1.986797e+01 1.130878e-03 1.043392e-03 9.731591e-04 1.376081e-03
1.991695e+01 1.120385e-03 1.033320e-03 9.345993e-04 1.393235e-03
1.996592e+01 1.113346e-03 1.030938e-03 9.062144e-04 1.402884e-03
2.001489e+01 1.107201e-03 1.033384e-03 8.854501e-04 1.402768e-03
2.006386e+01 1.100367e-03 1.037984e-03 8.703213e-04 1.392796e-03
2.011283e+01 1.092222e-03 1.042530e-03 8.594410e-04 1.374694e-03
2.016180e+01 1.082848e-03 1.045426e-03 8.517853e-04 1.351334e-03
2.021077e+01 1.072660e-03 1.045662e-03 8.463747e-04 1.325943e-03
2.025974e+01 1.062036e-03 1.042663e-03 8.420534e-04 1.301392e-03
2.030871e+01 1.051080e-03 1.036063e-03 8.374629e-04 1.279716e-03
2.035768e+01 1.039515e-03 1.025496e-03 8.311883e-04 1.261860e-03
2.040665e+01 1.026702e-03 1.010476e-03 8.219752e-04 1.247656e-03
2.045562e+01 1.011739e-03 9.903856e-04 8.089025e-04 1.235929e-03
2.050459e+01 9.935956e-04 9.646008e-04 7.914529e-04 1.224733e-03
2.055356e+01 9.712976e-04 9.327111e-04 7.695010e-04 1.211681e-03
2.060253e+01 9.441581e-04 8.948057e-04 7.432863e-04 1.194382e-03
2.065150e+01 9.120370e-04 8.517391e-04 7.134253e-04 1.170947e-03
2.070047e+01 8.755699e-04 8.052795e-04 6.809568e-04 1.140473e-03
2.074945e+01 8.362681e-04 7.580485e-04 6.473545e-04 1.103401e-03
2.079842e+01 7.964115e-04 7.132108e-04 6.144249e-04 1.061599e-03
2.084739e+01 7.587147e-04 6.739612e-04 5.840589e-04 1.018124e-03
2.089636e+01 7.258425e-04 6.429442e-04 5.578887e-04 9.766946e-04
2.094533e+01 6.999216e-04 6.217857e-04 5.369688e-04 9.410103e-04
2.099430e+01 6.822101e-04 6.108880e-04 5.216032e-04 9.141390e-04
2.104327e+01 6.730262e-04 6.095473e-04 5.113829e-04 8.981484e-04
2.109224e+01 6.719381e-04 6.163356e-04 5.054079e-04 8.940710e-04
2.114121e+01 6.781166e-04 6.295999e-04 5.026020e-04 9.021479e-04
2.119018e+01 6.907019e-04 6.479081e-04 5.020123e-04 9.221852e-04
2.123915e+01 7.090500e-04 6.703111e-04 5.030163e-04 9.538225e-04
2.128812e+01 7.327828e-04 6.963746e-04 5.054102e-04 9.965636e-04
2.133709e+01 7.616502e-04 7.260178e-04 5.093930e-04 1.049540e-03
2.138606e+01 7.952743e-04 7.592449e-04 5.154792e-04 1.111099e-03
2.143503e+01 8.328868e-04 7.958688e-04 5.243791e-04 1.178412e-03
2.148400e+01 8.731707e-04 8.353096e-04 5.368847e-04 1.247318e-03
2.153297e+01 9.142896e-04 8.765197e-04 5.538005e-04 1.312549e-03
2.158195e+01 9.541349e-04 9.180563e-04 5.759546e-04 1.368394e-03
2.163092e+01 9.907492e-04 9.582889e-04 6.042999e-04 1.409659e-03
2.167989e+01 1.022818e-03 9.956971e-04 6.400800e-04 1.432678e-03
2.172886e+01 1.050087e-03 1.029188e-03 6.849872e-04 1.436085e-03
2.177783e+01 1.073559e-03 1.058354e-03 7.412117e-04 1.421110e-03
2.182680e+01 1.095406e-03 1.083614e-03 8.112845e-04 1.391320e-03
2.187577e+01 1.118590e-03 1.106205e-03 8.976522e-04 1.351913e-03
2.192474e+01 1.146280e-03 1.128049e-03 1.002000e-03 1.308790e-03
2.197371e+01 1.181205e-03 1.151513e-03 1.124434e-03 1.267668e-03
2.202268e+01 1.225081e-03 1.179110e-03 1.262720e-03 1.233413e-03
2.207165e+01 1.278230e-03 1.213154e-03 1.411862e-03 1.209674e-03
2.212062e+01 1.339479e-03 1.255411e-03 1.564241e-03 1.198785e-03
2.216959e+01 1.406352e-03 1.306753e-03 1.710458e-03 1.201846e-03
2.221856e+01 1.475516e-03 1.366859e-03 1.840777e-03 1.218910e-03
2.226753e+01 1.543353e-03 1.433998e-03 1.946854e-03 1.249208e-03
2.231650e+01 1.606527e-03 1.504947e-03 2.023268e-03 1.291368e-03
2.236548e+01 1.662372e-03 1.575137e-03 2.068418e-03 1.343563e-03
2.241445e+01 1.709050e-03 1.639068e-03 2.084533e-03 1.403548e-03
2.246342e+01 1.745477e-03 1.691041e-03 2.076831e-03 1.468558e-03
2.251239e+01 1.771142e-03 1.726146e-03 2.052146e-03 1.535132e-03
2.256136e+01 1.785933e-03 1.741328e-03 2.017447e-03 1.599022e-03
2.261033e+01 1.790092e-03 1.736287e-03 1.978643e-03 1.655347e-03
2.265930e+01 1.784311e-03 1.713935e-03 1.939886e-03 1.699114e-03
2.270827e+01 1.769887e-03 1.680195e-03 1.903401e-03 1.726067e-03
2.275724e+01 1.748815e-03 1.643135e-03 1.869687e-03 1.733624e-03
2.280621e+01 1.723687e-03 1.611564e-03 1.837908e-03 1.721588e-03
2.285518e+01 1.697341e-03 1.593394e-03 1.806304e-03 1.692324e-03
2.290415e+01 1.672324e-03 1.594136e-03 1.772546e-03 1.650290e-03
2.295312e+01 1.650317e-03 1.615872e-03 1.734042e-03 1.601037e-03
2.300209e+01 1.631726e-03 1.656931e-03 1.688268e-03 1.549977e-03
2.305106e+01 1.615609e-03 1.712343e-03 1.633181e-03 1.501301e-03
2.310003e+01 1.599990e-03 1.774958e-03 1.567683e-03 1.457331e-03
2.314900e+01 1.582480e-03 1.836932e-03 1.492055e-03 1.418452e-03
2.319798e+01 1.560991e-03 1.891201e-03 1.408193e-03 1.383577e-03
2.324695e+01 1.534329e-03 1.932544e-03 1.319519e-03 1.350924e-03
2.329592e+01 1.502468e-03 1.958014e-03 1.230517e-03 1.318874e-03
2.334489e+01 1.466446e-03 1.966715e-03 1.145984e-03 1.286639e-03
2.339386e+01 1.427974e-03 1.959157e-03 1.070191e-03 1.254575e-03
2.344283e+01 1.388925e-03 1.936511e-03 1.006168e-03 1.224096e-03
2.349180e+01 1.350879e-03 1.900076e-03 9.553001e-04 1.197262e-03
2.354077e+01 1.314862e-03 1.851100e-03 9.173032e-04 1.176183e-03
2.358974e+01 1.281294e-03 1.790903e-03 8.905388e-04 1.162440e-03
2.363871e+01 1.250091e-03 1.721096e-03 8.725207e-04 1.156656e-03
2.368768e+01 1.220832e-03 1.643730e-03 8.604573e-04 1.158308e-03
2.373665e+01 1.192895e-03 1.561242e-03 8.516916e-04 1.165752e-03
2.378562e+01 1.165541e-03 1.476236e-03 8.439688e-04 1.176420e-03
2.383459e+01 1.137948e-03 1.391212e-03 8.355351e-04 1.187097e-03
2.388356e+01 1.109233e-03 1.308352e-03 8.251148e-04 1.194234e-03
2.393253e+01 1.078513e-03 1.229432e-03 8.118282e-04 1.194279e-03
2.398150e+01 1.045003e-03 1.155851e-03 7.951004e-04 1.184058e-03
2.403048e+01 1.008166e-03 1.088699e-03 7.745902e-04 1.161210e-03
2.407945e+01 9.678595e-04 1.028792e-03 7.501564e-04 1.124630e-03
2.412842e+01 9.244496e-04 9.766415e-04 7.218711e-04 1.074836e-03
2.417739e+01 8.788505e-04 9.323672e-04 6.900806e-04 1.014104e-03
2.422636e+01 8.324528e-04 8.956122e-04 6.554948e-04 9.462515e-04
2.427533e+01 7.869461e-04 8.655116e-04 6.192567e-04 8.760702e-04
2.432430e+01 7.440582e-04 8.407550e-04 5.829292e-04 8.084904e-04
2.437327e+01 7.052620e-04 8.197352e-04 5.483437e-04 7.477071e-04
2.442224e+01 6.715120e-04 8.007382e-04 5.173067e-04 6.964911e-04
2.447121e+01 6.430679e-04 7.821224e-04 4.912205e-04 6.558608e-04
2.452018e+01 6.194468e-04 7.624465e-04 4.707338e-04 6.251602e-04
2.456915e+01 5.995198e-04 7.405447e-04 4.555434e-04 6.024712e-04
2.461812e+01 5.817392e-04 7.155761e-04 4.444346e-04 5.852070e-04
2.466709e+01 5.644536e-04 6.870792e-04 4.355632e-04 5.707184e-04
2.471606e+01 5.462414e-04 6.550385e-04 4.269020e-04 5.567839e-04
2.476503e+01 5.261873e-04 6.199321e-04 4.167197e-04 5.419101e-04
2.481401e+01 5.040313e-04 5.827105e-04 4.039560e-04 5.254275e-04
2.486298e+01 4.801576e-04 5.446675e-04 3.884011e-04 5.074043e-04
2.491195e+01 4.554318e-04 5.072100e-04 3.706560e-04 4.884294e-04
2.496092e+01 4.309408e-04 4.715846e-04 3.519112e-04 4.693266e-04
2.500989e+01 4.077144e-04 4.386445e-04 3.336255e-04 4.508732e-04
2.505886e+01 3.865040e-04 4.087343e-04 3.171899e-04 4.335879e-04
2.510783e+01 3.676710e-04 3.817235e-04 3.036497e-04 4.176399e-04
2.515680e+01 3.511959e-04 3.571695e-04 2.935309e-04 4.028875e-04
2.520577e+01 3.367829e-04 3.345404e-04 2.867875e-04 3.890207e-04
2.525474e+01 3.240089e-04 3.134189e-04 2.828666e-04 3.757412e-04
2.530371e+01 3.124643e-04 2.936187e-04 2.808679e-04 3.629063e-04
2.535268e+01 3.018437e-04 2.751896e-04 2.797582e-04 3.505834e-04
2.540165e+01 2.919738e-04 2.583295e-04 2.785935e-04 3.389983e-04
2.545062e+01 2.827873e-04 2.432568e-04 2.766968e-04 3.284084e-04
2.549959e+01 2.742709e-04 2.301027e-04 2.737523e-04 3.189577e-04
2.554856e+01 2.664129e-04 2.188635e-04 2.698002e-04 3.105749e-04
2.559753e+01 2.591714e-04 2.094177e-04 2.651441e-04 3.029524e-04
2.564651e+01 2.524680e-04 2.015838e-04 2.602081e-04 2.956121e-04
2.569548e+01 2.462012e-04 1.951797e-04 2.553927e-04 2.880313e-04
2.574445e+01 2.402727e-04 1.900597e-04 2.509706e-04 2.797877e-04
2.579342e+01 2.346163e-04 1.861218e-04 2.470428e-04 2.706843e-04
2.584239e+01 2.292267e-04 1.833030e-04 2.435521e-04 2.608250e-04
2.589136e+01 2.241815e-04 1.815820e-04 2.403332e-04 2.506291e-04
2.594033e+01 2.196494e-04 1.809947e-04 2.371725e-04 2.407808e-04
2.598930e+01 2.158765e-04 1.816504e-04 2.338585e-04 2.321206e-04
2.603827e+01 2.131434e-04 1.837238e-04 2.302132e-04 2.254933e-04
2.608724e+01 2.116966e-04 1.874028e-04 2.261076e-04 2.215795e-04
2.613621e+01 2.116688e-04 1.927955e-04 2.214645e-04 2.207465e-04
2.618518e+01 2.130107e-04 1.998256e-04 2.162532e-04 2.229533e-04
2.623415e+01 2.154563e-04 2.081583e-04 2.104768e-04 2.277339e-04
2.628312e+01 2.185335e-04 2.171905e-04 2.041566e-04 2.342534e-04
2.633209e+01 2.216162e-04 2.261144e-04 1.973169e-04 2.414172e-04
2.638106e+01 2.240041e-04 2.340323e-04 1.899803e-04 2.479996e-04
2.643003e+01 2.250127e-04 2.400850e-04 1.821786e-04 2.527745e-04
2.647901e+01 2.240616e-04 2.435614e-04 1.739764e-04 2.546470e-04
2.652798e+01 2.207552e-04 2.439741e-04 1.654988e-04 2.527927e-04
2.657695e+01 2.149506e-04 2.411032e-04 1.569463e-04 2.468023e-04
2.662592e+01 2.068042e-04 2.350193e-04 1.485895e-04 2.368038e-04
2.667489e+01 1.967815e-04 2.260881e-04 1.407390e-04 2.235174e-04
2.672386e+01 1.856176e-04 2.149491e-04 1.337035e-04 2.082001e-04
2.677283e+01 1.742278e-04 2.024626e-04 1.277491e-04 1.924717e-04
2.682180e+01 1.635792e-04 1.896188e-04 1.230694e-04 1.780493e-04
2.687077e+01 1.545445e-04 1.774161e-04 1.197666e-04 1.664507e-04
2.691974e+01 1.477614e-04 1.667201e-04 1.178332e-04 1.587310e-04
2.696871e+01 1.435182e-04 1.581217e-04 1.171280e-04 1.553049e-04
2.701768e+01 1.416865e-04 1.518214e-04 1.173520e-04 1.558860e-04
2.706665e+01 1.417265e-04 1.475761e-04 1.180477e-04 1.595556e-04
2.711562e+01 1.427841e-04 1.447452e-04 1.186518e-04 1.649552e-04
2.716459e+01 1.438814e-04 1.424522e-04 1.186161e-04 1.705759e-04
2.721356e+01 1.441704e-04 1.398377e-04 1.175794e-04 1.750940e-04
2.726254e+01 1.431834e-04 1.363354e-04 1.155379e-04 1.776769e-04
2.731151e+01 1.409996e-04 1.318767e-04 1.129425e-04 1.781797e-04
2.736048e+01 1.382622e-04 1.269483e-04 1.106668e-04 1.771714e-04
2.740945e+01 1.360270e-04 1.224741e-04 1.098334e-04 1.757736e-04
2.745842e+01 1.354825e-04 1.195632e-04 1.115372e-04 1.753472e-04
2.750739e+01 1.376215e-04 1.192077e-04 1.165480e-04 1.771089e-04
2.755636e+01 1.429606e-04 1.220241e-04 1.250794e-04 1.817783e-04
2.760533e+01 1.513807e-04 1.281054e-04 1.366880e-04 1.893486e-04
2.765430e+01 1.621222e-04 1.370021e-04 1.503239e-04 1.990407e-04
2.770327e+01 1.739248e-04 1.478140e-04 1.645096e-04 2.094509e-04
2.775224e+01 1.852683e-04 1.593515e-04 1.775989e-04 2.188543e-04
2.780121e+01 1.946570e-04 1.703271e-04 1.880586e-04 2.255852e-04
2.785018e+01 2.008870e-04 1.795453e-04 1.947189e-04 2.283967e-04
2.789915e+01 2.032438e-04 1.860692e-04 1.969521e-04 2.267100e-04
2.794812e+01 2.015949e-04 1.893413e-04 1.947508e-04 2.206927e-04
2.799709e+01 1.963646e-04 1.892396e-04 1.886948e-04 2.111593e-04
2.804606e+01 1.884011e-04 1.860559e-04 1.798145e-04 1.993328e-04
2.809504e+01 1.787754e-04 1.803979e-04 1.693837e-04 1.865446e-04
2.814401e+01 1.685607e-04 1.730377e-04 1.586881e-04 1.739564e-04
2.819298e+01 1.586471e-04 1.647467e-04 1.488223e-04 1.623722e-04
2.824195e+01 1.496287e-04 1.561611e-04 1.405541e-04 1.521707e-04
2.829092e+01 1.417778e-04 1.477085e-04 1.342729e-04 1.433520e-04
2.833989e+01 1.350920e-04 1.396034e-04 1.300120e-04 1.356605e-04
2.838886e+01 1.293853e-04 1.318984e-04 1.275218e-04 1.287356e-04
2.843783e+01 1.243897e-04 1.245593e-04 1.263662e-04 1.222437e-04
2.848680e+01 1.198412e-04 1.175396e-04 1.260220e-04 1.159621e-04
2.853577e+01 1.155369e-04 1.108336e-04 1.259698e-04 1.098072e-04
2.858474e+01 1.113642e-04 1.045038e-04 1.257708e-04 1.038182e-04
2.863371e+01 1.073077e-04 9.868282e-05 1.251245e-04 9.811568e-05
2.868268e+01 1.034374e-04 9.355391e-05 1.238994e-04 9.285885e-05
2.873165e+01 9.988651e-05 8.931329e-05 1.221339e-04 8.821235e-05
2.878062e+01 9.681895e-05 8.612129e-05 1.200067e-04 8.432882e-05
2.882959e+01 9.439472e-05 8.405280e-05 1.177889e-04 8.134252e-05
2.887856e+01 9.274037e-05 8.306283e-05 1.157893e-04 7.936899e-05
2.892754e+01 9.193278e-05 8.298213e-05 1.143090e-04 7.850723e-05
2.897651e+01 9.200109e-05 8.355059e-05 1.136090e-04 7.884368e-05
2.902548e+01 9.294458e-05 8.448309e-05 1.138924e-04 8.045822e-05
2.907445e+01 9.475829e-05 8.555029e-05 1.152948e-04 8.342981e-05
2.912342e+01 9.745516e-05 8.665012e-05 1.178787e-04 8.783671e-05
2.917239e+01 1.010754e-04 8.784859e-05 1.216330e-04 9.374458e-05
2.922136e+01 1.056787e-04 8.937896e-05 1.264786e-04 1.011787e-04
2.927033e+01 1.113221e-04 9.160070e-05 1.322832e-04 1.100824e-04
2.931930e+01 1.180274e-04 9.492870e-05 1.388811e-04 1.202725e-04
2.936827e+01 1.257477e-04 9.974647e-05 1.460909e-04 1.314057e-04
2.941724e+01 1.343370e-04 1.063159e-04 1.537207e-04 1.429746e-04
2.946621e+01 1.435312e-04 1.146948e-04 1.615562e-04 1.543428e-04
2.951518e+01 1.529441e-04 1.246760e-04 1.693354e-04 1.648208e-04
2.956415e+01 1.620853e-04 1.357627e-04 1.767242e-04 1.737689e-04
2.961312e+01 1.704026e-04 1.471968e-04 1.833109e-04 1.807000e-04
2.966209e+01 1.773461e-04 1.580485e-04 1.886350e-04 1.853547e-04
2.971107e+01 1.824444e-04 1.673573e-04 1.922516e-04 1.877244e-04
2.976004e+01 1.853782e-04 1.742972e-04 1.938184e-04 1.880189e-04
2.980901e+01 1.860313e-04 1.783238e-04 1.931785e-04 1.865915e-04
2.985798e+01 1.845077e-04 1.792614e-04 1.904106e-04 1.838510e-04
2.990695e+01 1.811088e-04 1.773082e-04 1.858278e-04 1.801905e-04
2.995592e+01 1.762799e-04 1.729644e-04 1.799247e-04 1.759506e-04
3.000489e+01 1.705410e-04 1.669126e-04 1.732884e-04 1.714219e-04
3.005386e+01 1.644222e-04 1.598928e-04 1.665026e-04 1.668712e-04
3.010283e+01 1.584140e-04 1.526035e-04 1.600670e-04 1.625714e-04
3.015180e+01 1.529334e-04 1.456416e-04 1.543474e-04 1.588111e-04
3.020077e+01 1.482986e-04 1.394722e-04 1.495554e-04 1.558681e-04
3.024974e+01 1.447016e-04 1.344087e-04 1.457487e-04 1.539475e-04
3.029871e+01 1.421801e-04 1.305956e-04 1.428443e-04 1.531003e-04
3.034768e+01 1.405989e-04 1.279977e-04 1.406425e-04 1.531566e-04
3.039665e+01 1.396629e-04 1.264148e-04 1.388644e-04 1.537096e-04
3.044562e+01 1.389723e-04 1.255358e-04 1.372053e-04 1.541758e-04
3.049459e+01 1.381193e-04 1.250316e-04 1.353993e-04 1.539270e-04
3.054357e+01 1.368008e-04 1.246607e-04 1.332796e-04 1.524621e-04
3.059254e+01 1.349123e-04 1.243533e-04 1.308197e-04 1.495638e-04
3.064151e+01 1.325897e-04 1.242388e-04 1.281412e-04 1.453892e-04
3.069048e+01 1.301872e-04 1.246087e-04 1.254870e-04 1.404660e-04
3.073945e+01 1.281981e-04 1.258310e-04 1.231672e-04 1.355959e-04
3.078842e+01 1.271478e-04 1.282488e-04 1.214945e-04 1.317000e-04
3.083739e+01 1.274911e-04 1.321013e-04 1.207250e-04 1.296469e-04
3.088636e+01 1.295384e-04 1.374871e-04 1.210201e-04 1.301081e-04
3.093533e+01 1.334247e-04 1.443719e-04 1.224373e-04 1.334648e-04
3.098430e+01 1.391166e-04 1.526219e-04 1.249484e-04 1.397796e-04
3.103327e+01 1.464473e-04 1.620389e-04 1.284769e-04 1.488260e-04
3.108224e+01 1.551586e-04 1.723805e-04 1.329331e-04 1.601623e-04
3.113121e+01 1.649385e-04 1.833580e-04 1.382312e-04 1.732262e-04
3.118018e+01 1.754428e-04 1.946253e-04 1.442763e-04 1.874269e-04
3.122915e+01 1.863083e-04 2.057796e-04 1.509294e-04 2.022158e-04
3.127812e+01 1.971684e-04 2.163970e-04 1.579748e-04 2.171335e-04
3.132709e+01 2.076882e-04 2.261131e-04 1.651154e-04 2.318363e-04
3.137607e+01 2.176219e-04 2.347359e-04 1.720154e-04 2.461145e-04
3.142504e+01 2.268773e-04 2.423520e-04 1.783782e-04 2.599017e-04
3.147401e+01 2.355536e-04 2.493696e-04 1.840293e-04 2.732619e-04
3.152298e+01 2.439159e-04 2.564516e-04 1.889591e-04 2.863370e-04
3.157195e+01 2.522939e-04 2.643308e-04 1.933010e-04 2.992498e-04
3.162092e+01 2.609294e-04 2.735534e-04 1.972473e-04 3.119874e-04
3.166989e+01 2.698338e-04 2.842464e-04 2.009393e-04 3.243158e-04
3.171886e+01 2.787261e-04 2.960148e-04 2.043817e-04 3.357817e-04
3.176783e+01 2.870948e-04 3.080346e-04 2.074217e-04 3.458280e-04
3.181680e+01 2.943745e-04 3.193280e-04 2.098017e-04 3.539938e-04
3.186577e+01 3.001685e-04 3.291213e-04 2.112634e-04 3.601210e-04
3.191474e+01 3.044211e-04 3.371424e-04 2.116582e-04 3.644628e-04
3.196371e+01 3.074574e-04 3.437286e-04 2.110186e-04 3.676251e-04
3.201268e+01 3.098675e-04 3.496970e-04 2.095639e-04 3.703415e-04
3.206165e+01 3.122806e-04 3.560307e-04 2.076425e-04 3.731685e-04
3.211062e+01 3.151299e-04 3.635155e-04 2.056386e-04 3.762355e-04
3.215960e+01 3.185128e-04 3.724796e-04 2.038849e-04 3.791739e-04
3.220857e+01 3.222079e-04 3.827371e-04 2.026151e-04 3.812714e-04
3.225754e+01 3.258373e-04 3.937459e-04 2.019704e-04 3.817955e-04
3.230651e+01 3.291001e-04 4.048995e-04 2.020456e-04 3.803552e-04
3.235548e+01 3.319732e-04 4.158238e-04 2.029446e-04 3.771511e-04
3.240445e+01 3.347970e-04 4.265596e-04 2.048105e-04 3.730209e-04
3.245342e+01 3.382176e-04 4.375681e-04 2.078131e-04 3.692718e-04
3.250239e+01 3.430148e-04 4.495727e-04 2.120958e-04 3.673760e-04
3.255136e+01 3.498867e-04 4.633106e-04 2.177092e-04 3.686402e-04
3.260033e+01 3.592684e-04 4.792954e-04 2.245604e-04 3.739494e-04
3.264930e+01 3.712378e-04 4.976750e-04 2.324019e-04 3.836366e-04
3.269827e+01 3.855198e-04 5.182221e-04 2.408644e-04 3.974729e-04
3.274724e+01 4.015651e-04 5.404413e-04 2.495139e-04 4.147401e-04
3.279621e+01 4.186610e-04 5.637361e-04 2.579073e-04 4.343396e-04
3.284518e+01 4.360362e-04 5.875703e-04 2.656246e-04 4.549135e-04
3.289415e+01 4.529473e-04 6.115816e-04 2.722775e-04 4.749827e-04
3.294312e+01 4.687582e-04 6.356346e-04 2.775156e-04 4.931245e-04
3.299210e+01 4.830324e-04 6.598327e-04 2.810654e-04 5.081991e-04
3.304107e+01 4.956456e-04 6.845094e-04 2.828224e-04 5.196050e-04
3.309004e+01 5.068954e-04 7.102039e-04 2.829865e-04 5.274958e-04
3.313901e+01 5.175566e-04 7.376036e-04 2.821929e-04 5.328735e-04
3.318798e+01 5.288240e-04 7.674231e-04 2.815662e-04 5.374827e-04
3.323695e+01 5.421094e-04 8.002077e-04 2.826354e-04 5.434850e-04
3.328592e+01 5.587134e-04 8.360876e-04 2.870884e-04 5.529644e-04
3.333489e+01 5.794470e-04 8.745526e-04 2.964077e-04 5.673808e-04
3.338386e+01 6.043162e-04 9.143412e-04 3.114852e-04 5.871221e-04
3.343283e+01 6.323822e-04 9.535203e-04 3.323344e-04 6.112920e-04
3.348180e+01 6.618629e-04 9.897789e-04 3.579989e-04 6.378110e-04
3.353077e+01 6.904659e-04 1.020879e-03 3.866985e-04 6.638206e-04
3.357974e+01 7.158690e-04 1.045141e-03 4.161753e-04 6.862905e-04
3.362871e+01 7.362127e-04 1.061824e-03 4.441476e-04 7.026663e-04
3.367768e+01 7.504680e-04 1.071268e-03 4.687474e-04 7.113880e-04
3.372665e+01 7.585898e-04 1.074779e-03 4.888301e-04 7.121607e-04
3.377562e+01 7.614417e-04 1.074290e-03 5.040914e-04 7.059442e-04
3.382460e+01 7.605467e-04 1.071939e-03 5.149849e-04 6.947159e-04
3.387357e+01 7.577625e-04 1.069690e-03 5.224908e-04 6.811066e-04
3.392254e+01 7.549731e-04 1.069098e-03 5.278221e-04 6.679996e-04
3.397151e+01 7.538539e-04 1.071253e-03 5.321615e-04 6.581472e-04
3.402048e+01 7.557210e-04 1.076850e-03 5.364927e-04 6.538204e-04
3.406945e+01 7.614500e-04 1.086289e-03 5.415503e-04 6.565107e-04
3.411842e+01 7.714425e-04 1.099739e-03 5.478608e-04 6.667279e-04
3.416739e+01 7.856313e-04 1.117113e-03 5.558206e-04 6.839599e-04
3.421636e+01 8.035264e-04 1.137983e-03 5.657528e-04 7.068433e-04
3.426533e+01 8.243037e-04 1.161477e-03 5.779080e-04 7.335257e-04
3.431430e+01 8.469239e-04 1.186247e-03 5.924094e-04 7.621149e-04
3.436327e+01 8.702637e-04 1.210554e-03 6.091761e-04 7.910615e-04
3.441224e+01 8.932358e-04 1.232496e-03 6.278709e-04 8.193408e-04
3.446121e+01 9.148834e-04 1.250356e-03 6.479090e-04 8.463855e-04
3.451018e+01 9.344430e-04 1.262959e-03 6.685343e-04 8.718358e-04
3.455915e+01 9.513679e-04 1.269920e-03 6.889395e-04 8.952443e-04
3.460813e+01 9.653085e-04 1.271653e-03 7.083875e-04 9.158846e-04
3.465710e+01 9.760517e-04 1.269113e-03 7.262965e-04 9.327451e-04
3.470607e+01 9.834439e-04 1.263351e-03 7.422774e-04 9.447030e-04
3.475504e+01 9.873397e-04 1.255089e-03 7.561289e-04 9.508015e-04
3.480401e+01 9.876215e-04 1.244525e-03 7.678138e-04 9.505261e-04
3.485298e+01 9.842984e-04 1.231486e-03 7.774223e-04 9.439868e-04
3.490195e+01 9.776407e-04 1.215849e-03 7.851211e-04 9.319517e-04
3.495092e+01 9.682637e-04 1.197998e-03 7.910774e-04 9.157161e-04
3.499989e+01 9.570797e-04 1.179036e-03 7.953680e-04 8.968348e-04
3.504886e+01 9.450975e-04 1.160599e-03 7.979075e-04 8.767857e-04
3.509783e+01 9.331360e-04 1.144302e-03 7.984454e-04 8.566606e-04
3.514680e+01 9.215728e-04 1.131079e-03 7.966599e-04 8.369795e-04
3.519577e+01 9.102471e-04 1.120722e-03 7.923303e-04 8.176891e-04
3.524474e+01 8.985615e-04 1.111831e-03 7.855122e-04 7.983411e-04
3.529371e+01 8.857400e-04 1.102211e-03 7.766247e-04 7.783838e-04
3.534268e+01 8.711298e-04 1.089545e-03 7.663866e-04 7.574582e-04
3.539165e+01 8.544354e-04 1.072087e-03 7.556148e-04 7.356044e-04
3.544063e+01 8.358171e-04 1.049164e-03 7.449676e-04 7.133199e-04
3.548960e+01 8.158528e-04 1.021337e-03 7.347482e-04 6.914733e-04
3.553857e+01 7.954070e-04 9.902477e-04 7.248541e-04 6.711192e-04
3.558754e+01 7.754586e-04 9.582079e-04 7.148901e-04 6.532778e-04
3.563651e+01 7.569287e-04 9.276637e-04 7.043876e-04 6.387347e-04
3.568548e+01 7.405283e-04 9.006578e-04 6.930314e-04 6.278955e-04
3.573445e+01 7.266457e-04 8.784218e-04 6.808034e-04 6.207118e-04
3.578342e+01 7.152955e-04 8.612054e-04 6.679955e-04 6.166857e-04
3.583239e+01 7.061508e-04 8.483986e-04 6.551019e-04 6.149519e-04
3.588136e+01 6.986611e-04 8.389088e-04 6.426467e-04 6.144277e-04
3.593033e+01 6.922290e-04 8.316649e-04 6.310180e-04 6.140040e-04
3.597930e+01 6.863909e-04 8.260618e-04 6.203708e-04 6.127402e-04
3.602827e+01 6.809439e-04 8.221831e-04 6.106280e-04 6.100207e-04
3.607724e+01 6.759837e-04 8.207306e-04 6.015770e-04 6.056437e-04
3.612621e+01 6.718545e-04 8.227061e-04 5.930244e-04 5.998330e-04
3.617518e+01 6.690406e-04 8.289844e-04 5.849553e-04 5.931820e-04
3.622415e+01 6.680389e-04 8.399366e-04 5.776341e-04 5.865461e-04
3.627313e+01 6.692421e-04 8.552222e-04 5.715974e-04 5.809066e-04
3.632210e+01 6.728448e-04 8.737928e-04 5.675180e-04 5.772237e-04
3.637107e+01 6.787799e-04 8.940695e-04 5.659692e-04 5.763011e-04
3.642004e+01 6.866891e-04 9.142152e-04 5.671647e-04 5.786875e-04
3.646901e+01 6.959441e-04 9.324115e-04 5.707819e-04 5.846390e-04
3.651798e+01 7.057295e-04 9.470743e-04 5.759580e-04 5.941561e-04
3.656695e+01 7.151852e-04 9.569809e-04 5.814920e-04 6.070828e-04
3.661592e+01 7.235815e-04 9.613196e-04 5.862009e-04 6.232241e-04
3.666489e+01 7.304723e-04 9.596960e-04 5.893069e-04 6.424140e-04
3.671386e+01 7.357686e-04 9.521267e-04 5.907098e-04 6.644694e-04
3.676283e+01 7.396927e-04 9.390354e-04 5.910342e-04 6.890086e-04
3.681180e+01 7.426175e-04 9.212394e-04 5.914318e-04 7.151814e-04
3.686077e+01 7.448490e-04 8.999047e-04 5.932141e-04 7.414282e-04
3.690974e+01 7.464437e-04 8.764547e-04 5.974636e-04 7.654128e-04
3.695871e+01 7.471504e-04 8.524371e-04 6.047803e-04 7.842339e-04
3.700768e+01 7.465199e-04 8.293723e-04 6.152669e-04 7.949205e-04
3.705666e+01 7.441534e-04 8.086134e-04 6.287491e-04 7.950976e-04
3.710563e+01 7.399947e-04 7.912366e-04 6.451251e-04 7.836224e-04
3.715460e+01 7.345401e-04 7.779674e-04 6.646720e-04 7.609808e-04
3.720357e+01 7.288618e-04 7.691357e-04 6.881434e-04 7.293065e-04
3.725254e+01 7.244101e-04 7.646483e-04 7.165792e-04 6.920028e-04
3.730151e+01 7.226419e-04 7.639819e-04 7.508691e-04 6.530747e-04
3.735048e+01 7.245981e-04 7.662084e-04 7.912248e-04 6.163612e-04
3.739945e+01 7.305768e-04 7.700822e-04 8.367739e-04 5.848743e-04
3.744842e+01 7.400232e-04 7.742124e-04 8.854521e-04 5.604050e-04
3.749739e+01 7.516858e-04 7.773200e-04 9.342743e-04 5.434632e-04
3.754636e+01 7.639932e-04 7.785390e-04 9.799238e-04 5.335168e-04
3.759533e+01 7.755247e-04 7.776787e-04 1.019482e-03 5.294133e-04
3.764430e+01 7.854148e-04 7.753450e-04 1.051068e-03 5.298311e-04
3.769327e+01 7.935563e-04 7.728493e-04 1.074191e-03 5.336285e-04
3.774224e+01 8.005441e-04 7.718992e-04 1.089723e-03 5.400107e-04
3.779121e+01 8.073999e-04 7.741549e-04 1.099529e-03 5.485154e-04
3.784018e+01 8.151967e-04 7.808003e-04 1.105913e-03 5.588767e-04
3.788916e+01 8.247285e-04 7.922854e-04 1.111041e-03 5.708596e-04
3.793813e+01 8.363358e-04 8.083371e-04 1.116524e-03 5.841464e-04
3.798710e+01 8.499234e-04 8.282278e-04 1.123231e-03 5.983116e-04
3.803607e+01 8.651228e-04 8.511812e-04 1.131314e-03 6.128734e-04
3.808504e+01 8.814985e-04 8.767334e-04 1.140394e-03 6.273678e-04
3.813401e+01 8.986978e-04 9.048857e-04 1.149812e-03 6.413958e-04
3.818298e+01 9.164870e-04 9.359805e-04 1.158861e-03 6.546196e-04
3.823195e+01 9.346864e-04 9.703555e-04 1.166975e-03 6.667290e-04
3.828092e+01 9.530640e-04 1.007931e-03 1.173842e-03 6.774190e-04
3.832989e+01 9.712617e-04 1.047911e-03 1.179463e-03 6.864109e-04
3.837886e+01 9.887935e-04 1.088723e-03 1.184144e-03 6.935138e-04
3.842783e+01 1.005106e-03 1.128216e-03 1.188414e-03 6.986896e-04
3.847680e+01 1.019661e-03 1.164041e-03 1.192866e-03 7.020761e-04
3.852577e+01 1.031981e-03 1.194080e-03 1.197916e-03 7.039485e-04
3.857474e+01 1.041660e-03 1.216793e-03 1.203553e-03 7.046347e-04
3.862371e+01 1.048343e-03 1.231440e-03 1.209162e-03 7.044279e-04
3.867268e+01 1.051735e-03 1.238131e-03 1.213536e-03 7.035378e-04
3.872166e+01 1.051656e-03 1.237764e-03 1.215111e-03 7.020930e-04
3.877063e+01 1.048143e-03 1.231851e-03 1.212403e-03 7.001746e-04
3.881960e+01 1.041533e-03 1.222273e-03 1.204482e-03 6.978448e-04
3.886857e+01 1.032482e-03 1.210974e-03 1.191324e-03 6.951477e-04
3.891754e+01 1.021868e-03 1.199650e-03 1.173875e-03 6.920803e-04
3.896651e+01 1.010617e-03 1.189492e-03 1.153794e-03 6.885642e-04
3.901548e+01 9.994853e-04 1.181042e-03 1.132966e-03 6.844477e-04
3.906445e+01 9.889081e-04 1.174209e-03 1.112959e-03 6.795565e-04
3.911342e+01 9.789357e-04 1.168406e-03 1.094617e-03 6.737840e-04
3.916239e+01 9.692883e-04 1.162758e-03 1.077917e-03 6.671896e-04
3.921136e+01 9.594868e-04 1.156288e-03 1.062112e-03 6.600609e-04
3.926033e+01 9.490091e-04 1.148037e-03 1.046082e-03 6.529077e-04
3.930930e+01 9.374218e-04 1.137130e-03 1.028762e-03 6.463742e-04
3.935827e+01 9.244631e-04 1.122801e-03 1.009497e-03 6.410911e-04
3.940724e+01 9.100761e-04 1.104458e-03 9.882556e-04 6.375147e-04
3.945621e+01 8.944113e-04 1.081771e-03 9.656458e-04 6.358172e-04
3.950519e+01 8.778207e-04 1.054802e-03 9.427782e-04 6.358818e-04
3.955416e+01 8.608547e-04 1.024112e-03 9.210353e-04 6.374163e-04
3.960313e+01 8.442559e-04 9.907998e-04 9.018207e-04 6.401474e-04
3.965210e+01 8.289291e-04 9.564258e-04 8.863457e-04 6.440158e-04
3.970107e+01 8.158644e-04 9.228229e-04 8.754836e-04 6.492867e-04
3.975004e+01 8.060068e-04 8.918065e-04 8.696901e-04 6.565238e-04
3.979901e+01 8.000918e-04 8.648586e-04 8.689732e-04 6.664436e-04
3.984798e+01 7.984921e-04 8.428708e-04 8.728914e-04 6.797141e-04
3.989695e+01 8.011279e-04 8.260284e-04 8.805709e-04 6.967843e-04
3.994592e+01 8.074750e-04 8.138739e-04 8.907557e-04 7.177954e-04
3.999489e+01 8.166718e-04 8.055284e-04 9.019117e-04 7.425752e-04
4.004386e+01 8.276884e-04 7.999863e-04 9.124059e-04 7.706731e-04
4.009283e+01 8.395054e-04 7.963765e-04 9.207521e-04 8.013877e-04
4.014180e+01 8.512482e-04 7.941001e-04 9.258778e-04 8.337668e-04
4.019077e+01 8.622493e-04 7.928136e-04 9.273310e-04 8.666032e-04
4.023974e+01 8.720381e-04 7.922951e-04 9.253503e-04 8.984689e-04
4.028871e+01 8.802864e-04 7.922788e-04 9.207568e-04 9.278236e-04
4.033769e+01 8.867477e-04 7.923490e-04 9.146953e-04 9.531988e-04
4.038666e+01 8.912263e-04 7.919453e-04 9.083122e-04 9.734214e-04
4.043563e+01 8.935894e-04 7.904691e-04 9.024854e-04 9.878136e-04
4.048460e+01 8.938128e-04 7.874325e-04 8.976903e-04 9.963154e-04
4.053357e+01 8.920298e-04 7.825742e-04 8.940220e-04 9.994933e-04
4.058254e+01 8.885502e-04 7.758929e-04 8.913221e-04 9.984356e-04
4.063151e+01 8.838275e-04 7.675997e-04 8.893212e-04 9.945618e-04
4.068048e+01 8.783781e-04 7.580269e-04 8.877192e-04 9.893884e-04
4.072945e+01 8.726755e-04 7.475473e-04 8.861803e-04 9.842989e-04
4.077842e+01 8.670590e-04 7.365376e-04 8.842772e-04 9.803621e-04
4.082739e+01 8.616925e-04 7.253892e-04 8.814551e-04 9.782330e-04
4.087636e+01 8.565905e-04 7.145443e-04 8.770728e-04 9.781546e-04
4.092533e+01 8.517012e-04 7.045194e-04 8.705330e-04 9.800512e-04
4.097430e+01 8.470064e-04 6.958863e-04 8.614558e-04 9.836771e-04
4.102327e+01 8.425904e-04 6.891945e-04 8.498132e-04 9.887634e-04
4.107224e+01 8.386377e-04 6.848431e-04 8.359592e-04 9.951108e-04
4.112121e+01 8.353569e-04 6.829373e-04 8.205311e-04 1.002602e-03
4.117019e+01 8.328645e-04 6.831785e-04 8.042685e-04 1.011147e-03
4.121916e+01 8.310855e-04 6.848412e-04 7.878282e-04 1.020587e-03
4.126813e+01 8.297178e-04 6.868634e-04 7.716775e-04 1.030612e-03
4.131710e+01 8.282747e-04 6.880360e-04 7.561015e-04 1.040687e-03
4.136607e+01 8.261834e-04 6.872405e-04 7.413041e-04 1.050005e-03
4.141504e+01 8.228953e-04 6.836607e-04 7.275412e-04 1.057484e-03
4.146401e+01 8.179751e-04 6.769085e-04 7.152112e-04 1.061805e-03
4.151298e+01 8.111539e-04 6.670391e-04 7.048574e-04 1.061565e-03
4.156195e+01 8.023568e-04 6.544704e-04 6.970736e-04 1.055527e-03
4.161092e+01 7.917146e-04 6.398513e-04 6.923413e-04 1.042951e-03
4.165989e+01 7.795600e-04 6.239237e-04 6.908519e-04 1.023904e-03
4.170886e+01 7.663960e-04 6.074074e-04 6.923720e-04 9.994087e-04
4.175783e+01 7.528240e-04 5.909179e-04 6.961958e-04 9.713582e-04
4.180680e+01 7.394303e-04 5.749106e-04 7.012100e-04 9.421704e-04
4.185577e+01 7.266565e-04 5.596452e-04 7.060571e-04 9.142672e-04
4.190474e+01 7.146872e-04 5.451723e-04 7.093574e-04 8.895320e-04
4.195372e+01 7.033948e-04 5.313487e-04 7.099290e-04 8.689068e-04
4.200269e+01 6.923615e-04 5.178894e-04 7.069468e-04 8.522482e-04
4.205166e+01 6.809793e-04 5.044563e-04 7.000061e-04 8.384754e-04
4.210063e+01 6.686040e-04 4.907674e-04 6.890916e-04 8.259528e-04
4.214960e+01 6.547196e-04 4.766976e-04 6.744792e-04 8.129821e-04
4.219857e+01 6.390684e-04 4.623371e-04 6.566168e-04 7.982514e-04
4.224754e+01 6.217085e-04 4.479831e-04 6.360283e-04 7.811141e-04
4.229651e+01 6.029888e-04 4.340629e-04 6.132673e-04 7.616364e-04
4.234548e+01 5.834571e-04 4.210118e-04 5.889251e-04 7.404343e-04
4.239445e+01 5.637382e-04 4.091537e-04 5.636710e-04 7.183899e-04
4.244342e+01 5.444237e-04 3.986260e-04 5.382836e-04 6.963615e-04
4.249239e+01 5.259980e-04 3.893777e-04 5.136342e-04 6.749821e-04
4.254136e+01 5.088051e-04 3.812298e-04 4.905987e-04 6.545868e-04
4.259033e+01 4.930429e-04 3.739639e-04 4.699157e-04 6.352492e-04
4.263930e+01 4.787692e-04 3.673976e-04 4.520393e-04 6.168707e-04
4.268827e+01 4.659104e-04 3.614186e-04 4.370475e-04 5.992651e-04
4.273724e+01 4.542777e-04 3.559793e-04 4.246483e-04 5.822054e-04
4.278622e+01 4.435993e-04 3.510725e-04 4.142852e-04 5.654402e-04
4.283519e+01 4.335729e-04 3.467154e-04 4.052969e-04 5.487065e-04
4.288416e+01 4.239329e-04 3.429559e-04 3.970739e-04 5.317690e-04
4.293313e+01 4.145145e-04 3.398917e-04 3.891571e-04 5.144947e-04
4.298210e+01 4.052950e-04 3.376822e-04 3.812629e-04 4.969399e-04
4.303107e+01 3.963969e-04 3.365296e-04 3.732502e-04 4.794108e-04
4.308004e+01 3.880477e-04 3.366237e-04 3.650648e-04 4.624545e-04
4.312901e+01 3.805075e-04 3.380629e-04 3.566974e-04 4.467621e-04
4.317798e+01 3.739850e-04 3.407837e-04 3.481706e-04 4.330006e-04
4.322695e+01 3.685707e-04 3.445326e-04 3.395558e-04 4.216236e-04
4.327592e+01 3.642109e-04 3.489038e-04 3.310015e-04 4.127273e-04
4.332489e+01 3.607335e-04 3.534405e-04 3.227551e-04 4.060050e-04
4.337386e+01 3.579167e-04 3.577729e-04 3.151573e-04 4.008201e-04
4.342283e+01 3.555708e-04 3.617421e-04 3.086003e-04 3.963700e-04
4.347180e+01 3.535967e-04 3.654594e-04 3.034497e-04 3.918809e-04
4.352077e+01 3.519923e-04 3.692642e-04 2.999456e-04 3.867672e-04
4.356974e+01 3.508010e-04 3.735821e-04 2.981109e-04 3.807099e-04
4.361872e+01 3.500249e-04 3.787267e-04 2.977000e-04 3.736479e-04
4.366769e+01 3.495458e-04 3.847142e-04 2.982119e-04 3.657113e-04
4.371666e+01 3.490932e-04 3.911664e-04 2.989749e-04 3.571384e-04
4.376563e+01 3.482801e-04 3.973469e-04 2.992799e-04 3.482136e-04
4.381460e+01 3.466969e-04 4.023256e-04 2.985262e-04 3.392389e-04
4.386357e+01 3.440270e-04 4.052175e-04 2.963333e-04 3.305302e-04
4.391254e+01 3.401384e-04 4.054119e-04 2.925863e-04 3.224170e-04
4.396151e+01 3.351200e-04 4.027210e-04 2.874080e-04 3.152309e-04
4.401048e+01 3.292526e-04 3.974075e-04 2.810738e-04 3.092766e-04
4.405945e+01 3.229338e-04 3.901030e-04 2.739056e-04 3.047928e-04
4.410842e+01 3.165857e-04 3.816608e-04 2.661823e-04 3.019140e-04
4.415739e+01 3.105772e-04 3.729947e-04 2.580933e-04 3.006435e-04
4.420636e+01 3.051752e-04 3.649420e-04 2.497412e-04 3.008425e-04
4.425533e+01 3.005292e-04 3.581675e-04 2.411809e-04 3.022394e-04
4.430430e+01 2.966799e-04 3.531068e-04 2.324733e-04 3.044597e-04
4.435327e+01 2.935842e-04 3.499461e-04 2.237286e-04 3.070780e-04
4.440225e+01 2.911479e-04 3.486317e-04 2.151243e-04 3.096876e-04
4.445122e+01 2.892589e-04 3.489070e-04 2.068926e-04 3.119772e-04
4.450019e+01 2.878148e-04 3.503667e-04 1.992825e-04 3.137953e-04
4.454916e+01 2.867354e-04 3.525162e-04 1.925088e-04 3.151813e-04
4.459813e+01 2.859590e-04 3.548253e-04 1.867015e-04 3.163502e-04
4.464710e+01 2.854260e-04 3.567738e-04 1.818720e-04 3.176324e-04
4.469607e+01 2.850628e-04 3.578961e-04 1.779037e-04 3.193885e-04
4.474504e+01 2.847788e-04 3.578323e-04 1.745752e-04 3.219289e-04
4.479401e+01 2.844855e-04 3.563855e-04 1.716080e-04 3.254631e-04
4.484298e+01 2.841288e-04 3.535685e-04 1.687301e-04 3.300878e-04
4.489195e+01 2.837160e-04 3.496125e-04 1.657348e-04 3.358007e-04
4.494092e+01 2.833169e-04 3.449186e-04 1.625193e-04 3.425129e-04
4.498989e+01 2.830253e-04 3.399500e-04 1.590907e-04 3.500351e-04
4.503886e+01 2.828890e-04 3.350922e-04 1.555412e-04 3.580335e-04
4.508783e+01 2.828354e-04 3.305288e-04 1.520033e-04 3.659741e-04
4.513680e+01 2.826252e-04 3.261794e-04 1.486023e-04 3.730940e-04
4.518577e+01 2.818626e-04 3.217274e-04 1.454211e-04 3.784394e-04
4.523475e+01 2.800662e-04 3.167286e-04 1.424843e-04 3.809858e-04
4.528372e+01 2.767828e-04 3.107617e-04 1.397606e-04 3.798259e-04
4.533269e+01 2.717046e-04 3.035643e-04 1.371773e-04 3.743722e-04
4.538166e+01 2.647520e-04 2.951070e-04 1.346382e-04 3.645107e-04
4.543063e+01 2.560919e-04 2.855846e-04 1.320419e-04 3.506491e-04
4.547960e+01 2.460904e-04 2.753332e-04 1.292968e-04 3.336411e-04
4.552857e+01 2.352181e-04 2.647119e-04 1.263327e-04 3.146098e-04
4.557754e+01 2.239410e-04 2.539924e-04 1.231072e-04 2.947233e-04
4.562651e+01 2.126289e-04 2.432931e-04 1.196058e-04 2.749880e-04
4.567548e+01 2.015055e-04 2.325731e-04 1.158341e-04 2.561094e-04
4.572445e+01 1.906439e-04 2.216811e-04 1.118062e-04 2.384443e-04
4.577342e+01 1.800040e-04 2.104369e-04 1.075337e-04 2.220412e-04
4.582239e+01 1.694961e-04 1.987178e-04 1.030248e-04 2.067456e-04
4.587136e+01 1.590509e-04 1.865224e-04 9.829331e-05 1.923369e-04
4.592033e+01 1.486773e-04 1.739960e-04 9.337747e-05 1.786583e-04
4.596930e+01 1.384939e-04 1.614130e-04 8.835946e-05 1.657092e-04
4.601827e+01 1.287261e-04 1.491248e-04 8.337629e-05 1.536774e-04
4.606725e+01 1.196720e-04 1.374916e-04 7.861630e-05 1.429081e-04
4.611622e+01 1.116471e-04 1.268199e-04 7.429975e-05 1.338217e-04
4.616519e+01 1.049216e-04 1.173170e-04 7.064639e-05 1.268013e-04
4.621416e+01 9.965935e-05 1.090694e-04 6.783394e-05 1.220747e-04
4.626313e+01 9.586806e-05 1.020392e-04 6.595251e-05 1.196124e-04
4.631210e+01 9.336406e-05 9.606934e-05 6.496169e-05 1.190611e-04
4.636107e+01 9.176264e-05 9.089542e-05 6.466130e-05 1.197312e-04
4.641004e+01 9.050417e-05 8.616655e-05 6.468983e-05 1.206561e-04
4.645901e+01 8.892482e-05 8.148236e-05 6.456230e-05 1.207298e-04
4.650798e+01 8.636848e-05 7.645036e-05 6.374974e-05 1.189053e-04
4.655695e+01 8.231872e-05 7.075710e-05 6.178646e-05 1.144126e-04
4.660592e+01 7.651530e-05 6.423629e-05 5.837743e-05 1.069322e-04
4.665489e+01 6.901780e-05 5.691161e-05 5.347273e-05 9.666905e-05
4.670386e+01 6.019338e-05 4.899711e-05 4.728421e-05 8.429882e-05
4.675283e+01 5.063095e-05 4.085195e-05 4.023820e-05 7.080270e-05
4.680180e+01 4.100905e-05 3.290195e-05 3.287950e-05 5.724569e-05
4.685078e+01 3.195832e-05 2.555161e-05 2.575689e-05 4.456645e-05
4.689975e+01 2.395638e-05 1.911154e-05 1.932308e-05 3.343451e-05
4.694872e+01 1.727646e-05 1.375802e-05 1.387277e-05 2.419860e-05
4.699769e+01 1.199068e-05 9.528999e-06 9.526943e-06 1.691610e-05
4.704666e+01 8.012473e-06 6.348916e-06 6.256360e-06 1.143214e-05
4.709563e+01 5.156436e-06 4.068774e-06 3.928160e-06 7.472373e-06
4.714460e+01 3.195983e-06 2.507583e-06 2.357769e-06 4.722596e-06
4.719357e+01 1.907137e-06 1.485634e-06 1.352718e-06 2.883058e-06
4.724254e+01 1.094840e-06 8.455930e-07 7.417262e-07 1.697202e-06
4.729151e+01 6.039540e-07 4.619683e-07 3.886146e-07 9.612790e-07
4.734048e+01 3.196580e-07 2.419685e-07 1.944929e-07 5.225127e-07
4.738945e+01 1.620459e-07 1.213400e-07 9.294384e-08 2.718539e-07
4.743842e+01 7.853280e-08 5.816866e-08 4.238806e-08 1.350417e-07
4.748739e+01 3.631697e-08 2.661506e-08 1.843736e-08 6.389850e-08
4.753636e+01 1.599676e-08 1.160475e-08 7.643081e-09 2.874244e-08
4.758533e+01 6.700324e-09 4.814593e-09 3.017179e-09 1.226920e-08
4.763430e+01 2.664733e-09 1.897967e-09 1.133240e-09 4.962992e-09
4.768328e+01 1.004914e-09 7.100016e-10 4.046091e-10 1.900130e-09
4.773225e+01 3.589254e-10 2.517434e-10 1.371872e-10 6.878457e-10
4.778122e+01 1.212574e-10 8.450928e-11 4.409227e-11 2.351708e-10
4.783019e+01 3.870429e-11 2.682105e-11 1.341294e-11 7.587889e-11
4.787916e+01 1.164411e-11 8.005795e-12 3.835918e-12 2.309061e-11
4.792813e+01 3.300698e-12 2.266201e-12 1.011463e-12 6.624430e-12
4.797710e+01 8.701893e-13 5.910254e-13 2.478154e-13 1.771727e-12
4.802607e+01 2.174213e-13 1.442567e-13 5.749370e-14 4.505135e-13
4.807504e+01 5.250335e-14 3.483021e-14 1.359095e-14 1.090889e-13
4.812401e+01 0.000000e+00 0.000000e+00 0.000000e+00 0.000000e+00
4.817298e+01 0.000000e+00 0.000000e+00 0.000000e+00 0.000000e+00
4.822195e+01 0.000000e+00 0.000000e+00 0.000000e+00 0.000000e+00
4.827092e+01 0.000000e+00 0.000000e+00 0.000000e+00 0.000000e+00
4.831989e+01 0.000000e+00 0.000000e+00 0.000000e+00 0.000000e+00
4.836886e+01 0.000000e+00 0.000000e+00 0.000000e+00 0.000000e+00
4.841783e+01 0.000000e+00 0.000000e+00 0.000000e+00 0.000000e+00
4.846680e+01 0.000000e+00 0.000000e+00 0.000000e+00 0.000000e+00
4.851578e+01 0.000000e+00 0.000000e+00 0.000000e+00 0.000000e+00
4.856475e+01 0.000000e+00 0.000000e+00 0.000000e+00 0.000000e+00
4.861372e+01 0.000000e+00 0.000000e+00 0.000000e+00 0.000000e+00
4.866269e+01 0.000000e+00 0.000000e+00 0.000000e+00 0.000000e+00
4.871166e+01 0.000000e+00 0.000000e+00 0.000000e+00 0.000000e+00
4.876063e+01 0.000000e+00 0.000000e+00 0.000000e+00 0.000000e+00
4.880960e+01 0.000000e+00 0.000000e+00 0.000000e+00 0.000000e+00
4.885857e+01 0.000000e+00 0.000000e+00 0.000000e+00 0.000000e+00
4.890754e+01 0.000000e+00 0.000000e+00 0.000000e+00 0.000000e+00
4.895651e+01 0.000000e+00 0.000000e+00 0.000000e+00 0.000000e+00
4.900548e+01 0.000000e+00 0.000000e+00 0.000000e+00 0.000000e+00
4.905445e+01 0.000000e+00 0.000000e+00 0.000000e+00 0.000000e+00
4.910342e+01 0.000000e+00 0.000000e+00 0.000000e+00 0.000000e+00
4.915239e+01 0.000000e+00 0.000000e+00 0.000000e+00 0.000000e+00
4.920136e+01 0.000000e+00 0.000000e+00 0.000000e+00 0.000000e+00
4.925033e+01 0.000000e+00 0.000000e+00 0.000000e+00 0.000000e+00
4.929931e+01 0.000000e+00 0.000000e+00 0.000000e+00 0.000000e+00
4.934828e+01 0.000000e+00 0.000000e+00 0.000000e+00 0.000000e+00
4.939725e+01 0.000000e+00 0.000000e+00 0.000000e+00 0.000000e+00
4.944622e+01 0.000000e+00 0.000000e+00 0.000000e+00 0.000000e+00
4.949519e+01 0.000000e+00 0.000000e+00 0.000000e+00 0.000000e+00
4.954416e+01 0.000000e+00 0.000000e+00 0.000000e+00 0.000000e+00
4.959313e+01 0.000000e+00 0.000000e+00 0.000000e+00 0.000000e+00
4.964210e+01 0.000000e+00 0.000000e+00 0.000000e+00 0.000000e+00
4.969107e+01 0.000000e+00 0.000000e+00 0.000000e+00 0.000000e+00
4.974004e+01 0.000000e+00 0.000000e+00 0.000000e+00 0.000000e+00
4.978901e+01 0.000000e+00 0.000000e+00 0.000000e+00 0.000000e+00
4.983798e+01 0.000000e+00 0.000000e+00 0.000000e+00 0.000000e+00
4.988695e+01 0.000000e+00 0.000000e+00 0.000000e+00 0.000000e+00
4.993592e+01 0.000000e+00 0.000000e+00 0.000000e+00 0.000000e+00
4.998489e+01 0.000000e+00 0.000000e+00 0.000000e+00 0.000000e+00
5.003386e+01 0.000000e+00 0.000000e+00 0.000000e+00 0.000000e+00
5.008283e+01 0.000000e+00 0.000000e+00 0.000000e+00 0.000000e+00
5.013181e+01 0.000000e+00 0.000000e+00 0.000000e+00 0.000000e+00
5.018078e+01 0.000000e+00 0.000000e+00 0.000000e+00 0.000000e+00
5.022975e+01 0.000000e+00 0.000000e+00 0.000000e+00 0.000000e+00
5.027872e+01 0.000000e+00 0.000000e+00 0.000000e+00 0.000000e+00
5.032769e+01 0.000000e+00 0.000000e+00 0.000000e+00 0.000000e+00
5.037666e+01 0.000000e+00 0.000000e+00 0.000000e+00 0.000000e+00
5.042563e+01 0.000000e+00 0.000000e+00 0.000000e+00 0.000000e+00
5.047460e+01 0.000000e+00 0.000000e+00 0.000000e+00 0.000000e+00
5.052357e+01 0.000000e+00 0.000000e+00 0.000000e+00 0.000000e+00
5.057254e+01 0.000000e+00 0.000000e+00 0.000000e+00 0.000000e+00
5.062151e+01 0.000000e+00 0.000000e+00 0.000000e+00 0.000000e+00
5.067048e+01 0.000000e+00 0.000000e+00 0.000000e+00 0.000000e+00
5.071945e+01 0.000000e+00 0.000000e+00 0.000000e+00 0.000000e+00
5.076842e+01 0.000000e+00 0.000000e+00 0.000000e+00 0.000000e+00
5.081739e+01 0.000000e+00 0.000000e+00 0.000000e+00 0.000000e+00
5.086636e+01 0.000000e+00 0.000000e+00 0.000000e+00 0.000000e+00
5.091533e+01 0.000000e+00 0.000000e+00 0.000000e+00 0.000000e+00
5.096431e+01 0.000000e+00 0.000000e+00 0.000000e+00 0.000000e+00
5.101328e+01 0.000000e+00 0.000000e+00 0.000000e+00 0.000000e+00
5.106225e+01 0.000000e+00 0.000000e+00 0.000000e+00 0.000000e+00
5.111122e+01 0.000000e+00 0.000000e+00 0.000000e+00 0.000000e+00
5.116019e+01 0.000000e+00 0.000000e+00 0.000000e+00 0.000000e+00
5.120916e+01 0.000000e+00 0.000000e+00 0.000000e+00 0.000000e+00
5.125813e+01 0.000000e+00 0.000000e+00 0.000000e+00 0.000000e+00
5.130710e+01 0.000000e+00 0.000000e+00 0.000000e+00 0.000000e+00
5.135607e+01 0.000000e+00 0.000000e+00 0.000000e+00 0.000000e+00
5.140504e+01 0.000000e+00 0.000000e+00 0.000000e+00 0.000000e+00
5.145401e+01 0.000000e+00 0.000000e+00 0.000000e+00 0.000000e+00
5.150298e+01 0.000000e+00 0.000000e+00 0.000000e+00 0.000000e+00
5.155195e+01 0.000000e+00 0.000000e+00 0.000000e+00 0.000000e+00
5.160092e+01 0.000000e+00 0.000000e+00 0.000000e+00 0.000000e+00
5.164989e+01 0.000000e+00 0.000000e+00 0.000000e+00 0.000000e+00
5.169886e+01 0.000000e+00 0.000000e+00 0.000000e+00 0.000000e+00
5.174784e+01 0.000000e+00 0.000000e+00 0.000000e+00 0.000000e+00
5.179681e+01 0.000000e+00 0.000000e+00 0.000000e+00 0.000000e+00
5.184578e+01 0.000000e+00 0.000000e+00 0.000000e+00 0.000000e+00
5.189475e+01 0.000000e+00 0.000000e+00 0.000000e+00 0.000000e+00
5.194372e+01 0.000000e+00 0.000000e+00 0.000000e+00 0.000000e+00
5.199269e+01 0.000000e+00 0.000000e+00 0.000000e+00 0.000000e+00
5.204166e+01 0.000000e+00 0.000000e+00 0.000000e+00 0.000000e+00
5.209063e+01 0.000000e+00 0.000000e+00 0.000000e+00 0.000000e+00
5.213960e+01 0.000000e+00 0.000000e+00 0.000000e+00 0.000000e+00
5.218857e+01 0.000000e+00 0.000000e+00 0.000000e+00 0.000000e+00
5.223754e+01 0.000000e+00 0.000000e+00 0.000000e+00 0.000000e+00
5.228651e+01 0.000000e+00 0.000000e+00 0.000000e+00 0.000000e+00
5.233548e+01 0.000000e+00 0.000000e+00 0.000000e+00 0.000000e+00
5.238445e+01 0.000000e+00 0.000000e+00 0.000000e+00 0.000000e+00
5.243342e+01 0.000000e+00 0.000000e+00 0.000000e+00 0.000000e+00
5.248239e+01 0.000000e+00 0.000000e+00 0.000000e+00 0.000000e+00
5.253136e+01 0.000000e+00 0.000000e+00 0.000000e+00 0.000000e+00
5.258034e+01 0.000000e+00 0.000000e+00 0.000000e+00 0.000000e+00
5.262931e+01 0.000000e+00 0.000000e+00 0.000000e+00 0.000000e+00
5.267828e+01 0.000000e+00 0.000000e+00 0.000000e+00 0.000000e+00
5.272725e+01 0.000000e+00 0.000000e+00 0.000000e+00 0.000000e+00
5.277622e+01 0.000000e+00 0.000000e+00 0.000000e+00 0.000000e+00
5.282519e+01 0.000000e+00 0.000000e+00 0.000000e+00 0.000000e+00
5.287416e+01 0.000000e+00 0.000000e+00 0.000000e+00 0.000000e+00
5.292313e+01 0.000000e+00 0.000000e+00 0.000000e+00 0.000000e+00
5.297210e+01 0.000000e+00 0.000000e+00 0.000000e+00 0.000000e+00
5.302107e+01 0.000000e+00 0.000000e+00 0.000000e+00 0.000000e+00
5.307004e+01 0.000000e+00 0.000000e+00 0.000000e+00 0.000000e+00
5.311901e+01 0.000000e+00 0.000000e+00 0.000000e+00 0.000000e+00
5.316798e+01 0.000000e+00 0.000000e+00 0.000000e+00 0.000000e+00
5.321695e+01 0.000000e+00 0.000000e+00 0.000000e+00 0.000000e+00
5.326592e+01 0.000000e+00 0.000000e+00 0.000000e+00 0.000000e+00
5.331489e+01 0.000000e+00 0.000000e+00 0.000000e+00 0.000000e+00
5.336386e+01 0.000000e+00 0.000000e+00 0.000000e+00 0.000000e+00
5.341284e+01 0.000000e+00 0.000000e+00 0.000000e+00 0.000000e+00
5.346181e+01 0.000000e+00 0.000000e+00 0.000000e+00 0.000000e+00
5.351078e+01 0.000000e+00 0.000000e+00 0.000000e+00 0.000000e+00
5.355975e+01 0.000000e+00 0.000000e+00 0.000000e+00 0.000000e+00
5.360872e+01 0.000000e+00 0.000000e+00 0.000000e+00 0.000000e+00
5.365769e+01 0.000000e+00 0.000000e+00 0.000000e+00 0.000000e+00
5.370666e+01 0.000000e+00 0.000000e+00 0.000000e+00 0.000000e+00
5.375563e+01 0.000000e+00 0.000000e+00 0.000000e+00 0.000000e+00
5.380460e+01 0.000000e+00 0.000000e+00 0.000000e+00 0.000000e+00
5.385357e+01 0.000000e+00 0.000000e+00 0.000000e+00 0.000000e+00
5.390254e+01 0.000000e+00 0.000000e+00 0.000000e+00 0.000000e+00
5.395151e+01 0.000000e+00 0.000000e+00 0.000000e+00 0.000000e+00
5.400048e+01 0.000000e+00 0.000000e+00 0.000000e+00 0.000000e+00
5.404945e+01 0.000000e+00 0.000000e+00 0.000000e+00 0.000000e+00
5.409842e+01 0.000000e+00 0.000000e+00 0.000000e+00 0.000000e+00
5.414739e+01 0.000000e+00 0.000000e+00 0.000000e+00 0.000000e+00
5.419637e+01 0.000000e+00 0.000000e+00 0.000000e+00 0.000000e+00
5.424534e+01 0.000000e+00 0.000000e+00 0.000000e+00 0.000000e+00
5.429431e+01 0.000000e+00 0.000000e+00 0.000000e+00 0.000000e+00
5.434328e+01 0.000000e+00 0.000000e+00 0.000000e+00 0.000000e+00
5.439225e+01 0.000000e+00 0.000000e+00 0.000000e+00 0.000000e+00
5.444122e+01 0.000000e+00 0.000000e+00 0.000000e+00 0.000000e+00
5.449019e+01 0.000000e+00 0.000000e+00 0.000000e+00 0.000000e+00
5.453916e+01 0.000000e+00 0.000000e+00 0.000000e+00 0.000000e+00
5.458813e+01 0.000000e+00 0.000000e+00 0.000000e+00 0.000000e+00
5.463710e+01 0.000000e+00 0.000000e+00 0.000000e+00 0.000000e+00
5.468607e+01 0.000000e+00 0.000000e+00 0.000000e+00 0.000000e+00
5.473504e+01 0.000000e+00 0.000000e+00 0.000000e+00 0.000000e+00
5.478401e+01 0.000000e+00 0.000000e+00 0.000000e+00 0.000000e+00
5.483298e+01 0.000000e+00 0.000000e+00 0.000000e+00 0.000000e+00
5.488195e+01 0.000000e+00 0.000000e+00 0.000000e+00 0.000000e+00
5.493092e+01 0.000000e+00 0.000000e+00 0.000000e+00 0.000000e+00
5.497989e+01 0.000000e+00 0.000000e+00 0.000000e+00 0.000000e+00
5.502887e+01 0.000000e+00 0.000000e+00 0.000000e+00 0.000000e+00
5.507784e+01 0.000000e+00 0.000000e+00 0.000000e+00 0.000000e+00
5.512681e+01 0.000000e+00 0.000000e+00 0.000000e+00 0.000000e+00
5.517578e+01 0.000000e+00 0.000000e+00 0.000000e+00 0.000000e+00
5.522475e+01 0.000000e+00 0.000000e+00 0.000000e+00 0.000000e+00
5.527372e+01 0.000000e+00 0.000000e+00 0.000000e+00 0.000000e+00
5.532269e+01 0.000000e+00 0.000000e+00 0.000000e+00 0.000000e+00
5.537166e+01 0.000000e+00 0.000000e+00 0.000000e+00 0.000000e+00
5.542063e+01 0.000000e+00 0.000000e+00 0.000000e+00 0.000000e+00
5.546960e+01 0.000000e+00 0.000000e+00 0.000000e+00 0.000000e+00
5.551857e+01 0.000000e+00 0.000000e+00 0.000000e+00 0.000000e+00
5.556754e+01 0.000000e+00 0.000000e+00 0.000000e+00 0.000000e+00
5.561651e+01 0.000000e+00 0.000000e+00 0.000000e+00 0.000000e+00
5.566548e+01 0.000000e+00 0.000000e+00 0.000000e+00 0.000000e+00
5.571445e+01 0.000000e+00 0.000000e+00 0.000000e+00 0.000000e+00
5.576342e+01 0.000000e+00 0.000000e+00 0.000000e+00 0.000000e+00
5.581239e+01 0.000000e+00 0.000000e+00 0.000000e+00 0.000000e+00
5.586137e+01 0.000000e+00 0.000000e+00 0.000000e+00 0.000000e+00
5.591034e+01 0.000000e+00 0.000000e+00 0.000000e+00 0.000000e+00
5.595931e+01 0.000000e+00 0.000000e+00 0.000000e+00 0.000000e+00
5.600828e+01 0.000000e+00 0.000000e+00 0.000000e+00 0.000000e+00
5.605725e+01 0.000000e+00 0.000000e+00 0.000000e+00 0.000000e+00
5.610622e+01 0.000000e+00 0.000000e+00 0.000000e+00 0.000000e+00
5.615519e+01 0.000000e+00 0.000000e+00 0.000000e+00 0.000000e+00
5.620416e+01 0.000000e+00 0.000000e+00 0.000000e+00 0.000000e+00
5.625313e+01 0.000000e+00 0.000000e+00 0.000000e+00 0.000000e+00
5.630210e+01 0.000000e+00 0.000000e+00 0.000000e+00 0.000000e+00
5.635107e+01 0.000000e+00 0.000000e+00 0.000000e+00 0.000000e+00
5.640004e+01 0.000000e+00 0.000000e+00 0.000000e+00 0.000000e+00
5.644901e+01 0.000000e+00 0.000000e+00 0.000000e+00 0.000000e+00
5.649798e+01 0.000000e+00 0.000000e+00 0.000000e+00 0.000000e+00
5.654695e+01 0.000000e+00 0.000000e+00 0.000000e+00 0.000000e+00
5.659592e+01 0.000000e+00 0.000000e+00 0.000000e+00 0.000000e+00
