4.652806e+00 0.000000e+00 0.000000e+00 0.000000e+00 0.000000e+00
4.704806e+00 0.000000e+00 0.000000e+00 0.000000e+00 0.000000e+00
4.756806e+00 0.000000e+00 0.000000e+00 0.000000e+00 0.000000e+00
4.808806e+00 0.000000e+00 0.000000e+00 0.000000e+00 0.000000e+00
4.860806e+00 0.000000e+00 0.000000e+00 0.000000e+00 0.000000e+00
4.912806e+00 0.000000e+00 0.000000e+00 0.000000e+00 0.000000e+00
4.964806e+00 0.000000e+00 0.000000e+00 0.000000e+00 0.000000e+00
5.016806e+00 0.000000e+00 0.000000e+00 0.000000e+00 0.000000e+00
5.068806e+00 0.000000e+00 0.000000e+00 0.000000e+00 0.000000e+00
5.120806e+00 0.000000e+00 0.000000e+00 0.000000e+00 0.000000e+00
5.172806e+00 0.000000e+00 0.000000e+00 0.000000e+00 0.000000e+00
5.224806e+00 0.000000e+00 0.000000e+00 0.000000e+00 0.000000e+00
5.276806e+00 0.000000e+00 0.000000e+00 0.000000e+00 0.000000e+00
5.328806e+00 0.000000e+00 0.000000e+00 0.000000e+00 0.000000e+00
5.380806e+00 0.000000e+00 0.000000e+00 0.000000e+00 0.000000e+00
5.432806e+00 0.000000e+00 0.000000e+00 0.000000e+00 0.000000e+00
5.484806e+00 0.000000e+00 0.000000e+00 0.000000e+00 0.000000e+00
5.536806e+00 0.000000e+00 0.000000e+00 0.000000e+00 0.000000e+00
5.588806e+00 0.000000e+00 0.000000e+00 0.000000e+00 0.000000e+00
5.640806e+00 0.000000e+00 0.000000e+00 0.000000e+00 0.000000e+00
5.692806e+00 0.000000e+00 0.000000e+00 0.000000e+00 0.000000e+00
5.744806e+00 0.000000e+00 0.000000e+00 0.000000e+00 0.000000e+00
5.796806e+00 0.000000e+00 0.000000e+00 0.000000e+00 0.000000e+00
5.848806e+00 0.000000e+00 0.000000e+00 0.000000e+00 0.000000e+00
5.900806e+00 0.000000e+00 0.000000e+00 0.000000e+00 0.000000e+00
5.952806e+00 0.000000e+00 0.000000e+00 0.000000e+00 0.000000e+00
6.004806e+00 0.000000e+00 0.000000e+00 0.000000e+00 0.000000e+00
6.056806e+00 0.000000e+00 0.000000e+00 0.000000e+00 0.000000e+00
6.108806e+00 0.000000e+00 0.000000e+00 0.000000e+00 0.000000e+00
6.160806e+00 0.000000e+00 0.000000e+00 0.000000e+00 0.000000e+00
6.212806e+00 0.000000e+00 0.000000e+00 0.000000e+00 0.000000e+00
6.264806e+00 0.000000e+00 0.000000e+00 0.000000e+00 0.000000e+00
6.316806e+00 0.000000e+00 0.000000e+00 0.000000e+00 0.000000e+00
6.368806e+00 0.000000e+00 0.000000e+00 0.000000e+00 0.000000e+00
6.420806e+00 0.000000e+00 0.000000e+00 0.000000e+00 0.000000e+00
6.472806e+00 0.000000e+00 0.000000e+00 0.000000e+00 0.000000e+00
6.524806e+00 0.000000e+00 0.000000e+00 0.000000e+00 0.000000e+00
6.576806e+00 0.000000e+00 0.000000e+00 0.000000e+00 0.000000e+00
6.628806e+00 0.000000e+00 0.000000e+00 0.000000e+00 0.000000e+00
6.680806e+00 0.000000e+00 0.000000e+00 0.000000e+00 0.000000e+00
6.732806e+00 0.000000e+00 0.000000e+00 0.000000e+00 0.000000e+00
6.784806e+00 0.000000e+00 0.000000e+00 0.000000e+00 0.000000e+00
6.836806e+00 0.000000e+00 0.000000e+00 0.000000e+00 0.000000e+00
6.888806e+00 0.000000e+00 0.000000e+00 0.000000e+00 0.000000e+00
6.940806e+00 0.000000e+00 0.000000e+00 0.000000e+00 0.000000e+00
6.992806e+00 0.000000e+00 0.000000e+00 0.000000e+00 0.000000e+00
7.044806e+00 0.000000e+00 0.000000e+00 0.000000e+00 0.000000e+00
7.096806e+00 0.000000e+00 0.000000e+00 0.000000e+00 0.000000e+00
7.148806e+00 0.000000e+00 0.000000e+00 0.000000e+00 0.000000e+00
7.200806e+00 0.000000e+00 0.000000e+00 0.000000e+00 0.000000e+00
7.252806e+00 0.000000e+00 0.000000e+00 0.000000e+00 0.000000e+00
7.304806e+00 0.000000e+00 0.000000e+00 0.000000e+00 0.000000e+00
7.356806e+00 0.000000e+00 0.000000e+00 0.000000e+00 0.000000e+00
7.408806e+00 0.000000e+00 0.000000e+00 0.000000e+00 0.000000e+00
7.460806e+00 0.000000e+00 0.000000e+00 0.000000e+00 0.000000e+00
7.512806e+00 0.000000e+00 0.000000e+00 0.000000e+00 0.000000e+00
7.564806e+00 0.000000e+00 0.000000e+00 0.000000e+00 0.000000e+00
7.616806e+00 0.000000e+00 0.000000e+00 0.000000e+00 0.000000e+00
7.668806e+00 0.000000e+00 0.000000e+00 0.000000e+00 0.000000e+00
7.720806e+00 0.000000e+00 0.000000e+00 0.000000e+00 0.000000e+00
7.772806e+00 0.000000e+00 0.000000e+00 0.000000e+00 0.000000e+00
7.824806e+00 0.000000e+00 0.000000e+00 0.000000e+00 0.000000e+00
7.876806e+00 0.000000e+00 0.000000e+00 0.000000e+00 0.000000e+00
7.928806e+00 0.000000e+00 0.000000e+00 0.000000e+00 0.000000e+00
7.980806e+00 0.000000e+00 0.000000e+00 0.000000e+00 0.000000e+00
8.032806e+00 0.000000e+00 0.000000e+00 0.000000e+00 0.000000e+00
8.084806e+00 0.000000e+00 0.000000e+00 0.000000e+00 0.000000e+00
8.136806e+00 0.000000e+00 0.000000e+00 0.000000e+00 0.000000e+00
8.188806e+00 0.000000e+00 0.000000e+00 0.000000e+00 0.000000e+00
8.240806e+00 0.000000e+00 0.000000e+00 0.000000e+00 0.000000e+00
8.292806e+00 0.000000e+00 0.000000e+00 0.000000e+00 0.000000e+00
8.344806e+00 0.000000e+00 0.000000e+00 0.000000e+00 0.000000e+00
8.396806e+00 0.000000e+00 0.000000e+00 0.000000e+00 0.000000e+00
8.448806e+00 0.000000e+00 0.000000e+00 0.000000e+00 0.000000e+00
8.500806e+00 4.767427e-16 1.199624e-15 1.369938e-16 9.360984e-17
8.552806e+00 2.181956e-15 5.490440e-15 6.269931e-16 4.284335e-16
8.604806e+00 4.440682e-14 6.650093e-14 3.543439e-14 3.128515e-14
8.656806e+00 1.966798e-13 2.893465e-13 1.598194e-13 1.408735e-13
8.708806e+00 9.899209e-13 1.385175e-12 8.448091e-13 7.397784e-13
8.760806e+00 3.951167e-12 5.434750e-12 3.426299e-12 2.992453e-12
8.812806e+00 1.507678e-11 2.035563e-11 1.329265e-11 1.158205e-11
8.864806e+00 5.336166e-11 7.099044e-11 4.770112e-11 4.139342e-11
8.916806e+00 1.776703e-10 2.331125e-10 1.607887e-10 1.391096e-10
8.968806e+00 5.558718e-10 7.201959e-10 5.086973e-10 4.387223e-10
9.020806e+00 1.635952e-09 2.095378e-09 1.512372e-09 1.300106e-09
9.072806e+00 4.530352e-09 5.742716e-09 4.226598e-09 3.621742e-09
9.124806e+00 1.181067e-08 1.483215e-08 1.111000e-08 9.489866e-09
9.176806e+00 2.900095e-08 3.611717e-08 2.748331e-08 2.340235e-08
9.228806e+00 6.711385e-08 8.296463e-08 6.402494e-08 5.435199e-08
9.280806e+00 1.464857e-07 1.799055e-07 1.405717e-07 1.189799e-07
9.332806e+00 3.018232e-07 3.685924e-07 2.911571e-07 2.457201e-07
9.384806e+00 5.877069e-07 7.142779e-07 5.695522e-07 4.792907e-07
9.436806e+00 1.082923e-06 1.310944e-06 1.053688e-06 8.841369e-07
9.488806e+00 1.891284e-06 2.282429e-06 1.846609e-06 1.544814e-06
9.540806e+00 3.136587e-06 3.776937e-06 3.071557e-06 2.561268e-06
9.592806e+00 4.950422e-06 5.953523e-06 4.859856e-06 4.037886e-06
9.644806e+00 7.453486e-06 8.961308e-06 7.332206e-06 6.066943e-06
9.696806e+00 1.073299e-05 1.291415e-05 1.057594e-05 8.708893e-06
9.748806e+00 1.481957e-05 1.786412e-05 1.462162e-05 1.197295e-05
9.800806e+00 1.966633e-05 2.377624e-05 1.942174e-05 1.580100e-05
9.852806e+00 2.513186e-05 3.050566e-05 2.483319e-05 2.005673e-05
9.904806e+00 3.096919e-05 3.777967e-05 3.060615e-05 2.452174e-05
9.956806e+00 3.682585e-05 4.519105e-05 3.638521e-05 2.890130e-05
1.000881e+01 4.226447e-05 5.221508e-05 4.173334e-05 3.284498e-05
1.006081e+01 4.681470e-05 5.826522e-05 4.619113e-05 3.598775e-05
1.011281e+01 5.006415e-05 6.279851e-05 4.937925e-05 3.801467e-05
1.016481e+01 5.178693e-05 6.547149e-05 5.114252e-05 3.874677e-05
1.021681e+01 5.209870e-05 6.633448e-05 5.172049e-05 3.824115e-05
1.026881e+01 5.161819e-05 6.604023e-05 5.191783e-05 3.689650e-05
1.032081e+01 5.160790e-05 6.603164e-05 5.323611e-05 3.555594e-05
1.037281e+01 5.405701e-05 6.865905e-05 5.791679e-05 3.559520e-05
1.042481e+01 6.165631e-05 7.716113e-05 6.883679e-05 3.897101e-05
1.047681e+01 7.760779e-05 9.543577e-05 8.920556e-05 4.818204e-05
1.052881e+01 1.052282e-04 1.275522e-04 1.220541e-04 6.607822e-05
1.058081e+01 1.473626e-04 1.770307e-04 1.695871e-04 9.546990e-05
1.063281e+01 2.057175e-04 2.460342e-04 2.325632e-04 1.385550e-04
1.068481e+01 2.803140e-04 3.347229e-04 3.099248e-04 1.962942e-04
1.073681e+01 3.692865e-04 4.410424e-04 3.988503e-04 2.679669e-04
1.078881e+01 4.691692e-04 5.610913e-04 4.952572e-04 3.511590e-04
1.084081e+01 5.756216e-04 6.899759e-04 5.945870e-04 4.423017e-04
1.089281e+01 6.843542e-04 8.228353e-04 6.925930e-04 5.376342e-04
1.094481e+01 7.919252e-04 9.556625e-04 7.858949e-04 6.342181e-04
1.099681e+01 8.961809e-04 1.085718e-03 8.722543e-04 7.305704e-04
1.104881e+01 9.963327e-04 1.211617e-03 9.507109e-04 8.266704e-04
1.110081e+01 1.092852e-03 1.333349e-03 1.021755e-03 9.234525e-04
1.115281e+01 1.187362e-03 1.452373e-03 1.087538e-03 1.022176e-03
1.120481e+01 1.282510e-03 1.571613e-03 1.151878e-03 1.124039e-03
1.125681e+01 1.381582e-03 1.694928e-03 1.219710e-03 1.230108e-03
1.130881e+01 1.487642e-03 1.825800e-03 1.295843e-03 1.341283e-03
1.136081e+01 1.602256e-03 1.965487e-03 1.383320e-03 1.457960e-03
1.141281e+01 1.724330e-03 2.111563e-03 1.482071e-03 1.579358e-03
1.146481e+01 1.849767e-03 2.257834e-03 1.588574e-03 1.702894e-03
1.151681e+01 1.972383e-03 2.396081e-03 1.696865e-03 1.824203e-03
1.156881e+01 2.085910e-03 2.519102e-03 1.800560e-03 1.938068e-03
1.162081e+01 2.186307e-03 2.623737e-03 1.895136e-03 2.040047e-03
1.167281e+01 2.273482e-03 2.712570e-03 1.979697e-03 2.128177e-03
1.172481e+01 2.351851e-03 2.793600e-03 2.057771e-03 2.204183e-03
1.177681e+01 2.429650e-03 2.878051e-03 2.136995e-03 2.273905e-03
1.182881e+01 2.517195e-03 2.976973e-03 2.227703e-03 2.346909e-03
1.188081e+01 2.624349e-03 3.097481e-03 2.340388e-03 2.435177e-03
1.193281e+01 2.757467e-03 3.239526e-03 2.482233e-03 2.550641e-03
1.198481e+01 2.916413e-03 3.394202e-03 2.653461e-03 2.701575e-03
1.203681e+01 3.092631e-03 3.544574e-03 2.844825e-03 2.888496e-03
1.208881e+01 3.269376e-03 3.669408e-03 3.037659e-03 3.101062e-03
1.214081e+01 3.424646e-03 3.749035e-03 3.207173e-03 3.317730e-03
1.219281e+01 3.536325e-03 3.771379e-03 3.328367e-03 3.509229e-03
1.224481e+01 3.587993e-03 3.735794e-03 3.382746e-03 3.645439e-03
1.229681e+01 3.573509e-03 3.653236e-03 3.363602e-03 3.703690e-03
1.234881e+01 3.498928e-03 3.542926e-03 3.278189e-03 3.675670e-03
1.240081e+01 3.381292e-03 3.427170e-03 3.146237e-03 3.570469e-03
1.245281e+01 3.244871e-03 3.326477e-03 2.995465e-03 3.412672e-03
1.250481e+01 3.116029e-03 3.256409e-03 2.855485e-03 3.236192e-03
1.255681e+01 3.018021e-03 3.226378e-03 2.751741e-03 3.075943e-03
1.260881e+01 2.966853e-03 3.239681e-03 2.700837e-03 2.960041e-03
1.266081e+01 2.968910e-03 3.293907e-03 2.708128e-03 2.904695e-03
1.271281e+01 3.020634e-03 3.381306e-03 2.767797e-03 2.912799e-03
1.276481e+01 3.110080e-03 3.489342e-03 2.865104e-03 2.975793e-03
1.281681e+01 3.219828e-03 3.601932e-03 2.980082e-03 3.077470e-03
1.286881e+01 3.330569e-03 3.701747e-03 3.091819e-03 3.198141e-03
1.292081e+01 3.424694e-03 3.773531e-03 3.182489e-03 3.318062e-03
1.297281e+01 3.489444e-03 3.807931e-03 3.240499e-03 3.419901e-03
1.302481e+01 3.519297e-03 3.804943e-03 3.262325e-03 3.490624e-03
1.307681e+01 3.517350e-03 3.775865e-03 3.252862e-03 3.523324e-03
1.312881e+01 3.495345e-03 3.742686e-03 3.224326e-03 3.519022e-03
1.318081e+01 3.471977e-03 3.734249e-03 3.193922e-03 3.487761e-03
1.323281e+01 3.469370e-03 3.779451e-03 3.180705e-03 3.447954e-03
1.328481e+01 3.508129e-03 3.898931e-03 3.202165e-03 3.423290e-03
1.333681e+01 3.602075e-03 4.097658e-03 3.271106e-03 3.437462e-03
1.338881e+01 3.754114e-03 4.361026e-03 3.393281e-03 3.508036e-03
1.344081e+01 3.954467e-03 4.656093e-03 3.566020e-03 3.641289e-03
1.349281e+01 4.181755e-03 4.937866e-03 3.777825e-03 3.829574e-03
1.354481e+01 4.406475e-03 5.158685e-03 4.008829e-03 4.051910e-03
1.359681e+01 4.595838e-03 5.277871e-03 4.232172e-03 4.277472e-03
1.364881e+01 4.718897e-03 5.269065e-03 4.416601e-03 4.471025e-03
1.370081e+01 4.751192e-03 5.123927e-03 4.530604e-03 4.599046e-03
1.375281e+01 4.678523e-03 4.852211e-03 4.547966e-03 4.635392e-03
1.380481e+01 4.499481e-03 4.479057e-03 4.453746e-03 4.565639e-03
1.385681e+01 4.226363e-03 4.040577e-03 4.248993e-03 4.389519e-03
1.390881e+01 3.884063e-03 3.578569e-03 3.952406e-03 4.121214e-03
1.396081e+01 3.506843e-03 3.135019e-03 3.598009e-03 3.787502e-03
1.401281e+01 3.133364e-03 2.746932e-03 3.229186e-03 3.423973e-03
1.406481e+01 2.800831e-03 2.442034e-03 2.890729e-03 3.069730e-03
1.411681e+01 2.539397e-03 2.235850e-03 2.621028e-03 2.761312e-03
1.416881e+01 2.367914e-03 2.130545e-03 2.446268e-03 2.526928e-03
1.422081e+01 2.291853e-03 2.115716e-03 2.377602e-03 2.382241e-03
1.427281e+01 2.303670e-03 2.171052e-03 2.411229e-03 2.328729e-03
1.432481e+01 2.385343e-03 2.270440e-03 2.530636e-03 2.354953e-03
1.437681e+01 2.512298e-03 2.386715e-03 2.710006e-03 2.440173e-03
1.442881e+01 2.657746e-03 2.496066e-03 2.918082e-03 2.559089e-03
1.448081e+01 2.796555e-03 2.581145e-03 3.122177e-03 2.686344e-03
1.453281e+01 2.908184e-03 2.632344e-03 3.292329e-03 2.799878e-03
1.458481e+01 2.978569e-03 2.647318e-03 3.405490e-03 2.882898e-03
1.463681e+01 3.001150e-03 2.629383e-03 3.449248e-03 2.924820e-03
1.468881e+01 2.977176e-03 2.585672e-03 3.424188e-03 2.921669e-03
1.474081e+01 2.915303e-03 2.525739e-03 3.343955e-03 2.876215e-03
1.479281e+01 2.830390e-03 2.460812e-03 3.232621e-03 2.797736e-03
1.484481e+01 2.741436e-03 2.403399e-03 3.119795e-03 2.701115e-03
1.489681e+01 2.668851e-03 2.366701e-03 3.034740e-03 2.605110e-03
1.494881e+01 2.631461e-03 2.363401e-03 3.001088e-03 2.529894e-03
1.500081e+01 2.643834e-03 2.403831e-03 3.033351e-03 2.494319e-03
1.505281e+01 2.714322e-03 2.493923e-03 3.135682e-03 2.513360e-03
1.510481e+01 2.844044e-03 2.633534e-03 3.302497e-03 2.596102e-03
1.515681e+01 3.026723e-03 2.815666e-03 3.520125e-03 2.744377e-03
1.520881e+01 3.249195e-03 3.026791e-03 3.768741e-03 2.952053e-03
1.526081e+01 3.492462e-03 3.248165e-03 4.024230e-03 3.204990e-03
1.531281e+01 3.733236e-03 3.457841e-03 4.260070e-03 3.481798e-03
1.536481e+01 3.946045e-03 3.633054e-03 4.449533e-03 3.755549e-03
1.541681e+01 4.105917e-03 3.752786e-03 4.568452e-03 3.996513e-03
1.546881e+01 4.191552e-03 3.800376e-03 4.598501e-03 4.175779e-03
1.552081e+01 4.188654e-03 3.766045e-03 4.530539e-03 4.269378e-03
1.557281e+01 4.092800e-03 3.648952e-03 4.367182e-03 4.262267e-03
1.562481e+01 3.911015e-03 3.458138e-03 4.123538e-03 4.151368e-03
1.567681e+01 3.661219e-03 3.211656e-03 3.825247e-03 3.946753e-03
1.572881e+01 3.369212e-03 2.933590e-03 3.503704e-03 3.670341e-03
1.578081e+01 3.063650e-03 2.649417e-03 3.189501e-03 3.352032e-03
1.583281e+01 2.770376e-03 2.381035e-03 2.906050e-03 3.024043e-03
1.588481e+01 2.507832e-03 2.143041e-03 2.665580e-03 2.714875e-03
1.593681e+01 2.284934e-03 1.941445e-03 2.468796e-03 2.444561e-03
1.598881e+01 2.101788e-03 1.774957e-03 2.307994e-03 2.222414e-03
1.604081e+01 1.952510e-03 1.637923e-03 2.172003e-03 2.047602e-03
1.609281e+01 1.828747e-03 1.523496e-03 2.050781e-03 1.911965e-03
1.614481e+01 1.722578e-03 1.425840e-03 1.938041e-03 1.803853e-03
1.619681e+01 1.628018e-03 1.340913e-03 1.831446e-03 1.711694e-03
1.624881e+01 1.541191e-03 1.266097e-03 1.731096e-03 1.626379e-03
1.630081e+01 1.459707e-03 1.199395e-03 1.637555e-03 1.542170e-03
1.635281e+01 1.381921e-03 1.138828e-03 1.550526e-03 1.456409e-03
1.640481e+01 1.306533e-03 1.082344e-03 1.468640e-03 1.368616e-03
1.645681e+01 1.232608e-03 1.028150e-03 1.390138e-03 1.279536e-03
1.650881e+01 1.159823e-03 9.751527e-04 1.313834e-03 1.190481e-03
1.656081e+01 1.088653e-03 9.232000e-04 1.239749e-03 1.103009e-03
1.661281e+01 1.020297e-03 8.729695e-04 1.169108e-03 1.018814e-03
1.666481e+01 9.563294e-04 8.255594e-04 1.103773e-03 9.396556e-04
1.671681e+01 8.982125e-04 7.819807e-04 1.045446e-03 8.672102e-04
1.676881e+01 8.468795e-04 7.427700e-04 9.950191e-04 8.028492e-04
1.682081e+01 8.025207e-04 7.078570e-04 9.523110e-04 7.473942e-04
1.687281e+01 7.646155e-04 6.766934e-04 9.162073e-04 7.009458e-04
1.692481e+01 7.321472e-04 6.485403e-04 8.850463e-04 6.628549e-04
1.697681e+01 7.038944e-04 6.227677e-04 8.570559e-04 6.318594e-04
1.702881e+01 6.786963e-04 5.990456e-04 8.306893e-04 6.063539e-04
1.708081e+01 6.556312e-04 5.773810e-04 8.048016e-04 5.847109e-04
1.713281e+01 6.340909e-04 5.580267e-04 7.786817e-04 5.655644e-04
1.718481e+01 6.137694e-04 5.413375e-04 7.519903e-04 5.479805e-04
1.723681e+01 5.946003e-04 5.276414e-04 7.246642e-04 5.314953e-04
1.728881e+01 5.766836e-04 5.171621e-04 6.968434e-04 5.160454e-04
1.734081e+01 5.602312e-04 5.099833e-04 6.688612e-04 5.018491e-04
1.739281e+01 5.455441e-04 5.060325e-04 6.413021e-04 4.892976e-04
1.744481e+01 5.330147e-04 5.050694e-04 6.150829e-04 4.788918e-04
1.749681e+01 5.231309e-04 5.066937e-04 5.914753e-04 4.712236e-04
1.754881e+01 5.164532e-04 5.103981e-04 5.719913e-04 4.669701e-04
1.760081e+01 5.135434e-04 5.156736e-04 5.581068e-04 4.668499e-04
1.765281e+01 5.148361e-04 5.221321e-04 5.508791e-04 4.714972e-04
1.770481e+01 5.204648e-04 5.295728e-04 5.505825e-04 4.812392e-04
1.775681e+01 5.300774e-04 5.379188e-04 5.564954e-04 4.958181e-04
1.780881e+01 5.426962e-04 5.470061e-04 5.669274e-04 5.141551e-04
1.786081e+01 5.566969e-04 5.563028e-04 5.794968e-04 5.342911e-04
1.791281e+01 5.699769e-04 5.647188e-04 5.915979e-04 5.536141e-04
1.796481e+01 5.803449e-04 5.706777e-04 6.009591e-04 5.693978e-04
1.801681e+01 5.860849e-04 5.725360e-04 6.061796e-04 5.795391e-04
1.806881e+01 5.865478e-04 5.692548e-04 6.071245e-04 5.832641e-04
1.812081e+01 5.825499e-04 5.610610e-04 6.050581e-04 5.815306e-04
1.817281e+01 5.763708e-04 5.497642e-04 6.024224e-04 5.769257e-04
1.822481e+01 5.712599e-04 5.384974e-04 6.022457e-04 5.730365e-04
1.827681e+01 5.705591e-04 5.309005e-04 6.073063e-04 5.734706e-04
1.832881e+01 5.767294e-04 5.300352e-04 6.192988e-04 5.808543e-04
1.838081e+01 5.906419e-04 5.374719e-04 6.382990e-04 5.961547e-04
1.843281e+01 6.114045e-04 5.529252e-04 6.627341e-04 6.185542e-04
1.848481e+01 6.367757e-04 5.745610e-04 6.898709e-04 6.458951e-04
1.853681e+01 6.639697e-04 5.997885e-04 7.166237e-04 6.754968e-04
1.858881e+01 6.905061e-04 6.261440e-04 7.403625e-04 7.050118e-04
1.864081e+01 7.147645e-04 6.518748e-04 7.594272e-04 7.329915e-04
1.869281e+01 7.360633e-04 6.760195e-04 7.732045e-04 7.589660e-04
1.874481e+01 7.543143e-04 6.980572e-04 7.818380e-04 7.830477e-04
1.879681e+01 7.694908e-04 7.174042e-04 7.857929e-04 8.052754e-04
1.884881e+01 7.812156e-04 7.330889e-04 7.855354e-04 8.250224e-04
1.890081e+01 7.886941e-04 7.438200e-04 7.814897e-04 8.407726e-04
1.895281e+01 7.910311e-04 7.484410e-04 7.742541e-04 8.503983e-04
1.900481e+01 7.877645e-04 7.465584e-04 7.648923e-04 8.518428e-04
1.905681e+01 7.793216e-04 7.390151e-04 7.550498e-04 8.438999e-04
1.910881e+01 7.671237e-04 7.279284e-04 7.467136e-04 8.267292e-04
1.916081e+01 7.532239e-04 7.161914e-04 7.416161e-04 8.018642e-04
1.921281e+01 7.396017e-04 7.065839e-04 7.404915e-04 7.717297e-04
1.926481e+01 7.274300e-04 7.008426e-04 7.425222e-04 7.389251e-04
1.931681e+01 7.166758e-04 6.991003e-04 7.452933e-04 7.056339e-04
1.936881e+01 7.062616e-04 6.999706e-04 7.453934e-04 6.734208e-04
1.942081e+01 6.947550e-04 7.012891e-04 7.395265e-04 6.434492e-04
1.947281e+01 6.813040e-04 7.012264e-04 7.257626e-04 6.169230e-04
1.952481e+01 6.664126e-04 6.993102e-04 7.044687e-04 5.954589e-04
1.957681e+01 6.522149e-04 6.969211e-04 6.785692e-04 5.811543e-04
1.962881e+01 6.421223e-04 6.970387e-04 6.530346e-04 5.762936e-04
1.968081e+01 6.399705e-04 7.033269e-04 6.337705e-04 5.828141e-04
1.973281e+01 6.489699e-04 7.189053e-04 6.262560e-04 6.017485e-04
1.978481e+01 6.708057e-04 7.452563e-04 6.343149e-04 6.328459e-04
1.983681e+01 7.051424e-04 7.816310e-04 6.593171e-04 6.744790e-04
1.988881e+01 7.496364e-04 8.251186e-04 6.999580e-04 7.238326e-04
1.994081e+01 8.004090e-04 8.713084e-04 7.526180e-04 7.773005e-04
1.999281e+01 8.528324e-04 9.153234e-04 8.121780e-04 8.309958e-04
2.004481e+01 9.024433e-04 9.529405e-04 8.730838e-04 8.813056e-04
2.009681e+01 9.457990e-04 9.815415e-04 9.304182e-04 9.254372e-04
2.014881e+01 9.811163e-04 1.000692e-03 9.807539e-04 9.619034e-04
2.020081e+01 1.008563e-03 1.012211e-03 1.022620e-03 9.908566e-04
2.025281e+01 1.030102e-03 1.019679e-03 1.056490e-03 1.014137e-03
2.030481e+01 1.048874e-03 1.027426e-03 1.084296e-03 1.034899e-03
2.035681e+01 1.068209e-03 1.039254e-03 1.108585e-03 1.056787e-03
2.040881e+01 1.090538e-03 1.057275e-03 1.131544e-03 1.082794e-03
2.046081e+01 1.116565e-03 1.081291e-03 1.154218e-03 1.114185e-03
2.051281e+01 1.145042e-03 1.109014e-03 1.176188e-03 1.149926e-03
2.056481e+01 1.173279e-03 1.137053e-03 1.195841e-03 1.186944e-03
2.061681e+01 1.198201e-03 1.162283e-03 1.211099e-03 1.221221e-03
2.066881e+01 1.217544e-03 1.183018e-03 1.220301e-03 1.249313e-03
2.072081e+01 1.230697e-03 1.199523e-03 1.222904e-03 1.269664e-03
2.077281e+01 1.238907e-03 1.213740e-03 1.219798e-03 1.283182e-03
2.082481e+01 1.244796e-03 1.228428e-03 1.213164e-03 1.292795e-03
2.087681e+01 1.251439e-03 1.246134e-03 1.205974e-03 1.302211e-03
2.092881e+01 1.261327e-03 1.268374e-03 1.201241e-03 1.314368e-03
2.098081e+01 1.275542e-03 1.295221e-03 1.201200e-03 1.330204e-03
2.103281e+01 1.293381e-03 1.325316e-03 1.206620e-03 1.348207e-03
2.108481e+01 1.312524e-03 1.356190e-03 1.216474e-03 1.364908e-03
2.113681e+01 1.329682e-03 1.384791e-03 1.228142e-03 1.376113e-03
2.118881e+01 1.341551e-03 1.408094e-03 1.238148e-03 1.378411e-03
2.124081e+01 1.345788e-03 1.423726e-03 1.243227e-03 1.370412e-03
2.129281e+01 1.341733e-03 1.430490e-03 1.241380e-03 1.353330e-03
2.134481e+01 1.330657e-03 1.428668e-03 1.232538e-03 1.330765e-03
2.139681e+01 1.315496e-03 1.420004e-03 1.218639e-03 1.307844e-03
2.144881e+01 1.300172e-03 1.407367e-03 1.203101e-03 1.290047e-03
2.150081e+01 1.288761e-03 1.394228e-03 1.189936e-03 1.282119e-03
2.155281e+01 1.284804e-03 1.384175e-03 1.182862e-03 1.287375e-03
2.160481e+01 1.290969e-03 1.380652e-03 1.184727e-03 1.307528e-03
2.165681e+01 1.309114e-03 1.386957e-03 1.197407e-03 1.342978e-03
2.170881e+01 1.340555e-03 1.406322e-03 1.222067e-03 1.393278e-03
2.176081e+01 1.386284e-03 1.441796e-03 1.259562e-03 1.457494e-03
2.181281e+01 1.446888e-03 1.495759e-03 1.310649e-03 1.534254e-03
2.186481e+01 1.522173e-03 1.569118e-03 1.375873e-03 1.621528e-03
2.191681e+01 1.610688e-03 1.660521e-03 1.455149e-03 1.716395e-03
2.196881e+01 1.709458e-03 1.766007e-03 1.547246e-03 1.815121e-03
2.202081e+01 1.814152e-03 1.879374e-03 1.649417e-03 1.913665e-03
2.207281e+01 1.919659e-03 1.993181e-03 1.757349e-03 2.008448e-03
2.212481e+01 2.020813e-03 2.100050e-03 1.865442e-03 2.096946e-03
2.217681e+01 2.112949e-03 2.193758e-03 1.967355e-03 2.177733e-03
2.222881e+01 2.192117e-03 2.269820e-03 2.056668e-03 2.249863e-03
2.228081e+01 2.255003e-03 2.325500e-03 2.127584e-03 2.311927e-03
2.233281e+01 2.298784e-03 2.359484e-03 2.175553e-03 2.361314e-03
2.238481e+01 2.321133e-03 2.371478e-03 2.197765e-03 2.394158e-03
2.243681e+01 2.320462e-03 2.361936e-03 2.193386e-03 2.406065e-03
2.248881e+01 2.296267e-03 2.331965e-03 2.163512e-03 2.393324e-03
2.254081e+01 2.249430e-03 2.283335e-03 2.110860e-03 2.354094e-03
2.259281e+01 2.182322e-03 2.218509e-03 2.039304e-03 2.289153e-03
2.264481e+01 2.098691e-03 2.140616e-03 1.953441e-03 2.202015e-03
2.269681e+01 2.003352e-03 2.053346e-03 1.858240e-03 2.098471e-03
2.274881e+01 1.901752e-03 1.960718e-03 1.758813e-03 1.985724e-03
2.280081e+01 1.799414e-03 1.866737e-03 1.660188e-03 1.871315e-03
2.285281e+01 1.701320e-03 1.774959e-03 1.567004e-03 1.761998e-03
2.290481e+01 1.611298e-03 1.688051e-03 1.483085e-03 1.662757e-03
2.295681e+01 1.531538e-03 1.607471e-03 1.410971e-03 1.576172e-03
2.300881e+01 1.462389e-03 1.533357e-03 1.351511e-03 1.502298e-03
2.306081e+01 1.402489e-03 1.464675e-03 1.303690e-03 1.439101e-03
2.311281e+01 1.349225e-03 1.399595e-03 1.264780e-03 1.383302e-03
2.316481e+01 1.299395e-03 1.335985e-03 1.230836e-03 1.331363e-03
2.321681e+01 1.249892e-03 1.271900e-03 1.197452e-03 1.280323e-03
2.326881e+01 1.198270e-03 1.205941e-03 1.160597e-03 1.228271e-03
2.332081e+01 1.143058e-03 1.137423e-03 1.117325e-03 1.174427e-03
2.337281e+01 1.083825e-03 1.066372e-03 1.066195e-03 1.118908e-03
2.342481e+01 1.021033e-03 9.934200e-04 1.007332e-03 1.062348e-03
2.347681e+01 9.558016e-04 9.196911e-04 9.421949e-04 1.005519e-03
2.352881e+01 8.896620e-04 8.467179e-04 8.731799e-04 9.490883e-04
2.358081e+01 8.243713e-04 7.763775e-04 8.031852e-04 8.935511e-04
2.363281e+01 7.617709e-04 7.107753e-04 7.352296e-04 8.393076e-04
2.368481e+01 7.036634e-04 6.520286e-04 6.721413e-04 7.868204e-04
2.373681e+01 6.516745e-04 6.019590e-04 6.163080e-04 7.367564e-04
2.378881e+01 6.071036e-04 5.617797e-04 5.694804e-04 6.900509e-04
2.384081e+01 5.707960e-04 5.318856e-04 5.326364e-04 6.478659e-04
2.389281e+01 5.430668e-04 5.118205e-04 5.059283e-04 6.114517e-04
2.394481e+01 5.236914e-04 5.004145e-04 4.887262e-04 5.819337e-04
2.399681e+01 5.119419e-04 4.960184e-04 4.797517e-04 5.600556e-04
2.404881e+01 5.066444e-04 4.967363e-04 4.772732e-04 5.459236e-04
2.410081e+01 5.062408e-04 5.005875e-04 4.793213e-04 5.388137e-04
2.415281e+01 5.088660e-04 5.055921e-04 4.838851e-04 5.371207e-04
2.420481e+01 5.124687e-04 5.098321e-04 4.890668e-04 5.385071e-04
2.425681e+01 5.150046e-04 5.115572e-04 4.931918e-04 5.402648e-04
2.430881e+01 5.147040e-04 5.093848e-04 4.948982e-04 5.398289e-04
2.436081e+01 5.103792e-04 5.025740e-04 4.932365e-04 5.353271e-04
2.441281e+01 5.017052e-04 4.912960e-04 4.877996e-04 5.260200e-04
2.446481e+01 4.893854e-04 4.767783e-04 4.788644e-04 5.125134e-04
2.451681e+01 4.751294e-04 4.612194e-04 4.674886e-04 4.966801e-04
2.456881e+01 4.614060e-04 4.474379e-04 4.554780e-04 4.813021e-04
2.462081e+01 4.509962e-04 4.383147e-04 4.451639e-04 4.695100e-04
2.467281e+01 4.464339e-04 4.361734e-04 4.389901e-04 4.641381e-04
2.472481e+01 4.494694e-04 4.422765e-04 4.389934e-04 4.671383e-04
2.477681e+01 4.606981e-04 4.565822e-04 4.463270e-04 4.791850e-04
2.482881e+01 4.794563e-04 4.778205e-04 4.609789e-04 4.995693e-04
2.488081e+01 5.040067e-04 5.038386e-04 4.817791e-04 5.264023e-04
2.493281e+01 5.319420e-04 5.320858e-04 5.066828e-04 5.570576e-04
2.498481e+01 5.606702e-04 5.600837e-04 5.332190e-04 5.887079e-04
2.503681e+01 5.878370e-04 5.857608e-04 5.589540e-04 6.187961e-04
2.508881e+01 6.115939e-04 6.076058e-04 5.818436e-04 6.453325e-04
2.514081e+01 6.307015e-04 6.246700e-04 6.004282e-04 6.670062e-04
2.519281e+01 6.445199e-04 6.364929e-04 6.138937e-04 6.831730e-04
2.524481e+01 6.529545e-04 6.430228e-04 6.220477e-04 6.937930e-04
2.529681e+01 6.563879e-04 6.445663e-04 6.252448e-04 6.993527e-04
2.534881e+01 6.555881e-04 6.417523e-04 6.242626e-04 7.007493e-04
2.540081e+01 6.515657e-04 6.354708e-04 6.201215e-04 6.991047e-04
2.545281e+01 6.453841e-04 6.267596e-04 6.138741e-04 6.955187e-04
2.550481e+01 6.379734e-04 6.166588e-04 6.064272e-04 6.908343e-04
2.555681e+01 6.300235e-04 6.060897e-04 5.984671e-04 6.855138e-04
2.560881e+01 6.220088e-04 5.958161e-04 5.905166e-04 6.796937e-04
2.566081e+01 6.143282e-04 5.865033e-04 5.830814e-04 6.733998e-04
2.571281e+01 6.074854e-04 5.788284e-04 5.767946e-04 6.668332e-04
2.576481e+01 6.022145e-04 5.735670e-04 5.724746e-04 6.606019e-04
2.581681e+01 5.994921e-04 5.715992e-04 5.710727e-04 6.558043e-04
2.586881e+01 6.004386e-04 5.738357e-04 5.735473e-04 6.539328e-04
2.592081e+01 6.061578e-04 5.811170e-04 5.807264e-04 6.566298e-04
2.597281e+01 6.175702e-04 5.941490e-04 5.931977e-04 6.653639e-04
2.602481e+01 6.352766e-04 6.134984e-04 6.112230e-04 6.811083e-04
2.607681e+01 6.594562e-04 6.396122e-04 6.346583e-04 7.040982e-04
2.612881e+01 6.897926e-04 6.727743e-04 6.628807e-04 7.337228e-04
2.618081e+01 7.254177e-04 7.129190e-04 6.947542e-04 7.685800e-04
2.623281e+01 7.648793e-04 7.592900e-04 7.286794e-04 8.066684e-04
2.628481e+01 8.061476e-04 8.100505e-04 7.627394e-04 8.456529e-04
2.633681e+01 8.466946e-04 8.620518e-04 7.949145e-04 8.831175e-04
2.638881e+01 8.836819e-04 9.109874e-04 8.233075e-04 9.167508e-04
2.644081e+01 9.142767e-04 9.520379e-04 8.463299e-04 9.444623e-04
2.649281e+01 9.360684e-04 9.808954e-04 8.628323e-04 9.644776e-04
2.654481e+01 9.474960e-04 9.948340e-04 8.721872e-04 9.754669e-04
2.659681e+01 9.481565e-04 9.934140e-04 8.743343e-04 9.767211e-04
2.664881e+01 9.388814e-04 9.785297e-04 8.697843e-04 9.683302e-04
2.670081e+01 9.215420e-04 9.537828e-04 8.595603e-04 9.512828e-04
2.675281e+01 8.986436e-04 9.234455e-04 8.450694e-04 9.274157e-04
2.680481e+01 8.728432e-04 8.914146e-04 8.279201e-04 8.991950e-04
2.685681e+01 8.465393e-04 8.605062e-04 8.097348e-04 8.693769e-04
2.690881e+01 8.216314e-04 8.322444e-04 7.920112e-04 8.406385e-04
2.696081e+01 7.994714e-04 8.070811e-04 7.760621e-04 8.152711e-04
2.701281e+01 7.809518e-04 7.848483e-04 7.630153e-04 7.949918e-04
2.706481e+01 7.666370e-04 7.652170e-04 7.538138e-04 7.808804e-04
2.711681e+01 7.568538e-04 7.480058e-04 7.491476e-04 7.734081e-04
2.716881e+01 7.516996e-04 7.332881e-04 7.492986e-04 7.725120e-04
2.722081e+01 7.509909e-04 7.213400e-04 7.539557e-04 7.776771e-04
2.727281e+01 7.542182e-04 7.125201e-04 7.621224e-04 7.880123e-04
2.732481e+01 7.605751e-04 7.071674e-04 7.722320e-04 8.023258e-04
2.737681e+01 7.690956e-04 7.055508e-04 7.825108e-04 8.192252e-04
2.742881e+01 7.788714e-04 7.078511e-04 7.915004e-04 8.372627e-04
2.748081e+01 7.892729e-04 7.141290e-04 7.985573e-04 8.551324e-04
2.753281e+01 8.000870e-04 7.242548e-04 8.041220e-04 8.718842e-04
2.758481e+01 8.115113e-04 7.378210e-04 8.096202e-04 8.870926e-04
2.763681e+01 8.239993e-04 7.541010e-04 8.169929e-04 9.009041e-04
2.768881e+01 8.380097e-04 7.721114e-04 8.279947e-04 9.139231e-04
2.774081e+01 8.537505e-04 7.907929e-04 8.435062e-04 9.269524e-04
2.779281e+01 8.710193e-04 8.092654e-04 8.631224e-04 9.406702e-04
2.784481e+01 8.892076e-04 8.270697e-04 8.851982e-04 9.553550e-04
2.789681e+01 9.074772e-04 8.443099e-04 9.073625e-04 9.707594e-04
2.794881e+01 9.250423e-04 8.616375e-04 9.273195e-04 9.861698e-04
2.800081e+01 9.414367e-04 8.800714e-04 9.436230e-04 1.000616e-03
2.805281e+01 9.566483e-04 9.006957e-04 9.561127e-04 1.013136e-03
2.810481e+01 9.710611e-04 9.243240e-04 9.658480e-04 1.023011e-03
2.815681e+01 9.852517e-04 9.512388e-04 9.746050e-04 1.029911e-03
2.820881e+01 9.997649e-04 9.811110e-04 9.841925e-04 1.033991e-03
2.826081e+01 1.015009e-03 1.013146e-03 9.959091e-04 1.035971e-03
2.831281e+01 1.031330e-03 1.046419e-03 1.010357e-03 1.037215e-03
2.836481e+01 1.049220e-03 1.080273e-03 1.027633e-03 1.039752e-03
2.841681e+01 1.069480e-03 1.114602e-03 1.047708e-03 1.046129e-03
2.846881e+01 1.093213e-03 1.149880e-03 1.070734e-03 1.059024e-03
2.852081e+01 1.121543e-03 1.186892e-03 1.097068e-03 1.080670e-03
2.857281e+01 1.155172e-03 1.226264e-03 1.126972e-03 1.112279e-03
2.862481e+01 1.193952e-03 1.267991e-03 1.160165e-03 1.153699e-03
2.867681e+01 1.236742e-03 1.311244e-03 1.195476e-03 1.203505e-03
2.872881e+01 1.281647e-03 1.354564e-03 1.230826e-03 1.259550e-03
2.878081e+01 1.326617e-03 1.396458e-03 1.263623e-03 1.319770e-03
2.883281e+01 1.370189e-03 1.436134e-03 1.291452e-03 1.382980e-03
2.888481e+01 1.412077e-03 1.474067e-03 1.312839e-03 1.449325e-03
2.893681e+01 1.453392e-03 1.512085e-03 1.327847e-03 1.520244e-03
2.898881e+01 1.496373e-03 1.552892e-03 1.338286e-03 1.597940e-03
2.904081e+01 1.543694e-03 1.599145e-03 1.347447e-03 1.684491e-03
2.909281e+01 1.597532e-03 1.652404e-03 1.359375e-03 1.780817e-03
2.914481e+01 1.658646e-03 1.712305e-03 1.377856e-03 1.885777e-03
2.919681e+01 1.725769e-03 1.776264e-03 1.405410e-03 1.995635e-03
2.924881e+01 1.795532e-03 1.839821e-03 1.442633e-03 2.104142e-03
2.930081e+01 1.862992e-03 1.897529e-03 1.488110e-03 2.203337e-03
2.935281e+01 1.922642e-03 1.944094e-03 1.538895e-03 2.284937e-03
2.940481e+01 1.969556e-03 1.975400e-03 1.591303e-03 2.341966e-03
2.945681e+01 2.000295e-03 1.989110e-03 1.641671e-03 2.370106e-03
2.950881e+01 2.013305e-03 1.984752e-03 1.686796e-03 2.368368e-03
2.956081e+01 2.008778e-03 1.963386e-03 1.724057e-03 2.338892e-03
2.961281e+01 1.988155e-03 1.927063e-03 1.751339e-03 2.286063e-03
2.966481e+01 1.953547e-03 1.878315e-03 1.767005e-03 2.215322e-03
2.971681e+01 1.907298e-03 1.819771e-03 1.770017e-03 2.132106e-03
2.976881e+01 1.851786e-03 1.753964e-03 1.760179e-03 2.041214e-03
2.982081e+01 1.789454e-03 1.683283e-03 1.738403e-03 1.946677e-03
2.987281e+01 1.722965e-03 1.610062e-03 1.706837e-03 1.851997e-03
2.992481e+01 1.655342e-03 1.536713e-03 1.668795e-03 1.760517e-03
2.997681e+01 1.589969e-03 1.465836e-03 1.628433e-03 1.675639e-03
3.002881e+01 1.530362e-03 1.400176e-03 1.590198e-03 1.600712e-03
3.008081e+01 1.479700e-03 1.342391e-03 1.558136e-03 1.538573e-03
3.013281e+01 1.440245e-03 1.294631e-03 1.535196e-03 1.490908e-03
3.018481e+01 1.412841e-03 1.258066e-03 1.522721e-03 1.457737e-03
3.023681e+01 1.396709e-03 1.232538e-03 1.520278e-03 1.437309e-03
3.028881e+01 1.389640e-03 1.216484e-03 1.525912e-03 1.426525e-03
3.034081e+01 1.388573e-03 1.207211e-03 1.536731e-03 1.421776e-03
3.039281e+01 1.390333e-03 1.201477e-03 1.549651e-03 1.419870e-03
3.044481e+01 1.392310e-03 1.196222e-03 1.562031e-03 1.418678e-03
3.049681e+01 1.392838e-03 1.189230e-03 1.572034e-03 1.417251e-03
3.054881e+01 1.391201e-03 1.179534e-03 1.578616e-03 1.415454e-03
3.060081e+01 1.387337e-03 1.167431e-03 1.581235e-03 1.413346e-03
3.065281e+01 1.381409e-03 1.154128e-03 1.579439e-03 1.410660e-03
3.070481e+01 1.373443e-03 1.141157e-03 1.572563e-03 1.406608e-03
3.075681e+01 1.363148e-03 1.129757e-03 1.559654e-03 1.400035e-03
3.080881e+01 1.349975e-03 1.120447e-03 1.539692e-03 1.389788e-03
3.086081e+01 1.333325e-03 1.112870e-03 1.512035e-03 1.375072e-03
3.091281e+01 1.312816e-03 1.105941e-03 1.476893e-03 1.355614e-03
3.096481e+01 1.288472e-03 1.098172e-03 1.435638e-03 1.331605e-03
3.101681e+01 1.260769e-03 1.088067e-03 1.390752e-03 1.303487e-03
3.106881e+01 1.230529e-03 1.074484e-03 1.345386e-03 1.271717e-03
3.112081e+01 1.198722e-03 1.056890e-03 1.302627e-03 1.236649e-03
3.117281e+01 1.166260e-03 1.035512e-03 1.264708e-03 1.198561e-03
3.122481e+01 1.133868e-03 1.011327e-03 1.232460e-03 1.157818e-03
3.127681e+01 1.102042e-03 9.858826e-04 1.205176e-03 1.115067e-03
3.132881e+01 1.071088e-03 9.609512e-04 1.180947e-03 1.071365e-03
3.138081e+01 1.041194e-03 9.380918e-04 1.157322e-03 1.028169e-03
3.143281e+01 1.012497e-03 9.182502e-04 1.132059e-03 9.871815e-04
3.148481e+01 9.851195e-04 9.015515e-04 1.103712e-03 9.500948e-04
3.153681e+01 9.591894e-04 8.873660e-04 1.071905e-03 9.182970e-04
3.158881e+01 9.348227e-04 8.746103e-04 1.037247e-03 8.926109e-04
3.164081e+01 9.120829e-04 8.621428e-04 1.000984e-03 8.731220e-04
3.169281e+01 8.909215e-04 8.490777e-04 9.645517e-04 8.591352e-04
3.174481e+01 8.711271e-04 8.349066e-04 9.291877e-04 8.492869e-04
3.179681e+01 8.523151e-04 8.194275e-04 8.957119e-04 8.418057e-04
3.184881e+01 8.339806e-04 8.025818e-04 8.644888e-04 8.348714e-04
3.190081e+01 8.156089e-04 7.843290e-04 8.355180e-04 8.269796e-04
3.195281e+01 7.968055e-04 7.646463e-04 8.085670e-04 8.172030e-04
3.200481e+01 7.773997e-04 7.436497e-04 7.832820e-04 8.052673e-04
3.205681e+01 7.574825e-04 7.217521e-04 7.592581e-04 7.914373e-04
3.210881e+01 7.373714e-04 6.997486e-04 7.360843e-04 7.762812e-04
3.216081e+01 7.175199e-04 6.787469e-04 7.133893e-04 7.604235e-04
3.221281e+01 6.984073e-04 6.599430e-04 6.908995e-04 7.443794e-04
3.226481e+01 6.804409e-04 6.443239e-04 6.684980e-04 7.285007e-04
3.231681e+01 6.638931e-04 6.324170e-04 6.462648e-04 7.129975e-04
3.236881e+01 6.488822e-04 6.241899e-04 6.244776e-04 6.979792e-04
3.242081e+01 6.353881e-04 6.191271e-04 6.035685e-04 6.834688e-04
3.247281e+01 6.232875e-04 6.164277e-04 5.840427e-04 6.693920e-04
3.252481e+01 6.123870e-04 6.152176e-04 5.663782e-04 6.555651e-04
3.257681e+01 6.024420e-04 6.146866e-04 5.509328e-04 6.417066e-04
3.262881e+01 5.931597e-04 6.141178e-04 5.378804e-04 6.274808e-04
3.268081e+01 5.842015e-04 6.128545e-04 5.271922e-04 6.125578e-04
3.273281e+01 5.752010e-04 6.102755e-04 5.186548e-04 5.966726e-04
3.278481e+01 5.658044e-04 6.058324e-04 5.119084e-04 5.796723e-04
3.283681e+01 5.557225e-04 5.991436e-04 5.064791e-04 5.615448e-04
3.288881e+01 5.447732e-04 5.900905e-04 5.018013e-04 5.424278e-04
3.294081e+01 5.328973e-04 5.788549e-04 4.972407e-04 5.225964e-04
3.299281e+01 5.201456e-04 5.658668e-04 4.921433e-04 5.024269e-04
3.304481e+01 5.066469e-04 5.516795e-04 4.859196e-04 4.823416e-04
3.309681e+01 4.925740e-04 5.368245e-04 4.781516e-04 4.627461e-04
3.314881e+01 4.781195e-04 5.216964e-04 4.686887e-04 4.439733e-04
3.320081e+01 4.634852e-04 5.065036e-04 4.576990e-04 4.262529e-04
3.325281e+01 4.488868e-04 4.912890e-04 4.456573e-04 4.097141e-04
3.330481e+01 4.345685e-04 4.760076e-04 4.332740e-04 3.944240e-04
3.335681e+01 4.208195e-04 4.606353e-04 4.213767e-04 3.804464e-04
3.340881e+01 4.079793e-04 4.452753e-04 4.107665e-04 3.678962e-04
3.346081e+01 3.964194e-04 4.302252e-04 4.020692e-04 3.569638e-04
3.351281e+01 3.864938e-04 4.159727e-04 3.956157e-04 3.478929e-04
3.356481e+01 3.784702e-04 4.031100e-04 3.913860e-04 3.409147e-04
3.361681e+01 3.724667e-04 3.921921e-04 3.890439e-04 3.361642e-04
3.366881e+01 3.684240e-04 3.835969e-04 3.880608e-04 3.336142e-04
3.372081e+01 3.661350e-04 3.774538e-04 3.878937e-04 3.330574e-04
3.377281e+01 3.653261e-04 3.736742e-04 3.881575e-04 3.341466e-04
3.382481e+01 3.657624e-04 3.720700e-04 3.887381e-04 3.364790e-04
3.387681e+01 3.673346e-04 3.724970e-04 3.898170e-04 3.396899e-04
3.392881e+01 3.700950e-04 3.749491e-04 3.918123e-04 3.435236e-04
3.398081e+01 3.742303e-04 3.795604e-04 3.952687e-04 3.478617e-04
3.403281e+01 3.799892e-04 3.865198e-04 4.007317e-04 3.527161e-04
3.408481e+01 3.875938e-04 3.959438e-04 4.086357e-04 3.582019e-04
3.413681e+01 3.971682e-04 4.077678e-04 4.192246e-04 3.645122e-04
3.418881e+01 4.087047e-04 4.216986e-04 4.325158e-04 3.718998e-04
3.424081e+01 4.220717e-04 4.372383e-04 4.483169e-04 3.806599e-04
3.429281e+01 4.370544e-04 4.537622e-04 4.662979e-04 3.911030e-04
3.434481e+01 4.534125e-04 4.706186e-04 4.861062e-04 4.035126e-04
3.439681e+01 4.709357e-04 4.872259e-04 5.074893e-04 4.180918e-04
3.444881e+01 4.894812e-04 5.031542e-04 5.303766e-04 4.349128e-04
3.450081e+01 5.089820e-04 5.181898e-04 5.548722e-04 4.538842e-04
3.455281e+01 5.294240e-04 5.323813e-04 5.811452e-04 4.747455e-04
3.460481e+01 5.508010e-04 5.460616e-04 6.092515e-04 4.970900e-04
3.465681e+01 5.730700e-04 5.598357e-04 6.389656e-04 5.204088e-04
3.470881e+01 5.961317e-04 5.745348e-04 6.697145e-04 5.441458e-04
3.476081e+01 6.198586e-04 5.911481e-04 7.006710e-04 5.677567e-04
3.481281e+01 6.441709e-04 6.107544e-04 7.309893e-04 5.907689e-04
3.486481e+01 6.691346e-04 6.344642e-04 7.600915e-04 6.128481e-04
3.491681e+01 6.950345e-04 6.633578e-04 7.878762e-04 6.338697e-04
3.496881e+01 7.223726e-04 6.983832e-04 8.147490e-04 6.539855e-04
3.502081e+01 7.517623e-04 7.401825e-04 8.414566e-04 6.736479e-04
3.507281e+01 7.837296e-04 7.888484e-04 8.687913e-04 6.935492e-04
3.512481e+01 8.184650e-04 8.436624e-04 8.972837e-04 7.144491e-04
3.517681e+01 8.556036e-04 9.029018e-04 9.269916e-04 7.369173e-04
3.522881e+01 8.941051e-04 9.638036e-04 9.574334e-04 7.610784e-04
3.528081e+01 9.322873e-04 1.022739e-03 9.876516e-04 7.864712e-04
3.533281e+01 9.680168e-04 1.075596e-03 1.016357e-03 8.120975e-04
3.538481e+01 9.990169e-04 1.118307e-03 1.042100e-03 8.366429e-04
3.543681e+01 1.023215e-03 1.147425e-03 1.063455e-03 8.587632e-04
3.548881e+01 1.039042e-03 1.160620e-03 1.079202e-03 8.773018e-04
3.554081e+01 1.045628e-03 1.157012e-03 1.088513e-03 8.913578e-04
3.559281e+01 1.042864e-03 1.137259e-03 1.091099e-03 9.002329e-04
3.564481e+01 1.031352e-03 1.103418e-03 1.087277e-03 9.033604e-04
3.569681e+01 1.012278e-03 1.058611e-03 1.077901e-03 9.003203e-04
3.574881e+01 9.872445e-04 1.006595e-03 1.064174e-03 8.909647e-04
3.580081e+01 9.580879e-04 9.513008e-04 1.047382e-03 8.755812e-04
3.585281e+01 9.266807e-04 8.964167e-04 1.028651e-03 8.549746e-04
3.590481e+01 8.947437e-04 8.450539e-04 1.008789e-03 8.303879e-04
3.595681e+01 8.636848e-04 7.995240e-04 9.882573e-04 8.032730e-04
3.600881e+01 8.345053e-04 7.612467e-04 9.672563e-04 7.750130e-04
3.606081e+01 8.078016e-04 7.307898e-04 9.458951e-04 7.467199e-04
3.611281e+01 7.838578e-04 7.080201e-04 9.243698e-04 7.191835e-04
3.616481e+01 7.627886e-04 6.923096e-04 9.030940e-04 6.929621e-04
3.621681e+01 7.446642e-04 6.827328e-04 8.827264e-04 6.685334e-04
3.626881e+01 7.295635e-04 6.782003e-04 8.640802e-04 6.464100e-04
3.632081e+01 7.175411e-04 6.775205e-04 8.479425e-04 6.271604e-04
3.637281e+01 7.085429e-04 6.794242e-04 8.348690e-04 6.113355e-04
3.642481e+01 7.023247e-04 6.826077e-04 8.250239e-04 5.993424e-04
3.647681e+01 6.984146e-04 6.858217e-04 8.181095e-04 5.913126e-04
3.652881e+01 6.961234e-04 6.879861e-04 8.133878e-04 5.869963e-04
3.658081e+01 6.945784e-04 6.882663e-04 8.097731e-04 5.856959e-04
3.663281e+01 6.927608e-04 6.860635e-04 8.059655e-04 5.862533e-04
3.668481e+01 6.895483e-04 6.809268e-04 8.006076e-04 5.871106e-04
3.673681e+01 6.837937e-04 6.724584e-04 7.924535e-04 5.864692e-04
3.678881e+01 6.744605e-04 6.602946e-04 7.805372e-04 5.825497e-04
3.684081e+01 6.608118e-04 6.441979e-04 7.643217e-04 5.739158e-04
3.689281e+01 6.425994e-04 6.242132e-04 7.438002e-04 5.597848e-04
3.694481e+01 6.201862e-04 6.007983e-04 7.195262e-04 5.402343e-04
3.699681e+01 5.945470e-04 5.748497e-04 6.925571e-04 5.162341e-04
3.704881e+01 5.671363e-04 5.476063e-04 6.643159e-04 4.894867e-04
3.710081e+01 5.396563e-04 5.204672e-04 6.363885e-04 4.621134e-04
3.715281e+01 5.137776e-04 4.947819e-04 6.102867e-04 4.362642e-04
3.720481e+01 4.908701e-04 4.716548e-04 5.872162e-04 4.137393e-04
3.725681e+01 4.717914e-04 4.517866e-04 5.678918e-04 3.956958e-04
3.730881e+01 4.567706e-04 4.353727e-04 5.524438e-04 3.824954e-04
3.736081e+01 4.454162e-04 4.220874e-04 5.404450e-04 3.737162e-04
3.741281e+01 4.368541e-04 4.111769e-04 5.310604e-04 3.683250e-04
3.746481e+01 4.299669e-04 4.016529e-04 5.232785e-04 3.649694e-04
3.751681e+01 4.236659e-04 3.925367e-04 5.161482e-04 3.623128e-04
3.756881e+01 4.171128e-04 3.830776e-04 5.089409e-04 3.593198e-04
3.762081e+01 4.098299e-04 3.728825e-04 5.011925e-04 3.554146e-04
3.767281e+01 4.016851e-04 3.619344e-04 4.926405e-04 3.504803e-04
3.772481e+01 3.927899e-04 3.505230e-04 4.831203e-04 3.447266e-04
3.777681e+01 3.833732e-04 3.391332e-04 4.724899e-04 3.384965e-04
3.782881e+01 3.736836e-04 3.283303e-04 4.606240e-04 3.320966e-04
3.788081e+01 3.639434e-04 3.186607e-04 4.474633e-04 3.257062e-04
3.793281e+01 3.543454e-04 3.105746e-04 4.330813e-04 3.193804e-04
3.798481e+01 3.450711e-04 3.043673e-04 4.177282e-04 3.131177e-04
3.803681e+01 3.363069e-04 3.001414e-04 4.018373e-04 3.069420e-04
3.808881e+01 3.282480e-04 2.977925e-04 3.859981e-04 3.009533e-04
3.814081e+01 3.210837e-04 2.970224e-04 3.709037e-04 2.953249e-04
3.819281e+01 3.149725e-04 2.973826e-04 3.572784e-04 2.902565e-04
3.824481e+01 3.100180e-04 2.983533e-04 3.457893e-04 2.859113e-04
3.829681e+01 3.062595e-04 2.994508e-04 3.369569e-04 2.823708e-04
3.834881e+01 3.036874e-04 3.003437e-04 3.310889e-04 2.796295e-04
3.840081e+01 3.022788e-04 3.009423e-04 3.282616e-04 2.776324e-04
3.845281e+01 3.020372e-04 3.014219e-04 3.283528e-04 2.763370e-04
3.850481e+01 3.030147e-04 3.021612e-04 3.311097e-04 2.757732e-04
3.855681e+01 3.053012e-04 3.036138e-04 3.362177e-04 2.760723e-04
3.860881e+01 3.089873e-04 3.061646e-04 3.433433e-04 2.774541e-04
3.866081e+01 3.141202e-04 3.100341e-04 3.521475e-04 2.801789e-04
3.871281e+01 3.206793e-04 3.152712e-04 3.622828e-04 2.844840e-04
3.876481e+01 3.285835e-04 3.218298e-04 3.733961e-04 2.905246e-04
3.881681e+01 3.377176e-04 3.296805e-04 3.851442e-04 2.983281e-04
3.886881e+01 3.479526e-04 3.388872e-04 3.972134e-04 3.077572e-04
3.892081e+01 3.591312e-04 3.495942e-04 4.093229e-04 3.184765e-04
3.897281e+01 3.710162e-04 3.619166e-04 4.212028e-04 3.299291e-04
3.902481e+01 3.832248e-04 3.757744e-04 4.325513e-04 3.413487e-04
3.907681e+01 3.951907e-04 3.907479e-04 4.429934e-04 3.518307e-04
3.912881e+01 4.061895e-04 4.060296e-04 4.520669e-04 3.604720e-04
3.918081e+01 4.154420e-04 4.205147e-04 4.592558e-04 3.665556e-04
3.923281e+01 4.222731e-04 4.330185e-04 4.640720e-04 3.697287e-04
3.928481e+01 4.262830e-04 4.425621e-04 4.661697e-04 3.701172e-04
3.933681e+01 4.274777e-04 4.486337e-04 4.654618e-04 3.683377e-04
3.938881e+01 4.263145e-04 4.513405e-04 4.622029e-04 3.654000e-04
3.944081e+01 4.236421e-04 4.513941e-04 4.570087e-04 3.625236e-04
3.949281e+01 4.205460e-04 4.499295e-04 4.507994e-04 3.609093e-04
3.954481e+01 4.181341e-04 4.482126e-04 4.446774e-04 3.615123e-04
3.959681e+01 4.173185e-04 4.473320e-04 4.397638e-04 3.648596e-04
3.964881e+01 4.186512e-04 4.479728e-04 4.370301e-04 3.709507e-04
3.970081e+01 4.222542e-04 4.503400e-04 4.371550e-04 3.792675e-04
3.975281e+01 4.278569e-04 4.542362e-04 4.404309e-04 3.889035e-04
3.980481e+01 4.349228e-04 4.592447e-04 4.467317e-04 3.987921e-04
3.985681e+01 4.428240e-04 4.649381e-04 4.555470e-04 4.079869e-04
3.990881e+01 4.510140e-04 4.710365e-04 4.660803e-04 4.159254e-04
3.996081e+01 4.591575e-04 4.774751e-04 4.773952e-04 4.226020e-04
4.001281e+01 4.671853e-04 4.843803e-04 4.885847e-04 4.285907e-04
4.006481e+01 4.752633e-04 4.919809e-04 4.989192e-04 4.348896e-04
4.011681e+01 4.836778e-04 5.004922e-04 5.079328e-04 4.426085e-04
4.016881e+01 4.926642e-04 5.100025e-04 5.154143e-04 4.525758e-04
4.022081e+01 5.022239e-04 5.203825e-04 5.213074e-04 4.649817e-04
4.027281e+01 5.119930e-04 5.312306e-04 5.255634e-04 4.791850e-04
4.032481e+01 5.212190e-04 5.418698e-04 5.280150e-04 4.937723e-04
4.037681e+01 5.288737e-04 5.514095e-04 5.283382e-04 5.068733e-04
4.042881e+01 5.338829e-04 5.588798e-04 5.261252e-04 5.166437e-04
4.048081e+01 5.354062e-04 5.634199e-04 5.210436e-04 5.217551e-04
4.053281e+01 5.330741e-04 5.644820e-04 5.130110e-04 5.217292e-04
4.058481e+01 5.271062e-04 5.619866e-04 5.023176e-04 5.170145e-04
4.063681e+01 5.182778e-04 5.563772e-04 4.896524e-04 5.088038e-04
4.068881e+01 5.077605e-04 5.485551e-04 4.760380e-04 4.986885e-04
4.074081e+01 4.969070e-04 5.397267e-04 4.627072e-04 4.882870e-04
4.079281e+01 4.870568e-04 5.312274e-04 4.509688e-04 4.789741e-04
4.084481e+01 4.794166e-04 5.243829e-04 4.420941e-04 4.717728e-04
4.089681e+01 4.750201e-04 5.204254e-04 4.372329e-04 4.674021e-04
4.094881e+01 4.747316e-04 5.204382e-04 4.373450e-04 4.664117e-04
4.100081e+01 4.792415e-04 5.252846e-04 4.431225e-04 4.693175e-04
4.105281e+01 4.890162e-04 5.355017e-04 4.548881e-04 4.766587e-04
4.110481e+01 5.041994e-04 5.511806e-04 4.724809e-04 4.889367e-04
4.115681e+01 5.244998e-04 5.718841e-04 4.951688e-04 5.064465e-04
4.120881e+01 5.491182e-04 5.966486e-04 5.216456e-04 5.290603e-04
4.126081e+01 5.767634e-04 6.240818e-04 5.501589e-04 5.560495e-04
4.131281e+01 6.057810e-04 6.525422e-04 5.787698e-04 5.860310e-04
4.136481e+01 6.343764e-04 6.803598e-04 6.056856e-04 6.170838e-04
4.141681e+01 6.608841e-04 7.060612e-04 6.295642e-04 6.470269e-04
4.146881e+01 6.840125e-04 7.285608e-04 6.496859e-04 6.737907e-04
4.152081e+01 7.030044e-04 7.472852e-04 6.659447e-04 6.957832e-04
4.157281e+01 7.176772e-04 7.622052e-04 6.786808e-04 7.121454e-04
4.162481e+01 7.283433e-04 7.737593e-04 6.884410e-04 7.228296e-04
4.167681e+01 7.356397e-04 7.826789e-04 6.957582e-04 7.284820e-04
4.172881e+01 7.403139e-04 7.897484e-04 7.010136e-04 7.301798e-04
4.178081e+01 7.430187e-04 7.955561e-04 7.043891e-04 7.291109e-04
4.183281e+01 7.441624e-04 8.003056e-04 7.058843e-04 7.262974e-04
4.188481e+01 7.438478e-04 8.037494e-04 7.053629e-04 7.224310e-04
4.193681e+01 7.419054e-04 8.052759e-04 7.026040e-04 7.178363e-04
4.198881e+01 7.380052e-04 8.041319e-04 6.973561e-04 7.125274e-04
4.204081e+01 7.318053e-04 7.997082e-04 6.893985e-04 7.063093e-04
4.209281e+01 7.230978e-04 7.917885e-04 6.786186e-04 6.988863e-04
4.214481e+01 7.119128e-04 7.806710e-04 6.651029e-04 6.899644e-04
4.219681e+01 6.985662e-04 7.671241e-04 6.492242e-04 6.793504e-04
4.224881e+01 6.836475e-04 7.522068e-04 6.316966e-04 6.670391e-04
4.230081e+01 6.679594e-04 7.370362e-04 6.135695e-04 6.532725e-04
4.235281e+01 6.524317e-04 7.225954e-04 5.961458e-04 6.385537e-04
4.240481e+01 6.380274e-04 7.096414e-04 5.808299e-04 6.236108e-04
4.245681e+01 6.256583e-04 6.987153e-04 5.689321e-04 6.093275e-04
4.250881e+01 6.161107e-04 6.902071e-04 5.614670e-04 5.966580e-04
4.256081e+01 6.099765e-04 6.844092e-04 5.589863e-04 5.865342e-04
4.261281e+01 6.075817e-04 6.815131e-04 5.614788e-04 5.797531e-04
4.266481e+01 6.089155e-04 6.815486e-04 5.683594e-04 5.768386e-04
4.271681e+01 6.135789e-04 6.842997e-04 5.785510e-04 5.778859e-04
4.276881e+01 6.207781e-04 6.892549e-04 5.906481e-04 5.824313e-04
4.282081e+01 6.293900e-04 6.956335e-04 6.031317e-04 5.894049e-04
4.287281e+01 6.381053e-04 7.024975e-04 6.145971e-04 5.972211e-04
4.292481e+01 6.456326e-04 7.089231e-04 6.239551e-04 6.040195e-04
4.297681e+01 6.509193e-04 7.141703e-04 6.305697e-04 6.080179e-04
4.302881e+01 6.533282e-04 7.177928e-04 6.343040e-04 6.078877e-04
4.308081e+01 6.527177e-04 7.196488e-04 6.354610e-04 6.030432e-04
4.313281e+01 6.494031e-04 7.198246e-04 6.346276e-04 5.937572e-04
4.318481e+01 6.440206e-04 7.185255e-04 6.324608e-04 5.810755e-04
4.323681e+01 6.373509e-04 7.159967e-04 6.294832e-04 5.665726e-04
4.328881e+01 6.301666e-04 7.125072e-04 6.259624e-04 5.520302e-04
4.334081e+01 6.231402e-04 7.083716e-04 6.219207e-04 5.391283e-04
4.339281e+01 6.168071e-04 7.039525e-04 6.172675e-04 5.292012e-04
4.344481e+01 6.115505e-04 6.995913e-04 6.119872e-04 5.230732e-04
4.349681e+01 6.075758e-04 6.954688e-04 6.062897e-04 5.209691e-04
4.354881e+01 6.048656e-04 6.914547e-04 6.006426e-04 5.224996e-04
4.360081e+01 6.031415e-04 6.870313e-04 5.956625e-04 5.267307e-04
4.365281e+01 6.018696e-04 6.813565e-04 5.919054e-04 5.323468e-04
4.370481e+01 6.003324e-04 6.734721e-04 5.896383e-04 5.378869e-04
4.375681e+01 5.977606e-04 6.625994e-04 5.886774e-04 5.420051e-04
4.380881e+01 5.934859e-04 6.484234e-04 5.883505e-04 5.436837e-04
4.386081e+01 5.870713e-04 6.312666e-04 5.875985e-04 5.423487e-04
4.391281e+01 5.783860e-04 6.120877e-04 5.851956e-04 5.378746e-04
4.396481e+01 5.676179e-04 5.923020e-04 5.800420e-04 5.305097e-04
4.401681e+01 5.552327e-04 5.734688e-04 5.714606e-04 5.207688e-04
4.406881e+01 5.418917e-04 5.569353e-04 5.594140e-04 5.093260e-04
4.412081e+01 5.283366e-04 5.435342e-04 5.445625e-04 4.969131e-04
4.417281e+01 5.152504e-04 5.334179e-04 5.281197e-04 4.842135e-04
4.422481e+01 5.031194e-04 5.260745e-04 5.115312e-04 4.717524e-04
4.427681e+01 4.921354e-04 5.205159e-04 4.960793e-04 4.598109e-04
4.432881e+01 4.821792e-04 5.155752e-04 4.825574e-04 4.484049e-04
4.438081e+01 4.729011e-04 5.102149e-04 4.711337e-04 4.373548e-04
4.443281e+01 4.638732e-04 5.037486e-04 4.614409e-04 4.264300e-04
4.448481e+01 4.547547e-04 4.959180e-04 4.528316e-04 4.155144e-04
4.453681e+01 4.454071e-04 4.868263e-04 4.446712e-04 4.047237e-04
4.458881e+01 4.359210e-04 4.767843e-04 4.365478e-04 3.944310e-04
4.464081e+01 4.265605e-04 4.661529e-04 4.283376e-04 3.851910e-04
4.469281e+01 4.176628e-04 4.552454e-04 4.201471e-04 3.775958e-04
4.474481e+01 4.095403e-04 4.443120e-04 4.121996e-04 3.721094e-04
4.479681e+01 4.024145e-04 4.335791e-04 4.047327e-04 3.689316e-04
4.484881e+01 3.963868e-04 4.232954e-04 3.979377e-04 3.679274e-04
4.490081e+01 3.914406e-04 4.137455e-04 3.919314e-04 3.686449e-04
4.495281e+01 3.874644e-04 4.052313e-04 3.867396e-04 3.704224e-04
4.500481e+01 3.842990e-04 3.980439e-04 3.822901e-04 3.725630e-04
4.505681e+01 3.818061e-04 3.924606e-04 3.784287e-04 3.745289e-04
4.510881e+01 3.799460e-04 3.887688e-04 3.749751e-04 3.760941e-04
4.516081e+01 3.788317e-04 3.872923e-04 3.718090e-04 3.773939e-04
4.521281e+01 3.787243e-04 3.883763e-04 3.689510e-04 3.788456e-04
4.526481e+01 3.799543e-04 3.923079e-04 3.665916e-04 3.809633e-04
4.531681e+01 3.827880e-04 3.991843e-04 3.650389e-04 3.841410e-04
4.536881e+01 3.872889e-04 4.087765e-04 3.645955e-04 3.884949e-04
4.542081e+01 3.932306e-04 4.204524e-04 3.654118e-04 3.938276e-04
4.547281e+01 4.000989e-04 4.332031e-04 3.673768e-04 3.997170e-04
4.552481e+01 4.071842e-04 4.457837e-04 3.700973e-04 4.056716e-04
4.557681e+01 4.137331e-04 4.569415e-04 3.729845e-04 4.112733e-04
4.562881e+01 4.191143e-04 4.656715e-04 3.754218e-04 4.162497e-04
4.568081e+01 4.229536e-04 4.714295e-04 3.769599e-04 4.204714e-04
4.573281e+01 4.252047e-04 4.742355e-04 3.774673e-04 4.239113e-04
4.578481e+01 4.261407e-04 4.746300e-04 3.771825e-04 4.266095e-04
4.583681e+01 4.262674e-04 4.734909e-04 3.766448e-04 4.286666e-04
4.588881e+01 4.261814e-04 4.717620e-04 3.765278e-04 4.302543e-04
4.594081e+01 4.264096e-04 4.701808e-04 3.774313e-04 4.316167e-04
4.599281e+01 4.272790e-04 4.690941e-04 3.797025e-04 4.330404e-04
4.604481e+01 4.288528e-04 4.684205e-04 3.833428e-04 4.347951e-04
4.609681e+01 4.309532e-04 4.677667e-04 3.880274e-04 4.370655e-04
4.614881e+01 4.332580e-04 4.666490e-04 3.932238e-04 4.399012e-04
4.620081e+01 4.354346e-04 4.647339e-04 3.983626e-04 4.432073e-04
4.625281e+01 4.372635e-04 4.620084e-04 4.029983e-04 4.467838e-04
4.630481e+01 4.387105e-04 4.588246e-04 4.068994e-04 4.504075e-04
4.635681e+01 4.399276e-04 4.558101e-04 4.100429e-04 4.539298e-04
4.640881e+01 4.411911e-04 4.536856e-04 4.125301e-04 4.573577e-04
4.646081e+01 4.428030e-04 4.530564e-04 4.144743e-04 4.608784e-04
4.651281e+01 4.449901e-04 4.542415e-04 4.159219e-04 4.648068e-04
4.656481e+01 4.478278e-04 4.571855e-04 4.168359e-04 4.694619e-04
4.661681e+01 4.512085e-04 4.614735e-04 4.171366e-04 4.750154e-04
4.666881e+01 4.548611e-04 4.664464e-04 4.167601e-04 4.813768e-04
4.672081e+01 4.584231e-04 4.713928e-04 4.157014e-04 4.881752e-04
4.677281e+01 4.615509e-04 4.757672e-04 4.140299e-04 4.948557e-04
4.682481e+01 4.640369e-04 4.793670e-04 4.118892e-04 5.008543e-04
4.687681e+01 4.658894e-04 4.823993e-04 4.094966e-04 5.057724e-04
4.692881e+01 4.673367e-04 4.853970e-04 4.071424e-04 5.094706e-04
4.698081e+01 4.687414e-04 4.890068e-04 4.051720e-04 5.120454e-04
4.703281e+01 4.704590e-04 4.937288e-04 4.039364e-04 5.137117e-04
4.708481e+01 4.726988e-04 4.997173e-04 4.037177e-04 5.146614e-04
4.713681e+01 4.754510e-04 5.067300e-04 4.046567e-04 5.149663e-04
4.718881e+01 4.785046e-04 5.142396e-04 4.067154e-04 5.145587e-04
4.724081e+01 4.815394e-04 5.216497e-04 4.096906e-04 5.132778e-04
4.729281e+01 4.842405e-04 5.285092e-04 4.132682e-04 5.109443e-04
4.734481e+01 4.863877e-04 5.346374e-04 4.170944e-04 5.074314e-04
4.739681e+01 4.878943e-04 5.401229e-04 4.208386e-04 5.027213e-04
4.744881e+01 4.888017e-04 5.452228e-04 4.242353e-04 4.969470e-04
4.750081e+01 4.892489e-04 5.502219e-04 4.271054e-04 4.904194e-04
4.755281e+01 4.894344e-04 5.553142e-04 4.293602e-04 4.836288e-04
4.760481e+01 4.895832e-04 5.605443e-04 4.309975e-04 4.772078e-04
4.765681e+01 4.899214e-04 5.658191e-04 4.320955e-04 4.718496e-04
4.770881e+01 4.906639e-04 5.709801e-04 4.328123e-04 4.681994e-04
4.776081e+01 4.920115e-04 5.759033e-04 4.333872e-04 4.667440e-04
4.781281e+01 4.941506e-04 5.805865e-04 4.341332e-04 4.677320e-04
4.786481e+01 4.972415e-04 5.851774e-04 4.354050e-04 4.711420e-04
4.791681e+01 5.013853e-04 5.899188e-04 4.375351e-04 4.767022e-04
4.796881e+01 5.065754e-04 5.950257e-04 4.407505e-04 4.839500e-04
4.802081e+01 5.126543e-04 6.005494e-04 4.451002e-04 4.923132e-04
4.807281e+01 5.193100e-04 6.063065e-04 4.504256e-04 5.011978e-04
4.812481e+01 5.261324e-04 6.119313e-04 4.563934e-04 5.100725e-04
4.817681e+01 5.327249e-04 6.170508e-04 4.625825e-04 5.185415e-04
4.822881e+01 5.388353e-04 6.215143e-04 4.685971e-04 5.263945e-04
4.828081e+01 5.444512e-04 6.255680e-04 4.741688e-04 5.336169e-04
4.833281e+01 5.498113e-04 6.298739e-04 4.792141e-04 5.403458e-04
4.838481e+01 5.553148e-04 6.353383e-04 4.838324e-04 5.467736e-04
4.843681e+01 5.613586e-04 6.428040e-04 4.882445e-04 5.530273e-04
4.848881e+01 5.681632e-04 6.527217e-04 4.926987e-04 5.590692e-04
4.854081e+01 5.756627e-04 6.649362e-04 4.973843e-04 5.646675e-04
4.859281e+01 5.835075e-04 6.786714e-04 5.023925e-04 5.694585e-04
4.864481e+01 5.911830e-04 6.927215e-04 5.077447e-04 5.730829e-04
4.869681e+01 5.981963e-04 7.057747e-04 5.134694e-04 5.753449e-04
4.874881e+01 6.042532e-04 7.167573e-04 5.196754e-04 5.763270e-04
4.880081e+01 6.093551e-04 7.250856e-04 5.265653e-04 5.764144e-04
4.885281e+01 6.137790e-04 7.307579e-04 5.343654e-04 5.762137e-04
4.890481e+01 6.179571e-04 7.342785e-04 5.431981e-04 5.763946e-04
4.895681e+01 6.223095e-04 7.364537e-04 5.529668e-04 5.775080e-04
4.900881e+01 6.271003e-04 7.381357e-04 5.633254e-04 5.798398e-04
4.906081e+01 6.323648e-04 7.399863e-04 5.737649e-04 5.833433e-04
4.911281e+01 6.379245e-04 7.423223e-04 5.837870e-04 5.876642e-04
4.916481e+01 6.434686e-04 7.450748e-04 5.930872e-04 5.922438e-04
4.921681e+01 6.486630e-04 7.478659e-04 6.016559e-04 5.964670e-04
4.926881e+01 6.532480e-04 7.501814e-04 6.097437e-04 5.998191e-04
4.932081e+01 6.571061e-04 7.515965e-04 6.177038e-04 6.020181e-04
4.937281e+01 6.602952e-04 7.519983e-04 6.257864e-04 6.031010e-04
4.942481e+01 6.630596e-04 7.517477e-04 6.339842e-04 6.034467e-04
4.947681e+01 6.658241e-04 7.517297e-04 6.420104e-04 6.037323e-04
4.952881e+01 6.691719e-04 7.532659e-04 6.494254e-04 6.048243e-04
4.958081e+01 6.737953e-04 7.578991e-04 6.558636e-04 6.076230e-04
4.963281e+01 6.804203e-04 7.671027e-04 6.612671e-04 6.128912e-04
4.968481e+01 6.897131e-04 7.819996e-04 6.660346e-04 6.211052e-04
4.973681e+01 7.021913e-04 8.031723e-04 6.710291e-04 6.323726e-04
4.978881e+01 7.181621e-04 8.306014e-04 6.774396e-04 6.464452e-04
4.984081e+01 7.376923e-04 8.637108e-04 6.865340e-04 6.628320e-04
4.989281e+01 7.606032e-04 9.014549e-04 6.993686e-04 6.809860e-04
4.994481e+01 7.864792e-04 9.423993e-04 7.165311e-04 7.005071e-04
4.999681e+01 8.146930e-04 9.847937e-04 7.379868e-04 7.212984e-04
5.004881e+01 8.444633e-04 1.026685e-03 7.630846e-04 7.436199e-04
5.010081e+01 8.749565e-04 1.066119e-03 7.907323e-04 7.680178e-04
5.015281e+01 9.054150e-04 1.101413e-03 8.196924e-04 7.951392e-04
5.020481e+01 9.352649e-04 1.131432e-03 8.488901e-04 8.254722e-04
5.025681e+01 9.641409e-04 1.155744e-03 8.776097e-04 8.590688e-04
5.030881e+01 9.918031e-04 1.174588e-03 9.054995e-04 8.953219e-04
5.036081e+01 1.017976e-03 1.188656e-03 9.323976e-04 9.328735e-04
5.041281e+01 1.042191e-03 1.198778e-03 9.580844e-04 9.697098e-04
5.046481e+01 1.063730e-03 1.205631e-03 9.821028e-04 1.003456e-03
5.051681e+01 1.081712e-03 1.209574e-03 1.003749e-03 1.031814e-03
5.056881e+01 1.095305e-03 1.210659e-03 1.022237e-03 1.053019e-03
5.062081e+01 1.103977e-03 1.208778e-03 1.036955e-03 1.066197e-03
5.067281e+01 1.107682e-03 1.203859e-03 1.047674e-03 1.071512e-03
5.072481e+01 1.106913e-03 1.196015e-03 1.054626e-03 1.070097e-03
5.077681e+01 1.102603e-03 1.185572e-03 1.058423e-03 1.063813e-03
5.082881e+01 1.095916e-03 1.172975e-03 1.059862e-03 1.054910e-03
5.088081e+01 1.088005e-03 1.158636e-03 1.059725e-03 1.045653e-03
5.093281e+01 1.079803e-03 1.142810e-03 1.058627e-03 1.037972e-03
5.098481e+01 1.071902e-03 1.125573e-03 1.056969e-03 1.033165e-03
5.103681e+01 1.064531e-03 1.106914e-03 1.054969e-03 1.031711e-03
5.108881e+01 1.057634e-03 1.086907e-03 1.052755e-03 1.033239e-03
5.114081e+01 1.051023e-03 1.065886e-03 1.050489e-03 1.036693e-03
5.119281e+01 1.044565e-03 1.044556e-03 1.048483e-03 1.040657e-03
5.124481e+01 1.038341e-03 1.023991e-03 1.047284e-03 1.043750e-03
5.129681e+01 1.032716e-03 1.005513e-03 1.047670e-03 1.044966e-03
5.134881e+01 1.028283e-03 9.904813e-04 1.050535e-03 1.043834e-03
5.140081e+01 1.025683e-03 9.800359e-04 1.056646e-03 1.040367e-03
5.145281e+01 1.025363e-03 9.748623e-04 1.066363e-03 1.034862e-03
5.150481e+01 1.027375e-03 9.750260e-04 1.079417e-03 1.027682e-03
5.155681e+01 1.031311e-03 9.799179e-04 1.094866e-03 1.019149e-03
5.160881e+01 1.036395e-03 9.883328e-04 1.111260e-03 1.009594e-03
5.166081e+01 1.041722e-03 9.986787e-04 1.126984e-03 9.995037e-04
5.171281e+01 1.046524e-03 1.009281e-03 1.140649e-03 9.896434e-04
5.176481e+01 1.050374e-03 1.018706e-03 1.151382e-03 9.810335e-04
5.181681e+01 1.053232e-03 1.026023e-03 1.158913e-03 9.747610e-04
5.186881e+01 1.055340e-03 1.030908e-03 1.163419e-03 9.716906e-04
5.192081e+01 1.057001e-03 1.033595e-03 1.165209e-03 9.721999e-04
5.197281e+01 1.058373e-03 1.034686e-03 1.164386e-03 9.760470e-04
5.202481e+01 1.059326e-03 1.034928e-03 1.160648e-03 9.824012e-04
5.207681e+01 1.059448e-03 1.035009e-03 1.153339e-03 9.899964e-04
5.212881e+01 1.058161e-03 1.035426e-03 1.141724e-03 9.973342e-04
5.218081e+01 1.054890e-03 1.036412e-03 1.125372e-03 1.002887e-03
5.223281e+01 1.049217e-03 1.037896e-03 1.104459e-03 1.005295e-03
5.228481e+01 1.040971e-03 1.039505e-03 1.079843e-03 1.003564e-03
5.233681e+01 1.030253e-03 1.040604e-03 1.052883e-03 9.972721e-04
5.238881e+01 1.017418e-03 1.040442e-03 1.025099e-03 9.867128e-04
5.244081e+01 1.003035e-03 1.038367e-03 9.978250e-04 9.729137e-04
5.249281e+01 9.878445e-04 1.034079e-03 9.719918e-04 9.574630e-04
5.254481e+01 9.726922e-04 1.027814e-03 9.480923e-04 9.421704e-04
5.259681e+01 9.584338e-04 1.020360e-03 9.262809e-04 9.286611e-04
5.264881e+01 9.458130e-04 1.012866e-03 9.065323e-04 9.180407e-04
5.270081e+01 9.353443e-04 1.006513e-03 8.887845e-04 9.107352e-04
5.275281e+01 9.272388e-04 1.002153e-03 8.730279e-04 9.065356e-04
5.280481e+01 9.214002e-04 1.000070e-03 8.593361e-04 9.047950e-04
5.285681e+01 9.174954e-04 9.999469e-04 8.478501e-04 9.046892e-04
5.290881e+01 9.150711e-04 1.001033e-03 8.387224e-04 9.054582e-04
5.296081e+01 9.136773e-04 1.002427e-03 8.320296e-04 9.065752e-04
5.301281e+01 9.129532e-04 1.003369e-03 8.276689e-04 9.078220e-04
5.306481e+01 9.126545e-04 1.003426e-03 8.252716e-04 9.092657e-04
5.311681e+01 9.126214e-04 1.002536e-03 8.241803e-04 9.111483e-04
5.316881e+01 9.127175e-04 1.000906e-03 8.235277e-04 9.137183e-04
5.322081e+01 9.127737e-04 9.988438e-04 8.224211e-04 9.170562e-04
5.327281e+01 9.125710e-04 9.965708e-04 8.201897e-04 9.209526e-04
5.332481e+01 9.118706e-04 9.941094e-04 8.166144e-04 9.248880e-04
5.337681e+01 9.104779e-04 9.912558e-04 8.120523e-04 9.281256e-04
5.342881e+01 9.083084e-04 9.876424e-04 8.073968e-04 9.298860e-04
5.348081e+01 9.054190e-04 9.828502e-04 8.038670e-04 9.295398e-04
5.353281e+01 9.019827e-04 9.765265e-04 8.026757e-04 9.267460e-04
5.358481e+01 8.982096e-04 9.684773e-04 8.046643e-04 9.214872e-04
5.363681e+01 8.942439e-04 9.587198e-04 8.100118e-04 9.139999e-04
5.368881e+01 8.900824e-04 9.474924e-04 8.181085e-04 9.046463e-04
5.374081e+01 8.855542e-04 9.352151e-04 8.276460e-04 8.938015e-04
5.379281e+01 8.803761e-04 9.223926e-04 8.369168e-04 8.818188e-04
5.384481e+01 8.742649e-04 9.094651e-04 8.442450e-04 8.690847e-04
5.389681e+01 8.670627e-04 8.966480e-04 8.484247e-04 8.561154e-04
5.394881e+01 8.588260e-04 8.838355e-04 8.490292e-04 8.436132e-04
5.400081e+01 8.498502e-04 8.706394e-04 8.464914e-04 8.324198e-04
5.405281e+01 8.406268e-04 8.565811e-04 8.419389e-04 8.233603e-04
5.410481e+01 8.317539e-04 8.413758e-04 8.368475e-04 8.170383e-04
5.415681e+01 8.238315e-04 8.251858e-04 8.326371e-04 8.136716e-04
5.420881e+01 8.173655e-04 8.087207e-04 8.303364e-04 8.130393e-04
5.426081e+01 8.126951e-04 7.931301e-04 8.304008e-04 8.145544e-04
5.431281e+01 8.099501e-04 7.797251e-04 8.327008e-04 8.174245e-04
5.436481e+01 8.090369e-04 7.696336e-04 8.366425e-04 8.208345e-04
5.441681e+01 8.096484e-04 7.635055e-04 8.413494e-04 8.240902e-04
5.446881e+01 8.112950e-04 7.613490e-04 8.458440e-04 8.266920e-04
5.452081e+01 8.133499e-04 7.625205e-04 8.491913e-04 8.283377e-04
5.457281e+01 8.151119e-04 7.658502e-04 8.506034e-04 8.288820e-04
5.462481e+01 8.158905e-04 7.698611e-04 8.495222e-04 8.282881e-04
5.467681e+01 8.151157e-04 7.730419e-04 8.456954e-04 8.266098e-04
5.472881e+01 8.124623e-04 7.741281e-04 8.392415e-04 8.240174e-04
5.478081e+01 8.079564e-04 7.723431e-04 8.306730e-04 8.208530e-04
5.483281e+01 8.020193e-04 7.675452e-04 8.208458e-04 8.176667e-04
5.488481e+01 7.954114e-04 7.602353e-04 8.108207e-04 8.151782e-04
5.493681e+01 7.890699e-04 7.514121e-04 8.016623e-04 8.141353e-04
5.498881e+01 7.838780e-04 7.423079e-04 7.942327e-04 8.150933e-04
5.504081e+01 7.804394e-04 7.340798e-04 7.890412e-04 8.181973e-04
5.509281e+01 7.789346e-04 7.275461e-04 7.861915e-04 8.230660e-04
5.514481e+01 7.791043e-04 7.230382e-04 7.854289e-04 8.288459e-04
5.519681e+01 7.803589e-04 7.203915e-04 7.862583e-04 8.344268e-04
5.524881e+01 7.819598e-04 7.190527e-04 7.880904e-04 8.387364e-04
5.530081e+01 7.832071e-04 7.182522e-04 7.903758e-04 8.409932e-04
5.535281e+01 7.835718e-04 7.171934e-04 7.926965e-04 8.408255e-04
5.540481e+01 7.827553e-04 7.152211e-04 7.948037e-04 8.382412e-04
5.545681e+01 7.806875e-04 7.119495e-04 7.966012e-04 8.335119e-04
5.550881e+01 7.774973e-04 7.073291e-04 7.980925e-04 8.270703e-04
5.556081e+01 7.734799e-04 7.016360e-04 7.993164e-04 8.194872e-04
5.561281e+01 7.690639e-04 6.953768e-04 8.002984e-04 8.115166e-04
5.566481e+01 7.647664e-04 6.891309e-04 8.010357e-04 8.041327e-04
5.571681e+01 7.611205e-04 6.833804e-04 8.015128e-04 7.984682e-04
5.576881e+01 7.585808e-04 6.783899e-04 8.017311e-04 7.956213e-04
5.582081e+01 7.574323e-04 6.741782e-04 8.017324e-04 7.963863e-04
5.587281e+01 7.577385e-04 6.705865e-04 8.016043e-04 8.010246e-04
5.592481e+01 7.593560e-04 6.674070e-04 8.014764e-04 8.091845e-04
5.597681e+01 7.620163e-04 6.645174e-04 8.015243e-04 8.200071e-04
5.602881e+01 7.654410e-04 6.619703e-04 8.019929e-04 8.323598e-04
5.608081e+01 7.694410e-04 6.600061e-04 8.032311e-04 8.450857e-04
5.613281e+01 7.739534e-04 6.589876e-04 8.057031e-04 8.571694e-04
5.618481e+01 7.789997e-04 6.592770e-04 8.099382e-04 8.677840e-04
5.623681e+01 7.845834e-04 6.610983e-04 8.163963e-04 8.762557e-04
5.628881e+01 7.905688e-04 6.644252e-04 8.252658e-04 8.820153e-04
5.634081e+01 7.965870e-04 6.689234e-04 8.362537e-04 8.845840e-04
5.639281e+01 8.019983e-04 6.739497e-04 8.484461e-04 8.835990e-04
5.644481e+01 8.059164e-04 6.785887e-04 8.603084e-04 8.788520e-04
5.649681e+01 8.072886e-04 6.817064e-04 8.698508e-04 8.703084e-04
5.654881e+01 8.050135e-04 6.820165e-04 8.749302e-04 8.580939e-04
5.660081e+01 7.980765e-04 6.781724e-04 8.736081e-04 8.424490e-04
5.665281e+01 7.856752e-04 6.689056e-04 8.644636e-04 8.236565e-04
5.670481e+01 7.673060e-04 6.532072e-04 8.467685e-04 8.019421e-04
