6.256195e+00 0.000000e+00 0.000000e+00 0.000000e+00 0.000000e+00
6.308195e+00 0.000000e+00 0.000000e+00 0.000000e+00 0.000000e+00
6.360195e+00 0.000000e+00 0.000000e+00 0.000000e+00 0.000000e+00
6.412195e+00 0.000000e+00 0.000000e+00 0.000000e+00 0.000000e+00
6.464195e+00 0.000000e+00 0.000000e+00 0.000000e+00 0.000000e+00
6.516195e+00 0.000000e+00 0.000000e+00 0.000000e+00 0.000000e+00
6.568195e+00 0.000000e+00 0.000000e+00 0.000000e+00 0.000000e+00
6.620195e+00 0.000000e+00 0.000000e+00 0.000000e+00 0.000000e+00
6.672195e+00 0.000000e+00 0.000000e+00 0.000000e+00 0.000000e+00
6.724195e+00 0.000000e+00 0.000000e+00 0.000000e+00 0.000000e+00
6.776195e+00 0.000000e+00 0.000000e+00 0.000000e+00 0.000000e+00
6.828195e+00 0.000000e+00 0.000000e+00 0.000000e+00 0.000000e+00
6.880195e+00 0.000000e+00 0.000000e+00 0.000000e+00 0.000000e+00
6.932195e+00 0.000000e+00 0.000000e+00 0.000000e+00 0.000000e+00
6.984195e+00 0.000000e+00 0.000000e+00 0.000000e+00 0.000000e+00
7.036195e+00 0.000000e+00 0.000000e+00 0.000000e+00 0.000000e+00
7.088195e+00 0.000000e+00 0.000000e+00 0.000000e+00 0.000000e+00
7.140195e+00 0.000000e+00 0.000000e+00 0.000000e+00 0.000000e+00
7.192195e+00 0.000000e+00 0.000000e+00 0.000000e+00 0.000000e+00
7.244195e+00 0.000000e+00 0.000000e+00 0.000000e+00 0.000000e+00
7.296195e+00 0.000000e+00 0.000000e+00 0.000000e+00 0.000000e+00
7.348195e+00 0.000000e+00 0.000000e+00 0.000000e+00 0.000000e+00
7.400195e+00 0.000000e+00 0.000000e+00 0.000000e+00 0.000000e+00
7.452195e+00 0.000000e+00 0.000000e+00 0.000000e+00 0.000000e+00
7.504195e+00 0.000000e+00 0.000000e+00 0.000000e+00 0.000000e+00
7.556195e+00 0.000000e+00 0.000000e+00 0.000000e+00 0.000000e+00
7.608195e+00 0.000000e+00 0.000000e+00 0.000000e+00 0.000000e+00
7.660195e+00 0.000000e+00 0.000000e+00 0.000000e+00 0.000000e+00
7.712195e+00 0.000000e+00 0.000000e+00 0.000000e+00 0.000000e+00
7.764195e+00 0.000000e+00 0.000000e+00 0.000000e+00 0.000000e+00
7.816195e+00 0.000000e+00 0.000000e+00 0.000000e+00 0.000000e+00
7.868195e+00 0.000000e+00 0.000000e+00 0.000000e+00 0.000000e+00
7.920195e+00 0.000000e+00 0.000000e+00 0.000000e+00 0.000000e+00
7.972195e+00 0.000000e+00 0.000000e+00 0.000000e+00 0.000000e+00
8.024195e+00 0.000000e+00 0.000000e+00 0.000000e+00 0.000000e+00
8.076195e+00 0.000000e+00 0.000000e+00 0.000000e+00 0.000000e+00
8.128195e+00 0.000000e+00 0.000000e+00 0.000000e+00 0.000000e+00
8.180195e+00 0.000000e+00 0.000000e+00 0.000000e+00 0.000000e+00
8.232195e+00 0.000000e+00 0.000000e+00 0.000000e+00 0.000000e+00
8.284195e+00 0.000000e+00 0.000000e+00 0.000000e+00 0.000000e+00
8.336195e+00 0.000000e+00 0.000000e+00 0.000000e+00 0.000000e+00
8.388195e+00 0.000000e+00 0.000000e+00 0.000000e+00 0.000000e+00
8.440195e+00 0.000000e+00 0.000000e+00 0.000000e+00 0.000000e+00
8.492195e+00 0.000000e+00 0.000000e+00 0.000000e+00 0.000000e+00
8.544195e+00 0.000000e+00 0.000000e+00 0.000000e+00 0.000000e+00
8.596195e+00 0.000000e+00 0.000000e+00 0.000000e+00 0.000000e+00
8.648195e+00 0.000000e+00 0.000000e+00 0.000000e+00 0.000000e+00
8.700195e+00 0.000000e+00 0.000000e+00 0.000000e+00 0.000000e+00
8.752195e+00 0.000000e+00 0.000000e+00 0.000000e+00 0.000000e+00
8.804195e+00 0.000000e+00 0.000000e+00 0.000000e+00 0.000000e+00
8.856195e+00 0.000000e+00 0.000000e+00 0.000000e+00 0.000000e+00
8.908195e+00 0.000000e+00 0.000000e+00 0.000000e+00 0.000000e+00
8.960195e+00 0.000000e+00 0.000000e+00 0.000000e+00 0.000000e+00
9.012195e+00 0.000000e+00 0.000000e+00 0.000000e+00 0.000000e+00
9.064195e+00 0.000000e+00 0.000000e+00 0.000000e+00 0.000000e+00
9.116195e+00 0.000000e+00 0.000000e+00 0.000000e+00 0.000000e+00
9.168195e+00 0.000000e+00 0.000000e+00 0.000000e+00 0.000000e+00
9.220195e+00 0.000000e+00 0.000000e+00 0.000000e+00 0.000000e+00
9.272195e+00 0.000000e+00 0.000000e+00 0.000000e+00 0.000000e+00
9.324195e+00 0.000000e+00 0.000000e+00 0.000000e+00 0.000000e+00
9.376195e+00 0.000000e+00 0.000000e+00 0.000000e+00 0.000000e+00
9.428195e+00 0.000000e+00 0.000000e+00 0.000000e+00 0.000000e+00
9.480195e+00 0.000000e+00 0.000000e+00 0.000000e+00 0.000000e+00
9.532195e+00 0.000000e+00 0.000000e+00 0.000000e+00 0.000000e+00
9.584195e+00 0.000000e+00 0.000000e+00 0.000000e+00 0.000000e+00
9.636195e+00 0.000000e+00 0.000000e+00 0.000000e+00 0.000000e+00
9.688195e+00 0.000000e+00 0.000000e+00 0.000000e+00 0.000000e+00
9.740195e+00 0.000000e+00 0.000000e+00 0.000000e+00 0.000000e+00
9.792195e+00 0.000000e+00 0.000000e+00 0.000000e+00 0.000000e+00
9.844195e+00 0.000000e+00 0.000000e+00 0.000000e+00 0.000000e+00
9.896195e+00 0.000000e+00 0.000000e+00 0.000000e+00 0.000000e+00
9.948195e+00 0.000000e+00 0.000000e+00 0.000000e+00 0.000000e+00
1.000019e+01 0.000000e+00 0.000000e+00 0.000000e+00 0.000000e+00
1.005219e+01 0.000000e+00 0.000000e+00 0.000000e+00 0.000000e+00
1.010419e+01 2.377829e-14 6.178566e-14 9.531694e-15 1.751282e-17
1.015619e+01 2.777307e-13 6.918271e-13 1.254239e-13 1.594121e-14
1.020819e+01 1.700000e-12 4.152665e-12 8.067620e-13 1.405723e-13
1.026019e+01 7.850865e-12 1.905691e-11 3.786069e-12 7.096157e-13
1.031219e+01 3.394350e-11 8.204121e-11 1.659664e-11 3.192645e-12
1.036419e+01 1.346991e-10 3.243438e-10 6.655548e-11 1.319805e-11
1.041619e+01 4.958122e-10 1.190252e-09 2.469141e-10 5.027064e-11
1.046819e+01 1.707419e-09 4.087455e-09 8.564684e-10 1.783336e-10
1.052019e+01 5.533096e-09 1.321036e-08 2.795366e-09 5.935630e-10
1.057219e+01 1.690110e-08 4.024615e-08 8.598050e-09 1.859095e-09
1.062419e+01 4.879202e-08 1.157692e-07 2.494033e-08 5.666541e-09
1.067619e+01 1.327980e-07 3.141215e-07 6.823414e-08 1.603845e-08
1.072819e+01 3.415207e-07 8.050404e-07 1.762990e-07 4.322253e-08
1.078019e+01 8.305240e-07 1.950048e-06 4.300630e-07 1.114608e-07
1.083219e+01 1.911942e-06 4.467773e-06 9.913383e-07 2.767146e-07
1.088419e+01 4.172029e-06 9.689330e-06 2.161008e-06 6.657495e-07
1.093619e+01 8.643002e-06 1.990827e-05 4.459264e-06 1.561472e-06
1.098819e+01 1.703394e-05 3.879384e-05 8.723126e-06 3.584867e-06
1.104019e+01 3.202080e-05 7.178570e-05 1.621268e-05 8.064019e-06
1.109219e+01 5.760062e-05 1.263441e-04 2.872911e-05 1.772865e-05
1.114419e+01 9.953666e-05 2.119249e-04 4.879396e-05 3.789114e-05
1.119619e+01 1.659463e-04 3.396061e-04 8.003349e-05 7.819931e-05
1.124819e+01 2.680657e-04 5.213906e-04 1.280315e-04 1.547750e-04
1.130019e+01 4.210874e-04 7.692653e-04 2.019670e-04 2.920299e-04
1.135219e+01 6.446591e-04 1.094022e-03 3.171669e-04 5.227880e-04
1.140419e+01 9.622246e-04 1.503635e-03 4.980994e-04 8.849392e-04
1.145619e+01 1.398155e-03 2.000856e-03 7.803043e-04 1.413306e-03
1.150819e+01 1.971946e-03 2.579969e-03 1.208690e-03 2.127179e-03
1.156019e+01 2.689872e-03 3.223436e-03 1.829378e-03 3.016802e-03
1.161219e+01 3.536186e-03 3.900193e-03 2.673853e-03 4.034513e-03
1.166419e+01 4.467270e-03 4.567534e-03 3.737875e-03 5.096402e-03
1.171619e+01 5.412164e-03 5.177362e-03 4.962354e-03 6.096776e-03
1.176819e+01 6.281026e-03 5.685024e-03 6.226378e-03 6.931675e-03
1.182019e+01 6.980041e-03 6.056904e-03 7.360869e-03 7.522349e-03
1.187219e+01 7.428648e-03 6.273058e-03 8.183981e-03 7.828906e-03
1.192419e+01 7.574202e-03 6.324204e-03 8.548920e-03 7.849482e-03
1.197619e+01 7.400538e-03 6.206306e-03 8.387011e-03 7.608298e-03
1.202819e+01 6.929412e-03 5.917951e-03 7.728710e-03 7.141575e-03
1.208019e+01 6.215740e-03 5.463641e-03 6.693931e-03 6.489650e-03
1.213219e+01 5.338364e-03 4.861384e-03 5.456175e-03 5.697532e-03
1.218419e+01 4.387951e-03 4.149033e-03 4.195443e-03 4.819377e-03
1.223619e+01 3.453659e-03 3.383701e-03 3.057515e-03 3.919760e-03
1.228819e+01 2.610606e-03 2.632575e-03 2.131591e-03 3.067653e-03
1.234019e+01 1.910620e-03 1.958546e-03 1.448706e-03 2.324609e-03
1.239219e+01 1.378285e-03 1.406915e-03 9.952104e-04 1.732731e-03
1.244419e+01 1.012858e-03 9.984117e-04 7.322352e-04 1.307928e-03
1.249619e+01 7.947402e-04 7.301280e-04 6.133190e-04 1.040774e-03
1.254819e+01 6.939125e-04 5.822409e-04 5.960689e-04 9.034276e-04
1.260019e+01 6.776972e-04 5.266775e-04 6.473115e-04 8.591027e-04
1.265219e+01 7.161619e-04 5.344016e-04 7.433503e-04 8.707338e-04
1.270419e+01 7.848222e-04 5.798201e-04 8.675729e-04 9.070734e-04
1.275619e+01 8.652832e-04 6.425445e-04 1.007359e-03 9.459461e-04
1.280819e+01 9.448074e-04 7.076068e-04 1.151618e-03 9.751971e-04
1.286019e+01 1.015607e-03 7.651666e-04 1.289673e-03 9.919825e-04
1.291219e+01 1.074256e-03 8.102080e-04 1.411658e-03 1.000901e-03
1.296419e+01 1.121250e-03 8.422103e-04 1.510132e-03 1.011406e-03
1.301619e+01 1.160614e-03 8.645829e-04 1.582243e-03 1.035017e-03
1.306819e+01 1.199431e-03 8.837954e-04 1.631589e-03 1.082908e-03
1.312019e+01 1.247270e-03 9.084059e-04 1.669023e-03 1.164382e-03
1.317219e+01 1.315592e-03 9.483687e-04 1.711980e-03 1.286427e-03
1.322419e+01 1.417230e-03 1.014936e-03 1.782467e-03 1.454286e-03
1.327619e+01 1.566044e-03 1.121176e-03 1.904317e-03 1.672638e-03
1.332819e+01 1.776692e-03 1.282729e-03 2.100519e-03 1.946829e-03
1.338019e+01 2.064231e-03 1.518058e-03 2.391148e-03 2.283487e-03
1.343219e+01 2.442949e-03 1.847319e-03 2.791723e-03 2.689804e-03
1.348419e+01 2.923745e-03 2.289110e-03 3.311102e-03 3.171022e-03
1.353619e+01 3.509666e-03 2.854928e-03 3.947903e-03 3.726166e-03
1.358819e+01 4.190135e-03 3.542140e-03 4.685268e-03 4.342998e-03
1.364019e+01 4.935612e-03 4.327349e-03 5.485513e-03 4.993976e-03
1.369219e+01 5.695333e-03 5.162856e-03 6.287765e-03 5.635377e-03
1.374419e+01 6.400622e-03 5.978753e-03 7.011995e-03 6.211118e-03
1.379619e+01 6.974692e-03 6.691837e-03 7.570961e-03 6.661279e-03
1.384819e+01 7.347299e-03 7.220203e-03 7.888121e-03 6.933573e-03
1.390019e+01 7.470260e-03 7.499992e-03 7.916175e-03 6.994613e-03
1.395219e+01 7.328931e-03 7.499469e-03 7.649655e-03 6.837670e-03
1.400419e+01 6.945805e-03 7.226039e-03 7.126797e-03 6.484578e-03
1.405619e+01 6.375093e-03 6.724011e-03 6.420047e-03 5.981221e-03
1.410819e+01 5.690213e-03 6.063933e-03 5.618793e-03 5.387913e-03
1.416019e+01 4.968203e-03 5.326928e-03 4.810271e-03 4.767409e-03
1.421219e+01 4.275569e-03 4.588712e-03 4.064255e-03 4.173739e-03
1.426419e+01 3.658964e-03 3.907500e-03 3.424801e-03 3.644591e-03
1.431619e+01 3.142093e-03 3.318204e-03 2.909440e-03 3.198634e-03
1.436819e+01 2.728219e-03 2.833066e-03 2.514023e-03 2.837567e-03
1.442019e+01 2.406275e-03 2.447004e-03 2.220498e-03 2.551324e-03
1.447219e+01 2.158084e-03 2.144999e-03 2.004975e-03 2.324279e-03
1.452419e+01 1.964564e-03 1.908980e-03 1.844202e-03 2.140511e-03
1.457619e+01 1.809695e-03 1.722545e-03 1.719499e-03 1.987042e-03
1.462819e+01 1.682011e-03 1.573019e-03 1.618111e-03 1.854902e-03
1.468019e+01 1.574172e-03 1.451356e-03 1.532552e-03 1.738608e-03
1.473219e+01 1.481572e-03 1.350924e-03 1.458900e-03 1.634893e-03
1.478419e+01 1.400857e-03 1.266216e-03 1.394912e-03 1.541443e-03
1.483619e+01 1.328952e-03 1.192167e-03 1.338617e-03 1.456073e-03
1.488819e+01 1.262762e-03 1.124215e-03 1.287622e-03 1.376450e-03
1.494019e+01 1.199398e-03 1.058848e-03 1.239082e-03 1.300264e-03
1.499219e+01 1.136603e-03 9.941356e-04 1.190085e-03 1.225589e-03
1.504419e+01 1.073088e-03 9.298846e-04 1.138158e-03 1.151223e-03
1.509619e+01 1.008604e-03 8.672571e-04 1.081703e-03 1.076851e-03
1.514819e+01 9.437603e-04 8.080306e-04 1.020246e-03 1.003005e-03
1.520019e+01 8.797374e-04 7.538286e-04 9.544941e-04 9.308896e-04
1.525219e+01 8.180281e-04 7.056454e-04 8.862571e-04 8.621818e-04
1.530419e+01 7.603047e-04 6.638017e-04 8.182627e-04 7.988496e-04
1.535619e+01 7.083656e-04 6.282265e-04 7.538872e-04 7.429830e-04
1.540819e+01 6.640513e-04 5.988122e-04 6.967724e-04 6.965692e-04
1.546019e+01 6.290315e-04 5.756014e-04 6.503148e-04 6.611784e-04
1.551219e+01 6.044649e-04 5.587150e-04 6.170799e-04 6.375998e-04
1.556419e+01 5.906446e-04 5.481182e-04 5.982740e-04 6.255416e-04
1.561619e+01 5.867949e-04 5.434092e-04 5.934514e-04 6.235242e-04
1.566819e+01 5.911386e-04 5.437826e-04 6.005893e-04 6.290439e-04
1.572019e+01 6.012369e-04 5.481882e-04 6.165356e-04 6.389870e-04
1.577219e+01 6.144855e-04 5.555800e-04 6.376856e-04 6.501910e-04
1.582419e+01 6.285894e-04 5.651073e-04 6.606591e-04 6.600018e-04
1.587619e+01 6.418698e-04 5.761512e-04 6.827685e-04 6.666898e-04
1.592819e+01 6.533430e-04 5.882159e-04 7.021855e-04 6.696276e-04
1.598019e+01 6.626070e-04 6.007646e-04 7.178560e-04 6.692004e-04
1.603219e+01 6.696281e-04 6.131111e-04 7.292917e-04 6.664815e-04
1.608419e+01 6.745238e-04 6.244332e-04 7.363712e-04 6.627669e-04
1.613619e+01 6.774024e-04 6.338965e-04 7.392081e-04 6.591026e-04
1.618819e+01 6.782899e-04 6.408271e-04 7.380874e-04 6.559552e-04
1.624019e+01 6.771472e-04 6.448605e-04 7.334363e-04 6.531447e-04
1.629219e+01 6.739701e-04 6.460182e-04 7.258168e-04 6.500753e-04
1.634419e+01 6.689370e-04 6.446990e-04 7.159371e-04 6.461748e-04
1.639619e+01 6.625324e-04 6.415901e-04 7.046649e-04 6.413422e-04
1.644819e+01 6.555607e-04 6.375106e-04 6.929999e-04 6.361716e-04
1.650019e+01 6.489954e-04 6.332086e-04 6.819629e-04 6.318148e-04
1.655219e+01 6.436990e-04 6.291595e-04 6.724051e-04 6.295323e-04
1.660419e+01 6.401444e-04 6.254442e-04 6.648248e-04 6.301643e-04
1.665619e+01 6.383083e-04 6.217902e-04 6.593149e-04 6.338198e-04
1.670819e+01 6.378380e-04 6.178148e-04 6.557250e-04 6.399742e-04
1.676019e+01 6.384518e-04 6.134130e-04 6.540032e-04 6.479394e-04
1.681219e+01 6.403811e-04 6.091307e-04 6.545573e-04 6.574552e-04
1.686419e+01 6.446076e-04 6.063317e-04 6.584249e-04 6.690664e-04
1.691619e+01 6.527231e-04 6.070202e-04 6.671029e-04 6.840464e-04
1.696819e+01 6.664055e-04 6.133260e-04 6.820375e-04 7.038530e-04
1.702019e+01 6.866886e-04 6.268101e-04 7.039299e-04 7.293258e-04
1.707219e+01 7.133020e-04 6.478325e-04 7.321145e-04 7.599591e-04
1.712419e+01 7.443501e-04 6.752113e-04 7.642687e-04 7.935704e-04
1.717619e+01 7.765035e-04 7.063105e-04 7.966453e-04 8.265547e-04
1.722819e+01 8.057389e-04 7.375830e-04 8.248870e-04 8.547466e-04
1.728019e+01 8.285156e-04 7.654999e-04 8.453186e-04 8.747284e-04
1.733219e+01 8.431447e-04 7.877205e-04 8.564402e-04 8.852735e-04
1.738419e+01 8.510118e-04 8.042894e-04 8.602199e-04 8.885261e-04
1.743619e+01 8.572995e-04 8.185921e-04 8.627694e-04 8.905368e-04
1.748819e+01 8.709411e-04 8.377904e-04 8.741106e-04 9.009223e-04
1.754019e+01 9.037019e-04 8.725024e-04 9.069562e-04 9.316471e-04
1.759219e+01 9.684657e-04 9.356049e-04 9.746538e-04 9.951383e-04
1.764419e+01 1.076954e-03 1.040187e-03 1.088608e-03 1.102066e-03
1.769619e+01 1.237212e-03 1.196886e-03 1.255612e-03 1.259139e-03
1.774819e+01 1.451288e-03 1.411019e-03 1.475587e-03 1.467257e-03
1.780019e+01 1.713561e-03 1.680126e-03 1.740257e-03 1.720300e-03
1.785219e+01 2.010183e-03 1.992524e-03 2.033165e-03 2.004862e-03
1.790419e+01 2.319867e-03 2.327366e-03 2.331191e-03 2.301042e-03
1.795619e+01 2.616034e-03 2.656410e-03 2.607366e-03 2.584325e-03
1.800819e+01 2.870083e-03 2.947383e-03 2.834522e-03 2.828343e-03
1.806019e+01 3.055367e-03 3.168600e-03 2.989219e-03 3.008281e-03
1.811219e+01 3.151435e-03 3.294255e-03 3.055428e-03 3.104623e-03
1.816419e+01 3.147949e-03 3.309549e-03 3.027489e-03 3.106809e-03
1.821619e+01 3.047461e-03 3.214489e-03 2.911800e-03 3.016094e-03
1.826819e+01 2.866120e-03 3.025115e-03 2.726609e-03 2.846635e-03
1.832019e+01 2.631557e-03 2.771273e-03 2.499488e-03 2.623910e-03
1.837219e+01 2.377955e-03 2.490994e-03 2.262611e-03 2.380260e-03
1.842419e+01 2.139299e-03 2.222785e-03 2.046731e-03 2.148383e-03
1.847619e+01 1.942645e-03 1.997962e-03 1.875355e-03 1.954619e-03
1.852819e+01 1.803343e-03 1.835241e-03 1.760707e-03 1.814082e-03
1.858019e+01 1.723479e-03 1.738878e-03 1.702509e-03 1.729050e-03
1.863219e+01 1.693625e-03 1.700380e-03 1.689714e-03 1.690781e-03
1.868419e+01 1.696947e-03 1.702662e-03 1.704433e-03 1.683745e-03
1.873619e+01 1.714187e-03 1.725107e-03 1.726831e-03 1.690624e-03
1.878819e+01 1.728161e-03 1.748195e-03 1.739707e-03 1.696582e-03
1.884019e+01 1.726860e-03 1.756929e-03 1.731777e-03 1.691873e-03
1.889219e+01 1.704819e-03 1.742777e-03 1.699099e-03 1.672582e-03
1.894419e+01 1.662832e-03 1.704127e-03 1.644559e-03 1.639809e-03
1.899619e+01 1.606339e-03 1.645359e-03 1.575757e-03 1.597900e-03
1.904819e+01 1.543047e-03 1.574787e-03 1.502007e-03 1.552347e-03
1.910019e+01 1.480410e-03 1.501924e-03 1.431391e-03 1.507916e-03
1.915219e+01 1.423643e-03 1.434795e-03 1.368727e-03 1.467406e-03
1.920419e+01 1.374728e-03 1.378013e-03 1.314970e-03 1.431202e-03
1.925619e+01 1.332572e-03 1.332121e-03 1.268005e-03 1.397589e-03
1.930819e+01 1.294056e-03 1.294267e-03 1.224288e-03 1.363613e-03
1.936019e+01 1.255504e-03 1.259793e-03 1.180534e-03 1.326185e-03
1.941219e+01 1.214015e-03 1.224089e-03 1.134838e-03 1.283119e-03
1.946419e+01 1.168295e-03 1.184069e-03 1.086971e-03 1.233846e-03
1.951619e+01 1.118880e-03 1.138909e-03 1.038062e-03 1.179670e-03
1.956819e+01 1.067878e-03 1.090028e-03 9.900430e-04 1.123563e-03
1.962019e+01 1.018448e-03 1.040538e-03 9.452092e-04 1.069596e-03
1.967219e+01 9.742275e-04 9.944670e-04 9.060065e-04 1.022209e-03
1.972419e+01 9.388297e-04 9.559831e-04 8.749628e-04 9.855433e-04
1.977619e+01 9.154441e-04 9.287546e-04 8.546075e-04 9.629701e-04
1.982819e+01 9.065587e-04 9.154914e-04 8.473000e-04 9.568848e-04
1.988019e+01 9.138080e-04 9.177037e-04 8.550051e-04 9.687152e-04
1.993219e+01 9.379542e-04 9.357011e-04 8.791188e-04 9.990426e-04
1.998419e+01 9.789827e-04 9.688115e-04 9.204133e-04 1.047723e-03
2.003619e+01 1.036252e-03 1.015733e-03 9.790907e-04 1.113931e-03
2.008819e+01 1.108618e-03 1.074884e-03 1.054866e-03 1.196103e-03
2.014019e+01 1.194493e-03 1.144661e-03 1.146986e-03 1.291831e-03
2.019219e+01 1.291826e-03 1.223564e-03 1.254142e-03 1.397773e-03
2.024419e+01 1.398041e-03 1.310247e-03 1.374234e-03 1.509642e-03
2.029619e+01 1.509915e-03 1.403481e-03 1.504016e-03 1.622247e-03
2.034819e+01 1.623368e-03 1.501948e-03 1.638624e-03 1.729533e-03
2.040019e+01 1.733178e-03 1.603749e-03 1.771151e-03 1.824634e-03
2.045219e+01 1.832751e-03 1.705640e-03 1.892539e-03 1.900072e-03
2.050419e+01 1.914313e-03 1.802308e-03 1.992230e-03 1.948401e-03
2.055619e+01 1.969843e-03 1.886234e-03 2.059811e-03 1.963483e-03
2.060819e+01 1.992831e-03 1.948642e-03 2.087541e-03 1.942310e-03
2.066019e+01 1.980452e-03 1.981592e-03 2.073016e-03 1.886748e-03
2.071219e+01 1.935295e-03 1.980626e-03 2.020904e-03 1.804354e-03
2.076419e+01 1.865730e-03 1.946898e-03 1.942770e-03 1.707521e-03
2.081619e+01 1.784438e-03 1.887732e-03 1.854698e-03 1.610885e-03
2.086819e+01 1.705417e-03 1.815189e-03 1.773331e-03 1.527732e-03
2.092019e+01 1.640475e-03 1.743034e-03 1.711660e-03 1.466732e-03
2.097219e+01 1.596502e-03 1.683241e-03 1.676047e-03 1.430219e-03
2.102419e+01 1.574464e-03 1.643288e-03 1.665459e-03 1.414646e-03
2.107619e+01 1.570315e-03 1.625070e-03 1.673006e-03 1.412870e-03
2.112819e+01 1.577281e-03 1.625576e-03 1.689030e-03 1.417238e-03
2.118019e+01 1.588490e-03 1.638763e-03 1.704468e-03 1.422238e-03
2.123219e+01 1.598957e-03 1.657793e-03 1.713288e-03 1.425790e-03
2.128419e+01 1.606343e-03 1.676830e-03 1.713294e-03 1.428905e-03
2.133619e+01 1.610453e-03 1.691966e-03 1.705325e-03 1.434069e-03
2.138819e+01 1.611949e-03 1.701209e-03 1.691496e-03 1.443142e-03
2.144019e+01 1.610960e-03 1.703826e-03 1.673434e-03 1.455620e-03
2.149219e+01 1.606213e-03 1.699466e-03 1.651249e-03 1.467925e-03
2.154419e+01 1.594997e-03 1.687482e-03 1.623559e-03 1.473950e-03
2.159619e+01 1.573898e-03 1.666719e-03 1.588314e-03 1.466661e-03
2.164819e+01 1.539939e-03 1.635781e-03 1.543864e-03 1.440173e-03
2.170019e+01 1.491651e-03 1.593634e-03 1.489732e-03 1.391588e-03
2.175219e+01 1.429691e-03 1.540234e-03 1.426847e-03 1.321992e-03
2.180419e+01 1.356864e-03 1.476960e-03 1.357307e-03 1.236323e-03
2.185619e+01 1.277616e-03 1.406659e-03 1.283934e-03 1.142256e-03
2.190819e+01 1.197224e-03 1.333314e-03 1.209854e-03 1.048504e-03
2.196019e+01 1.120905e-03 1.261410e-03 1.138192e-03 9.631137e-04
2.201219e+01 1.053055e-03 1.195172e-03 1.071815e-03 8.921774e-04
2.206419e+01 9.967187e-04 1.137864e-03 1.013094e-03 8.391978e-04
2.211619e+01 9.533724e-04 1.091347e-03 9.636713e-04 8.050985e-04
2.216819e+01 9.230155e-04 1.055992e-03 9.243373e-04 7.887170e-04
2.222019e+01 9.045487e-04 1.030994e-03 8.950958e-04 7.875562e-04
2.227219e+01 8.963148e-04 1.014969e-03 8.754012e-04 7.985744e-04
2.232419e+01 8.966322e-04 1.006632e-03 8.644498e-04 8.188151e-04
2.237619e+01 9.041342e-04 1.005305e-03 8.613690e-04 8.457289e-04
2.242819e+01 9.177901e-04 1.011036e-03 8.652100e-04 8.771242e-04
2.248019e+01 9.366067e-04 1.024247e-03 8.747665e-04 9.108061e-04
2.253219e+01 9.591414e-04 1.044984e-03 8.883372e-04 9.441028e-04
2.258419e+01 9.830545e-04 1.072035e-03 9.035688e-04 9.735596e-04
2.263619e+01 1.004942e-03 1.102291e-03 9.174816e-04 9.950549e-04
2.268819e+01 1.020623e-03 1.130704e-03 9.267241e-04 1.004442e-03
2.274019e+01 1.025904e-03 1.151058e-03 9.280607e-04 9.985937e-04
2.279219e+01 1.017673e-03 1.157457e-03 9.190545e-04 9.765089e-04
2.284419e+01 9.950105e-04 1.146137e-03 8.988300e-04 9.400646e-04
2.289619e+01 9.599006e-04 1.116961e-03 8.686909e-04 8.940502e-04
2.294819e+01 9.172199e-04 1.073989e-03 8.323020e-04 8.453683e-04
2.300019e+01 8.738479e-04 1.024778e-03 7.952003e-04 8.015657e-04
2.305219e+01 8.370798e-04 9.785208e-04 7.636157e-04 7.691030e-04
2.310419e+01 8.127894e-04 9.436209e-04 7.428838e-04 7.518635e-04
2.315619e+01 8.039244e-04 9.254775e-04 7.359639e-04 7.503317e-04
2.320819e+01 8.098282e-04 9.252261e-04 7.426033e-04 7.616552e-04
2.326019e+01 8.265945e-04 9.397780e-04 7.594704e-04 7.805351e-04
2.331219e+01 8.482989e-04 9.630317e-04 7.812129e-04 8.006520e-04
2.336419e+01 8.686581e-04 9.877325e-04 8.020460e-04 8.161959e-04
2.341619e+01 8.825619e-04 1.007307e-03 8.172978e-04 8.230809e-04
2.346819e+01 8.870321e-04 1.017129e-03 8.244072e-04 8.195603e-04
2.352019e+01 8.814226e-04 1.014983e-03 8.231184e-04 8.061665e-04
2.357219e+01 8.669582e-04 1.000824e-03 8.149442e-04 7.851067e-04
2.362419e+01 8.459048e-04 9.761248e-04 8.022136e-04 7.593762e-04
2.367619e+01 8.207123e-04 9.431422e-04 7.871136e-04 7.318811e-04
2.372819e+01 7.933933e-04 9.043152e-04 7.710576e-04 7.048069e-04
2.378019e+01 7.652621e-04 8.618938e-04 7.545346e-04 6.793578e-04
2.383219e+01 7.370168e-04 8.177869e-04 7.373927e-04 6.558709e-04
2.388419e+01 7.090476e-04 7.735834e-04 7.193591e-04 6.342004e-04
2.393619e+01 6.818038e-04 7.306767e-04 7.005405e-04 6.141942e-04
2.398819e+01 6.560565e-04 6.904180e-04 6.816871e-04 5.960644e-04
2.404019e+01 6.329487e-04 6.542174e-04 6.641224e-04 5.805063e-04
2.409219e+01 6.138201e-04 6.235357e-04 6.493896e-04 5.685348e-04
2.414419e+01 5.998978e-04 5.997628e-04 6.387901e-04 5.611404e-04
2.419619e+01 5.920083e-04 5.840389e-04 6.330287e-04 5.589573e-04
2.424819e+01 5.904543e-04 5.771101e-04 6.321262e-04 5.621267e-04
2.430019e+01 5.951150e-04 5.792929e-04 6.356258e-04 5.704262e-04
2.435219e+01 6.057047e-04 5.905608e-04 6.429763e-04 5.835768e-04
2.440419e+01 6.220344e-04 6.106867e-04 6.538952e-04 6.015213e-04
2.445619e+01 6.441090e-04 6.393357e-04 6.685245e-04 6.244668e-04
2.450819e+01 6.719738e-04 6.760152e-04 6.873023e-04 6.526040e-04
2.456019e+01 7.053540e-04 7.198667e-04 7.105999e-04 6.855954e-04
2.461219e+01 7.432442e-04 7.693786e-04 7.382808e-04 7.220733e-04
2.466419e+01 7.836451e-04 8.221665e-04 7.693509e-04 7.594178e-04
2.471619e+01 8.235966e-04 8.749774e-04 8.018246e-04 7.939878e-04
2.476819e+01 8.595517e-04 9.240066e-04 8.328563e-04 8.217921e-04
2.482019e+01 8.880161e-04 9.655085e-04 8.591310e-04 8.394088e-04
2.487219e+01 9.062982e-04 9.965683e-04 8.774675e-04 8.448588e-04
2.492419e+01 9.131687e-04 1.015813e-03 8.855401e-04 8.381529e-04
2.497619e+01 9.092475e-04 1.023827e-03 8.825663e-04 8.213490e-04
2.502819e+01 8.969906e-04 1.023096e-03 8.697525e-04 7.981234e-04
2.508019e+01 8.802651e-04 1.017462e-03 8.503142e-04 7.730185e-04
2.513219e+01 8.636354e-04 1.011270e-03 8.290113e-04 7.506250e-04
2.518419e+01 8.515990e-04 1.008520e-03 8.113250e-04 7.349524e-04
2.523619e+01 8.480329e-04 1.012394e-03 8.025478e-04 7.291566e-04
2.528819e+01 8.560080e-04 1.025331e-03 8.070604e-04 7.356323e-04
2.534019e+01 8.779173e-04 1.049513e-03 8.279145e-04 7.563243e-04
2.539219e+01 9.156582e-04 1.087358e-03 8.666246e-04 7.929918e-04
2.544419e+01 9.705266e-04 1.141466e-03 9.229507e-04 8.471630e-04
2.549619e+01 1.042617e-03 1.213692e-03 9.945279e-04 9.196318e-04
2.554819e+01 1.129835e-03 1.303482e-03 1.076450e-03 1.009575e-03
2.560019e+01 1.226973e-03 1.406153e-03 1.161167e-03 1.113600e-03
2.565219e+01 1.325469e-03 1.512091e-03 1.239121e-03 1.225195e-03
2.570419e+01 1.414310e-03 1.607665e-03 1.300291e-03 1.334975e-03
2.575619e+01 1.482087e-03 1.677974e-03 1.336362e-03 1.431924e-03
2.580819e+01 1.519631e-03 1.710666e-03 1.342832e-03 1.505394e-03
2.586019e+01 1.522329e-03 1.699440e-03 1.320223e-03 1.547324e-03
2.591219e+01 1.491241e-03 1.645849e-03 1.273886e-03 1.553987e-03
2.596419e+01 1.432614e-03 1.558708e-03 1.212443e-03 1.526689e-03
2.601619e+01 1.356047e-03 1.451442e-03 1.145456e-03 1.471244e-03
2.606819e+01 1.272036e-03 1.338496e-03 1.081194e-03 1.396416e-03
2.612019e+01 1.189741e-03 1.232147e-03 1.025190e-03 1.311885e-03
2.617219e+01 1.115621e-03 1.140636e-03 9.798887e-04 1.226337e-03
2.622419e+01 1.053077e-03 1.067857e-03 9.452144e-04 1.146159e-03
2.627619e+01 1.002926e-03 1.014193e-03 9.196206e-04 1.074964e-03
2.632819e+01 9.642897e-04 9.778617e-04 9.011396e-04 1.013868e-03
2.638019e+01 9.355229e-04 9.561802e-04 8.881205e-04 9.622679e-04
2.643219e+01 9.149154e-04 9.464322e-04 8.795525e-04 9.187615e-04
2.648419e+01 9.010715e-04 9.462661e-04 8.750366e-04 8.819118e-04
2.653619e+01 8.929853e-04 9.537273e-04 8.745463e-04 8.506822e-04
2.658819e+01 8.899084e-04 9.670888e-04 8.781125e-04 8.245238e-04
2.664019e+01 8.911392e-04 9.846495e-04 8.855388e-04 8.032294e-04
2.669219e+01 8.958536e-04 1.004628e-03 8.962149e-04 7.867181e-04
2.674419e+01 9.030605e-04 1.025219e-03 9.090705e-04 7.748919e-04
2.679619e+01 9.117035e-04 1.044808e-03 9.226817e-04 7.676204e-04
2.684819e+01 9.208637e-04 1.062257e-03 9.355085e-04 7.648258e-04
2.690019e+01 9.299742e-04 1.077137e-03 9.462025e-04 7.665829e-04
2.695219e+01 9.389486e-04 1.089802e-03 9.538947e-04 7.731491e-04
2.700419e+01 9.481534e-04 1.101215e-03 9.583704e-04 7.848751e-04
2.705619e+01 9.582090e-04 1.112562e-03 9.600624e-04 8.020023e-04
2.710819e+01 9.696672e-04 1.124748e-03 9.598504e-04 8.244031e-04
2.716019e+01 9.826662e-04 1.137934e-03 9.587185e-04 8.513463e-04
2.721219e+01 9.966930e-04 1.151310e-03 9.573910e-04 8.813780e-04
2.726419e+01 1.010561e-03 1.163217e-03 9.560830e-04 9.123837e-04
2.731619e+01 1.022652e-03 1.171629e-03 9.544751e-04 9.418521e-04
2.736819e+01 1.031362e-03 1.174856e-03 9.519345e-04 9.672956e-04
2.742019e+01 1.035614e-03 1.172223e-03 9.479002e-04 9.867181e-04
2.747219e+01 1.035244e-03 1.164456e-03 9.422803e-04 9.989951e-04
2.752419e+01 1.031127e-03 1.153627e-03 9.357048e-04 1.004051e-03
2.757619e+01 1.024995e-03 1.142653e-03 9.295419e-04 1.002791e-03
2.762819e+01 1.019019e-03 1.134554e-03 9.256757e-04 9.968279e-04
2.768019e+01 1.015308e-03 1.131690e-03 9.261216e-04 9.881132e-04
2.773219e+01 1.015469e-03 1.135246e-03 9.325858e-04 9.785743e-04
2.778419e+01 1.020324e-03 1.145059e-03 9.460657e-04 9.698471e-04
2.783619e+01 1.029826e-03 1.159784e-03 9.665703e-04 9.631248e-04
2.788819e+01 1.043137e-03 1.177289e-03 9.930144e-04 9.591070e-04
2.794019e+01 1.058819e-03 1.195123e-03 1.023323e-03 9.580116e-04
2.799219e+01 1.075093e-03 1.210919e-03 1.054747e-03 9.596146e-04
2.804419e+01 1.090100e-03 1.222662e-03 1.084337e-03 9.633006e-04
2.809619e+01 1.102151e-03 1.228841e-03 1.109476e-03 9.681351e-04
2.814819e+01 1.109943e-03 1.228526e-03 1.128317e-03 9.729870e-04
2.820019e+01 1.112733e-03 1.221446e-03 1.140030e-03 9.767235e-04
2.825219e+01 1.110435e-03 1.208064e-03 1.144781e-03 9.784603e-04
2.830419e+01 1.103624e-03 1.189579e-03 1.143498e-03 9.777959e-04
2.835619e+01 1.093401e-03 1.167779e-03 1.137500e-03 9.749229e-04
2.840819e+01 1.081120e-03 1.144693e-03 1.128134e-03 9.705339e-04
2.846019e+01 1.068047e-03 1.122120e-03 1.116502e-03 9.655199e-04
2.851219e+01 1.055033e-03 1.101185e-03 1.103345e-03 9.605681e-04
2.856419e+01 1.042337e-03 1.082106e-03 1.089070e-03 9.558350e-04
2.861619e+01 1.029677e-03 1.064287e-03 1.073888e-03 9.508566e-04
2.866819e+01 1.016482e-03 1.046701e-03 1.057990e-03 9.447560e-04
2.872019e+01 1.002251e-03 1.028396e-03 1.041687e-03 9.366709e-04
2.877219e+01 9.868743e-04 1.008915e-03 1.025491e-03 9.262172e-04
2.882419e+01 9.707745e-04 9.884593e-04 1.010081e-03 9.137835e-04
2.887619e+01 9.548260e-04 9.677459e-04 9.962090e-04 9.005231e-04
2.892819e+01 9.400791e-04 9.476573e-04 9.845403e-04 8.880397e-04
2.898019e+01 9.274089e-04 9.288660e-04 9.754789e-04 8.778817e-04
2.903219e+01 9.172174e-04 9.116163e-04 9.690029e-04 8.710331e-04
2.908419e+01 9.092939e-04 8.957616e-04 9.645399e-04 8.675800e-04
2.913619e+01 9.028667e-04 8.810131e-04 9.609284e-04 8.666585e-04
2.918819e+01 8.968131e-04 8.672439e-04 9.565088e-04 8.666868e-04
2.924019e+01 8.899399e-04 8.546595e-04 9.493717e-04 8.657885e-04
2.929219e+01 8.812401e-04 8.437216e-04 9.377368e-04 8.622617e-04
2.934419e+01 8.700605e-04 8.348527e-04 9.203808e-04 8.549480e-04
2.939619e+01 8.561604e-04 8.280804e-04 8.969875e-04 8.434134e-04
2.944819e+01 8.396824e-04 8.228159e-04 8.683043e-04 8.279270e-04
2.950019e+01 8.210711e-04 8.178911e-04 8.360316e-04 8.092907e-04
2.955219e+01 8.009687e-04 8.118414e-04 8.024584e-04 7.886063e-04
2.960419e+01 7.801007e-04 8.033075e-04 7.699394e-04 7.670552e-04
2.965619e+01 7.591637e-04 7.913929e-04 7.403692e-04 7.457289e-04
2.970819e+01 7.387338e-04 7.758617e-04 7.148206e-04 7.255191e-04
2.976019e+01 7.192228e-04 7.571560e-04 6.934546e-04 7.070579e-04
2.981219e+01 7.009006e-04 7.362791e-04 6.757141e-04 6.907086e-04
2.986419e+01 6.839720e-04 7.146113e-04 6.606965e-04 6.766083e-04
2.991619e+01 6.686658e-04 6.937015e-04 6.475426e-04 6.647534e-04
2.996819e+01 6.552731e-04 6.750430e-04 6.356843e-04 6.550918e-04
3.002019e+01 6.440953e-04 6.598351e-04 6.248823e-04 6.475685e-04
3.007219e+01 6.353107e-04 6.487544e-04 6.150884e-04 6.420893e-04
3.012419e+01 6.288191e-04 6.417917e-04 6.062490e-04 6.384167e-04
3.017619e+01 6.241526e-04 6.382175e-04 5.981755e-04 6.360647e-04
3.022819e+01 6.205150e-04 6.367166e-04 5.905486e-04 6.342799e-04
3.028019e+01 6.169564e-04 6.356747e-04 5.830361e-04 6.321584e-04
3.033219e+01 6.126228e-04 6.335510e-04 5.754413e-04 6.288762e-04
3.038419e+01 6.069893e-04 6.292369e-04 5.677856e-04 6.239455e-04
3.043619e+01 5.999891e-04 6.223062e-04 5.602787e-04 6.173826e-04
3.048819e+01 5.919984e-04 6.130904e-04 5.531942e-04 6.097105e-04
3.054019e+01 5.836859e-04 6.025582e-04 5.467169e-04 6.017827e-04
3.059219e+01 5.757871e-04 5.920290e-04 5.408399e-04 5.944925e-04
3.064419e+01 5.688756e-04 5.827932e-04 5.353593e-04 5.884744e-04
3.069619e+01 5.632056e-04 5.757396e-04 5.299673e-04 5.839098e-04
3.074819e+01 5.586663e-04 5.710946e-04 5.244029e-04 5.805013e-04
3.080019e+01 5.548570e-04 5.683532e-04 5.185956e-04 5.776223e-04
3.085219e+01 5.512522e-04 5.664348e-04 5.127443e-04 5.745776e-04
3.090419e+01 5.474067e-04 5.640315e-04 5.073025e-04 5.708862e-04
3.095619e+01 5.431424e-04 5.600551e-04 5.028773e-04 5.664947e-04
3.100819e+01 5.386628e-04 5.540377e-04 5.000835e-04 5.618674e-04
3.106019e+01 5.345598e-04 5.463421e-04 4.994026e-04 5.579346e-04
3.111219e+01 5.316967e-04 5.380901e-04 5.010849e-04 5.559151e-04
3.116419e+01 5.309915e-04 5.308177e-04 5.051098e-04 5.570470e-04
3.121619e+01 5.331515e-04 5.259793e-04 5.111943e-04 5.622809e-04
3.126819e+01 5.384406e-04 5.244886e-04 5.188314e-04 5.720018e-04
3.132019e+01 5.465536e-04 5.264647e-04 5.273403e-04 5.858557e-04
3.137219e+01 5.566382e-04 5.312561e-04 5.359181e-04 6.027403e-04
3.142419e+01 5.674536e-04 5.376891e-04 5.436961e-04 6.209756e-04
3.147619e+01 5.776046e-04 5.443982e-04 5.498033e-04 6.386121e-04
3.152819e+01 5.857746e-04 5.500949e-04 5.534427e-04 6.537862e-04
3.158019e+01 5.908965e-04 5.536971e-04 5.539749e-04 6.650174e-04
3.163219e+01 5.922367e-04 5.543386e-04 5.509986e-04 6.713728e-04
3.168419e+01 5.894072e-04 5.513377e-04 5.444045e-04 6.724795e-04
3.173619e+01 5.823359e-04 5.442017e-04 5.343845e-04 6.684213e-04
3.178819e+01 5.712215e-04 5.326935e-04 5.213830e-04 6.595879e-04
3.184019e+01 5.564871e-04 5.169248e-04 5.059964e-04 6.465401e-04
3.189219e+01 5.387301e-04 4.974107e-04 4.888516e-04 6.299281e-04
3.194419e+01 5.186651e-04 4.750355e-04 4.705026e-04 6.104573e-04
3.199619e+01 4.970601e-04 4.509245e-04 4.513837e-04 5.888721e-04
3.204819e+01 4.746760e-04 4.262664e-04 4.318350e-04 5.659265e-04
3.210019e+01 4.522216e-04 4.021475e-04 4.121834e-04 5.423338e-04
3.215219e+01 4.303316e-04 3.794495e-04 3.928333e-04 5.187122e-04
3.220419e+01 4.095653e-04 3.588227e-04 3.743154e-04 4.955580e-04
3.225619e+01 3.904109e-04 3.407143e-04 3.572558e-04 4.732625e-04
3.230819e+01 3.732808e-04 3.254122e-04 3.422683e-04 4.521618e-04
3.236019e+01 3.584886e-04 3.130731e-04 3.298077e-04 4.325848e-04
3.241219e+01 3.462130e-04 3.037240e-04 3.200487e-04 4.148663e-04
3.246419e+01 3.364656e-04 2.972407e-04 3.128427e-04 3.993133e-04
3.251619e+01 3.290821e-04 2.933266e-04 3.077756e-04 3.861440e-04
3.256819e+01 3.237513e-04 2.915128e-04 3.043076e-04 3.754333e-04
3.262019e+01 3.200794e-04 2.911995e-04 3.019418e-04 3.670970e-04
3.267219e+01 3.176770e-04 2.917462e-04 3.003647e-04 3.609201e-04
3.272419e+01 3.162423e-04 2.925943e-04 2.995142e-04 3.566184e-04
3.277619e+01 3.156186e-04 2.933854e-04 2.995628e-04 3.539077e-04
3.282819e+01 3.158057e-04 2.940284e-04 3.008304e-04 3.525582e-04
3.288019e+01 3.169211e-04 2.946818e-04 3.036600e-04 3.524216e-04
3.293219e+01 3.191229e-04 2.956499e-04 3.082888e-04 3.534299e-04
3.298419e+01 3.225169e-04 2.972333e-04 3.147468e-04 3.555705e-04
3.303619e+01 3.270805e-04 2.995931e-04 3.228027e-04 3.588456e-04
3.308819e+01 3.326290e-04 3.026864e-04 3.319728e-04 3.632278e-04
3.314019e+01 3.388334e-04 3.062912e-04 3.415949e-04 3.686140e-04
3.319219e+01 3.452793e-04 3.100997e-04 3.509515e-04 3.747868e-04
3.324419e+01 3.515396e-04 3.138248e-04 3.594060e-04 3.813881e-04
3.329619e+01 3.572318e-04 3.172720e-04 3.665045e-04 3.879189e-04
3.334819e+01 3.620460e-04 3.203506e-04 3.720097e-04 3.937776e-04
3.340019e+01 3.657477e-04 3.230370e-04 3.758620e-04 3.983441e-04
3.345219e+01 3.681745e-04 3.253267e-04 3.781018e-04 4.010952e-04
3.350419e+01 3.692421e-04 3.272088e-04 3.787979e-04 4.017197e-04
3.355619e+01 3.689635e-04 3.286775e-04 3.780202e-04 4.001927e-04
3.360819e+01 3.674671e-04 3.297703e-04 3.758546e-04 3.967763e-04
3.366019e+01 3.649949e-04 3.306034e-04 3.724340e-04 3.919473e-04
3.371219e+01 3.618671e-04 3.313765e-04 3.679502e-04 3.862746e-04
3.376419e+01 3.584191e-04 3.323335e-04 3.626317e-04 3.802922e-04
3.381619e+01 3.549292e-04 3.336847e-04 3.566978e-04 3.744052e-04
3.386819e+01 3.515647e-04 3.355202e-04 3.503203e-04 3.688536e-04
3.392019e+01 3.483672e-04 3.377512e-04 3.436178e-04 3.637325e-04
3.397219e+01 3.452872e-04 3.401150e-04 3.366925e-04 3.590541e-04
3.402419e+01 3.422622e-04 3.422598e-04 3.296996e-04 3.548273e-04
3.407619e+01 3.393165e-04 3.438911e-04 3.229244e-04 3.511339e-04
3.412819e+01 3.366499e-04 3.449316e-04 3.168361e-04 3.481821e-04
3.418019e+01 3.346793e-04 3.456248e-04 3.120916e-04 3.463213e-04
3.423219e+01 3.340003e-04 3.465235e-04 3.094693e-04 3.460081e-04
3.428419e+01 3.352654e-04 3.483454e-04 3.097325e-04 3.477184e-04
3.433619e+01 3.390051e-04 3.517384e-04 3.134530e-04 3.518237e-04
3.438819e+01 3.454555e-04 3.570484e-04 3.208475e-04 3.584708e-04
3.444019e+01 3.544692e-04 3.641944e-04 3.316950e-04 3.675181e-04
3.449219e+01 3.655588e-04 3.727180e-04 3.453825e-04 3.785760e-04
3.454419e+01 3.780758e-04 3.819995e-04 3.610752e-04 3.911525e-04
3.459619e+01 3.914526e-04 3.915530e-04 3.779522e-04 4.048527e-04
3.464819e+01 4.054033e-04 4.012679e-04 3.954112e-04 4.195308e-04
3.470019e+01 4.199781e-04 4.114762e-04 4.131544e-04 4.353036e-04
3.475219e+01 4.354344e-04 4.227978e-04 4.311194e-04 4.523862e-04
3.480419e+01 4.519736e-04 4.358124e-04 4.492965e-04 4.708120e-04
3.485619e+01 4.694637e-04 4.506956e-04 4.675235e-04 4.901719e-04
3.490819e+01 4.872890e-04 4.669834e-04 4.853630e-04 5.095206e-04
3.496019e+01 5.044144e-04 4.835856e-04 5.021272e-04 5.275303e-04
3.501219e+01 5.196532e-04 4.990644e-04 5.170433e-04 5.428518e-04
3.506419e+01 5.320323e-04 5.120776e-04 5.294862e-04 5.545331e-04
3.511619e+01 5.410966e-04 5.218063e-04 5.391721e-04 5.623112e-04
3.516819e+01 5.470205e-04 5.281918e-04 5.462229e-04 5.666467e-04
3.522019e+01 5.504829e-04 5.318870e-04 5.510695e-04 5.684922e-04
3.527219e+01 5.523692e-04 5.339544e-04 5.542430e-04 5.689102e-04
3.532419e+01 5.534397e-04 5.354492e-04 5.561548e-04 5.687149e-04
3.537619e+01 5.541124e-04 5.370688e-04 5.569772e-04 5.682912e-04
3.542819e+01 5.544450e-04 5.390047e-04 5.566867e-04 5.676435e-04
3.548019e+01 5.543029e-04 5.410287e-04 5.552550e-04 5.666249e-04
3.553219e+01 5.536207e-04 5.427418e-04 5.528981e-04 5.652222e-04
3.558419e+01 5.526296e-04 5.438553e-04 5.502638e-04 5.637699e-04
3.563619e+01 5.519564e-04 5.443897e-04 5.484630e-04 5.630165e-04
3.568819e+01 5.525635e-04 5.447395e-04 5.489150e-04 5.640360e-04
3.574019e+01 5.555713e-04 5.456187e-04 5.530586e-04 5.680365e-04
3.579219e+01 5.620402e-04 5.479429e-04 5.620333e-04 5.761445e-04
3.584419e+01 5.727954e-04 5.527021e-04 5.764511e-04 5.892329e-04
3.589619e+01 5.883458e-04 5.608558e-04 5.963433e-04 6.078384e-04
3.594819e+01 6.089102e-04 5.732583e-04 6.212998e-04 6.321725e-04
3.600019e+01 6.345219e-04 5.906101e-04 6.507519e-04 6.622037e-04
3.605219e+01 6.651602e-04 6.134284e-04 6.842882e-04 6.977640e-04
3.610419e+01 7.008459e-04 6.420247e-04 7.218796e-04 7.386335e-04
3.615619e+01 7.416506e-04 6.764791e-04 7.639092e-04 7.845636e-04
3.620819e+01 7.875960e-04 7.165917e-04 8.109707e-04 8.352255e-04
3.626019e+01 8.384609e-04 7.618035e-04 8.634817e-04 8.900974e-04
3.631219e+01 8.935549e-04 8.110897e-04 9.212409e-04 9.483340e-04
3.636419e+01 9.515450e-04 8.628634e-04 9.830970e-04 1.008675e-03
3.641619e+01 1.010424e-03 9.149471e-04 1.046871e-03 1.069453e-03
3.646819e+01 1.067675e-03 9.646825e-04 1.109591e-03 1.128752e-03
3.652019e+01 1.120628e-03 1.009214e-03 1.167980e-03 1.184691e-03
3.657219e+01 1.166915e-03 1.045913e-03 1.219033e-03 1.235798e-03
3.662419e+01 1.204898e-03 1.072829e-03 1.260522e-03 1.281345e-03
3.667619e+01 1.233945e-03 1.089032e-03 1.291269e-03 1.321535e-03
3.672819e+01 1.254459e-03 1.094727e-03 1.311188e-03 1.357462e-03
3.678019e+01 1.267697e-03 1.091127e-03 1.321137e-03 1.390827e-03
3.683219e+01 1.275447e-03 1.080167e-03 1.322696e-03 1.423478e-03
3.688419e+01 1.279660e-03 1.064169e-03 1.317930e-03 1.456880e-03
3.693619e+01 1.282108e-03 1.045547e-03 1.309148e-03 1.491628e-03
3.698819e+01 1.284113e-03 1.026570e-03 1.298652e-03 1.527118e-03
3.704019e+01 1.286354e-03 1.009162e-03 1.288453e-03 1.561447e-03
3.709219e+01 1.288782e-03 9.947223e-04 1.280019e-03 1.591604e-03
3.714419e+01 1.290673e-03 9.839678e-04 1.274113e-03 1.613938e-03
3.719619e+01 1.290826e-03 9.768580e-04 1.270777e-03 1.624842e-03
3.724819e+01 1.287865e-03 9.726356e-04 1.269455e-03 1.621505e-03
3.730019e+01 1.280582e-03 9.699900e-04 1.269198e-03 1.602557e-03
3.735219e+01 1.268203e-03 9.673074e-04 1.268860e-03 1.568442e-03
3.740419e+01 1.250534e-03 9.629478e-04 1.267246e-03 1.521409e-03
3.745619e+01 1.227941e-03 9.555051e-04 1.263221e-03 1.465098e-03
3.750819e+01 1.201226e-03 9.440227e-04 1.255801e-03 1.403854e-03
3.756019e+01 1.171447e-03 9.281542e-04 1.244272e-03 1.341915e-03
3.761219e+01 1.139764e-03 9.082494e-04 1.228307e-03 1.282734e-03
3.766419e+01 1.107326e-03 8.853380e-04 1.208052e-03 1.228588e-03
3.771619e+01 1.075223e-03 8.609877e-04 1.184121e-03 1.180560e-03
3.776819e+01 1.044472e-03 8.370518e-04 1.157512e-03 1.138854e-03
3.782019e+01 1.016046e-03 8.153662e-04 1.129482e-03 1.103289e-03
3.787219e+01 9.909026e-04 7.974861e-04 1.101445e-03 1.073776e-03
3.792419e+01 9.700333e-04 7.845418e-04 1.074937e-03 1.050621e-03
3.797619e+01 9.544679e-04 7.772406e-04 1.051606e-03 1.034557e-03
3.802819e+01 9.452310e-04 7.759810e-04 1.033193e-03 1.026519e-03
3.808019e+01 9.432256e-04 7.810023e-04 1.021406e-03 1.027268e-03
3.813219e+01 9.490686e-04 7.924904e-04 1.017707e-03 1.037008e-03
3.818419e+01 9.629273e-04 8.105897e-04 1.023030e-03 1.055162e-03
3.823619e+01 9.844208e-04 8.353177e-04 1.037539e-03 1.080406e-03
3.828819e+01 1.012626e-03 8.664217e-04 1.060508e-03 1.110948e-03
3.834019e+01 1.046195e-03 9.032401e-04 1.090358e-03 1.144986e-03
3.839219e+01 1.083554e-03 9.446344e-04 1.124862e-03 1.181165e-03
3.844419e+01 1.123141e-03 9.890477e-04 1.161470e-03 1.218905e-03
3.849619e+01 1.163639e-03 1.034707e-03 1.197719e-03 1.258490e-03
3.854819e+01 1.204175e-03 1.079944e-03 1.231654e-03 1.300927e-03
3.860019e+01 1.244450e-03 1.123549e-03 1.262185e-03 1.347616e-03
3.865219e+01 1.284741e-03 1.165025e-03 1.289272e-03 1.399926e-03
3.870419e+01 1.325725e-03 1.204625e-03 1.313848e-03 1.458703e-03
3.875619e+01 1.368089e-03 1.243087e-03 1.337431e-03 1.523747e-03
3.880819e+01 1.411991e-03 1.281130e-03 1.361510e-03 1.593332e-03
3.886019e+01 1.456535e-03 1.318838e-03 1.386888e-03 1.663878e-03
3.891219e+01 1.499467e-03 1.355174e-03 1.413225e-03 1.730002e-03
3.896419e+01 1.537279e-03 1.387803e-03 1.438971e-03 1.785064e-03
3.901619e+01 1.565758e-03 1.413332e-03 1.461715e-03 1.822226e-03
3.906819e+01 1.580846e-03 1.427934e-03 1.478831e-03 1.835772e-03
3.912019e+01 1.579554e-03 1.428188e-03 1.488165e-03 1.822308e-03
3.917219e+01 1.560640e-03 1.411903e-03 1.488535e-03 1.781482e-03
3.922419e+01 1.524874e-03 1.378702e-03 1.479913e-03 1.716005e-03
3.927619e+01 1.474851e-03 1.330199e-03 1.463300e-03 1.631054e-03
3.932819e+01 1.414474e-03 1.269733e-03 1.440418e-03 1.533271e-03
3.938019e+01 1.348267e-03 1.201764e-03 1.413352e-03 1.429686e-03
3.943219e+01 1.280711e-03 1.131094e-03 1.384253e-03 1.326787e-03
3.948419e+01 1.215713e-03 1.062148e-03 1.355116e-03 1.229875e-03
3.953619e+01 1.156267e-03 9.984585e-04 1.327611e-03 1.142731e-03
3.958819e+01 1.104324e-03 9.424413e-04 1.302949e-03 1.067582e-03
3.964019e+01 1.060833e-03 8.954407e-04 1.281754e-03 1.005303e-03
3.969219e+01 1.025902e-03 8.579412e-04 1.264000e-03 9.557635e-04
3.974419e+01 9.990217e-04 8.298256e-04 1.249029e-03 9.182103e-04
3.979619e+01 9.792884e-04 8.105743e-04 1.235720e-03 8.915710e-04
3.984819e+01 9.655908e-04 7.993605e-04 1.222796e-03 8.746163e-04
3.990019e+01 9.567587e-04 7.950661e-04 1.209231e-03 8.659789e-04
3.995219e+01 9.516740e-04 7.962826e-04 1.194648e-03 8.640911e-04
4.000419e+01 9.493511e-04 8.013654e-04 1.179549e-03 8.671388e-04
4.005619e+01 9.489804e-04 8.085709e-04 1.165256e-03 8.731147e-04
4.010819e+01 9.499270e-04 8.162601e-04 1.153512e-03 8.800085e-04
4.016019e+01 9.516899e-04 8.231150e-04 1.145853e-03 8.861016e-04
4.021219e+01 9.538426e-04 8.283065e-04 1.142946e-03 8.902751e-04
4.026419e+01 9.559891e-04 8.315625e-04 1.144196e-03 8.922090e-04
4.031619e+01 9.577571e-04 8.331121e-04 1.147776e-03 8.923832e-04
4.036819e+01 9.588313e-04 8.335142e-04 1.151116e-03 8.918636e-04
4.042019e+01 9.590096e-04 8.334201e-04 1.151666e-03 8.919424e-04
4.047219e+01 9.582528e-04 8.333399e-04 1.147659e-03 8.937601e-04
4.052419e+01 9.567022e-04 8.334901e-04 1.138592e-03 8.980245e-04
4.057619e+01 9.546483e-04 8.337647e-04 1.125294e-03 9.048863e-04
4.062819e+01 9.524449e-04 8.338253e-04 1.109556e-03 9.139539e-04
4.068019e+01 9.503824e-04 8.332591e-04 1.093502e-03 9.243860e-04
4.073219e+01 9.485510e-04 8.317317e-04 1.078913e-03 9.350080e-04
4.078419e+01 9.467412e-04 8.290783e-04 1.066709e-03 9.444363e-04
4.083619e+01 9.444263e-04 8.253086e-04 1.056745e-03 9.512250e-04
4.088819e+01 9.408488e-04 8.205424e-04 1.047949e-03 9.540552e-04
4.094019e+01 9.351916e-04 8.149173e-04 1.038713e-03 9.519444e-04
4.099219e+01 9.267822e-04 8.085157e-04 1.027410e-03 9.444208e-04
4.104419e+01 9.152600e-04 8.013420e-04 1.012842e-03 9.315959e-04
4.109619e+01 9.006576e-04 7.933555e-04 9.945125e-04 9.141050e-04
4.114819e+01 8.833821e-04 7.845404e-04 9.726647e-04 8.929413e-04
4.120019e+01 8.641235e-04 7.749743e-04 9.481378e-04 8.692584e-04
4.125219e+01 8.437340e-04 7.648563e-04 9.221339e-04 8.442118e-04
4.130419e+01 8.231140e-04 7.544713e-04 8.959965e-04 8.188741e-04
4.135619e+01 8.031174e-04 7.441000e-04 8.710457e-04 7.942064e-04
4.140819e+01 7.844710e-04 7.339140e-04 8.484640e-04 7.710350e-04
4.146019e+01 7.677082e-04 7.239203e-04 8.291991e-04 7.500052e-04
4.151219e+01 7.531309e-04 7.140053e-04 8.138661e-04 7.315212e-04
4.156419e+01 7.408272e-04 7.040874e-04 8.026710e-04 7.157230e-04
4.161619e+01 7.307609e-04 6.943274e-04 7.954014e-04 7.025538e-04
4.166819e+01 7.229175e-04 6.853085e-04 7.915218e-04 6.919221e-04
4.172019e+01 7.174559e-04 6.780943e-04 7.903649e-04 6.839086e-04
4.177219e+01 7.148003e-04 6.741253e-04 7.913564e-04 6.789192e-04
4.182419e+01 7.156195e-04 6.749767e-04 7.941816e-04 6.777002e-04
4.187619e+01 7.206857e-04 6.820553e-04 7.988148e-04 6.811869e-04
4.192819e+01 7.306518e-04 6.963260e-04 8.053969e-04 6.902326e-04
4.198019e+01 7.458255e-04 7.181336e-04 8.140173e-04 7.053256e-04
4.203219e+01 7.660233e-04 7.471480e-04 8.245191e-04 7.264028e-04
4.208419e+01 7.905636e-04 7.824261e-04 8.364398e-04 7.528248e-04
4.213619e+01 8.184031e-04 8.225661e-04 8.491400e-04 7.835032e-04
4.218819e+01 8.483673e-04 8.659183e-04 8.620738e-04 8.171097e-04
4.224019e+01 8.793900e-04 9.108135e-04 8.750790e-04 8.522775e-04
4.229219e+01 9.106781e-04 9.557584e-04 8.885430e-04 8.877330e-04
4.234419e+01 9.417537e-04 9.995591e-04 9.033577e-04 9.223441e-04
4.239619e+01 9.723790e-04 1.041350e-03 9.206653e-04 9.551217e-04
4.244819e+01 1.002416e-03 1.080540e-03 9.414905e-04 9.852181e-04
4.250019e+01 1.031690e-03 1.116720e-03 9.663930e-04 1.011958e-03
4.255219e+01 1.059910e-03 1.149580e-03 9.952529e-04 1.034896e-03
4.260419e+01 1.086669e-03 1.178893e-03 1.027241e-03 1.053874e-03
4.265619e+01 1.111522e-03 1.204570e-03 1.060950e-03 1.069046e-03
4.270819e+01 1.134080e-03 1.226766e-03 1.094628e-03 1.080845e-03
4.276019e+01 1.154101e-03 1.245966e-03 1.126442e-03 1.089897e-03
4.281219e+01 1.171524e-03 1.262959e-03 1.154708e-03 1.096904e-03
4.286419e+01 1.186429e-03 1.278666e-03 1.178093e-03 1.102528e-03
4.291619e+01 1.198952e-03 1.293832e-03 1.195730e-03 1.107293e-03
4.296819e+01 1.209178e-03 1.308731e-03 1.207268e-03 1.111535e-03
4.302019e+01 1.217072e-03 1.323007e-03 1.212821e-03 1.115389e-03
4.307219e+01 1.222467e-03 1.335753e-03 1.212822e-03 1.118826e-03
4.312419e+01 1.225111e-03 1.345800e-03 1.207818e-03 1.121715e-03
4.317619e+01 1.224753e-03 1.352078e-03 1.198274e-03 1.123906e-03
4.322819e+01 1.221211e-03 1.353882e-03 1.184452e-03 1.125298e-03
4.328019e+01 1.214417e-03 1.350961e-03 1.166425e-03 1.125867e-03
4.333219e+01 1.204425e-03 1.343424e-03 1.144214e-03 1.125639e-03
4.338419e+01 1.191397e-03 1.331574e-03 1.117987e-03 1.124630e-03
4.343619e+01 1.175584e-03 1.315761e-03 1.088222e-03 1.122768e-03
4.348819e+01 1.157305e-03 1.296312e-03 1.055747e-03 1.119855e-03
4.354019e+01 1.136916e-03 1.273543e-03 1.021642e-03 1.115565e-03
4.359219e+01 1.114766e-03 1.247797e-03 9.870333e-04 1.109470e-03
4.364419e+01 1.091140e-03 1.219467e-03 9.528800e-04 1.101074e-03
4.369619e+01 1.066214e-03 1.188974e-03 9.198370e-04 1.089831e-03
4.374819e+01 1.040043e-03 1.156713e-03 8.882464e-04 1.075171e-03
4.380019e+01 1.012602e-03 1.123006e-03 8.582420e-04 1.056559e-03
4.385219e+01 9.838699e-04 1.088092e-03 8.299034e-04 1.033615e-03
4.390419e+01 9.539374e-04 1.052173e-03 8.033830e-04 1.006256e-03
4.395619e+01 9.230958e-04 1.015496e-03 7.789542e-04 9.748368e-04
4.400819e+01 8.918658e-04 9.784264e-04 7.569740e-04 9.401969e-04
4.406019e+01 8.609607e-04 9.414855e-04 7.377919e-04 9.036048e-04
4.411219e+01 8.311975e-04 9.053402e-04 7.216566e-04 8.665959e-04
4.416419e+01 8.033895e-04 8.707597e-04 7.086570e-04 8.307519e-04
4.421619e+01 7.782528e-04 8.385674e-04 6.987102e-04 7.974807e-04
4.426819e+01 7.563403e-04 8.095939e-04 6.915834e-04 7.678436e-04
4.432019e+01 7.380008e-04 7.846183e-04 6.869277e-04 7.424563e-04
4.437219e+01 7.233504e-04 7.642762e-04 6.843083e-04 7.214667e-04
4.442419e+01 7.122495e-04 7.489265e-04 6.832265e-04 7.045956e-04
4.447619e+01 7.042873e-04 7.385024e-04 6.831398e-04 6.912197e-04
4.452819e+01 6.987881e-04 7.323972e-04 6.834883e-04 6.804788e-04
4.458019e+01 6.948549e-04 7.294418e-04 6.837304e-04 6.713926e-04
4.463219e+01 6.914587e-04 7.280159e-04 6.833829e-04 6.629773e-04
4.468419e+01 6.875654e-04 7.262914e-04 6.820519e-04 6.543529e-04
4.473619e+01 6.822756e-04 7.225592e-04 6.794409e-04 6.448267e-04
4.478819e+01 6.749390e-04 7.155540e-04 6.753260e-04 6.339369e-04
4.484019e+01 6.652105e-04 7.046791e-04 6.695064e-04 6.214461e-04
4.489219e+01 6.530348e-04 6.900607e-04 6.617502e-04 6.072935e-04
4.494419e+01 6.385715e-04 6.724194e-04 6.517623e-04 5.915328e-04
4.499619e+01 6.220981e-04 6.528103e-04 6.391938e-04 5.742903e-04
4.504819e+01 6.039291e-04 6.323270e-04 6.236963e-04 5.557639e-04
4.510019e+01 5.843759e-04 6.118629e-04 6.050075e-04 5.362573e-04
4.515219e+01 5.637498e-04 5.919880e-04 5.830445e-04 5.162167e-04
4.520419e+01 5.423858e-04 5.729451e-04 5.579839e-04 4.962285e-04
4.525619e+01 5.206654e-04 5.547285e-04 5.303122e-04 4.769554e-04
4.530819e+01 4.990157e-04 5.371944e-04 5.008329e-04 4.590197e-04
4.536019e+01 4.778851e-04 5.201585e-04 4.706214e-04 4.428753e-04
4.541219e+01 4.577017e-04 5.034613e-04 4.409256e-04 4.287183e-04
4.546419e+01 4.388317e-04 4.870005e-04 4.130183e-04 4.164763e-04
4.551619e+01 4.215490e-04 4.707448e-04 3.880242e-04 4.058781e-04
4.556819e+01 4.060230e-04 4.547393e-04 3.667564e-04 3.965734e-04
4.562019e+01 3.923196e-04 4.391078e-04 3.495982e-04 3.882528e-04
4.567219e+01 3.804106e-04 4.240452e-04 3.364630e-04 3.807237e-04
4.572419e+01 3.701869e-04 4.097918e-04 3.268454e-04 3.739235e-04
4.577619e+01 3.614748e-04 3.965870e-04 3.199558e-04 3.678814e-04
4.582819e+01 3.540582e-04 3.846164e-04 3.149041e-04 3.626540e-04
4.588019e+01 3.477053e-04 3.739755e-04 3.108801e-04 3.582603e-04
4.593219e+01 3.421937e-04 3.646683e-04 3.072806e-04 3.546321e-04
4.598419e+01 3.373259e-04 3.566424e-04 3.037490e-04 3.515863e-04
4.603619e+01 3.329334e-04 3.498412e-04 3.001338e-04 3.488252e-04
4.608819e+01 3.288728e-04 3.442416e-04 2.964031e-04 3.459737e-04
4.614019e+01 3.250254e-04 3.398570e-04 2.925688e-04 3.426505e-04
4.619219e+01 3.213071e-04 3.367076e-04 2.886561e-04 3.385575e-04
4.624419e+01 3.176845e-04 3.347782e-04 2.847202e-04 3.335552e-04
4.629619e+01 3.141861e-04 3.339887e-04 2.808789e-04 3.276908e-04
4.634819e+01 3.108900e-04 3.341852e-04 2.773209e-04 3.211638e-04
4.640019e+01 3.078854e-04 3.351448e-04 2.742688e-04 3.142425e-04
4.645219e+01 3.052167e-04 3.365768e-04 2.719066e-04 3.071666e-04
4.650419e+01 3.028343e-04 3.381169e-04 2.703074e-04 3.000786e-04
4.655619e+01 3.005765e-04 3.393227e-04 2.693974e-04 2.930094e-04
4.660819e+01 2.981951e-04 3.396907e-04 2.689759e-04 2.859186e-04
4.666019e+01 2.954202e-04 3.387115e-04 2.687797e-04 2.787693e-04
4.671219e+01 2.920431e-04 3.359602e-04 2.685661e-04 2.716028e-04
4.676419e+01 2.879908e-04 3.312054e-04 2.681836e-04 2.645834e-04
4.681619e+01 2.833734e-04 3.245074e-04 2.676148e-04 2.579980e-04
4.686819e+01 2.784945e-04 3.162769e-04 2.669921e-04 2.522143e-04
4.692019e+01 2.738298e-04 3.072721e-04 2.665967e-04 2.476206e-04
4.697219e+01 2.699824e-04 2.985234e-04 2.668487e-04 2.445751e-04
4.702419e+01 2.676201e-04 2.911881e-04 2.682848e-04 2.433874e-04
4.707619e+01 2.673988e-04 2.863566e-04 2.715114e-04 2.443283e-04
4.712819e+01 2.698720e-04 2.848490e-04 2.771192e-04 2.476478e-04
4.718019e+01 2.753962e-04 2.870558e-04 2.855649e-04 2.535680e-04
4.723219e+01 2.840519e-04 2.928753e-04 2.970446e-04 2.622359e-04
4.728419e+01 2.956084e-04 3.017750e-04 3.114042e-04 2.736460e-04
4.733619e+01 3.095567e-04 3.129717e-04 3.281280e-04 2.875704e-04
4.738819e+01 3.252104e-04 3.256743e-04 3.464233e-04 3.035337e-04
4.744019e+01 3.418480e-04 3.393088e-04 3.653803e-04 3.208549e-04
4.749219e+01 3.588463e-04 3.536433e-04 3.841529e-04 3.387426e-04
4.754419e+01 3.757581e-04 3.687681e-04 4.020949e-04 3.564112e-04
4.759619e+01 3.923108e-04 3.849446e-04 4.188080e-04 3.731798e-04
4.764819e+01 4.083443e-04 4.023937e-04 4.341025e-04 3.885367e-04
4.770019e+01 4.237333e-04 4.211173e-04 4.479114e-04 4.021713e-04
4.775219e+01 4.383432e-04 4.408264e-04 4.602146e-04 4.139885e-04
4.780419e+01 4.520389e-04 4.609928e-04 4.710093e-04 4.241146e-04
4.785619e+01 4.647335e-04 4.809803e-04 4.803280e-04 4.328923e-04
4.790819e+01 4.764314e-04 5.001762e-04 4.882698e-04 4.408481e-04
4.796019e+01 4.872297e-04 5.180605e-04 4.950097e-04 4.486189e-04
4.801219e+01 4.972656e-04 5.341933e-04 5.007660e-04 4.568374e-04
4.806419e+01 5.066317e-04 5.481553e-04 5.057421e-04 4.659977e-04
4.811619e+01 5.153052e-04 5.595058e-04 5.100733e-04 4.763366e-04
4.816819e+01 5.231274e-04 5.678070e-04 5.138089e-04 4.877664e-04
4.822019e+01 5.298462e-04 5.727255e-04 5.169376e-04 4.998756e-04
4.827219e+01 5.352013e-04 5.741726e-04 5.194391e-04 5.119921e-04
4.832419e+01 5.390114e-04 5.724196e-04 5.213336e-04 5.232812e-04
4.837619e+01 5.412285e-04 5.681263e-04 5.227039e-04 5.328554e-04
4.842819e+01 5.419421e-04 5.622577e-04 5.236854e-04 5.398831e-04
4.848019e+01 5.413455e-04 5.559030e-04 5.244345e-04 5.436992e-04
4.853219e+01 5.396865e-04 5.500515e-04 5.250936e-04 5.439144e-04
4.858419e+01 5.372201e-04 5.453910e-04 5.257642e-04 5.405051e-04
4.863619e+01 5.341720e-04 5.421877e-04 5.264862e-04 5.338423e-04
4.868819e+01 5.307069e-04 5.402759e-04 5.272162e-04 5.246284e-04
4.874019e+01 5.268997e-04 5.391510e-04 5.278069e-04 5.137412e-04
4.879219e+01 5.227181e-04 5.381281e-04 5.279948e-04 5.020314e-04
4.884419e+01 5.180274e-04 5.365161e-04 5.274164e-04 4.901498e-04
4.889619e+01 5.126309e-04 5.337655e-04 5.256589e-04 4.784683e-04
4.894819e+01 5.063376e-04 5.295654e-04 5.223361e-04 4.671112e-04
4.900019e+01 4.990383e-04 5.238866e-04 5.171631e-04 4.560652e-04
4.905219e+01 4.907611e-04 5.169776e-04 5.100031e-04 4.453025e-04
4.910419e+01 4.816837e-04 5.093190e-04 5.008721e-04 4.348600e-04
4.915619e+01 4.720987e-04 5.015376e-04 4.899094e-04 4.248489e-04
4.920819e+01 4.623447e-04 4.942892e-04 4.773371e-04 4.154078e-04
4.926019e+01 4.527292e-04 4.881252e-04 4.634303e-04 4.066322e-04
4.931219e+01 4.434653e-04 4.833706e-04 4.485072e-04 3.985181e-04
4.936419e+01 4.346403e-04 4.800451e-04 4.329325e-04 3.909432e-04
4.941619e+01 4.262163e-04 4.778431e-04 4.171158e-04 3.836899e-04
4.946819e+01 4.180574e-04 4.761797e-04 4.014920e-04 3.765005e-04
4.952019e+01 4.099707e-04 4.742890e-04 3.864803e-04 3.691427e-04
4.957219e+01 4.017520e-04 4.713606e-04 3.724308e-04 3.614647e-04
4.962419e+01 3.932311e-04 4.666936e-04 3.595771e-04 3.534227e-04
4.967619e+01 3.843104e-04 4.598413e-04 3.480129e-04 3.450768e-04
4.972819e+01 3.749949e-04 4.507170e-04 3.377023e-04 3.365653e-04
4.978019e+01 3.654063e-04 4.396266e-04 3.285242e-04 3.280681e-04
4.983219e+01 3.557772e-04 4.272160e-04 3.203371e-04 3.197785e-04
4.988419e+01 3.464256e-04 4.143440e-04 3.130459e-04 3.118869e-04
4.993619e+01 3.377166e-04 4.019184e-04 3.066499e-04 3.045815e-04
4.998819e+01 3.300209e-04 3.907452e-04 3.012603e-04 2.980573e-04
5.004019e+01 3.236783e-04 3.814228e-04 2.970860e-04 2.925260e-04
5.009219e+01 3.189695e-04 3.742969e-04 2.943947e-04 2.882168e-04
5.014419e+01 3.160958e-04 3.694669e-04 2.934585e-04 2.853620e-04
5.019619e+01 3.151626e-04 3.668257e-04 2.944956e-04 2.841664e-04
5.024819e+01 3.161664e-04 3.661175e-04 2.976136e-04 2.847680e-04
5.030019e+01 3.189859e-04 3.669965e-04 3.027616e-04 2.871995e-04
5.035219e+01 3.233803e-04 3.690784e-04 3.097005e-04 2.913620e-04
5.040419e+01 3.289979e-04 3.719779e-04 3.179977e-04 2.970179e-04
5.045619e+01 3.353977e-04 3.753338e-04 3.270557e-04 3.038036e-04
5.050819e+01 3.420868e-04 3.788251e-04 3.361734e-04 3.112619e-04
5.056019e+01 3.485710e-04 3.821869e-04 3.446356e-04 3.188904e-04
5.061219e+01 3.544122e-04 3.852229e-04 3.518142e-04 3.261996e-04
5.066419e+01 3.592792e-04 3.878111e-04 3.572591e-04 3.327675e-04
5.071619e+01 3.629773e-04 3.898964e-04 3.607573e-04 3.382783e-04
5.076819e+01 3.654484e-04 3.914686e-04 3.623436e-04 3.425332e-04
5.082019e+01 3.667429e-04 3.925357e-04 3.622591e-04 3.454338e-04
5.087219e+01 3.669726e-04 3.931013e-04 3.608674e-04 3.469490e-04
5.092419e+01 3.662622e-04 3.931516e-04 3.585518e-04 3.470831e-04
5.097619e+01 3.647138e-04 3.926541e-04 3.556240e-04 3.458632e-04
5.102819e+01 3.623949e-04 3.915620e-04 3.522720e-04 3.433508e-04
5.108019e+01 3.593533e-04 3.898264e-04 3.485621e-04 3.396714e-04
5.113219e+01 3.556517e-04 3.874159e-04 3.444927e-04 3.350465e-04
5.118419e+01 3.514105e-04 3.843438e-04 3.400775e-04 3.298102e-04
5.123619e+01 3.468403e-04 3.806980e-04 3.354221e-04 3.244008e-04
5.128819e+01 3.422509e-04 3.766616e-04 3.307634e-04 3.193275e-04
5.134019e+01 3.380303e-04 3.725144e-04 3.264535e-04 3.151231e-04
5.139219e+01 3.345988e-04 3.686115e-04 3.228958e-04 3.122891e-04
5.144419e+01 3.323464e-04 3.653395e-04 3.204600e-04 3.112396e-04
5.149619e+01 3.315693e-04 3.630598e-04 3.194078e-04 3.122403e-04
5.154819e+01 3.324162e-04 3.620495e-04 3.198527e-04 3.153465e-04
5.160019e+01 3.348544e-04 3.624553e-04 3.217585e-04 3.203495e-04
5.165219e+01 3.386653e-04 3.642727e-04 3.249669e-04 3.267562e-04
5.170419e+01 3.434744e-04 3.673560e-04 3.292400e-04 3.338272e-04
5.175619e+01 3.488178e-04 3.714548e-04 3.343071e-04 3.406916e-04
5.180819e+01 3.542328e-04 3.762637e-04 3.399104e-04 3.465245e-04
5.186019e+01 3.593520e-04 3.814665e-04 3.458435e-04 3.507460e-04
5.191219e+01 3.639721e-04 3.867698e-04 3.519732e-04 3.531731e-04
5.196419e+01 3.680712e-04 3.919234e-04 3.582295e-04 3.540607e-04
5.201619e+01 3.717668e-04 3.967376e-04 3.645605e-04 3.540024e-04
5.206819e+01 3.752265e-04 4.011016e-04 3.708619e-04 3.537158e-04
5.212019e+01 3.785676e-04 4.049975e-04 3.769150e-04 3.537903e-04
5.217219e+01 3.817871e-04 4.084997e-04 3.823677e-04 3.544938e-04
5.222419e+01 3.847501e-04 4.117477e-04 3.867880e-04 3.557147e-04
5.227619e+01 3.872461e-04 4.148970e-04 3.897844e-04 3.570569e-04
5.232819e+01 3.890912e-04 4.180705e-04 3.911571e-04 3.580459e-04
5.238019e+01 3.902399e-04 4.213369e-04 3.910226e-04 3.583603e-04
5.243219e+01 3.908640e-04 4.247325e-04 3.898576e-04 3.580020e-04
5.248419e+01 3.913658e-04 4.283147e-04 3.884379e-04 3.573447e-04
5.253619e+01 3.923139e-04 4.322092e-04 3.876819e-04 3.570504e-04
5.258819e+01 3.943153e-04 4.366135e-04 3.884462e-04 3.578863e-04
5.264019e+01 3.978592e-04 4.417407e-04 3.913313e-04 3.605055e-04
5.269219e+01 4.031818e-04 4.477309e-04 3.965530e-04 3.652614e-04
5.274419e+01 4.101975e-04 4.545760e-04 4.039072e-04 3.721092e-04
5.279619e+01 4.185199e-04 4.621048e-04 4.128341e-04 3.806210e-04
5.284819e+01 4.275640e-04 4.700365e-04 4.225545e-04 3.901012e-04
5.290019e+01 4.366920e-04 4.780732e-04 4.322393e-04 3.997635e-04
5.295219e+01 4.453521e-04 4.859797e-04 4.411681e-04 4.089087e-04
5.300419e+01 4.531689e-04 4.936144e-04 4.488409e-04 4.170515e-04
5.305619e+01 4.599667e-04 5.009109e-04 4.550272e-04 4.239621e-04
5.310819e+01 4.657389e-04 5.078407e-04 4.597514e-04 4.296246e-04
5.316019e+01 4.705901e-04 5.143977e-04 4.632282e-04 4.341445e-04
5.321219e+01 4.746765e-04 5.206138e-04 4.657641e-04 4.376516e-04
5.326419e+01 4.781580e-04 5.265875e-04 4.676449e-04 4.402416e-04
5.331619e+01 4.811614e-04 5.324816e-04 4.690316e-04 4.419710e-04
5.336819e+01 4.837522e-04 5.384682e-04 4.698950e-04 4.428933e-04
5.342019e+01 4.859168e-04 5.446313e-04 4.700169e-04 4.431021e-04
5.347219e+01 4.875657e-04 5.508756e-04 4.690736e-04 4.427479e-04
5.352419e+01 4.885652e-04 5.568947e-04 4.667837e-04 4.420172e-04
5.357619e+01 4.887949e-04 5.622272e-04 4.630736e-04 4.410839e-04
5.362819e+01 4.882148e-04 5.663831e-04 4.581960e-04 4.400653e-04
5.368019e+01 4.869175e-04 5.689930e-04 4.527481e-04 4.390113e-04
5.373219e+01 4.851430e-04 5.699190e-04 4.475727e-04 4.379373e-04
5.378419e+01 4.832469e-04 5.692908e-04 4.435665e-04 4.368832e-04
5.383619e+01 4.816248e-04 5.674562e-04 4.414531e-04 4.359652e-04
5.388819e+01 4.806151e-04 5.648685e-04 4.415896e-04 4.353874e-04
5.394019e+01 4.804070e-04 5.619491e-04 4.438677e-04 4.354041e-04
5.399219e+01 4.809861e-04 5.589738e-04 4.477393e-04 4.362451e-04
5.404419e+01 4.821413e-04 5.560214e-04 4.523648e-04 4.380377e-04
5.409619e+01 4.835336e-04 5.530077e-04 4.568378e-04 4.407554e-04
5.414819e+01 4.848069e-04 5.497913e-04 4.604185e-04 4.442110e-04
5.420019e+01 4.856991e-04 5.463001e-04 4.627047e-04 4.480925e-04
5.425219e+01 4.861107e-04 5.426167e-04 4.636914e-04 4.520241e-04
5.430419e+01 4.861062e-04 5.389717e-04 4.637139e-04 4.556331e-04
5.435619e+01 4.858509e-04 5.356477e-04 4.633037e-04 4.586014e-04
5.440819e+01 4.855142e-04 5.328415e-04 4.630104e-04 4.606907e-04
5.446019e+01 4.851769e-04 5.305554e-04 4.632391e-04 4.617362e-04
5.451219e+01 4.847743e-04 5.285658e-04 4.641397e-04 4.616175e-04
5.456419e+01 4.840891e-04 5.264760e-04 4.655639e-04 4.602274e-04
5.461619e+01 4.827872e-04 5.238143e-04 4.670877e-04 4.574597e-04
5.466819e+01 4.804857e-04 5.201318e-04 4.680922e-04 4.532331e-04
5.472019e+01 4.768346e-04 5.150718e-04 4.678846e-04 4.475473e-04
5.477219e+01 4.715987e-04 5.084108e-04 4.658364e-04 4.405488e-04
5.482419e+01 4.647233e-04 5.000887e-04 4.615110e-04 4.325703e-04
5.487619e+01 4.563686e-04 4.902378e-04 4.547522e-04 4.241158e-04
5.492819e+01 4.468982e-04 4.792012e-04 4.457112e-04 4.157821e-04
5.498019e+01 4.368183e-04 4.675165e-04 4.348047e-04 4.081337e-04
5.503219e+01 4.266770e-04 4.558453e-04 4.226197e-04 4.015660e-04
5.508419e+01 4.169478e-04 4.448514e-04 4.097937e-04 3.961983e-04
5.513619e+01 4.079322e-04 4.350587e-04 3.969100e-04 3.918280e-04
5.518819e+01 3.997116e-04 4.267344e-04 3.844360e-04 3.879645e-04
5.524019e+01 3.921643e-04 4.198409e-04 3.727121e-04 3.839400e-04
5.529219e+01 3.850408e-04 4.140732e-04 3.619738e-04 3.790755e-04
5.534419e+01 3.780697e-04 4.089687e-04 3.523755e-04 3.728648e-04
5.539619e+01 3.710567e-04 4.040508e-04 3.439902e-04 3.651293e-04
5.544819e+01 3.639468e-04 3.989564e-04 3.367846e-04 3.560993e-04
5.550019e+01 3.568317e-04 3.935100e-04 3.305927e-04 3.463924e-04
5.555219e+01 3.499135e-04 3.877286e-04 3.251222e-04 3.368897e-04
5.560419e+01 3.434424e-04 3.817693e-04 3.200162e-04 3.285418e-04
5.565619e+01 3.376588e-04 3.758514e-04 3.149633e-04 3.221617e-04
5.570819e+01 3.327564e-04 3.701837e-04 3.098178e-04 3.182676e-04
5.576019e+01 3.288732e-04 3.649220e-04 3.046812e-04 3.170165e-04
5.581219e+01 3.261030e-04 3.601628e-04 2.999050e-04 3.182413e-04
5.586419e+01 3.245118e-04 3.559613e-04 2.960106e-04 3.215636e-04
5.591619e+01 3.241464e-04 3.523569e-04 2.935489e-04 3.265334e-04
5.596819e+01 3.250278e-04 3.493897e-04 2.929476e-04 3.327463e-04
5.602019e+01 3.271328e-04 3.471007e-04 2.943903e-04 3.399073e-04
5.607219e+01 3.303724e-04 3.455233e-04 2.977578e-04 3.478362e-04
5.612419e+01 3.345815e-04 3.446756e-04 3.026385e-04 3.564305e-04
5.617619e+01 3.395245e-04 3.445628e-04 3.084016e-04 3.656090e-04
5.622819e+01 3.449163e-04 3.451850e-04 3.143105e-04 3.752534e-04
5.628019e+01 3.504498e-04 3.465368e-04 3.196536e-04 3.851590e-04
5.633219e+01 3.558185e-04 3.485866e-04 3.238661e-04 3.950030e-04
5.638419e+01 3.607330e-04 3.512394e-04 3.266195e-04 4.043402e-04
5.643619e+01 3.649367e-04 3.543010e-04 3.278657e-04 4.126432e-04
5.648819e+01 3.682297e-04 3.574729e-04 3.278268e-04 4.193893e-04
5.654019e+01 3.705042e-04 3.603942e-04 3.269374e-04 4.241809e-04
5.659219e+01 3.717787e-04 3.627257e-04 3.257497e-04 4.268605e-04
5.664419e+01 3.722121e-04 3.642446e-04 3.248212e-04 4.275705e-04
5.669619e+01 3.720800e-04 3.649081e-04 3.246075e-04 4.267245e-04
5.674819e+01 3.717106e-04 3.648562e-04 3.253828e-04 4.248929e-04
5.680019e+01 3.713989e-04 3.643479e-04 3.272077e-04 4.226412e-04
5.685219e+01 3.713270e-04 3.636525e-04 3.299473e-04 4.203813e-04
5.690419e+01 3.715176e-04 3.629395e-04 3.333293e-04 4.182840e-04
5.695619e+01 3.718327e-04 3.622099e-04 3.370151e-04 4.162732e-04
5.700819e+01 3.720156e-04 3.612958e-04 3.406570e-04 4.140940e-04
5.706019e+01 3.717608e-04 3.599311e-04 3.439294e-04 4.114220e-04
5.711219e+01 3.707961e-04 3.578669e-04 3.465393e-04 4.079823e-04
5.716419e+01 3.689573e-04 3.549897e-04 3.482382e-04 4.036439e-04
5.721619e+01 3.662375e-04 3.513969e-04 3.488489e-04 3.984666e-04
5.726819e+01 3.627981e-04 3.474021e-04 3.483066e-04 3.926857e-04
5.732019e+01 3.589345e-04 3.434698e-04 3.466933e-04 3.866405e-04
5.737219e+01 3.550061e-04 3.401056e-04 3.442410e-04 3.806719e-04
5.742419e+01 3.513529e-04 3.377416e-04 3.412911e-04 3.750258e-04
5.747619e+01 3.482257e-04 3.366542e-04 3.382215e-04 3.698015e-04
5.752819e+01 3.457510e-04 3.369273e-04 3.353666e-04 3.649590e-04
5.758019e+01 3.439328e-04 3.384588e-04 3.329617e-04 3.603780e-04
5.763219e+01 3.426832e-04 3.409906e-04 3.311239e-04 3.559350e-04
5.768419e+01 3.418600e-04 3.441466e-04 3.298703e-04 3.515631e-04
5.773619e+01 3.412977e-04 3.474720e-04 3.291522e-04 3.472689e-04
5.778819e+01 3.408227e-04 3.504721e-04 3.288885e-04 3.431075e-04
5.784019e+01 3.402549e-04 3.526527e-04 3.289810e-04 3.391311e-04
5.789219e+01 3.394003e-04 3.535545e-04 3.293078e-04 3.353385e-04
5.794419e+01 3.380373e-04 3.527748e-04 3.296955e-04 3.316418e-04
5.799619e+01 3.358971e-04 3.499659e-04 3.298757e-04 3.278496e-04
5.804819e+01 3.326351e-04 3.448128e-04 3.294359e-04 3.236565e-04
5.810019e+01 3.278008e-04 3.369993e-04 3.277782e-04 3.186249e-04
5.815219e+01 3.208195e-04 3.261835e-04 3.241102e-04 3.121647e-04
5.820419e+01 3.110095e-04 3.120055e-04 3.174890e-04 3.035339e-04
5.825619e+01 2.976600e-04 2.941449e-04 3.069393e-04 2.918958e-04
5.830819e+01 2.801750e-04 2.724300e-04 2.916387e-04 2.764565e-04
