6.469477e+00 0.000000e+00 0.000000e+00 0.000000e+00 0.000000e+00
6.521477e+00 0.000000e+00 0.000000e+00 0.000000e+00 0.000000e+00
6.573477e+00 0.000000e+00 0.000000e+00 0.000000e+00 0.000000e+00
6.625477e+00 0.000000e+00 0.000000e+00 0.000000e+00 0.000000e+00
6.677477e+00 0.000000e+00 0.000000e+00 0.000000e+00 0.000000e+00
6.729477e+00 0.000000e+00 0.000000e+00 0.000000e+00 0.000000e+00
6.781477e+00 0.000000e+00 0.000000e+00 0.000000e+00 0.000000e+00
6.833477e+00 0.000000e+00 0.000000e+00 0.000000e+00 0.000000e+00
6.885477e+00 0.000000e+00 0.000000e+00 0.000000e+00 0.000000e+00
6.937477e+00 0.000000e+00 0.000000e+00 0.000000e+00 0.000000e+00
6.989477e+00 0.000000e+00 0.000000e+00 0.000000e+00 0.000000e+00
7.041477e+00 0.000000e+00 0.000000e+00 0.000000e+00 0.000000e+00
7.093477e+00 0.000000e+00 0.000000e+00 0.000000e+00 0.000000e+00
7.145477e+00 0.000000e+00 0.000000e+00 0.000000e+00 0.000000e+00
7.197477e+00 0.000000e+00 0.000000e+00 0.000000e+00 0.000000e+00
7.249477e+00 0.000000e+00 0.000000e+00 0.000000e+00 0.000000e+00
7.301477e+00 0.000000e+00 0.000000e+00 0.000000e+00 0.000000e+00
7.353477e+00 0.000000e+00 0.000000e+00 0.000000e+00 0.000000e+00
7.405477e+00 0.000000e+00 0.000000e+00 0.000000e+00 0.000000e+00
7.457477e+00 0.000000e+00 0.000000e+00 0.000000e+00 0.000000e+00
7.509477e+00 0.000000e+00 0.000000e+00 0.000000e+00 0.000000e+00
7.561477e+00 0.000000e+00 0.000000e+00 0.000000e+00 0.000000e+00
7.613477e+00 0.000000e+00 0.000000e+00 0.000000e+00 0.000000e+00
7.665477e+00 0.000000e+00 0.000000e+00 0.000000e+00 0.000000e+00
7.717477e+00 0.000000e+00 0.000000e+00 0.000000e+00 0.000000e+00
7.769477e+00 0.000000e+00 0.000000e+00 0.000000e+00 0.000000e+00
7.821477e+00 0.000000e+00 0.000000e+00 0.000000e+00 0.000000e+00
7.873477e+00 0.000000e+00 0.000000e+00 0.000000e+00 0.000000e+00
7.925477e+00 0.000000e+00 0.000000e+00 0.000000e+00 0.000000e+00
7.977477e+00 0.000000e+00 0.000000e+00 0.000000e+00 0.000000e+00
8.029477e+00 0.000000e+00 0.000000e+00 0.000000e+00 0.000000e+00
8.081477e+00 0.000000e+00 0.000000e+00 0.000000e+00 0.000000e+00
8.133477e+00 0.000000e+00 0.000000e+00 0.000000e+00 0.000000e+00
8.185477e+00 0.000000e+00 0.000000e+00 0.000000e+00 0.000000e+00
8.237477e+00 0.000000e+00 0.000000e+00 0.000000e+00 0.000000e+00
8.289477e+00 0.000000e+00 0.000000e+00 0.000000e+00 0.000000e+00
8.341477e+00 0.000000e+00 0.000000e+00 0.000000e+00 0.000000e+00
8.393477e+00 0.000000e+00 0.000000e+00 0.000000e+00 0.000000e+00
8.445477e+00 0.000000e+00 0.000000e+00 0.000000e+00 0.000000e+00
8.497477e+00 0.000000e+00 0.000000e+00 0.000000e+00 0.000000e+00
8.549477e+00 0.000000e+00 0.000000e+00 0.000000e+00 0.000000e+00
8.601477e+00 0.000000e+00 0.000000e+00 0.000000e+00 0.000000e+00
8.653477e+00 0.000000e+00 0.000000e+00 0.000000e+00 0.000000e+00
8.705477e+00 0.000000e+00 0.000000e+00 0.000000e+00 0.000000e+00
8.757477e+00 0.000000e+00 0.000000e+00 0.000000e+00 0.000000e+00
8.809477e+00 0.000000e+00 0.000000e+00 0.000000e+00 0.000000e+00
8.861477e+00 0.000000e+00 0.000000e+00 0.000000e+00 0.000000e+00
8.913477e+00 0.000000e+00 0.000000e+00 0.000000e+00 0.000000e+00
8.965477e+00 0.000000e+00 0.000000e+00 0.000000e+00 0.000000e+00
9.017477e+00 0.000000e+00 0.000000e+00 0.000000e+00 0.000000e+00
9.069477e+00 0.000000e+00 0.000000e+00 0.000000e+00 0.000000e+00
9.121477e+00 0.000000e+00 0.000000e+00 0.000000e+00 0.000000e+00
9.173477e+00 0.000000e+00 0.000000e+00 0.000000e+00 0.000000e+00
9.225477e+00 0.000000e+00 0.000000e+00 0.000000e+00 0.000000e+00
9.277477e+00 0.000000e+00 0.000000e+00 0.000000e+00 0.000000e+00
9.329477e+00 0.000000e+00 0.000000e+00 0.000000e+00 0.000000e+00
9.381477e+00 0.000000e+00 0.000000e+00 0.000000e+00 0.000000e+00
9.433477e+00 0.000000e+00 0.000000e+00 0.000000e+00 0.000000e+00
9.485477e+00 0.000000e+00 0.000000e+00 0.000000e+00 0.000000e+00
9.537477e+00 0.000000e+00 0.000000e+00 0.000000e+00 0.000000e+00
9.589477e+00 0.000000e+00 0.000000e+00 0.000000e+00 0.000000e+00
9.641477e+00 0.000000e+00 0.000000e+00 0.000000e+00 0.000000e+00
9.693477e+00 0.000000e+00 0.000000e+00 0.000000e+00 0.000000e+00
9.745477e+00 0.000000e+00 0.000000e+00 0.000000e+00 0.000000e+00
9.797477e+00 0.000000e+00 0.000000e+00 0.000000e+00 0.000000e+00
9.849477e+00 0.000000e+00 0.000000e+00 0.000000e+00 0.000000e+00
9.901477e+00 0.000000e+00 0.000000e+00 0.000000e+00 0.000000e+00
9.953477e+00 0.000000e+00 0.000000e+00 0.000000e+00 0.000000e+00
1.000548e+01 0.000000e+00 0.000000e+00 0.000000e+00 0.000000e+00
1.005748e+01 0.000000e+00 0.000000e+00 0.000000e+00 0.000000e+00
1.010948e+01 0.000000e+00 0.000000e+00 0.000000e+00 0.000000e+00
1.016148e+01 0.000000e+00 0.000000e+00 0.000000e+00 0.000000e+00
1.021348e+01 0.000000e+00 0.000000e+00 0.000000e+00 0.000000e+00
1.026548e+01 0.000000e+00 0.000000e+00 0.000000e+00 0.000000e+00
1.031748e+01 2.765994e-14 3.516215e-14 2.373916e-14 2.407852e-14
1.036948e+01 3.385393e-13 4.132217e-13 3.018551e-13 3.005410e-13
1.042148e+01 2.150033e-12 2.558633e-12 1.954666e-12 1.936800e-12
1.047348e+01 1.030361e-11 1.208901e-11 9.458666e-12 9.363160e-12
1.052548e+01 4.606554e-11 5.300765e-11 4.280666e-11 4.238232e-11
1.057748e+01 1.863142e-10 2.108995e-10 1.747473e-10 1.732959e-10
1.062948e+01 6.906852e-10 7.740567e-10 6.515895e-10 6.464095e-10
1.068148e+01 2.406650e-09 2.671396e-09 2.282901e-09 2.265652e-09
1.073348e+01 7.952320e-09 8.693992e-09 7.624590e-09 7.538377e-09
1.078548e+01 2.471623e-08 2.665577e-08 2.390239e-08 2.359054e-08
1.083748e+01 7.256080e-08 7.707577e-08 7.084534e-08 6.976130e-08
1.088948e+01 2.014942e-07 2.104288e-07 1.988641e-07 1.951897e-07
1.094148e+01 5.294630e-07 5.422151e-07 5.292315e-07 5.169425e-07
1.099348e+01 1.318276e-06 1.320070e-06 1.337333e-06 1.297427e-06
1.104548e+01 3.113974e-06 3.038857e-06 3.213843e-06 3.089222e-06
1.109748e+01 6.988377e-06 6.620894e-06 7.357620e-06 6.986616e-06
1.114948e+01 1.492398e-05 1.366905e-05 1.607424e-05 1.502866e-05
1.120148e+01 3.038097e-05 2.678341e-05 3.356735e-05 3.079215e-05
1.125348e+01 5.906518e-05 4.991413e-05 6.709699e-05 6.018441e-05
1.130548e+01 1.098681e-04 8.872108e-05 1.285009e-04 1.123824e-04
1.135748e+01 1.958586e-04 1.509448e-04 2.358782e-04 2.007528e-04
1.140948e+01 3.350473e-04 2.468537e-04 4.148693e-04 3.434189e-04
1.146148e+01 5.504133e-04 3.898511e-04 6.984640e-04 5.629247e-04
1.151348e+01 8.684249e-04 5.971781e-04 1.123835e-03 8.842614e-04
1.156548e+01 1.315180e-03 8.902171e-04 1.724777e-03 1.330544e-03
1.161748e+01 1.909612e-03 1.293278e-03 2.519454e-03 1.916103e-03
1.166948e+01 2.654250e-03 1.829329e-03 3.495557e-03 2.637864e-03
1.172148e+01 3.525691e-03 2.511625e-03 4.597975e-03 3.467473e-03
1.177348e+01 4.468642e-03 3.332023e-03 5.725996e-03 4.347907e-03
1.182548e+01 5.397919e-03 4.249675e-03 6.745817e-03 5.198263e-03
1.187748e+01 6.211046e-03 5.186147e-03 7.518855e-03 5.928138e-03
1.192948e+01 6.810022e-03 6.032720e-03 7.938547e-03 6.458799e-03
1.198148e+01 7.125952e-03 6.671539e-03 7.962170e-03 6.744147e-03
1.203348e+01 7.137347e-03 7.005489e-03 7.623829e-03 6.782723e-03
1.208548e+01 6.874150e-03 6.985940e-03 7.021771e-03 6.614738e-03
1.213748e+01 6.405262e-03 6.626675e-03 6.284561e-03 6.304551e-03
1.218948e+01 5.814734e-03 5.997837e-03 5.530324e-03 5.916040e-03
1.224148e+01 5.176901e-03 5.202855e-03 4.835882e-03 5.491964e-03
1.229348e+01 4.540593e-03 4.348791e-03 4.226771e-03 5.046218e-03
1.234548e+01 3.927233e-03 3.522175e-03 3.688494e-03 4.571030e-03
1.239748e+01 3.340408e-03 2.777777e-03 3.189901e-03 4.053545e-03
1.244948e+01 2.779555e-03 2.140393e-03 2.706031e-03 3.492242e-03
1.250148e+01 2.250048e-03 1.614216e-03 2.230857e-03 2.905072e-03
1.255348e+01 1.765715e-03 1.193111e-03 1.777316e-03 2.326717e-03
1.260548e+01 1.344688e-03 8.675476e-04 1.368397e-03 1.798119e-03
1.265748e+01 1.002589e-03 6.274131e-04 1.025904e-03 1.354451e-03
1.270948e+01 7.472004e-04 4.622802e-04 7.624634e-04 1.016858e-03
1.276148e+01 5.767839e-04 3.610713e-04 5.790682e-04 7.902121e-04
1.281348e+01 4.817947e-04 3.122217e-04 4.672921e-04 6.658702e-04
1.286548e+01 4.483106e-04 3.044295e-04 4.137400e-04 6.267623e-04
1.291748e+01 4.614115e-04 3.275643e-04 4.043733e-04 6.522969e-04
1.296948e+01 5.074940e-04 3.733275e-04 4.273958e-04 7.217588e-04
1.302148e+01 5.753977e-04 4.355321e-04 4.744739e-04 8.161871e-04
1.307348e+01 6.567452e-04 5.100820e-04 5.407033e-04 9.194503e-04
1.312548e+01 7.459753e-04 5.947733e-04 6.238940e-04 1.019259e-03
1.317748e+01 8.403224e-04 6.889653e-04 7.236272e-04 1.108375e-03
1.322948e+01 9.397183e-04 7.930714e-04 8.403731e-04 1.185710e-03
1.328148e+01 1.046437e-03 9.078200e-04 9.748323e-04 1.256659e-03
1.333348e+01 1.164341e-03 1.033337e-03 1.127579e-03 1.332108e-03
1.338548e+01 1.297780e-03 1.168283e-03 1.299008e-03 1.426049e-03
1.343748e+01 1.450435e-03 1.309447e-03 1.489583e-03 1.552274e-03
1.348948e+01 1.624585e-03 1.452217e-03 1.700407e-03 1.721133e-03
1.354148e+01 1.821263e-03 1.592199e-03 1.934252e-03 1.937338e-03
1.359348e+01 2.041484e-03 1.727837e-03 2.197058e-03 2.199556e-03
1.364548e+01 2.288245e-03 1.863338e-03 2.499521e-03 2.501877e-03
1.369748e+01 2.568346e-03 2.010751e-03 2.857715e-03 2.836572e-03
1.374948e+01 2.892678e-03 2.189848e-03 3.291186e-03 3.197000e-03
1.380148e+01 3.273799e-03 2.424875e-03 3.817287e-03 3.579234e-03
1.385348e+01 3.720471e-03 2.738169e-03 4.441945e-03 3.981299e-03
1.390548e+01 4.230381e-03 3.141944e-03 5.149396e-03 4.399803e-03
1.395748e+01 4.783658e-03 3.630655e-03 5.895301e-03 4.825017e-03
1.400948e+01 5.340428e-03 4.176797e-03 6.607841e-03 5.236646e-03
1.406148e+01 5.844743e-03 4.732335e-03 7.199014e-03 5.602879e-03
1.411348e+01 6.234963e-03 5.236320e-03 7.584158e-03 5.884409e-03
1.416548e+01 6.457951e-03 5.627143e-03 7.703659e-03 6.043050e-03
1.421748e+01 6.482477e-03 5.856046e-03 7.539106e-03 6.052278e-03
1.426948e+01 6.307165e-03 5.897849e-03 7.117956e-03 5.905690e-03
1.432148e+01 5.960231e-03 5.755600e-03 6.505249e-03 5.619843e-03
1.437348e+01 5.491337e-03 5.457893e-03 5.785962e-03 5.230158e-03
1.442548e+01 4.958739e-03 5.050087e-03 5.044630e-03 4.781500e-03
1.447748e+01 4.416213e-03 4.582639e-03 4.348886e-03 4.317114e-03
1.452948e+01 3.903742e-03 4.100404e-03 3.740921e-03 3.869900e-03
1.458148e+01 3.443919e-03 3.635898e-03 3.237301e-03 3.458558e-03
1.463348e+01 3.043764e-03 3.207691e-03 2.834777e-03 3.088823e-03
1.468548e+01 2.699910e-03 2.823076e-03 2.518583e-03 2.758072e-03
1.473748e+01 2.404597e-03 2.482887e-03 2.270096e-03 2.460808e-03
1.478948e+01 2.150324e-03 2.186073e-03 2.072054e-03 2.192845e-03
1.484148e+01 1.932137e-03 1.932366e-03 1.910887e-03 1.953158e-03
1.489348e+01 1.747586e-03 1.722569e-03 1.776743e-03 1.743447e-03
1.494548e+01 1.595219e-03 1.557068e-03 1.662311e-03 1.566277e-03
1.499748e+01 1.472739e-03 1.433799e-03 1.561523e-03 1.422893e-03
1.504948e+01 1.375811e-03 1.346913e-03 1.468856e-03 1.311665e-03
1.510148e+01 1.297980e-03 1.286845e-03 1.379415e-03 1.227679e-03
1.515348e+01 1.231628e-03 1.241853e-03 1.289534e-03 1.163498e-03
1.520548e+01 1.169508e-03 1.200416e-03 1.197382e-03 1.110725e-03
1.525748e+01 1.106194e-03 1.153638e-03 1.103175e-03 1.061770e-03
1.530948e+01 1.038985e-03 1.096855e-03 1.008858e-03 1.011242e-03
1.536148e+01 9.680038e-04 1.029992e-03 9.173998e-04 9.566190e-04
1.541348e+01 8.956077e-04 9.567094e-04 8.319889e-04 8.981249e-04
1.546548e+01 8.253730e-04 8.827128e-04 7.553694e-04 8.380367e-04
1.551748e+01 7.610158e-04 8.138577e-04 6.894591e-04 7.797305e-04
1.556948e+01 7.055365e-04 7.545874e-04 6.352444e-04 7.267778e-04
1.562148e+01 6.607496e-04 7.070823e-04 5.928918e-04 6.822747e-04
1.567348e+01 6.272218e-04 6.712130e-04 5.619921e-04 6.484603e-04
1.572548e+01 6.045244e-04 6.451443e-04 5.418452e-04 6.265837e-04
1.577748e+01 5.916363e-04 6.262797e-04 5.316939e-04 6.169354e-04
1.582948e+01 5.873223e-04 6.121899e-04 5.308245e-04 6.189523e-04
1.588148e+01 5.903552e-04 6.012361e-04 5.385063e-04 6.313234e-04
1.593348e+01 5.995402e-04 5.927456e-04 5.538069e-04 6.520682e-04
1.598548e+01 6.135920e-04 5.867780e-04 5.753936e-04 6.786043e-04
1.603748e+01 6.309851e-04 5.836569e-04 6.014372e-04 7.078613e-04
1.608948e+01 6.498973e-04 5.834999e-04 6.296955e-04 7.364966e-04
1.614148e+01 6.683075e-04 5.859279e-04 6.577635e-04 7.612311e-04
1.619348e+01 6.842271e-04 5.900273e-04 6.834030e-04 7.792511e-04
1.624548e+01 6.959781e-04 5.945222e-04 7.048363e-04 7.885758e-04
1.629748e+01 7.024207e-04 5.980581e-04 7.209177e-04 7.882864e-04
1.634948e+01 7.030764e-04 5.994984e-04 7.311657e-04 7.785651e-04
1.640148e+01 6.981461e-04 5.981745e-04 7.356945e-04 7.605695e-04
1.645348e+01 6.884606e-04 5.940551e-04 7.351079e-04 7.362188e-04
1.650548e+01 6.753899e-04 5.878073e-04 7.303984e-04 7.079638e-04
1.655748e+01 6.607084e-04 5.807103e-04 7.228512e-04 6.785637e-04
1.660948e+01 6.463889e-04 5.743988e-04 7.139281e-04 6.508398e-04
1.666148e+01 6.343076e-04 5.704589e-04 7.051001e-04 6.273638e-04
1.671348e+01 6.258901e-04 5.699669e-04 6.976232e-04 6.100802e-04
1.676548e+01 6.217808e-04 5.731071e-04 6.922972e-04 5.999380e-04
1.681748e+01 6.216551e-04 5.790147e-04 6.892887e-04 5.966619e-04
1.686948e+01 6.242850e-04 5.859325e-04 6.881240e-04 5.987986e-04
1.692148e+01 6.279071e-04 5.916866e-04 6.879332e-04 6.041015e-04
1.697348e+01 6.308355e-04 5.943683e-04 6.879371e-04 6.102010e-04
1.702548e+01 6.321421e-04 5.930184e-04 6.880318e-04 6.153761e-04
1.707748e+01 6.321475e-04 5.880604e-04 6.892150e-04 6.191671e-04
1.712948e+01 6.324878e-04 5.812827e-04 6.935930e-04 6.225877e-04
1.718148e+01 6.356627e-04 5.753144e-04 7.038536e-04 6.278203e-04
1.723348e+01 6.441782e-04 5.727423e-04 7.223334e-04 6.374590e-04
1.728548e+01 6.595901e-04 5.751835e-04 7.500397e-04 6.535473e-04
1.733748e+01 6.818277e-04 5.826669e-04 7.860687e-04 6.767474e-04
1.738948e+01 7.091003e-04 5.935783e-04 8.277550e-04 7.059675e-04
1.744148e+01 7.384910e-04 6.052110e-04 8.716208e-04 7.386412e-04
1.749348e+01 7.670982e-04 6.147568e-04 9.148860e-04 7.716516e-04
1.754548e+01 7.933873e-04 6.204431e-04 9.570663e-04 8.026526e-04
1.759748e+01 8.183266e-04 6.225143e-04 1.001101e-03 8.313644e-04
1.764948e+01 8.459244e-04 6.238448e-04 1.053559e-03 8.603700e-04
1.770148e+01 8.829547e-04 6.300913e-04 1.123707e-03 8.950656e-04
1.775348e+01 9.378760e-04 6.493798e-04 1.221561e-03 9.426867e-04
1.780548e+01 1.019155e-03 6.915500e-04 1.355294e-03 1.010621e-03
1.785748e+01 1.133338e-03 7.669780e-04 1.528597e-03 1.104438e-03
1.790948e+01 1.283252e-03 8.850071e-04 1.738619e-03 1.226129e-03
1.796148e+01 1.466711e-03 1.052081e-03 1.975025e-03 1.373027e-03
1.801348e+01 1.676004e-03 1.269787e-03 2.220515e-03 1.537711e-03
1.806548e+01 1.898344e-03 1.533118e-03 2.452878e-03 1.709035e-03
1.811748e+01 2.117257e-03 1.829380e-03 2.648299e-03 1.874092e-03
1.816948e+01 2.314710e-03 2.138168e-03 2.785322e-03 2.020641e-03
1.822148e+01 2.473601e-03 2.432849e-03 2.848669e-03 2.139286e-03
1.827348e+01 2.580203e-03 2.683802e-03 2.832053e-03 2.224752e-03
1.832548e+01 2.626160e-03 2.863228e-03 2.739314e-03 2.275937e-03
1.837748e+01 2.609764e-03 2.950768e-03 2.583577e-03 2.294948e-03
1.842948e+01 2.536310e-03 2.938496e-03 2.384660e-03 2.285775e-03
1.848148e+01 2.417435e-03 2.833657e-03 2.165382e-03 2.253266e-03
1.853348e+01 2.269476e-03 2.657934e-03 1.947725e-03 2.202770e-03
1.858548e+01 2.111034e-03 2.443142e-03 1.749720e-03 2.140240e-03
1.863748e+01 1.960121e-03 2.224482e-03 1.583604e-03 2.072277e-03
1.868948e+01 1.831425e-03 2.033340e-03 1.455328e-03 2.005607e-03
1.874148e+01 1.734222e-03 1.891598e-03 1.365147e-03 1.945922e-03
1.879348e+01 1.671342e-03 1.808726e-03 1.308828e-03 1.896471e-03
1.884548e+01 1.639347e-03 1.781855e-03 1.279117e-03 1.857069e-03
1.889748e+01 1.629833e-03 1.798257e-03 1.267205e-03 1.824035e-03
1.894948e+01 1.631514e-03 1.839248e-03 1.264086e-03 1.791206e-03
1.900148e+01 1.632680e-03 1.884585e-03 1.261725e-03 1.751729e-03
1.905348e+01 1.623527e-03 1.916541e-03 1.253979e-03 1.700063e-03
1.910548e+01 1.597926e-03 1.922998e-03 1.237179e-03 1.633600e-03
1.915748e+01 1.554272e-03 1.899027e-03 1.210337e-03 1.553453e-03
1.920948e+01 1.495261e-03 1.846678e-03 1.174905e-03 1.464198e-03
1.926148e+01 1.426654e-03 1.773134e-03 1.134144e-03 1.372683e-03
1.931348e+01 1.355416e-03 1.687845e-03 1.092161e-03 1.286242e-03
1.936548e+01 1.287769e-03 1.599619e-03 1.052832e-03 1.210856e-03
1.941748e+01 1.227739e-03 1.514543e-03 1.018839e-03 1.149834e-03
1.946948e+01 1.176583e-03 1.435278e-03 9.910999e-04 1.103371e-03
1.952148e+01 1.133144e-03 1.361648e-03 9.687316e-04 1.069053e-03
1.957348e+01 1.094848e-03 1.292004e-03 9.495461e-04 1.042995e-03
1.962548e+01 1.058893e-03 1.224664e-03 9.308842e-04 1.021131e-03
1.967748e+01 1.023194e-03 1.158877e-03 9.105069e-04 1.000199e-03
1.972948e+01 9.868663e-04 1.095118e-03 8.872749e-04 9.782063e-04
1.978148e+01 9.502431e-04 1.034811e-03 8.614663e-04 9.544523e-04
1.983348e+01 9.146256e-04 9.798126e-04 8.347272e-04 9.293371e-04
1.988548e+01 8.819489e-04 9.319281e-04 8.097560e-04 9.041627e-04
1.993748e+01 8.544797e-04 8.926263e-04 7.898430e-04 8.809699e-04
1.998948e+01 8.345360e-04 8.629541e-04 7.783483e-04 8.623054e-04
2.004148e+01 8.241714e-04 8.435500e-04 7.781552e-04 8.508091e-04
2.009348e+01 8.248173e-04 8.346614e-04 7.911437e-04 8.486468e-04
2.014548e+01 8.369683e-04 8.361357e-04 8.177765e-04 8.569926e-04
2.019748e+01 8.600639e-04 8.474290e-04 8.569318e-04 8.758309e-04
2.024948e+01 8.926754e-04 8.676989e-04 9.060894e-04 9.042380e-04
2.030148e+01 9.329775e-04 8.960147e-04 9.618596e-04 9.410582e-04
2.035348e+01 9.793418e-04 9.316483e-04 1.020712e-03 9.856655e-04
2.040548e+01 1.030817e-03 9.743526e-04 1.079681e-03 1.038419e-03
2.045748e+01 1.087311e-03 1.024526e-03 1.136869e-03 1.100538e-03
2.050948e+01 1.149401e-03 1.083170e-03 1.191664e-03 1.173368e-03
2.056148e+01 1.217838e-03 1.151599e-03 1.244671e-03 1.257244e-03
2.061348e+01 1.292868e-03 1.230889e-03 1.297387e-03 1.350329e-03
2.066548e+01 1.373523e-03 1.321124e-03 1.351595e-03 1.447850e-03
2.071748e+01 1.457055e-03 1.420623e-03 1.408474e-03 1.542069e-03
2.076948e+01 1.538725e-03 1.525406e-03 1.467580e-03 1.623190e-03
2.082148e+01 1.612153e-03 1.629247e-03 1.526046e-03 1.681165e-03
2.087348e+01 1.670334e-03 1.724496e-03 1.578472e-03 1.708033e-03
2.092548e+01 1.707225e-03 1.803649e-03 1.617856e-03 1.700170e-03
2.097748e+01 1.719447e-03 1.861199e-03 1.637467e-03 1.659676e-03
2.102948e+01 1.707507e-03 1.895128e-03 1.633077e-03 1.594315e-03
2.108148e+01 1.675954e-03 1.907345e-03 1.604617e-03 1.515901e-03
2.113348e+01 1.632295e-03 1.902818e-03 1.556489e-03 1.437578e-03
2.118548e+01 1.584973e-03 1.887672e-03 1.496346e-03 1.370900e-03
2.123748e+01 1.541166e-03 1.867037e-03 1.432843e-03 1.323619e-03
2.128948e+01 1.505228e-03 1.843568e-03 1.373334e-03 1.298783e-03
2.134148e+01 1.478279e-03 1.817210e-03 1.322445e-03 1.295182e-03
2.139348e+01 1.458952e-03 1.786223e-03 1.281907e-03 1.308727e-03
2.144548e+01 1.444810e-03 1.748889e-03 1.251433e-03 1.334106e-03
2.149748e+01 1.433724e-03 1.705084e-03 1.229932e-03 1.366155e-03
2.154948e+01 1.424671e-03 1.657039e-03 1.216367e-03 1.400607e-03
2.160148e+01 1.417730e-03 1.609062e-03 1.209908e-03 1.434219e-03
2.165348e+01 1.413444e-03 1.566397e-03 1.209470e-03 1.464465e-03
2.170548e+01 1.411979e-03 1.533713e-03 1.213111e-03 1.489114e-03
2.175748e+01 1.412475e-03 1.513742e-03 1.217756e-03 1.505927e-03
2.180948e+01 1.412879e-03 1.506483e-03 1.219528e-03 1.512627e-03
2.186148e+01 1.410288e-03 1.509135e-03 1.214593e-03 1.507137e-03
2.191348e+01 1.401619e-03 1.516732e-03 1.200167e-03 1.487959e-03
2.196548e+01 1.384367e-03 1.523271e-03 1.175249e-03 1.454580e-03
2.201748e+01 1.357184e-03 1.522994e-03 1.140803e-03 1.407755e-03
2.206948e+01 1.320149e-03 1.511509e-03 1.099358e-03 1.349581e-03
2.212148e+01 1.274680e-03 1.486477e-03 1.054232e-03 1.283332e-03
2.217348e+01 1.223162e-03 1.447751e-03 1.008679e-03 1.213056e-03
2.222548e+01 1.168421e-03 1.397032e-03 9.652234e-04 1.143007e-03
2.227748e+01 1.113188e-03 1.337201e-03 9.253307e-04 1.077032e-03
2.232948e+01 1.059709e-03 1.271599e-03 8.894287e-04 1.018100e-03
2.238148e+01 1.009584e-03 1.203451e-03 8.571873e-04 9.681137e-04
2.243348e+01 9.638531e-04 1.135592e-03 8.279277e-04 9.280396e-04
2.248548e+01 9.232608e-04 1.070478e-03 8.010187e-04 8.982853e-04
2.253748e+01 8.885541e-04 1.010414e-03 7.761546e-04 8.790941e-04
2.258948e+01 8.606613e-04 9.577850e-04 7.534685e-04 8.707304e-04
2.264148e+01 8.406460e-04 9.151282e-04 7.334938e-04 8.733160e-04
2.269348e+01 8.294208e-04 8.848806e-04 7.170264e-04 8.863553e-04
2.274548e+01 8.273093e-04 8.688193e-04 7.049412e-04 9.081672e-04
2.279748e+01 8.336129e-04 8.673273e-04 6.979846e-04 9.355269e-04
2.284948e+01 8.463537e-04 8.787586e-04 6.965366e-04 9.637660e-04
2.290148e+01 8.623180e-04 8.992034e-04 7.003468e-04 9.874037e-04
2.295348e+01 8.774445e-04 9.228768e-04 7.082935e-04 1.001163e-03
2.300548e+01 8.875032e-04 9.431563e-04 7.182854e-04 1.001068e-03
2.305748e+01 8.889285e-04 9.540551e-04 7.274411e-04 9.852894e-04
2.310948e+01 8.796126e-04 9.517124e-04 7.326148e-04 9.545106e-04
2.316148e+01 8.594492e-04 9.354151e-04 7.311801e-04 9.117523e-04
2.321348e+01 8.304508e-04 9.077799e-04 7.218161e-04 8.617563e-04
2.326548e+01 7.963628e-04 8.739988e-04 7.049743e-04 8.101153e-04
2.331748e+01 7.618406e-04 8.403778e-04 6.827944e-04 7.623496e-04
2.336948e+01 7.314061e-04 8.126502e-04 6.584738e-04 7.230942e-04
2.342148e+01 7.084914e-04 7.946098e-04 6.353485e-04 6.955160e-04
2.347348e+01 6.948512e-04 7.874611e-04 6.160645e-04 6.810280e-04
2.352548e+01 6.904898e-04 7.899979e-04 6.021527e-04 6.793188e-04
2.357748e+01 6.940540e-04 7.994172e-04 5.940891e-04 6.886555e-04
2.362948e+01 7.034784e-04 8.123918e-04 5.916834e-04 7.063599e-04
2.368148e+01 7.166143e-04 8.260094e-04 5.945126e-04 7.293207e-04
2.373348e+01 7.316324e-04 8.383250e-04 6.021590e-04 7.544132e-04
2.378548e+01 7.471303e-04 8.484660e-04 6.141766e-04 7.787485e-04
2.383748e+01 7.620107e-04 8.564023e-04 6.298734e-04 7.997565e-04
2.388948e+01 7.752764e-04 8.625618e-04 6.480842e-04 8.151831e-04
2.394148e+01 7.858857e-04 8.674614e-04 6.670844e-04 8.231113e-04
2.399348e+01 7.927521e-04 8.714490e-04 6.847160e-04 8.220913e-04
2.404548e+01 7.948886e-04 8.745797e-04 6.987050e-04 8.113812e-04
2.409748e+01 7.916374e-04 8.766034e-04 7.070894e-04 7.912195e-04
2.414948e+01 7.828897e-04 8.770279e-04 7.086415e-04 7.629997e-04
2.420148e+01 7.692098e-04 8.752296e-04 7.031616e-04 7.292383e-04
2.425348e+01 7.518080e-04 8.705950e-04 6.915318e-04 6.932971e-04
2.430548e+01 7.323545e-04 8.626706e-04 6.754860e-04 6.589071e-04
2.435748e+01 7.126831e-04 8.512955e-04 6.571491e-04 6.296046e-04
2.440948e+01 6.944647e-04 8.366844e-04 6.385023e-04 6.082074e-04
2.446148e+01 6.789486e-04 8.194352e-04 6.209745e-04 5.964360e-04
2.451348e+01 6.668385e-04 8.004596e-04 6.053112e-04 5.947447e-04
2.456548e+01 6.583270e-04 7.808629e-04 5.917461e-04 6.023721e-04
2.461748e+01 6.532549e-04 7.618238e-04 5.803596e-04 6.175813e-04
2.466948e+01 6.513248e-04 7.445156e-04 5.714311e-04 6.380279e-04
2.472148e+01 6.522880e-04 7.300835e-04 5.656097e-04 6.611709e-04
2.477348e+01 6.560390e-04 7.196524e-04 5.638276e-04 6.846372e-04
2.482548e+01 6.625896e-04 7.143129e-04 5.669979e-04 7.064582e-04
2.487748e+01 6.719356e-04 7.150476e-04 5.756231e-04 7.251362e-04
2.492948e+01 6.838687e-04 7.225871e-04 5.894570e-04 7.395619e-04
2.498148e+01 6.978064e-04 7.372167e-04 6.073326e-04 7.488701e-04
2.503348e+01 7.127130e-04 7.585688e-04 6.272154e-04 7.523546e-04
2.508548e+01 7.271561e-04 7.854470e-04 6.464918e-04 7.495296e-04
2.513748e+01 7.395109e-04 8.157499e-04 6.624455e-04 7.403374e-04
2.518948e+01 7.482755e-04 8.465985e-04 6.728216e-04 7.254062e-04
2.524148e+01 7.524323e-04 8.747599e-04 6.763282e-04 7.062090e-04
2.529348e+01 7.517671e-04 8.973742e-04 6.729177e-04 6.850096e-04
2.534548e+01 7.470511e-04 9.128237e-04 6.637477e-04 6.645818e-04
2.539748e+01 7.400216e-04 9.214293e-04 6.508325e-04 6.478030e-04
2.544948e+01 7.331528e-04 9.256417e-04 6.365239e-04 6.372928e-04
2.550148e+01 7.292804e-04 9.295615e-04 6.230240e-04 6.352557e-04
2.555348e+01 7.312030e-04 9.379027e-04 6.121204e-04 6.435858e-04
2.560548e+01 7.413732e-04 9.547484e-04 6.052252e-04 6.641460e-04
2.565748e+01 7.617209e-04 9.825039e-04 6.036627e-04 6.989961e-04
2.570948e+01 7.935515e-04 1.021327e-03 6.090314e-04 7.502962e-04
2.576148e+01 8.374067e-04 1.069114e-03 6.234081e-04 8.196981e-04
2.581348e+01 8.928077e-04 1.121964e-03 6.491990e-04 9.072606e-04
2.586548e+01 9.579167e-04 1.174964e-03 6.885640e-04 1.010222e-03
2.591748e+01 1.029280e-03 1.223139e-03 7.425239e-04 1.122176e-03
2.596948e+01 1.101870e-03 1.262351e-03 8.100401e-04 1.233218e-03
2.602148e+01 1.169577e-03 1.289972e-03 8.874477e-04 1.331311e-03
2.607348e+01 1.226130e-03 1.305130e-03 9.685700e-04 1.404689e-03
2.612548e+01 1.266227e-03 1.308485e-03 1.045627e-03 1.444569e-03
2.617748e+01 1.286556e-03 1.301660e-03 1.110758e-03 1.447250e-03
2.622948e+01 1.286369e-03 1.286537e-03 1.157715e-03 1.414855e-03
2.628148e+01 1.267464e-03 1.264711e-03 1.183200e-03 1.354481e-03
2.633348e+01 1.233593e-03 1.237235e-03 1.187417e-03 1.276125e-03
2.638548e+01 1.189525e-03 1.204695e-03 1.173688e-03 1.190192e-03
2.643748e+01 1.140060e-03 1.167508e-03 1.147285e-03 1.105388e-03
2.648948e+01 1.089248e-03 1.126277e-03 1.113900e-03 1.027566e-03
2.654148e+01 1.039965e-03 1.082079e-03 1.078221e-03 9.595949e-04
2.659348e+01 9.938764e-04 1.036581e-03 1.043029e-03 9.020190e-04
2.664548e+01 9.516851e-04 9.919646e-04 1.009037e-03 8.540541e-04
2.669748e+01 9.135354e-04 9.507058e-04 9.753955e-04 8.145050e-04
2.674948e+01 8.794148e-04 9.152558e-04 9.406454e-04 7.823431e-04
2.680148e+01 8.494268e-04 8.876993e-04 9.037072e-04 7.568739e-04
2.685348e+01 8.238693e-04 8.694490e-04 8.645695e-04 7.375894e-04
2.690548e+01 8.031267e-04 8.610285e-04 8.244606e-04 7.238910e-04
2.695748e+01 7.874604e-04 8.619873e-04 7.855208e-04 7.148730e-04
2.700948e+01 7.768163e-04 8.709800e-04 7.501868e-04 7.092821e-04
2.706148e+01 7.707477e-04 8.860068e-04 7.205740e-04 7.056623e-04
2.711348e+01 7.684824e-04 9.047687e-04 6.980753e-04 7.026032e-04
2.716548e+01 7.690874e-04 9.250506e-04 6.832334e-04 6.989781e-04
2.721748e+01 7.716424e-04 9.450392e-04 6.758002e-04 6.940878e-04
2.726948e+01 7.753487e-04 9.635080e-04 6.748452e-04 6.876931e-04
2.732148e+01 7.795543e-04 9.798567e-04 6.788357e-04 6.799706e-04
2.737348e+01 7.837279e-04 9.940282e-04 6.857180e-04 6.714373e-04
2.742548e+01 7.874306e-04 1.006341e-03 6.930917e-04 6.628589e-04
2.747748e+01 7.903119e-04 1.017267e-03 6.985427e-04 6.551259e-04
2.752948e+01 7.921217e-04 1.027183e-03 7.001031e-04 6.490791e-04
2.758148e+01 7.927149e-04 1.036143e-03 6.967003e-04 6.453011e-04
2.763348e+01 7.920355e-04 1.043745e-03 6.884268e-04 6.439346e-04
2.768548e+01 7.900967e-04 1.049171e-03 6.765121e-04 6.446067e-04
2.773748e+01 7.869839e-04 1.051442e-03 6.629999e-04 6.465095e-04
2.778948e+01 7.828991e-04 1.049836e-03 6.502404e-04 6.486211e-04
2.784148e+01 7.782264e-04 1.044315e-03 6.403712e-04 6.499930e-04
2.789348e+01 7.735757e-04 1.035783e-03 6.349380e-04 6.500058e-04
2.794548e+01 7.697533e-04 1.026010e-03 6.347337e-04 6.485160e-04
2.799748e+01 7.676434e-04 1.017216e-03 6.398465e-04 6.458674e-04
2.804948e+01 7.680280e-04 1.011453e-03 6.498420e-04 6.427886e-04
2.810148e+01 7.714099e-04 1.010021e-03 6.639823e-04 6.402270e-04
2.815348e+01 7.779033e-04 1.013134e-03 6.814038e-04 6.391720e-04
2.820548e+01 7.872257e-04 1.019960e-03 7.012152e-04 6.405020e-04
2.825748e+01 7.987819e-04 1.028947e-03 7.225227e-04 6.448756e-04
2.830948e+01 8.117973e-04 1.038309e-03 7.444151e-04 6.526674e-04
2.836148e+01 8.254501e-04 1.046454e-03 7.659505e-04 6.639461e-04
2.841348e+01 8.389677e-04 1.052248e-03 7.861737e-04 6.784810e-04
2.846548e+01 8.516761e-04 1.055092e-03 8.041737e-04 6.957620e-04
2.851748e+01 8.630091e-04 1.054833e-03 8.191753e-04 7.150191e-04
2.856948e+01 8.724965e-04 1.051608e-03 8.306447e-04 7.352364e-04
2.862148e+01 8.797521e-04 1.045690e-03 8.383879e-04 7.551780e-04
2.867348e+01 8.844790e-04 1.037369e-03 8.426149e-04 7.734534e-04
2.872548e+01 8.864954e-04 1.026897e-03 8.439406e-04 7.886485e-04
2.877748e+01 8.857724e-04 1.014488e-03 8.433026e-04 7.995262e-04
2.882948e+01 8.824631e-04 1.000332e-03 8.417969e-04 8.052608e-04
2.888148e+01 8.769060e-04 9.846084e-04 8.404629e-04 8.056466e-04
2.893348e+01 8.695953e-04 9.674957e-04 8.400802e-04 8.012100e-04
2.898548e+01 8.611315e-04 9.491714e-04 8.410435e-04 7.931794e-04
2.903748e+01 8.521667e-04 9.298408e-04 8.433553e-04 7.833040e-04
2.908948e+01 8.433619e-04 9.098007e-04 8.467300e-04 7.735549e-04
2.914148e+01 8.353526e-04 8.895293e-04 8.507570e-04 7.657714e-04
2.919348e+01 8.287154e-04 8.697708e-04 8.550457e-04 7.613296e-04
2.924548e+01 8.239221e-04 8.515661e-04 8.592920e-04 7.609082e-04
2.929748e+01 8.212815e-04 8.361954e-04 8.632489e-04 7.644003e-04
2.934948e+01 8.208792e-04 8.250162e-04 8.666356e-04 7.709857e-04
2.940148e+01 8.225301e-04 8.192118e-04 8.690574e-04 7.793211e-04
2.945348e+01 8.257604e-04 8.194938e-04 8.700080e-04 7.877793e-04
2.950548e+01 8.298270e-04 8.258286e-04 8.689887e-04 7.946638e-04
2.955748e+01 8.337859e-04 8.372741e-04 8.657095e-04 7.983741e-04
2.960948e+01 8.366091e-04 8.520003e-04 8.602819e-04 7.975453e-04
2.966148e+01 8.373403e-04 8.675232e-04 8.532902e-04 7.912075e-04
2.971348e+01 8.352514e-04 8.811088e-04 8.456715e-04 7.789740e-04
2.976548e+01 8.299551e-04 8.902392e-04 8.384222e-04 7.612039e-04
2.981748e+01 8.214336e-04 8.930123e-04 8.322452e-04 7.390432e-04
2.986948e+01 8.099844e-04 8.883825e-04 8.272932e-04 7.142775e-04
2.992148e+01 7.961225e-04 8.762254e-04 8.231313e-04 6.890107e-04
2.997348e+01 7.804969e-04 8.572741e-04 8.189415e-04 6.652749e-04
3.002548e+01 7.638589e-04 8.329881e-04 8.138782e-04 6.447103e-04
3.007748e+01 7.470730e-04 8.053884e-04 8.074216e-04 6.284091e-04
3.012948e+01 7.311205e-04 7.768450e-04 7.995893e-04 6.169273e-04
3.018148e+01 7.170401e-04 7.497872e-04 7.909370e-04 6.103960e-04
3.023348e+01 7.057845e-04 7.263442e-04 7.823708e-04 6.086385e-04
3.028548e+01 6.980243e-04 7.079789e-04 7.748553e-04 6.112388e-04
3.033748e+01 6.939688e-04 6.952239e-04 7.691200e-04 6.175626e-04
3.038948e+01 6.932785e-04 6.876175e-04 7.654473e-04 6.267707e-04
3.044148e+01 6.951116e-04 6.838730e-04 7.635922e-04 6.378697e-04
3.049348e+01 6.982954e-04 6.822324e-04 7.628394e-04 6.498144e-04
3.054548e+01 7.015681e-04 6.808922e-04 7.621731e-04 6.616390e-04
3.059748e+01 7.038159e-04 6.783752e-04 7.605016e-04 6.725709e-04
3.064948e+01 7.042343e-04 6.737576e-04 7.568679e-04 6.820774e-04
3.070148e+01 7.023776e-04 6.667179e-04 7.505882e-04 6.898268e-04
3.075348e+01 6.981006e-04 6.574285e-04 7.412969e-04 6.955765e-04
3.080548e+01 6.914371e-04 6.463506e-04 7.289175e-04 6.990431e-04
3.085748e+01 6.824771e-04 6.340053e-04 7.136090e-04 6.998170e-04
3.090948e+01 6.712995e-04 6.207952e-04 6.957320e-04 6.973713e-04
3.096148e+01 6.579852e-04 6.069295e-04 6.758523e-04 6.911740e-04
3.101348e+01 6.426977e-04 5.924694e-04 6.547584e-04 6.808653e-04
3.106548e+01 6.257847e-04 5.774675e-04 6.334531e-04 6.664336e-04
3.111748e+01 6.078452e-04 5.621293e-04 6.130815e-04 6.483249e-04
3.116948e+01 5.897153e-04 5.469123e-04 5.947912e-04 6.274423e-04
3.122148e+01 5.723636e-04 5.325008e-04 5.795531e-04 6.050368e-04
3.127348e+01 5.567216e-04 5.196502e-04 5.679987e-04 5.825159e-04
3.132548e+01 5.435055e-04 5.089616e-04 5.603327e-04 5.612223e-04
3.137748e+01 5.330886e-04 5.006809e-04 5.563528e-04 5.422322e-04
3.142948e+01 5.254656e-04 4.946091e-04 5.555689e-04 5.262187e-04
3.148148e+01 5.203108e-04 4.901582e-04 5.573694e-04 5.134048e-04
3.153348e+01 5.171015e-04 4.865275e-04 5.611675e-04 5.036094e-04
3.158548e+01 5.152573e-04 4.829326e-04 5.664708e-04 4.963684e-04
3.163748e+01 5.142528e-04 4.788089e-04 5.728580e-04 4.910915e-04
3.168948e+01 5.136763e-04 4.739314e-04 5.798895e-04 4.872081e-04
3.174148e+01 5.132297e-04 4.684210e-04 5.870069e-04 4.842612e-04
3.179348e+01 5.126834e-04 4.626398e-04 5.934803e-04 4.819302e-04
3.184548e+01 5.118145e-04 4.570108e-04 5.984420e-04 4.799907e-04
3.189748e+01 5.103584e-04 4.518182e-04 6.010106e-04 4.782465e-04
3.194948e+01 5.080012e-04 4.470561e-04 6.004721e-04 4.764755e-04
3.200148e+01 5.044160e-04 4.423762e-04 5.964562e-04 4.744157e-04
3.205348e+01 4.993299e-04 4.371559e-04 5.890394e-04 4.717944e-04
3.210548e+01 4.925886e-04 4.306594e-04 5.787313e-04 4.683750e-04
3.215748e+01 4.841892e-04 4.222361e-04 5.663404e-04 4.639911e-04
3.220948e+01 4.742687e-04 4.114903e-04 5.527663e-04 4.585494e-04
3.226148e+01 4.630564e-04 3.983750e-04 5.387909e-04 4.520033e-04
3.231348e+01 4.508191e-04 3.831957e-04 5.249406e-04 4.443210e-04
3.236548e+01 4.378239e-04 3.665412e-04 5.114580e-04 4.354725e-04
3.241748e+01 4.243361e-04 3.491769e-04 4.983796e-04 4.254518e-04
3.246948e+01 4.106446e-04 3.319340e-04 4.856703e-04 4.143294e-04
3.252148e+01 3.970914e-04 3.156154e-04 4.733479e-04 4.023111e-04
3.257348e+01 3.840780e-04 3.009216e-04 4.615375e-04 3.897749e-04
3.262548e+01 3.720279e-04 2.883893e-04 4.504347e-04 3.772596e-04
3.267748e+01 3.613098e-04 2.783353e-04 4.401992e-04 3.653950e-04
3.272948e+01 3.521482e-04 2.708121e-04 4.308432e-04 3.547892e-04
3.278148e+01 3.445590e-04 2.655916e-04 4.221811e-04 3.459045e-04
3.283348e+01 3.383472e-04 2.621966e-04 4.138813e-04 3.389638e-04
3.288548e+01 3.331767e-04 2.599912e-04 4.056152e-04 3.339236e-04
3.293748e+01 3.286958e-04 2.583180e-04 3.972468e-04 3.305225e-04
3.298948e+01 3.246769e-04 2.566505e-04 3.889909e-04 3.283894e-04
3.304148e+01 3.211196e-04 2.547169e-04 3.814687e-04 3.271732e-04
3.309348e+01 3.182785e-04 2.525565e-04 3.756304e-04 3.266485e-04
3.314548e+01 3.166006e-04 2.504860e-04 3.725521e-04 3.267637e-04
3.319748e+01 3.165878e-04 2.489861e-04 3.731587e-04 3.276186e-04
3.324948e+01 3.186242e-04 2.485405e-04 3.779469e-04 3.293852e-04
3.330148e+01 3.228237e-04 2.494785e-04 3.867883e-04 3.322044e-04
3.335348e+01 3.289475e-04 2.518679e-04 3.988740e-04 3.361006e-04
3.340548e+01 3.364216e-04 2.554877e-04 4.128273e-04 3.409499e-04
3.345748e+01 3.444522e-04 2.598816e-04 4.269623e-04 3.465126e-04
3.350948e+01 3.521994e-04 2.644681e-04 4.396191e-04 3.525109e-04
3.356148e+01 3.589524e-04 2.686719e-04 4.494812e-04 3.587042e-04
3.361348e+01 3.642463e-04 2.720377e-04 4.557840e-04 3.649174e-04
3.366548e+01 3.678896e-04 2.743047e-04 4.583651e-04 3.709990e-04
3.371748e+01 3.699094e-04 2.754288e-04 4.575631e-04 3.767364e-04
3.376948e+01 3.704545e-04 2.755544e-04 4.540232e-04 3.817858e-04
3.382148e+01 3.697044e-04 2.749471e-04 4.484869e-04 3.856791e-04
3.387348e+01 3.678216e-04 2.739044e-04 4.416313e-04 3.879292e-04
3.392548e+01 3.649527e-04 2.726715e-04 4.339875e-04 3.881992e-04
3.397748e+01 3.612605e-04 2.713898e-04 4.259307e-04 3.864610e-04
3.402948e+01 3.569588e-04 2.700960e-04 4.177129e-04 3.830675e-04
3.408148e+01 3.523253e-04 2.687700e-04 4.095051e-04 3.787008e-04
3.413348e+01 3.476821e-04 2.674065e-04 4.014259e-04 3.742138e-04
3.418548e+01 3.433510e-04 2.660724e-04 3.935553e-04 3.704251e-04
3.423748e+01 3.396039e-04 2.649266e-04 3.859438e-04 3.679414e-04
3.428948e+01 3.366350e-04 2.642001e-04 3.786339e-04 3.670711e-04
3.434148e+01 3.345735e-04 2.641602e-04 3.717068e-04 3.678534e-04
3.439348e+01 3.335356e-04 2.650844e-04 3.653426e-04 3.701799e-04
3.444548e+01 3.336888e-04 2.672509e-04 3.598682e-04 3.739472e-04
3.449748e+01 3.352813e-04 2.709320e-04 3.557530e-04 3.791590e-04
3.454948e+01 3.386050e-04 2.763590e-04 3.535324e-04 3.859238e-04
3.460148e+01 3.438889e-04 2.836503e-04 3.536693e-04 3.943470e-04
3.465348e+01 3.511697e-04 2.927221e-04 3.564058e-04 4.043811e-04
3.470548e+01 3.602099e-04 3.032308e-04 3.616750e-04 4.157239e-04
3.475748e+01 3.705197e-04 3.145955e-04 3.691254e-04 4.278381e-04
3.480948e+01 3.814906e-04 3.261138e-04 3.782601e-04 4.400979e-04
3.486148e+01 3.925901e-04 3.371349e-04 3.886329e-04 4.520024e-04
3.491348e+01 4.035259e-04 3.472164e-04 4.000096e-04 4.633517e-04
3.496548e+01 4.143024e-04 3.561942e-04 4.124119e-04 4.743011e-04
3.501748e+01 4.251387e-04 3.641327e-04 4.260168e-04 4.852666e-04
3.506948e+01 4.362905e-04 3.711879e-04 4.409531e-04 4.967305e-04
3.512148e+01 4.478595e-04 3.774546e-04 4.570857e-04 5.090381e-04
3.517348e+01 4.596808e-04 3.828802e-04 4.738866e-04 5.222757e-04
3.522548e+01 4.713349e-04 3.872840e-04 4.904557e-04 5.362651e-04
3.527748e+01 4.822689e-04 3.904638e-04 5.056926e-04 5.506503e-04
3.532948e+01 4.919672e-04 3.923283e-04 5.185634e-04 5.650100e-04
3.538148e+01 5.000986e-04 3.929818e-04 5.283743e-04 5.789397e-04
3.543348e+01 5.065917e-04 3.927240e-04 5.349639e-04 5.920871e-04
3.548548e+01 5.116346e-04 3.919743e-04 5.387617e-04 6.041679e-04
3.553748e+01 5.156254e-04 3.911663e-04 5.407057e-04 6.150043e-04
3.558948e+01 5.191079e-04 3.906667e-04 5.420546e-04 6.246024e-04
3.564148e+01 5.227137e-04 3.907425e-04 5.441569e-04 6.332417e-04
3.569348e+01 5.271086e-04 3.915708e-04 5.482342e-04 6.415207e-04
3.574548e+01 5.329310e-04 3.932617e-04 5.552235e-04 6.503078e-04
3.579748e+01 5.407213e-04 3.958715e-04 5.657032e-04 6.605893e-04
3.584948e+01 5.508569e-04 3.994041e-04 5.799119e-04 6.732546e-04
3.590148e+01 5.635222e-04 4.038169e-04 5.978561e-04 6.888938e-04
3.595348e+01 5.787364e-04 4.090485e-04 6.194786e-04 7.076821e-04
3.600548e+01 5.964332e-04 4.150676e-04 6.448359e-04 7.293963e-04
3.605748e+01 6.165645e-04 4.219242e-04 6.742104e-04 7.535591e-04
3.610948e+01 6.391772e-04 4.297752e-04 7.080954e-04 7.796608e-04
3.616148e+01 6.644237e-04 4.388714e-04 7.470313e-04 8.073683e-04
3.621348e+01 6.924907e-04 4.495115e-04 7.913359e-04 8.366248e-04
3.626548e+01 7.234630e-04 4.619862e-04 8.408271e-04 8.675758e-04
3.631748e+01 7.571689e-04 4.765325e-04 8.946482e-04 9.003259e-04
3.636948e+01 7.930663e-04 4.933070e-04 9.512713e-04 9.346205e-04
3.642148e+01 8.302199e-04 5.123752e-04 1.008685e-03 9.695993e-04
3.647348e+01 8.673920e-04 5.337109e-04 1.064704e-03 1.003761e-03
3.652548e+01 9.032318e-04 5.571997e-04 1.117304e-03 1.035191e-03
3.657748e+01 9.365096e-04 5.826445e-04 1.164890e-03 1.061994e-03
3.662948e+01 9.663243e-04 6.097640e-04 1.206455e-03 1.082754e-03
3.668148e+01 9.922191e-04 6.381762e-04 1.241612e-03 1.096869e-03
3.673348e+01 1.014173e-03 6.673653e-04 1.270524e-03 1.104631e-03
3.678548e+01 1.032486e-03 6.966453e-04 1.293733e-03 1.107079e-03
3.683748e+01 1.047604e-03 7.251531e-04 1.311949e-03 1.105710e-03
3.688948e+01 1.059980e-03 7.519043e-04 1.325842e-03 1.102195e-03
3.694148e+01 1.070003e-03 7.759313e-04 1.335911e-03 1.098167e-03
3.699348e+01 1.078028e-03 7.964856e-04 1.342492e-03 1.095106e-03
3.704548e+01 1.084460e-03 8.132469e-04 1.345897e-03 1.094234e-03
3.709748e+01 1.089811e-03 8.264563e-04 1.346613e-03 1.096364e-03
3.714948e+01 1.094667e-03 8.368981e-04 1.345428e-03 1.101674e-03
3.720148e+01 1.099540e-03 8.457010e-04 1.343413e-03 1.109507e-03
3.725348e+01 1.104680e-03 8.540051e-04 1.341726e-03 1.118307e-03
3.730548e+01 1.109926e-03 8.626044e-04 1.341337e-03 1.125838e-03
3.735748e+01 1.114721e-03 8.717038e-04 1.342802e-03 1.129656e-03
3.740948e+01 1.118283e-03 8.808893e-04 1.346201e-03 1.127758e-03
3.746148e+01 1.119900e-03 8.893243e-04 1.351224e-03 1.119152e-03
3.751348e+01 1.119204e-03 8.960850e-04 1.357353e-03 1.104175e-03
3.756548e+01 1.116311e-03 9.004846e-04 1.364008e-03 1.084442e-03
3.761748e+01 1.111772e-03 9.022498e-04 1.370593e-03 1.062474e-03
3.766948e+01 1.106369e-03 9.014871e-04 1.376463e-03 1.041156e-03
3.772148e+01 1.100853e-03 8.984836e-04 1.380882e-03 1.023195e-03
3.777348e+01 1.095757e-03 8.934698e-04 1.383062e-03 1.010740e-03
3.782548e+01 1.091335e-03 8.864762e-04 1.382315e-03 1.005213e-03
3.787748e+01 1.087649e-03 8.773594e-04 1.378251e-03 1.007336e-03
3.792948e+01 1.084741e-03 8.659704e-04 1.370960e-03 1.017293e-03
3.798148e+01 1.082801e-03 8.523616e-04 1.361083e-03 1.034957e-03
3.803348e+01 1.082252e-03 8.369159e-04 1.349762e-03 1.060078e-03
3.808548e+01 1.083716e-03 8.203310e-04 1.338464e-03 1.092354e-03
3.813748e+01 1.087843e-03 8.034729e-04 1.328722e-03 1.131334e-03
3.818948e+01 1.095043e-03 7.871746e-04 1.321809e-03 1.176145e-03
3.824148e+01 1.105203e-03 7.720632e-04 1.318395e-03 1.225151e-03
3.829348e+01 1.117488e-03 7.584714e-04 1.318263e-03 1.275728e-03
3.834548e+01 1.130330e-03 7.464432e-04 1.320212e-03 1.324335e-03
3.839748e+01 1.141665e-03 7.358137e-04 1.322202e-03 1.366978e-03
3.844948e+01 1.149373e-03 7.263331e-04 1.321778e-03 1.400007e-03
3.850148e+01 1.151810e-03 7.178043e-04 1.316652e-03 1.420974e-03
3.855348e+01 1.148246e-03 7.102058e-04 1.305266e-03 1.429266e-03
3.860548e+01 1.139063e-03 7.037749e-04 1.287170e-03 1.426243e-03
3.865748e+01 1.125653e-03 6.990302e-04 1.263090e-03 1.414839e-03
3.870948e+01 1.110068e-03 6.967293e-04 1.234709e-03 1.398765e-03
3.876148e+01 1.094541e-03 6.977659e-04 1.204266e-03 1.381592e-03
3.881348e+01 1.081039e-03 7.030205e-04 1.174123e-03 1.365974e-03
3.886548e+01 1.070942e-03 7.131814e-04 1.146444e-03 1.353200e-03
3.891748e+01 1.064903e-03 7.285634e-04 1.123013e-03 1.343133e-03
3.896948e+01 1.062885e-03 7.489592e-04 1.105181e-03 1.334516e-03
3.902148e+01 1.064315e-03 7.735689e-04 1.093841e-03 1.325534e-03
3.907348e+01 1.068292e-03 8.010366e-04 1.089362e-03 1.314477e-03
3.912548e+01 1.073790e-03 8.295983e-04 1.091455e-03 1.300318e-03
3.917748e+01 1.079794e-03 8.573089e-04 1.099069e-03 1.283006e-03
3.922948e+01 1.085358e-03 8.823002e-04 1.110395e-03 1.263380e-03
3.928148e+01 1.089621e-03 9.030211e-04 1.123094e-03 1.242747e-03
3.933348e+01 1.091821e-03 9.184256e-04 1.134720e-03 1.222318e-03
3.938548e+01 1.091360e-03 9.280829e-04 1.143241e-03 1.202757e-03
3.943748e+01 1.087891e-03 9.321865e-04 1.147475e-03 1.184012e-03
3.948948e+01 1.081400e-03 9.314444e-04 1.147281e-03 1.165476e-03
3.954148e+01 1.072208e-03 9.268579e-04 1.143438e-03 1.146328e-03
3.959348e+01 1.060854e-03 9.194397e-04 1.137243e-03 1.125878e-03
3.964548e+01 1.047893e-03 9.099636e-04 1.129961e-03 1.103753e-03
3.969748e+01 1.033681e-03 8.988415e-04 1.122320e-03 1.079883e-03
3.974948e+01 1.018246e-03 8.861806e-04 1.114216e-03 1.054342e-03
3.980148e+01 1.001302e-03 8.719822e-04 1.104740e-03 1.027185e-03
3.985348e+01 9.824164e-04 8.563759e-04 1.092512e-03 9.983612e-04
3.990548e+01 9.612487e-04 8.397586e-04 1.076209e-03 9.677781e-04
3.995748e+01 9.377705e-04 8.227646e-04 1.055077e-03 9.354699e-04
4.000948e+01 9.123712e-04 8.060890e-04 1.029226e-03 9.017989e-04
4.006148e+01 8.858247e-04 7.902682e-04 9.996135e-04 8.675925e-04
4.011348e+01 8.591438e-04 7.755389e-04 9.677565e-04 8.341362e-04
4.016548e+01 8.333901e-04 7.618467e-04 9.353282e-04 8.029953e-04
4.021748e+01 8.095012e-04 7.489816e-04 9.038288e-04 7.756932e-04
4.026948e+01 7.881737e-04 7.367522e-04 8.744357e-04 7.533332e-04
4.032148e+01 7.698015e-04 7.251002e-04 8.480216e-04 7.362826e-04
4.037348e+01 7.544594e-04 7.141038e-04 8.252370e-04 7.240374e-04
4.042548e+01 7.419190e-04 7.038900e-04 8.065313e-04 7.153356e-04
4.047748e+01 7.316969e-04 6.945255e-04 7.920551e-04 7.085101e-04
4.052948e+01 7.231392e-04 6.859564e-04 7.814798e-04 7.019815e-04
4.058148e+01 7.155371e-04 6.780294e-04 7.738517e-04 6.947301e-04
4.063348e+01 7.082543e-04 6.705756e-04 7.676063e-04 6.865810e-04
4.068548e+01 7.008341e-04 6.635023e-04 7.608066e-04 6.781933e-04
4.073748e+01 6.930510e-04 6.568414e-04 7.515638e-04 6.707478e-04
4.078948e+01 6.848891e-04 6.507271e-04 7.385029e-04 6.654373e-04
4.084148e+01 6.764555e-04 6.453162e-04 7.211070e-04 6.629435e-04
4.089348e+01 6.678662e-04 6.406883e-04 6.998202e-04 6.630901e-04
4.094548e+01 6.591569e-04 6.367725e-04 6.758946e-04 6.648036e-04
4.099748e+01 6.502618e-04 6.333286e-04 6.510636e-04 6.663930e-04
4.104948e+01 6.410676e-04 6.299880e-04 6.271717e-04 6.660431e-04
4.110148e+01 6.315142e-04 6.263359e-04 6.058700e-04 6.623366e-04
4.115348e+01 6.216850e-04 6.220076e-04 5.884227e-04 6.546248e-04
4.120548e+01 6.118376e-04 6.167704e-04 5.756093e-04 6.431331e-04
4.125748e+01 6.023531e-04 6.105715e-04 5.676870e-04 6.288007e-04
4.130948e+01 5.936260e-04 6.035423e-04 5.643924e-04 6.129434e-04
4.136148e+01 5.859427e-04 5.959618e-04 5.649908e-04 5.968755e-04
4.141348e+01 5.794006e-04 5.881933e-04 5.683925e-04 5.816158e-04
4.146548e+01 5.739013e-04 5.806164e-04 5.733392e-04 5.677483e-04
4.151748e+01 5.692182e-04 5.735749e-04 5.786310e-04 5.554488e-04
4.156948e+01 5.651071e-04 5.673496e-04 5.833390e-04 5.446326e-04
4.162148e+01 5.614172e-04 5.621487e-04 5.869470e-04 5.351558e-04
4.167348e+01 5.581649e-04 5.581048e-04 5.893902e-04 5.269998e-04
4.172548e+01 5.555518e-04 5.552709e-04 5.909956e-04 5.203888e-04
4.177748e+01 5.539313e-04 5.536234e-04 5.923581e-04 5.158125e-04
4.182948e+01 5.537454e-04 5.530866e-04 5.941959e-04 5.139538e-04
4.188148e+01 5.554501e-04 5.535895e-04 5.972219e-04 5.155389e-04
4.193348e+01 5.594481e-04 5.551520e-04 6.020491e-04 5.211431e-04
4.198548e+01 5.660345e-04 5.579773e-04 6.091279e-04 5.309982e-04
4.203748e+01 5.753598e-04 5.625237e-04 6.187047e-04 5.448511e-04
4.208948e+01 5.874121e-04 5.695260e-04 6.307908e-04 5.619195e-04
4.214148e+01 6.020191e-04 5.799511e-04 6.451352e-04 5.809710e-04
4.219348e+01 6.188682e-04 5.948842e-04 6.612034e-04 6.005170e-04
4.224548e+01 6.375338e-04 6.153517e-04 6.781719e-04 6.190777e-04
4.229748e+01 6.575006e-04 6.421026e-04 6.949546e-04 6.354447e-04
4.234948e+01 6.781741e-04 6.753796e-04 7.102780e-04 6.488646e-04
4.240148e+01 6.988817e-04 7.147345e-04 7.228160e-04 6.590948e-04
4.245348e+01 7.188795e-04 7.589461e-04 7.313702e-04 6.663220e-04
4.250548e+01 7.373818e-04 8.060916e-04 7.350653e-04 6.709885e-04
4.255748e+01 7.536262e-04 8.537804e-04 7.335051e-04 6.735931e-04
4.260948e+01 7.669651e-04 8.995065e-04 7.268476e-04 6.745413e-04
4.266148e+01 7.769604e-04 9.410238e-04 7.157729e-04 6.740844e-04
4.271348e+01 7.834468e-04 9.766349e-04 7.013558e-04 6.723496e-04
4.276548e+01 7.865378e-04 1.005317e-03 6.848747e-04 6.694214e-04
4.281748e+01 7.865667e-04 1.026673e-03 6.676033e-04 6.654240e-04
4.286948e+01 7.839856e-04 1.040758e-03 6.506324e-04 6.605661e-04
4.292148e+01 7.792629e-04 1.047892e-03 6.347604e-04 6.551368e-04
4.297348e+01 7.728197e-04 1.048516e-03 6.204747e-04 6.494687e-04
4.302548e+01 7.650199e-04 1.043149e-03 6.080204e-04 6.438905e-04
4.307748e+01 7.562022e-04 1.032394e-03 5.975266e-04 6.386866e-04
4.312948e+01 7.467167e-04 1.016946e-03 5.891379e-04 6.340656e-04
4.318148e+01 7.369337e-04 9.975641e-04 5.830958e-04 6.301413e-04
4.323348e+01 7.272165e-04 9.749929e-04 5.797314e-04 6.269253e-04
4.328548e+01 7.178719e-04 9.499113e-04 5.793642e-04 6.243403e-04
4.333748e+01 7.091075e-04 9.229359e-04 5.821376e-04 6.222491e-04
4.338948e+01 7.010163e-04 8.947093e-04 5.878471e-04 6.204924e-04
4.344148e+01 6.935902e-04 8.660234e-04 5.958284e-04 6.189190e-04
4.349348e+01 6.867526e-04 8.379005e-04 6.049584e-04 6.173988e-04
4.354548e+01 6.803922e-04 8.115583e-04 6.137943e-04 6.158240e-04
4.359748e+01 6.743925e-04 7.882406e-04 6.208310e-04 6.141060e-04
4.364948e+01 6.686531e-04 7.689620e-04 6.248193e-04 6.121779e-04
4.370148e+01 6.631005e-04 7.542539e-04 6.250526e-04 6.099951e-04
4.375348e+01 6.576832e-04 7.440000e-04 6.215299e-04 6.075198e-04
4.380548e+01 6.523408e-04 7.374101e-04 6.149309e-04 6.046814e-04
4.385748e+01 6.469504e-04 7.331320e-04 6.063973e-04 6.013218e-04
4.390948e+01 6.412718e-04 7.294702e-04 5.971843e-04 5.971611e-04
4.396148e+01 6.349296e-04 7.246723e-04 5.882970e-04 5.918195e-04
4.401348e+01 6.274647e-04 7.172456e-04 5.802357e-04 5.849127e-04
4.406548e+01 6.184616e-04 7.062607e-04 5.729268e-04 5.761975e-04
4.411748e+01 6.077125e-04 6.915812e-04 5.658477e-04 5.657086e-04
4.416948e+01 5.953498e-04 6.739483e-04 5.582796e-04 5.538216e-04
4.422148e+01 5.818825e-04 6.548590e-04 5.495867e-04 5.412020e-04
4.427348e+01 5.681055e-04 6.362354e-04 5.394277e-04 5.286535e-04
4.432548e+01 5.549071e-04 6.199544e-04 5.278448e-04 5.169220e-04
4.437748e+01 5.430417e-04 6.073719e-04 5.152219e-04 5.065313e-04
4.442948e+01 5.329494e-04 5.989935e-04 5.021481e-04 4.977067e-04
4.448148e+01 5.246793e-04 5.943970e-04 4.892418e-04 4.903990e-04
4.453348e+01 5.179314e-04 5.924209e-04 4.769980e-04 4.843753e-04
4.458548e+01 5.121852e-04 5.915362e-04 4.657020e-04 4.793174e-04
4.463748e+01 5.068528e-04 5.902574e-04 4.554235e-04 4.748774e-04
4.468948e+01 5.014021e-04 5.874561e-04 4.460748e-04 4.706754e-04
4.474148e+01 4.954201e-04 5.824983e-04 4.374932e-04 4.662688e-04
4.479348e+01 4.886235e-04 5.752194e-04 4.295070e-04 4.611441e-04
4.484548e+01 4.808459e-04 5.658030e-04 4.219635e-04 4.547711e-04
4.489748e+01 4.720287e-04 5.546484e-04 4.147205e-04 4.467172e-04
4.494948e+01 4.622231e-04 5.422704e-04 4.076218e-04 4.367770e-04
4.500148e+01 4.515886e-04 5.292273e-04 4.004842e-04 4.250543e-04
4.505348e+01 4.403715e-04 5.160495e-04 3.931109e-04 4.119542e-04
4.510548e+01 4.288552e-04 5.031477e-04 3.853288e-04 3.980890e-04
4.515748e+01 4.172965e-04 4.907170e-04 3.770375e-04 3.841349e-04
4.520948e+01 4.058748e-04 4.786828e-04 3.682463e-04 3.706953e-04
4.526148e+01 3.946755e-04 4.667315e-04 3.590891e-04 3.582059e-04
4.531348e+01 3.837131e-04 4.544353e-04 3.498093e-04 3.468947e-04
4.536548e+01 3.729803e-04 4.414315e-04 3.407204e-04 3.367890e-04
4.541748e+01 3.624958e-04 4.275841e-04 3.321462e-04 3.277570e-04
4.546948e+01 3.523265e-04 4.130588e-04 3.243515e-04 3.195692e-04
4.552148e+01 3.425734e-04 3.982802e-04 3.174727e-04 3.119673e-04
4.557348e+01 3.333284e-04 3.837928e-04 3.114663e-04 3.047259e-04
4.562548e+01 3.246233e-04 3.700850e-04 3.060941e-04 2.976907e-04
4.567748e+01 3.163966e-04 3.574435e-04 3.009586e-04 2.907877e-04
4.572948e+01 3.084936e-04 3.458874e-04 2.955882e-04 2.840053e-04
4.578148e+01 3.007018e-04 3.351928e-04 2.895489e-04 2.773636e-04
4.583348e+01 2.928081e-04 3.249869e-04 2.825524e-04 2.708851e-04
4.588548e+01 2.846588e-04 3.148734e-04 2.745248e-04 2.645781e-04
4.593748e+01 2.761997e-04 3.045471e-04 2.656182e-04 2.584337e-04
4.598948e+01 2.674887e-04 2.938678e-04 2.561644e-04 2.524340e-04
4.604148e+01 2.586779e-04 2.828795e-04 2.465902e-04 2.465642e-04
4.609348e+01 2.499751e-04 2.717781e-04 2.373218e-04 2.408254e-04
4.614548e+01 2.415994e-04 2.608468e-04 2.287056e-04 2.352460e-04
4.619748e+01 2.337454e-04 2.503817e-04 2.209655e-04 2.298891e-04
4.624948e+01 2.265627e-04 2.406319e-04 2.142002e-04 2.248560e-04
4.630148e+01 2.201532e-04 2.317668e-04 2.084113e-04 2.202813e-04
4.635348e+01 2.145768e-04 2.238705e-04 2.035415e-04 2.163184e-04
4.640548e+01 2.098560e-04 2.169527e-04 1.995045e-04 2.131107e-04
4.645748e+01 2.059693e-04 2.109625e-04 1.961938e-04 2.107517e-04
4.650948e+01 2.028370e-04 2.057951e-04 1.934762e-04 2.092399e-04
4.656148e+01 2.003074e-04 2.012964e-04 1.911834e-04 2.084425e-04
4.661348e+01 1.981587e-04 1.972728e-04 1.891179e-04 2.080853e-04
4.666548e+01 1.961251e-04 1.935163e-04 1.870799e-04 2.077791e-04
4.671748e+01 1.939451e-04 1.898450e-04 1.849067e-04 2.070836e-04
4.676948e+01 1.914148e-04 1.861432e-04 1.825074e-04 2.055940e-04
4.682148e+01 1.884271e-04 1.823838e-04 1.798742e-04 2.030232e-04
4.687348e+01 1.849799e-04 1.786192e-04 1.770669e-04 1.992536e-04
4.692548e+01 1.811539e-04 1.749420e-04 1.741777e-04 1.943421e-04
4.697748e+01 1.770724e-04 1.714372e-04 1.712968e-04 1.884833e-04
4.702948e+01 1.728653e-04 1.681475e-04 1.684959e-04 1.819525e-04
4.708148e+01 1.686530e-04 1.650700e-04 1.658336e-04 1.750554e-04
4.713348e+01 1.645542e-04 1.621833e-04 1.633780e-04 1.681013e-04
4.718548e+01 1.607057e-04 1.594857e-04 1.612273e-04 1.614042e-04
4.723748e+01 1.572784e-04 1.570238e-04 1.595180e-04 1.552933e-04
4.728948e+01 1.544770e-04 1.548996e-04 1.584158e-04 1.501155e-04
4.734148e+01 1.525222e-04 1.532583e-04 1.580943e-04 1.462140e-04
4.739348e+01 1.516229e-04 1.522711e-04 1.587139e-04 1.438836e-04
4.744548e+01 1.519488e-04 1.521220e-04 1.604055e-04 1.433187e-04
4.749748e+01 1.536104e-04 1.530000e-04 1.632578e-04 1.445734e-04
4.754948e+01 1.566478e-04 1.550851e-04 1.673038e-04 1.475547e-04
4.760148e+01 1.610257e-04 1.585195e-04 1.725033e-04 1.520542e-04
4.765348e+01 1.666332e-04 1.633632e-04 1.787283e-04 1.578080e-04
4.770548e+01 1.732903e-04 1.695467e-04 1.857614e-04 1.645627e-04
4.775748e+01 1.807582e-04 1.768402e-04 1.933142e-04 1.721201e-04
4.780948e+01 1.887549e-04 1.848564e-04 2.010653e-04 1.803431e-04
4.786148e+01 1.969728e-04 1.930930e-04 2.087042e-04 1.891211e-04
4.791348e+01 2.050963e-04 2.010070e-04 2.159703e-04 1.983115e-04
4.796548e+01 2.128224e-04 2.081044e-04 2.226750e-04 2.076878e-04
4.801748e+01 2.198822e-04 2.140218e-04 2.287067e-04 2.169183e-04
4.806948e+01 2.260625e-04 2.185779e-04 2.340218e-04 2.255878e-04
4.812148e+01 2.312213e-04 2.217816e-04 2.386273e-04 2.332552e-04
4.817348e+01 2.352929e-04 2.237936e-04 2.425594e-04 2.395256e-04
4.822548e+01 2.382766e-04 2.248568e-04 2.458590e-04 2.441138e-04
4.827748e+01 2.402157e-04 2.252173e-04 2.485477e-04 2.468822e-04
4.832948e+01 2.411728e-04 2.250636e-04 2.506075e-04 2.478472e-04
4.838148e+01 2.412108e-04 2.245024e-04 2.519728e-04 2.471571e-04
4.843348e+01 2.403880e-04 2.235733e-04 2.525381e-04 2.450525e-04
4.848548e+01 2.387647e-04 2.222906e-04 2.521840e-04 2.418195e-04
4.853748e+01 2.364174e-04 2.206884e-04 2.508131e-04 2.377508e-04
4.858948e+01 2.334508e-04 2.188475e-04 2.483843e-04 2.331207e-04
4.864148e+01 2.300004e-04 2.168936e-04 2.449315e-04 2.281761e-04
4.869348e+01 2.262216e-04 2.149670e-04 2.405631e-04 2.231349e-04
4.874548e+01 2.222684e-04 2.131813e-04 2.354445e-04 2.181795e-04
4.879748e+01 2.182664e-04 2.115872e-04 2.297732e-04 2.134387e-04
4.884948e+01 2.142902e-04 2.101552e-04 2.237554e-04 2.089600e-04
4.890148e+01 2.103510e-04 2.087793e-04 2.175853e-04 2.046886e-04
4.895348e+01 2.063963e-04 2.072937e-04 2.114274e-04 2.004679e-04
4.900548e+01 2.023214e-04 2.054940e-04 2.053976e-04 1.960725e-04
4.905748e+01 1.979890e-04 2.031543e-04 1.995455e-04 1.912673e-04
4.910948e+01 1.932549e-04 2.000464e-04 1.938446e-04 1.858738e-04
4.916148e+01 1.879959e-04 1.959665e-04 1.881976e-04 1.798236e-04
4.921348e+01 1.821412e-04 1.907805e-04 1.824622e-04 1.731810e-04
4.926548e+01 1.757059e-04 1.844860e-04 1.764943e-04 1.661375e-04
4.931748e+01 1.688231e-04 1.772796e-04 1.702014e-04 1.589884e-04
4.936948e+01 1.617711e-04 1.696089e-04 1.635958e-04 1.521086e-04
4.942148e+01 1.549846e-04 1.621846e-04 1.568359e-04 1.459332e-04
4.947348e+01 1.490385e-04 1.559331e-04 1.502424e-04 1.409401e-04
4.952548e+01 1.445904e-04 1.518815e-04 1.442746e-04 1.376151e-04
4.957748e+01 1.422776e-04 1.509832e-04 1.394606e-04 1.363890e-04
4.962948e+01 1.425805e-04 1.539134e-04 1.362852e-04 1.375428e-04
4.968148e+01 1.456807e-04 1.608792e-04 1.350594e-04 1.411036e-04
4.973348e+01 1.513577e-04 1.714986e-04 1.358108e-04 1.467638e-04
4.978548e+01 1.589623e-04 1.847901e-04 1.382343e-04 1.538627e-04
4.983748e+01 1.674897e-04 1.992894e-04 1.417279e-04 1.614517e-04
4.988948e+01 1.757397e-04 2.132729e-04 1.455079e-04 1.684383e-04
4.994148e+01 1.825278e-04 2.250369e-04 1.487721e-04 1.737744e-04
4.999348e+01 1.868906e-04 2.331703e-04 1.508600e-04 1.766414e-04
5.004548e+01 1.882374e-04 2.367624e-04 1.513647e-04 1.765850e-04
5.009748e+01 1.864169e-04 2.355110e-04 1.501712e-04 1.735683e-04
5.014948e+01 1.816932e-04 2.297185e-04 1.474210e-04 1.679401e-04
5.020148e+01 1.746509e-04 2.201907e-04 1.434283e-04 1.603337e-04
5.025348e+01 1.660583e-04 2.080644e-04 1.385824e-04 1.515281e-04
5.030548e+01 1.567241e-04 1.946018e-04 1.332647e-04 1.423058e-04
5.035748e+01 1.473757e-04 1.809904e-04 1.277985e-04 1.333383e-04
5.040948e+01 1.385777e-04 1.681847e-04 1.224310e-04 1.251174e-04
5.046148e+01 1.306963e-04 1.568138e-04 1.173368e-04 1.179384e-04
5.051348e+01 1.239057e-04 1.471641e-04 1.126301e-04 1.119230e-04
5.056548e+01 1.182220e-04 1.392274e-04 1.083756e-04 1.070631e-04
5.061748e+01 1.135504e-04 1.327887e-04 1.045970e-04 1.032656e-04
5.066948e+01 1.097319e-04 1.275265e-04 1.012846e-04 1.003846e-04
5.072148e+01 1.065811e-04 1.230990e-04 9.840415e-05 9.824017e-05
5.077348e+01 1.039144e-04 1.192045e-04 9.590725e-05 9.663135e-05
5.082548e+01 1.015685e-04 1.156140e-04 9.374124e-05 9.535024e-05
5.087748e+01 9.941310e-05 1.121815e-04 9.185540e-05 9.420241e-05
5.092948e+01 9.735714e-05 1.088391e-04 9.020313e-05 9.302923e-05
5.098148e+01 9.534874e-05 1.055800e-04 8.874108e-05 9.172508e-05
5.103348e+01 9.336732e-05 1.024329e-04 8.742651e-05 9.024257e-05
5.108548e+01 9.140948e-05 9.943002e-05 8.621387e-05 8.858455e-05
5.113748e+01 8.947245e-05 9.657939e-05 8.505115e-05 8.678680e-05
5.118948e+01 8.754146e-05 9.384834e-05 8.387765e-05 8.489838e-05
5.124148e+01 8.558661e-05 9.116783e-05 8.262606e-05 8.296595e-05
5.129348e+01 8.357127e-05 8.845742e-05 8.123084e-05 8.102554e-05
5.134548e+01 8.146894e-05 8.566240e-05 7.964239e-05 7.910203e-05
5.139748e+01 7.928141e-05 8.278769e-05 7.784220e-05 7.721433e-05
5.144948e+01 7.704974e-05 7.991335e-05 7.585277e-05 7.538309e-05
5.150148e+01 7.485257e-05 7.718313e-05 7.373737e-05 7.363722e-05
5.155348e+01 7.279144e-05 7.476899e-05 7.158898e-05 7.201633e-05
5.160548e+01 7.096780e-05 7.282409e-05 6.951239e-05 7.056693e-05
5.165748e+01 6.945954e-05 7.144084e-05 6.760506e-05 6.933272e-05
5.170948e+01 6.830374e-05 7.062791e-05 6.594178e-05 6.834153e-05
5.176148e+01 6.749002e-05 7.031201e-05 6.456500e-05 6.759304e-05
5.181348e+01 6.696487e-05 7.036137e-05 6.348107e-05 6.705218e-05
5.186548e+01 6.664454e-05 7.062130e-05 6.266111e-05 6.665122e-05
5.191748e+01 6.643276e-05 7.094973e-05 6.204660e-05 6.630195e-05
5.196948e+01 6.623904e-05 7.124226e-05 6.155944e-05 6.591541e-05
5.202148e+01 6.599366e-05 7.144075e-05 6.111595e-05 6.542429e-05
5.207348e+01 6.565607e-05 7.152592e-05 6.064203e-05 6.480025e-05
5.212548e+01 6.521484e-05 7.149992e-05 6.008538e-05 6.405921e-05
5.217748e+01 6.467998e-05 7.136791e-05 5.942083e-05 6.325119e-05
5.222948e+01 6.407050e-05 7.112634e-05 5.864740e-05 6.243778e-05
5.228148e+01 6.340219e-05 7.076115e-05 5.777921e-05 6.166622e-05
5.233348e+01 6.267985e-05 7.025316e-05 5.683513e-05 6.095128e-05
5.238548e+01 6.189643e-05 6.958502e-05 5.583176e-05 6.027249e-05
5.243748e+01 6.103834e-05 6.874547e-05 5.478232e-05 5.958723e-05
5.248948e+01 6.009436e-05 6.773006e-05 5.370012e-05 5.885290e-05
5.254148e+01 5.906431e-05 6.654136e-05 5.260330e-05 5.804827e-05
5.259348e+01 5.796482e-05 6.519186e-05 5.151711e-05 5.718550e-05
5.264548e+01 5.683060e-05 6.370983e-05 5.047248e-05 5.630949e-05
5.269748e+01 5.571140e-05 6.214523e-05 4.950214e-05 5.548683e-05
5.274948e+01 5.466582e-05 6.057079e-05 4.863703e-05 5.478964e-05
5.280148e+01 5.375332e-05 5.907516e-05 4.790470e-05 5.428010e-05
5.285348e+01 5.302553e-05 5.774844e-05 4.732935e-05 5.399881e-05
5.290548e+01 5.251731e-05 5.666415e-05 4.693061e-05 5.395716e-05
5.295748e+01 5.223846e-05 5.586367e-05 4.671910e-05 5.413260e-05
5.300948e+01 5.216779e-05 5.534792e-05 4.668889e-05 5.446656e-05
5.306148e+01 5.225202e-05 5.507878e-05 4.681070e-05 5.486658e-05
5.311348e+01 5.241194e-05 5.498919e-05 4.703104e-05 5.521559e-05
5.316548e+01 5.255614e-05 5.499829e-05 4.728043e-05 5.538970e-05
5.321748e+01 5.259977e-05 5.502750e-05 4.748965e-05 5.528216e-05
5.326948e+01 5.248283e-05 5.501369e-05 4.760760e-05 5.482720e-05
5.332148e+01 5.218223e-05 5.491739e-05 4.761299e-05 5.401631e-05
5.337348e+01 5.171364e-05 5.472522e-05 4.751413e-05 5.290155e-05
5.342548e+01 5.112309e-05 5.444725e-05 4.733701e-05 5.158501e-05
5.347748e+01 5.047200e-05 5.411043e-05 4.710797e-05 5.019760e-05
5.352948e+01 4.982084e-05 5.374966e-05 4.683978e-05 4.887308e-05
5.358148e+01 4.921641e-05 5.339834e-05 4.652814e-05 4.772276e-05
5.363348e+01 4.868526e-05 5.308013e-05 4.615948e-05 4.681618e-05
5.368548e+01 4.823339e-05 5.280381e-05 4.572513e-05 4.617123e-05
5.373748e+01 4.785043e-05 5.256216e-05 4.523331e-05 4.575583e-05
5.378948e+01 4.751592e-05 5.233476e-05 4.471206e-05 4.550095e-05
5.384148e+01 4.720521e-05 5.209339e-05 4.420073e-05 4.532153e-05
5.389348e+01 4.689387e-05 5.180815e-05 4.373413e-05 4.513935e-05
5.394548e+01 4.656033e-05 5.145250e-05 4.332675e-05 4.490174e-05
5.399748e+01 4.618781e-05 5.100718e-05 4.296500e-05 4.459126e-05
5.404948e+01 4.576657e-05 5.046337e-05 4.261132e-05 4.422502e-05
5.410148e+01 4.529661e-05 4.982611e-05 4.221862e-05 4.384509e-05
5.415348e+01 4.478986e-05 4.911728e-05 4.174867e-05 4.350362e-05
5.420548e+01 4.427005e-05 4.837646e-05 4.118651e-05 4.324717e-05
5.425748e+01 4.376910e-05 4.765721e-05 4.054555e-05 4.310455e-05
5.430948e+01 4.332030e-05 4.701748e-05 3.986213e-05 4.308130e-05
5.436148e+01 4.295042e-05 4.650563e-05 3.918350e-05 4.316214e-05
5.441348e+01 4.267349e-05 4.614586e-05 3.855465e-05 4.331997e-05
5.446548e+01 4.248843e-05 4.592862e-05 3.800902e-05 4.352765e-05
5.451748e+01 4.238094e-05 4.581015e-05 3.756490e-05 4.376777e-05
5.456948e+01 4.232823e-05 4.572238e-05 3.722630e-05 4.403601e-05
5.462148e+01 4.230420e-05 4.559054e-05 3.698551e-05 4.433656e-05
5.467348e+01 4.228289e-05 4.535243e-05 3.682502e-05 4.467121e-05
5.472548e+01 4.223944e-05 4.497311e-05 3.671834e-05 4.502685e-05
5.477748e+01 4.214952e-05 4.445011e-05 3.663114e-05 4.536732e-05
5.482948e+01 4.198890e-05 4.380839e-05 3.652449e-05 4.563383e-05
5.488148e+01 4.173480e-05 4.308830e-05 3.636097e-05 4.575514e-05
5.493348e+01 4.136945e-05 4.233160e-05 3.611243e-05 4.566431e-05
5.498548e+01 4.088458e-05 4.157114e-05 3.576664e-05 4.531594e-05
5.503748e+01 4.028491e-05 4.082698e-05 3.533024e-05 4.469749e-05
5.508948e+01 3.958870e-05 4.010842e-05 3.482681e-05 4.383086e-05
5.514148e+01 3.882477e-05 3.941927e-05 3.429090e-05 4.276414e-05
5.519348e+01 3.802690e-05 3.876261e-05 3.376048e-05 4.155760e-05
5.524548e+01 3.722740e-05 3.814248e-05 3.327006e-05 4.026965e-05
5.529748e+01 3.645202e-05 3.756213e-05 3.284615e-05 3.894778e-05
5.534948e+01 3.571733e-05 3.702029e-05 3.250497e-05 3.762672e-05
5.540148e+01 3.503065e-05 3.650771e-05 3.225199e-05 3.633225e-05
5.545348e+01 3.439174e-05 3.600616e-05 3.208242e-05 3.508663e-05
5.550548e+01 3.379480e-05 3.549047e-05 3.198227e-05 3.391166e-05
5.555748e+01 3.323028e-05 3.493333e-05 3.193029e-05 3.282720e-05
5.560948e+01 3.268612e-05 3.431147e-05 3.190067e-05 3.184622e-05
5.566148e+01 3.214919e-05 3.361130e-05 3.186642e-05 3.096985e-05
5.571348e+01 3.160720e-05 3.283266e-05 3.180294e-05 3.018602e-05
5.576548e+01 3.105131e-05 3.198979e-05 3.169108e-05 2.947305e-05
5.581748e+01 3.047853e-05 3.110953e-05 3.151914e-05 2.880692e-05
5.586948e+01 2.989318e-05 3.022737e-05 3.128332e-05 2.816885e-05
5.592148e+01 2.930621e-05 2.938240e-05 3.098650e-05 2.754974e-05
5.597348e+01 2.873256e-05 2.861171e-05 3.063566e-05 2.695033e-05
5.602548e+01 2.818711e-05 2.794508e-05 3.023850e-05 2.637776e-05
5.607748e+01 2.768090e-05 2.740076e-05 2.980062e-05 2.584134e-05
5.612948e+01 2.721919e-05 2.698340e-05 2.932437e-05 2.534981e-05
5.618148e+01 2.680211e-05 2.668518e-05 2.880993e-05 2.491121e-05
5.623348e+01 2.642746e-05 2.648987e-05 2.825807e-05 2.453442e-05
5.628548e+01 2.609397e-05 2.637832e-05 2.767314e-05 2.423046e-05
5.633748e+01 2.580300e-05 2.633258e-05 2.706479e-05 2.401164e-05
5.638948e+01 2.555752e-05 2.633670e-05 2.644768e-05 2.388816e-05
5.644148e+01 2.535898e-05 2.637392e-05 2.583983e-05 2.386318e-05
5.649348e+01 2.520405e-05 2.642266e-05 2.526063e-05 2.392887e-05
5.654548e+01 2.508331e-05 2.645459e-05 2.472967e-05 2.406568e-05
5.659748e+01 2.498304e-05 2.643733e-05 2.426600e-05 2.424581e-05
5.664948e+01 2.488946e-05 2.634175e-05 2.388684e-05 2.443979e-05
5.670148e+01 2.479323e-05 2.615090e-05 2.360492e-05 2.462386e-05
5.675348e+01 2.469214e-05 2.586672e-05 2.342455e-05 2.478513e-05
5.680548e+01 2.459070e-05 2.551112e-05 2.333826e-05 2.492271e-05
5.685748e+01 2.449722e-05 2.512082e-05 2.332590e-05 2.504494e-05
5.690948e+01 2.441988e-05 2.473785e-05 2.335757e-05 2.516421e-05
5.696148e+01 2.436348e-05 2.439925e-05 2.339969e-05 2.529149e-05
5.701348e+01 2.432798e-05 2.412953e-05 2.342211e-05 2.543230e-05
5.706548e+01 2.430868e-05 2.393765e-05 2.340367e-05 2.558471e-05
5.711748e+01 2.429741e-05 2.381812e-05 2.333487e-05 2.573923e-05
5.716948e+01 2.428404e-05 2.375463e-05 2.321724e-05 2.588025e-05
5.722148e+01 2.425794e-05 2.372426e-05 2.306075e-05 2.598881e-05
5.727348e+01 2.420936e-05 2.370117e-05 2.288048e-05 2.604641e-05
5.732548e+01 2.413083e-05 2.365972e-05 2.269349e-05 2.603927e-05
5.737748e+01 2.401844e-05 2.357735e-05 2.251618e-05 2.596178e-05
5.742948e+01 2.387243e-05 2.343730e-05 2.236217e-05 2.581784e-05
5.748148e+01 2.369699e-05 2.323078e-05 2.224072e-05 2.561947e-05
5.753348e+01 2.349901e-05 2.295783e-05 2.215617e-05 2.538303e-05
5.758548e+01 2.328643e-05 2.262642e-05 2.210852e-05 2.512434e-05
5.763748e+01 2.306655e-05 2.224998e-05 2.209507e-05 2.485462e-05
5.768948e+01 2.284497e-05 2.184394e-05 2.211217e-05 2.457881e-05
5.774148e+01 2.262529e-05 2.142256e-05 2.215646e-05 2.429686e-05
5.779348e+01 2.240980e-05 2.099691e-05 2.222487e-05 2.400762e-05
5.784548e+01 2.220074e-05 2.057441e-05 2.231400e-05 2.371381e-05
5.789748e+01 2.200183e-05 2.015996e-05 2.241969e-05 2.342584e-05
5.794948e+01 2.181906e-05 1.975753e-05 2.253728e-05 2.316238e-05
5.800148e+01 2.165999e-05 1.937128e-05 2.266228e-05 2.294641e-05
5.805348e+01 2.153095e-05 1.900503e-05 2.279037e-05 2.279743e-05
5.810548e+01 2.143247e-05 1.865994e-05 2.291552e-05 2.272196e-05
5.815748e+01 2.135416e-05 1.833071e-05 2.302592e-05 2.270583e-05
5.820948e+01 2.127062e-05 1.800195e-05 2.309898e-05 2.271092e-05
5.826148e+01 2.114026e-05 1.764601e-05 2.309719e-05 2.267760e-05
5.831348e+01 2.090760e-05 1.722385e-05 2.296722e-05 2.253172e-05
5.836548e+01 2.050902e-05 1.668927e-05 2.264339e-05 2.219438e-05
5.841748e+01 1.988137e-05 1.599602e-05 2.205591e-05 2.159217e-05
5.846948e+01 1.897219e-05 1.510644e-05 2.114290e-05 2.066722e-05
5.852148e+01 1.775050e-05 1.400017e-05 1.986449e-05 1.938683e-05
