3.835175e+00 0.000000e+00 0.000000e+00 0.000000e+00 0.000000e+00
3.887175e+00 0.000000e+00 0.000000e+00 0.000000e+00 0.000000e+00
3.939175e+00 0.000000e+00 0.000000e+00 0.000000e+00 0.000000e+00
3.991175e+00 0.000000e+00 0.000000e+00 0.000000e+00 0.000000e+00
4.043175e+00 0.000000e+00 0.000000e+00 0.000000e+00 0.000000e+00
4.095175e+00 0.000000e+00 0.000000e+00 0.000000e+00 0.000000e+00
4.147175e+00 0.000000e+00 0.000000e+00 0.000000e+00 0.000000e+00
4.199175e+00 0.000000e+00 0.000000e+00 0.000000e+00 0.000000e+00
4.251175e+00 0.000000e+00 0.000000e+00 0.000000e+00 0.000000e+00
4.303175e+00 0.000000e+00 0.000000e+00 0.000000e+00 0.000000e+00
4.355175e+00 0.000000e+00 0.000000e+00 0.000000e+00 0.000000e+00
4.407175e+00 0.000000e+00 0.000000e+00 0.000000e+00 0.000000e+00
4.459175e+00 0.000000e+00 0.000000e+00 0.000000e+00 0.000000e+00
4.511175e+00 0.000000e+00 0.000000e+00 0.000000e+00 0.000000e+00
4.563175e+00 0.000000e+00 0.000000e+00 0.000000e+00 0.000000e+00
4.615175e+00 0.000000e+00 0.000000e+00 0.000000e+00 0.000000e+00
4.667175e+00 0.000000e+00 0.000000e+00 0.000000e+00 0.000000e+00
4.719175e+00 0.000000e+00 0.000000e+00 0.000000e+00 0.000000e+00
4.771175e+00 0.000000e+00 0.000000e+00 0.000000e+00 0.000000e+00
4.823175e+00 0.000000e+00 0.000000e+00 0.000000e+00 0.000000e+00
4.875175e+00 0.000000e+00 0.000000e+00 0.000000e+00 0.000000e+00
4.927175e+00 0.000000e+00 0.000000e+00 0.000000e+00 0.000000e+00
4.979175e+00 0.000000e+00 0.000000e+00 0.000000e+00 0.000000e+00
5.031175e+00 0.000000e+00 0.000000e+00 0.000000e+00 0.000000e+00
5.083175e+00 0.000000e+00 0.000000e+00 0.000000e+00 0.000000e+00
5.135175e+00 0.000000e+00 0.000000e+00 0.000000e+00 0.000000e+00
5.187175e+00 0.000000e+00 0.000000e+00 0.000000e+00 0.000000e+00
5.239175e+00 0.000000e+00 0.000000e+00 0.000000e+00 0.000000e+00
5.291175e+00 0.000000e+00 0.000000e+00 0.000000e+00 0.000000e+00
5.343175e+00 0.000000e+00 0.000000e+00 0.000000e+00 0.000000e+00
5.395175e+00 0.000000e+00 0.000000e+00 0.000000e+00 0.000000e+00
5.447175e+00 0.000000e+00 0.000000e+00 0.000000e+00 0.000000e+00
5.499175e+00 0.000000e+00 0.000000e+00 0.000000e+00 0.000000e+00
5.551175e+00 0.000000e+00 0.000000e+00 0.000000e+00 0.000000e+00
5.603175e+00 0.000000e+00 0.000000e+00 0.000000e+00 0.000000e+00
5.655175e+00 0.000000e+00 0.000000e+00 0.000000e+00 0.000000e+00
5.707175e+00 0.000000e+00 0.000000e+00 0.000000e+00 0.000000e+00
5.759175e+00 0.000000e+00 0.000000e+00 0.000000e+00 0.000000e+00
5.811175e+00 0.000000e+00 0.000000e+00 0.000000e+00 0.000000e+00
5.863175e+00 0.000000e+00 0.000000e+00 0.000000e+00 0.000000e+00
5.915175e+00 0.000000e+00 0.000000e+00 0.000000e+00 0.000000e+00
5.967175e+00 0.000000e+00 0.000000e+00 0.000000e+00 0.000000e+00
6.019175e+00 0.000000e+00 0.000000e+00 0.000000e+00 0.000000e+00
6.071175e+00 0.000000e+00 0.000000e+00 0.000000e+00 0.000000e+00
6.123175e+00 0.000000e+00 0.000000e+00 0.000000e+00 0.000000e+00
6.175175e+00 0.000000e+00 0.000000e+00 0.000000e+00 0.000000e+00
6.227175e+00 0.000000e+00 0.000000e+00 0.000000e+00 0.000000e+00
6.279175e+00 0.000000e+00 0.000000e+00 0.000000e+00 0.000000e+00
6.331175e+00 0.000000e+00 0.000000e+00 0.000000e+00 0.000000e+00
6.383175e+00 0.000000e+00 0.000000e+00 0.000000e+00 0.000000e+00
6.435175e+00 0.000000e+00 0.000000e+00 0.000000e+00 0.000000e+00
6.487175e+00 0.000000e+00 0.000000e+00 0.000000e+00 0.000000e+00
6.539175e+00 0.000000e+00 0.000000e+00 0.000000e+00 0.000000e+00
6.591175e+00 0.000000e+00 0.000000e+00 0.000000e+00 0.000000e+00
6.643175e+00 0.000000e+00 0.000000e+00 0.000000e+00 0.000000e+00
6.695175e+00 0.000000e+00 0.000000e+00 0.000000e+00 0.000000e+00
6.747175e+00 0.000000e+00 0.000000e+00 0.000000e+00 0.000000e+00
6.799175e+00 0.000000e+00 0.000000e+00 0.000000e+00 0.000000e+00
6.851175e+00 0.000000e+00 0.000000e+00 0.000000e+00 0.000000e+00
6.903175e+00 0.000000e+00 0.000000e+00 0.000000e+00 0.000000e+00
6.955175e+00 0.000000e+00 0.000000e+00 0.000000e+00 0.000000e+00
7.007175e+00 0.000000e+00 0.000000e+00 0.000000e+00 0.000000e+00
7.059175e+00 0.000000e+00 0.000000e+00 0.000000e+00 0.000000e+00
7.111175e+00 0.000000e+00 0.000000e+00 0.000000e+00 0.000000e+00
7.163175e+00 0.000000e+00 0.000000e+00 0.000000e+00 0.000000e+00
7.215175e+00 0.000000e+00 0.000000e+00 0.000000e+00 0.000000e+00
7.267175e+00 0.000000e+00 0.000000e+00 0.000000e+00 0.000000e+00
7.319175e+00 0.000000e+00 0.000000e+00 0.000000e+00 0.000000e+00
7.371175e+00 0.000000e+00 0.000000e+00 0.000000e+00 0.000000e+00
7.423175e+00 0.000000e+00 0.000000e+00 0.000000e+00 0.000000e+00
7.475175e+00 0.000000e+00 0.000000e+00 0.000000e+00 0.000000e+00
7.527175e+00 0.000000e+00 0.000000e+00 0.000000e+00 0.000000e+00
7.579175e+00 0.000000e+00 0.000000e+00 0.000000e+00 0.000000e+00
7.631175e+00 0.000000e+00 0.000000e+00 0.000000e+00 0.000000e+00
7.683175e+00 2.832343e-14 4.112960e-15 4.095437e-14 3.990296e-14
7.735175e+00 1.296307e-13 1.882419e-14 1.874400e-13 1.826279e-13
7.787175e+00 5.545125e-13 8.052301e-14 8.017995e-13 7.812151e-13
7.839175e+00 2.747350e-12 4.586265e-13 3.973209e-12 3.810216e-12
7.891175e+00 1.062437e-11 1.804118e-12 1.536252e-11 1.470646e-11
7.943175e+00 3.943317e-11 6.922162e-12 5.699902e-11 5.437833e-11
7.995175e+00 1.354703e-10 2.432928e-11 1.957542e-10 1.863275e-10
8.047175e+00 4.388261e-10 8.080251e-11 6.338357e-10 6.018402e-10
8.099175e+00 1.339078e-09 2.529898e-10 1.933243e-09 1.831001e-09
8.151175e+00 3.855321e-09 7.480332e-10 5.562695e-09 5.255234e-09
8.203175e+00 1.048411e-08 2.090497e-09 1.511707e-08 1.424477e-08
8.255175e+00 2.695166e-08 5.524194e-09 3.883171e-08 3.649907e-08
8.307175e+00 6.556189e-08 1.381187e-08 9.438104e-08 8.849276e-08
8.359175e+00 1.510486e-07 3.268953e-08 2.172477e-07 2.032086e-07
8.411175e+00 3.299016e-07 7.327685e-08 4.740408e-07 4.423872e-07
8.463175e+00 6.836673e-07 1.556502e-07 9.814689e-07 9.138828e-07
8.515175e+00 1.345544e-06 3.134699e-07 1.930035e-06 1.793128e-06
8.567175e+00 2.517517e-06 5.989263e-07 3.608660e-06 3.344964e-06
8.619175e+00 4.482875e-06 1.086430e-06 6.423232e-06 5.938963e-06
8.671175e+00 7.607428e-06 1.872730e-06 1.090014e-05 1.004941e-05
8.723175e+00 1.232399e-05 3.071109e-06 1.766793e-05 1.623293e-05
8.775175e+00 1.910004e-05 4.798502e-06 2.741757e-05 2.508403e-05
8.827175e+00 2.839713e-05 7.157013e-06 4.085380e-05 3.718059e-05
8.879175e+00 4.063847e-05 1.021444e-05 5.865917e-05 5.304181e-05
8.931175e+00 5.620082e-05 1.399031e-05 8.149088e-05 7.312126e-05
8.983175e+00 7.543379e-05 1.845249e-05 1.100097e-04 9.783925e-05
9.035175e+00 9.868481e-05 2.352448e-05 1.449050e-04 1.276250e-04
9.087175e+00 1.262846e-04 2.909638e-05 1.868510e-04 1.629063e-04
9.139175e+00 1.584460e-04 3.502888e-05 2.363279e-04 2.039812e-04
9.191175e+00 1.950616e-04 4.114280e-05 2.932957e-04 2.507465e-04
9.243175e+00 2.354427e-04 4.719802e-05 3.567879e-04 3.023421e-04
9.295175e+00 2.780986e-04 5.287873e-05 4.245739e-04 3.568432e-04
9.347175e+00 3.206716e-04 5.780969e-05 4.930492e-04 4.111560e-04
9.399175e+00 3.601017e-04 6.162364e-05 5.574606e-04 4.612208e-04
9.451175e+00 3.930248e-04 6.408597e-05 6.124713e-04 5.025172e-04
9.503175e+00 4.163462e-04 6.526706e-05 6.529911e-04 5.307803e-04
9.555175e+00 4.278985e-04 6.574236e-05 6.751615e-04 5.427917e-04
9.607175e+00 4.271007e-04 6.679468e-05 6.773772e-04 5.371303e-04
9.659175e+00 4.155201e-04 7.058209e-05 6.611957e-04 5.147825e-04
9.711175e+00 3.972112e-04 8.021377e-05 6.319128e-04 4.795071e-04
9.763175e+00 3.786695e-04 9.965260e-05 5.985339e-04 4.378220e-04
9.815175e+00 3.682581e-04 1.333652e-04 5.729223e-04 3.984867e-04
9.867175e+00 3.750860e-04 1.856965e-04 5.681215e-04 3.714400e-04
9.919175e+00 4.075115e-04 2.600593e-04 5.961666e-04 3.663088e-04
9.971175e+00 4.716384e-04 3.581619e-04 6.659697e-04 3.907837e-04
1.002317e+01 5.702505e-04 4.795559e-04 7.819208e-04 4.492748e-04
1.007517e+01 7.025179e-04 6.217138e-04 9.435960e-04 5.422439e-04
1.012717e+01 8.645241e-04 7.806269e-04 1.146511e-03 6.664342e-04
1.017917e+01 1.050334e-03 9.516658e-04 1.383424e-03 8.159121e-04
1.023117e+01 1.253136e-03 1.130329e-03 1.645554e-03 9.835244e-04
1.028317e+01 1.466071e-03 1.312621e-03 1.923366e-03 1.162226e-03
1.033517e+01 1.682676e-03 1.495084e-03 2.207080e-03 1.345865e-03
1.038717e+01 1.897187e-03 1.674772e-03 2.487397e-03 1.529391e-03
1.043917e+01 2.105018e-03 1.849425e-03 2.756805e-03 1.708823e-03
1.049117e+01 2.303476e-03 2.017842e-03 3.011151e-03 1.881436e-03
1.054317e+01 2.492359e-03 2.180131e-03 3.250603e-03 2.046344e-03
1.059517e+01 2.673889e-03 2.337442e-03 3.479049e-03 2.205174e-03
1.064717e+01 2.851702e-03 2.491132e-03 3.701744e-03 2.362230e-03
1.069917e+01 3.029182e-03 2.641733e-03 3.922120e-03 2.523695e-03
1.075117e+01 3.207893e-03 2.788368e-03 4.139339e-03 2.695972e-03
1.080317e+01 3.386885e-03 2.929019e-03 4.347826e-03 2.883810e-03
1.085517e+01 3.563137e-03 3.061469e-03 4.538908e-03 3.089035e-03
1.090717e+01 3.732687e-03 3.184259e-03 4.703459e-03 3.310343e-03
1.095917e+01 3.891672e-03 3.296910e-03 4.833982e-03 3.544125e-03
1.101117e+01 4.036675e-03 3.399072e-03 4.925086e-03 3.785868e-03
1.106317e+01 4.164361e-03 3.488952e-03 4.972402e-03 4.031729e-03
1.111517e+01 4.270925e-03 3.561847e-03 4.971008e-03 4.279919e-03
1.116717e+01 4.352006e-03 3.609722e-03 4.914737e-03 4.531560e-03
1.121917e+01 4.403333e-03 3.622361e-03 4.797256e-03 4.790382e-03
1.127117e+01 4.421746e-03 3.589939e-03 4.614719e-03 5.060579e-03
1.132317e+01 4.405856e-03 3.506101e-03 4.368817e-03 5.342651e-03
1.137517e+01 4.355753e-03 3.370335e-03 4.068570e-03 5.628354e-03
1.142717e+01 4.271859e-03 3.188660e-03 3.729749e-03 5.897168e-03
1.147917e+01 4.153838e-03 2.972439e-03 3.371976e-03 6.117101e-03
1.153117e+01 4.000702e-03 2.736012e-03 3.014820e-03 6.251274e-03
1.158317e+01 3.812648e-03 2.494296e-03 2.674623e-03 6.269023e-03
1.163517e+01 3.594014e-03 2.261241e-03 2.363264e-03 6.157535e-03
1.168717e+01 3.355725e-03 2.049281e-03 2.088826e-03 5.929068e-03
1.173917e+01 3.115537e-03 1.869217e-03 1.857127e-03 5.620268e-03
1.179117e+01 2.895339e-03 1.729785e-03 1.672797e-03 5.283434e-03
1.184317e+01 2.716242e-03 1.636575e-03 1.539190e-03 4.972961e-03
1.189517e+01 2.593297e-03 1.590669e-03 1.457291e-03 4.731933e-03
1.194717e+01 2.531849e-03 1.587799e-03 1.424420e-03 4.583328e-03
1.199917e+01 2.526770e-03 1.618735e-03 1.433568e-03 4.528007e-03
1.205117e+01 2.564589e-03 1.670995e-03 1.473794e-03 4.548977e-03
1.210317e+01 2.627475e-03 1.731342e-03 1.531610e-03 4.619473e-03
1.215517e+01 2.697586e-03 1.788133e-03 1.592927e-03 4.711698e-03
1.220717e+01 2.760457e-03 1.832775e-03 1.645061e-03 4.803535e-03
1.225917e+01 2.806697e-03 1.860022e-03 1.678385e-03 4.881685e-03
1.231117e+01 2.831957e-03 1.867448e-03 1.687371e-03 4.941051e-03
1.236317e+01 2.835632e-03 1.854672e-03 1.670876e-03 4.981347e-03
1.241517e+01 2.819069e-03 1.822834e-03 1.631654e-03 5.002717e-03
1.246717e+01 2.784001e-03 1.774454e-03 1.575218e-03 5.002330e-03
1.251917e+01 2.731719e-03 1.713474e-03 1.508306e-03 4.973376e-03
1.257117e+01 2.663083e-03 1.645155e-03 1.437323e-03 4.906773e-03
1.262317e+01 2.579099e-03 1.575586e-03 1.367125e-03 4.794586e-03
1.267517e+01 2.481506e-03 1.510807e-03 1.300417e-03 4.633294e-03
1.272717e+01 2.372887e-03 1.455697e-03 1.237793e-03 4.425173e-03
1.277917e+01 2.256115e-03 1.412890e-03 1.178293e-03 4.177163e-03
1.283117e+01 2.133416e-03 1.381989e-03 1.120217e-03 3.898041e-03
1.288317e+01 2.005645e-03 1.359355e-03 1.061943e-03 3.595637e-03
1.293517e+01 1.872333e-03 1.338691e-03 1.002609e-03 3.275699e-03
1.298717e+01 1.732637e-03 1.312464e-03 9.425872e-04 2.942860e-03
1.303917e+01 1.586818e-03 1.273912e-03 8.836938e-04 2.602848e-03
1.309117e+01 1.437520e-03 1.219096e-03 8.290594e-04 2.264406e-03
1.314317e+01 1.290168e-03 1.148296e-03 7.825849e-04 1.939624e-03
1.319517e+01 1.152207e-03 1.066222e-03 7.479971e-04 1.642402e-03
1.324717e+01 1.031441e-03 9.809025e-04 7.277002e-04 1.385721e-03
1.329917e+01 9.341129e-04 9.016269e-04 7.217765e-04 1.178935e-03
1.335117e+01 8.634121e-04 8.366446e-04 7.275278e-04 1.026064e-03
1.340317e+01 8.188931e-04 7.913590e-04 7.398061e-04 9.255141e-04
1.345517e+01 7.968664e-04 7.674760e-04 7.521118e-04 8.710114e-04
1.350717e+01 7.915123e-04 7.631803e-04 7.581524e-04 8.532041e-04
1.355917e+01 7.962939e-04 7.740841e-04 7.533886e-04 8.614089e-04
1.361117e+01 8.052781e-04 7.945584e-04 7.361021e-04 8.851739e-04
1.366317e+01 8.141026e-04 8.190849e-04 7.076950e-04 9.155280e-04
1.371517e+01 8.204768e-04 8.433858e-04 6.722001e-04 9.458446e-04
1.376717e+01 8.242272e-04 8.652317e-04 6.352398e-04 9.722101e-04
1.381917e+01 8.269917e-04 8.849480e-04 6.028408e-04 9.931863e-04
1.387117e+01 8.317431e-04 9.057327e-04 5.805215e-04 1.008975e-03
1.392317e+01 8.423636e-04 9.339294e-04 5.729427e-04 1.020219e-03
1.397517e+01 8.634570e-04 9.793195e-04 5.841846e-04 1.026867e-03
1.402717e+01 9.004538e-04 1.055316e-03 6.184783e-04 1.027567e-03
1.407917e+01 9.598673e-04 1.178707e-03 6.810435e-04 1.019851e-03
1.413117e+01 1.049380e-03 1.368463e-03 7.786080e-04 1.001069e-03
1.418317e+01 1.177367e-03 1.643194e-03 9.192125e-04 9.696937e-04
1.423517e+01 1.351558e-03 2.017217e-03 1.111020e-03 9.264363e-04
1.428717e+01 1.576825e-03 2.495734e-03 1.360051e-03 8.746890e-04
1.433917e+01 1.852428e-03 3.070140e-03 1.667085e-03 8.200594e-04
1.439117e+01 2.169419e-03 3.714787e-03 2.024311e-03 7.691594e-04
1.444317e+01 2.509095e-03 4.386425e-03 2.412766e-03 7.280947e-04
1.449517e+01 2.843348e-03 5.027131e-03 2.801731e-03 7.011829e-04
1.454717e+01 3.137431e-03 5.570857e-03 3.151180e-03 6.902551e-04
1.459917e+01 3.355056e-03 5.952953e-03 3.417616e-03 6.945997e-04
1.465117e+01 3.465027e-03 6.121202e-03 3.562504e-03 7.113750e-04
1.470317e+01 3.447914e-03 6.046180e-03 3.561292e-03 7.362698e-04
1.475517e+01 3.300987e-03 5.728373e-03 3.410269e-03 7.643175e-04
1.480717e+01 3.039846e-03 5.199792e-03 3.128831e-03 7.909161e-04
1.485917e+01 2.696074e-03 4.519051e-03 2.756068e-03 8.131019e-04
1.491117e+01 2.311404e-03 3.760725e-03 2.342566e-03 8.309216e-04
1.496317e+01 1.930037e-03 3.001706e-03 1.939946e-03 8.484579e-04
1.501517e+01 1.591157e-03 2.308289e-03 1.591278e-03 8.739043e-04
1.506717e+01 1.323469e-03 1.727320e-03 1.324839e-03 9.182494e-04
1.511917e+01 1.142628e-03 1.283098e-03 1.152175e-03 9.926123e-04
1.517117e+01 1.051475e-03 9.796227e-04 1.069913e-03 1.104889e-03
1.522317e+01 1.042288e-03 8.061807e-04 1.063855e-03 1.256828e-03
1.527517e+01 1.100074e-03 7.437333e-04 1.113784e-03 1.442704e-03
1.532717e+01 1.206106e-03 7.701317e-04 1.197872e-03 1.650316e-03
1.537917e+01 1.341203e-03 8.632794e-04 1.296114e-03 1.864217e-03
1.543117e+01 1.488418e-03 1.002430e-03 1.392593e-03 2.070231e-03
1.548317e+01 1.634886e-03 1.168425e-03 1.476536e-03 2.259697e-03
1.553517e+01 1.772631e-03 1.343758e-03 1.542211e-03 2.431924e-03
1.558717e+01 1.898302e-03 1.513052e-03 1.587912e-03 2.593943e-03
1.563917e+01 2.012065e-03 1.664040e-03 1.614497e-03 2.757656e-03
1.569117e+01 2.116058e-03 1.788721e-03 1.624081e-03 2.935373e-03
1.574317e+01 2.212862e-03 1.884113e-03 1.619355e-03 3.135119e-03
1.579517e+01 2.304218e-03 1.952077e-03 1.603637e-03 3.356942e-03
1.584717e+01 2.390112e-03 1.998032e-03 1.581309e-03 3.590996e-03
1.589917e+01 2.468258e-03 2.028881e-03 1.558102e-03 3.817789e-03
1.595117e+01 2.534141e-03 2.050850e-03 1.540791e-03 4.010782e-03
1.600317e+01 2.581854e-03 2.068042e-03 1.536238e-03 4.141282e-03
1.605517e+01 2.605751e-03 2.082178e-03 1.550069e-03 4.185006e-03
1.610717e+01 2.602534e-03 2.093369e-03 1.585443e-03 4.128789e-03
1.615917e+01 2.572960e-03 2.101317e-03 1.642277e-03 3.975287e-03
1.621117e+01 2.522303e-03 2.106136e-03 1.717116e-03 3.743657e-03
1.626317e+01 2.459150e-03 2.108332e-03 1.803628e-03 3.465490e-03
1.631517e+01 2.392907e-03 2.108019e-03 1.893624e-03 3.177078e-03
1.636717e+01 2.331011e-03 2.103967e-03 1.978432e-03 2.910634e-03
1.641917e+01 2.276984e-03 2.093181e-03 2.050369e-03 2.687402e-03
1.647117e+01 2.230068e-03 2.071470e-03 2.104007e-03 2.514728e-03
1.652317e+01 2.186418e-03 2.034916e-03 2.136899e-03 2.387438e-03
1.657517e+01 2.141203e-03 1.981652e-03 2.149598e-03 2.292361e-03
1.662717e+01 2.090698e-03 1.913148e-03 2.145002e-03 2.213945e-03
1.667917e+01 2.033590e-03 1.834396e-03 2.127329e-03 2.139044e-03
1.673117e+01 1.971192e-03 1.752851e-03 2.101086e-03 2.059639e-03
1.678317e+01 1.906717e-03 1.676542e-03 2.070341e-03 1.973269e-03
1.683517e+01 1.844057e-03 1.612076e-03 2.038380e-03 1.881716e-03
1.688717e+01 1.786611e-03 1.563250e-03 2.007662e-03 1.788920e-03
1.693917e+01 1.736564e-03 1.530664e-03 1.979932e-03 1.699095e-03
1.699117e+01 1.694817e-03 1.512338e-03 1.956464e-03 1.615647e-03
1.704317e+01 1.661532e-03 1.505020e-03 1.938506e-03 1.541068e-03
1.709517e+01 1.637084e-03 1.505743e-03 1.928007e-03 1.477504e-03
1.714717e+01 1.623084e-03 1.513199e-03 1.928551e-03 1.427500e-03
1.719917e+01 1.623040e-03 1.528549e-03 1.946142e-03 1.394430e-03
1.725117e+01 1.642314e-03 1.555394e-03 1.989282e-03 1.382267e-03
1.730317e+01 1.687125e-03 1.598814e-03 2.067861e-03 1.394701e-03
1.735517e+01 1.762752e-03 1.663650e-03 2.190761e-03 1.433845e-03
1.740717e+01 1.871416e-03 1.752551e-03 2.362697e-03 1.499002e-03
1.745917e+01 2.010609e-03 1.864486e-03 2.581364e-03 1.585979e-03
1.751117e+01 2.172592e-03 1.994373e-03 2.836122e-03 1.687282e-03
1.756317e+01 2.345423e-03 2.134071e-03 3.109017e-03 1.793181e-03
1.761517e+01 2.515245e-03 2.274379e-03 3.378015e-03 1.893341e-03
1.766717e+01 2.669036e-03 2.407254e-03 3.621364e-03 1.978492e-03
1.771917e+01 2.796814e-03 2.527335e-03 3.821432e-03 2.041675e-03
1.777117e+01 2.892559e-03 2.632169e-03 3.966692e-03 2.078817e-03
1.782317e+01 2.953755e-03 2.721172e-03 4.051430e-03 2.088663e-03
1.787517e+01 2.980036e-03 2.793944e-03 4.073901e-03 2.072263e-03
1.792717e+01 2.971814e-03 2.848802e-03 4.034346e-03 2.032294e-03
1.797917e+01 2.929602e-03 2.882299e-03 3.934110e-03 1.972398e-03
1.803117e+01 2.854288e-03 2.889939e-03 3.776251e-03 1.896676e-03
1.808317e+01 2.748046e-03 2.867753e-03 3.567017e-03 1.809369e-03
1.813517e+01 2.615255e-03 2.814018e-03 3.317022e-03 1.714726e-03
1.818717e+01 2.462828e-03 2.730394e-03 3.041105e-03 1.616986e-03
1.823917e+01 2.299720e-03 2.622113e-03 2.756663e-03 1.520383e-03
1.829117e+01 2.135794e-03 2.497297e-03 2.481029e-03 1.429055e-03
1.834317e+01 1.980486e-03 2.365763e-03 2.228891e-03 1.346804e-03
1.839517e+01 1.841689e-03 2.237772e-03 2.010571e-03 1.276724e-03
1.844717e+01 1.725094e-03 2.122970e-03 1.831520e-03 1.220791e-03
1.849917e+01 1.634006e-03 2.029618e-03 1.692812e-03 1.179587e-03
1.855117e+01 1.569505e-03 1.964027e-03 1.592213e-03 1.152276e-03
1.860317e+01 1.530786e-03 1.930118e-03 1.525350e-03 1.136890e-03
1.865517e+01 1.515497e-03 1.928993e-03 1.486669e-03 1.130829e-03
1.870717e+01 1.519995e-03 1.958549e-03 1.470045e-03 1.131391e-03
1.875917e+01 1.539480e-03 2.013195e-03 1.469113e-03 1.136132e-03
1.881117e+01 1.568105e-03 2.083886e-03 1.477463e-03 1.142965e-03
1.886317e+01 1.599241e-03 2.158754e-03 1.488906e-03 1.150064e-03
1.891517e+01 1.626061e-03 2.224488e-03 1.497929e-03 1.155766e-03
1.896717e+01 1.642464e-03 2.268436e-03 1.500275e-03 1.158680e-03
1.901917e+01 1.644160e-03 2.280981e-03 1.493461e-03 1.158037e-03
1.907117e+01 1.629565e-03 2.257556e-03 1.476982e-03 1.154157e-03
1.912317e+01 1.600127e-03 2.199609e-03 1.452062e-03 1.148709e-03
1.917517e+01 1.559907e-03 2.114162e-03 1.421043e-03 1.144515e-03
1.922717e+01 1.514502e-03 2.012042e-03 1.386630e-03 1.144833e-03
1.927917e+01 1.469640e-03 1.905319e-03 1.351287e-03 1.152314e-03
1.933117e+01 1.429881e-03 1.804696e-03 1.316904e-03 1.168043e-03
1.938317e+01 1.397766e-03 1.717534e-03 1.284729e-03 1.191033e-03
1.943517e+01 1.373566e-03 1.646911e-03 1.255409e-03 1.218379e-03
1.948717e+01 1.355593e-03 1.591803e-03 1.229023e-03 1.245952e-03
1.953917e+01 1.340876e-03 1.548154e-03 1.205104e-03 1.269370e-03
1.959117e+01 1.326015e-03 1.510450e-03 1.182718e-03 1.284876e-03
1.964317e+01 1.307986e-03 1.473359e-03 1.160676e-03 1.289923e-03
1.969517e+01 1.284768e-03 1.433027e-03 1.137883e-03 1.283393e-03
1.974717e+01 1.255678e-03 1.387806e-03 1.113676e-03 1.265551e-03
1.979917e+01 1.221379e-03 1.338313e-03 1.087997e-03 1.237826e-03
1.985117e+01 1.183569e-03 1.286903e-03 1.061315e-03 1.202489e-03
1.990317e+01 1.144443e-03 1.236749e-03 1.034312e-03 1.162268e-03
1.995517e+01 1.106060e-03 1.190791e-03 1.007486e-03 1.119904e-03
2.000717e+01 1.069811e-03 1.150808e-03 9.808722e-04 1.077753e-03
2.005917e+01 1.036133e-03 1.116864e-03 9.540056e-04 1.037529e-03
2.011117e+01 1.004577e-03 1.087266e-03 9.261699e-04 1.000295e-03
2.016317e+01 9.741930e-04 1.059073e-03 8.968136e-04 9.666921e-04
2.021517e+01 9.440856e-04 1.029018e-03 8.659632e-04 9.372756e-04
2.026717e+01 9.139275e-04 9.945499e-04 8.344602e-04 9.127723e-04
2.031917e+01 8.842207e-04 9.546384e-04 8.039307e-04 8.940931e-04
2.037117e+01 8.562154e-04 9.100566e-04 7.765082e-04 8.820814e-04
2.042317e+01 8.315361e-04 8.630799e-04 7.544108e-04 8.771177e-04
2.047517e+01 8.116904e-04 8.167722e-04 7.395059e-04 8.787930e-04
2.052717e+01 7.976622e-04 7.741870e-04 7.329679e-04 8.858316e-04
2.057917e+01 7.897291e-04 7.377901e-04 7.350744e-04 8.963226e-04
2.063117e+01 7.875143e-04 7.092400e-04 7.451393e-04 9.081636e-04
2.068317e+01 7.901767e-04 6.894536e-04 7.615559e-04 9.195208e-04
2.073517e+01 7.966038e-04 6.787628e-04 7.819342e-04 9.291143e-04
2.078717e+01 8.055205e-04 6.769868e-04 8.033399e-04 9.362350e-04
2.083917e+01 8.155180e-04 6.833685e-04 8.226435e-04 9.405418e-04
2.089117e+01 8.250709e-04 6.964609e-04 8.369616e-04 9.417903e-04
2.094317e+01 8.326247e-04 7.141027e-04 8.441205e-04 9.396509e-04
2.099517e+01 8.367726e-04 7.335768e-04 8.430384e-04 9.337027e-04
2.104717e+01 8.364787e-04 7.519454e-04 8.339170e-04 9.235738e-04
2.109917e+01 8.312564e-04 7.664631e-04 8.181834e-04 9.091225e-04
2.115117e+01 8.212295e-04 7.749526e-04 7.981852e-04 8.905507e-04
2.120317e+01 8.070565e-04 7.760589e-04 7.767125e-04 8.683980e-04
2.125517e+01 7.897571e-04 7.693676e-04 7.564582e-04 8.434456e-04
2.130717e+01 7.705159e-04 7.554073e-04 7.395432e-04 8.165973e-04
2.135917e+01 7.505247e-04 7.355647e-04 7.272094e-04 7.888001e-04
2.141117e+01 7.308922e-04 7.119145e-04 7.197387e-04 7.610233e-04
2.146317e+01 7.126013e-04 6.869511e-04 7.165853e-04 7.342676e-04
2.151517e+01 6.964753e-04 6.632196e-04 7.166498e-04 7.095567e-04
2.156717e+01 6.831147e-04 6.428814e-04 7.185860e-04 6.878767e-04
2.161917e+01 6.728004e-04 6.272975e-04 7.210431e-04 6.700607e-04
2.167117e+01 6.653942e-04 6.167426e-04 7.227916e-04 6.566484e-04
2.172317e+01 6.602844e-04 6.103453e-04 7.227451e-04 6.477629e-04
2.177517e+01 6.564222e-04 6.062976e-04 7.199321e-04 6.430370e-04
2.182717e+01 6.524559e-04 6.022924e-04 7.134817e-04 6.415936e-04
2.187917e+01 6.469380e-04 5.960782e-04 7.026607e-04 6.420753e-04
2.193117e+01 6.385539e-04 5.859794e-04 6.869653e-04 6.427170e-04
2.198317e+01 6.263184e-04 5.712415e-04 6.662355e-04 6.414782e-04
2.203517e+01 6.097050e-04 5.521152e-04 6.407452e-04 6.362545e-04
2.208717e+01 5.886925e-04 5.296748e-04 6.112263e-04 6.251763e-04
2.213917e+01 5.637369e-04 5.054533e-04 5.788020e-04 6.069553e-04
2.219117e+01 5.356887e-04 4.810270e-04 5.448396e-04 5.811997e-04
2.224317e+01 5.056820e-04 4.576883e-04 5.107619e-04 5.485959e-04
2.229517e+01 4.750171e-04 4.362917e-04 4.778769e-04 5.108826e-04
2.234717e+01 4.450480e-04 4.172733e-04 4.472687e-04 4.706019e-04
2.239917e+01 4.170737e-04 4.007732e-04 4.197653e-04 4.306828e-04
2.245117e+01 3.922287e-04 3.867637e-04 3.959587e-04 3.939637e-04
2.250317e+01 3.713768e-04 3.751166e-04 3.762401e-04 3.627737e-04
2.255517e+01 3.550291e-04 3.656032e-04 3.608187e-04 3.386654e-04
2.260717e+01 3.433141e-04 3.578730e-04 3.497263e-04 3.223429e-04
2.265917e+01 3.360208e-04 3.514694e-04 3.428230e-04 3.137700e-04
2.271117e+01 3.327055e-04 3.459064e-04 3.398222e-04 3.123879e-04
2.276317e+01 3.328225e-04 3.407886e-04 3.403307e-04 3.173483e-04
2.281517e+01 3.358223e-04 3.359153e-04 3.438831e-04 3.276687e-04
2.286717e+01 3.411779e-04 3.313191e-04 3.499502e-04 3.422644e-04
2.291917e+01 3.483417e-04 3.272161e-04 3.579284e-04 3.598805e-04
2.297117e+01 3.566801e-04 3.238911e-04 3.671410e-04 3.790081e-04
2.302317e+01 3.654505e-04 3.215716e-04 3.768941e-04 3.978858e-04
2.307517e+01 3.738644e-04 3.203439e-04 3.866035e-04 4.146458e-04
2.312717e+01 3.812268e-04 3.201403e-04 3.959596e-04 4.275806e-04
2.317917e+01 3.870946e-04 3.207913e-04 4.050610e-04 4.354315e-04
2.323117e+01 3.913776e-04 3.221142e-04 4.144362e-04 4.375823e-04
2.328317e+01 3.943344e-04 3.239991e-04 4.249170e-04 4.340872e-04
2.333517e+01 3.964642e-04 3.264626e-04 4.373822e-04 4.255478e-04
2.338717e+01 3.983417e-04 3.296550e-04 4.524566e-04 4.129135e-04
2.343917e+01 4.004611e-04 3.338160e-04 4.702712e-04 3.972960e-04
2.349117e+01 4.031370e-04 3.391916e-04 4.903744e-04 3.798451e-04
2.354317e+01 4.064804e-04 3.459333e-04 5.118293e-04 3.616786e-04
2.359517e+01 4.104336e-04 3.540108e-04 5.334587e-04 3.438314e-04
2.364717e+01 4.148349e-04 3.631689e-04 5.541439e-04 3.271919e-04
2.369917e+01 4.194790e-04 3.729462e-04 5.730605e-04 3.124301e-04
2.375117e+01 4.241507e-04 3.827457e-04 5.897614e-04 2.999449e-04
2.380317e+01 4.286263e-04 3.919326e-04 6.040867e-04 2.898595e-04
2.385517e+01 4.326488e-04 3.999182e-04 6.159547e-04 2.820734e-04
2.390717e+01 4.358989e-04 4.062057e-04 6.251449e-04 2.763461e-04
2.395917e+01 4.379847e-04 4.103923e-04 6.311881e-04 2.723737e-04
2.401117e+01 4.384720e-04 4.121516e-04 6.334297e-04 2.698345e-04
2.406317e+01 4.369603e-04 4.112255e-04 6.312539e-04 2.684015e-04
2.411517e+01 4.331909e-04 4.074505e-04 6.243711e-04 2.677509e-04
2.416717e+01 4.271513e-04 4.008166e-04 6.130441e-04 2.675932e-04
2.421917e+01 4.191387e-04 3.915374e-04 5.981467e-04 2.677322e-04
2.427117e+01 4.097545e-04 3.801022e-04 5.810361e-04 2.681253e-04
2.432317e+01 3.998333e-04 3.672895e-04 5.633043e-04 2.689061e-04
2.437517e+01 3.903336e-04 3.541380e-04 5.465221e-04 2.703408e-04
2.442717e+01 3.822244e-04 3.418767e-04 5.320674e-04 2.727292e-04
2.447917e+01 3.763855e-04 3.318187e-04 5.210521e-04 2.762856e-04
2.453117e+01 3.735191e-04 3.252191e-04 5.142927e-04 2.810455e-04
2.458317e+01 3.740609e-04 3.231051e-04 5.122532e-04 2.868245e-04
2.463517e+01 3.780948e-04 3.261059e-04 5.149407e-04 2.932379e-04
2.468717e+01 3.853076e-04 3.343271e-04 5.218164e-04 2.997792e-04
2.473917e+01 3.950319e-04 3.473154e-04 5.318248e-04 3.059556e-04
2.479117e+01 4.064035e-04 3.641353e-04 5.436026e-04 3.114725e-04
2.484317e+01 4.185955e-04 3.835354e-04 5.558233e-04 3.164279e-04
2.489517e+01 4.310400e-04 4.041483e-04 5.675287e-04 3.214431e-04
2.494717e+01 4.435271e-04 4.246604e-04 5.782767e-04 3.276443e-04
2.499917e+01 4.561305e-04 4.439183e-04 5.880210e-04 3.364522e-04
2.505117e+01 4.689990e-04 4.609793e-04 5.967995e-04 3.492183e-04
2.510317e+01 4.821341e-04 4.751472e-04 6.044297e-04 3.668254e-04
2.515517e+01 4.952795e-04 4.860226e-04 6.104206e-04 3.893953e-04
2.520717e+01 5.079807e-04 4.935607e-04 6.141819e-04 4.161996e-04
2.525917e+01 5.197693e-04 4.980957e-04 6.154239e-04 4.457885e-04
2.531117e+01 5.303597e-04 5.002874e-04 6.145153e-04 4.762764e-04
2.536317e+01 5.397549e-04 5.009852e-04 6.125759e-04 5.057035e-04
2.541517e+01 5.482299e-04 5.010549e-04 6.112254e-04 5.324094e-04
2.546717e+01 5.562348e-04 5.012379e-04 6.120871e-04 5.553794e-04
2.551917e+01 5.642877e-04 5.020902e-04 6.162606e-04 5.745122e-04
2.557117e+01 5.728984e-04 5.039930e-04 6.239700e-04 5.907322e-04
2.562317e+01 5.825130e-04 5.071838e-04 6.344998e-04 6.058555e-04
2.567517e+01 5.934426e-04 5.117521e-04 6.464090e-04 6.221669e-04
2.572717e+01 6.057659e-04 5.175907e-04 6.579316e-04 6.417753e-04
2.577917e+01 6.192384e-04 5.243459e-04 6.674403e-04 6.659289e-04
2.583117e+01 6.332719e-04 5.314334e-04 6.738542e-04 6.945282e-04
2.588317e+01 6.470243e-04 5.381588e-04 6.768961e-04 7.260181e-04
2.593517e+01 6.595817e-04 5.439145e-04 6.771350e-04 7.576955e-04
2.598717e+01 6.701539e-04 5.483653e-04 6.757919e-04 7.863044e-04
2.603917e+01 6.781908e-04 5.515286e-04 6.743459e-04 8.086980e-04
2.609117e+01 6.833709e-04 5.536994e-04 6.740502e-04 8.223630e-04
2.614317e+01 6.854917e-04 5.552544e-04 6.755106e-04 8.257102e-04
2.619517e+01 6.843587e-04 5.564348e-04 6.784869e-04 8.181543e-04
2.624717e+01 6.797644e-04 5.572166e-04 6.820090e-04 8.000675e-04
2.629917e+01 6.715975e-04 5.573338e-04 6.847828e-04 7.726759e-04
2.635117e+01 6.600314e-04 5.564446e-04 6.857334e-04 7.379161e-04
2.640317e+01 6.456877e-04 5.543623e-04 6.844683e-04 6.982326e-04
2.645517e+01 6.296789e-04 5.512513e-04 6.814705e-04 6.563149e-04
2.650717e+01 6.134927e-04 5.477076e-04 6.779544e-04 6.148160e-04
2.655917e+01 5.987587e-04 5.446925e-04 6.754683e-04 5.761152e-04
2.661117e+01 5.869803e-04 5.433420e-04 6.754298e-04 5.421689e-04
2.666317e+01 5.793094e-04 5.447108e-04 6.787792e-04 5.144381e-04
2.671517e+01 5.764053e-04 5.495254e-04 6.858508e-04 4.938396e-04
2.676717e+01 5.783778e-04 5.580149e-04 6.964431e-04 4.806755e-04
2.681917e+01 5.848036e-04 5.698686e-04 7.099921e-04 4.745499e-04
2.687117e+01 5.948048e-04 5.843362e-04 7.257408e-04 4.743373e-04
2.692317e+01 6.071917e-04 6.004446e-04 7.428435e-04 4.782871e-04
2.697517e+01 6.206533e-04 6.172573e-04 7.604023e-04 4.843001e-04
2.702717e+01 6.339567e-04 6.340766e-04 7.774662e-04 4.903275e-04
2.707917e+01 6.461001e-04 6.505015e-04 7.930322e-04 4.947668e-04
2.713117e+01 6.563742e-04 6.663233e-04 8.060799e-04 4.967193e-04
2.718317e+01 6.643360e-04 6.813244e-04 8.156545e-04 4.960292e-04
2.723517e+01 6.697451e-04 6.951054e-04 8.210056e-04 4.931242e-04
2.728717e+01 6.725259e-04 7.070516e-04 8.217703e-04 4.887559e-04
2.733917e+01 6.727980e-04 7.164696e-04 8.181675e-04 4.837569e-04
2.739117e+01 6.709534e-04 7.228246e-04 8.111433e-04 4.788924e-04
2.744317e+01 6.677197e-04 7.259570e-04 8.023881e-04 4.748139e-04
2.749517e+01 6.641374e-04 7.261772e-04 7.941662e-04 4.720689e-04
2.754717e+01 6.614226e-04 7.242162e-04 7.889465e-04 4.711051e-04
2.759917e+01 6.607417e-04 7.210820e-04 7.889111e-04 4.722322e-04
2.765117e+01 6.629796e-04 7.179038e-04 7.954899e-04 4.755450e-04
2.770317e+01 6.685870e-04 7.158245e-04 8.090903e-04 4.808461e-04
2.775517e+01 6.775630e-04 7.159466e-04 8.291256e-04 4.876166e-04
2.780717e+01 6.895623e-04 7.192972e-04 8.543187e-04 4.950709e-04
2.785917e+01 7.040645e-04 7.267617e-04 8.831410e-04 5.022909e-04
2.791117e+01 7.205210e-04 7.389628e-04 9.141960e-04 5.084044e-04
2.796317e+01 7.384223e-04 7.561006e-04 9.464179e-04 5.127483e-04
2.801517e+01 7.572834e-04 7.778164e-04 9.790653e-04 5.149684e-04
2.806717e+01 7.765951e-04 8.031563e-04 1.011589e-03 5.150403e-04
2.811917e+01 7.957992e-04 8.306931e-04 1.043475e-03 5.132295e-04
2.817117e+01 8.143230e-04 8.588080e-04 1.074134e-03 5.100269e-04
2.822317e+01 8.316630e-04 8.860659e-04 1.102832e-03 5.060914e-04
2.827517e+01 8.474743e-04 9.115665e-04 1.128651e-03 5.022054e-04
2.832717e+01 8.616190e-04 9.351468e-04 1.150480e-03 4.992304e-04
2.837917e+01 8.741435e-04 9.573531e-04 1.167032e-03 4.980456e-04
2.843117e+01 8.851857e-04 9.791743e-04 1.176924e-03 4.994586e-04
2.848317e+01 8.948342e-04 1.001605e-03 1.178805e-03 5.040926e-04
2.853517e+01 9.029816e-04 1.025161e-03 1.171517e-03 5.122667e-04
2.858717e+01 9.092255e-04 1.049489e-03 1.154283e-03 5.239044e-04
2.863917e+01 9.128755e-04 1.073214e-03 1.126904e-03 5.385088e-04
2.869117e+01 9.131066e-04 1.094113e-03 1.089958e-03 5.552494e-04
2.874317e+01 9.092463e-04 1.109618e-03 1.044955e-03 5.731662e-04
2.879517e+01 9.011177e-04 1.117537e-03 9.943639e-04 5.914523e-04
2.884717e+01 8.893025e-04 1.116753e-03 9.414392e-04 6.097148e-04
2.889917e+01 8.751920e-04 1.107653e-03 8.898250e-04 6.280983e-04
2.895117e+01 8.607621e-04 1.092079e-03 8.430147e-04 6.471924e-04
2.900317e+01 8.481156e-04 1.072820e-03 8.037971e-04 6.677299e-04
2.905517e+01 8.389382e-04 1.052803e-03 7.738337e-04 6.901778e-04
2.910717e+01 8.340489e-04 1.034306e-03 7.534564e-04 7.143841e-04
2.915917e+01 8.331986e-04 1.018461e-03 7.417034e-04 7.394314e-04
2.921117e+01 8.351805e-04 1.005199e-03 7.365614e-04 7.637812e-04
2.926317e+01 8.382131e-04 9.936011e-04 7.353601e-04 7.856781e-04
2.931517e+01 8.404729e-04 9.824741e-04 7.352612e-04 8.036832e-04
2.936717e+01 8.406108e-04 9.709104e-04 7.337734e-04 8.171486e-04
2.941917e+01 8.380989e-04 9.586318e-04 7.292010e-04 8.264638e-04
2.947117e+01 8.333105e-04 9.460238e-04 7.209233e-04 8.329844e-04
2.952317e+01 8.273345e-04 9.339037e-04 7.094211e-04 8.386786e-04
2.957517e+01 8.216091e-04 9.231718e-04 6.960359e-04 8.456196e-04
2.962717e+01 8.175219e-04 9.145317e-04 6.825342e-04 8.554998e-04
2.967917e+01 8.161130e-04 9.084121e-04 6.706181e-04 8.693087e-04
2.973117e+01 8.179595e-04 9.051047e-04 6.615332e-04 8.872404e-04
2.978317e+01 8.232336e-04 9.050093e-04 6.558783e-04 9.088130e-04
2.983517e+01 8.318568e-04 9.088176e-04 6.536333e-04 9.331195e-04
2.988717e+01 8.436509e-04 9.174968e-04 6.543469e-04 9.591091e-04
2.993917e+01 8.584153e-04 9.320532e-04 6.573885e-04 9.858043e-04
2.999117e+01 8.759124e-04 9.531733e-04 6.621697e-04 1.012394e-03
3.004317e+01 8.957940e-04 9.809086e-04 6.682827e-04 1.038191e-03
3.009517e+01 9.175178e-04 1.014533e-03 6.755385e-04 1.062482e-03
3.014717e+01 9.402967e-04 1.052600e-03 6.839251e-04 1.084365e-03
3.019917e+01 9.630975e-04 1.093130e-03 6.935191e-04 1.102643e-03
3.025117e+01 9.846913e-04 1.133808e-03 7.043845e-04 1.115882e-03
3.030317e+01 1.003748e-03 1.172121e-03 7.164833e-04 1.122639e-03
3.035517e+01 1.018968e-03 1.205459e-03 7.296128e-04 1.121832e-03
3.040717e+01 1.029243e-03 1.231249e-03 7.433771e-04 1.113104e-03
3.045917e+01 1.033819e-03 1.247200e-03 7.571988e-04 1.097058e-03
3.051117e+01 1.032430e-03 1.251690e-03 7.703760e-04 1.075224e-03
3.056317e+01 1.025377e-03 1.244181e-03 7.821816e-04 1.049768e-03
3.061517e+01 1.013528e-03 1.225545e-03 7.919977e-04 1.023042e-03
3.066717e+01 9.982348e-04 1.198119e-03 7.994548e-04 9.971305e-04
3.071917e+01 9.811682e-04 1.165412e-03 8.045403e-04 9.735524e-04
3.077117e+01 9.640902e-04 1.131473e-03 8.076301e-04 9.531671e-04
3.082317e+01 9.485805e-04 1.100075e-03 8.094171e-04 9.362494e-04
3.087517e+01 9.357751e-04 1.073931e-03 8.107471e-04 9.226472e-04
3.092717e+01 9.261862e-04 1.054199e-03 8.124163e-04 9.119436e-04
3.097917e+01 9.196715e-04 1.040420e-03 8.150099e-04 9.035844e-04
3.103117e+01 9.155759e-04 1.030907e-03 8.188487e-04 8.969724e-04
3.108317e+01 9.129994e-04 1.023411e-03 8.240483e-04 8.915390e-04
3.113517e+01 9.110835e-04 1.015825e-03 8.306332e-04 8.867923e-04
3.118717e+01 9.092042e-04 1.006668e-03 8.386077e-04 8.823368e-04
3.123917e+01 9.070057e-04 9.952309e-04 8.479149e-04 8.778712e-04
3.129117e+01 9.043007e-04 9.814106e-04 8.582938e-04 8.731977e-04
3.134317e+01 9.009347e-04 9.654057e-04 8.691248e-04 8.682736e-04
3.139517e+01 8.967195e-04 9.474651e-04 8.793875e-04 8.633060e-04
3.144717e+01 8.914892e-04 9.278327e-04 8.878042e-04 8.588308e-04
3.149917e+01 8.852445e-04 9.068990e-04 8.931457e-04 8.556889e-04
3.155117e+01 8.782917e-04 8.854462e-04 8.945862e-04 8.548425e-04
3.160317e+01 8.712785e-04 8.648123e-04 8.919614e-04 8.570619e-04
3.165517e+01 8.650857e-04 8.468240e-04 8.858270e-04 8.626060e-04
3.170717e+01 8.606016e-04 8.334558e-04 8.772984e-04 8.710506e-04
3.175917e+01 8.584647e-04 8.263016e-04 8.677270e-04 8.813654e-04
3.181117e+01 8.588634e-04 8.260454e-04 8.583173e-04 8.922276e-04
3.186317e+01 8.614631e-04 8.321343e-04 8.497983e-04 9.024567e-04
3.191517e+01 8.654793e-04 8.427877e-04 8.422442e-04 9.114060e-04
3.196717e+01 8.698751e-04 8.553508e-04 8.351007e-04 9.191739e-04
3.201917e+01 8.736221e-04 8.668822e-04 8.274171e-04 9.265671e-04
3.207117e+01 8.759467e-04 8.747965e-04 8.182174e-04 9.348263e-04
3.212317e+01 8.764916e-04 8.773910e-04 8.068934e-04 9.451905e-04
3.217517e+01 8.753475e-04 8.741363e-04 7.934857e-04 9.584205e-04
3.222717e+01 8.729566e-04 8.656875e-04 7.787554e-04 9.744269e-04
3.227917e+01 8.699318e-04 8.536335e-04 7.640229e-04 9.921389e-04
3.233117e+01 8.668599e-04 8.400493e-04 7.508388e-04 1.009692e-03
3.238317e+01 8.641537e-04 8.269565e-04 7.406062e-04 1.024898e-03
3.243517e+01 8.619863e-04 8.158210e-04 7.342813e-04 1.035857e-03
3.248717e+01 8.603026e-04 8.072202e-04 7.322305e-04 1.041457e-03
3.253917e+01 8.588787e-04 8.007787e-04 7.342535e-04 1.041604e-03
3.259117e+01 8.574010e-04 7.953955e-04 7.397260e-04 1.037081e-03
3.264317e+01 8.555509e-04 7.896913e-04 7.477848e-04 1.029177e-03
3.269517e+01 8.530918e-04 7.825274e-04 7.574926e-04 1.019255e-03
3.274717e+01 8.499494e-04 7.734181e-04 7.679490e-04 1.008481e-03
3.279917e+01 8.462647e-04 7.627020e-04 7.783509e-04 9.977411e-04
3.285117e+01 8.423921e-04 7.514310e-04 7.880265e-04 9.877187e-04
3.290317e+01 8.388332e-04 7.410416e-04 7.964626e-04 9.789953e-04
3.295517e+01 8.361200e-04 7.329459e-04 8.033343e-04 9.720799e-04
3.300717e+01 8.346835e-04 7.281811e-04 8.085217e-04 9.673476e-04
3.305917e+01 8.347456e-04 7.272068e-04 8.120985e-04 9.649313e-04
3.311117e+01 8.362636e-04 7.298645e-04 8.142849e-04 9.646414e-04
3.316317e+01 8.389372e-04 7.354623e-04 8.153734e-04 9.659758e-04
3.321517e+01 8.422765e-04 7.429315e-04 8.156470e-04 9.682509e-04
3.326717e+01 8.457225e-04 7.510166e-04 8.153133e-04 9.708376e-04
3.331917e+01 8.487959e-04 7.584738e-04 8.144715e-04 9.734425e-04
3.337117e+01 8.512450e-04 7.642609e-04 8.131275e-04 9.763467e-04
3.342317e+01 8.531515e-04 7.676887e-04 8.112592e-04 9.805067e-04
3.347517e+01 8.549641e-04 7.685026e-04 8.089262e-04 9.874635e-04
3.352717e+01 8.574424e-04 7.668750e-04 8.063929e-04 9.990593e-04
3.357917e+01 8.615197e-04 7.633161e-04 8.042212e-04 1.017022e-03
3.363117e+01 8.681118e-04 7.585434e-04 8.032810e-04 1.042511e-03
3.368317e+01 8.779103e-04 7.533586e-04 8.046466e-04 1.075726e-03
3.373517e+01 8.912024e-04 7.485657e-04 8.093878e-04 1.115654e-03
3.378717e+01 9.077562e-04 7.449318e-04 8.183081e-04 1.160029e-03
3.383917e+01 9.268080e-04 7.431630e-04 8.317154e-04 1.205545e-03
3.389117e+01 9.471752e-04 7.438641e-04 8.493032e-04 1.248358e-03
3.394317e+01 9.674913e-04 7.474715e-04 8.701825e-04 1.284820e-03
3.399517e+01 9.865198e-04 7.541836e-04 8.930492e-04 1.312326e-03
3.404717e+01 1.003458e-03 7.639261e-04 9.164277e-04 1.330020e-03
3.409917e+01 1.018126e-03 7.763803e-04 9.389178e-04 1.339079e-03
3.415117e+01 1.030961e-03 7.910683e-04 9.593861e-04 1.342427e-03
3.420317e+01 1.042802e-03 8.074596e-04 9.770704e-04 1.343877e-03
3.425517e+01 1.054552e-03 8.250579e-04 9.915963e-04 1.347002e-03
3.430717e+01 1.066840e-03 8.434511e-04 1.002926e-03 1.354142e-03
3.435917e+01 1.079833e-03 8.623365e-04 1.011274e-03 1.365888e-03
3.441117e+01 1.093265e-03 8.815442e-04 1.017021e-03 1.381230e-03
3.446317e+01 1.106645e-03 9.010629e-04 1.020646e-03 1.398226e-03
3.451517e+01 1.119532e-03 9.210423e-04 1.022662e-03 1.414891e-03
3.456717e+01 1.131741e-03 9.417409e-04 1.023543e-03 1.429939e-03
3.461917e+01 1.143397e-03 9.634157e-04 1.023656e-03 1.443119e-03
3.467117e+01 1.154830e-03 9.861988e-04 1.023219e-03 1.455073e-03
3.472317e+01 1.166397e-03 1.010025e-03 1.022324e-03 1.466842e-03
3.477517e+01 1.178326e-03 1.034655e-03 1.021053e-03 1.479269e-03
3.482717e+01 1.190651e-03 1.059764e-03 1.019633e-03 1.492557e-03
3.487917e+01 1.203244e-03 1.085034e-03 1.018550e-03 1.506147e-03
3.493117e+01 1.215892e-03 1.110178e-03 1.018554e-03 1.518944e-03
3.498317e+01 1.228379e-03 1.134899e-03 1.020511e-03 1.529726e-03
3.503517e+01 1.240521e-03 1.158842e-03 1.025160e-03 1.537562e-03
3.508717e+01 1.252177e-03 1.181633e-03 1.032865e-03 1.542032e-03
3.513917e+01 1.263239e-03 1.203035e-03 1.043472e-03 1.543211e-03
3.519117e+01 1.273659e-03 1.223174e-03 1.056343e-03 1.541461e-03
3.524317e+01 1.283471e-03 1.242689e-03 1.070534e-03 1.537192e-03
3.529517e+01 1.292794e-03 1.262681e-03 1.085021e-03 1.530680e-03
3.534717e+01 1.301763e-03 1.284391e-03 1.098883e-03 1.522014e-03
3.539917e+01 1.310392e-03 1.308682e-03 1.111369e-03 1.511124e-03
3.545117e+01 1.318418e-03 1.335520e-03 1.121874e-03 1.497861e-03
3.550317e+01 1.325229e-03 1.363672e-03 1.129921e-03 1.482094e-03
3.555517e+01 1.329928e-03 1.390793e-03 1.135179e-03 1.463811e-03
3.560717e+01 1.331552e-03 1.413918e-03 1.137518e-03 1.443219e-03
3.565917e+01 1.329339e-03 1.430177e-03 1.137034e-03 1.420807e-03
3.571117e+01 1.322933e-03 1.437509e-03 1.133971e-03 1.397319e-03
3.576317e+01 1.312437e-03 1.435096e-03 1.128600e-03 1.373616e-03
3.581517e+01 1.298334e-03 1.423414e-03 1.121126e-03 1.350462e-03
3.586717e+01 1.281342e-03 1.403929e-03 1.111761e-03 1.328335e-03
3.591917e+01 1.262298e-03 1.378598e-03 1.100936e-03 1.307360e-03
3.597117e+01 1.242116e-03 1.349403e-03 1.089563e-03 1.287381e-03
3.602317e+01 1.221761e-03 1.318041e-03 1.079142e-03 1.268101e-03
3.607517e+01 1.202200e-03 1.285815e-03 1.071579e-03 1.249205e-03
3.612717e+01 1.184257e-03 1.253667e-03 1.068734e-03 1.230371e-03
3.617917e+01 1.168437e-03 1.222245e-03 1.071849e-03 1.211216e-03
3.623117e+01 1.154780e-03 1.191954e-03 1.081118e-03 1.191269e-03
3.628317e+01 1.142861e-03 1.162985e-03 1.095544e-03 1.170055e-03
3.633517e+01 1.131935e-03 1.135344e-03 1.113152e-03 1.147308e-03
3.638717e+01 1.121194e-03 1.108918e-03 1.131439e-03 1.123225e-03
3.643917e+01 1.110017e-03 1.083554e-03 1.147895e-03 1.098601e-03
3.649117e+01 1.098104e-03 1.059128e-03 1.160441e-03 1.074741e-03
3.654317e+01 1.085464e-03 1.035567e-03 1.167697e-03 1.053129e-03
3.659517e+01 1.072270e-03 1.012823e-03 1.169038e-03 1.034950e-03
3.664717e+01 1.058668e-03 9.908328e-04 1.164487e-03 1.020683e-03
3.669917e+01 1.044630e-03 9.694871e-04 1.154486e-03 1.009918e-03
3.675117e+01 1.029943e-03 9.486523e-04 1.139667e-03 1.001509e-03
3.680317e+01 1.014309e-03 9.282331e-04 1.120679e-03 9.940150e-04
3.685517e+01 9.975457e-04 9.082484e-04 1.098157e-03 9.862315e-04
3.690717e+01 9.797600e-04 8.888741e-04 1.072792e-03 9.776141e-04
3.695917e+01 9.614263e-04 8.704188e-04 1.045449e-03 9.684107e-04
3.701117e+01 9.433107e-04 8.532307e-04 1.017235e-03 9.594666e-04
3.706317e+01 9.262707e-04 8.375742e-04 9.894458e-04 9.517921e-04
3.711517e+01 9.110076e-04 8.235347e-04 9.634230e-04 9.460650e-04
3.716717e+01 8.978645e-04 8.110010e-04 9.403416e-04 9.422510e-04
3.721917e+01 8.867322e-04 7.997242e-04 9.210083e-04 9.394639e-04
3.727117e+01 8.770719e-04 7.894078e-04 9.057065e-04 9.361016e-04
3.732317e+01 8.680301e-04 7.797611e-04 8.941199e-04 9.302093e-04
3.737517e+01 8.586015e-04 7.704828e-04 8.853561e-04 9.199655e-04
3.742717e+01 8.478167e-04 7.611984e-04 8.780891e-04 9.041627e-04
3.747917e+01 8.349381e-04 7.514280e-04 8.708214e-04 8.825649e-04
3.753117e+01 8.196491e-04 7.406561e-04 8.622323e-04 8.560590e-04
3.758317e+01 8.022038e-04 7.285174e-04 8.515328e-04 8.265613e-04
3.763517e+01 7.834871e-04 7.150290e-04 8.387319e-04 7.967004e-04
3.768717e+01 7.649388e-04 7.007445e-04 8.247289e-04 7.693429e-04
3.773917e+01 7.483299e-04 6.867288e-04 8.111899e-04 7.470710e-04
3.779117e+01 7.354318e-04 6.743328e-04 8.002327e-04 7.317299e-04
3.784317e+01 7.276671e-04 6.648561e-04 7.939934e-04 7.241519e-04
3.789517e+01 7.258460e-04 6.592386e-04 7.941880e-04 7.241114e-04
3.794717e+01 7.300630e-04 6.579006e-04 8.017793e-04 7.305092e-04
3.799917e+01 7.397672e-04 6.607580e-04 8.168277e-04 7.417159e-04
3.805117e+01 7.539544e-04 6.673534e-04 8.385433e-04 7.559665e-04
3.810317e+01 7.713958e-04 6.770007e-04 8.654943e-04 7.716924e-04
3.815517e+01 7.908205e-04 6.888764e-04 8.958794e-04 7.877058e-04
3.820717e+01 8.110131e-04 7.020565e-04 9.277716e-04 8.032113e-04
3.825917e+01 8.308344e-04 7.155425e-04 9.592807e-04 8.176800e-04
3.831117e+01 8.492116e-04 7.283209e-04 9.886432e-04 8.306708e-04
3.836317e+01 8.651494e-04 7.394617e-04 1.014293e-03 8.416932e-04
3.841517e+01 8.777910e-04 7.482260e-04 1.034967e-03 8.501804e-04
3.846717e+01 8.865243e-04 7.541520e-04 1.049842e-03 8.555786e-04
3.851917e+01 8.910971e-04 7.571084e-04 1.058681e-03 8.575019e-04
3.857117e+01 8.916928e-04 7.573285e-04 1.061886e-03 8.558633e-04
3.862317e+01 8.889263e-04 7.554266e-04 1.060444e-03 8.509088e-04
3.867517e+01 8.837466e-04 7.523698e-04 1.055741e-03 8.431288e-04
3.872717e+01 8.772534e-04 7.493608e-04 1.049314e-03 8.330858e-04
3.877917e+01 8.704666e-04 7.476047e-04 1.042553e-03 8.212419e-04
3.883117e+01 8.640998e-04 7.480003e-04 1.036430e-03 8.078695e-04
3.888317e+01 8.584066e-04 7.508623e-04 1.031261e-03 7.930961e-04
3.893517e+01 8.531600e-04 7.558054e-04 1.026605e-03 7.770698e-04
3.898717e+01 8.477969e-04 7.618724e-04 1.021342e-03 7.601762e-04
3.903917e+01 8.416981e-04 7.678880e-04 1.014005e-03 7.432012e-04
3.909117e+01 8.345144e-04 7.729105e-04 1.003285e-03 7.273476e-04
3.914317e+01 8.264104e-04 7.766041e-04 9.885632e-04 7.140641e-04
3.919517e+01 8.181250e-04 7.793798e-04 9.702659e-04 7.047295e-04
3.924717e+01 8.108131e-04 7.822524e-04 9.498833e-04 7.003034e-04
3.929917e+01 8.057309e-04 7.864729e-04 9.296451e-04 7.010746e-04
3.935117e+01 8.038846e-04 7.930770e-04 9.119783e-04 7.065984e-04
3.940317e+01 8.057645e-04 8.025123e-04 8.989525e-04 7.158289e-04
3.945517e+01 8.112410e-04 8.144641e-04 8.918865e-04 7.273724e-04
3.950717e+01 8.196254e-04 8.279306e-04 8.911924e-04 7.397532e-04
3.955917e+01 8.298496e-04 8.415184e-04 8.964247e-04 7.516057e-04
3.961117e+01 8.406929e-04 8.538711e-04 9.064404e-04 7.617671e-04
3.966317e+01 8.509929e-04 8.640985e-04 9.195813e-04 7.692988e-04
3.971517e+01 8.598016e-04 8.720760e-04 9.338404e-04 7.734883e-04
3.976717e+01 8.664710e-04 8.785132e-04 9.470298e-04 7.738701e-04
3.981917e+01 8.706782e-04 8.847655e-04 9.569995e-04 7.702696e-04
3.987117e+01 8.724104e-04 8.924568e-04 9.619338e-04 7.628405e-04
3.992317e+01 8.719307e-04 9.030428e-04 9.606928e-04 7.520565e-04
3.997517e+01 8.697325e-04 9.174615e-04 9.530988e-04 7.386371e-04
4.002717e+01 8.664756e-04 9.359636e-04 9.400405e-04 7.234226e-04
4.007917e+01 8.628951e-04 9.581347e-04 9.233017e-04 7.072490e-04
4.013117e+01 8.596816e-04 9.830477e-04 9.051258e-04 6.908713e-04
4.018317e+01 8.573500e-04 1.009463e-03 8.876331e-04 6.749537e-04
4.023517e+01 8.561299e-04 1.036016e-03 8.722792e-04 6.600949e-04
4.028717e+01 8.559081e-04 1.061360e-03 8.595303e-04 6.468340e-04
4.033917e+01 8.562478e-04 1.084290e-03 8.488511e-04 6.356020e-04
4.039117e+01 8.564849e-04 1.103831e-03 8.389876e-04 6.266357e-04
4.044317e+01 8.558836e-04 1.119298e-03 8.284363e-04 6.199162e-04
4.049517e+01 8.538154e-04 1.130316e-03 8.159418e-04 6.151881e-04
4.054717e+01 8.499148e-04 1.136803e-03 8.008752e-04 6.120665e-04
4.059917e+01 8.441709e-04 1.138934e-03 7.834009e-04 6.101774e-04
4.065117e+01 8.369281e-04 1.137124e-03 7.644103e-04 6.092497e-04
4.070317e+01 8.287962e-04 1.132009e-03 7.452694e-04 6.091105e-04
4.075517e+01 8.204960e-04 1.124418e-03 7.274770e-04 6.095933e-04
4.080717e+01 8.126851e-04 1.115291e-03 7.123380e-04 6.104260e-04
4.085917e+01 8.058130e-04 1.105533e-03 7.007308e-04 6.111756e-04
4.091117e+01 8.000461e-04 1.095835e-03 6.930117e-04 6.112921e-04
4.096317e+01 7.952817e-04 1.086555e-03 6.890453e-04 6.102452e-04
4.101517e+01 7.912415e-04 1.077698e-03 6.883284e-04 6.076986e-04
4.106717e+01 7.876095e-04 1.069023e-03 6.901539e-04 6.036518e-04
4.111917e+01 7.841578e-04 1.060217e-03 6.937660e-04 5.984906e-04
4.117117e+01 7.808101e-04 1.051044e-03 6.984697e-04 5.929170e-04
4.122317e+01 7.776148e-04 1.041395e-03 7.036762e-04 5.877734e-04
4.127517e+01 7.746438e-04 1.031223e-03 7.088958e-04 5.838123e-04
4.132717e+01 7.718696e-04 1.020418e-03 7.137062e-04 5.814847e-04
4.137917e+01 7.690863e-04 1.008709e-03 7.177363e-04 5.808140e-04
4.143117e+01 7.659176e-04 9.956706e-04 7.206857e-04 5.813966e-04
4.148317e+01 7.619114e-04 9.808379e-04 7.223746e-04 5.825218e-04
4.153517e+01 7.566811e-04 9.638738e-04 7.227943e-04 5.833752e-04
4.158717e+01 7.500354e-04 9.447182e-04 7.221241e-04 5.832640e-04
4.163917e+01 7.420512e-04 9.236464e-04 7.207004e-04 5.818067e-04
4.169117e+01 7.330720e-04 9.012255e-04 7.189500e-04 5.790406e-04
4.174317e+01 7.236451e-04 8.781999e-04 7.173166e-04 5.754188e-04
4.179517e+01 7.144229e-04 8.553660e-04 7.162054e-04 5.716972e-04
4.184717e+01 7.060604e-04 8.334831e-04 7.159597e-04 5.687385e-04
4.189917e+01 6.991310e-04 8.132405e-04 7.168611e-04 5.672912e-04
4.195117e+01 6.940713e-04 7.952666e-04 7.191388e-04 5.678085e-04
4.200317e+01 6.911576e-04 7.801445e-04 7.229673e-04 5.703611e-04
4.205517e+01 6.904993e-04 7.684002e-04 7.284378e-04 5.746598e-04
4.210717e+01 6.920326e-04 7.604368e-04 7.354982e-04 5.801628e-04
4.215917e+01 6.955058e-04 7.564204e-04 7.438784e-04 5.862187e-04
4.221117e+01 7.004619e-04 7.561508e-04 7.530376e-04 5.921972e-04
4.226317e+01 7.062457e-04 7.589785e-04 7.621742e-04 5.975844e-04
4.231517e+01 7.120634e-04 7.638272e-04 7.703193e-04 6.020436e-04
4.236717e+01 7.170974e-04 7.693491e-04 7.764969e-04 6.054463e-04
4.241917e+01 7.206522e-04 7.741808e-04 7.799021e-04 6.078736e-04
4.247117e+01 7.222799e-04 7.772212e-04 7.800436e-04 6.095750e-04
4.252317e+01 7.218458e-04 7.778355e-04 7.768172e-04 6.108848e-04
4.257517e+01 7.195171e-04 7.759214e-04 7.705105e-04 6.121195e-04
4.262717e+01 7.156969e-04 7.718320e-04 7.617547e-04 6.135039e-04
4.267917e+01 7.109354e-04 7.661979e-04 7.514423e-04 6.151659e-04
4.273117e+01 7.058477e-04 7.597204e-04 7.406189e-04 6.172038e-04
4.278317e+01 7.010452e-04 7.529969e-04 7.303558e-04 6.197829e-04
4.283517e+01 6.970763e-04 7.464154e-04 7.216206e-04 6.231929e-04
4.288717e+01 6.943697e-04 7.401285e-04 7.151621e-04 6.278186e-04
4.293917e+01 6.931855e-04 7.340996e-04 7.114319e-04 6.340250e-04
4.299117e+01 6.935854e-04 7.281964e-04 7.105503e-04 6.420094e-04
4.304317e+01 6.954355e-04 7.223005e-04 7.123201e-04 6.516859e-04
4.309517e+01 6.984417e-04 7.163885e-04 7.162905e-04 6.626459e-04
4.314717e+01 7.022047e-04 7.105507e-04 7.218663e-04 6.741971e-04
4.319917e+01 7.062795e-04 7.049365e-04 7.284474e-04 6.854546e-04
4.325117e+01 7.102248e-04 6.996567e-04 7.355605e-04 6.954574e-04
4.330317e+01 7.136398e-04 6.946941e-04 7.429313e-04 7.032938e-04
4.335517e+01 7.161869e-04 6.898767e-04 7.504546e-04 7.082293e-04
4.340717e+01 7.176017e-04 6.849275e-04 7.580617e-04 7.098158e-04
4.345917e+01 7.176858e-04 6.795662e-04 7.655345e-04 7.079566e-04
4.351117e+01 7.162876e-04 6.736093e-04 7.723544e-04 7.028992e-04
4.356317e+01 7.132858e-04 6.670210e-04 7.776745e-04 6.951620e-04
4.361517e+01 7.085947e-04 6.598999e-04 7.804558e-04 6.854283e-04
4.366717e+01 7.022055e-04 6.524205e-04 7.797428e-04 6.744530e-04
4.371917e+01 6.942533e-04 6.447709e-04 7.749870e-04 6.630019e-04
4.377117e+01 6.850753e-04 6.371190e-04 7.662977e-04 6.518090e-04
4.382317e+01 6.752177e-04 6.296176e-04 7.545168e-04 6.415188e-04
4.387517e+01 6.653671e-04 6.224275e-04 7.410725e-04 6.326012e-04
4.392717e+01 6.562155e-04 6.157253e-04 7.276514e-04 6.252699e-04
4.397917e+01 6.483077e-04 6.096749e-04 7.157922e-04 6.194560e-04
4.403117e+01 6.419261e-04 6.043695e-04 7.065349e-04 6.148740e-04
4.408317e+01 6.370588e-04 5.997844e-04 7.002314e-04 6.111606e-04
4.413517e+01 6.334562e-04 5.957852e-04 6.965655e-04 6.080178e-04
4.418717e+01 6.307492e-04 5.922096e-04 6.947536e-04 6.052844e-04
4.423917e+01 6.285840e-04 5.889991e-04 6.938503e-04 6.029025e-04
4.429117e+01 6.267285e-04 5.863159e-04 6.930589e-04 6.008106e-04
4.434317e+01 6.251232e-04 5.845784e-04 6.919539e-04 5.988375e-04
4.439517e+01 6.238680e-04 5.843787e-04 6.905564e-04 5.966689e-04
4.444717e+01 6.231527e-04 5.862965e-04 6.892441e-04 5.939176e-04
4.449917e+01 6.231572e-04 5.906664e-04 6.885358e-04 5.902694e-04
4.455117e+01 6.239539e-04 5.973782e-04 6.888376e-04 5.856458e-04
4.460317e+01 6.254494e-04 6.057834e-04 6.902534e-04 5.803115e-04
4.465517e+01 6.273886e-04 6.147565e-04 6.925333e-04 5.748761e-04
4.470717e+01 6.294191e-04 6.229155e-04 6.951666e-04 5.701753e-04
4.475917e+01 6.311895e-04 6.289555e-04 6.975581e-04 5.670549e-04
4.481117e+01 6.324405e-04 6.320017e-04 6.992002e-04 5.661197e-04
4.486317e+01 6.330566e-04 6.318630e-04 6.997772e-04 5.675296e-04
4.491517e+01 6.330694e-04 6.290907e-04 6.991946e-04 5.709228e-04
4.496717e+01 6.326276e-04 6.248082e-04 6.975698e-04 5.755047e-04
4.501917e+01 6.319562e-04 6.203675e-04 6.952222e-04 5.802790e-04
4.507117e+01 6.313186e-04 6.169516e-04 6.926676e-04 5.843366e-04
4.512317e+01 6.309799e-04 6.152593e-04 6.905881e-04 5.870923e-04
4.517517e+01 6.311669e-04 6.153718e-04 6.897418e-04 5.883872e-04
4.522717e+01 6.320227e-04 6.168239e-04 6.908069e-04 5.884371e-04
4.527917e+01 6.335689e-04 6.188306e-04 6.942018e-04 5.876743e-04
4.533117e+01 6.356925e-04 6.205691e-04 6.999476e-04 5.865608e-04
4.538317e+01 6.381627e-04 6.214147e-04 7.076330e-04 5.854404e-04
4.543517e+01 6.406731e-04 6.210593e-04 7.165019e-04 5.844582e-04
4.548717e+01 6.428944e-04 6.195004e-04 7.256356e-04 5.835473e-04
4.553917e+01 6.445228e-04 6.169358e-04 7.341684e-04 5.824641e-04
4.559117e+01 6.453195e-04 6.136271e-04 7.414677e-04 5.808638e-04
4.564317e+01 6.451396e-04 6.097885e-04 7.472253e-04 5.784049e-04
4.569517e+01 6.439457e-04 6.055346e-04 7.514358e-04 5.748665e-04
4.574717e+01 6.418019e-04 6.008869e-04 7.542755e-04 5.702434e-04
4.579917e+01 6.388427e-04 5.958215e-04 7.559250e-04 5.647816e-04
4.585117e+01 6.352224e-04 5.903361e-04 7.564064e-04 5.589246e-04
4.590317e+01 6.310645e-04 5.845132e-04 7.555009e-04 5.531795e-04
4.595517e+01 6.264326e-04 5.785657e-04 7.527908e-04 5.479414e-04
4.600717e+01 6.213365e-04 5.728497e-04 7.478166e-04 5.433433e-04
4.605917e+01 6.157717e-04 5.678379e-04 7.402870e-04 5.391902e-04
4.611117e+01 6.097740e-04 5.640551e-04 7.302563e-04 5.350107e-04
4.616317e+01 6.034689e-04 5.619978e-04 7.181887e-04 5.302202e-04
4.621517e+01 5.970986e-04 5.620672e-04 7.048815e-04 5.243472e-04
4.626717e+01 5.910218e-04 5.645394e-04 6.912743e-04 5.172518e-04
4.631917e+01 5.856848e-04 5.695719e-04 6.782172e-04 5.092654e-04
4.637117e+01 5.815675e-04 5.772169e-04 6.662855e-04 5.012001e-04
4.642317e+01 5.791101e-04 5.874084e-04 6.557022e-04 4.942196e-04
4.647517e+01 5.786338e-04 5.999148e-04 6.463820e-04 4.896046e-04
4.652717e+01 5.802741e-04 6.142859e-04 6.380576e-04 4.884789e-04
4.657917e+01 5.839488e-04 6.298485e-04 6.304220e-04 4.915760e-04
4.663117e+01 5.893723e-04 6.457833e-04 6.232231e-04 4.991105e-04
4.668317e+01 5.961162e-04 6.612740e-04 6.162909e-04 5.107837e-04
4.673517e+01 6.036980e-04 6.756714e-04 6.095153e-04 5.259072e-04
4.678717e+01 6.116750e-04 6.886072e-04 6.028252e-04 5.435928e-04
4.683917e+01 6.197210e-04 7.000161e-04 5.962053e-04 5.629414e-04
4.689117e+01 6.276678e-04 7.100677e-04 5.897577e-04 5.831780e-04
4.694317e+01 6.355063e-04 7.190372e-04 5.837711e-04 6.037106e-04
4.699517e+01 6.433429e-04 7.271637e-04 5.787465e-04 6.241186e-04
4.704717e+01 6.513233e-04 7.345353e-04 5.753376e-04 6.440971e-04
4.709917e+01 6.595410e-04 7.410333e-04 5.742072e-04 6.633825e-04
4.715117e+01 6.679597e-04 7.463496e-04 5.758489e-04 6.816807e-04
4.720317e+01 6.763780e-04 7.500677e-04 5.804477e-04 6.986184e-04
4.725517e+01 6.844534e-04 7.517771e-04 5.878452e-04 7.137381e-04
4.730717e+01 6.917860e-04 7.511831e-04 5.976231e-04 7.265518e-04
4.735917e+01 6.980357e-04 7.481884e-04 6.092637e-04 7.366548e-04
4.741117e+01 7.030388e-04 7.429405e-04 6.223079e-04 7.438680e-04
4.746317e+01 7.068855e-04 7.358542e-04 6.364442e-04 7.483579e-04
4.751517e+01 7.099344e-04 7.276131e-04 6.515077e-04 7.506824e-04
4.756717e+01 7.127644e-04 7.191388e-04 6.674182e-04 7.517361e-04
4.761917e+01 7.160762e-04 7.115125e-04 6.841102e-04 7.526061e-04
4.767117e+01 7.205735e-04 7.058498e-04 7.014898e-04 7.543810e-04
4.772317e+01 7.268468e-04 7.031563e-04 7.194204e-04 7.579636e-04
4.777517e+01 7.352840e-04 7.042099e-04 7.377087e-04 7.639333e-04
4.782717e+01 7.460194e-04 7.095056e-04 7.560676e-04 7.724851e-04
4.787917e+01 7.589240e-04 7.192611e-04 7.740595e-04 7.834513e-04
4.793117e+01 7.736281e-04 7.334480e-04 7.910496e-04 7.963867e-04
4.798317e+01 7.895620e-04 7.517969e-04 8.062096e-04 8.106793e-04
4.803517e+01 8.059994e-04 7.737571e-04 8.185961e-04 8.256448e-04
4.808717e+01 8.221004e-04 7.984298e-04 8.272896e-04 8.405819e-04
4.813917e+01 8.369624e-04 8.245311e-04 8.315547e-04 8.548015e-04
4.819117e+01 8.496891e-04 8.504345e-04 8.309705e-04 8.676625e-04
4.824317e+01 8.594789e-04 8.743063e-04 8.254898e-04 8.786407e-04
4.829517e+01 8.657146e-04 8.943046e-04 8.154164e-04 8.874227e-04
4.834717e+01 8.680251e-04 9.087886e-04 8.013127e-04 8.939740e-04
4.839917e+01 8.662980e-04 9.164971e-04 7.838727e-04 8.985242e-04
4.845117e+01 8.606428e-04 9.166790e-04 7.638030e-04 9.014464e-04
4.850317e+01 8.513299e-04 9.091739e-04 7.417515e-04 9.030641e-04
4.855517e+01 8.387379e-04 8.944433e-04 7.183010e-04 9.034692e-04
4.860717e+01 8.233301e-04 8.735369e-04 6.940195e-04 9.024339e-04
4.865917e+01 8.056543e-04 8.479756e-04 6.695295e-04 8.994578e-04
4.871117e+01 7.863406e-04 8.195477e-04 6.455458e-04 8.939284e-04
4.876317e+01 7.660747e-04 7.900442e-04 6.228532e-04 8.853268e-04
4.881517e+01 7.455393e-04 7.609926e-04 6.022239e-04 8.734014e-04
4.886717e+01 7.253432e-04 7.334608e-04 5.843121e-04 8.582567e-04
4.891917e+01 7.059661e-04 7.079857e-04 5.695712e-04 8.403412e-04
4.897117e+01 6.877384e-04 6.846454e-04 5.582152e-04 8.203546e-04
4.902317e+01 6.708554e-04 6.632380e-04 5.502174e-04 7.991108e-04
4.907517e+01 6.554072e-04 6.435011e-04 5.453197e-04 7.774009e-04
4.912717e+01 6.414064e-04 6.252936e-04 5.430338e-04 7.558918e-04
4.917917e+01 6.288049e-04 6.086879e-04 5.426480e-04 7.350787e-04
4.923117e+01 6.175077e-04 5.939599e-04 5.432699e-04 7.152935e-04
4.928317e+01 6.073941e-04 5.814981e-04 5.439359e-04 6.967483e-04
4.933517e+01 5.983473e-04 5.716714e-04 5.437774e-04 6.795933e-04
4.938717e+01 5.902830e-04 5.646923e-04 5.421946e-04 6.639622e-04
4.943917e+01 5.831561e-04 5.605011e-04 5.389687e-04 6.499986e-04
4.949117e+01 5.769378e-04 5.586904e-04 5.342634e-04 6.378597e-04
4.954317e+01 5.715696e-04 5.584876e-04 5.285154e-04 6.277060e-04
4.959517e+01 5.669218e-04 5.588149e-04 5.222660e-04 6.196846e-04
4.964717e+01 5.627841e-04 5.584380e-04 5.160029e-04 6.139113e-04
4.969917e+01 5.589026e-04 5.561861e-04 5.100674e-04 6.104543e-04
4.975117e+01 5.550521e-04 5.511966e-04 5.046384e-04 6.093213e-04
4.980317e+01 5.511078e-04 5.431094e-04 4.997663e-04 6.104478e-04
4.985517e+01 5.470813e-04 5.321426e-04 4.954158e-04 6.136855e-04
4.990717e+01 5.430979e-04 5.190146e-04 4.914900e-04 6.187892e-04
4.995917e+01 5.393250e-04 5.047364e-04 4.878357e-04 6.254030e-04
5.001117e+01 5.358818e-04 4.903442e-04 4.842501e-04 6.330511e-04
5.006317e+01 5.327706e-04 4.766636e-04 4.805067e-04 6.411415e-04
5.011517e+01 5.298572e-04 4.641765e-04 4.764038e-04 6.489914e-04
5.016717e+01 5.269035e-04 4.530141e-04 4.718194e-04 6.558770e-04
5.021917e+01 5.236354e-04 4.430506e-04 4.667504e-04 6.611053e-04
5.027117e+01 5.198186e-04 4.340386e-04 4.613188e-04 6.640985e-04
5.032317e+01 5.153179e-04 4.257311e-04 4.557447e-04 6.644778e-04
5.037517e+01 5.101280e-04 4.179544e-04 4.502974e-04 6.621322e-04
5.042717e+01 5.043774e-04 4.106297e-04 4.452452e-04 6.572574e-04
5.047917e+01 4.983097e-04 4.037600e-04 4.408215e-04 6.503476e-04
5.053117e+01 4.922493e-04 3.974026e-04 4.372154e-04 6.421298e-04
5.058317e+01 4.865518e-04 3.916387e-04 4.345833e-04 6.334335e-04
5.063517e+01 4.815411e-04 3.865432e-04 4.330658e-04 6.250142e-04
5.068717e+01 4.774370e-04 3.821517e-04 4.327910e-04 6.173682e-04
5.073917e+01 4.742948e-04 3.784314e-04 4.338543e-04 6.105987e-04
5.079117e+01 4.719812e-04 3.752645e-04 4.362848e-04 6.043944e-04
5.084317e+01 4.702112e-04 3.724596e-04 4.400200e-04 5.981540e-04
5.089517e+01 4.686492e-04 3.697953e-04 4.449129e-04 5.912393e-04
5.094717e+01 4.670476e-04 3.670914e-04 4.507753e-04 5.832762e-04
5.099917e+01 4.653716e-04 3.642855e-04 4.574369e-04 5.743924e-04
5.105117e+01 4.638550e-04 3.614880e-04 4.647892e-04 5.652878e-04
5.110317e+01 4.629613e-04 3.589912e-04 4.727904e-04 5.571025e-04
5.115517e+01 4.632600e-04 3.572229e-04 4.814340e-04 5.511231e-04
5.120717e+01 4.652664e-04 3.566587e-04 4.907017e-04 5.484389e-04
5.125917e+01 4.693015e-04 3.577189e-04 5.005222e-04 5.496634e-04
5.131117e+01 4.754092e-04 3.606818e-04 5.107433e-04 5.548025e-04
5.136317e+01 4.833393e-04 3.656343e-04 5.211046e-04 5.632789e-04
5.141517e+01 4.925780e-04 3.724619e-04 5.312031e-04 5.740689e-04
5.146717e+01 5.024083e-04 3.808700e-04 5.404637e-04 5.858912e-04
5.151917e+01 5.119908e-04 3.904249e-04 5.481485e-04 5.973990e-04
5.157117e+01 5.204671e-04 4.006031e-04 5.534436e-04 6.073546e-04
5.162317e+01 5.270875e-04 4.108486e-04 5.556330e-04 6.147811e-04
5.167517e+01 5.313466e-04 4.206359e-04 5.543208e-04 6.190830e-04
5.172717e+01 5.330920e-04 4.295335e-04 5.496242e-04 6.201182e-04
5.177917e+01 5.325697e-04 4.372598e-04 5.422503e-04 6.181991e-04
5.183117e+01 5.303784e-04 4.437169e-04 5.334055e-04 6.140128e-04
5.188317e+01 5.273382e-04 4.489949e-04 5.245482e-04 6.084715e-04
5.193517e+01 5.243102e-04 4.533443e-04 5.170595e-04 6.025267e-04
5.198717e+01 5.220204e-04 4.571270e-04 5.119401e-04 5.969942e-04
5.203917e+01 5.209413e-04 4.607571e-04 5.096327e-04 5.924340e-04
5.209117e+01 5.212586e-04 4.646463e-04 5.100159e-04 5.891137e-04
5.214317e+01 5.229195e-04 4.691558e-04 5.125486e-04 5.870541e-04
5.219517e+01 5.257250e-04 4.745549e-04 5.164916e-04 5.861286e-04
5.224717e+01 5.294219e-04 4.809814e-04 5.211160e-04 5.861684e-04
5.229917e+01 5.337588e-04 4.884107e-04 5.258365e-04 5.870291e-04
5.235117e+01 5.384993e-04 4.966450e-04 5.302568e-04 5.885962e-04
5.240317e+01 5.434096e-04 5.053382e-04 5.341522e-04 5.907384e-04
5.245517e+01 5.482465e-04 5.140619e-04 5.374328e-04 5.932449e-04
5.250717e+01 5.527654e-04 5.224006e-04 5.401097e-04 5.957858e-04
5.255917e+01 5.567439e-04 5.300479e-04 5.422629e-04 5.979209e-04
5.261117e+01 5.600083e-04 5.368702e-04 5.439981e-04 5.991567e-04
5.266317e+01 5.624441e-04 5.429122e-04 5.453866e-04 5.990335e-04
5.271517e+01 5.639881e-04 5.483434e-04 5.464084e-04 5.972125e-04
5.276717e+01 5.646110e-04 5.533613e-04 5.469321e-04 5.935394e-04
5.281917e+01 5.643056e-04 5.580896e-04 5.467573e-04 5.880699e-04
5.287117e+01 5.630899e-04 5.625080e-04 5.457115e-04 5.810501e-04
5.292317e+01 5.610198e-04 5.664439e-04 5.437595e-04 5.728559e-04
5.297517e+01 5.582022e-04 5.696327e-04 5.410693e-04 5.639047e-04
5.302717e+01 5.547969e-04 5.718317e-04 5.379971e-04 5.545618e-04
5.307917e+01 5.510060e-04 5.729473e-04 5.349982e-04 5.450724e-04
5.313117e+01 5.470594e-04 5.731278e-04 5.325080e-04 5.355425e-04
5.318317e+01 5.432020e-04 5.727788e-04 5.308506e-04 5.259766e-04
5.323517e+01 5.396814e-04 5.724881e-04 5.302046e-04 5.163516e-04
5.328717e+01 5.367310e-04 5.728823e-04 5.306196e-04 5.066910e-04
5.333917e+01 5.345400e-04 5.744666e-04 5.320480e-04 4.971053e-04
5.339117e+01 5.332150e-04 5.775023e-04 5.343613e-04 4.877814e-04
5.344317e+01 5.327449e-04 5.819551e-04 5.373490e-04 4.789307e-04
5.349517e+01 5.329862e-04 5.875113e-04 5.407232e-04 4.707242e-04
5.354717e+01 5.336789e-04 5.936381e-04 5.441550e-04 4.632435e-04
5.359917e+01 5.344928e-04 5.996631e-04 5.473479e-04 4.564673e-04
5.365117e+01 5.350933e-04 6.048628e-04 5.501202e-04 4.502970e-04
5.370317e+01 5.352109e-04 6.085652e-04 5.524579e-04 4.446095e-04
5.375517e+01 5.346961e-04 6.102613e-04 5.545080e-04 4.393189e-04
5.380717e+01 5.335464e-04 6.097048e-04 5.565120e-04 4.344224e-04
5.385917e+01 5.318933e-04 6.069636e-04 5.587039e-04 4.300123e-04
5.391117e+01 5.299486e-04 6.023940e-04 5.612110e-04 4.262410e-04
5.396317e+01 5.279224e-04 5.965322e-04 5.639879e-04 4.232470e-04
5.401517e+01 5.259359e-04 5.899393e-04 5.668027e-04 4.210656e-04
5.406717e+01 5.239616e-04 5.830536e-04 5.692715e-04 4.195597e-04
5.411917e+01 5.218136e-04 5.761071e-04 5.709271e-04 4.184065e-04
5.417117e+01 5.191954e-04 5.691311e-04 5.712988e-04 4.171565e-04
5.422317e+01 5.157935e-04 5.620424e-04 5.699851e-04 4.153530e-04
5.427517e+01 5.113843e-04 5.547646e-04 5.667132e-04 4.126751e-04
5.432717e+01 5.059234e-04 5.473331e-04 5.613864e-04 4.090507e-04
5.437917e+01 4.995880e-04 5.399425e-04 5.541229e-04 4.046987e-04
5.443117e+01 4.927609e-04 5.329202e-04 5.452798e-04 4.000825e-04
5.448317e+01 4.859562e-04 5.266355e-04 5.354406e-04 3.957925e-04
5.453517e+01 4.797069e-04 5.213742e-04 5.253497e-04 3.923968e-04
5.458717e+01 4.744419e-04 5.172252e-04 5.157925e-04 3.903079e-04
5.463917e+01 4.703912e-04 5.140243e-04 5.074483e-04 3.897010e-04
5.469117e+01 4.675485e-04 5.113873e-04 5.007608e-04 3.904973e-04
5.474317e+01 4.657039e-04 5.088359e-04 4.958711e-04 3.924047e-04
5.479517e+01 4.645332e-04 5.059759e-04 4.926301e-04 3.949935e-04
5.484717e+01 4.637087e-04 5.026617e-04 4.906802e-04 3.977843e-04
5.489917e+01 4.629930e-04 4.990782e-04 4.895733e-04 4.003275e-04
5.495117e+01 4.622853e-04 4.957002e-04 4.888878e-04 4.022678e-04
5.500317e+01 4.616158e-04 4.931401e-04 4.883169e-04 4.033904e-04
5.505517e+01 4.611003e-04 4.919375e-04 4.877144e-04 4.036491e-04
5.510717e+01 4.608810e-04 4.923726e-04 4.870961e-04 4.031742e-04
5.515917e+01 4.610760e-04 4.943714e-04 4.866019e-04 4.022548e-04
5.521117e+01 4.617511e-04 4.975307e-04 4.864314e-04 4.012914e-04
5.526317e+01 4.629104e-04 5.012405e-04 4.867693e-04 4.007214e-04
5.531517e+01 4.644978e-04 5.048418e-04 4.877239e-04 4.009277e-04
5.536717e+01 4.663996e-04 5.077531e-04 4.892966e-04 4.021490e-04
5.541917e+01 4.684479e-04 5.095322e-04 4.913948e-04 4.044168e-04
5.547117e+01 4.704303e-04 5.098763e-04 4.938802e-04 4.075345e-04
5.552317e+01 4.721115e-04 5.085952e-04 4.966282e-04 4.111112e-04
5.557517e+01 4.732645e-04 5.055885e-04 4.995637e-04 4.146413e-04
5.562717e+01 4.736966e-04 5.008335e-04 5.026466e-04 4.176098e-04
5.567917e+01 4.732555e-04 4.943699e-04 5.058053e-04 4.195913e-04
5.573117e+01 4.718071e-04 4.862650e-04 5.088446e-04 4.203117e-04
5.578317e+01 4.691965e-04 4.765623e-04 5.113757e-04 4.196514e-04
5.583517e+01 4.652109e-04 4.652345e-04 5.128054e-04 4.175928e-04
5.588717e+01 4.595683e-04 4.521706e-04 5.123989e-04 4.141354e-04
