7.258348e+00 0.000000e+00 0.000000e+00 0.000000e+00 0.000000e+00
7.307319e+00 0.000000e+00 0.000000e+00 0.000000e+00 0.000000e+00
7.356289e+00 0.000000e+00 0.000000e+00 0.000000e+00 0.000000e+00
7.405260e+00 0.000000e+00 0.000000e+00 0.000000e+00 0.000000e+00
7.454230e+00 0.000000e+00 0.000000e+00 0.000000e+00 0.000000e+00
7.503201e+00 0.000000e+00 0.000000e+00 0.000000e+00 0.000000e+00
7.552172e+00 0.000000e+00 0.000000e+00 0.000000e+00 0.000000e+00
7.601142e+00 0.000000e+00 0.000000e+00 0.000000e+00 0.000000e+00
7.650113e+00 0.000000e+00 0.000000e+00 0.000000e+00 0.000000e+00
7.699083e+00 0.000000e+00 0.000000e+00 0.000000e+00 0.000000e+00
7.748054e+00 0.000000e+00 0.000000e+00 0.000000e+00 0.000000e+00
7.797025e+00 0.000000e+00 0.000000e+00 0.000000e+00 0.000000e+00
7.845995e+00 0.000000e+00 0.000000e+00 0.000000e+00 0.000000e+00
7.894966e+00 0.000000e+00 0.000000e+00 0.000000e+00 0.000000e+00
7.943936e+00 0.000000e+00 0.000000e+00 0.000000e+00 0.000000e+00
7.992907e+00 0.000000e+00 0.000000e+00 0.000000e+00 0.000000e+00
8.041878e+00 0.000000e+00 0.000000e+00 0.000000e+00 0.000000e+00
8.090848e+00 0.000000e+00 0.000000e+00 0.000000e+00 0.000000e+00
8.139819e+00 0.000000e+00 0.000000e+00 0.000000e+00 0.000000e+00
8.188789e+00 0.000000e+00 0.000000e+00 0.000000e+00 0.000000e+00
8.237760e+00 0.000000e+00 0.000000e+00 0.000000e+00 0.000000e+00
8.286731e+00 0.000000e+00 0.000000e+00 0.000000e+00 0.000000e+00
8.335701e+00 0.000000e+00 0.000000e+00 0.000000e+00 0.000000e+00
8.384672e+00 0.000000e+00 0.000000e+00 0.000000e+00 0.000000e+00
8.433642e+00 0.000000e+00 0.000000e+00 0.000000e+00 0.000000e+00
8.482613e+00 0.000000e+00 0.000000e+00 0.000000e+00 0.000000e+00
8.531584e+00 0.000000e+00 0.000000e+00 0.000000e+00 0.000000e+00
8.580554e+00 0.000000e+00 0.000000e+00 0.000000e+00 0.000000e+00
8.629525e+00 0.000000e+00 0.000000e+00 0.000000e+00 0.000000e+00
8.678495e+00 0.000000e+00 0.000000e+00 0.000000e+00 0.000000e+00
8.727466e+00 0.000000e+00 0.000000e+00 0.000000e+00 0.000000e+00
8.776437e+00 0.000000e+00 0.000000e+00 0.000000e+00 0.000000e+00
8.825407e+00 0.000000e+00 0.000000e+00 0.000000e+00 0.000000e+00
8.874378e+00 0.000000e+00 0.000000e+00 0.000000e+00 0.000000e+00
8.923348e+00 0.000000e+00 0.000000e+00 0.000000e+00 0.000000e+00
8.972319e+00 0.000000e+00 0.000000e+00 0.000000e+00 0.000000e+00
9.021290e+00 0.000000e+00 0.000000e+00 0.000000e+00 0.000000e+00
9.070260e+00 0.000000e+00 0.000000e+00 0.000000e+00 0.000000e+00
9.119231e+00 0.000000e+00 0.000000e+00 0.000000e+00 0.000000e+00
9.168201e+00 0.000000e+00 0.000000e+00 0.000000e+00 0.000000e+00
9.217172e+00 0.000000e+00 0.000000e+00 0.000000e+00 0.000000e+00
9.266143e+00 0.000000e+00 0.000000e+00 0.000000e+00 0.000000e+00
9.315113e+00 0.000000e+00 0.000000e+00 0.000000e+00 0.000000e+00
9.364084e+00 0.000000e+00 0.000000e+00 0.000000e+00 0.000000e+00
9.413054e+00 0.000000e+00 0.000000e+00 0.000000e+00 0.000000e+00
9.462025e+00 0.000000e+00 0.000000e+00 0.000000e+00 0.000000e+00
9.510996e+00 0.000000e+00 0.000000e+00 0.000000e+00 0.000000e+00
9.559966e+00 0.000000e+00 0.000000e+00 0.000000e+00 0.000000e+00
9.608937e+00 0.000000e+00 0.000000e+00 0.000000e+00 0.000000e+00
9.657907e+00 0.000000e+00 0.000000e+00 0.000000e+00 0.000000e+00
9.706878e+00 0.000000e+00 0.000000e+00 0.000000e+00 0.000000e+00
9.755849e+00 0.000000e+00 0.000000e+00 0.000000e+00 0.000000e+00
9.804819e+00 0.000000e+00 0.000000e+00 0.000000e+00 0.000000e+00
9.853790e+00 0.000000e+00 0.000000e+00 0.000000e+00 0.000000e+00
9.902760e+00 0.000000e+00 0.000000e+00 0.000000e+00 0.000000e+00
9.951731e+00 0.000000e+00 0.000000e+00 0.000000e+00 0.000000e+00
1.000070e+01 0.000000e+00 0.000000e+00 0.000000e+00 0.000000e+00
1.004967e+01 0.000000e+00 0.000000e+00 0.000000e+00 0.000000e+00
1.009864e+01 0.000000e+00 0.000000e+00 0.000000e+00 0.000000e+00
1.014761e+01 0.000000e+00 0.000000e+00 0.000000e+00 0.000000e+00
1.019658e+01 0.000000e+00 0.000000e+00 0.000000e+00 0.000000e+00
1.024555e+01 0.000000e+00 0.000000e+00 0.000000e+00 0.000000e+00
1.029453e+01 0.000000e+00 0.000000e+00 0.000000e+00 0.000000e+00
1.034350e+01 0.000000e+00 0.000000e+00 0.000000e+00 0.000000e+00
1.039247e+01 0.000000e+00 0.000000e+00 0.000000e+00 0.000000e+00
1.044144e+01 0.000000e+00 0.000000e+00 0.000000e+00 0.000000e+00
1.049041e+01 0.000000e+00 0.000000e+00 0.000000e+00 0.000000e+00
1.053938e+01 0.000000e+00 0.000000e+00 0.000000e+00 0.000000e+00
1.058835e+01 0.000000e+00 0.000000e+00 0.000000e+00 0.000000e+00
1.063732e+01 0.000000e+00 0.000000e+00 0.000000e+00 0.000000e+00
1.068629e+01 0.000000e+00 0.000000e+00 0.000000e+00 0.000000e+00
1.073526e+01 0.000000e+00 0.000000e+00 0.000000e+00 0.000000e+00
1.078423e+01 0.000000e+00 0.000000e+00 0.000000e+00 0.000000e+00
1.083320e+01 0.000000e+00 0.000000e+00 0.000000e+00 0.000000e+00
1.088217e+01 0.000000e+00 0.000000e+00 0.000000e+00 0.000000e+00
1.093114e+01 0.000000e+00 0.000000e+00 0.000000e+00 0.000000e+00
1.098011e+01 0.000000e+00 0.000000e+00 0.000000e+00 0.000000e+00
1.102908e+01 0.000000e+00 0.000000e+00 0.000000e+00 0.000000e+00
1.107805e+01 0.000000e+00 0.000000e+00 0.000000e+00 0.000000e+00
1.112703e+01 2.678474e-14 5.028710e-16 1.034548e-14 6.950587e-14
1.117600e+01 2.343614e-13 2.134224e-14 1.005994e-13 5.811425e-13
1.122497e+01 1.182110e-12 1.349387e-13 5.218013e-13 2.889590e-12
1.127394e+01 4.784943e-12 5.778950e-13 2.127867e-12 1.164907e-11
1.132291e+01 1.796933e-11 2.227922e-12 8.033073e-12 4.364700e-11
1.137188e+01 6.463664e-11 8.187586e-12 2.899360e-11 1.567287e-10
1.142085e+01 2.178760e-10 2.804483e-11 9.808352e-11 5.274996e-10
1.146982e+01 6.898499e-10 9.059716e-11 3.116395e-10 1.667313e-09
1.151879e+01 2.071336e-09 2.765665e-10 9.386486e-10 4.998793e-09
1.156776e+01 5.900659e-09 7.979764e-10 2.681226e-09 1.422277e-08
1.161673e+01 1.595570e-08 2.176590e-09 7.266729e-09 3.842378e-08
1.166570e+01 4.097434e-08 5.613816e-09 1.869481e-08 9.861441e-08
1.171467e+01 9.997743e-08 1.369437e-08 4.567532e-08 2.405626e-07
1.176364e+01 2.318937e-07 3.160404e-08 1.060272e-07 5.580500e-07
1.181261e+01 5.115142e-07 6.902092e-08 2.339432e-07 1.231578e-06
1.186158e+01 1.073407e-06 1.426863e-07 4.908201e-07 2.586715e-06
1.191056e+01 2.143525e-06 2.793029e-07 9.794504e-07 5.171821e-06
1.195953e+01 4.074020e-06 5.178321e-07 1.859436e-06 9.844793e-06
1.200850e+01 7.370050e-06 9.095957e-07 3.358637e-06 1.784192e-05
1.205747e+01 1.268928e-05 1.514164e-06 5.771950e-06 3.078174e-05
1.210644e+01 2.078909e-05 2.389301e-06 9.436315e-06 5.054165e-05
1.215541e+01 3.239860e-05 3.574679e-06 1.467220e-05 7.894892e-05
1.220438e+01 4.800927e-05 5.071629e-06 2.168942e-05 1.172668e-04
1.225335e+01 6.761007e-05 6.824284e-06 3.046976e-05 1.655362e-04
1.230232e+01 9.043525e-05 8.709571e-06 4.065714e-05 2.219390e-04
1.235129e+01 1.148260e-04 1.054319e-05 5.150018e-05 2.824345e-04
1.240026e+01 1.383081e-04 1.210495e-05 6.189145e-05 3.409278e-04
1.244923e+01 1.579393e-04 1.318037e-05 7.052533e-05 3.901123e-04
1.249820e+01 1.708863e-04 1.360856e-05 7.615514e-05 4.228954e-04
1.254717e+01 1.750867e-04 1.332244e-05 7.788464e-05 4.340531e-04
1.259614e+01 1.697879e-04 1.236900e-05 7.540216e-05 4.215924e-04
1.264511e+01 1.557723e-04 1.090485e-05 6.907503e-05 3.873370e-04
1.269408e+01 1.351852e-04 9.173970e-06 5.986951e-05 3.365122e-04
1.274306e+01 1.110293e-04 7.486193e-06 4.912825e-05 2.764735e-04
1.279203e+01 8.652086e-05 6.223004e-06 3.829429e-05 2.150453e-04
1.284100e+01 6.454723e-05 5.899303e-06 2.869258e-05 1.590498e-04
1.288997e+01 4.741694e-05 7.304067e-06 2.146085e-05 1.134859e-04
1.293894e+01 3.697768e-05 1.172711e-05 1.767260e-05 8.153334e-05
1.298791e+01 3.504562e-05 2.125032e-05 1.863482e-05 6.525173e-05
1.303688e+01 4.398400e-05 3.903830e-05 2.628625e-05 6.662746e-05
1.308585e+01 6.720951e-05 6.951191e-05 4.357272e-05 8.854389e-05
1.313482e+01 1.093925e-04 1.182502e-04 7.463839e-05 1.352890e-04
1.318379e+01 1.761576e-04 1.914749e-04 1.246621e-04 2.123357e-04
1.323276e+01 2.731951e-04 2.950587e-04 1.992159e-04 3.253109e-04
1.328173e+01 4.048746e-04 4.331691e-04 3.031540e-04 4.783008e-04
1.333070e+01 5.726713e-04 6.068659e-04 4.392494e-04 6.718986e-04
1.337967e+01 7.739100e-04 8.131191e-04 6.069983e-04 9.016125e-04
1.342864e+01 1.001371e-03 1.044706e-03 8.021064e-04 1.157301e-03
1.347761e+01 1.244122e-03 1.291227e-03 1.017037e-03 1.424102e-03
1.352658e+01 1.489532e-03 1.541094e-03 1.242647e-03 1.684856e-03
1.357556e+01 1.725986e-03 1.784001e-03 1.470487e-03 1.923470e-03
1.362453e+01 1.945463e-03 2.013133e-03 1.695047e-03 2.128210e-03
1.367350e+01 2.145200e-03 2.226507e-03 1.915222e-03 2.293869e-03
1.372247e+01 2.327951e-03 2.427111e-03 2.134605e-03 2.422136e-03
1.377144e+01 2.500927e-03 2.621941e-03 2.360622e-03 2.520219e-03
1.382041e+01 2.673879e-03 2.820322e-03 2.602865e-03 2.598449e-03
1.386938e+01 2.856968e-03 3.031990e-03 2.870978e-03 2.667935e-03
1.391835e+01 3.058884e-03 3.265246e-03 3.172342e-03 2.739065e-03
1.396732e+01 3.285352e-03 3.525327e-03 3.509663e-03 2.821068e-03
1.401629e+01 3.537914e-03 3.812939e-03 3.878678e-03 2.922127e-03
1.406526e+01 3.812889e-03 4.122956e-03 4.266471e-03 3.049239e-03
1.411423e+01 4.100615e-03 4.443472e-03 4.651123e-03 3.207250e-03
1.416320e+01 4.385414e-03 4.755670e-03 5.003394e-03 3.397179e-03
1.421217e+01 4.646818e-03 5.035134e-03 5.290703e-03 3.614616e-03
1.426114e+01 4.862394e-03 5.255012e-03 5.482895e-03 3.849275e-03
1.431011e+01 5.011922e-03 5.390871e-03 5.558494e-03 4.086401e-03
1.435909e+01 5.081938e-03 5.426248e-03 5.509695e-03 4.309873e-03
1.440806e+01 5.069216e-03 5.357253e-03 5.344479e-03 4.505916e-03
1.445703e+01 4.981826e-03 5.194521e-03 5.085060e-03 4.665896e-03
1.450600e+01 4.837170e-03 4.961515e-03 4.763026e-03 4.786969e-03
1.455497e+01 4.657491e-03 4.689464e-03 4.412671e-03 4.870339e-03
1.460394e+01 4.464314e-03 4.410420e-03 4.064481e-03 4.918042e-03
1.465291e+01 4.273720e-03 4.150619e-03 3.740595e-03 4.929946e-03
1.470188e+01 4.094007e-03 3.926163e-03 3.453167e-03 4.902691e-03
1.475085e+01 3.926387e-03 3.742168e-03 3.205577e-03 4.831415e-03
1.479982e+01 3.768248e-03 3.595331e-03 2.995563e-03 4.713851e-03
1.484879e+01 3.617636e-03 3.478841e-03 2.818957e-03 4.555111e-03
1.489776e+01 3.477216e-03 3.387888e-03 2.672793e-03 4.370968e-03
1.494673e+01 3.356234e-03 3.323988e-03 2.556962e-03 4.187752e-03
1.499570e+01 3.269738e-03 3.296777e-03 2.474223e-03 4.038214e-03
1.504467e+01 3.235281e-03 3.322714e-03 2.428922e-03 3.954206e-03
1.509364e+01 3.268187e-03 3.421040e-03 2.425184e-03 3.958336e-03
1.514261e+01 3.376872e-03 3.607996e-03 2.465376e-03 4.057245e-03
1.519159e+01 3.559592e-03 3.890661e-03 2.549386e-03 4.238730e-03
1.524056e+01 3.803448e-03 4.261851e-03 2.674815e-03 4.473679e-03
1.528953e+01 4.085791e-03 4.697356e-03 2.837775e-03 4.722242e-03
1.533850e+01 4.377541e-03 5.156575e-03 3.033687e-03 4.942362e-03
1.538747e+01 4.647631e-03 5.587131e-03 3.257593e-03 5.098168e-03
1.543644e+01 4.867660e-03 5.933220e-03 3.503706e-03 5.166053e-03
1.548541e+01 5.015943e-03 6.146255e-03 3.764351e-03 5.137222e-03
1.553438e+01 5.080261e-03 6.195256e-03 4.028782e-03 5.016746e-03
1.558335e+01 5.058842e-03 6.073903e-03 4.282506e-03 4.820117e-03
1.563232e+01 4.959414e-03 5.801851e-03 4.507663e-03 4.568728e-03
1.568129e+01 4.796636e-03 5.419631e-03 4.684738e-03 4.285539e-03
1.573026e+01 4.588601e-03 4.978642e-03 4.795419e-03 3.991741e-03
1.577923e+01 4.353393e-03 4.529437e-03 4.826012e-03 3.704731e-03
1.582820e+01 4.106568e-03 4.111828e-03 4.770566e-03 3.437311e-03
1.587717e+01 3.859995e-03 3.749365e-03 4.632785e-03 3.197836e-03
1.592614e+01 3.621942e-03 3.448886e-03 4.426061e-03 2.990878e-03
1.597511e+01 3.397816e-03 3.204084e-03 4.171377e-03 2.817985e-03
1.602409e+01 3.190886e-03 3.001079e-03 3.893393e-03 2.678185e-03
1.607306e+01 3.002538e-03 2.823914e-03 3.615557e-03 2.568143e-03
1.612203e+01 2.832093e-03 2.658646e-03 3.355487e-03 2.482146e-03
1.617100e+01 2.676609e-03 2.495568e-03 3.121933e-03 2.412325e-03
1.621997e+01 2.531205e-03 2.329836e-03 2.914273e-03 2.349507e-03
1.626894e+01 2.390218e-03 2.161061e-03 2.724756e-03 2.284838e-03
1.631791e+01 2.249025e-03 1.992404e-03 2.542771e-03 2.211902e-03
1.636688e+01 2.105949e-03 1.829504e-03 2.359649e-03 2.128693e-03
1.641585e+01 1.963458e-03 1.679371e-03 2.172304e-03 2.038700e-03
1.646482e+01 1.828117e-03 1.549286e-03 1.984472e-03 1.950592e-03
1.651379e+01 1.709187e-03 1.445758e-03 1.805289e-03 1.876513e-03
1.656276e+01 1.616367e-03 1.373673e-03 1.645991e-03 1.829437e-03
1.661173e+01 1.557443e-03 1.335769e-03 1.516175e-03 1.820387e-03
1.666070e+01 1.536612e-03 1.332532e-03 1.421080e-03 1.856223e-03
1.670967e+01 1.553907e-03 1.362492e-03 1.360703e-03 1.938527e-03
1.675864e+01 1.605746e-03 1.422774e-03 1.330764e-03 2.063699e-03
1.680762e+01 1.686234e-03 1.509729e-03 1.324771e-03 2.224201e-03
1.685659e+01 1.788782e-03 1.619485e-03 1.336208e-03 2.410653e-03
1.690556e+01 1.907617e-03 1.748381e-03 1.360039e-03 2.614433e-03
1.695453e+01 2.038957e-03 1.893343e-03 1.393265e-03 2.830262e-03
1.700350e+01 2.181729e-03 2.052354e-03 1.434746e-03 3.058087e-03
1.705247e+01 2.337772e-03 2.225094e-03 1.484731e-03 3.303492e-03
1.710144e+01 2.511410e-03 2.413663e-03 1.544529e-03 3.576038e-03
1.715041e+01 2.708295e-03 2.623077e-03 1.616431e-03 3.885378e-03
1.719938e+01 2.933532e-03 2.861009e-03 1.703764e-03 4.235824e-03
1.724835e+01 3.189311e-03 3.136266e-03 1.810880e-03 4.620788e-03
1.729732e+01 3.472581e-03 3.455753e-03 1.942920e-03 5.019071e-03
1.734629e+01 3.773495e-03 3.820293e-03 2.105388e-03 5.394804e-03
1.739526e+01 4.075269e-03 4.220285e-03 2.303575e-03 5.701948e-03
1.744423e+01 4.355809e-03 4.632809e-03 2.541803e-03 5.892814e-03
1.749320e+01 4.590870e-03 5.021734e-03 2.822338e-03 5.928536e-03
1.754217e+01 4.758042e-03 5.341852e-03 3.143785e-03 5.788489e-03
1.759114e+01 4.840511e-03 5.546742e-03 3.499026e-03 5.475765e-03
1.764012e+01 4.829607e-03 5.598660e-03 3.873168e-03 5.016995e-03
1.768909e+01 4.725547e-03 5.477637e-03 4.242385e-03 4.456619e-03
1.773806e+01 4.536333e-03 5.186854e-03 4.574654e-03 3.847491e-03
1.778703e+01 4.275372e-03 4.752422e-03 4.833074e-03 3.240622e-03
1.783600e+01 3.958716e-03 4.217608e-03 4.981657e-03 2.676885e-03
1.788497e+01 3.602792e-03 3.633426e-03 4.992502e-03 2.182448e-03
1.793394e+01 3.223184e-03 3.048667e-03 4.852513e-03 1.768370e-03
1.798291e+01 2.834481e-03 2.502257e-03 4.567686e-03 1.433500e-03
1.803188e+01 2.450773e-03 2.019593e-03 4.163598e-03 1.169127e-03
1.808085e+01 2.086195e-03 1.612901e-03 3.681942e-03 9.637429e-04
1.812982e+01 1.755090e-03 1.284371e-03 3.174148e-03 8.067518e-04
1.817879e+01 1.471623e-03 1.030364e-03 2.693889e-03 6.906140e-04
1.822776e+01 1.249019e-03 8.452802e-04 2.290239e-03 6.115377e-04
1.827673e+01 1.098649e-03 7.242747e-04 2.002530e-03 5.691426e-04
1.832570e+01 1.029083e-03 6.646606e-04 1.857040e-03 5.655490e-04
1.837467e+01 1.045082e-03 6.661081e-04 1.864969e-03 6.041687e-04
1.842364e+01 1.146434e-03 7.298601e-04 2.021160e-03 6.882825e-04
1.847262e+01 1.326715e-03 8.571623e-04 2.303562e-03 8.194211e-04
1.852159e+01 1.572336e-03 1.047175e-03 2.674153e-03 9.956793e-04
1.857056e+01 1.862471e-03 1.294791e-03 3.082331e-03 1.210289e-03
1.861953e+01 2.170420e-03 1.588961e-03 3.471359e-03 1.450940e-03
1.866850e+01 2.466549e-03 1.912140e-03 3.787216e-03 1.700291e-03
1.871747e+01 2.722387e-03 2.241301e-03 3.987973e-03 1.937888e-03
1.876644e+01 2.914935e-03 2.550535e-03 4.051037e-03 2.143234e-03
1.881541e+01 3.030058e-03 2.814751e-03 3.976073e-03 2.299350e-03
1.886438e+01 3.064095e-03 3.013622e-03 3.782778e-03 2.395884e-03
1.891335e+01 3.023363e-03 3.134731e-03 3.504505e-03 2.430852e-03
1.896232e+01 2.921846e-03 3.175113e-03 3.179951e-03 2.410473e-03
1.901129e+01 2.777797e-03 3.140832e-03 2.845436e-03 2.347124e-03
1.906026e+01 2.610139e-03 3.044816e-03 2.529569e-03 2.256031e-03
1.910923e+01 2.435426e-03 2.903691e-03 2.250885e-03 2.151701e-03
1.915820e+01 2.265884e-03 2.734515e-03 2.018042e-03 2.045095e-03
1.920717e+01 2.108682e-03 2.552210e-03 1.831581e-03 1.942256e-03
1.925615e+01 1.966329e-03 2.368104e-03 1.686326e-03 1.844556e-03
1.930512e+01 1.837864e-03 2.189602e-03 1.573762e-03 1.750227e-03
1.935409e+01 1.720432e-03 2.020683e-03 1.484140e-03 1.656472e-03
1.940306e+01 1.610818e-03 1.862847e-03 1.408201e-03 1.561407e-03
1.945203e+01 1.506633e-03 1.716173e-03 1.338495e-03 1.465231e-03
1.950100e+01 1.406960e-03 1.580267e-03 1.270213e-03 1.370401e-03
1.954997e+01 1.312435e-03 1.454948e-03 1.201438e-03 1.280920e-03
1.959894e+01 1.224845e-03 1.340590e-03 1.132816e-03 1.201130e-03
1.964791e+01 1.146440e-03 1.238082e-03 1.066734e-03 1.134504e-03
1.969688e+01 1.079174e-03 1.148451e-03 1.006253e-03 1.082817e-03
1.974585e+01 1.024098e-03 1.072295e-03 9.540807e-04 1.045919e-03
1.979482e+01 9.810495e-04 1.009255e-03 9.118330e-04 1.022060e-03
1.984379e+01 9.486895e-04 9.577333e-04 8.797339e-04 1.008601e-03
1.989276e+01 9.248483e-04 9.149902e-04 8.567288e-04 1.002826e-03
1.994173e+01 9.070329e-04 8.776052e-04 8.408911e-04 1.002602e-03
1.999070e+01 8.929314e-04 8.421486e-04 8.299390e-04 1.006707e-03
2.003967e+01 8.807592e-04 8.058530e-04 8.217024e-04 1.014722e-03
2.008865e+01 8.693645e-04 7.670842e-04 8.144429e-04 1.026566e-03
2.013762e+01 8.581084e-04 7.254947e-04 8.070067e-04 1.041824e-03
2.018659e+01 8.466187e-04 6.818626e-04 7.988441e-04 1.059149e-03
2.023556e+01 8.345546e-04 6.377085e-04 7.899419e-04 1.076013e-03
2.028453e+01 8.214916e-04 5.948347e-04 7.806996e-04 1.088940e-03
2.033350e+01 8.069651e-04 5.549150e-04 7.717624e-04 1.094218e-03
2.038247e+01 7.906260e-04 5.192140e-04 7.638166e-04 1.088847e-03
2.043144e+01 7.724116e-04 4.884519e-04 7.573808e-04 1.071402e-03
2.048041e+01 7.526386e-04 4.627912e-04 7.526490e-04 1.042476e-03
2.052938e+01 7.319707e-04 4.419114e-04 7.494525e-04 1.004548e-03
2.057835e+01 7.112801e-04 4.251463e-04 7.473725e-04 9.613216e-04
2.062732e+01 6.914738e-04 4.116715e-04 7.459820e-04 9.167679e-04
2.067629e+01 6.733615e-04 4.007232e-04 7.451385e-04 8.742228e-04
2.072526e+01 6.576193e-04 3.918119e-04 7.452218e-04 8.358241e-04
2.077423e+01 6.448435e-04 3.848735e-04 7.472282e-04 8.024289e-04
2.082320e+01 6.356425e-04 3.803024e-04 7.526750e-04 7.739501e-04
2.087217e+01 6.306879e-04 3.788378e-04 7.633264e-04 7.498994e-04
2.092115e+01 6.306696e-04 3.813301e-04 7.807972e-04 7.298816e-04
2.097012e+01 6.361474e-04 3.884614e-04 8.061280e-04 7.138526e-04
2.101909e+01 6.473471e-04 4.005191e-04 8.394341e-04 7.020879e-04
2.106806e+01 6.639856e-04 4.172992e-04 8.797178e-04 6.949398e-04
2.111703e+01 6.852001e-04 4.381717e-04 9.248998e-04 6.925289e-04
2.116600e+01 7.096241e-04 4.622779e-04 9.720771e-04 6.945172e-04
2.121497e+01 7.356062e-04 4.887950e-04 1.017966e-03 7.000576e-04
2.126394e+01 7.615298e-04 5.171903e-04 1.059456e-03 7.079433e-04
2.131291e+01 7.861609e-04 5.473953e-04 1.094166e-03 7.169214e-04
2.136188e+01 8.089418e-04 5.798513e-04 1.120891e-03 7.260828e-04
2.141085e+01 8.301453e-04 6.154003e-04 1.139816e-03 7.352191e-04
2.145982e+01 8.508333e-04 6.550350e-04 1.152429e-03 7.450363e-04
2.150879e+01 8.726201e-04 6.995653e-04 1.161137e-03 7.571578e-04
2.155776e+01 8.973095e-04 7.493017e-04 1.168711e-03 7.739158e-04
2.160673e+01 9.265241e-04 8.038705e-04 1.177701e-03 7.980013e-04
2.165570e+01 9.614448e-04 8.622292e-04 1.190022e-03 8.320834e-04
2.170468e+01 1.002714e-03 9.228700e-04 1.206779e-03 8.784944e-04
2.175365e+01 1.050479e-03 9.841119e-04 1.228314e-03 9.390125e-04
2.180262e+01 1.104478e-03 1.044348e-03 1.254384e-03 1.014701e-03
2.185159e+01 1.164080e-03 1.102155e-03 1.284368e-03 1.105716e-03
2.190056e+01 1.228248e-03 1.156281e-03 1.317443e-03 1.211019e-03
2.194953e+01 1.295451e-03 1.205601e-03 1.352731e-03 1.328021e-03
2.199850e+01 1.363625e-03 1.249153e-03 1.389440e-03 1.452282e-03
2.204747e+01 1.430264e-03 1.286309e-03 1.426997e-03 1.577486e-03
2.209644e+01 1.492656e-03 1.316974e-03 1.465142e-03 1.695853e-03
2.214541e+01 1.548211e-03 1.341686e-03 1.503896e-03 1.799052e-03
2.219438e+01 1.594765e-03 1.361463e-03 1.543369e-03 1.879463e-03
2.224335e+01 1.630761e-03 1.377384e-03 1.583399e-03 1.931499e-03
2.229232e+01 1.655270e-03 1.390061e-03 1.623124e-03 1.952626e-03
2.234129e+01 1.667899e-03 1.399226e-03 1.660671e-03 1.943798e-03
2.239026e+01 1.668671e-03 1.403663e-03 1.693140e-03 1.909212e-03
2.243923e+01 1.657987e-03 1.401534e-03 1.716982e-03 1.855445e-03
2.248820e+01 1.636674e-03 1.391042e-03 1.728758e-03 1.790221e-03
2.253718e+01 1.606100e-03 1.371148e-03 1.726064e-03 1.721089e-03
2.258615e+01 1.568253e-03 1.342109e-03 1.708338e-03 1.654313e-03
2.263512e+01 1.525686e-03 1.305607e-03 1.677280e-03 1.594171e-03
2.268409e+01 1.481301e-03 1.264448e-03 1.636691e-03 1.542765e-03
2.273306e+01 1.437992e-03 1.221910e-03 1.591782e-03 1.500284e-03
2.278203e+01 1.398223e-03 1.180983e-03 1.548114e-03 1.465574e-03
2.283100e+01 1.363658e-03 1.143746e-03 1.510465e-03 1.436763e-03
2.287997e+01 1.334912e-03 1.111055e-03 1.481927e-03 1.411754e-03
2.292894e+01 1.311490e-03 1.082608e-03 1.463408e-03 1.388455e-03
2.297791e+01 1.291907e-03 1.057305e-03 1.453625e-03 1.364791e-03
2.302688e+01 1.273960e-03 1.033724e-03 1.449524e-03 1.338631e-03
2.307585e+01 1.255108e-03 1.010540e-03 1.446973e-03 1.307810e-03
2.312482e+01 1.232890e-03 9.867713e-04 1.441561e-03 1.270337e-03
2.317379e+01 1.205328e-03 9.618371e-04 1.429350e-03 1.224798e-03
2.322276e+01 1.171246e-03 9.354949e-04 1.407458e-03 1.170785e-03
2.327173e+01 1.130444e-03 9.077529e-04 1.374407e-03 1.109173e-03
2.332070e+01 1.083712e-03 8.788131e-04 1.330219e-03 1.042104e-03
2.336968e+01 1.032651e-03 8.490435e-04 1.276265e-03 9.726455e-04
2.341865e+01 9.793728e-04 8.189399e-04 1.214928e-03 9.042507e-04
2.346762e+01 9.261167e-04 7.890374e-04 1.149142e-03 8.401708e-04
2.351659e+01 8.748892e-04 7.597764e-04 1.081899e-03 7.829918e-04
2.356556e+01 8.271835e-04 7.313782e-04 1.015807e-03 7.343656e-04
2.361453e+01 7.838311e-04 7.037962e-04 9.527650e-04 6.949320e-04
2.366350e+01 7.449866e-04 6.767800e-04 8.938025e-04 6.643772e-04
2.371247e+01 7.102275e-04 6.500269e-04 8.390837e-04 6.415720e-04
2.376144e+01 6.787246e-04 6.233473e-04 7.880667e-04 6.247597e-04
2.381041e+01 6.494421e-04 5.967628e-04 7.397747e-04 6.117889e-04
2.385938e+01 6.213342e-04 5.704939e-04 6.931195e-04 6.003891e-04
2.390835e+01 5.935110e-04 5.448538e-04 6.472121e-04 5.884672e-04
2.395732e+01 5.653598e-04 5.201041e-04 6.015919e-04 5.743833e-04
2.400629e+01 5.366062e-04 4.963401e-04 5.563282e-04 5.571501e-04
2.405526e+01 5.073120e-04 4.734431e-04 5.119791e-04 5.365139e-04
2.410423e+01 4.778126e-04 4.511053e-04 4.694305e-04 5.129019e-04
2.415321e+01 4.486112e-04 4.289070e-04 4.296712e-04 4.872555e-04
2.420218e+01 4.202588e-04 4.064143e-04 3.935675e-04 4.607945e-04
2.425115e+01 3.932465e-04 3.832769e-04 3.616916e-04 4.347710e-04
2.430012e+01 3.679351e-04 3.593100e-04 3.342334e-04 4.102619e-04
2.434909e+01 3.445272e-04 3.345505e-04 3.110000e-04 3.880310e-04
2.439806e+01 3.230783e-04 3.092785e-04 2.914867e-04 3.684697e-04
2.444703e+01 3.035323e-04 2.839941e-04 2.749982e-04 3.516045e-04
2.449600e+01 2.857636e-04 2.593500e-04 2.607898e-04 3.371509e-04
2.454497e+01 2.696151e-04 2.360476e-04 2.482004e-04 3.245975e-04
2.459394e+01 2.549257e-04 2.147209e-04 2.367506e-04 3.133055e-04
2.464291e+01 2.415468e-04 1.958353e-04 2.261860e-04 3.026193e-04
2.469188e+01 2.293533e-04 1.796259e-04 2.164569e-04 2.919773e-04
2.474085e+01 2.182487e-04 1.660875e-04 2.076444e-04 2.810142e-04
2.478982e+01 2.081676e-04 1.550130e-04 1.998575e-04 2.696323e-04
2.483879e+01 1.990725e-04 1.460619e-04 1.931338e-04 2.580218e-04
2.488776e+01 1.909432e-04 1.388371e-04 1.873770e-04 2.466154e-04
2.493673e+01 1.837569e-04 1.329472e-04 1.823469e-04 2.359765e-04
2.498571e+01 1.774626e-04 1.280419e-04 1.777031e-04 2.266429e-04
2.503468e+01 1.719567e-04 1.238213e-04 1.730817e-04 2.189672e-04
2.508365e+01 1.670693e-04 1.200286e-04 1.681776e-04 2.130017e-04
2.513262e+01 1.625729e-04 1.164431e-04 1.628070e-04 2.084685e-04
2.518159e+01 1.582187e-04 1.128868e-04 1.569397e-04 2.048296e-04
2.523056e+01 1.537952e-04 1.092481e-04 1.506995e-04 2.014380e-04
2.527953e+01 1.491943e-04 1.055144e-04 1.443462e-04 1.977224e-04
2.532850e+01 1.444627e-04 1.017953e-04 1.382466e-04 1.933461e-04
2.537747e+01 1.398168e-04 9.831867e-05 1.328389e-04 1.882927e-04
2.542644e+01 1.356134e-04 9.539023e-05 1.285903e-04 1.828595e-04
2.547541e+01 1.322800e-04 9.332423e-05 1.259432e-04 1.775726e-04
2.552438e+01 1.302268e-04 9.236593e-05 1.252526e-04 1.730619e-04
2.557335e+01 1.297633e-04 9.263178e-05 1.267221e-04 1.699361e-04
2.562232e+01 1.310409e-04 9.408655e-05 1.303522e-04 1.686838e-04
2.567129e+01 1.340281e-04 9.656096e-05 1.359150e-04 1.696083e-04
2.572026e+01 1.385162e-04 9.979638e-05 1.429654e-04 1.727869e-04
2.576923e+01 1.441427e-04 1.034926e-04 1.508880e-04 1.780474e-04
2.581821e+01 1.504212e-04 1.073364e-04 1.589663e-04 1.849610e-04
2.586718e+01 1.567723e-04 1.110016e-04 1.664523e-04 1.928629e-04
2.591615e+01 1.625549e-04 1.141295e-04 1.726219e-04 2.009134e-04
2.596512e+01 1.671087e-04 1.163141e-04 1.768112e-04 2.082007e-04
2.601409e+01 1.698132e-04 1.171179e-04 1.784513e-04 2.138705e-04
2.606306e+01 1.701679e-04 1.161342e-04 1.771186e-04 2.172510e-04
2.611203e+01 1.678794e-04 1.130850e-04 1.726109e-04 2.179422e-04
2.616100e+01 1.629329e-04 1.079257e-04 1.650275e-04 2.158454e-04
2.620997e+01 1.556223e-04 1.009126e-04 1.548194e-04 2.111348e-04
2.625894e+01 1.465197e-04 9.260068e-05 1.427687e-04 2.041898e-04
2.630791e+01 1.363904e-04 8.376287e-05 1.298883e-04 1.955200e-04
2.635688e+01 1.260727e-04 7.525062e-05 1.172616e-04 1.857058e-04
2.640585e+01 1.163564e-04 6.783717e-05 1.058689e-04 1.753631e-04
2.645482e+01 1.078838e-04 6.208643e-05 9.644647e-05 1.651186e-04
2.650379e+01 1.010848e-04 5.827598e-05 8.940311e-05 1.555754e-04
2.655276e+01 9.614260e-05 5.638061e-05 8.479678e-05 1.472504e-04
2.660174e+01 9.298332e-05 5.610593e-05 8.235611e-05 1.404879e-04
2.665071e+01 9.128751e-05 5.695548e-05 8.153482e-05 1.353722e-04
2.669968e+01 9.053170e-05 5.831885e-05 8.159681e-05 1.316794e-04
2.674865e+01 9.007134e-05 5.957440e-05 8.173678e-05 1.289028e-04
2.679762e+01 8.926688e-05 6.020037e-05 8.123410e-05 1.263662e-04
2.684659e+01 8.763586e-05 5.988248e-05 7.961983e-05 1.234053e-04
2.689556e+01 8.499526e-05 5.859756e-05 7.681780e-05 1.195704e-04
2.694453e+01 8.155140e-05 5.665004e-05 7.321530e-05 1.147889e-04
2.699350e+01 7.790442e-05 5.464387e-05 6.963272e-05 1.094367e-04
2.704247e+01 7.495714e-05 5.338582e-05 6.718886e-05 1.042967e-04
2.709144e+01 7.374452e-05 5.373252e-05 6.708772e-05 1.004133e-04
2.714041e+01 7.521936e-05 5.640699e-05 7.037219e-05 9.887890e-05
2.718938e+01 8.003819e-05 6.181920e-05 7.769469e-05 1.006007e-04
2.723835e+01 8.838957e-05 6.992862e-05 8.914837e-05 1.060917e-04
2.728732e+01 9.989875e-05 8.018351e-05 1.041906e-04 1.153221e-04
2.733629e+01 1.136314e-04 9.156209e-05 1.216760e-04 1.276561e-04
2.738526e+01 1.282045e-04 1.027214e-04 1.400000e-04 1.418922e-04
2.743424e+01 1.419938e-04 1.122338e-04 1.573356e-04 1.564118e-04
2.748321e+01 1.534042e-04 1.188638e-04 1.719241e-04 1.694247e-04
2.753218e+01 1.611523e-04 1.218179e-04 1.823645e-04 1.792746e-04
2.758115e+01 1.644957e-04 1.209020e-04 1.878401e-04 1.847451e-04
2.763012e+01 1.633551e-04 1.165401e-04 1.882312e-04 1.852941e-04
2.767909e+01 1.582959e-04 1.096492e-04 1.840870e-04 1.811514e-04
2.772806e+01 1.503738e-04 1.014086e-04 1.764662e-04 1.732465e-04
2.777703e+01 1.408855e-04 9.299001e-05 1.666873e-04 1.629792e-04
2.782600e+01 1.310904e-04 8.532658e-05 1.560534e-04 1.518911e-04
2.787497e+01 1.219739e-04 7.897516e-05 1.456197e-04 1.413270e-04
2.792394e+01 1.141089e-04 7.409487e-05 1.360541e-04 1.321778e-04
2.797291e+01 1.076364e-04 7.052456e-05 1.276159e-04 1.247688e-04
2.802188e+01 1.023541e-04 6.791673e-05 1.202363e-04 1.189092e-04
2.807085e+01 9.786949e-05 6.587800e-05 1.136621e-04 1.140683e-04
2.811982e+01 9.376587e-05 6.407744e-05 1.076092e-04 1.096109e-04
2.816879e+01 8.973230e-05 6.230439e-05 1.018779e-04 1.050146e-04
2.821776e+01 8.563222e-05 6.047796e-05 9.640697e-05 1.000117e-04
2.826674e+01 8.150700e-05 5.862287e-05 9.126505e-05 9.463308e-05
2.831571e+01 7.753039e-05 5.682898e-05 8.659926e-05 8.916291e-05
2.836468e+01 7.393794e-05 5.520842e-05 8.256896e-05 8.403644e-05
2.841365e+01 7.095469e-05 5.385819e-05 7.928965e-05 7.971624e-05
2.846262e+01 6.873792e-05 5.283323e-05 7.680240e-05 7.657814e-05
2.851159e+01 6.734501e-05 5.213357e-05 7.507363e-05 7.482783e-05
2.856056e+01 6.673037e-05 5.170893e-05 7.402101e-05 7.446118e-05
2.860953e+01 6.677034e-05 5.148170e-05 7.355490e-05 7.527443e-05
2.865850e+01 6.730913e-05 5.138374e-05 7.362122e-05 7.692243e-05
2.870747e+01 6.821339e-05 5.139651e-05 7.423059e-05 7.901307e-05
2.875644e+01 6.941946e-05 5.158064e-05 7.546275e-05 8.121499e-05
2.880541e+01 7.095882e-05 5.208235e-05 7.744377e-05 8.335035e-05
2.885438e+01 7.295412e-05 5.311141e-05 8.030417e-05 8.544678e-05
2.890335e+01 7.558761e-05 5.489455e-05 8.413374e-05 8.773452e-05
2.895232e+01 7.905239e-05 5.761648e-05 8.894982e-05 9.059088e-05
2.900129e+01 8.349978e-05 6.136431e-05 9.468787e-05 9.444716e-05
2.905027e+01 8.899383e-05 6.608987e-05 1.012118e-04 9.967979e-05
2.909924e+01 9.547906e-05 7.159875e-05 1.083322e-04 1.065062e-04
2.914821e+01 1.027632e-04 7.756855e-05 1.158190e-04 1.149021e-04
2.919718e+01 1.105171e-04 8.359262e-05 1.234032e-04 1.245555e-04
2.924615e+01 1.182942e-04 8.924095e-05 1.307722e-04 1.348694e-04
2.929512e+01 1.255745e-04 9.412646e-05 1.375716e-04 1.450254e-04
2.934409e+01 1.318309e-04 9.796336e-05 1.434239e-04 1.541054e-04
2.939306e+01 1.366084e-04 1.006043e-04 1.479672e-04 1.612537e-04
2.944203e+01 1.395976e-04 1.020469e-04 1.509047e-04 1.658412e-04
2.949100e+01 1.406810e-04 1.024074e-04 1.520500e-04 1.675857e-04
2.953997e+01 1.399367e-04 1.018701e-04 1.513513e-04 1.665889e-04
2.958894e+01 1.376001e-04 1.006296e-04 1.488899e-04 1.632808e-04
2.963791e+01 1.340001e-04 9.884826e-05 1.448580e-04 1.582939e-04
2.968688e+01 1.294968e-04 9.664508e-05 1.395297e-04 1.523156e-04
2.973585e+01 1.244434e-04 9.411920e-05 1.332422e-04 1.459688e-04
2.978482e+01 1.191789e-04 9.139436e-05 1.263896e-04 1.397529e-04
2.983379e+01 1.140389e-04 8.865646e-05 1.194206e-04 1.340397e-04
2.988277e+01 1.093571e-04 8.615722e-05 1.128185e-04 1.290957e-04
2.993174e+01 1.054377e-04 8.417059e-05 1.070489e-04 1.250937e-04
2.998071e+01 1.024943e-04 8.291201e-05 1.024750e-04 1.220958e-04
3.002968e+01 1.005781e-04 8.245158e-05 9.926553e-05 1.200172e-04
3.007865e+01 9.953208e-05 8.265952e-05 9.733323e-05 1.186035e-04
3.012762e+01 9.900063e-05 8.321211e-05 9.633795e-05 1.174518e-04
3.017659e+01 9.850698e-05 8.366339e-05 9.576506e-05 1.160925e-04
3.022556e+01 9.757842e-05 8.356258e-05 9.506091e-05 1.141118e-04
3.027453e+01 9.588093e-05 8.258151e-05 9.378353e-05 1.112778e-04
3.032350e+01 9.331958e-05 8.061449e-05 9.172164e-05 1.076226e-04
3.037247e+01 9.007451e-05 7.782436e-05 8.894782e-05 1.034513e-04
3.042144e+01 8.656530e-05 7.462515e-05 8.579569e-05 9.927507e-05
3.047041e+01 8.335899e-05 7.160844e-05 8.277494e-05 9.569359e-05
3.051938e+01 8.105127e-05 6.943220e-05 8.045323e-05 9.326837e-05
3.056835e+01 8.015256e-05 6.869691e-05 7.933696e-05 9.242380e-05
3.061732e+01 8.100352e-05 6.983475e-05 7.977713e-05 9.339870e-05
3.066629e+01 8.373317e-05 7.303391e-05 8.191597e-05 9.624962e-05
3.071527e+01 8.826114e-05 7.821260e-05 8.567950e-05 1.008913e-04
3.076424e+01 9.433742e-05 8.504668e-05 9.081228e-05 1.071533e-04
3.081321e+01 1.016067e-04 9.304312e-05 9.694278e-05 1.148343e-04
3.086218e+01 1.096822e-04 1.016425e-04 1.036622e-04 1.237421e-04
3.091115e+01 1.182125e-04 1.103278e-04 1.105967e-04 1.337129e-04
3.096012e+01 1.269288e-04 1.187185e-04 1.174587e-04 1.446090e-04
3.100909e+01 1.356652e-04 1.266317e-04 1.240680e-04 1.562958e-04
3.105806e+01 1.443507e-04 1.340987e-04 1.303498e-04 1.686034e-04
3.110703e+01 1.529780e-04 1.413323e-04 1.363168e-04 1.812850e-04
3.115600e+01 1.615586e-04 1.486469e-04 1.420445e-04 1.939843e-04
3.120497e+01 1.700716e-04 1.563445e-04 1.476428e-04 2.062275e-04
3.125394e+01 1.784190e-04 1.645908e-04 1.532174e-04 2.174489e-04
3.130291e+01 1.863968e-04 1.733167e-04 1.588233e-04 2.270503e-04
3.135188e+01 1.936943e-04 1.821788e-04 1.644164e-04 2.344879e-04
3.140085e+01 1.999328e-04 1.905985e-04 1.698266e-04 2.393734e-04
3.144982e+01 2.047418e-04 1.978790e-04 1.747740e-04 2.415724e-04
3.149880e+01 2.078640e-04 2.033711e-04 1.789400e-04 2.412810e-04
3.154777e+01 2.092626e-04 2.066459e-04 1.820802e-04 2.390618e-04
3.159674e+01 2.091977e-04 2.076286e-04 1.841452e-04 2.358195e-04
3.164571e+01 2.082408e-04 2.066603e-04 1.853609e-04 2.327012e-04
3.169468e+01 2.072086e-04 2.044704e-04 1.862320e-04 2.309234e-04
3.174365e+01 2.070199e-04 2.020624e-04 1.874540e-04 2.315435e-04
3.179262e+01 2.085062e-04 2.005373e-04 1.897584e-04 2.352230e-04
3.184159e+01 2.122249e-04 2.008912e-04 1.937365e-04 2.420468e-04
3.189056e+01 2.183331e-04 2.038360e-04 1.996992e-04 2.514642e-04
3.193953e+01 2.265652e-04 2.096873e-04 2.076140e-04 2.623942e-04
3.198850e+01 2.363231e-04 2.183482e-04 2.171333e-04 2.734877e-04
3.203747e+01 2.468535e-04 2.293874e-04 2.276937e-04 2.834795e-04
3.208644e+01 2.574509e-04 2.421802e-04 2.386469e-04 2.915257e-04
3.213541e+01 2.676179e-04 2.560616e-04 2.493789e-04 2.974131e-04
3.218438e+01 2.771332e-04 2.704434e-04 2.593863e-04 3.015700e-04
3.223335e+01 2.860189e-04 2.848714e-04 2.683049e-04 3.048802e-04
3.228232e+01 2.944377e-04 2.990328e-04 2.759030e-04 3.083773e-04
3.233130e+01 3.025830e-04 3.127456e-04 2.820668e-04 3.129365e-04
3.238027e+01 3.106153e-04 3.259675e-04 2.868016e-04 3.190770e-04
3.242924e+01 3.186703e-04 3.388317e-04 2.902517e-04 3.269274e-04
3.247821e+01 3.269126e-04 3.516819e-04 2.927230e-04 3.363328e-04
3.252718e+01 3.355822e-04 3.650533e-04 2.946749e-04 3.470183e-04
3.257615e+01 3.449751e-04 3.795552e-04 2.966551e-04 3.587150e-04
3.262512e+01 3.553454e-04 3.956609e-04 2.991818e-04 3.711935e-04
3.267409e+01 3.667707e-04 4.134726e-04 3.026167e-04 3.842228e-04
3.272306e+01 3.790695e-04 4.325820e-04 3.070961e-04 3.975305e-04
3.277203e+01 3.918531e-04 4.521322e-04 3.125744e-04 4.108529e-04
3.282100e+01 4.047376e-04 4.711208e-04 3.189849e-04 4.241070e-04
3.286997e+01 4.176520e-04 4.888641e-04 3.264595e-04 4.376325e-04
3.291894e+01 4.311068e-04 5.054441e-04 3.355016e-04 4.523748e-04
3.296791e+01 4.462716e-04 5.219321e-04 3.470150e-04 4.698678e-04
3.301688e+01 4.647783e-04 5.402473e-04 3.621420e-04 4.919455e-04
3.306585e+01 4.882758e-04 5.626539e-04 3.819483e-04 5.202251e-04
3.311482e+01 5.178800e-04 5.910533e-04 4.070624e-04 5.555243e-04
3.316380e+01 5.537131e-04 6.263194e-04 4.373993e-04 5.974206e-04
3.321277e+01 5.946990e-04 6.679076e-04 4.720701e-04 6.441193e-04
3.326174e+01 6.386811e-04 7.138605e-04 5.095006e-04 6.926823e-04
3.331071e+01 6.828096e-04 7.611806e-04 5.477044e-04 7.395439e-04
3.335968e+01 7.240630e-04 8.064273e-04 5.846085e-04 7.811532e-04
3.340865e+01 7.597545e-04 8.463540e-04 6.183340e-04 8.145754e-04
3.345762e+01 7.879197e-04 8.784406e-04 6.473859e-04 8.379327e-04
3.350659e+01 8.075550e-04 9.012562e-04 6.707684e-04 8.506406e-04
3.355556e+01 8.187187e-04 9.146447e-04 6.880650e-04 8.534465e-04
3.360453e+01 8.225185e-04 9.197481e-04 6.995061e-04 8.483012e-04
3.365350e+01 8.209787e-04 9.188623e-04 7.059915e-04 8.380821e-04
3.370247e+01 8.167645e-04 9.151004e-04 7.090067e-04 8.261863e-04
3.375144e+01 8.127567e-04 9.118623e-04 7.103874e-04 8.160203e-04
3.380041e+01 8.115305e-04 9.121767e-04 7.119657e-04 8.104489e-04
3.384938e+01 8.148601e-04 9.180660e-04 7.152074e-04 8.113068e-04
3.389835e+01 8.234031e-04 9.301322e-04 7.209821e-04 8.190950e-04
3.394733e+01 8.366815e-04 9.475211e-04 7.295569e-04 8.329666e-04
3.399630e+01 8.533771e-04 9.683050e-04 7.407936e-04 8.510326e-04
3.404527e+01 8.718381e-04 9.901636e-04 7.544308e-04 8.709198e-04
3.409424e+01 8.906144e-04 1.011129e-03 7.702957e-04 8.904185e-04
3.414321e+01 9.088317e-04 1.030130e-03 7.883476e-04 9.080180e-04
3.419218e+01 9.262920e-04 1.047148e-03 8.085591e-04 9.231688e-04
3.424115e+01 9.433056e-04 1.062961e-03 8.307360e-04 9.362200e-04
3.429012e+01 9.603620e-04 1.078581e-03 8.544008e-04 9.481038e-04
3.433909e+01 9.777925e-04 1.094641e-03 8.788129e-04 9.599237e-04
3.438806e+01 9.955533e-04 1.110950e-03 9.031085e-04 9.726012e-04
3.443703e+01 1.013180e-03 1.126399e-03 9.264705e-04 9.866692e-04
3.448600e+01 1.029880e-03 1.139214e-03 9.482235e-04 1.002204e-03
3.453497e+01 1.044693e-03 1.147453e-03 9.677999e-04 1.018828e-03
3.458394e+01 1.056619e-03 1.149528e-03 9.846058e-04 1.035723e-03
3.463291e+01 1.064700e-03 1.144595e-03 9.978773e-04 1.051627e-03
3.468188e+01 1.068069e-03 1.132712e-03 1.006637e-03 1.064858e-03
3.473085e+01 1.066012e-03 1.114786e-03 1.009813e-03 1.073438e-03
3.477983e+01 1.058091e-03 1.092404e-03 1.006506e-03 1.075362e-03
3.482880e+01 1.044308e-03 1.067607e-03 9.963103e-04 1.069007e-03
3.487777e+01 1.025265e-03 1.042656e-03 9.795554e-04 1.053584e-03
3.492674e+01 1.002198e-03 1.019745e-03 9.573514e-04 1.029497e-03
3.497571e+01 9.768358e-04 1.000676e-03 9.314060e-04 9.984257e-04
3.502468e+01 9.510850e-04 9.865118e-04 9.036648e-04 9.630785e-04
3.507365e+01 9.266122e-04 9.773073e-04 8.759051e-04 9.266244e-04
3.512262e+01 9.044811e-04 9.720361e-04 8.494207e-04 8.919864e-04
3.517159e+01 8.849657e-04 9.687836e-04 8.248894e-04 8.612241e-04
3.522056e+01 8.676083e-04 9.651844e-04 8.024291e-04 8.352114e-04
3.526953e+01 8.514855e-04 9.589838e-04 7.817784e-04 8.136941e-04
3.531850e+01 8.355721e-04 9.485469e-04 7.625087e-04 7.956608e-04
3.536747e+01 8.190650e-04 9.331567e-04 7.441911e-04 7.798472e-04
3.541644e+01 8.015651e-04 9.130312e-04 7.264893e-04 7.651748e-04
3.546541e+01 7.830888e-04 8.890933e-04 7.091887e-04 7.509844e-04
3.551438e+01 7.639499e-04 8.626116e-04 6.921934e-04 7.370447e-04
3.556335e+01 7.445957e-04 8.348567e-04 6.755228e-04 7.234077e-04
3.561233e+01 7.254799e-04 8.068845e-04 6.593217e-04 7.102334e-04
3.566130e+01 7.070186e-04 7.794947e-04 6.438831e-04 6.976780e-04
3.571027e+01 6.896312e-04 7.533441e-04 6.296644e-04 6.858852e-04
3.575924e+01 6.738206e-04 7.291389e-04 6.172754e-04 6.750474e-04
3.580821e+01 6.602323e-04 7.078090e-04 6.074151e-04 6.654728e-04
3.585718e+01 6.496405e-04 6.905706e-04 6.007583e-04 6.575926e-04
3.590615e+01 6.428398e-04 6.788257e-04 5.978127e-04 6.518809e-04
3.595512e+01 6.404692e-04 6.739112e-04 5.987941e-04 6.487024e-04
3.600409e+01 6.428300e-04 6.767776e-04 6.035694e-04 6.481430e-04
3.605306e+01 6.497715e-04 6.877181e-04 6.117002e-04 6.498963e-04
3.610203e+01 6.607021e-04 7.062609e-04 6.225828e-04 6.532626e-04
3.615100e+01 6.747329e-04 7.312714e-04 6.356431e-04 6.572842e-04
3.619997e+01 6.909054e-04 7.612213e-04 6.505101e-04 6.609847e-04
3.624894e+01 7.084089e-04 7.945040e-04 6.670904e-04 6.636323e-04
3.629791e+01 7.266928e-04 8.296563e-04 6.854891e-04 6.649330e-04
3.634688e+01 7.454185e-04 8.653975e-04 7.057780e-04 6.650799e-04
3.639586e+01 7.642756e-04 9.004978e-04 7.276837e-04 6.646455e-04
3.644483e+01 7.827597e-04 9.335871e-04 7.503241e-04 6.643679e-04
3.649380e+01 8.000382e-04 9.630560e-04 7.721381e-04 6.649204e-04
3.654277e+01 8.150021e-04 9.871625e-04 7.910953e-04 6.667485e-04
3.659174e+01 8.265123e-04 1.004353e-03 8.051673e-04 6.700161e-04
3.664071e+01 8.337557e-04 1.013693e-03 8.129239e-04 6.746501e-04
3.668968e+01 8.365681e-04 1.015226e-03 8.140396e-04 6.804392e-04
3.673865e+01 8.355880e-04 1.010112e-03 8.095104e-04 6.871417e-04
3.678762e+01 8.321751e-04 1.000472e-03 8.014804e-04 6.945730e-04
3.683659e+01 8.281215e-04 9.889772e-04 7.927231e-04 7.026641e-04
3.688556e+01 8.252506e-04 9.783174e-04 7.859487e-04 7.114858e-04
3.693453e+01 8.250257e-04 9.706964e-04 7.831585e-04 7.212223e-04
3.698350e+01 8.282585e-04 9.674675e-04 7.852278e-04 7.320802e-04
3.703247e+01 8.349646e-04 9.689618e-04 7.917965e-04 7.441354e-04
3.708144e+01 8.443711e-04 9.745096e-04 8.014356e-04 7.571681e-04
3.713041e+01 8.550620e-04 9.826212e-04 8.119946e-04 7.705702e-04
3.717938e+01 8.652391e-04 9.912874e-04 8.210223e-04 7.834076e-04
3.722836e+01 8.730667e-04 9.983510e-04 8.261866e-04 7.946623e-04
3.727733e+01 8.770469e-04 1.001894e-03 8.256574e-04 8.035895e-04
3.732630e+01 8.763529e-04 1.000580e-03 8.184294e-04 8.100494e-04
3.737527e+01 8.710389e-04 9.938968e-04 8.045545e-04 8.146654e-04
3.742424e+01 8.620741e-04 9.822648e-04 7.852340e-04 8.187235e-04
3.747321e+01 8.511875e-04 9.669939e-04 7.627253e-04 8.238434e-04
3.752218e+01 8.405706e-04 9.501091e-04 7.400507e-04 8.315521e-04
3.757115e+01 8.325176e-04 9.340780e-04 7.205484e-04 8.429262e-04
3.762012e+01 8.290962e-04 9.214947e-04 7.073640e-04 8.584299e-04
3.766909e+01 8.319178e-04 9.147818e-04 7.029980e-04 8.779735e-04
3.771806e+01 8.420299e-04 9.159633e-04 7.090071e-04 9.011193e-04
3.776703e+01 8.599109e-04 9.265299e-04 7.258981e-04 9.273046e-04
3.781600e+01 8.855178e-04 9.473836e-04 7.531945e-04 9.559753e-04
3.786497e+01 9.183417e-04 9.788200e-04 7.896125e-04 9.865927e-04
3.791394e+01 9.574497e-04 1.020510e-03 8.332758e-04 1.018563e-03
3.796291e+01 1.001526e-03 1.071477e-03 8.819198e-04 1.051181e-03
3.801188e+01 1.048938e-03 1.130091e-03 9.330684e-04 1.083655e-03
3.806086e+01 1.097855e-03 1.194153e-03 9.841940e-04 1.115218e-03
3.810983e+01 1.146408e-03 1.261088e-03 1.032885e-03 1.145250e-03
3.815880e+01 1.192874e-03 1.328254e-03 1.077041e-03 1.173327e-03
3.820777e+01 1.235838e-03 1.393282e-03 1.115087e-03 1.199146e-03
3.825674e+01 1.274301e-03 1.454366e-03 1.146186e-03 1.222349e-03
3.830571e+01 1.307703e-03 1.510386e-03 1.170368e-03 1.242357e-03
3.835468e+01 1.335885e-03 1.560824e-03 1.188530e-03 1.258303e-03
3.840365e+01 1.358965e-03 1.605512e-03 1.202249e-03 1.269135e-03
3.845262e+01 1.377188e-03 1.644292e-03 1.213427e-03 1.273845e-03
3.850159e+01 1.390766e-03 1.676728e-03 1.223842e-03 1.271728e-03
3.855056e+01 1.399761e-03 1.701992e-03 1.234717e-03 1.262575e-03
3.859953e+01 1.404058e-03 1.718987e-03 1.246457e-03 1.246729e-03
3.864850e+01 1.403440e-03 1.726662e-03 1.258611e-03 1.225046e-03
3.869747e+01 1.397762e-03 1.724432e-03 1.270070e-03 1.198782e-03
3.874644e+01 1.387135e-03 1.712497e-03 1.279432e-03 1.169475e-03
3.879541e+01 1.372040e-03 1.691931e-03 1.285369e-03 1.138820e-03
3.884439e+01 1.353295e-03 1.664472e-03 1.286900e-03 1.108514e-03
3.889336e+01 1.331868e-03 1.632055e-03 1.283488e-03 1.080060e-03
3.894233e+01 1.308614e-03 1.596275e-03 1.274990e-03 1.054578e-03
3.899130e+01 1.284069e-03 1.557987e-03 1.261545e-03 1.032676e-03
3.904027e+01 1.258391e-03 1.517212e-03 1.243495e-03 1.014467e-03
3.908924e+01 1.231505e-03 1.473394e-03 1.221397e-03 9.997232e-04
3.913821e+01 1.203384e-03 1.425923e-03 1.196110e-03 9.881191e-04
3.918718e+01 1.174348e-03 1.374715e-03 1.168875e-03 9.794549e-04
3.923615e+01 1.145242e-03 1.320618e-03 1.141333e-03 9.737764e-04
3.928512e+01 1.117424e-03 1.265493e-03 1.115415e-03 9.713628e-04
3.933409e+01 1.092558e-03 1.211918e-03 1.093137e-03 9.726189e-04
3.938306e+01 1.072303e-03 1.162625e-03 1.076348e-03 9.779376e-04
3.943203e+01 1.057982e-03 1.119873e-03 1.066490e-03 9.875826e-04
3.948100e+01 1.050327e-03 1.084954e-03 1.064420e-03 1.001608e-03
3.952997e+01 1.049368e-03 1.057985e-03 1.070316e-03 1.019804e-03
3.957894e+01 1.054456e-03 1.038036e-03 1.083670e-03 1.041662e-03
3.962791e+01 1.064417e-03 1.023514e-03 1.103364e-03 1.066373e-03
3.967689e+01 1.077792e-03 1.012676e-03 1.127826e-03 1.092876e-03
3.972586e+01 1.093088e-03 1.004084e-03 1.155216e-03 1.119963e-03
3.977483e+01 1.108989e-03 9.968927e-04 1.183640e-03 1.146435e-03
3.982380e+01 1.124467e-03 9.908703e-04 1.211306e-03 1.171226e-03
3.987277e+01 1.138774e-03 9.861928e-04 1.236644e-03 1.193484e-03
3.992174e+01 1.151341e-03 9.830982e-04 1.258357e-03 1.212567e-03
3.997071e+01 1.161655e-03 9.815423e-04 1.275448e-03 1.227973e-03
4.001968e+01 1.169167e-03 9.809879e-04 1.287246e-03 1.239266e-03
4.006865e+01 1.173291e-03 9.804038e-04 1.293440e-03 1.246030e-03
4.011762e+01 1.173493e-03 9.784618e-04 1.294130e-03 1.247889e-03
4.016659e+01 1.169424e-03 9.738526e-04 1.289847e-03 1.244571e-03
4.021556e+01 1.161051e-03 9.656015e-04 1.281542e-03 1.236009e-03
4.026453e+01 1.148726e-03 9.532816e-04 1.270483e-03 1.222415e-03
4.031350e+01 1.133158e-03 9.370676e-04 1.258101e-03 1.204304e-03
4.036247e+01 1.115284e-03 9.176295e-04 1.245777e-03 1.182445e-03
4.041144e+01 1.096089e-03 8.959108e-04 1.234622e-03 1.157734e-03
4.046041e+01 1.076395e-03 8.728627e-04 1.225283e-03 1.131039e-03
4.050939e+01 1.056698e-03 8.492095e-04 1.217821e-03 1.103064e-03
4.055836e+01 1.037089e-03 8.253171e-04 1.211671e-03 1.074278e-03
4.060733e+01 1.017285e-03 8.012031e-04 1.205717e-03 1.044933e-03
4.065630e+01 9.967690e-04 7.766836e-04 1.198478e-03 1.015145e-03
4.070527e+01 9.749902e-04 7.515999e-04 1.188388e-03 9.849829e-04
4.075424e+01 9.515517e-04 7.260278e-04 1.174105e-03 9.545222e-04
4.080321e+01 9.263359e-04 7.003794e-04 1.154779e-03 9.238494e-04
4.085218e+01 8.995224e-04 6.753486e-04 1.130192e-03 8.930263e-04
4.090115e+01 8.715096e-04 6.517235e-04 1.100749e-03 8.620568e-04
4.095012e+01 8.427837e-04 6.301467e-04 1.067322e-03 8.308828e-04
4.099909e+01 8.137943e-04 6.109245e-04 1.031039e-03 7.994195e-04
4.104806e+01 7.848839e-04 5.939582e-04 9.930718e-04 7.676218e-04
4.109703e+01 7.562870e-04 5.788123e-04 9.544900e-04 7.355588e-04
4.114600e+01 7.281794e-04 5.648777e-04 9.161876e-04 7.034729e-04
4.119497e+01 7.007384e-04 5.515594e-04 8.788558e-04 6.718001e-04
4.124394e+01 6.741779e-04 5.384195e-04 8.429771e-04 6.411372e-04
4.129292e+01 6.487437e-04 5.252405e-04 8.088343e-04 6.121564e-04
4.134189e+01 6.246788e-04 5.120095e-04 7.765445e-04 5.854824e-04
4.139086e+01 6.021822e-04 4.988515e-04 7.461294e-04 5.615657e-04
4.143983e+01 5.813812e-04 4.859496e-04 7.176065e-04 5.405874e-04
4.148880e+01 5.623220e-04 4.734809e-04 6.910604e-04 5.224247e-04
4.153777e+01 5.449727e-04 4.615812e-04 6.666516e-04 5.066852e-04
4.158674e+01 5.292260e-04 4.503316e-04 6.445455e-04 4.928009e-04
4.163571e+01 5.148999e-04 4.397572e-04 6.247909e-04 4.801517e-04
4.168468e+01 5.017412e-04 4.298263e-04 6.072109e-04 4.681865e-04
4.173365e+01 4.894431e-04 4.204503e-04 5.913688e-04 4.565101e-04
4.178262e+01 4.776841e-04 4.114920e-04 5.766394e-04 4.449207e-04
4.183159e+01 4.661838e-04 4.027885e-04 5.623643e-04 4.333987e-04
4.188056e+01 4.547615e-04 3.941887e-04 5.480334e-04 4.220624e-04
4.192953e+01 4.433770e-04 3.855939e-04 5.334234e-04 4.111135e-04
4.197850e+01 4.321390e-04 3.769823e-04 5.186446e-04 4.007900e-04
4.202747e+01 4.212737e-04 3.684033e-04 5.040826e-04 3.913351e-04
4.207644e+01 4.110608e-04 3.599431e-04 4.902598e-04 3.829793e-04
4.212542e+01 4.017564e-04 3.516755e-04 4.776651e-04 3.759285e-04
4.217439e+01 3.935247e-04 3.436253e-04 4.666002e-04 3.703485e-04
4.222336e+01 3.863968e-04 3.357647e-04 4.570830e-04 3.663428e-04
4.227233e+01 3.802633e-04 3.280455e-04 4.488236e-04 3.639208e-04
4.232130e+01 3.748948e-04 3.204531e-04 4.412723e-04 3.629591e-04
4.237027e+01 3.699796e-04 3.130484e-04 4.337252e-04 3.631653e-04
4.241924e+01 3.651666e-04 3.059728e-04 4.254667e-04 3.640601e-04
4.246821e+01 3.601087e-04 2.994062e-04 4.159240e-04 3.649959e-04
4.251718e+01 3.545066e-04 2.934929e-04 4.048005e-04 3.652265e-04
4.256615e+01 3.481506e-04 2.882734e-04 3.921528e-04 3.640257e-04
4.261512e+01 3.409567e-04 2.836562e-04 3.783820e-04 3.608318e-04
4.266409e+01 3.329868e-04 2.794496e-04 3.641289e-04 3.553820e-04
4.271306e+01 3.244459e-04 2.754422e-04 3.501005e-04 3.477950e-04
4.276203e+01 3.156532e-04 2.714984e-04 3.368815e-04 3.385798e-04
4.281100e+01 3.069946e-04 2.676235e-04 3.247972e-04 3.285630e-04
4.285997e+01 2.988668e-04 2.639700e-04 3.138763e-04 3.187542e-04
4.290894e+01 2.916243e-04 2.607810e-04 3.039174e-04 3.101745e-04
4.295792e+01 2.855329e-04 2.582960e-04 2.946227e-04 3.036801e-04
4.300689e+01 2.807344e-04 2.566582e-04 2.857344e-04 2.998107e-04
4.305586e+01 2.772232e-04 2.558584e-04 2.771206e-04 2.986906e-04
4.310483e+01 2.748413e-04 2.557332e-04 2.687838e-04 3.000069e-04
4.315380e+01 2.732977e-04 2.560103e-04 2.608058e-04 3.030771e-04
4.320277e+01 2.722150e-04 2.563789e-04 2.532692e-04 3.069968e-04
4.325174e+01 2.711963e-04 2.565579e-04 2.461938e-04 3.108373e-04
4.330071e+01 2.698993e-04 2.563407e-04 2.395155e-04 3.138415e-04
4.334968e+01 2.680946e-04 2.556091e-04 2.331055e-04 3.155693e-04
4.339865e+01 2.656960e-04 2.543176e-04 2.268163e-04 3.159542e-04
4.344762e+01 2.627521e-04 2.524614e-04 2.205307e-04 3.152641e-04
4.349659e+01 2.594083e-04 2.500441e-04 2.141975e-04 3.139833e-04
4.354556e+01 2.558540e-04 2.470595e-04 2.078471e-04 3.126553e-04
4.359453e+01 2.522730e-04 2.434982e-04 2.015860e-04 3.117349e-04
4.364350e+01 2.488140e-04 2.393768e-04 1.955749e-04 3.114904e-04
4.369247e+01 2.455851e-04 2.347789e-04 1.899952e-04 3.119811e-04
4.374145e+01 2.426677e-04 2.298859e-04 1.850102e-04 3.131069e-04
4.379042e+01 2.401367e-04 2.249798e-04 1.807281e-04 3.147021e-04
4.383939e+01 2.380708e-04 2.204062e-04 1.771768e-04 3.166293e-04
4.388836e+01 2.365446e-04 2.165022e-04 1.742980e-04 3.188337e-04
4.393733e+01 2.356033e-04 2.135101e-04 1.719646e-04 3.213351e-04
4.398630e+01 2.352305e-04 2.115055e-04 1.700172e-04 3.241687e-04
4.403527e+01 2.353259e-04 2.103647e-04 1.683093e-04 3.273038e-04
4.408424e+01 2.357057e-04 2.097870e-04 1.667470e-04 3.305833e-04
4.413321e+01 2.361297e-04 2.093651e-04 1.653118e-04 3.337121e-04
4.418218e+01 2.363489e-04 2.086849e-04 1.640591e-04 3.363027e-04
4.423115e+01 2.361604e-04 2.074228e-04 1.630932e-04 3.379651e-04
4.428012e+01 2.354529e-04 2.054172e-04 1.625282e-04 3.384133e-04
4.432909e+01 2.342325e-04 2.026958e-04 1.624440e-04 3.375576e-04
4.437806e+01 2.326222e-04 1.994580e-04 1.628501e-04 3.355584e-04
4.442703e+01 2.308369e-04 1.960213e-04 1.636656e-04 3.328238e-04
4.447600e+01 2.291365e-04 1.927485e-04 1.647186e-04 3.299424e-04
4.452497e+01 2.277660e-04 1.899702e-04 1.657666e-04 3.275611e-04
4.457395e+01 2.268958e-04 1.879212e-04 1.665332e-04 3.262329e-04
4.462292e+01 2.265791e-04 1.867005e-04 1.667573e-04 3.262795e-04
4.467189e+01 2.267427e-04 1.862657e-04 1.662474e-04 3.277152e-04
4.472086e+01 2.272176e-04 1.864594e-04 1.649291e-04 3.302644e-04
4.476983e+01 2.278002e-04 1.870605e-04 1.628737e-04 3.334665e-04
4.481880e+01 2.283195e-04 1.878405e-04 1.602929e-04 3.368250e-04
4.486777e+01 2.286801e-04 1.886078e-04 1.574978e-04 3.399346e-04
4.491674e+01 2.288601e-04 1.892246e-04 1.548265e-04 3.425291e-04
4.496571e+01 2.288624e-04 1.895945e-04 1.525607e-04 3.444320e-04
4.501468e+01 2.286425e-04 1.896308e-04 1.508563e-04 3.454405e-04
4.506365e+01 2.280464e-04 1.892203e-04 1.497080e-04 3.452109e-04
4.511262e+01 2.267911e-04 1.882005e-04 1.489587e-04 3.432140e-04
4.516159e+01 2.245010e-04 1.863592e-04 1.483466e-04 3.387972e-04
4.521056e+01 2.207918e-04 1.834608e-04 1.475740e-04 3.313406e-04
4.525953e+01 2.153710e-04 1.792920e-04 1.463762e-04 3.204449e-04
4.530850e+01 2.081213e-04 1.737164e-04 1.445691e-04 3.060784e-04
4.535747e+01 1.991382e-04 1.667208e-04 1.420683e-04 2.886256e-04
4.540645e+01 1.887150e-04 1.584411e-04 1.388790e-04 2.688248e-04
4.545542e+01 1.772849e-04 1.491580e-04 1.350684e-04 2.476283e-04
4.550439e+01 1.653457e-04 1.392642e-04 1.307347e-04 2.260382e-04
4.555336e+01 1.533914e-04 1.292148e-04 1.259853e-04 2.049742e-04
4.560233e+01 1.418675e-04 1.194753e-04 1.209304e-04 1.851969e-04
4.565130e+01 1.311537e-04 1.104832e-04 1.156909e-04 1.672870e-04
4.570027e+01 1.215674e-04 1.026292e-04 1.104138e-04 1.516591e-04
4.574924e+01 1.133754e-04 9.625421e-05 1.052856e-04 1.385863e-04
4.579821e+01 1.068028e-04 9.164901e-05 1.005390e-04 1.282205e-04
4.584718e+01 1.020306e-04 8.904502e-05 9.644314e-05 1.206036e-04
4.589615e+01 9.917726e-05 8.858514e-05 9.327754e-05 1.156691e-04
4.594512e+01 9.826365e-05 9.027531e-05 9.128581e-05 1.132298e-04
4.599409e+01 9.916378e-05 9.392590e-05 9.061257e-05 1.129529e-04
4.604306e+01 1.015530e-04 9.910067e-05 9.123276e-05 1.143256e-04
4.609203e+01 1.048735e-04 1.050966e-04 9.289222e-05 1.166316e-04
4.614100e+01 1.083421e-04 1.109775e-04 9.508466e-05 1.189642e-04
4.618998e+01 1.110219e-04 1.156737e-04 9.708858e-05 1.203033e-04
4.623895e+01 1.119587e-04 1.181436e-04 9.807313e-05 1.196594e-04
4.628792e+01 1.103603e-04 1.175635e-04 9.725749e-05 1.162600e-04
4.633689e+01 1.057690e-04 1.135003e-04 9.408367e-05 1.097232e-04
4.638586e+01 9.817347e-05 1.060096e-04 8.835060e-05 1.001602e-04
4.643483e+01 8.801932e-05 9.562872e-05 8.026570e-05 8.816355e-05
4.648380e+01 7.611241e-05 8.326010e-05 7.039700e-05 7.468014e-05
4.653277e+01 6.344426e-05 6.998192e-05 5.954307e-05 6.080778e-05
4.658174e+01 5.099416e-05 5.684147e-05 4.856343e-05 4.757758e-05
4.663071e+01 3.956358e-05 4.468779e-05 3.821953e-05 3.578341e-05
4.667968e+01 2.967968e-05 3.407885e-05 2.906531e-05 2.589488e-05
4.672865e+01 2.157721e-05 2.526972e-05 2.140389e-05 1.805802e-05
4.677762e+01 1.524280e-05 1.826303e-05 1.530453e-05 1.216082e-05
4.682659e+01 1.049307e-05 1.289069e-05 1.065939e-05 7.929133e-06
4.687556e+01 7.057848e-06 8.897480e-06 7.255378e-06 5.020686e-06
4.692453e+01 4.648150e-06 6.007149e-06 4.840183e-06 3.097117e-06
4.697350e+01 3.000480e-06 3.963886e-06 3.170672e-06 1.866883e-06
4.702248e+01 1.897985e-06 2.551642e-06 2.040091e-06 1.102223e-06
4.707145e+01 1.174529e-06 1.598144e-06 1.287252e-06 6.381904e-07
4.712042e+01 7.090056e-07 9.708595e-07 7.938753e-07 3.622821e-07
4.716939e+01 4.159415e-07 5.701863e-07 4.763770e-07 2.012611e-07
4.721836e+01 2.361701e-07 3.227059e-07 2.767345e-07 1.090699e-07
4.726733e+01 1.292555e-07 1.754841e-07 1.548556e-07 5.742675e-08
4.731630e+01 6.792926e-08 9.144399e-08 8.309779e-08 2.924600e-08
4.736527e+01 3.416640e-08 4.555617e-08 4.259855e-08 1.434448e-08
4.741424e+01 1.640004e-08 2.165393e-08 2.079680e-08 6.749378e-09
4.746321e+01 7.495041e-09 9.803192e-09 9.645672e-09 3.036259e-09
4.751218e+01 3.254969e-09 4.220693e-09 4.242019e-09 1.302195e-09
4.756115e+01 1.341134e-09 1.725901e-09 1.766362e-09 5.311400e-10
4.761012e+01 5.236383e-10 6.695476e-10 6.956238e-10 2.057436e-10
4.765909e+01 1.935421e-10 2.461951e-10 2.589028e-10 7.552833e-11
4.770806e+01 6.767249e-11 8.573725e-11 9.100013e-11 2.628008e-11
4.775703e+01 2.234483e-11 2.823853e-11 3.016686e-11 8.629103e-12
4.780600e+01 6.961547e-12 8.780184e-12 9.425766e-12 2.678692e-12
4.785498e+01 2.053301e-12 2.585733e-12 2.785660e-12 7.885105e-13
4.790395e+01 5.689701e-13 7.173686e-13 7.722826e-13 2.172592e-13
4.795292e+01 1.444729e-13 1.769535e-13 2.008792e-13 5.558609e-14
4.800189e+01 3.441602e-14 4.264213e-14 4.811639e-14 1.248955e-14
4.805086e+01 6.059024e-15 9.830079e-15 5.589939e-15 2.757055e-15
4.809983e+01 0.000000e+00 0.000000e+00 0.000000e+00 0.000000e+00
4.814880e+01 0.000000e+00 0.000000e+00 0.000000e+00 0.000000e+00
4.819777e+01 0.000000e+00 0.000000e+00 0.000000e+00 0.000000e+00
4.824674e+01 0.000000e+00 0.000000e+00 0.000000e+00 0.000000e+00
4.829571e+01 0.000000e+00 0.000000e+00 0.000000e+00 0.000000e+00
4.834468e+01 0.000000e+00 0.000000e+00 0.000000e+00 0.000000e+00
4.839365e+01 0.000000e+00 0.000000e+00 0.000000e+00 0.000000e+00
4.844262e+01 0.000000e+00 0.000000e+00 0.000000e+00 0.000000e+00
4.849159e+01 0.000000e+00 0.000000e+00 0.000000e+00 0.000000e+00
4.854056e+01 0.000000e+00 0.000000e+00 0.000000e+00 0.000000e+00
4.858953e+01 0.000000e+00 0.000000e+00 0.000000e+00 0.000000e+00
4.863851e+01 0.000000e+00 0.000000e+00 0.000000e+00 0.000000e+00
4.868748e+01 0.000000e+00 0.000000e+00 0.000000e+00 0.000000e+00
4.873645e+01 0.000000e+00 0.000000e+00 0.000000e+00 0.000000e+00
4.878542e+01 0.000000e+00 0.000000e+00 0.000000e+00 0.000000e+00
4.883439e+01 0.000000e+00 0.000000e+00 0.000000e+00 0.000000e+00
4.888336e+01 0.000000e+00 0.000000e+00 0.000000e+00 0.000000e+00
4.893233e+01 0.000000e+00 0.000000e+00 0.000000e+00 0.000000e+00
4.898130e+01 0.000000e+00 0.000000e+00 0.000000e+00 0.000000e+00
4.903027e+01 0.000000e+00 0.000000e+00 0.000000e+00 0.000000e+00
4.907924e+01 0.000000e+00 0.000000e+00 0.000000e+00 0.000000e+00
4.912821e+01 0.000000e+00 0.000000e+00 0.000000e+00 0.000000e+00
4.917718e+01 0.000000e+00 0.000000e+00 0.000000e+00 0.000000e+00
4.922615e+01 0.000000e+00 0.000000e+00 0.000000e+00 0.000000e+00
4.927512e+01 0.000000e+00 0.000000e+00 0.000000e+00 0.000000e+00
4.932409e+01 0.000000e+00 0.000000e+00 0.000000e+00 0.000000e+00
4.937306e+01 0.000000e+00 0.000000e+00 0.000000e+00 0.000000e+00
4.942203e+01 0.000000e+00 0.000000e+00 0.000000e+00 0.000000e+00
4.947101e+01 0.000000e+00 0.000000e+00 0.000000e+00 0.000000e+00
4.951998e+01 0.000000e+00 0.000000e+00 0.000000e+00 0.000000e+00
4.956895e+01 0.000000e+00 0.000000e+00 0.000000e+00 0.000000e+00
4.961792e+01 0.000000e+00 0.000000e+00 0.000000e+00 0.000000e+00
4.966689e+01 0.000000e+00 0.000000e+00 0.000000e+00 0.000000e+00
4.971586e+01 0.000000e+00 0.000000e+00 0.000000e+00 0.000000e+00
4.976483e+01 0.000000e+00 0.000000e+00 0.000000e+00 0.000000e+00
4.981380e+01 0.000000e+00 0.000000e+00 0.000000e+00 0.000000e+00
4.986277e+01 0.000000e+00 0.000000e+00 0.000000e+00 0.000000e+00
4.991174e+01 0.000000e+00 0.000000e+00 0.000000e+00 0.000000e+00
4.996071e+01 0.000000e+00 0.000000e+00 0.000000e+00 0.000000e+00
5.000968e+01 0.000000e+00 0.000000e+00 0.000000e+00 0.000000e+00
5.005865e+01 0.000000e+00 0.000000e+00 0.000000e+00 0.000000e+00
5.010762e+01 0.000000e+00 0.000000e+00 0.000000e+00 0.000000e+00
5.015659e+01 0.000000e+00 0.000000e+00 0.000000e+00 0.000000e+00
5.020556e+01 0.000000e+00 0.000000e+00 0.000000e+00 0.000000e+00
5.025453e+01 0.000000e+00 0.000000e+00 0.000000e+00 0.000000e+00
5.030351e+01 0.000000e+00 0.000000e+00 0.000000e+00 0.000000e+00
5.035248e+01 0.000000e+00 0.000000e+00 0.000000e+00 0.000000e+00
5.040145e+01 0.000000e+00 0.000000e+00 0.000000e+00 0.000000e+00
5.045042e+01 0.000000e+00 0.000000e+00 0.000000e+00 0.000000e+00
5.049939e+01 0.000000e+00 0.000000e+00 0.000000e+00 0.000000e+00
5.054836e+01 0.000000e+00 0.000000e+00 0.000000e+00 0.000000e+00
5.059733e+01 0.000000e+00 0.000000e+00 0.000000e+00 0.000000e+00
5.064630e+01 0.000000e+00 0.000000e+00 0.000000e+00 0.000000e+00
5.069527e+01 0.000000e+00 0.000000e+00 0.000000e+00 0.000000e+00
5.074424e+01 0.000000e+00 0.000000e+00 0.000000e+00 0.000000e+00
5.079321e+01 0.000000e+00 0.000000e+00 0.000000e+00 0.000000e+00
5.084218e+01 0.000000e+00 0.000000e+00 0.000000e+00 0.000000e+00
5.089115e+01 0.000000e+00 0.000000e+00 0.000000e+00 0.000000e+00
5.094012e+01 0.000000e+00 0.000000e+00 0.000000e+00 0.000000e+00
5.098909e+01 0.000000e+00 0.000000e+00 0.000000e+00 0.000000e+00
5.103806e+01 0.000000e+00 0.000000e+00 0.000000e+00 0.000000e+00
5.108704e+01 0.000000e+00 0.000000e+00 0.000000e+00 0.000000e+00
5.113601e+01 0.000000e+00 0.000000e+00 0.000000e+00 0.000000e+00
5.118498e+01 0.000000e+00 0.000000e+00 0.000000e+00 0.000000e+00
5.123395e+01 0.000000e+00 0.000000e+00 0.000000e+00 0.000000e+00
5.128292e+01 0.000000e+00 0.000000e+00 0.000000e+00 0.000000e+00
5.133189e+01 0.000000e+00 0.000000e+00 0.000000e+00 0.000000e+00
5.138086e+01 0.000000e+00 0.000000e+00 0.000000e+00 0.000000e+00
5.142983e+01 0.000000e+00 0.000000e+00 0.000000e+00 0.000000e+00
5.147880e+01 0.000000e+00 0.000000e+00 0.000000e+00 0.000000e+00
5.152777e+01 0.000000e+00 0.000000e+00 0.000000e+00 0.000000e+00
5.157674e+01 0.000000e+00 0.000000e+00 0.000000e+00 0.000000e+00
5.162571e+01 0.000000e+00 0.000000e+00 0.000000e+00 0.000000e+00
5.167468e+01 0.000000e+00 0.000000e+00 0.000000e+00 0.000000e+00
5.172365e+01 0.000000e+00 0.000000e+00 0.000000e+00 0.000000e+00
5.177262e+01 0.000000e+00 0.000000e+00 0.000000e+00 0.000000e+00
5.182159e+01 0.000000e+00 0.000000e+00 0.000000e+00 0.000000e+00
5.187056e+01 0.000000e+00 0.000000e+00 0.000000e+00 0.000000e+00
5.191954e+01 0.000000e+00 0.000000e+00 0.000000e+00 0.000000e+00
5.196851e+01 0.000000e+00 0.000000e+00 0.000000e+00 0.000000e+00
5.201748e+01 0.000000e+00 0.000000e+00 0.000000e+00 0.000000e+00
5.206645e+01 0.000000e+00 0.000000e+00 0.000000e+00 0.000000e+00
5.211542e+01 0.000000e+00 0.000000e+00 0.000000e+00 0.000000e+00
5.216439e+01 0.000000e+00 0.000000e+00 0.000000e+00 0.000000e+00
5.221336e+01 0.000000e+00 0.000000e+00 0.000000e+00 0.000000e+00
5.226233e+01 0.000000e+00 0.000000e+00 0.000000e+00 0.000000e+00
5.231130e+01 0.000000e+00 0.000000e+00 0.000000e+00 0.000000e+00
5.236027e+01 0.000000e+00 0.000000e+00 0.000000e+00 0.000000e+00
5.240924e+01 0.000000e+00 0.000000e+00 0.000000e+00 0.000000e+00
5.245821e+01 0.000000e+00 0.000000e+00 0.000000e+00 0.000000e+00
5.250718e+01 0.000000e+00 0.000000e+00 0.000000e+00 0.000000e+00
5.255615e+01 0.000000e+00 0.000000e+00 0.000000e+00 0.000000e+00
5.260512e+01 0.000000e+00 0.000000e+00 0.000000e+00 0.000000e+00
5.265409e+01 0.000000e+00 0.000000e+00 0.000000e+00 0.000000e+00
5.270306e+01 0.000000e+00 0.000000e+00 0.000000e+00 0.000000e+00
5.275204e+01 0.000000e+00 0.000000e+00 0.000000e+00 0.000000e+00
5.280101e+01 0.000000e+00 0.000000e+00 0.000000e+00 0.000000e+00
5.284998e+01 0.000000e+00 0.000000e+00 0.000000e+00 0.000000e+00
5.289895e+01 0.000000e+00 0.000000e+00 0.000000e+00 0.000000e+00
5.294792e+01 0.000000e+00 0.000000e+00 0.000000e+00 0.000000e+00
5.299689e+01 0.000000e+00 0.000000e+00 0.000000e+00 0.000000e+00
5.304586e+01 0.000000e+00 0.000000e+00 0.000000e+00 0.000000e+00
5.309483e+01 0.000000e+00 0.000000e+00 0.000000e+00 0.000000e+00
5.314380e+01 0.000000e+00 0.000000e+00 0.000000e+00 0.000000e+00
5.319277e+01 0.000000e+00 0.000000e+00 0.000000e+00 0.000000e+00
5.324174e+01 0.000000e+00 0.000000e+00 0.000000e+00 0.000000e+00
5.329071e+01 0.000000e+00 0.000000e+00 0.000000e+00 0.000000e+00
5.333968e+01 0.000000e+00 0.000000e+00 0.000000e+00 0.000000e+00
5.338865e+01 0.000000e+00 0.000000e+00 0.000000e+00 0.000000e+00
5.343762e+01 0.000000e+00 0.000000e+00 0.000000e+00 0.000000e+00
5.348659e+01 0.000000e+00 0.000000e+00 0.000000e+00 0.000000e+00
5.353557e+01 0.000000e+00 0.000000e+00 0.000000e+00 0.000000e+00
5.358454e+01 0.000000e+00 0.000000e+00 0.000000e+00 0.000000e+00
5.363351e+01 0.000000e+00 0.000000e+00 0.000000e+00 0.000000e+00
5.368248e+01 0.000000e+00 0.000000e+00 0.000000e+00 0.000000e+00
5.373145e+01 0.000000e+00 0.000000e+00 0.000000e+00 0.000000e+00
5.378042e+01 0.000000e+00 0.000000e+00 0.000000e+00 0.000000e+00
5.382939e+01 0.000000e+00 0.000000e+00 0.000000e+00 0.000000e+00
5.387836e+01 0.000000e+00 0.000000e+00 0.000000e+00 0.000000e+00
5.392733e+01 0.000000e+00 0.000000e+00 0.000000e+00 0.000000e+00
5.397630e+01 0.000000e+00 0.000000e+00 0.000000e+00 0.000000e+00
5.402527e+01 0.000000e+00 0.000000e+00 0.000000e+00 0.000000e+00
5.407424e+01 0.000000e+00 0.000000e+00 0.000000e+00 0.000000e+00
5.412321e+01 0.000000e+00 0.000000e+00 0.000000e+00 0.000000e+00
5.417218e+01 0.000000e+00 0.000000e+00 0.000000e+00 0.000000e+00
5.422115e+01 0.000000e+00 0.000000e+00 0.000000e+00 0.000000e+00
5.427012e+01 0.000000e+00 0.000000e+00 0.000000e+00 0.000000e+00
5.431909e+01 0.000000e+00 0.000000e+00 0.000000e+00 0.000000e+00
5.436807e+01 0.000000e+00 0.000000e+00 0.000000e+00 0.000000e+00
5.441704e+01 0.000000e+00 0.000000e+00 0.000000e+00 0.000000e+00
5.446601e+01 0.000000e+00 0.000000e+00 0.000000e+00 0.000000e+00
5.451498e+01 0.000000e+00 0.000000e+00 0.000000e+00 0.000000e+00
5.456395e+01 0.000000e+00 0.000000e+00 0.000000e+00 0.000000e+00
5.461292e+01 0.000000e+00 0.000000e+00 0.000000e+00 0.000000e+00
5.466189e+01 0.000000e+00 0.000000e+00 0.000000e+00 0.000000e+00
5.471086e+01 0.000000e+00 0.000000e+00 0.000000e+00 0.000000e+00
5.475983e+01 0.000000e+00 0.000000e+00 0.000000e+00 0.000000e+00
5.480880e+01 0.000000e+00 0.000000e+00 0.000000e+00 0.000000e+00
5.485777e+01 0.000000e+00 0.000000e+00 0.000000e+00 0.000000e+00
5.490674e+01 0.000000e+00 0.000000e+00 0.000000e+00 0.000000e+00
5.495571e+01 0.000000e+00 0.000000e+00 0.000000e+00 0.000000e+00
5.500468e+01 0.000000e+00 0.000000e+00 0.000000e+00 0.000000e+00
5.505365e+01 0.000000e+00 0.000000e+00 0.000000e+00 0.000000e+00
5.510262e+01 0.000000e+00 0.000000e+00 0.000000e+00 0.000000e+00
5.515159e+01 0.000000e+00 0.000000e+00 0.000000e+00 0.000000e+00
5.520057e+01 0.000000e+00 0.000000e+00 0.000000e+00 0.000000e+00
5.524954e+01 0.000000e+00 0.000000e+00 0.000000e+00 0.000000e+00
5.529851e+01 0.000000e+00 0.000000e+00 0.000000e+00 0.000000e+00
5.534748e+01 0.000000e+00 0.000000e+00 0.000000e+00 0.000000e+00
5.539645e+01 0.000000e+00 0.000000e+00 0.000000e+00 0.000000e+00
5.544542e+01 0.000000e+00 0.000000e+00 0.000000e+00 0.000000e+00
5.549439e+01 0.000000e+00 0.000000e+00 0.000000e+00 0.000000e+00
5.554336e+01 0.000000e+00 0.000000e+00 0.000000e+00 0.000000e+00
5.559233e+01 0.000000e+00 0.000000e+00 0.000000e+00 0.000000e+00
5.564130e+01 0.000000e+00 0.000000e+00 0.000000e+00 0.000000e+00
5.569027e+01 0.000000e+00 0.000000e+00 0.000000e+00 0.000000e+00
5.573924e+01 0.000000e+00 0.000000e+00 0.000000e+00 0.000000e+00
5.578821e+01 0.000000e+00 0.000000e+00 0.000000e+00 0.000000e+00
5.583718e+01 0.000000e+00 0.000000e+00 0.000000e+00 0.000000e+00
5.588615e+01 0.000000e+00 0.000000e+00 0.000000e+00 0.000000e+00
5.593512e+01 0.000000e+00 0.000000e+00 0.000000e+00 0.000000e+00
5.598410e+01 0.000000e+00 0.000000e+00 0.000000e+00 0.000000e+00
5.603307e+01 0.000000e+00 0.000000e+00 0.000000e+00 0.000000e+00
5.608204e+01 0.000000e+00 0.000000e+00 0.000000e+00 0.000000e+00
5.613101e+01 0.000000e+00 0.000000e+00 0.000000e+00 0.000000e+00
5.617998e+01 0.000000e+00 0.000000e+00 0.000000e+00 0.000000e+00
5.622895e+01 0.000000e+00 0.000000e+00 0.000000e+00 0.000000e+00
5.627792e+01 0.000000e+00 0.000000e+00 0.000000e+00 0.000000e+00
