6.321213e+00 0.000000e+00 0.000000e+00 0.000000e+00 0.000000e+00
6.373213e+00 0.000000e+00 0.000000e+00 0.000000e+00 0.000000e+00
6.425213e+00 0.000000e+00 0.000000e+00 0.000000e+00 0.000000e+00
6.477213e+00 0.000000e+00 0.000000e+00 0.000000e+00 0.000000e+00
6.529213e+00 0.000000e+00 0.000000e+00 0.000000e+00 0.000000e+00
6.581213e+00 0.000000e+00 0.000000e+00 0.000000e+00 0.000000e+00
6.633213e+00 0.000000e+00 0.000000e+00 0.000000e+00 0.000000e+00
6.685213e+00 0.000000e+00 0.000000e+00 0.000000e+00 0.000000e+00
6.737213e+00 0.000000e+00 0.000000e+00 0.000000e+00 0.000000e+00
6.789213e+00 0.000000e+00 0.000000e+00 0.000000e+00 0.000000e+00
6.841213e+00 0.000000e+00 0.000000e+00 0.000000e+00 0.000000e+00
6.893213e+00 0.000000e+00 0.000000e+00 0.000000e+00 0.000000e+00
6.945213e+00 0.000000e+00 0.000000e+00 0.000000e+00 0.000000e+00
6.997213e+00 0.000000e+00 0.000000e+00 0.000000e+00 0.000000e+00
7.049213e+00 0.000000e+00 0.000000e+00 0.000000e+00 0.000000e+00
7.101213e+00 0.000000e+00 0.000000e+00 0.000000e+00 0.000000e+00
7.153213e+00 0.000000e+00 0.000000e+00 0.000000e+00 0.000000e+00
7.205213e+00 0.000000e+00 0.000000e+00 0.000000e+00 0.000000e+00
7.257213e+00 0.000000e+00 0.000000e+00 0.000000e+00 0.000000e+00
7.309213e+00 0.000000e+00 0.000000e+00 0.000000e+00 0.000000e+00
7.361213e+00 0.000000e+00 0.000000e+00 0.000000e+00 0.000000e+00
7.413213e+00 0.000000e+00 0.000000e+00 0.000000e+00 0.000000e+00
7.465213e+00 0.000000e+00 0.000000e+00 0.000000e+00 0.000000e+00
7.517213e+00 0.000000e+00 0.000000e+00 0.000000e+00 0.000000e+00
7.569213e+00 0.000000e+00 0.000000e+00 0.000000e+00 0.000000e+00
7.621213e+00 0.000000e+00 0.000000e+00 0.000000e+00 0.000000e+00
7.673213e+00 0.000000e+00 0.000000e+00 0.000000e+00 0.000000e+00
7.725213e+00 0.000000e+00 0.000000e+00 0.000000e+00 0.000000e+00
7.777213e+00 0.000000e+00 0.000000e+00 0.000000e+00 0.000000e+00
7.829213e+00 0.000000e+00 0.000000e+00 0.000000e+00 0.000000e+00
7.881213e+00 0.000000e+00 0.000000e+00 0.000000e+00 0.000000e+00
7.933213e+00 0.000000e+00 0.000000e+00 0.000000e+00 0.000000e+00
7.985213e+00 0.000000e+00 0.000000e+00 0.000000e+00 0.000000e+00
8.037213e+00 0.000000e+00 0.000000e+00 0.000000e+00 0.000000e+00
8.089213e+00 0.000000e+00 0.000000e+00 0.000000e+00 0.000000e+00
8.141213e+00 0.000000e+00 0.000000e+00 0.000000e+00 0.000000e+00
8.193213e+00 0.000000e+00 0.000000e+00 0.000000e+00 0.000000e+00
8.245213e+00 0.000000e+00 0.000000e+00 0.000000e+00 0.000000e+00
8.297213e+00 0.000000e+00 0.000000e+00 0.000000e+00 0.000000e+00
8.349213e+00 0.000000e+00 0.000000e+00 0.000000e+00 0.000000e+00
8.401213e+00 0.000000e+00 0.000000e+00 0.000000e+00 0.000000e+00
8.453213e+00 0.000000e+00 0.000000e+00 0.000000e+00 0.000000e+00
8.505213e+00 0.000000e+00 0.000000e+00 0.000000e+00 0.000000e+00
8.557213e+00 0.000000e+00 0.000000e+00 0.000000e+00 0.000000e+00
8.609213e+00 0.000000e+00 0.000000e+00 0.000000e+00 0.000000e+00
8.661213e+00 0.000000e+00 0.000000e+00 0.000000e+00 0.000000e+00
8.713213e+00 0.000000e+00 0.000000e+00 0.000000e+00 0.000000e+00
8.765213e+00 0.000000e+00 0.000000e+00 0.000000e+00 0.000000e+00
8.817213e+00 0.000000e+00 0.000000e+00 0.000000e+00 0.000000e+00
8.869213e+00 0.000000e+00 0.000000e+00 0.000000e+00 0.000000e+00
8.921213e+00 0.000000e+00 0.000000e+00 0.000000e+00 0.000000e+00
8.973213e+00 0.000000e+00 0.000000e+00 0.000000e+00 0.000000e+00
9.025213e+00 0.000000e+00 0.000000e+00 0.000000e+00 0.000000e+00
9.077213e+00 0.000000e+00 0.000000e+00 0.000000e+00 0.000000e+00
9.129213e+00 0.000000e+00 0.000000e+00 0.000000e+00 0.000000e+00
9.181213e+00 0.000000e+00 0.000000e+00 0.000000e+00 0.000000e+00
9.233213e+00 0.000000e+00 0.000000e+00 0.000000e+00 0.000000e+00
9.285213e+00 0.000000e+00 0.000000e+00 0.000000e+00 0.000000e+00
9.337213e+00 0.000000e+00 0.000000e+00 0.000000e+00 0.000000e+00
9.389213e+00 0.000000e+00 0.000000e+00 0.000000e+00 0.000000e+00
9.441213e+00 0.000000e+00 0.000000e+00 0.000000e+00 0.000000e+00
9.493213e+00 0.000000e+00 0.000000e+00 0.000000e+00 0.000000e+00
9.545213e+00 0.000000e+00 0.000000e+00 0.000000e+00 0.000000e+00
9.597213e+00 0.000000e+00 0.000000e+00 0.000000e+00 0.000000e+00
9.649213e+00 0.000000e+00 0.000000e+00 0.000000e+00 0.000000e+00
9.701213e+00 0.000000e+00 0.000000e+00 0.000000e+00 0.000000e+00
9.753213e+00 0.000000e+00 0.000000e+00 0.000000e+00 0.000000e+00
9.805213e+00 0.000000e+00 0.000000e+00 0.000000e+00 0.000000e+00
9.857213e+00 0.000000e+00 0.000000e+00 0.000000e+00 0.000000e+00
9.909213e+00 0.000000e+00 0.000000e+00 0.000000e+00 0.000000e+00
9.961213e+00 0.000000e+00 0.000000e+00 0.000000e+00 0.000000e+00
1.001321e+01 0.000000e+00 0.000000e+00 0.000000e+00 0.000000e+00
1.006521e+01 0.000000e+00 0.000000e+00 0.000000e+00 0.000000e+00
1.011721e+01 0.000000e+00 0.000000e+00 0.000000e+00 0.000000e+00
1.016921e+01 3.366948e-14 1.822365e-15 8.628008e-16 9.832328e-14
1.022121e+01 3.621399e-13 2.941856e-14 2.047648e-14 1.036525e-12
1.027321e+01 2.115467e-12 1.951190e-13 1.445358e-13 6.006747e-12
1.032521e+01 9.538473e-12 9.134988e-13 6.860425e-13 2.701588e-11
1.037721e+01 3.998342e-11 3.876340e-12 2.932904e-12 1.131410e-10
1.042921e+01 1.583645e-10 1.558041e-11 1.177393e-11 4.477392e-10
1.048121e+01 5.784003e-10 5.755928e-11 4.359053e-11 1.634051e-09
1.053321e+01 1.978739e-09 1.992158e-10 1.512235e-10 5.585778e-09
1.058521e+01 6.374371e-09 6.483999e-10 4.929578e-10 1.798175e-08
1.063721e+01 1.935708e-08 1.985878e-09 1.510673e-09 5.457468e-08
1.068921e+01 5.544736e-08 5.725989e-09 4.353826e-09 1.562623e-07
1.074121e+01 1.499577e-07 1.556270e-08 1.185482e-08 4.224555e-07
1.079321e+01 3.830775e-07 3.986216e-08 3.039524e-08 1.078975e-06
1.084521e+01 9.250777e-07 9.631574e-08 7.356642e-08 2.605351e-06
1.089721e+01 2.113432e-06 2.198870e-07 1.686760e-07 5.951734e-06
1.094921e+01 4.571165e-06 4.746162e-07 3.678094e-07 1.287107e-05
1.100121e+01 9.367932e-06 9.708206e-07 7.676812e-07 2.636529e-05
1.105321e+01 1.820640e-05 1.887501e-06 1.547494e-06 5.118419e-05
1.110521e+01 3.359285e-05 3.504296e-06 3.048628e-06 9.422561e-05
1.115721e+01 5.893312e-05 6.256499e-06 5.947808e-06 1.645950e-04
1.120921e+01 9.851101e-05 1.085124e-05 1.162172e-05 2.730601e-04
1.126121e+01 1.573831e-04 1.852652e-05 2.285529e-05 4.307675e-04
1.131321e+01 2.413618e-04 3.159350e-05 4.506898e-05 6.474229e-04
1.136521e+01 3.573946e-04 5.444952e-05 8.815622e-05 9.295779e-04
1.141721e+01 5.146383e-04 9.522360e-05 1.687345e-04 1.279957e-03
1.146921e+01 7.262081e-04 1.680291e-04 3.120851e-04 1.698510e-03
1.152121e+01 1.010905e-03 2.953720e-04 5.524173e-04 2.184927e-03
1.157321e+01 1.393435e-03 5.096181e-04 9.297277e-04 2.740958e-03
1.162521e+01 1.901268e-03 8.517786e-04 1.481969e-03 3.370058e-03
1.167721e+01 2.557013e-03 1.365689e-03 2.232844e-03 4.072505e-03
1.172921e+01 3.367056e-03 2.086492e-03 3.178008e-03 4.836669e-03
1.178121e+01 4.309774e-03 3.024489e-03 4.274618e-03 5.630215e-03
1.183321e+01 5.328251e-03 4.148518e-03 5.439520e-03 6.396716e-03
1.188521e+01 6.332054e-03 5.375626e-03 6.559001e-03 7.061534e-03
1.193721e+01 7.209728e-03 6.574131e-03 7.508637e-03 7.546415e-03
1.198921e+01 7.849644e-03 7.583815e-03 8.177574e-03 7.787544e-03
1.204121e+01 8.163458e-03 8.250467e-03 8.489872e-03 7.750036e-03
1.209321e+01 8.105402e-03 8.464995e-03 8.417183e-03 7.434026e-03
1.214521e+01 7.682128e-03 8.193574e-03 7.980743e-03 6.872067e-03
1.219721e+01 6.950884e-03 7.487474e-03 7.244155e-03 6.121024e-03
1.224921e+01 6.007086e-03 6.468780e-03 6.300170e-03 5.252307e-03
1.230121e+01 4.964899e-03 5.297597e-03 5.254655e-03 4.342445e-03
1.235321e+01 3.935825e-03 4.132882e-03 4.210391e-03 3.464203e-03
1.240521e+01 3.010349e-03 3.099894e-03 3.253034e-03 2.678118e-03
1.245721e+01 2.246511e-03 2.272651e-03 2.441440e-03 2.025444e-03
1.250921e+01 1.667067e-03 1.672911e-03 1.803914e-03 1.524376e-03
1.256121e+01 1.264354e-03 1.281457e-03 1.340616e-03 1.170990e-03
1.261321e+01 1.010082e-03 1.054935e-03 1.030690e-03 9.446210e-04
1.266521e+01 8.664951e-04 9.421878e-04 8.415885e-04 8.157089e-04
1.271721e+01 7.959360e-04 8.963960e-04 7.379726e-04 7.534394e-04
1.276921e+01 7.671127e-04 8.818535e-04 6.883236e-04 7.311610e-04
1.282121e+01 7.578038e-04 8.759845e-04 6.685465e-04 7.288804e-04
1.287321e+01 7.547314e-04 8.679961e-04 6.628335e-04 7.333646e-04
1.292521e+01 7.517672e-04 8.557216e-04 6.626339e-04 7.369461e-04
1.297721e+01 7.475963e-04 8.420054e-04 6.647473e-04 7.360360e-04
1.302921e+01 7.436369e-04 8.316104e-04 6.693984e-04 7.299018e-04
1.308121e+01 7.426240e-04 8.291956e-04 6.788406e-04 7.198358e-04
1.313321e+01 7.479190e-04 8.384710e-04 6.966785e-04 7.086076e-04
1.318521e+01 7.633840e-04 8.622761e-04 7.278004e-04 7.000754e-04
1.323721e+01 7.935396e-04 9.031113e-04 7.786030e-04 6.989045e-04
1.328921e+01 8.437076e-04 9.636247e-04 8.570915e-04 7.104067e-04
1.334121e+01 9.199157e-04 1.046731e-03 9.724747e-04 7.405418e-04
1.339321e+01 1.028524e-03 1.155364e-03 1.134090e-03 7.961187e-04
1.344521e+01 1.175762e-03 1.292220e-03 1.349851e-03 8.852149e-04
1.349721e+01 1.367511e-03 1.459995e-03 1.624801e-03 1.017738e-03
1.354921e+01 1.609560e-03 1.662383e-03 1.960456e-03 1.205841e-03
1.360121e+01 1.908115e-03 1.905450e-03 2.355293e-03 1.463602e-03
1.365321e+01 2.269813e-03 2.198271e-03 2.805953e-03 1.805215e-03
1.370521e+01 2.700181e-03 2.551439e-03 3.307955e-03 2.241150e-03
1.375721e+01 3.199957e-03 2.972730e-03 3.854565e-03 2.772577e-03
1.380921e+01 3.759854e-03 3.460712e-03 4.433348e-03 3.385503e-03
1.386121e+01 4.355816e-03 3.998763e-03 5.021608e-03 4.047076e-03
1.391321e+01 4.947570e-03 4.552687e-03 5.583474e-03 4.706548e-03
1.396521e+01 5.482644e-03 5.074218e-03 6.071585e-03 5.302129e-03
1.401721e+01 5.905906e-03 5.510305e-03 6.434720e-03 5.772692e-03
1.406921e+01 6.172024e-03 5.815353e-03 6.629702e-03 6.071017e-03
1.412121e+01 6.256503e-03 5.961991e-03 6.633331e-03 6.174188e-03
1.417321e+01 6.161132e-03 5.946433e-03 6.449374e-03 6.087589e-03
1.422521e+01 5.911898e-03 5.786794e-03 6.107609e-03 5.841292e-03
1.427721e+01 5.550546e-03 5.515724e-03 5.655363e-03 5.480550e-03
1.432921e+01 5.123366e-03 5.170794e-03 5.145243e-03 5.054060e-03
1.438121e+01 4.671401e-03 4.786357e-03 4.623853e-03 4.603994e-03
1.443321e+01 4.224923e-03 4.389194e-03 4.125122e-03 4.160454e-03
1.448521e+01 3.802728e-03 3.998108e-03 3.669163e-03 3.740912e-03
1.453721e+01 3.414780e-03 3.625930e-03 3.265136e-03 3.353276e-03
1.458921e+01 3.065844e-03 3.281831e-03 2.915438e-03 3.000263e-03
1.464121e+01 2.758143e-03 2.972484e-03 2.618959e-03 2.682987e-03
1.469321e+01 2.492272e-03 2.701744e-03 2.372466e-03 2.402607e-03
1.474521e+01 2.266737e-03 2.469605e-03 2.170533e-03 2.160074e-03
1.479721e+01 2.077172e-03 2.271526e-03 2.005109e-03 1.954881e-03
1.484921e+01 1.916237e-03 2.099011e-03 1.865762e-03 1.783938e-03
1.490121e+01 1.774648e-03 1.941556e-03 1.741010e-03 1.641378e-03
1.495321e+01 1.643115e-03 1.789442e-03 1.620435e-03 1.519470e-03
1.500521e+01 1.514475e-03 1.636368e-03 1.496818e-03 1.410239e-03
1.505721e+01 1.385197e-03 1.481013e-03 1.367465e-03 1.307115e-03
1.510921e+01 1.255741e-03 1.326963e-03 1.234243e-03 1.206018e-03
1.516121e+01 1.129708e-03 1.181136e-03 1.102373e-03 1.105614e-03
1.521321e+01 1.012214e-03 1.051306e-03 9.784692e-04 1.006866e-03
1.526521e+01 9.081465e-04 9.436660e-04 8.685672e-04 9.122064e-04
1.531721e+01 8.208795e-04 8.612170e-04 7.767319e-04 8.246895e-04
1.536921e+01 7.517434e-04 8.033582e-04 7.045498e-04 7.473221e-04
1.542121e+01 7.001969e-04 7.665772e-04 6.514112e-04 6.826022e-04
1.547321e+01 6.644058e-04 7.457639e-04 6.152603e-04 6.321932e-04
1.552521e+01 6.418968e-04 7.355814e-04 5.934347e-04 5.966743e-04
1.557721e+01 6.300521e-04 7.314639e-04 5.833181e-04 5.753743e-04
1.562921e+01 6.263735e-04 7.300736e-04 5.826880e-04 5.663588e-04
1.568121e+01 6.285666e-04 7.292879e-04 5.897678e-04 5.666440e-04
1.573321e+01 6.345460e-04 7.279204e-04 6.030697e-04 5.726479e-04
1.578521e+01 6.424473e-04 7.253898e-04 6.211479e-04 5.808042e-04
1.583721e+01 6.506822e-04 7.214709e-04 6.423871e-04 5.881885e-04
1.588921e+01 6.580260e-04 7.161623e-04 6.649291e-04 5.929866e-04
1.594121e+01 6.636923e-04 7.096269e-04 6.867794e-04 5.946707e-04
1.599321e+01 6.673423e-04 7.021410e-04 7.060481e-04 5.938378e-04
1.604521e+01 6.689955e-04 6.940069e-04 7.212124e-04 5.917670e-04
1.609721e+01 6.688526e-04 6.854347e-04 7.312828e-04 5.898404e-04
1.614921e+01 6.670997e-04 6.764443e-04 7.358319e-04 5.890228e-04
1.620121e+01 6.637931e-04 6.668615e-04 7.349401e-04 5.895776e-04
1.625321e+01 6.589079e-04 6.564493e-04 7.291604e-04 5.911142e-04
1.630521e+01 6.525453e-04 6.451513e-04 7.195585e-04 5.929262e-04
1.635721e+01 6.451846e-04 6.333373e-04 7.077682e-04 5.944482e-04
1.640921e+01 6.378041e-04 6.218992e-04 6.959220e-04 5.955912e-04
1.646121e+01 6.317322e-04 6.120863e-04 6.863351e-04 5.967753e-04
1.651321e+01 6.282298e-04 6.050927e-04 6.809587e-04 5.986380e-04
1.656521e+01 6.279774e-04 6.015595e-04 6.807858e-04 6.015869e-04
1.661721e+01 6.307308e-04 6.012386e-04 6.854844e-04 6.054694e-04
1.666921e+01 6.353628e-04 6.030219e-04 6.934811e-04 6.095853e-04
1.672121e+01 6.403282e-04 6.053784e-04 7.025243e-04 6.130818e-04
1.677321e+01 6.443729e-04 6.070344e-04 7.105320e-04 6.155523e-04
1.682521e+01 6.471672e-04 6.075976e-04 7.163749e-04 6.175292e-04
1.687721e+01 6.495600e-04 6.078314e-04 7.202623e-04 6.205864e-04
1.692921e+01 6.533170e-04 6.094396e-04 7.235692e-04 6.269422e-04
1.698121e+01 6.604311e-04 6.144303e-04 7.281875e-04 6.386754e-04
1.703321e+01 6.722764e-04 6.243027e-04 7.356812e-04 6.568452e-04
1.708521e+01 6.889342e-04 6.393636e-04 7.465819e-04 6.808571e-04
1.713721e+01 7.089563e-04 6.584282e-04 7.600899e-04 7.083510e-04
1.718921e+01 7.296889e-04 6.790368e-04 7.743008e-04 7.357293e-04
1.724121e+01 7.481120e-04 6.981681e-04 7.869314e-04 7.592364e-04
1.729321e+01 7.619991e-04 7.132836e-04 7.964018e-04 7.763119e-04
1.734521e+01 7.710901e-04 7.234260e-04 8.030326e-04 7.868116e-04
1.739721e+01 7.779315e-04 7.300520e-04 8.100420e-04 7.937005e-04
1.744921e+01 7.881072e-04 7.373382e-04 8.240152e-04 8.029684e-04
1.750121e+01 8.097402e-04 7.518604e-04 8.545914e-04 8.227686e-04
1.755321e+01 8.523352e-04 7.817295e-04 9.132782e-04 8.619977e-04
1.760521e+01 9.251808e-04 8.353869e-04 1.011504e-03 9.286517e-04
1.765721e+01 1.035588e-03 9.202855e-04 1.158200e-03 1.028277e-03
1.770921e+01 1.187239e-03 1.041627e-03 1.357329e-03 1.162762e-03
1.776121e+01 1.378920e-03 1.201284e-03 1.605843e-03 1.329634e-03
1.781321e+01 1.603844e-03 1.397024e-03 1.892521e-03 1.521989e-03
1.786521e+01 1.849758e-03 1.622131e-03 2.198067e-03 1.729076e-03
1.791721e+01 2.099862e-03 1.865501e-03 2.496640e-03 1.937444e-03
1.796921e+01 2.334478e-03 2.112186e-03 2.758789e-03 2.132458e-03
1.802121e+01 2.533296e-03 2.344393e-03 2.955564e-03 2.299932e-03
1.807321e+01 2.678007e-03 2.542998e-03 3.063284e-03 2.427740e-03
1.812521e+01 2.755080e-03 2.689721e-03 3.068193e-03 2.507326e-03
1.817721e+01 2.758299e-03 2.769970e-03 2.969884e-03 2.535042e-03
1.822921e+01 2.690474e-03 2.775985e-03 2.782374e-03 2.513063e-03
1.828121e+01 2.563681e-03 2.709403e-03 2.532122e-03 2.449518e-03
1.833321e+01 2.397590e-03 2.582152e-03 2.253165e-03 2.357453e-03
1.838521e+01 2.215993e-03 2.414843e-03 1.980577e-03 2.252558e-03
1.843721e+01 2.042294e-03 2.232728e-03 1.744055e-03 2.150098e-03
1.848921e+01 1.895145e-03 2.060292e-03 1.563296e-03 2.061847e-03
1.854121e+01 1.785396e-03 1.916154e-03 1.446086e-03 1.993948e-03
1.859321e+01 1.715069e-03 1.809876e-03 1.389031e-03 1.946300e-03
1.864521e+01 1.678409e-03 1.741471e-03 1.380181e-03 1.913574e-03
1.869721e+01 1.664433e-03 1.703362e-03 1.402557e-03 1.887379e-03
1.874921e+01 1.660147e-03 1.683775e-03 1.437791e-03 1.858876e-03
1.880121e+01 1.653581e-03 1.670323e-03 1.469357e-03 1.821063e-03
1.885321e+01 1.636033e-03 1.652827e-03 1.485036e-03 1.770236e-03
1.890521e+01 1.603237e-03 1.624941e-03 1.478380e-03 1.706391e-03
1.895721e+01 1.555400e-03 1.584590e-03 1.448960e-03 1.632651e-03
1.900921e+01 1.496278e-03 1.533447e-03 1.401377e-03 1.554009e-03
1.906121e+01 1.431599e-03 1.475732e-03 1.343272e-03 1.475794e-03
1.911321e+01 1.367256e-03 1.416626e-03 1.282840e-03 1.402301e-03
1.916521e+01 1.307706e-03 1.360654e-03 1.226519e-03 1.335946e-03
1.921721e+01 1.255012e-03 1.310432e-03 1.177484e-03 1.277119e-03
1.926921e+01 1.208711e-03 1.266128e-03 1.135342e-03 1.224662e-03
1.932121e+01 1.166496e-03 1.225762e-03 1.097039e-03 1.176687e-03
1.937321e+01 1.125381e-03 1.186184e-03 1.058571e-03 1.131389e-03
1.942521e+01 1.082907e-03 1.144334e-03 1.016816e-03 1.087570e-03
1.947721e+01 1.037962e-03 1.098301e-03 9.707951e-04 1.044792e-03
1.952921e+01 9.910369e-04 1.047890e-03 9.219539e-04 1.003267e-03
1.958121e+01 9.439494e-04 9.946318e-04 8.735253e-04 9.636912e-04
1.963321e+01 8.993092e-04 9.413934e-04 8.294074e-04 9.271267e-04
1.968521e+01 8.599628e-04 8.918058e-04 7.931239e-04 8.949589e-04
1.973721e+01 8.285698e-04 8.496731e-04 7.672429e-04 8.687933e-04
1.978921e+01 8.073001e-04 8.184116e-04 7.532969e-04 8.501919e-04
1.984121e+01 7.975827e-04 8.005324e-04 7.519673e-04 8.402483e-04
1.989321e+01 7.998765e-04 7.972269e-04 7.632448e-04 8.391577e-04
1.994521e+01 8.135339e-04 8.081719e-04 7.864225e-04 8.460072e-04
1.999721e+01 8.368786e-04 8.316831e-04 8.199970e-04 8.589556e-04
2.004921e+01 8.675778e-04 8.652498e-04 8.616741e-04 8.758095e-04
2.010121e+01 9.032656e-04 9.063302e-04 9.086376e-04 8.948289e-04
2.015321e+01 9.422500e-04 9.531615e-04 9.580880e-04 9.155004e-04
2.020521e+01 9.840741e-04 1.005297e-03 1.007902e-03 9.390239e-04
2.025721e+01 1.029727e-03 1.063655e-03 1.057196e-03 9.683294e-04
2.030921e+01 1.081376e-03 1.129995e-03 1.106607e-03 1.007526e-03
2.036121e+01 1.141608e-03 1.205896e-03 1.158152e-03 1.060775e-03
2.041321e+01 1.212260e-03 1.291451e-03 1.214628e-03 1.130702e-03
2.046521e+01 1.293105e-03 1.384038e-03 1.278573e-03 1.216703e-03
2.051721e+01 1.380767e-03 1.477651e-03 1.350956e-03 1.313694e-03
2.056921e+01 1.468384e-03 1.563221e-03 1.429963e-03 1.411967e-03
2.062121e+01 1.546387e-03 1.630176e-03 1.510356e-03 1.498631e-03
2.067321e+01 1.604487e-03 1.669031e-03 1.583895e-03 1.560535e-03
2.072521e+01 1.634383e-03 1.674265e-03 1.640961e-03 1.587924e-03
2.077721e+01 1.632338e-03 1.646436e-03 1.673053e-03 1.577526e-03
2.082921e+01 1.600607e-03 1.592602e-03 1.675357e-03 1.533862e-03
2.088121e+01 1.547090e-03 1.524734e-03 1.648399e-03 1.468138e-03
2.093321e+01 1.483258e-03 1.456601e-03 1.598090e-03 1.395083e-03
2.098521e+01 1.421094e-03 1.400275e-03 1.534089e-03 1.328916e-03
2.103721e+01 1.370158e-03 1.363462e-03 1.467129e-03 1.279883e-03
2.108921e+01 1.335754e-03 1.348457e-03 1.406318e-03 1.252487e-03
2.114121e+01 1.318626e-03 1.352794e-03 1.357381e-03 1.245704e-03
2.119321e+01 1.316019e-03 1.371046e-03 1.322287e-03 1.254723e-03
2.124521e+01 1.323445e-03 1.396969e-03 1.300095e-03 1.273272e-03
2.129721e+01 1.336418e-03 1.425257e-03 1.288407e-03 1.295590e-03
2.134921e+01 1.351571e-03 1.452489e-03 1.284729e-03 1.317496e-03
2.140121e+01 1.366961e-03 1.477195e-03 1.287252e-03 1.336437e-03
2.145321e+01 1.381660e-03 1.499229e-03 1.294920e-03 1.350830e-03
2.150521e+01 1.395003e-03 1.518821e-03 1.306964e-03 1.359224e-03
2.155721e+01 1.405886e-03 1.535681e-03 1.322244e-03 1.359732e-03
2.160921e+01 1.412424e-03 1.548497e-03 1.338735e-03 1.350041e-03
2.166121e+01 1.412104e-03 1.554948e-03 1.353402e-03 1.327962e-03
2.171321e+01 1.402312e-03 1.552182e-03 1.362480e-03 1.292273e-03
2.176521e+01 1.381036e-03 1.537558e-03 1.362114e-03 1.243435e-03
2.181721e+01 1.347453e-03 1.509374e-03 1.349135e-03 1.183850e-03
2.186921e+01 1.302238e-03 1.467391e-03 1.321784e-03 1.117540e-03
2.192121e+01 1.247508e-03 1.412999e-03 1.280186e-03 1.049339e-03
2.197321e+01 1.186462e-03 1.349034e-03 1.226438e-03 9.839141e-04
2.202521e+01 1.122833e-03 1.279284e-03 1.164276e-03 9.249395e-04
2.207721e+01 1.060296e-03 1.207857e-03 1.098391e-03 8.746396e-04
2.212921e+01 1.001976e-03 1.138581e-03 1.033570e-03 8.337760e-04
2.218121e+01 9.501824e-04 1.074653e-03 9.739112e-04 8.019834e-04
2.223321e+01 9.064012e-04 1.018591e-03 9.223272e-04 7.782854e-04
2.228521e+01 8.714992e-04 9.724654e-04 8.804354e-04 7.615966e-04
2.233721e+01 8.460074e-04 9.381719e-04 8.487859e-04 7.510645e-04
2.238921e+01 8.303062e-04 9.175076e-04 8.272438e-04 7.461671e-04
2.244121e+01 8.245878e-04 9.118768e-04 8.153170e-04 7.465697e-04
2.249321e+01 8.285846e-04 9.216492e-04 8.122849e-04 7.518197e-04
2.254521e+01 8.411792e-04 9.454126e-04 8.171135e-04 7.610113e-04
2.259721e+01 8.601001e-04 9.794803e-04 8.282611e-04 7.725589e-04
2.264921e+01 8.818951e-04 1.017972e-03 8.435371e-04 7.841761e-04
2.270121e+01 9.022757e-04 1.053592e-03 8.601449e-04 7.930901e-04
2.275321e+01 9.167872e-04 1.078952e-03 8.749530e-04 7.964569e-04
2.280521e+01 9.216383e-04 1.088075e-03 8.849420e-04 7.918980e-04
2.285721e+01 9.144737e-04 1.077649e-03 8.877186e-04 7.780537e-04
2.290921e+01 8.948985e-04 1.047690e-03 8.819774e-04 7.550275e-04
2.296121e+01 8.646316e-04 1.001501e-03 8.678129e-04 7.245812e-04
2.301321e+01 8.272506e-04 9.449765e-04 8.468068e-04 6.899686e-04
2.306521e+01 7.875658e-04 8.854955e-04 8.218247e-04 6.553770e-04
2.311721e+01 7.507335e-04 8.306222e-04 7.964962e-04 6.250823e-04
2.316921e+01 7.212848e-04 7.868755e-04 7.744301e-04 6.025487e-04
2.322121e+01 7.022819e-04 7.587556e-04 7.583387e-04 5.897513e-04
2.327321e+01 6.948117e-04 7.481733e-04 7.493350e-04 5.869268e-04
2.332521e+01 6.979424e-04 7.543592e-04 7.466689e-04 5.927992e-04
2.337721e+01 7.091417e-04 7.742439e-04 7.480288e-04 6.051524e-04
2.342921e+01 7.250163e-04 8.032023e-04 7.503251e-04 6.215216e-04
2.348121e+01 7.421413e-04 8.359762e-04 7.506705e-04 6.397773e-04
2.353321e+01 7.577401e-04 8.675566e-04 7.472028e-04 6.584609e-04
2.358521e+01 7.700513e-04 8.938381e-04 7.394747e-04 6.768410e-04
2.363721e+01 7.783389e-04 9.119466e-04 7.283279e-04 6.947421e-04
2.368921e+01 7.826205e-04 9.202567e-04 7.153724e-04 7.122325e-04
2.374121e+01 7.832607e-04 9.182032e-04 7.023125e-04 7.292663e-04
2.379321e+01 7.805942e-04 9.060325e-04 6.903730e-04 7.453773e-04
2.384521e+01 7.747109e-04 8.846176e-04 6.799942e-04 7.595207e-04
2.389721e+01 7.654622e-04 8.553973e-04 6.708513e-04 7.701379e-04
2.394921e+01 7.526724e-04 8.204201e-04 6.621394e-04 7.754578e-04
2.400121e+01 7.364509e-04 7.824007e-04 6.529934e-04 7.739585e-04
2.405321e+01 7.174585e-04 7.446645e-04 6.428703e-04 7.648407e-04
2.410521e+01 6.969929e-04 7.108872e-04 6.317446e-04 7.483469e-04
2.415721e+01 6.768314e-04 6.846256e-04 6.200460e-04 7.258226e-04
2.420921e+01 6.588848e-04 6.687468e-04 6.083888e-04 6.995189e-04
2.426121e+01 6.448028e-04 6.649352e-04 5.972495e-04 6.722236e-04
2.431321e+01 6.356890e-04 6.734359e-04 5.867805e-04 6.468505e-04
2.436521e+01 6.320197e-04 6.930963e-04 5.768692e-04 6.260937e-04
2.441721e+01 6.337542e-04 7.216464e-04 5.674123e-04 6.122037e-04
2.446921e+01 6.405375e-04 7.560810e-04 5.586467e-04 6.068848e-04
2.452121e+01 6.518790e-04 7.930168e-04 5.513467e-04 6.112736e-04
2.457321e+01 6.672244e-04 8.289654e-04 5.467709e-04 6.259367e-04
2.462521e+01 6.859114e-04 8.605435e-04 5.463719e-04 6.508189e-04
2.467721e+01 7.070499e-04 8.846765e-04 5.513791e-04 6.850940e-04
2.472921e+01 7.293888e-04 8.988409e-04 5.623947e-04 7.269308e-04
2.478121e+01 7.512389e-04 9.013396e-04 5.791051e-04 7.732720e-04
2.483321e+01 7.705128e-04 8.915645e-04 6.001635e-04 8.198105e-04
2.488521e+01 7.849372e-04 8.701765e-04 6.232759e-04 8.613593e-04
2.493721e+01 7.924529e-04 8.391451e-04 6.455086e-04 8.927050e-04
2.498921e+01 7.917476e-04 8.016174e-04 6.638050e-04 9.098205e-04
2.504121e+01 7.827756e-04 7.616193e-04 6.756203e-04 9.110871e-04
2.509321e+01 7.670651e-04 7.236272e-04 6.795004e-04 8.980677e-04
2.514521e+01 7.476503e-04 6.920750e-04 6.753952e-04 8.754808e-04
2.519721e+01 7.285945e-04 6.708807e-04 6.645801e-04 8.503226e-04
2.524921e+01 7.142481e-04 6.630924e-04 6.492195e-04 8.304324e-04
2.530121e+01 7.085065e-04 6.707300e-04 6.317824e-04 8.230072e-04
2.535321e+01 7.143163e-04 6.948440e-04 6.145828e-04 8.335222e-04
2.540521e+01 7.335261e-04 7.357020e-04 5.996350e-04 8.652413e-04
2.545721e+01 7.669682e-04 7.929142e-04 5.888242e-04 9.191662e-04
2.550921e+01 8.145257e-04 8.652815e-04 5.842119e-04 9.940837e-04
2.556121e+01 8.749827e-04 9.502800e-04 5.882203e-04 1.086448e-03
2.561321e+01 9.456590e-04 1.043348e-03 6.035074e-04 1.190122e-03
2.566521e+01 1.022069e-03 1.137411e-03 6.324850e-04 1.296312e-03
2.571721e+01 1.097960e-03 1.223154e-03 6.765832e-04 1.394144e-03
2.576921e+01 1.165966e-03 1.290324e-03 7.354608e-04 1.472114e-03
2.582121e+01 1.218832e-03 1.329868e-03 8.064069e-04 1.520221e-03
2.587321e+01 1.250848e-03 1.336204e-03 8.841775e-04 1.532162e-03
2.592521e+01 1.259012e-03 1.308779e-03 9.614523e-04 1.506805e-03
2.597721e+01 1.243522e-03 1.252231e-03 1.029955e-03 1.448379e-03
2.602921e+01 1.207508e-03 1.175130e-03 1.082060e-03 1.365335e-03
2.608121e+01 1.156202e-03 1.087796e-03 1.112467e-03 1.268342e-03
2.613321e+01 1.095863e-03 1.000037e-03 1.119420e-03 1.168131e-03
2.618521e+01 1.032803e-03 9.195448e-04 1.105052e-03 1.073812e-03
2.623721e+01 9.726567e-04 8.512702e-04 1.074725e-03 9.919748e-04
2.628921e+01 9.199284e-04 7.976826e-04 1.035627e-03 9.264756e-04
2.634121e+01 8.777558e-04 7.594989e-04 9.951038e-04 8.786648e-04
2.639321e+01 8.478194e-04 7.364327e-04 9.592428e-04 8.477827e-04
2.644521e+01 8.303569e-04 7.276558e-04 9.320195e-04 8.313953e-04
2.649721e+01 8.242734e-04 7.318896e-04 9.150644e-04 8.258661e-04
2.654921e+01 8.273524e-04 7.472405e-04 9.079129e-04 8.269038e-04
2.660121e+01 8.365703e-04 7.709992e-04 9.085254e-04 8.301863e-04
2.665321e+01 8.484987e-04 7.996101e-04 9.138974e-04 8.319886e-04
2.670521e+01 8.597578e-04 8.289213e-04 9.206527e-04 8.296993e-04
2.675721e+01 8.674648e-04 8.546949e-04 9.255756e-04 8.221237e-04
2.680921e+01 8.696103e-04 8.732433e-04 9.260697e-04 8.095180e-04
2.686121e+01 8.652978e-04 8.820115e-04 9.205241e-04 7.933579e-04
2.691321e+01 8.547941e-04 8.799428e-04 9.085477e-04 7.758918e-04
2.696521e+01 8.393691e-04 8.675380e-04 8.910083e-04 7.595611e-04
2.701721e+01 8.209432e-04 8.466104e-04 8.698201e-04 7.463992e-04
2.706921e+01 8.016104e-04 8.198142e-04 8.474749e-04 7.375421e-04
2.712121e+01 7.831504e-04 7.900705e-04 8.264027e-04 7.329782e-04
2.717321e+01 7.666574e-04 7.600258e-04 8.083332e-04 7.316131e-04
2.722521e+01 7.523884e-04 7.316617e-04 7.938666e-04 7.316368e-04
2.727721e+01 7.398682e-04 7.061250e-04 7.824008e-04 7.310789e-04
2.732921e+01 7.281992e-04 6.837917e-04 7.724347e-04 7.283712e-04
2.738121e+01 7.164563e-04 6.645074e-04 7.621202e-04 7.227412e-04
2.743321e+01 7.040298e-04 6.479061e-04 7.498526e-04 7.143308e-04
2.748521e+01 6.908146e-04 6.336964e-04 7.347022e-04 7.040452e-04
2.753721e+01 6.772171e-04 6.218392e-04 7.165837e-04 6.932286e-04
2.758921e+01 6.640246e-04 6.125937e-04 6.961745e-04 6.833056e-04
2.764121e+01 6.522114e-04 6.064553e-04 6.746755e-04 6.755033e-04
2.769321e+01 6.427548e-04 6.040293e-04 6.535253e-04 6.707097e-04
2.774521e+01 6.364990e-04 6.058801e-04 6.341546e-04 6.694624e-04
2.779721e+01 6.340749e-04 6.123800e-04 6.178221e-04 6.720225e-04
2.784921e+01 6.358627e-04 6.235782e-04 6.055356e-04 6.784744e-04
2.790121e+01 6.419826e-04 6.391144e-04 5.980344e-04 6.887990e-04
2.795321e+01 6.522921e-04 6.582055e-04 5.957936e-04 7.028773e-04
2.800521e+01 6.663810e-04 6.797164e-04 5.990141e-04 7.204124e-04
2.805721e+01 6.835590e-04 7.022996e-04 6.075815e-04 7.407960e-04
2.810921e+01 7.028529e-04 7.245585e-04 6.210082e-04 7.629919e-04
2.816121e+01 7.230431e-04 7.451915e-04 6.384048e-04 7.855329e-04
2.821321e+01 7.427702e-04 7.630904e-04 6.585265e-04 8.066938e-04
2.826521e+01 7.607172e-04 7.774022e-04 6.799161e-04 8.248334e-04
2.831721e+01 7.758317e-04 7.875765e-04 7.011169e-04 8.388018e-04
2.836921e+01 7.875220e-04 7.934126e-04 7.208942e-04 8.482591e-04
2.842121e+01 7.957513e-04 7.950948e-04 7.383923e-04 8.537670e-04
2.847321e+01 8.009904e-04 7.931877e-04 7.531790e-04 8.566044e-04
2.852521e+01 8.040365e-04 7.885627e-04 7.651749e-04 8.583720e-04
2.857721e+01 8.057659e-04 7.822537e-04 7.745046e-04 8.605394e-04
2.862921e+01 8.069077e-04 7.752745e-04 7.813390e-04 8.641094e-04
2.868121e+01 8.079192e-04 7.684532e-04 7.857909e-04 8.695134e-04
2.873321e+01 8.089984e-04 7.623405e-04 7.879027e-04 8.767521e-04
2.878521e+01 8.102114e-04 7.572228e-04 7.877190e-04 8.856925e-04
2.883721e+01 8.116649e-04 7.532221e-04 7.853984e-04 8.963744e-04
2.888921e+01 8.136401e-04 7.504285e-04 7.813083e-04 9.091833e-04
2.894121e+01 8.166188e-04 7.489943e-04 7.760576e-04 9.248045e-04
2.899321e+01 8.211847e-04 7.491411e-04 7.704553e-04 9.439578e-04
2.904521e+01 8.278267e-04 7.510783e-04 7.654118e-04 9.669901e-04
2.909721e+01 8.367140e-04 7.548734e-04 7.618111e-04 9.934575e-04
2.914921e+01 8.475207e-04 7.603385e-04 7.603808e-04 1.021843e-03
2.920121e+01 8.593671e-04 7.669893e-04 7.615793e-04 1.049533e-03
2.925321e+01 8.709099e-04 7.740996e-04 7.655148e-04 1.073115e-03
2.930521e+01 8.805696e-04 7.808392e-04 7.719061e-04 1.088964e-03
2.935721e+01 8.868320e-04 7.864418e-04 7.800887e-04 1.093966e-03
2.940921e+01 8.885339e-04 7.903412e-04 7.890704e-04 1.086190e-03
2.946121e+01 8.850457e-04 7.922156e-04 7.976308e-04 1.065291e-03
2.951321e+01 8.763104e-04 7.919288e-04 8.044629e-04 1.032539e-03
2.956521e+01 8.627578e-04 7.894060e-04 8.083490e-04 9.905185e-04
2.961721e+01 8.451660e-04 7.845292e-04 8.083551e-04 9.426136e-04
2.966921e+01 8.245432e-04 7.771340e-04 8.040138e-04 8.924818e-04
2.972121e+01 8.020711e-04 7.671396e-04 7.954581e-04 8.436156e-04
2.977321e+01 7.790907e-04 7.547597e-04 7.834659e-04 7.990466e-04
2.982521e+01 7.570762e-04 7.406783e-04 7.693899e-04 7.611604e-04
2.987721e+01 7.375396e-04 7.260695e-04 7.549679e-04 7.315814e-04
2.992921e+01 7.218471e-04 7.124028e-04 7.420378e-04 7.111008e-04
2.998121e+01 7.109798e-04 7.010787e-04 7.322081e-04 6.996526e-04
3.003321e+01 7.053141e-04 6.930282e-04 7.265580e-04 6.963560e-04
3.008521e+01 7.045126e-04 6.884363e-04 7.254563e-04 6.996451e-04
3.013721e+01 7.075872e-04 6.867027e-04 7.285651e-04 7.074938e-04
3.018921e+01 7.131376e-04 6.866489e-04 7.350454e-04 7.177186e-04
3.024121e+01 7.196983e-04 6.868827e-04 7.438980e-04 7.283143e-04
3.029321e+01 7.260766e-04 6.861719e-04 7.543009e-04 7.377570e-04
3.034521e+01 7.315625e-04 6.836989e-04 7.657863e-04 7.452024e-04
3.039721e+01 7.359416e-04 6.791361e-04 7.781608e-04 7.505278e-04
3.044921e+01 7.393237e-04 6.725676e-04 7.911980e-04 7.542055e-04
3.050121e+01 7.418790e-04 6.643322e-04 8.042613e-04 7.570435e-04
3.055321e+01 7.436042e-04 6.548639e-04 8.160819e-04 7.598667e-04
3.060521e+01 7.442197e-04 6.445719e-04 8.248598e-04 7.632273e-04
3.065721e+01 7.432300e-04 6.337625e-04 8.287051e-04 7.672223e-04
3.070921e+01 7.401008e-04 6.225895e-04 8.262544e-04 7.714586e-04
3.076121e+01 7.344613e-04 6.110312e-04 8.171896e-04 7.751629e-04
3.081321e+01 7.262431e-04 5.989130e-04 8.024172e-04 7.773991e-04
3.086521e+01 7.157158e-04 5.859949e-04 7.838226e-04 7.773299e-04
3.091721e+01 7.034344e-04 5.721258e-04 7.637192e-04 7.744583e-04
3.096921e+01 6.901537e-04 5.574271e-04 7.442459e-04 7.687880e-04
3.102121e+01 6.767566e-04 5.424403e-04 7.269693e-04 7.608603e-04
3.107321e+01 6.642115e-04 5.281693e-04 7.128135e-04 7.516517e-04
3.112521e+01 6.535310e-04 5.159766e-04 7.022628e-04 7.423534e-04
3.117721e+01 6.456930e-04 5.073413e-04 6.956482e-04 7.340895e-04
3.122921e+01 6.414974e-04 5.035331e-04 6.933108e-04 7.276483e-04
3.128121e+01 6.413717e-04 5.052870e-04 6.955313e-04 7.232969e-04
3.133321e+01 6.451821e-04 5.125679e-04 7.022629e-04 7.207157e-04
3.138521e+01 6.521252e-04 5.244938e-04 7.128243e-04 7.190576e-04
3.143721e+01 6.607665e-04 5.394458e-04 7.257468e-04 7.171069e-04
3.148921e+01 6.692488e-04 5.553474e-04 7.388954e-04 7.135036e-04
3.154121e+01 6.756314e-04 5.700460e-04 7.498554e-04 7.069929e-04
3.159321e+01 6.782683e-04 5.816971e-04 7.564478e-04 6.966600e-04
3.164521e+01 6.761099e-04 5.890470e-04 7.571785e-04 6.821042e-04
3.169721e+01 6.688368e-04 5.915384e-04 7.514617e-04 6.635102e-04
3.174921e+01 6.567933e-04 5.892214e-04 7.395620e-04 6.415964e-04
3.180121e+01 6.407636e-04 5.825199e-04 7.223228e-04 6.174480e-04
3.185321e+01 6.216841e-04 5.719546e-04 7.008147e-04 5.922830e-04
3.190521e+01 6.003985e-04 5.579336e-04 6.760453e-04 5.672165e-04
3.195721e+01 5.775281e-04 5.406894e-04 6.488079e-04 5.430871e-04
3.200921e+01 5.534781e-04 5.203727e-04 6.196786e-04 5.203830e-04
3.206121e+01 5.285444e-04 4.972444e-04 5.891176e-04 4.992711e-04
3.211321e+01 5.030586e-04 4.718630e-04 5.576111e-04 4.797018e-04
3.216521e+01 4.775025e-04 4.451707e-04 5.257938e-04 4.615430e-04
3.221721e+01 4.525443e-04 4.184260e-04 4.945059e-04 4.447009e-04
3.226921e+01 4.289850e-04 3.930032e-04 4.647544e-04 4.291973e-04
3.232121e+01 4.076343e-04 3.701302e-04 4.375816e-04 4.151911e-04
3.237321e+01 3.891625e-04 3.506597e-04 4.138768e-04 4.029510e-04
3.242521e+01 3.739785e-04 3.349466e-04 3.941979e-04 3.927909e-04
3.247721e+01 3.621725e-04 3.228605e-04 3.786692e-04 3.849879e-04
3.252921e+01 3.535326e-04 3.139097e-04 3.669887e-04 3.796993e-04
3.258121e+01 3.476210e-04 3.074257e-04 3.585359e-04 3.769015e-04
3.263321e+01 3.438836e-04 3.027474e-04 3.525319e-04 3.763714e-04
3.268521e+01 3.417614e-04 2.993619e-04 3.481979e-04 3.777243e-04
3.273721e+01 3.407885e-04 2.969789e-04 3.448809e-04 3.805058e-04
3.278921e+01 3.406605e-04 2.955390e-04 3.421337e-04 3.843089e-04
3.284121e+01 3.412666e-04 2.951689e-04 3.397563e-04 3.888746e-04
3.289321e+01 3.426782e-04 2.961003e-04 3.378010e-04 3.941333e-04
3.294521e+01 3.450938e-04 2.985751e-04 3.365366e-04 4.001698e-04
3.299721e+01 3.487513e-04 3.027591e-04 3.363700e-04 4.071247e-04
3.304921e+01 3.538313e-04 3.086842e-04 3.377333e-04 4.150763e-04
3.310121e+01 3.603761e-04 3.162266e-04 3.409546e-04 4.239471e-04
3.315321e+01 3.682412e-04 3.251152e-04 3.461426e-04 4.334658e-04
3.320521e+01 3.770810e-04 3.349519e-04 3.531068e-04 4.431842e-04
3.325721e+01 3.863616e-04 3.452256e-04 3.613325e-04 4.525267e-04
3.330921e+01 3.953960e-04 3.553198e-04 3.700206e-04 4.608477e-04
3.336121e+01 4.034064e-04 3.645315e-04 3.781978e-04 4.674900e-04
3.341321e+01 4.096226e-04 3.721276e-04 3.848850e-04 4.718552e-04
3.346521e+01 4.134132e-04 3.774513e-04 3.892913e-04 4.734970e-04
3.351721e+01 4.144221e-04 3.800591e-04 3.909801e-04 4.722270e-04
3.356921e+01 4.126622e-04 3.798437e-04 3.899482e-04 4.681948e-04
3.362121e+01 4.085246e-04 3.770916e-04 3.865868e-04 4.618955e-04
3.367321e+01 4.026885e-04 3.724450e-04 3.815386e-04 4.540819e-04
3.372521e+01 3.959611e-04 3.667733e-04 3.755051e-04 4.456050e-04
3.377721e+01 3.891015e-04 3.609901e-04 3.690782e-04 4.372361e-04
3.382921e+01 3.826808e-04 3.558642e-04 3.626444e-04 4.295337e-04
3.388121e+01 3.770102e-04 3.518687e-04 3.563731e-04 4.227888e-04
3.393321e+01 3.721402e-04 3.490992e-04 3.502656e-04 4.170560e-04
3.398521e+01 3.679197e-04 3.472770e-04 3.442322e-04 4.122500e-04
3.403721e+01 3.641012e-04 3.458433e-04 3.381787e-04 4.082817e-04
3.408921e+01 3.604744e-04 3.441264e-04 3.320946e-04 4.052022e-04
3.414121e+01 3.569988e-04 3.415474e-04 3.261342e-04 4.033148e-04
3.419321e+01 3.538921e-04 3.378042e-04 3.206629e-04 4.032093e-04
3.424521e+01 3.516278e-04 3.329690e-04 3.162313e-04 4.056832e-04
3.429721e+01 3.508219e-04 3.274590e-04 3.134556e-04 4.115511e-04
3.434921e+01 3.520377e-04 3.218914e-04 3.128241e-04 4.213975e-04
3.440121e+01 3.555867e-04 3.168864e-04 3.145058e-04 4.353680e-04
3.445321e+01 3.614178e-04 3.129106e-04 3.182545e-04 4.530885e-04
3.450521e+01 3.691533e-04 3.102364e-04 3.234790e-04 4.737444e-04
3.455721e+01 3.782567e-04 3.090261e-04 3.294740e-04 4.962700e-04
3.460921e+01 3.882492e-04 3.094810e-04 3.357227e-04 5.195438e-04
3.466121e+01 3.988609e-04 3.119535e-04 3.421365e-04 5.424927e-04
3.471321e+01 4.100411e-04 3.169347e-04 3.491122e-04 5.640764e-04
3.476521e+01 4.218249e-04 3.248951e-04 3.573692e-04 5.832103e-04
3.481721e+01 4.341308e-04 3.360361e-04 3.676284e-04 5.987278e-04
3.486921e+01 4.466004e-04 3.500659e-04 3.802704e-04 6.094649e-04
3.492121e+01 4.585710e-04 3.661182e-04 3.951187e-04 6.144763e-04
3.497321e+01 4.692068e-04 3.828739e-04 4.114359e-04 6.133105e-04
3.502521e+01 4.777389e-04 3.988623e-04 4.281220e-04 6.062324e-04
3.507721e+01 4.837150e-04 4.128348e-04 4.440163e-04 5.942938e-04
3.512921e+01 4.871509e-04 4.240699e-04 4.581686e-04 5.792143e-04
3.518121e+01 4.885217e-04 4.324927e-04 4.699718e-04 5.631007e-04
3.523321e+01 4.885968e-04 4.385726e-04 4.791284e-04 5.480896e-04
3.528521e+01 4.881925e-04 4.430542e-04 4.855117e-04 5.360115e-04
3.533721e+01 4.879458e-04 4.466459e-04 4.890305e-04 5.281608e-04
3.538921e+01 4.882023e-04 4.497961e-04 4.895987e-04 5.252121e-04
3.544121e+01 4.890524e-04 4.526407e-04 4.872400e-04 5.272765e-04
3.549321e+01 4.904825e-04 4.551233e-04 4.822753e-04 5.340489e-04
3.554521e+01 4.925615e-04 4.572181e-04 4.754807e-04 5.449859e-04
3.559721e+01 4.955745e-04 4.591493e-04 4.681086e-04 5.594656e-04
3.564921e+01 5.000518e-04 4.615131e-04 4.617296e-04 5.769127e-04
3.570121e+01 5.066960e-04 4.652550e-04 4.579378e-04 5.968953e-04
3.575321e+01 5.162484e-04 4.715114e-04 4.580316e-04 6.192022e-04
3.580521e+01 5.293542e-04 4.813763e-04 4.627921e-04 6.438942e-04
3.585721e+01 5.464691e-04 4.956735e-04 4.724366e-04 6.712973e-04
3.590921e+01 5.678238e-04 5.148163e-04 4.867464e-04 7.019087e-04
3.596121e+01 5.934344e-04 5.388006e-04 5.053004e-04 7.362020e-04
3.601321e+01 6.231354e-04 5.673330e-04 5.277114e-04 7.743617e-04
3.606521e+01 6.566089e-04 6.000342e-04 5.537761e-04 8.160163e-04
3.611721e+01 6.933964e-04 6.366258e-04 5.835014e-04 8.600619e-04
3.616921e+01 7.328939e-04 6.770024e-04 6.170208e-04 9.046586e-04
3.622121e+01 7.743434e-04 7.211398e-04 6.544523e-04 9.474379e-04
3.627321e+01 8.168342e-04 7.688615e-04 6.957542e-04 9.858868e-04
3.632521e+01 8.593250e-04 8.195536e-04 7.406150e-04 1.017806e-03
3.637721e+01 9.006868e-04 8.719570e-04 7.883954e-04 1.041708e-03
3.642921e+01 9.397687e-04 9.241394e-04 8.381280e-04 1.057039e-03
3.648121e+01 9.754898e-04 9.736943e-04 8.885851e-04 1.064190e-03
3.653321e+01 1.006961e-03 1.018126e-03 9.384195e-04 1.064338e-03
3.658521e+01 1.033627e-03 1.055321e-03 9.863624e-04 1.059199e-03
3.663721e+01 1.055389e-03 1.083965e-03 1.031426e-03 1.050776e-03
3.668921e+01 1.072652e-03 1.103790e-03 1.073038e-03 1.041128e-03
3.674121e+01 1.086256e-03 1.115590e-03 1.111048e-03 1.032130e-03
3.679321e+01 1.097270e-03 1.120984e-03 1.145599e-03 1.025227e-03
3.684521e+01 1.106710e-03 1.122017e-03 1.176926e-03 1.021188e-03
3.689721e+01 1.115267e-03 1.120694e-03 1.205161e-03 1.019947e-03
3.694921e+01 1.123126e-03 1.118561e-03 1.230207e-03 1.020609e-03
3.700121e+01 1.129932e-03 1.116438e-03 1.251690e-03 1.021669e-03
3.705321e+01 1.134898e-03 1.114331e-03 1.268958e-03 1.021404e-03
3.710521e+01 1.136986e-03 1.111536e-03 1.281112e-03 1.018309e-03
3.715721e+01 1.135119e-03 1.106868e-03 1.287059e-03 1.011428e-03
3.720921e+01 1.128369e-03 1.098969e-03 1.285651e-03 1.000486e-03
3.726121e+01 1.116106e-03 1.086613e-03 1.275894e-03 9.858096e-04
3.731321e+01 1.098095e-03 1.068966e-03 1.257215e-03 9.681051e-04
3.736521e+01 1.074541e-03 1.045732e-03 1.229666e-03 9.482251e-04
3.741721e+01 1.046066e-03 1.017191e-03 1.194005e-03 9.270016e-04
3.746921e+01 1.013637e-03 9.841162e-04 1.151614e-03 9.051820e-04
3.752121e+01 9.784611e-04 9.476492e-04 1.104298e-03 8.834359e-04
3.757321e+01 9.418678e-04 9.091661e-04 1.054058e-03 8.623794e-04
3.762521e+01 9.052183e-04 8.701873e-04 1.002893e-03 8.425742e-04
3.767721e+01 8.698279e-04 8.323118e-04 9.526786e-04 8.244934e-04
3.772921e+01 8.368989e-04 7.971414e-04 9.050831e-04 8.084722e-04
3.778121e+01 8.074530e-04 7.661597e-04 8.615206e-04 7.946786e-04
3.783321e+01 7.822763e-04 7.405767e-04 8.231248e-04 7.831275e-04
3.788521e+01 7.619005e-04 7.211892e-04 7.907699e-04 7.737424e-04
3.793721e+01 7.466385e-04 7.083202e-04 7.651500e-04 7.664452e-04
3.798921e+01 7.366658e-04 7.018694e-04 7.468926e-04 7.612355e-04
3.804121e+01 7.321088e-04 7.014580e-04 7.366471e-04 7.582214e-04
3.809321e+01 7.330916e-04 7.066118e-04 7.350818e-04 7.575811e-04
3.814521e+01 7.397153e-04 7.169146e-04 7.427659e-04 7.594653e-04
3.819721e+01 7.519816e-04 7.320856e-04 7.599782e-04 7.638811e-04
3.824921e+01 7.696999e-04 7.519552e-04 7.865308e-04 7.706136e-04
3.830121e+01 7.924209e-04 7.763394e-04 8.216903e-04 7.792328e-04
3.835321e+01 8.194240e-04 8.048371e-04 8.642329e-04 7.892019e-04
3.840521e+01 8.497617e-04 8.366159e-04 9.126043e-04 8.000648e-04
3.845721e+01 8.823576e-04 8.702885e-04 9.651272e-04 8.116573e-04
3.850921e+01 9.161567e-04 9.039899e-04 1.020209e-03 8.242716e-04
3.856121e+01 9.503180e-04 9.357153e-04 1.076529e-03 8.387094e-04
3.861321e+01 9.844197e-04 9.638622e-04 1.133218e-03 8.561793e-04
3.866521e+01 1.018607e-03 9.878004e-04 1.189992e-03 8.780278e-04
3.871721e+01 1.053592e-03 1.008233e-03 1.247209e-03 9.053344e-04
3.876921e+01 1.090449e-03 1.027164e-03 1.305738e-03 9.384464e-04
3.882121e+01 1.130193e-03 1.047427e-03 1.366583e-03 9.765705e-04
3.887321e+01 1.173256e-03 1.071919e-03 1.430296e-03 1.017552e-03
3.892521e+01 1.219021e-03 1.102789e-03 1.496318e-03 1.057956e-03
3.897721e+01 1.265606e-03 1.140827e-03 1.562501e-03 1.093490e-03
3.902921e+01 1.310005e-03 1.185235e-03 1.625047e-03 1.119733e-03
3.908121e+01 1.348595e-03 1.233795e-03 1.678995e-03 1.132995e-03
3.913321e+01 1.377881e-03 1.283363e-03 1.719159e-03 1.131120e-03
3.918521e+01 1.395262e-03 1.330532e-03 1.741265e-03 1.113990e-03
3.923721e+01 1.399600e-03 1.372293e-03 1.742939e-03 1.083568e-03
3.928921e+01 1.391426e-03 1.406559e-03 1.724252e-03 1.043468e-03
3.934121e+01 1.372749e-03 1.432410e-03 1.687687e-03 9.981497e-04
3.939321e+01 1.346527e-03 1.450027e-03 1.637576e-03 9.519782e-04
3.944521e+01 1.315971e-03 1.460311e-03 1.579186e-03 9.084158e-04
3.949721e+01 1.283853e-03 1.464308e-03 1.517689e-03 8.695618e-04
3.954921e+01 1.252004e-03 1.462627e-03 1.457273e-03 8.361125e-04
3.960121e+01 1.221102e-03 1.455056e-03 1.400574e-03 8.076764e-04
3.965321e+01 1.190779e-03 1.440530e-03 1.348531e-03 7.832753e-04
3.970521e+01 1.160010e-03 1.417516e-03 1.300669e-03 7.618461e-04
3.975721e+01 1.127665e-03 1.384700e-03 1.255691e-03 7.426039e-04
3.980921e+01 1.093039e-03 1.341723e-03 1.212181e-03 7.252130e-04
3.986121e+01 1.056232e-03 1.289706e-03 1.169209e-03 7.097806e-04
3.991321e+01 1.018237e-03 1.231301e-03 1.126682e-03 6.967268e-04
3.996521e+01 9.807426e-04 1.170262e-03 1.085374e-03 6.865922e-04
4.001721e+01 9.457239e-04 1.110652e-03 1.046692e-03 6.798278e-04
4.006921e+01 9.149583e-04 1.056005e-03 1.012271e-03 6.765993e-04
4.012121e+01 8.896195e-04 1.008695e-03 9.835339e-04 6.766296e-04
4.017321e+01 8.700425e-04 9.697113e-04 9.613103e-04 6.791058e-04
4.022521e+01 8.556912e-04 9.388078e-04 9.455834e-04 6.826825e-04
4.027721e+01 8.453057e-04 9.149057e-04 9.354054e-04 6.856061e-04
4.032921e+01 8.371719e-04 8.965512e-04 9.290021e-04 6.859624e-04
4.038121e+01 8.294455e-04 8.822736e-04 9.240544e-04 6.820085e-04
4.043321e+01 8.204634e-04 8.707736e-04 9.181035e-04 6.725130e-04
4.048521e+01 8.089854e-04 8.609559e-04 9.089848e-04 6.570155e-04
4.053721e+01 7.943276e-04 8.518773e-04 8.951712e-04 6.359341e-04
4.058921e+01 7.763793e-04 8.426960e-04 8.759415e-04 6.105005e-04
4.064121e+01 7.555271e-04 8.326805e-04 8.513514e-04 5.825494e-04
4.069321e+01 7.325260e-04 8.212889e-04 8.220631e-04 5.542260e-04
4.074521e+01 7.083599e-04 8.082765e-04 7.891312e-04 5.276718e-04
4.079721e+01 6.841104e-04 7.937668e-04 7.538269e-04 5.047375e-04
4.084921e+01 6.608370e-04 7.782308e-04 7.175312e-04 4.867490e-04
4.090121e+01 6.394613e-04 7.623655e-04 6.816684e-04 4.743499e-04
4.095321e+01 6.206607e-04 7.469109e-04 6.476274e-04 4.674438e-04
4.100521e+01 6.047877e-04 7.324714e-04 6.166390e-04 4.652528e-04
4.105721e+01 5.918374e-04 7.193955e-04 5.896226e-04 4.664941e-04
4.110921e+01 5.814736e-04 7.077292e-04 5.670517e-04 4.696397e-04
4.116121e+01 5.731069e-04 6.972223e-04 5.488996e-04 4.731989e-04
4.121321e+01 5.660023e-04 6.873572e-04 5.346953e-04 4.759544e-04
4.126521e+01 5.593917e-04 6.773941e-04 5.236775e-04 4.771035e-04
4.131721e+01 5.525785e-04 6.664514e-04 5.149938e-04 4.762904e-04
4.136921e+01 5.450255e-04 6.536492e-04 5.078755e-04 4.735519e-04
4.142121e+01 5.364240e-04 6.383142e-04 5.017394e-04 4.692184e-04
4.147321e+01 5.267368e-04 6.201958e-04 4.962059e-04 4.638086e-04
4.152521e+01 5.162082e-04 5.996164e-04 4.910652e-04 4.579431e-04
4.157721e+01 5.053363e-04 5.774844e-04 4.862406e-04 4.522839e-04
4.162921e+01 4.948100e-04 5.551517e-04 4.817832e-04 4.474953e-04
4.168121e+01 4.854222e-04 5.341585e-04 4.778984e-04 4.442098e-04
4.173321e+01 4.779671e-04 5.159470e-04 4.749646e-04 4.429897e-04
4.178521e+01 4.731301e-04 5.016221e-04 4.734964e-04 4.442717e-04
4.183721e+01 4.713769e-04 4.918059e-04 4.740253e-04 4.482993e-04
4.188921e+01 4.728518e-04 4.865863e-04 4.769137e-04 4.550554e-04
4.194121e+01 4.773079e-04 4.855428e-04 4.821623e-04 4.642185e-04
4.199321e+01 4.840953e-04 4.878286e-04 4.892898e-04 4.751674e-04
4.204521e+01 4.922290e-04 4.922982e-04 4.973429e-04 4.870459e-04
4.209721e+01 5.005374e-04 4.976742e-04 5.050558e-04 4.988821e-04
4.214921e+01 5.078656e-04 5.027364e-04 5.111196e-04 5.097410e-04
4.220121e+01 5.132876e-04 5.065007e-04 5.144884e-04 5.188737e-04
4.225321e+01 5.162739e-04 5.083517e-04 5.146366e-04 5.258334e-04
4.230521e+01 5.167765e-04 5.081006e-04 5.116975e-04 5.305313e-04
4.235721e+01 5.152125e-04 5.059653e-04 5.064484e-04 5.332237e-04
4.240921e+01 5.123583e-04 5.024893e-04 5.001467e-04 5.344389e-04
4.246121e+01 5.091836e-04 4.984265e-04 4.942614e-04 5.348629e-04
4.251321e+01 5.066683e-04 4.946182e-04 4.901711e-04 5.352155e-04
4.256521e+01 5.056415e-04 4.918802e-04 4.889035e-04 5.361407e-04
4.261721e+01 5.066718e-04 4.909136e-04 4.909764e-04 5.381255e-04
4.266921e+01 5.100197e-04 4.922488e-04 4.963612e-04 5.414491e-04
4.272121e+01 5.156456e-04 4.962260e-04 5.045537e-04 5.461569e-04
4.277321e+01 5.232614e-04 5.030105e-04 5.147153e-04 5.520585e-04
4.282521e+01 5.324080e-04 5.126273e-04 5.258424e-04 5.587545e-04
4.287721e+01 5.425446e-04 5.249981e-04 5.369406e-04 5.656950e-04
4.292921e+01 5.531380e-04 5.399635e-04 5.471853e-04 5.722653e-04
4.298121e+01 5.637355e-04 5.572762e-04 5.560539e-04 5.778766e-04
4.303321e+01 5.740040e-04 5.765650e-04 5.634067e-04 5.820404e-04
4.308521e+01 5.837246e-04 5.972770e-04 5.694865e-04 5.844102e-04
4.313721e+01 5.927462e-04 6.186222e-04 5.748219e-04 5.847946e-04
4.318921e+01 6.009228e-04 6.395590e-04 5.800481e-04 5.831614e-04
4.324121e+01 6.080697e-04 6.588602e-04 5.856968e-04 5.796521e-04
4.329321e+01 6.139713e-04 6.752767e-04 5.920271e-04 5.746100e-04
4.334521e+01 6.184468e-04 6.877769e-04 5.989640e-04 5.685995e-04
4.339721e+01 6.214480e-04 6.957893e-04 6.061707e-04 5.623840e-04
4.344921e+01 6.231414e-04 6.993562e-04 6.132308e-04 5.568370e-04
4.350121e+01 6.239300e-04 6.991269e-04 6.198688e-04 5.527942e-04
4.355321e+01 6.243970e-04 6.961805e-04 6.261213e-04 5.508893e-04
4.360521e+01 6.251883e-04 6.917428e-04 6.323889e-04 5.514332e-04
4.365721e+01 6.268748e-04 6.869036e-04 6.393419e-04 5.543790e-04
4.370921e+01 6.298400e-04 6.824361e-04 6.477064e-04 5.593776e-04
4.376121e+01 6.342173e-04 6.787632e-04 6.580010e-04 5.658877e-04
4.381321e+01 6.398809e-04 6.760428e-04 6.703097e-04 5.732902e-04
4.386521e+01 6.464785e-04 6.743004e-04 6.841658e-04 5.809694e-04
4.391721e+01 6.534903e-04 6.735303e-04 6.985825e-04 5.883582e-04
4.396921e+01 6.603008e-04 6.737219e-04 7.122146e-04 5.949661e-04
4.402121e+01 6.662754e-04 6.748160e-04 7.236000e-04 6.004103e-04
4.407321e+01 6.708291e-04 6.766282e-04 7.314098e-04 6.044492e-04
4.412521e+01 6.734782e-04 6.787860e-04 7.346480e-04 6.070008e-04
4.417721e+01 6.738690e-04 6.807150e-04 7.327701e-04 6.081219e-04
4.422921e+01 6.717835e-04 6.816868e-04 7.257168e-04 6.079469e-04
4.428121e+01 6.671315e-04 6.809156e-04 7.138712e-04 6.066076e-04
4.433321e+01 6.599357e-04 6.776783e-04 6.979550e-04 6.041738e-04
4.438521e+01 6.503138e-04 6.714236e-04 6.788755e-04 6.006423e-04
4.443721e+01 6.384565e-04 6.618460e-04 6.575478e-04 5.959758e-04
4.448921e+01 6.246052e-04 6.489176e-04 6.347324e-04 5.901655e-04
4.454121e+01 6.090318e-04 6.328848e-04 6.109314e-04 5.832791e-04
4.459321e+01 5.920305e-04 6.142413e-04 5.863801e-04 5.754699e-04
4.464521e+01 5.739203e-04 5.936841e-04 5.611311e-04 5.669456e-04
4.469721e+01 5.550528e-04 5.720460e-04 5.351934e-04 5.579192e-04
4.474921e+01 5.358104e-04 5.501979e-04 5.086694e-04 5.485639e-04
4.480121e+01 5.165826e-04 5.289227e-04 4.818364e-04 5.389889e-04
4.485321e+01 4.977219e-04 5.087825e-04 4.551506e-04 5.292326e-04
4.490521e+01 4.794893e-04 4.900168e-04 4.291867e-04 5.192643e-04
4.495721e+01 4.620150e-04 4.725113e-04 4.045471e-04 5.089866e-04
4.500921e+01 4.452916e-04 4.558564e-04 3.817794e-04 4.982390e-04
4.506121e+01 4.292066e-04 4.394870e-04 3.613240e-04 4.868088e-04
4.511321e+01 4.136044e-04 4.228644e-04 3.434946e-04 4.744542e-04
4.516521e+01 3.983526e-04 4.056433e-04 3.284747e-04 4.609396e-04
4.521721e+01 3.833882e-04 3.877740e-04 3.163129e-04 4.460776e-04
4.526921e+01 3.687275e-04 3.695116e-04 3.069022e-04 4.297689e-04
4.532121e+01 3.544393e-04 3.513376e-04 2.999495e-04 4.120309e-04
4.537321e+01 3.405955e-04 3.338277e-04 2.949508e-04 3.930080e-04
4.542521e+01 3.272241e-04 3.175126e-04 2.911995e-04 3.729602e-04
4.547721e+01 3.142864e-04 3.027751e-04 2.878489e-04 3.522353e-04
4.552921e+01 3.016922e-04 2.898088e-04 2.840333e-04 3.312346e-04
4.558121e+01 2.893490e-04 2.786359e-04 2.790254e-04 3.103858e-04
4.563321e+01 2.772268e-04 2.691629e-04 2.723877e-04 2.901298e-04
4.568521e+01 2.654094e-04 2.612413e-04 2.640677e-04 2.709191e-04
4.573721e+01 2.541072e-04 2.547068e-04 2.544025e-04 2.532124e-04
4.578921e+01 2.436209e-04 2.493870e-04 2.440256e-04 2.374500e-04
4.584121e+01 2.342640e-04 2.450860e-04 2.337065e-04 2.239996e-04
4.589321e+01 2.262733e-04 2.415709e-04 2.241672e-04 2.130817e-04
4.594521e+01 2.197362e-04 2.385801e-04 2.159310e-04 2.046975e-04
4.599721e+01 2.145646e-04 2.358609e-04 2.092379e-04 1.985950e-04
4.604921e+01 2.105223e-04 2.332247e-04 2.040452e-04 1.942971e-04
4.610121e+01 2.072977e-04 2.305967e-04 2.000996e-04 1.911969e-04
4.615321e+01 2.045964e-04 2.280373e-04 1.970548e-04 1.886972e-04
4.620521e+01 2.022205e-04 2.257229e-04 1.945904e-04 1.863481e-04
4.625721e+01 2.001058e-04 2.238881e-04 1.924929e-04 1.839364e-04
4.630921e+01 1.983045e-04 2.227431e-04 1.906748e-04 1.814956e-04
4.636121e+01 1.969187e-04 2.223886e-04 1.891318e-04 1.792356e-04
4.641321e+01 1.960120e-04 2.227496e-04 1.878629e-04 1.774235e-04
4.646521e+01 1.955350e-04 2.235528e-04 1.867935e-04 1.762587e-04
4.651721e+01 1.952942e-04 2.243591e-04 1.857364e-04 1.757873e-04
4.656921e+01 1.949781e-04 2.246499e-04 1.844081e-04 1.758764e-04
4.662121e+01 1.942286e-04 2.239483e-04 1.824915e-04 1.762461e-04
4.667321e+01 1.927329e-04 2.219383e-04 1.797227e-04 1.765376e-04
4.672521e+01 1.903030e-04 2.185473e-04 1.759711e-04 1.763905e-04
4.677721e+01 1.869224e-04 2.139664e-04 1.712897e-04 1.755112e-04
4.682921e+01 1.827516e-04 2.086059e-04 1.659250e-04 1.737239e-04
4.688121e+01 1.780982e-04 2.030024e-04 1.602874e-04 1.710048e-04
4.693321e+01 1.733654e-04 1.977071e-04 1.548893e-04 1.674996e-04
4.698521e+01 1.689911e-04 1.931858e-04 1.502684e-04 1.635190e-04
4.703721e+01 1.653891e-04 1.897528e-04 1.469071e-04 1.595074e-04
4.708921e+01 1.628986e-04 1.875506e-04 1.451649e-04 1.559801e-04
4.714121e+01 1.617459e-04 1.865697e-04 1.452297e-04 1.534383e-04
4.719321e+01 1.620229e-04 1.866992e-04 1.470947e-04 1.522748e-04
4.724521e+01 1.636825e-04 1.877850e-04 1.505649e-04 1.526975e-04
4.729721e+01 1.665545e-04 1.896777e-04 1.552947e-04 1.546913e-04
4.734921e+01 1.703812e-04 1.922564e-04 1.608540e-04 1.580332e-04
4.740121e+01 1.748669e-04 1.954276e-04 1.668153e-04 1.623579e-04
4.745321e+01 1.797324e-04 1.991036e-04 1.728408e-04 1.672528e-04
4.750521e+01 1.847572e-04 2.031758e-04 1.787459e-04 1.723500e-04
4.755721e+01 1.897971e-04 2.074913e-04 1.845154e-04 1.773846e-04
4.760921e+01 1.947724e-04 2.118449e-04 1.902667e-04 1.822057e-04
4.766121e+01 1.996359e-04 2.159898e-04 1.961702e-04 1.867478e-04
4.771321e+01 2.043382e-04 2.196700e-04 2.023573e-04 1.909872e-04
4.776521e+01 2.088079e-04 2.226669e-04 2.088481e-04 1.949089e-04
4.781721e+01 2.129546e-04 2.248453e-04 2.155213e-04 1.984972e-04
4.786921e+01 2.166849e-04 2.261792e-04 2.221305e-04 2.017449e-04
4.792121e+01 2.199200e-04 2.267432e-04 2.283508e-04 2.046662e-04
4.797321e+01 2.226007e-04 2.266687e-04 2.338357e-04 2.072976e-04
4.802521e+01 2.246783e-04 2.260853e-04 2.382648e-04 2.096847e-04
4.807721e+01 2.261017e-04 2.250694e-04 2.413774e-04 2.118583e-04
4.812921e+01 2.268099e-04 2.236229e-04 2.429935e-04 2.138133e-04
4.818121e+01 2.267377e-04 2.216848e-04 2.430299e-04 2.154985e-04
4.823321e+01 2.258327e-04 2.191663e-04 2.415130e-04 2.168187e-04
4.828521e+01 2.240729e-04 2.159907e-04 2.385817e-04 2.176463e-04
4.833721e+01 2.214788e-04 2.121245e-04 2.344741e-04 2.178377e-04
4.838921e+01 2.181129e-04 2.075940e-04 2.294945e-04 2.172501e-04
4.844121e+01 2.140707e-04 2.024879e-04 2.239650e-04 2.157591e-04
4.849321e+01 2.094671e-04 1.969512e-04 2.181755e-04 2.132746e-04
4.854521e+01 2.044242e-04 1.911715e-04 2.123477e-04 2.097534e-04
4.859721e+01 1.990610e-04 1.853567e-04 2.066209e-04 2.052054e-04
4.864921e+01 1.934858e-04 1.797064e-04 2.010597e-04 1.996912e-04
4.870121e+01 1.877881e-04 1.743784e-04 1.956726e-04 1.933133e-04
4.875321e+01 1.820316e-04 1.694578e-04 1.904320e-04 1.862051e-04
4.880521e+01 1.762485e-04 1.649377e-04 1.852861e-04 1.785216e-04
4.885721e+01 1.704417e-04 1.607198e-04 1.801677e-04 1.704377e-04
4.890921e+01 1.645988e-04 1.566386e-04 1.750025e-04 1.621553e-04
4.896121e+01 1.587214e-04 1.525118e-04 1.697297e-04 1.539228e-04
4.901321e+01 1.528710e-04 1.482095e-04 1.643371e-04 1.460665e-04
4.906521e+01 1.472235e-04 1.437325e-04 1.589095e-04 1.390285e-04
4.911721e+01 1.421185e-04 1.392787e-04 1.536789e-04 1.333979e-04
4.916921e+01 1.380820e-04 1.352773e-04 1.490573e-04 1.299113e-04
4.922121e+01 1.357979e-04 1.323668e-04 1.456295e-04 1.293974e-04
4.927321e+01 1.360148e-04 1.313088e-04 1.440868e-04 1.326487e-04
4.932521e+01 1.393885e-04 1.328395e-04 1.450973e-04 1.402288e-04
4.937721e+01 1.462896e-04 1.374875e-04 1.491298e-04 1.522514e-04
4.942921e+01 1.566224e-04 1.453966e-04 1.562717e-04 1.681989e-04
4.948121e+01 1.697186e-04 1.562046e-04 1.660996e-04 1.868516e-04
4.953321e+01 1.843527e-04 1.690196e-04 1.776554e-04 2.063830e-04
4.958521e+01 1.988999e-04 1.825155e-04 1.895600e-04 2.246243e-04
4.963721e+01 2.116108e-04 1.951365e-04 2.002498e-04 2.394462e-04
4.968921e+01 2.209350e-04 2.053666e-04 2.082811e-04 2.491573e-04
4.974121e+01 2.258059e-04 2.119982e-04 2.126136e-04 2.528059e-04
4.979321e+01 2.258096e-04 2.143308e-04 2.127939e-04 2.503043e-04
4.984521e+01 2.211983e-04 2.122537e-04 2.089891e-04 2.423521e-04
4.989721e+01 2.127606e-04 2.062030e-04 2.018754e-04 2.302035e-04
4.994921e+01 2.016061e-04 1.970203e-04 1.924338e-04 2.153642e-04
5.000121e+01 1.889334e-04 1.857658e-04 1.817250e-04 1.993095e-04
5.005321e+01 1.758446e-04 1.735363e-04 1.707074e-04 1.832900e-04
5.010521e+01 1.632322e-04 1.613247e-04 1.601304e-04 1.682414e-04
5.015721e+01 1.517384e-04 1.499313e-04 1.505025e-04 1.547814e-04
5.020921e+01 1.417619e-04 1.399218e-04 1.421103e-04 1.432535e-04
5.026121e+01 1.334889e-04 1.316199e-04 1.350624e-04 1.337845e-04
5.031321e+01 1.269318e-04 1.251223e-04 1.293386e-04 1.263344e-04
5.036521e+01 1.219666e-04 1.203319e-04 1.248332e-04 1.207347e-04
5.041721e+01 1.183716e-04 1.170040e-04 1.213896e-04 1.167212e-04
5.046921e+01 1.158629e-04 1.148003e-04 1.188229e-04 1.139655e-04
5.052121e+01 1.141294e-04 1.133454e-04 1.169340e-04 1.121089e-04
5.057321e+01 1.128638e-04 1.122770e-04 1.155173e-04 1.107972e-04
5.062521e+01 1.117894e-04 1.112877e-04 1.143679e-04 1.097126e-04
5.067721e+01 1.106819e-04 1.101530e-04 1.132941e-04 1.085987e-04
5.072921e+01 1.093841e-04 1.087441e-04 1.121319e-04 1.072765e-04
5.078121e+01 1.078098e-04 1.070235e-04 1.107595e-04 1.056463e-04
5.083321e+01 1.059352e-04 1.050238e-04 1.091038e-04 1.036779e-04
5.088521e+01 1.037804e-04 1.028148e-04 1.071361e-04 1.013902e-04
5.093721e+01 1.013850e-04 1.004684e-04 1.048594e-04 9.882721e-05
5.098921e+01 9.878713e-05 9.803101e-05 1.022922e-04 9.603817e-05
5.104121e+01 9.601201e-05 9.551226e-05 9.945733e-05 9.306644e-05
5.109321e+01 9.307326e-05 9.289052e-05 9.638014e-05 8.994913e-05
5.114521e+01 8.998454e-05 9.013262e-05 9.309645e-05 8.672456e-05
5.119721e+01 8.677614e-05 8.722041e-05 8.966581e-05 8.344219e-05
5.124921e+01 8.350932e-05 8.417563e-05 8.618265e-05 8.016968e-05
5.130121e+01 8.028198e-05 8.107534e-05 8.277711e-05 7.699350e-05
5.135321e+01 7.722160e-05 7.805177e-05 7.960081e-05 7.401222e-05
5.140521e+01 7.446559e-05 7.527465e-05 7.679865e-05 7.132347e-05
5.145721e+01 7.213351e-05 7.291933e-05 7.447405e-05 6.900714e-05
5.150921e+01 7.029909e-05 7.112879e-05 7.265981e-05 6.710867e-05
5.156121e+01 6.897056e-05 6.998001e-05 7.130552e-05 6.562614e-05
5.161321e+01 6.808567e-05 6.946409e-05 7.028758e-05 6.450535e-05
5.166521e+01 6.752291e-05 6.948465e-05 6.943887e-05 6.364519e-05
5.171721e+01 6.712556e-05 6.987439e-05 6.858825e-05 6.291403e-05
5.176921e+01 6.673190e-05 7.042466e-05 6.759667e-05 6.217438e-05
5.182121e+01 6.620383e-05 7.092128e-05 6.637963e-05 6.131056e-05
5.187321e+01 6.544784e-05 7.117915e-05 6.491251e-05 6.025186e-05
5.192521e+01 6.442540e-05 7.106940e-05 6.322228e-05 5.898452e-05
5.197721e+01 6.315228e-05 7.053513e-05 6.137299e-05 5.754873e-05
5.202921e+01 6.168897e-05 6.959398e-05 5.945126e-05 5.602167e-05
5.208121e+01 6.012507e-05 6.832829e-05 5.755404e-05 5.449289e-05
5.213321e+01 5.856113e-05 6.686588e-05 5.577700e-05 5.304050e-05
5.218521e+01 5.709100e-05 6.535559e-05 5.420145e-05 5.171594e-05
5.223721e+01 5.578799e-05 6.394238e-05 5.288052e-05 5.054106e-05
5.228921e+01 5.469688e-05 6.274611e-05 5.182844e-05 4.951609e-05
5.234121e+01 5.383304e-05 6.184696e-05 5.101873e-05 4.863342e-05
5.239321e+01 5.318767e-05 6.127843e-05 5.039410e-05 4.789048e-05
5.244521e+01 5.273703e-05 6.102752e-05 4.988661e-05 4.729695e-05
5.249721e+01 5.245203e-05 6.104075e-05 4.944132e-05 4.687403e-05
5.254921e+01 5.230558e-05 6.123481e-05 4.903518e-05 4.664675e-05
5.260121e+01 5.227588e-05 6.151051e-05 4.868444e-05 4.663271e-05
5.265321e+01 5.234606e-05 6.176891e-05 4.843827e-05 4.683102e-05
5.270521e+01 5.250127e-05 6.192743e-05 4.836110e-05 4.721527e-05
5.275721e+01 5.272518e-05 6.193344e-05 4.850950e-05 4.773261e-05
5.280921e+01 5.299746e-05 6.177247e-05 4.891054e-05 4.830937e-05
5.286121e+01 5.329299e-05 6.146902e-05 4.954806e-05 4.886190e-05
5.291321e+01 5.358324e-05 6.107893e-05 5.036048e-05 4.931032e-05
5.296521e+01 5.383916e-05 6.067449e-05 5.125103e-05 4.959194e-05
5.301721e+01 5.403473e-05 6.032523e-05 5.210729e-05 4.967166e-05
5.306921e+01 5.415025e-05 6.007905e-05 5.282445e-05 4.954725e-05
5.312121e+01 5.417443e-05 5.994926e-05 5.332581e-05 4.924821e-05
5.317321e+01 5.410522e-05 5.991173e-05 5.357512e-05 4.882882e-05
5.322521e+01 5.394933e-05 5.991308e-05 5.357842e-05 4.835650e-05
5.327721e+01 5.372046e-05 5.988718e-05 5.337607e-05 4.789811e-05
5.332921e+01 5.343647e-05 5.977379e-05 5.302841e-05 4.750720e-05
5.338121e+01 5.311569e-05 5.953284e-05 5.259931e-05 4.721491e-05
5.343321e+01 5.277295e-05 5.915015e-05 5.214201e-05 4.702669e-05
5.348521e+01 5.241641e-05 5.863415e-05 5.169003e-05 4.692504e-05
5.353721e+01 5.204618e-05 5.800681e-05 5.125455e-05 4.687717e-05
5.358921e+01 5.165518e-05 5.729320e-05 5.082760e-05 4.684475e-05
5.364121e+01 5.123180e-05 5.651331e-05 5.038908e-05 4.679301e-05
5.369321e+01 5.076314e-05 5.567779e-05 4.991511e-05 4.669650e-05
5.374521e+01 5.023783e-05 5.478749e-05 4.938551e-05 4.654048e-05
5.379721e+01 4.964769e-05 5.383622e-05 4.878868e-05 4.631818e-05
5.384921e+01 4.898851e-05 5.281596e-05 4.812379e-05 4.602578e-05
5.390121e+01 4.826069e-05 5.172395e-05 4.740062e-05 4.565751e-05
5.395321e+01 4.747038e-05 5.056968e-05 4.663830e-05 4.520316e-05
5.400521e+01 4.663102e-05 4.937962e-05 4.586374e-05 4.464970e-05
5.405721e+01 4.576442e-05 4.819662e-05 4.511018e-05 4.398645e-05
5.410921e+01 4.490021e-05 4.707314e-05 4.441521e-05 4.321226e-05
5.416121e+01 4.407274e-05 4.605978e-05 4.381717e-05 4.234127e-05
5.421321e+01 4.331559e-05 4.519309e-05 4.334913e-05 4.140456e-05
5.426521e+01 4.265484e-05 4.448726e-05 4.303102e-05 4.044623e-05
5.431721e+01 4.210317e-05 4.393267e-05 4.286180e-05 3.951504e-05
5.436921e+01 4.165689e-05 4.350110e-05 4.281478e-05 3.865480e-05
5.442121e+01 4.129694e-05 4.315511e-05 4.283873e-05 3.789699e-05
5.447321e+01 4.099368e-05 4.285733e-05 4.286571e-05 3.725800e-05
5.452521e+01 4.071372e-05 4.257661e-05 4.282400e-05 3.674056e-05
5.457721e+01 4.042650e-05 4.228966e-05 4.265244e-05 3.633739e-05
5.462921e+01 4.010843e-05 4.197908e-05 4.231194e-05 3.603427e-05
5.468121e+01 3.974391e-05 4.162983e-05 4.179045e-05 3.581145e-05
5.473321e+01 3.932344e-05 4.122607e-05 4.110024e-05 3.564399e-05
5.478521e+01 3.884047e-05 4.074990e-05 4.026851e-05 3.550299e-05
5.483721e+01 3.828900e-05 4.018256e-05 3.932519e-05 3.535926e-05
5.488921e+01 3.766318e-05 3.950798e-05 3.829263e-05 3.518892e-05
5.494121e+01 3.695929e-05 3.871783e-05 3.718135e-05 3.497869e-05
5.499321e+01 3.617917e-05 3.781633e-05 3.599349e-05 3.472769e-05
5.504521e+01 3.533296e-05 3.682273e-05 3.473180e-05 3.444433e-05
5.509721e+01 3.443969e-05 3.576997e-05 3.340983e-05 3.413927e-05
5.514921e+01 3.352501e-05 3.469916e-05 3.205794e-05 3.381794e-05
5.520121e+01 3.261676e-05 3.365185e-05 3.072203e-05 3.347639e-05
5.525321e+01 3.174007e-05 3.266254e-05 2.945517e-05 3.310248e-05
5.530521e+01 3.091360e-05 3.175384e-05 2.830532e-05 3.268165e-05
5.535721e+01 3.014773e-05 3.093500e-05 2.730401e-05 3.220417e-05
5.540921e+01 2.944457e-05 3.020313e-05 2.646014e-05 3.167045e-05
5.546121e+01 2.879950e-05 2.954567e-05 2.576067e-05 3.109215e-05
5.551321e+01 2.820320e-05 2.894347e-05 2.517731e-05 3.048881e-05
5.556521e+01 2.764424e-05 2.837432e-05 2.467655e-05 2.988183e-05
5.561721e+01 2.711173e-05 2.781717e-05 2.422930e-05 2.928873e-05
5.566921e+01 2.659813e-05 2.725681e-05 2.381746e-05 2.872012e-05
5.572121e+01 2.610157e-05 2.668788e-05 2.343591e-05 2.818093e-05
5.577321e+01 2.562726e-05 2.611676e-05 2.309031e-05 2.767470e-05
5.582521e+01 2.518710e-05 2.556042e-05 2.279228e-05 2.720860e-05
5.587721e+01 2.479756e-05 2.504257e-05 2.255430e-05 2.679579e-05
5.592921e+01 2.447600e-05 2.458837e-05 2.238618e-05 2.645346e-05
5.598121e+01 2.423670e-05 2.421936e-05 2.229388e-05 2.619684e-05
5.603321e+01 2.408763e-05 2.395021e-05 2.228045e-05 2.603223e-05
5.608521e+01 2.402909e-05 2.378765e-05 2.234754e-05 2.595208e-05
5.613721e+01 2.405419e-05 2.373147e-05 2.249620e-05 2.593489e-05
5.618921e+01 2.415073e-05 2.377650e-05 2.272611e-05 2.594959e-05
5.624121e+01 2.430333e-05 2.391425e-05 2.303317e-05 2.596257e-05
5.629321e+01 2.449485e-05 2.413345e-05 2.340664e-05 2.594446e-05
5.634521e+01 2.470688e-05 2.441919e-05 2.382689e-05 2.587455e-05
5.639721e+01 2.491976e-05 2.475148e-05 2.426534e-05 2.574245e-05
5.644921e+01 2.511323e-05 2.510490e-05 2.468706e-05 2.554775e-05
5.650121e+01 2.526840e-05 2.545041e-05 2.505589e-05 2.529891e-05
5.655321e+01 2.537103e-05 2.575991e-05 2.534100e-05 2.501216e-05
5.660521e+01 2.541492e-05 2.601182e-05 2.552294e-05 2.471001e-05
5.665721e+01 2.540370e-05 2.619537e-05 2.559707e-05 2.441867e-05
5.670921e+01 2.534955e-05 2.631134e-05 2.557324e-05 2.416407e-05
5.676121e+01 2.526889e-05 2.636835e-05 2.547159e-05 2.396675e-05
5.681321e+01 2.517653e-05 2.637643e-05 2.531592e-05 2.383724e-05
5.686521e+01 2.508054e-05 2.634082e-05 2.512729e-05 2.377351e-05
5.691721e+01 2.498001e-05 2.625878e-05 2.491975e-05 2.376151e-05
5.696921e+01 2.486630e-05 2.612058e-05 2.469968e-05 2.377865e-05
5.702121e+01 2.472694e-05 2.591365e-05 2.446836e-05 2.379880e-05
5.707321e+01 2.455041e-05 2.562761e-05 2.422627e-05 2.379734e-05
5.712521e+01 2.433018e-05 2.525820e-05 2.397732e-05 2.375502e-05
5.717721e+01 2.406705e-05 2.480917e-05 2.373129e-05 2.366069e-05
5.722921e+01 2.376952e-05 2.429221e-05 2.350362e-05 2.351274e-05
5.728121e+01 2.345262e-05 2.372566e-05 2.331267e-05 2.331952e-05
5.733321e+01 2.313517e-05 2.313235e-05 2.317524e-05 2.309791e-05
5.738521e+01 2.283617e-05 2.253719e-05 2.310156e-05 2.286976e-05
5.743721e+01 2.257093e-05 2.196471e-05 2.309146e-05 2.265662e-05
5.748921e+01 2.234796e-05 2.143695e-05 2.313268e-05 2.247424e-05
5.754121e+01 2.216792e-05 2.097208e-05 2.320254e-05 2.232914e-05
5.759321e+01 2.202487e-05 2.058362e-05 2.327249e-05 2.221851e-05
5.764521e+01 2.190941e-05 2.027992e-05 2.331477e-05 2.213353e-05
5.769721e+01 2.181222e-05 2.006356e-05 2.330907e-05 2.206404e-05
5.774921e+01 2.172665e-05 1.993054e-05 2.324694e-05 2.200246e-05
5.780121e+01 2.164901e-05 1.986969e-05 2.313240e-05 2.194492e-05
5.785321e+01 2.157694e-05 1.986289e-05 2.297840e-05 2.188954e-05
5.790521e+01 2.150653e-05 1.988629e-05 2.280047e-05 2.183284e-05
5.795721e+01 2.142947e-05 1.991236e-05 2.260985e-05 2.176621e-05
5.800921e+01 2.133130e-05 1.991189e-05 2.240813e-05 2.167388e-05
5.806121e+01 2.119086e-05 1.985517e-05 2.218448e-05 2.153293e-05
5.811321e+01 2.098072e-05 1.971184e-05 2.191518e-05 2.131514e-05
5.816521e+01 2.066805e-05 1.944990e-05 2.156487e-05 2.098937e-05
5.821721e+01 2.021591e-05 1.903508e-05 2.108907e-05 2.052358e-05
5.826921e+01 1.958545e-05 1.843186e-05 2.043831e-05 1.988617e-05
5.832121e+01 1.873983e-05 1.760737e-05 1.956467e-05 1.904743e-05
5.837321e+01 1.765055e-05 1.653811e-05 1.843080e-05 1.798275e-05
