4.920248e+00 0.000000e+00 0.000000e+00 0.000000e+00 0.000000e+00
4.972248e+00 0.000000e+00 0.000000e+00 0.000000e+00 0.000000e+00
5.024248e+00 0.000000e+00 0.000000e+00 0.000000e+00 0.000000e+00
5.076248e+00 0.000000e+00 0.000000e+00 0.000000e+00 0.000000e+00
5.128248e+00 0.000000e+00 0.000000e+00 0.000000e+00 0.000000e+00
5.180248e+00 0.000000e+00 0.000000e+00 0.000000e+00 0.000000e+00
5.232248e+00 0.000000e+00 0.000000e+00 0.000000e+00 0.000000e+00
5.284248e+00 0.000000e+00 0.000000e+00 0.000000e+00 0.000000e+00
5.336248e+00 0.000000e+00 0.000000e+00 0.000000e+00 0.000000e+00
5.388248e+00 0.000000e+00 0.000000e+00 0.000000e+00 0.000000e+00
5.440248e+00 0.000000e+00 0.000000e+00 0.000000e+00 0.000000e+00
5.492248e+00 0.000000e+00 0.000000e+00 0.000000e+00 0.000000e+00
5.544248e+00 0.000000e+00 0.000000e+00 0.000000e+00 0.000000e+00
5.596248e+00 0.000000e+00 0.000000e+00 0.000000e+00 0.000000e+00
5.648248e+00 0.000000e+00 0.000000e+00 0.000000e+00 0.000000e+00
5.700248e+00 0.000000e+00 0.000000e+00 0.000000e+00 0.000000e+00
5.752248e+00 0.000000e+00 0.000000e+00 0.000000e+00 0.000000e+00
5.804248e+00 0.000000e+00 0.000000e+00 0.000000e+00 0.000000e+00
5.856248e+00 0.000000e+00 0.000000e+00 0.000000e+00 0.000000e+00
5.908248e+00 0.000000e+00 0.000000e+00 0.000000e+00 0.000000e+00
5.960248e+00 0.000000e+00 0.000000e+00 0.000000e+00 0.000000e+00
6.012248e+00 0.000000e+00 0.000000e+00 0.000000e+00 0.000000e+00
6.064248e+00 0.000000e+00 0.000000e+00 0.000000e+00 0.000000e+00
6.116248e+00 0.000000e+00 0.000000e+00 0.000000e+00 0.000000e+00
6.168248e+00 0.000000e+00 0.000000e+00 0.000000e+00 0.000000e+00
6.220248e+00 0.000000e+00 0.000000e+00 0.000000e+00 0.000000e+00
6.272248e+00 0.000000e+00 0.000000e+00 0.000000e+00 0.000000e+00
6.324248e+00 0.000000e+00 0.000000e+00 0.000000e+00 0.000000e+00
6.376248e+00 0.000000e+00 0.000000e+00 0.000000e+00 0.000000e+00
6.428248e+00 0.000000e+00 0.000000e+00 0.000000e+00 0.000000e+00
6.480248e+00 0.000000e+00 0.000000e+00 0.000000e+00 0.000000e+00
6.532248e+00 0.000000e+00 0.000000e+00 0.000000e+00 0.000000e+00
6.584248e+00 0.000000e+00 0.000000e+00 0.000000e+00 0.000000e+00
6.636248e+00 0.000000e+00 0.000000e+00 0.000000e+00 0.000000e+00
6.688248e+00 0.000000e+00 0.000000e+00 0.000000e+00 0.000000e+00
6.740248e+00 0.000000e+00 0.000000e+00 0.000000e+00 0.000000e+00
6.792248e+00 0.000000e+00 0.000000e+00 0.000000e+00 0.000000e+00
6.844248e+00 0.000000e+00 0.000000e+00 0.000000e+00 0.000000e+00
6.896248e+00 0.000000e+00 0.000000e+00 0.000000e+00 0.000000e+00
6.948248e+00 0.000000e+00 0.000000e+00 0.000000e+00 0.000000e+00
7.000248e+00 0.000000e+00 0.000000e+00 0.000000e+00 0.000000e+00
7.052248e+00 0.000000e+00 0.000000e+00 0.000000e+00 0.000000e+00
7.104248e+00 0.000000e+00 0.000000e+00 0.000000e+00 0.000000e+00
7.156248e+00 0.000000e+00 0.000000e+00 0.000000e+00 0.000000e+00
7.208248e+00 0.000000e+00 0.000000e+00 0.000000e+00 0.000000e+00
7.260248e+00 0.000000e+00 0.000000e+00 0.000000e+00 0.000000e+00
7.312248e+00 0.000000e+00 0.000000e+00 0.000000e+00 0.000000e+00
7.364248e+00 0.000000e+00 0.000000e+00 0.000000e+00 0.000000e+00
7.416248e+00 0.000000e+00 0.000000e+00 0.000000e+00 0.000000e+00
7.468248e+00 0.000000e+00 0.000000e+00 0.000000e+00 0.000000e+00
7.520248e+00 0.000000e+00 0.000000e+00 0.000000e+00 0.000000e+00
7.572248e+00 0.000000e+00 0.000000e+00 0.000000e+00 0.000000e+00
7.624248e+00 0.000000e+00 0.000000e+00 0.000000e+00 0.000000e+00
7.676248e+00 0.000000e+00 0.000000e+00 0.000000e+00 0.000000e+00
7.728248e+00 0.000000e+00 0.000000e+00 0.000000e+00 0.000000e+00
7.780248e+00 0.000000e+00 0.000000e+00 0.000000e+00 0.000000e+00
7.832248e+00 0.000000e+00 0.000000e+00 0.000000e+00 0.000000e+00
7.884248e+00 0.000000e+00 0.000000e+00 0.000000e+00 0.000000e+00
7.936248e+00 0.000000e+00 0.000000e+00 0.000000e+00 0.000000e+00
7.988248e+00 0.000000e+00 0.000000e+00 0.000000e+00 0.000000e+00
8.040248e+00 0.000000e+00 0.000000e+00 0.000000e+00 0.000000e+00
8.092248e+00 0.000000e+00 0.000000e+00 0.000000e+00 0.000000e+00
8.144248e+00 0.000000e+00 0.000000e+00 0.000000e+00 0.000000e+00
8.196248e+00 0.000000e+00 0.000000e+00 0.000000e+00 0.000000e+00
8.248248e+00 0.000000e+00 0.000000e+00 0.000000e+00 0.000000e+00
8.300248e+00 0.000000e+00 0.000000e+00 0.000000e+00 0.000000e+00
8.352248e+00 0.000000e+00 0.000000e+00 0.000000e+00 0.000000e+00
8.404248e+00 0.000000e+00 0.000000e+00 0.000000e+00 0.000000e+00
8.456248e+00 0.000000e+00 0.000000e+00 0.000000e+00 0.000000e+00
8.508248e+00 0.000000e+00 0.000000e+00 0.000000e+00 0.000000e+00
8.560248e+00 0.000000e+00 0.000000e+00 0.000000e+00 0.000000e+00
8.612248e+00 0.000000e+00 0.000000e+00 0.000000e+00 0.000000e+00
8.664248e+00 0.000000e+00 0.000000e+00 0.000000e+00 0.000000e+00
8.716248e+00 0.000000e+00 0.000000e+00 0.000000e+00 0.000000e+00
8.768248e+00 9.095067e-15 9.201160e-15 1.679564e-14 1.288404e-15
8.820248e+00 4.162630e-14 4.211187e-14 7.687027e-14 5.896766e-15
8.872248e+00 2.998642e-13 3.045099e-13 5.276999e-13 6.738290e-14
8.924248e+00 1.260386e-12 1.279931e-12 2.210379e-12 2.908489e-13
8.976248e+00 5.518761e-12 5.603367e-12 9.539391e-12 1.413525e-12
9.028248e+00 2.098695e-11 2.130337e-11 3.605862e-11 5.598862e-12
9.080248e+00 7.471272e-11 7.583701e-11 1.276738e-10 2.062734e-11
9.132248e+00 2.504591e-10 2.541932e-10 4.256392e-10 7.154501e-11
9.184248e+00 7.900852e-10 8.016950e-10 1.335279e-09 2.332821e-10
9.236248e+00 2.349019e-09 2.382918e-09 3.947973e-09 7.161659e-10
9.288248e+00 6.584262e-09 6.677456e-09 1.100526e-08 2.070066e-09
9.340248e+00 1.741149e-08 1.765283e-08 2.894494e-08 5.636690e-09
9.392248e+00 4.346296e-08 4.405254e-08 7.187228e-08 1.446407e-08
9.444248e+00 1.024883e-07 1.038492e-07 1.686208e-07 3.499500e-08
9.496248e+00 2.284824e-07 2.314562e-07 3.741127e-07 7.987814e-08
9.548248e+00 4.820294e-07 4.881946e-07 7.857567e-07 1.721370e-07
9.600248e+00 9.634592e-07 9.756126e-07 1.564231e-06 3.505343e-07
9.652248e+00 1.826914e-06 1.849746e-06 2.955748e-06 6.752470e-07
9.704248e+00 3.291620e-06 3.332582e-06 5.310244e-06 1.232035e-06
9.756248e+00 5.645271e-06 5.715555e-06 9.087925e-06 2.132335e-06
9.808248e+00 9.234200e-06 9.349640e-06 1.484634e-05 3.506616e-06
9.860248e+00 1.443634e-05 1.461785e-05 2.320181e-05 5.489350e-06
9.912248e+00 2.161528e-05 2.188830e-05 3.476172e-05 8.195818e-06
9.964248e+00 3.105616e-05 3.144843e-05 5.002677e-05 1.169327e-05
1.001625e+01 4.288628e-05 4.342355e-05 6.926460e-05 1.597071e-05
1.006825e+01 5.698682e-05 5.768661e-05 9.236134e-05 2.091251e-05
1.012025e+01 7.290815e-05 7.377264e-05 1.186700e-04 2.628184e-05
1.017225e+01 8.981152e-05 9.082138e-05 1.468929e-04 3.172028e-05
1.022425e+01 1.064687e-04 1.075801e-04 1.750555e-04 3.677055e-05
1.027625e+01 1.213519e-04 1.224982e-04 2.006304e-04 4.092713e-05
1.032825e+01 1.328293e-04 1.339265e-04 2.208468e-04 4.371453e-05
1.038025e+01 1.394522e-04 1.404051e-04 2.331669e-04 4.478466e-05
1.043225e+01 1.402812e-04 1.409816e-04 2.358444e-04 4.401750e-05
1.048425e+01 1.351768e-04 1.354862e-04 2.284348e-04 4.160939e-05
1.053625e+01 1.249872e-04 1.246907e-04 2.121297e-04 3.814106e-05
1.058825e+01 1.115969e-04 1.103251e-04 1.898337e-04 3.463180e-05
1.064025e+01 9.785159e-05 9.497134e-05 1.659893e-04 3.259415e-05
1.069225e+01 8.740397e-05 8.190164e-05 1.462156e-04 3.409469e-05
1.074425e+01 8.452277e-05 7.492226e-05 1.368499e-04 4.179619e-05
1.079625e+01 9.386206e-05 7.823590e-05 1.444354e-04 5.891491e-05
1.084825e+01 1.201344e-04 9.626000e-05 1.751395e-04 8.900385e-05
1.090025e+01 1.676171e-04 1.332901e-04 2.340616e-04 1.354996e-04
1.095225e+01 2.394802e-04 1.929312e-04 3.244470e-04 2.010623e-04
1.100425e+01 3.370503e-04 2.773486e-04 4.469370e-04 2.868653e-04
1.105625e+01 4.592418e-04 3.865624e-04 5.990829e-04 3.920802e-04
1.110825e+01 6.024091e-04 5.181068e-04 7.753392e-04 5.137814e-04
1.116025e+01 7.607535e-04 6.673062e-04 9.676136e-04 6.473407e-04
1.121225e+01 9.272041e-04 8.281660e-04 1.166274e-03 7.871723e-04
1.126425e+01 1.094510e-03 9.945768e-04 1.361396e-03 9.275583e-04
1.131625e+01 1.256252e-03 1.161374e-03 1.544058e-03 1.063325e-03
1.136825e+01 1.407588e-03 1.324908e-03 1.707549e-03 1.190308e-03
1.142025e+01 1.545714e-03 1.483078e-03 1.848367e-03 1.305696e-03
1.147225e+01 1.670044e-03 1.635075e-03 1.966746e-03 1.408310e-03
1.152425e+01 1.782067e-03 1.781084e-03 2.066387e-03 1.498729e-03
1.157625e+01 1.884753e-03 1.922041e-03 2.153182e-03 1.579034e-03
1.162825e+01 1.981519e-03 2.059312e-03 2.233185e-03 1.652062e-03
1.168025e+01 2.075037e-03 2.194197e-03 2.310554e-03 1.720360e-03
1.173225e+01 2.166397e-03 2.327403e-03 2.386443e-03 1.785344e-03
1.178425e+01 2.255112e-03 2.458826e-03 2.459409e-03 1.847102e-03
1.183625e+01 2.340014e-03 2.587918e-03 2.527151e-03 1.904972e-03
1.188825e+01 2.420579e-03 2.714546e-03 2.588673e-03 1.958517e-03
1.194025e+01 2.498022e-03 2.839912e-03 2.645741e-03 2.008414e-03
1.199225e+01 2.575648e-03 2.967032e-03 2.702946e-03 2.056965e-03
1.204425e+01 2.658399e-03 3.100540e-03 2.766365e-03 2.108291e-03
1.209625e+01 2.751858e-03 3.245808e-03 2.841379e-03 2.168389e-03
1.214825e+01 2.860911e-03 3.407452e-03 2.930388e-03 2.244893e-03
1.220025e+01 2.988127e-03 3.587236e-03 3.031074e-03 2.346072e-03
1.225225e+01 3.131955e-03 3.781556e-03 3.135757e-03 2.478553e-03
1.230425e+01 3.285156e-03 3.979295e-03 3.232214e-03 2.643959e-03
1.235625e+01 3.434367e-03 4.161396e-03 3.306103e-03 2.835603e-03
1.240825e+01 3.561675e-03 4.303478e-03 3.344589e-03 3.036958e-03
1.246025e+01 3.648433e-03 4.381710e-03 3.340199e-03 3.223390e-03
1.251225e+01 3.680455e-03 4.380420e-03 3.293595e-03 3.367349e-03
1.256425e+01 3.652793e-03 4.298528e-03 3.214171e-03 3.445680e-03
1.261625e+01 3.572204e-03 4.151867e-03 3.118161e-03 3.446582e-03
1.266825e+01 3.456180e-03 3.970002e-03 3.024839e-03 3.373699e-03
1.272025e+01 3.328819e-03 3.788535e-03 2.952066e-03 3.245856e-03
1.277225e+01 3.214981e-03 3.639826e-03 2.912526e-03 3.092590e-03
1.282425e+01 3.134706e-03 3.545513e-03 2.911594e-03 2.947011e-03
1.287625e+01 3.099477e-03 3.513135e-03 2.947071e-03 2.838225e-03
1.292825e+01 3.110988e-03 3.537213e-03 3.010443e-03 2.785309e-03
1.298025e+01 3.162134e-03 3.603343e-03 3.088994e-03 2.794064e-03
1.303225e+01 3.239393e-03 3.693144e-03 3.168144e-03 2.856891e-03
1.308425e+01 3.325794e-03 3.788280e-03 3.233666e-03 2.955435e-03
1.313625e+01 3.403988e-03 3.872927e-03 3.273759e-03 3.065277e-03
1.318825e+01 3.459304e-03 3.935148e-03 3.281114e-03 3.161650e-03
1.324025e+01 3.482715e-03 3.968141e-03 3.254954e-03 3.225048e-03
1.329225e+01 3.473401e-03 3.971936e-03 3.202696e-03 3.245570e-03
1.334425e+01 3.440252e-03 3.955172e-03 3.140505e-03 3.225080e-03
1.339625e+01 3.401430e-03 3.935663e-03 3.091868e-03 3.176761e-03
1.344825e+01 3.381343e-03 3.938178e-03 3.083657e-03 3.122195e-03
1.350025e+01 3.405095e-03 3.988674e-03 3.139944e-03 3.086668e-03
1.355225e+01 3.491492e-03 4.105860e-03 3.274929e-03 3.093686e-03
1.360425e+01 3.646588e-03 4.292738e-03 3.487155e-03 3.159872e-03
1.365625e+01 3.860054e-03 4.531614e-03 3.757284e-03 3.291265e-03
1.370825e+01 4.105936e-03 4.785329e-03 4.050706e-03 3.481772e-03
1.376025e+01 4.347909e-03 5.005154e-03 4.324590e-03 3.713984e-03
1.381225e+01 4.547413e-03 5.143001e-03 4.537211e-03 3.962028e-03
1.386425e+01 4.671963e-03 5.163682e-03 4.656554e-03 4.195652e-03
1.391625e+01 4.701061e-03 5.052925e-03 4.665626e-03 4.384632e-03
1.396825e+01 4.628319e-03 4.818775e-03 4.563403e-03 4.502779e-03
1.402025e+01 4.460076e-03 4.486854e-03 4.362144e-03 4.531231e-03
1.407225e+01 4.212046e-03 4.092214e-03 4.082951e-03 4.460972e-03
1.412425e+01 3.905763e-03 3.671224e-03 3.751506e-03 4.294559e-03
1.417625e+01 3.565939e-03 3.255986e-03 3.395076e-03 4.046756e-03
1.422825e+01 3.218755e-03 2.871975e-03 3.040734e-03 3.743555e-03
1.428025e+01 2.890380e-03 2.538004e-03 2.714058e-03 3.419077e-03
1.433225e+01 2.604969e-03 2.266986e-03 2.437534e-03 3.110388e-03
1.438425e+01 2.381969e-03 2.066348e-03 2.228489e-03 2.851069e-03
1.443625e+01 2.233298e-03 1.937819e-03 2.096987e-03 2.665090e-03
1.448825e+01 2.161421e-03 1.877103e-03 2.044463e-03 2.562699e-03
1.454025e+01 2.159130e-03 1.874181e-03 2.063669e-03 2.539540e-03
1.459225e+01 2.211283e-03 1.914666e-03 2.140040e-03 2.579143e-03
1.464425e+01 2.298005e-03 1.982081e-03 2.254105e-03 2.657829e-03
1.469625e+01 2.398396e-03 2.060413e-03 2.384365e-03 2.750411e-03
1.474825e+01 2.493776e-03 2.136207e-03 2.510131e-03 2.834990e-03
1.480025e+01 2.569848e-03 2.199693e-03 2.614019e-03 2.895832e-03
1.485225e+01 2.617686e-03 2.244949e-03 2.683956e-03 2.924154e-03
1.490425e+01 2.633823e-03 2.269449e-03 2.714568e-03 2.917452e-03
1.495625e+01 2.619861e-03 2.273494e-03 2.707809e-03 2.878281e-03
1.500825e+01 2.581886e-03 2.259849e-03 2.672665e-03 2.813143e-03
1.506025e+01 2.529730e-03 2.233624e-03 2.623900e-03 2.731667e-03
1.511225e+01 2.475970e-03 2.202180e-03 2.579922e-03 2.645809e-03
1.516425e+01 2.434515e-03 2.174796e-03 2.560008e-03 2.568740e-03
1.521625e+01 2.418803e-03 2.161904e-03 2.581211e-03 2.513294e-03
1.526825e+01 2.439821e-03 2.173922e-03 2.655306e-03 2.490234e-03
1.532025e+01 2.504281e-03 2.219820e-03 2.786268e-03 2.506753e-03
1.537225e+01 2.613351e-03 2.305665e-03 2.968800e-03 2.565589e-03
1.542425e+01 2.762194e-03 2.433328e-03 3.188407e-03 2.664846e-03
1.547625e+01 2.940376e-03 2.599515e-03 3.423218e-03 2.798395e-03
1.552825e+01 3.133025e-03 2.795229e-03 3.647289e-03 2.956557e-03
1.558025e+01 3.322402e-03 3.005803e-03 3.834559e-03 3.126845e-03
1.563225e+01 3.489568e-03 3.211670e-03 3.962430e-03 3.294604e-03
1.568425e+01 3.615957e-03 3.390088e-03 4.014177e-03 3.443607e-03
1.573625e+01 3.684935e-03 3.517893e-03 3.980083e-03 3.556829e-03
1.578825e+01 3.683579e-03 3.575108e-03 3.857851e-03 3.617778e-03
1.584025e+01 3.604821e-03 3.548839e-03 3.652926e-03 3.612698e-03
1.589225e+01 3.449646e-03 3.436512e-03 3.378885e-03 3.533540e-03
1.594425e+01 3.228527e-03 3.247420e-03 3.057235e-03 3.380925e-03
1.599625e+01 2.961108e-03 3.001801e-03 2.715677e-03 3.165847e-03
1.604825e+01 2.673535e-03 2.727336e-03 2.384353e-03 2.908917e-03
1.610025e+01 2.393758e-03 2.453785e-03 2.090695e-03 2.636793e-03
1.615225e+01 2.146053e-03 2.207141e-03 1.854384e-03 2.376633e-03
1.620425e+01 1.946460e-03 2.004888e-03 1.684130e-03 2.150361e-03
1.625625e+01 1.800499e-03 1.853642e-03 1.577234e-03 1.970622e-03
1.630825e+01 1.703685e-03 1.749653e-03 1.521815e-03 1.839587e-03
1.636025e+01 1.644349e-03 1.681745e-03 1.500692e-03 1.750611e-03
1.641225e+01 1.607635e-03 1.635574e-03 1.495590e-03 1.691741e-03
1.646425e+01 1.579385e-03 1.597803e-03 1.490641e-03 1.649711e-03
1.651625e+01 1.548923e-03 1.559016e-03 1.474572e-03 1.613181e-03
1.656825e+01 1.510278e-03 1.514754e-03 1.441508e-03 1.574572e-03
1.662025e+01 1.461915e-03 1.464789e-03 1.390564e-03 1.530391e-03
1.667225e+01 1.405440e-03 1.411268e-03 1.324631e-03 1.480421e-03
1.672425e+01 1.343915e-03 1.356651e-03 1.248756e-03 1.426339e-03
1.677625e+01 1.280375e-03 1.302236e-03 1.168565e-03 1.370325e-03
1.682825e+01 1.216942e-03 1.247706e-03 1.089042e-03 1.314077e-03
1.688025e+01 1.154612e-03 1.191637e-03 1.013826e-03 1.258373e-03
1.693225e+01 1.093585e-03 1.132570e-03 9.450527e-04 1.203133e-03
1.698425e+01 1.033812e-03 1.070065e-03 8.835954e-04 1.147775e-03
1.703625e+01 9.754883e-04 1.005284e-03 8.295209e-04 1.091660e-03
1.708825e+01 9.192965e-04 9.408728e-04 7.825732e-04 1.034444e-03
1.714025e+01 8.663476e-04 8.802456e-04 7.425329e-04 9.762643e-04
1.719225e+01 8.179038e-04 8.265847e-04 7.093789e-04 9.177477e-04
1.724425e+01 7.750148e-04 7.819346e-04 6.832463e-04 8.598635e-04
1.729625e+01 7.382097e-04 7.467017e-04 6.642378e-04 8.036898e-04
1.734825e+01 7.073435e-04 7.196796e-04 6.521873e-04 7.501636e-04
1.740025e+01 6.816379e-04 6.985317e-04 6.464810e-04 6.999009e-04
1.745225e+01 6.598953e-04 6.805210e-04 6.460154e-04 6.531494e-04
1.750425e+01 6.408128e-04 6.632330e-04 6.493216e-04 6.098838e-04
1.755625e+01 6.232985e-04 6.450887e-04 6.548174e-04 5.699893e-04
1.760825e+01 6.067008e-04 6.255515e-04 6.611035e-04 5.334475e-04
1.766025e+01 5.908984e-04 6.050539e-04 6.671943e-04 5.004470e-04
1.771225e+01 5.762502e-04 5.847468e-04 6.726044e-04 4.713995e-04
1.776425e+01 5.634500e-04 5.661971e-04 6.772653e-04 4.468874e-04
1.781625e+01 5.533451e-04 5.511197e-04 6.813208e-04 4.275949e-04
1.786825e+01 5.467663e-04 5.411623e-04 6.848908e-04 4.142457e-04
1.792025e+01 5.443811e-04 5.377135e-04 6.878978e-04 4.075320e-04
1.797225e+01 5.465627e-04 5.416888e-04 6.900077e-04 4.079917e-04
1.802425e+01 5.532593e-04 5.532862e-04 6.906836e-04 4.158081e-04
1.807625e+01 5.638759e-04 5.717572e-04 6.893142e-04 4.305564e-04
1.812825e+01 5.772089e-04 5.952849e-04 6.853605e-04 4.509813e-04
1.818025e+01 5.914905e-04 6.210651e-04 6.784848e-04 4.749215e-04
1.823225e+01 6.045868e-04 6.456398e-04 6.686455e-04 4.994751e-04
1.828425e+01 6.143535e-04 6.654609e-04 6.561679e-04 5.214317e-04
1.833625e+01 6.190944e-04 6.775816e-04 6.418013e-04 5.379005e-04
1.838825e+01 6.180211e-04 6.803224e-04 6.267624e-04 5.469785e-04
1.844025e+01 6.115794e-04 6.737407e-04 6.127299e-04 5.482674e-04
1.849225e+01 6.015205e-04 6.597576e-04 6.017329e-04 5.430710e-04
1.854425e+01 5.906451e-04 6.418616e-04 5.958855e-04 5.341882e-04
1.859625e+01 5.822419e-04 6.244114e-04 5.969788e-04 5.253355e-04
1.864825e+01 5.793500e-04 6.116818e-04 6.060298e-04 5.203384e-04
1.870025e+01 5.840507e-04 6.068952e-04 6.229511e-04 5.223058e-04
1.875225e+01 5.970056e-04 6.115148e-04 6.464952e-04 5.330069e-04
1.880425e+01 6.173786e-04 6.250065e-04 6.745260e-04 5.526034e-04
1.885625e+01 6.431457e-04 6.451319e-04 7.045267e-04 5.797785e-04
1.890825e+01 6.716593e-04 6.686575e-04 7.341465e-04 6.121737e-04
1.896025e+01 7.002591e-04 6.922389e-04 7.615787e-04 6.469596e-04
1.901225e+01 7.267348e-04 7.131993e-04 7.856557e-04 6.813495e-04
1.906425e+01 7.495306e-04 7.299845e-04 8.056823e-04 7.129248e-04
1.911625e+01 7.676953e-04 7.422011e-04 8.211445e-04 7.397403e-04
1.916825e+01 7.806747e-04 7.502862e-04 8.314609e-04 7.602770e-04
1.922025e+01 7.880851e-04 7.549760e-04 8.359121e-04 7.733672e-04
1.927225e+01 7.896033e-04 7.568082e-04 8.337944e-04 7.782072e-04
1.932425e+01 7.850470e-04 7.558744e-04 8.247529e-04 7.745139e-04
1.937625e+01 7.746303e-04 7.519425e-04 8.091678e-04 7.627806e-04
1.942825e+01 7.592727e-04 7.449007e-04 7.884219e-04 7.444955e-04
1.948025e+01 7.407810e-04 7.353092e-04 7.648863e-04 7.221474e-04
1.953225e+01 7.217339e-04 7.247577e-04 7.415481e-04 6.988958e-04
1.958425e+01 7.050218e-04 7.157891e-04 7.213530e-04 6.779235e-04
1.963625e+01 6.931657e-04 7.113333e-04 7.064929e-04 6.616708e-04
1.968825e+01 6.876861e-04 7.138395e-04 6.979466e-04 6.512721e-04
1.974025e+01 6.888145e-04 7.244542e-04 6.955064e-04 6.464828e-04
1.979225e+01 6.957010e-04 7.425993e-04 6.983141e-04 6.461896e-04
1.984425e+01 7.070341e-04 7.661362e-04 7.056632e-04 6.493029e-04
1.989625e+01 7.217722e-04 7.920551e-04 7.176575e-04 6.556040e-04
1.994825e+01 7.396197e-04 8.174144e-04 7.353485e-04 6.660963e-04
2.000025e+01 7.610052e-04 8.401705e-04 7.602195e-04 6.826257e-04
2.005225e+01 7.865813e-04 8.596157e-04 7.932243e-04 7.069038e-04
2.010425e+01 8.165211e-04 8.763218e-04 8.338577e-04 7.393836e-04
2.015625e+01 8.500024e-04 8.916952e-04 8.797592e-04 7.785529e-04
2.020825e+01 8.851776e-04 9.073824e-04 9.271189e-04 8.210316e-04
2.026025e+01 9.196794e-04 9.247826e-04 9.717552e-04 8.625004e-04
2.031225e+01 9.514396e-04 9.448207e-04 1.010396e-03 8.991019e-04
2.036425e+01 9.794456e-04 9.679849e-04 1.041599e-03 9.287532e-04
2.041625e+01 1.004104e-03 9.945082e-04 1.065938e-03 9.518654e-04
2.046825e+01 1.027076e-03 1.024535e-03 1.085465e-03 9.712290e-04
2.052025e+01 1.050690e-03 1.058158e-03 1.102768e-03 9.911431e-04
2.057225e+01 1.077160e-03 1.095312e-03 1.120074e-03 1.016095e-03
2.062425e+01 1.107894e-03 1.135579e-03 1.138735e-03 1.049369e-03
2.067625e+01 1.143049e-03 1.178024e-03 1.159189e-03 1.091932e-03
2.072825e+01 1.181448e-03 1.221174e-03 1.181281e-03 1.141888e-03
2.078025e+01 1.220849e-03 1.263178e-03 1.204690e-03 1.194678e-03
2.083225e+01 1.258489e-03 1.302127e-03 1.229262e-03 1.244078e-03
2.088425e+01 1.291766e-03 1.336418e-03 1.255090e-03 1.283789e-03
2.093625e+01 1.318850e-03 1.365027e-03 1.282357e-03 1.309166e-03
2.098825e+01 1.339078e-03 1.387615e-03 1.311080e-03 1.318540e-03
2.104025e+01 1.353043e-03 1.404484e-03 1.340961e-03 1.313682e-03
2.109225e+01 1.362413e-03 1.416462e-03 1.371467e-03 1.299309e-03
2.114425e+01 1.369569e-03 1.424777e-03 1.402076e-03 1.281854e-03
2.119625e+01 1.377112e-03 1.430913e-03 1.432487e-03 1.267936e-03
2.124825e+01 1.387294e-03 1.436394e-03 1.462543e-03 1.262947e-03
2.130025e+01 1.401441e-03 1.442436e-03 1.491827e-03 1.270059e-03
2.135225e+01 1.419502e-03 1.449547e-03 1.519163e-03 1.289795e-03
2.140425e+01 1.439918e-03 1.457202e-03 1.542388e-03 1.320163e-03
2.145625e+01 1.459926e-03 1.463777e-03 1.558695e-03 1.357306e-03
2.150825e+01 1.476260e-03 1.466817e-03 1.565497e-03 1.396468e-03
2.156025e+01 1.486040e-03 1.463616e-03 1.561447e-03 1.433056e-03
2.161225e+01 1.487532e-03 1.451938e-03 1.547125e-03 1.463534e-03
2.166425e+01 1.480571e-03 1.430685e-03 1.525053e-03 1.485975e-03
2.171625e+01 1.466544e-03 1.400344e-03 1.499066e-03 1.500223e-03
2.176825e+01 1.448086e-03 1.363113e-03 1.473388e-03 1.507757e-03
2.182025e+01 1.428664e-03 1.322707e-03 1.451884e-03 1.511402e-03
2.187225e+01 1.412219e-03 1.283883e-03 1.437771e-03 1.515002e-03
2.192425e+01 1.402893e-03 1.251797e-03 1.433781e-03 1.523101e-03
2.197625e+01 1.404754e-03 1.231245e-03 1.442481e-03 1.540536e-03
2.202825e+01 1.421402e-03 1.225922e-03 1.466421e-03 1.571863e-03
2.208025e+01 1.455427e-03 1.237792e-03 1.507880e-03 1.620609e-03
2.213225e+01 1.507850e-03 1.266735e-03 1.568308e-03 1.688506e-03
2.218425e+01 1.577761e-03 1.310598e-03 1.647737e-03 1.774947e-03
2.223625e+01 1.662365e-03 1.365717e-03 1.744485e-03 1.876893e-03
2.228825e+01 1.757475e-03 1.427786e-03 1.855355e-03 1.989285e-03
2.234025e+01 1.858278e-03 1.492847e-03 1.976209e-03 2.105779e-03
2.239225e+01 1.960067e-03 1.558043e-03 2.102617e-03 2.219541e-03
2.244425e+01 2.058643e-03 1.621893e-03 2.230176e-03 2.323860e-03
2.249625e+01 2.150278e-03 1.683990e-03 2.354314e-03 2.412528e-03
2.254825e+01 2.231367e-03 1.744275e-03 2.469709e-03 2.480116e-03
2.260025e+01 2.298087e-03 1.802191e-03 2.569768e-03 2.522301e-03
2.265225e+01 2.346346e-03 1.856044e-03 2.646691e-03 2.536301e-03
2.270425e+01 2.372174e-03 1.902835e-03 2.692392e-03 2.521296e-03
2.275625e+01 2.372453e-03 1.938624e-03 2.700116e-03 2.478620e-03
2.280825e+01 2.345710e-03 1.959318e-03 2.666230e-03 2.411582e-03
2.286025e+01 2.292680e-03 1.961618e-03 2.591494e-03 2.324929e-03
2.291225e+01 2.216432e-03 1.943816e-03 2.481356e-03 2.224123e-03
2.296425e+01 2.121990e-03 1.906167e-03 2.345155e-03 2.114648e-03
2.301625e+01 2.015565e-03 1.850747e-03 2.194455e-03 2.001493e-03
2.306825e+01 1.903577e-03 1.780900e-03 2.040995e-03 1.888837e-03
2.312025e+01 1.791720e-03 1.700524e-03 1.894725e-03 1.779912e-03
2.317225e+01 1.684286e-03 1.613483e-03 1.762383e-03 1.676992e-03
2.322425e+01 1.583892e-03 1.523298e-03 1.646893e-03 1.581485e-03
2.327625e+01 1.491639e-03 1.433107e-03 1.547670e-03 1.494138e-03
2.332825e+01 1.407563e-03 1.345727e-03 1.461670e-03 1.415293e-03
2.338025e+01 1.331187e-03 1.263630e-03 1.384810e-03 1.345119e-03
2.343225e+01 1.261930e-03 1.188764e-03 1.313312e-03 1.283715e-03
2.348425e+01 1.199282e-03 1.122252e-03 1.244559e-03 1.231036e-03
2.353625e+01 1.142717e-03 1.064153e-03 1.177328e-03 1.186670e-03
2.358825e+01 1.091508e-03 1.013425e-03 1.111481e-03 1.149618e-03
2.364025e+01 1.044613e-03 9.681873e-04 1.047436e-03 1.118216e-03
2.369225e+01 1.000752e-03 9.262430e-04 9.857027e-04 1.090310e-03
2.374425e+01 9.586819e-04 8.857081e-04 9.267125e-04 1.063625e-03
2.379625e+01 9.175574e-04 8.455529e-04 8.709103e-04 1.036209e-03
2.384825e+01 8.771938e-04 8.058698e-04 8.189544e-04 1.006757e-03
2.390025e+01 8.381104e-04 7.677776e-04 7.718180e-04 9.747355e-04
2.395225e+01 8.013266e-04 7.329979e-04 7.306778e-04 9.403041e-04
2.400425e+01 7.680056e-04 7.032571e-04 6.966116e-04 9.041480e-04
2.405625e+01 7.390924e-04 6.797289e-04 6.702418e-04 8.673064e-04
2.410825e+01 7.150749e-04 6.626961e-04 6.514820e-04 8.310467e-04
2.416025e+01 6.959174e-04 6.515110e-04 6.394880e-04 7.967532e-04
2.421225e+01 6.811363e-04 6.448098e-04 6.328181e-04 7.657811e-04
2.426425e+01 6.699463e-04 6.408548e-04 6.297274e-04 7.392569e-04
2.431625e+01 6.614063e-04 6.378701e-04 6.284905e-04 7.178584e-04
2.436825e+01 6.545316e-04 6.342899e-04 6.276553e-04 7.016495e-04
2.442025e+01 6.483704e-04 6.289043e-04 6.261763e-04 6.900306e-04
2.447225e+01 6.420601e-04 6.209245e-04 6.234237e-04 6.818320e-04
2.452425e+01 6.348745e-04 6.099936e-04 6.191048e-04 6.755252e-04
2.457625e+01 6.262705e-04 5.961521e-04 6.131550e-04 6.695045e-04
2.462825e+01 6.159337e-04 5.797653e-04 6.056488e-04 6.623871e-04
2.468025e+01 6.038283e-04 5.614334e-04 5.967656e-04 6.532859e-04
2.473225e+01 5.902525e-04 5.419261e-04 5.868124e-04 6.420191e-04
2.478425e+01 5.758931e-04 5.221763e-04 5.762838e-04 6.292191e-04
2.483625e+01 5.618540e-04 5.033325e-04 5.659245e-04 6.163050e-04
2.488825e+01 5.496191e-04 4.868142e-04 5.567523e-04 6.052909e-04
2.494025e+01 5.409085e-04 4.742849e-04 5.500078e-04 5.984328e-04
2.499225e+01 5.374141e-04 4.674717e-04 5.470129e-04 5.977577e-04
2.504425e+01 5.404509e-04 4.678315e-04 5.489485e-04 6.045727e-04
2.509625e+01 5.506114e-04 4.761519e-04 5.565937e-04 6.190885e-04
2.514825e+01 5.675382e-04 4.922327e-04 5.700942e-04 6.402876e-04
2.520025e+01 5.899095e-04 5.147902e-04 5.888284e-04 6.661098e-04
2.525225e+01 6.156639e-04 5.416469e-04 6.114214e-04 6.939235e-04
2.530425e+01 6.424074e-04 5.701621e-04 6.359148e-04 7.211454e-04
2.535625e+01 6.678801e-04 5.977632e-04 6.600616e-04 7.458156e-04
2.540825e+01 6.903479e-04 6.224099e-04 6.816842e-04 7.669496e-04
2.546025e+01 7.088209e-04 6.428612e-04 6.990196e-04 7.845820e-04
2.551225e+01 7.230693e-04 6.586988e-04 7.109843e-04 7.995247e-04
2.556425e+01 7.334695e-04 6.701491e-04 7.173046e-04 8.129549e-04
2.561625e+01 7.407559e-04 6.778009e-04 7.184912e-04 8.259757e-04
2.566825e+01 7.457542e-04 6.823256e-04 7.156644e-04 8.392727e-04
2.572025e+01 7.491599e-04 6.842783e-04 7.102720e-04 8.529293e-04
2.577225e+01 7.513960e-04 6.840088e-04 7.037654e-04 8.664139e-04
2.582425e+01 7.525634e-04 6.816675e-04 6.973110e-04 8.787119e-04
2.587625e+01 7.524815e-04 6.772698e-04 6.916136e-04 8.885611e-04
2.592825e+01 7.508098e-04 6.707817e-04 6.869006e-04 8.947472e-04
2.598025e+01 7.472277e-04 6.622051e-04 6.830713e-04 8.964066e-04
2.603225e+01 7.416308e-04 6.516595e-04 6.799554e-04 8.932775e-04
2.608425e+01 7.342897e-04 6.394589e-04 6.775781e-04 8.858320e-04
2.613625e+01 7.259142e-04 6.261808e-04 6.763207e-04 8.752411e-04
2.618825e+01 7.175986e-04 6.127163e-04 6.769081e-04 8.631713e-04
2.624025e+01 7.106637e-04 6.002865e-04 6.802360e-04 8.514685e-04
2.629225e+01 7.064544e-04 5.904119e-04 6.871188e-04 8.418324e-04
2.634425e+01 7.061584e-04 5.848204e-04 6.980677e-04 8.355872e-04
2.639625e+01 7.106880e-04 5.852781e-04 7.131771e-04 8.336089e-04
2.644825e+01 7.206218e-04 5.933325e-04 7.321347e-04 8.363981e-04
2.650025e+01 7.361683e-04 6.099773e-04 7.543117e-04 8.442158e-04
2.655225e+01 7.571075e-04 6.352883e-04 7.788694e-04 8.571646e-04
2.660425e+01 7.826955e-04 6.681315e-04 8.048305e-04 8.751244e-04
2.665625e+01 8.115676e-04 7.060741e-04 8.311030e-04 8.975259e-04
2.670825e+01 8.417108e-04 7.456078e-04 8.564734e-04 9.230513e-04
2.676025e+01 8.705787e-04 7.827009e-04 8.796068e-04 9.494285e-04
2.681225e+01 8.953822e-04 8.135669e-04 8.990924e-04 9.734875e-04
2.686425e+01 9.135186e-04 8.354244e-04 9.135603e-04 9.915710e-04
2.691625e+01 9.230408e-04 8.470068e-04 9.218707e-04 1.000245e-03
2.696825e+01 9.230435e-04 8.486677e-04 9.233410e-04 9.971217e-04
2.702025e+01 9.138583e-04 8.420936e-04 9.179423e-04 9.815391e-04
2.707225e+01 8.970114e-04 8.297777e-04 9.063853e-04 9.548713e-04
2.712425e+01 8.749584e-04 8.144667e-04 8.900395e-04 9.203690e-04
2.717625e+01 8.506722e-04 7.987441e-04 8.706948e-04 8.825778e-04
2.722825e+01 8.271836e-04 7.848010e-04 8.502438e-04 8.465061e-04
2.728025e+01 8.071692e-04 7.743551e-04 8.304004e-04 8.167523e-04
2.733225e+01 7.926481e-04 7.686328e-04 8.125452e-04 7.967662e-04
2.738425e+01 7.848028e-04 7.683536e-04 7.977163e-04 7.883386e-04
2.743625e+01 7.839114e-04 7.736957e-04 7.866849e-04 7.913537e-04
2.748825e+01 7.893692e-04 7.842627e-04 7.800259e-04 8.038189e-04
2.754025e+01 7.998024e-04 7.990921e-04 7.781218e-04 8.221934e-04
2.759225e+01 8.132926e-04 8.167500e-04 7.811048e-04 8.420230e-04
2.764425e+01 8.277210e-04 8.355439e-04 7.887921e-04 8.588271e-04
2.769625e+01 8.411942e-04 8.538399e-04 8.006685e-04 8.690741e-04
2.774825e+01 8.524525e-04 8.704185e-04 8.159372e-04 8.710020e-04
2.780025e+01 8.611321e-04 8.847444e-04 8.336153e-04 8.650366e-04
2.785225e+01 8.677877e-04 8.970309e-04 8.526530e-04 8.536791e-04
2.790425e+01 8.736719e-04 9.080387e-04 8.720705e-04 8.409066e-04
2.795625e+01 8.803562e-04 9.186648e-04 8.911202e-04 8.312837e-04
2.800825e+01 8.893228e-04 9.294758e-04 9.094540e-04 8.290384e-04
2.806025e+01 9.016361e-04 9.403775e-04 9.272263e-04 8.373044e-04
2.811225e+01 9.177439e-04 9.505581e-04 9.450448e-04 8.576289e-04
2.816425e+01 9.374093e-04 9.587255e-04 9.637310e-04 8.897713e-04
2.821625e+01 9.597587e-04 9.635342e-04 9.839589e-04 9.317830e-04
2.826825e+01 9.834368e-04 9.640177e-04 1.005926e-03 9.803664e-04
2.832025e+01 1.006853e-03 9.598562e-04 1.029217e-03 1.031486e-03
2.837225e+01 1.028483e-03 9.513914e-04 1.052917e-03 1.081139e-03
2.842425e+01 1.047153e-03 9.394273e-04 1.075907e-03 1.126124e-03
2.847625e+01 1.062244e-03 9.249519e-04 1.097184e-03 1.164597e-03
2.852825e+01 1.073769e-03 9.089392e-04 1.116076e-03 1.196291e-03
2.858025e+01 1.082330e-03 8.923283e-04 1.132303e-03 1.222359e-03
2.863225e+01 1.089028e-03 8.761638e-04 1.145976e-03 1.244944e-03
2.868425e+01 1.095334e-03 8.617755e-04 1.157581e-03 1.266646e-03
2.873625e+01 1.102949e-03 8.508400e-04 1.167978e-03 1.290030e-03
2.878825e+01 1.113598e-03 8.452154e-04 1.178332e-03 1.317245e-03
2.884025e+01 1.128735e-03 8.465498e-04 1.189875e-03 1.349778e-03
2.889225e+01 1.149200e-03 8.557872e-04 1.203492e-03 1.388321e-03
2.894425e+01 1.174929e-03 8.727668e-04 1.219258e-03 1.432761e-03
2.899625e+01 1.204872e-03 8.961010e-04 1.236182e-03 1.482335e-03
2.904825e+01 1.237239e-03 9.234311e-04 1.252349e-03 1.535935e-03
2.910025e+01 1.270035e-03 9.520177e-04 1.265526e-03 1.592560e-03
2.915225e+01 1.301755e-03 9.794958e-04 1.274013e-03 1.651756e-03
2.920425e+01 1.331958e-03 1.004547e-03 1.277419e-03 1.713908e-03
2.925625e+01 1.361498e-03 1.027251e-03 1.277003e-03 1.780239e-03
2.930825e+01 1.392278e-03 1.048976e-03 1.275433e-03 1.852424e-03
2.936025e+01 1.426582e-03 1.071808e-03 1.276051e-03 1.931887e-03
2.941225e+01 1.466181e-03 1.097703e-03 1.281936e-03 2.018905e-03
2.946425e+01 1.511510e-03 1.127637e-03 1.295110e-03 2.111784e-03
2.951625e+01 1.561213e-03 1.161086e-03 1.316144e-03 2.206408e-03
2.956825e+01 1.612226e-03 1.196030e-03 1.344221e-03 2.296428e-03
2.962025e+01 1.660407e-03 1.229493e-03 1.377537e-03 2.374189e-03
2.967225e+01 1.701507e-03 1.258438e-03 1.413826e-03 2.432256e-03
2.972425e+01 1.732168e-03 1.280651e-03 1.450791e-03 2.465062e-03
2.977625e+01 1.750603e-03 1.295318e-03 1.486346e-03 2.470146e-03
2.982825e+01 1.756762e-03 1.303100e-03 1.518674e-03 2.448511e-03
2.988025e+01 1.751988e-03 1.305730e-03 1.546213e-03 2.404021e-03
2.993225e+01 1.738379e-03 1.305318e-03 1.567684e-03 2.342134e-03
2.998425e+01 1.718109e-03 1.303610e-03 1.582213e-03 2.268505e-03
3.003625e+01 1.692968e-03 1.301444e-03 1.589497e-03 2.187963e-03
3.008825e+01 1.664179e-03 1.298522e-03 1.589908e-03 2.104108e-03
3.014025e+01 1.632484e-03 1.293562e-03 1.584418e-03 2.019473e-03
3.019225e+01 1.598347e-03 1.284736e-03 1.574342e-03 1.935962e-03
3.024425e+01 1.562188e-03 1.270286e-03 1.560997e-03 1.855281e-03
3.029625e+01 1.524569e-03 1.249110e-03 1.545429e-03 1.779166e-03
3.034825e+01 1.486283e-03 1.221175e-03 1.528325e-03 1.709350e-03
3.040025e+01 1.448362e-03 1.187618e-03 1.510137e-03 1.647330e-03
3.045225e+01 1.411973e-03 1.150532e-03 1.491329e-03 1.594057e-03
3.050425e+01 1.378246e-03 1.112505e-03 1.472585e-03 1.549648e-03
3.055625e+01 1.348065e-03 1.076071e-03 1.454879e-03 1.513244e-03
3.060825e+01 1.321875e-03 1.043223e-03 1.439328e-03 1.483075e-03
3.066025e+01 1.299582e-03 1.015097e-03 1.426896e-03 1.456753e-03
3.071225e+01 1.280547e-03 9.918734e-04 1.418033e-03 1.431734e-03
3.076425e+01 1.263704e-03 9.728709e-04 1.412382e-03 1.405861e-03
3.081625e+01 1.247762e-03 9.567963e-04 1.408673e-03 1.377816e-03
3.086825e+01 1.231447e-03 9.420860e-04 1.404878e-03 1.347378e-03
3.092025e+01 1.213756e-03 9.272872e-04 1.398602e-03 1.315380e-03
3.097225e+01 1.194148e-03 9.114038e-04 1.387629e-03 1.283411e-03
3.102425e+01 1.172648e-03 8.941335e-04 1.370463e-03 1.253349e-03
3.107625e+01 1.149841e-03 8.759325e-04 1.346700e-03 1.226890e-03
3.112825e+01 1.126739e-03 8.578873e-04 1.317123e-03 1.205206e-03
3.118025e+01 1.104576e-03 8.414306e-04 1.283509e-03 1.188788e-03
3.123225e+01 1.084561e-03 8.279882e-04 1.248204e-03 1.177491e-03
3.128425e+01 1.067655e-03 8.186661e-04 1.213600e-03 1.170699e-03
3.133625e+01 1.054413e-03 8.140622e-04 1.181644e-03 1.167532e-03
3.138825e+01 1.044914e-03 8.142372e-04 1.153483e-03 1.167022e-03
3.144025e+01 1.038785e-03 8.188179e-04 1.129322e-03 1.168217e-03
3.149225e+01 1.035283e-03 8.271650e-04 1.108494e-03 1.170188e-03
3.154425e+01 1.033411e-03 8.385399e-04 1.089708e-03 1.171985e-03
3.159625e+01 1.032067e-03 8.522292e-04 1.071394e-03 1.172579e-03
3.164825e+01 1.030196e-03 8.676217e-04 1.052083e-03 1.170884e-03
3.170025e+01 1.026948e-03 8.842525e-04 1.030711e-03 1.165880e-03
3.175225e+01 1.021816e-03 9.018204e-04 1.006810e-03 1.156817e-03
3.180425e+01 1.014712e-03 9.201684e-04 9.805436e-04 1.143425e-03
3.185625e+01 1.005938e-03 9.392018e-04 9.525886e-04 1.126023e-03
3.190825e+01 9.960276e-04 9.587336e-04 9.239119e-04 1.105437e-03
3.196025e+01 9.855152e-04 9.782881e-04 8.954970e-04 1.082761e-03
3.201225e+01 9.746830e-04 9.969384e-04 8.681055e-04 1.059005e-03
3.206425e+01 9.634097e-04 1.013279e-03 8.421462e-04 1.034804e-03
3.211625e+01 9.511858e-04 1.025603e-03 8.176854e-04 1.010269e-03
3.216825e+01 9.373056e-04 1.032274e-03 7.945819e-04 9.850609e-04
3.222025e+01 9.211648e-04 1.032183e-03 7.726692e-04 9.586419e-04
3.227225e+01 9.025381e-04 1.025127e-03 7.518910e-04 9.305957e-04
3.232425e+01 8.817164e-04 1.011936e-03 7.323168e-04 9.008968e-04
3.237625e+01 8.594483e-04 9.942821e-04 7.140393e-04 8.700235e-04
3.242825e+01 8.367156e-04 9.742365e-04 6.970213e-04 8.388891e-04
3.248025e+01 8.144480e-04 9.537097e-04 6.809996e-04 8.086346e-04
3.253225e+01 7.932932e-04 9.339914e-04 6.655150e-04 7.803730e-04
3.258425e+01 7.735256e-04 9.155302e-04 6.500725e-04 7.549741e-04
3.263625e+01 7.551023e-04 8.980071e-04 6.343534e-04 7.329464e-04
3.268825e+01 7.378149e-04 8.806440e-04 6.183774e-04 7.144235e-04
3.274025e+01 7.214572e-04 8.626086e-04 6.025360e-04 6.992269e-04
3.279225e+01 7.059366e-04 8.433619e-04 5.874847e-04 6.869631e-04
3.284425e+01 6.913000e-04 8.228354e-04 5.739429e-04 6.771218e-04
3.289625e+01 6.776830e-04 8.014097e-04 5.624809e-04 6.691585e-04
3.294825e+01 6.652191e-04 7.797453e-04 5.533611e-04 6.625508e-04
3.300025e+01 6.539503e-04 7.585572e-04 5.464691e-04 6.568246e-04
3.305225e+01 6.437689e-04 7.384232e-04 5.413385e-04 6.515450e-04
3.310425e+01 6.344008e-04 7.196766e-04 5.372458e-04 6.462801e-04
3.315625e+01 6.254307e-04 7.023846e-04 5.333483e-04 6.405593e-04
3.320825e+01 6.163607e-04 6.863878e-04 5.288300e-04 6.338644e-04
3.326025e+01 6.066882e-04 6.713622e-04 5.230265e-04 6.256760e-04
3.331225e+01 5.959879e-04 6.568813e-04 5.155083e-04 6.155740e-04
3.336425e+01 5.839814e-04 6.424739e-04 5.061168e-04 6.033534e-04
3.341625e+01 5.705838e-04 6.276898e-04 4.949602e-04 5.891013e-04
3.346825e+01 5.559228e-04 6.121835e-04 4.823858e-04 5.731992e-04
3.352025e+01 5.403303e-04 5.958104e-04 4.689369e-04 5.562436e-04
3.357225e+01 5.243058e-04 5.787017e-04 4.552970e-04 5.389187e-04
3.362425e+01 5.084498e-04 5.612702e-04 4.422168e-04 5.218625e-04
3.367625e+01 4.933677e-04 5.441164e-04 4.304216e-04 5.055652e-04
3.372825e+01 4.795590e-04 5.278521e-04 4.205090e-04 4.903160e-04
3.378025e+01 4.673234e-04 5.129117e-04 4.128562e-04 4.762022e-04
3.383225e+01 4.567184e-04 4.994397e-04 4.075646e-04 4.631508e-04
3.388425e+01 4.475937e-04 4.873146e-04 4.044664e-04 4.510000e-04
3.393625e+01 4.396952e-04 4.763027e-04 4.032012e-04 4.395817e-04
3.398825e+01 4.328023e-04 4.662665e-04 4.033485e-04 4.287920e-04
3.404025e+01 4.268466e-04 4.573321e-04 4.045780e-04 4.186296e-04
3.409225e+01 4.219698e-04 4.499449e-04 4.067671e-04 4.091973e-04
3.414425e+01 4.185086e-04 4.448034e-04 4.100458e-04 4.006767e-04
3.419625e+01 4.169219e-04 4.427110e-04 4.147554e-04 3.932993e-04
3.424825e+01 4.176942e-04 4.444104e-04 4.213379e-04 3.873343e-04
3.430025e+01 4.212467e-04 4.504480e-04 4.301950e-04 3.830971e-04
3.435225e+01 4.278683e-04 4.610895e-04 4.415569e-04 3.809586e-04
3.440425e+01 4.376666e-04 4.762805e-04 4.553893e-04 3.813299e-04
3.445625e+01 4.505322e-04 4.956417e-04 4.713554e-04 3.845996e-04
3.450825e+01 4.661206e-04 5.184960e-04 4.888379e-04 3.910279e-04
3.456025e+01 4.838640e-04 5.439395e-04 5.070254e-04 4.006270e-04
3.461225e+01 5.030329e-04 5.709668e-04 5.250603e-04 4.130714e-04
3.466425e+01 5.228486e-04 5.986417e-04 5.422251e-04 4.276790e-04
3.471625e+01 5.426280e-04 6.262734e-04 5.581281e-04 4.434826e-04
3.476825e+01 5.619185e-04 6.535377e-04 5.728314e-04 4.593865e-04
3.482025e+01 5.805797e-04 6.804869e-04 5.868740e-04 4.743782e-04
3.487225e+01 5.987857e-04 7.074332e-04 6.011725e-04 4.877512e-04
3.492425e+01 6.169510e-04 7.347417e-04 6.168241e-04 4.992870e-04
3.497625e+01 6.356060e-04 7.626056e-04 6.348675e-04 5.093447e-04
3.502825e+01 6.552580e-04 7.908874e-04 6.560694e-04 5.188171e-04
3.508025e+01 6.762696e-04 8.190823e-04 6.807933e-04 5.289333e-04
3.513225e+01 6.987776e-04 8.464214e-04 7.089791e-04 5.409325e-04
3.518425e+01 7.226689e-04 8.720932e-04 7.402296e-04 5.556839e-04
3.523625e+01 7.476221e-04 8.955280e-04 7.739667e-04 5.733716e-04
3.528825e+01 7.732096e-04 9.166689e-04 8.095918e-04 5.933682e-04
3.534025e+01 7.990294e-04 9.361384e-04 8.465776e-04 6.143723e-04
3.539225e+01 8.248110e-04 9.552174e-04 8.844282e-04 6.347875e-04
3.544425e+01 8.504337e-04 9.755865e-04 9.224921e-04 6.532225e-04
3.549625e+01 8.758194e-04 9.988485e-04 9.596846e-04 6.689253e-04
3.554825e+01 9.007199e-04 1.025932e-03 9.942445e-04 6.819836e-04
3.560025e+01 9.244823e-04 1.056549e-03 1.023684e-03 6.932136e-04
3.565225e+01 9.459168e-04 1.088917e-03 1.045050e-03 7.037840e-04
3.570425e+01 9.633676e-04 1.119885e-03 1.055490e-03 7.147280e-04
3.575625e+01 9.750173e-04 1.145522e-03 1.052992e-03 7.265380e-04
3.580825e+01 9.793505e-04 1.162042e-03 1.037014e-03 7.389947e-04
3.586025e+01 9.756241e-04 1.166794e-03 1.008790e-03 7.512885e-04
3.591225e+01 9.641760e-04 1.159024e-03 9.711363e-04 7.623678e-04
3.596425e+01 9.464512e-04 1.140142e-03 9.278497e-04 7.713620e-04
3.601625e+01 9.247230e-04 1.113400e-03 8.828805e-04 7.778886e-04
3.606825e+01 9.015886e-04 1.083091e-03 8.395620e-04 7.821126e-04
3.612025e+01 8.793892e-04 1.053526e-03 8.001062e-04 7.845356e-04
3.617225e+01 8.597253e-04 1.028093e-03 7.654552e-04 7.856281e-04
3.622425e+01 8.432034e-04 1.008663e-03 7.354571e-04 7.854902e-04
3.627625e+01 8.294706e-04 9.954526e-04 7.092517e-04 7.837073e-04
3.632825e+01 8.175011e-04 9.873158e-04 6.857262e-04 7.794614e-04
3.638025e+01 8.060176e-04 9.823114e-04 6.639137e-04 7.718276e-04
3.643225e+01 7.939009e-04 9.783462e-04 6.432465e-04 7.601100e-04
3.648425e+01 7.804690e-04 9.737063e-04 6.236246e-04 7.440762e-04
3.653625e+01 7.655671e-04 9.673591e-04 6.053174e-04 7.240246e-04
3.658825e+01 7.494851e-04 9.589927e-04 5.887621e-04 7.007006e-04
3.664025e+01 7.327696e-04 9.488358e-04 5.743412e-04 6.751319e-04
3.669225e+01 7.160078e-04 9.373573e-04 5.622134e-04 6.484526e-04
3.674425e+01 6.996536e-04 9.249645e-04 5.522344e-04 6.217618e-04
3.679625e+01 6.839347e-04 9.118109e-04 5.439721e-04 5.960212e-04
3.684825e+01 6.688516e-04 8.977758e-04 5.367974e-04 5.719815e-04
3.690025e+01 6.542484e-04 8.826013e-04 5.300239e-04 5.501201e-04
3.695225e+01 6.399204e-04 8.660985e-04 5.230686e-04 5.305940e-04
3.700425e+01 6.257096e-04 8.483001e-04 5.156003e-04 5.132285e-04
3.705625e+01 6.115553e-04 8.294704e-04 5.076285e-04 4.975671e-04
3.710825e+01 5.974837e-04 8.099693e-04 4.994882e-04 4.829937e-04
3.716025e+01 5.835543e-04 7.900625e-04 4.917043e-04 4.688960e-04
3.721225e+01 5.697951e-04 7.698024e-04 4.847647e-04 4.548183e-04
3.726425e+01 5.561657e-04 7.490635e-04 4.788843e-04 4.405494e-04
3.731625e+01 5.425686e-04 7.277202e-04 4.738619e-04 4.261237e-04
3.736825e+01 5.289065e-04 7.058607e-04 4.691020e-04 4.117569e-04
3.742025e+01 5.151554e-04 6.839023e-04 4.638066e-04 3.977575e-04
3.747225e+01 5.014162e-04 6.625288e-04 4.572661e-04 3.844537e-04
3.752425e+01 4.879138e-04 6.424622e-04 4.491313e-04 3.721478e-04
3.757625e+01 4.749410e-04 6.241758e-04 4.395576e-04 3.610895e-04
3.762825e+01 4.627686e-04 6.076877e-04 4.291653e-04 3.514528e-04
3.768025e+01 4.515584e-04 5.925304e-04 4.188392e-04 3.433057e-04
3.773225e+01 4.413120e-04 5.779116e-04 4.094469e-04 3.365776e-04
3.778425e+01 4.318698e-04 5.629928e-04 4.015813e-04 3.310353e-04
3.783625e+01 4.229549e-04 5.471685e-04 3.954125e-04 3.262837e-04
3.788825e+01 4.142451e-04 5.302433e-04 3.906869e-04 3.218050e-04
3.794025e+01 4.054543e-04 5.124598e-04 3.868569e-04 3.170463e-04
3.799225e+01 3.964071e-04 4.943943e-04 3.832839e-04 3.115432e-04
3.804425e+01 3.870902e-04 4.767845e-04 3.794349e-04 3.050511e-04
3.809625e+01 3.776671e-04 4.603567e-04 3.750101e-04 2.976346e-04
3.814825e+01 3.684472e-04 4.457019e-04 3.699682e-04 2.896715e-04
3.820025e+01 3.598100e-04 4.332125e-04 3.644617e-04 2.817559e-04
3.825225e+01 3.521066e-04 4.230684e-04 3.587260e-04 2.745255e-04
3.830425e+01 3.455685e-04 4.152512e-04 3.529791e-04 2.684754e-04
3.835625e+01 3.402571e-04 4.095729e-04 3.473710e-04 2.638275e-04
3.840825e+01 3.360710e-04 4.057150e-04 3.419951e-04 2.605029e-04
3.846025e+01 3.328054e-04 4.032788e-04 3.369367e-04 2.582007e-04
3.851225e+01 3.302369e-04 4.018463e-04 3.323208e-04 2.565436e-04
3.856425e+01 3.281996e-04 4.010457e-04 3.283224e-04 2.552308e-04
3.861625e+01 3.266271e-04 4.006121e-04 3.251316e-04 2.541377e-04
3.866825e+01 3.255537e-04 4.004352e-04 3.228912e-04 2.533345e-04
3.872025e+01 3.250859e-04 4.005825e-04 3.216468e-04 2.530283e-04
3.877225e+01 3.253625e-04 4.012868e-04 3.213367e-04 2.534641e-04
3.882425e+01 3.265175e-04 4.028904e-04 3.218309e-04 2.548312e-04
3.887625e+01 3.286532e-04 4.057495e-04 3.229985e-04 2.572117e-04
3.892825e+01 3.318265e-04 4.101236e-04 3.247720e-04 2.605838e-04
3.898025e+01 3.360474e-04 4.160937e-04 3.271815e-04 2.648670e-04
3.903225e+01 3.412911e-04 4.235490e-04 3.303484e-04 2.699758e-04
3.908425e+01 3.475168e-04 4.322561e-04 3.344462e-04 2.758482e-04
3.913625e+01 3.546849e-04 4.419805e-04 3.396405e-04 2.824337e-04
3.918825e+01 3.627565e-04 4.525979e-04 3.460243e-04 2.896473e-04
3.924025e+01 3.716702e-04 4.641292e-04 3.535580e-04 2.973233e-04
3.929225e+01 3.813000e-04 4.766655e-04 3.620297e-04 3.052049e-04
3.934425e+01 3.914162e-04 4.902061e-04 3.710526e-04 3.129899e-04
3.939625e+01 4.016721e-04 5.044818e-04 3.801162e-04 3.204183e-04
3.944825e+01 4.116345e-04 5.188530e-04 3.886919e-04 3.273588e-04
3.950025e+01 4.208555e-04 5.323532e-04 3.963698e-04 3.338435e-04
3.955225e+01 4.289625e-04 5.438857e-04 4.029796e-04 3.400221e-04
3.960425e+01 4.357370e-04 5.525155e-04 4.086459e-04 3.460495e-04
3.965625e+01 4.411553e-04 5.577540e-04 4.137545e-04 3.519573e-04
3.970825e+01 4.453826e-04 5.597284e-04 4.188450e-04 3.575744e-04
3.976025e+01 4.487317e-04 5.591748e-04 4.244779e-04 3.625425e-04
3.981225e+01 4.516075e-04 5.572594e-04 4.311279e-04 3.664354e-04
3.986425e+01 4.544544e-04 5.552905e-04 4.391293e-04 3.689434e-04
3.991625e+01 4.577093e-04 5.544129e-04 4.486606e-04 3.700544e-04
3.996825e+01 4.617509e-04 5.553647e-04 4.597356e-04 3.701524e-04
4.002025e+01 4.668354e-04 5.583525e-04 4.721739e-04 3.699796e-04
4.007225e+01 4.730247e-04 5.630627e-04 4.855518e-04 3.704597e-04
4.012425e+01 4.801316e-04 5.687943e-04 4.991649e-04 3.724356e-04
4.017625e+01 4.877121e-04 5.746727e-04 5.120458e-04 3.764178e-04
4.022825e+01 4.951293e-04 5.798836e-04 5.230661e-04 3.824384e-04
4.028025e+01 5.016832e-04 5.838673e-04 5.311200e-04 3.900622e-04
4.033225e+01 5.067778e-04 5.864335e-04 5.353560e-04 3.985438e-04
4.038425e+01 5.100817e-04 5.877842e-04 5.353967e-04 4.070643e-04
4.043625e+01 5.116348e-04 5.884558e-04 5.314862e-04 4.149624e-04
4.048825e+01 5.118687e-04 5.892043e-04 5.245152e-04 4.218865e-04
4.054025e+01 5.115298e-04 5.908517e-04 5.159033e-04 4.278345e-04
4.059225e+01 5.115179e-04 5.941161e-04 5.073485e-04 4.330892e-04
4.064425e+01 5.126799e-04 5.994552e-04 5.004957e-04 4.380887e-04
4.069625e+01 5.156159e-04 6.069633e-04 4.966046e-04 4.432799e-04
4.074825e+01 5.205526e-04 6.163559e-04 4.963054e-04 4.489965e-04
4.080025e+01 5.273154e-04 6.270534e-04 4.995143e-04 4.553785e-04
4.085225e+01 5.353973e-04 6.383315e-04 5.055293e-04 4.623309e-04
4.090425e+01 5.440876e-04 6.494816e-04 5.132670e-04 4.695141e-04
4.095625e+01 5.526154e-04 6.599230e-04 5.215561e-04 4.763672e-04
4.100825e+01 5.602727e-04 6.692449e-04 5.293953e-04 4.821778e-04
4.106025e+01 5.665075e-04 6.771983e-04 5.361126e-04 4.862115e-04
4.111225e+01 5.709976e-04 6.836838e-04 5.414154e-04 4.878936e-04
4.116425e+01 5.737107e-04 6.887678e-04 5.453634e-04 4.870007e-04
4.121625e+01 5.749444e-04 6.927213e-04 5.483099e-04 4.838019e-04
4.126825e+01 5.753230e-04 6.960344e-04 5.508439e-04 4.790906e-04
4.132025e+01 5.757273e-04 6.993613e-04 5.537360e-04 4.740847e-04
4.137225e+01 5.771556e-04 7.033788e-04 5.578719e-04 4.702161e-04
4.142425e+01 5.805399e-04 7.085945e-04 5.641566e-04 4.688685e-04
4.147625e+01 5.865670e-04 7.151726e-04 5.733934e-04 4.711349e-04
4.152825e+01 5.955533e-04 7.228484e-04 5.861617e-04 4.776498e-04
4.158025e+01 6.074066e-04 7.309696e-04 6.027264e-04 4.885239e-04
4.163225e+01 6.216753e-04 7.386611e-04 6.229971e-04 5.033677e-04
4.168425e+01 6.376558e-04 7.450640e-04 6.465317e-04 5.213717e-04
4.173625e+01 6.545123e-04 7.495723e-04 6.725578e-04 5.414069e-04
4.178825e+01 6.713667e-04 7.519859e-04 6.999893e-04 5.621249e-04
4.184025e+01 6.873442e-04 7.525243e-04 7.274446e-04 5.820638e-04
4.189225e+01 7.015919e-04 7.517026e-04 7.532975e-04 5.997757e-04
4.194425e+01 7.133042e-04 7.501252e-04 7.758047e-04 6.139826e-04
4.199625e+01 7.217846e-04 7.482895e-04 7.933254e-04 6.237390e-04
4.204825e+01 7.265438e-04 7.464740e-04 8.045968e-04 6.285605e-04
4.210025e+01 7.274008e-04 7.447393e-04 8.089875e-04 6.284755e-04
4.215225e+01 7.245414e-04 7.430069e-04 8.066360e-04 6.239812e-04
4.220425e+01 7.184977e-04 7.411537e-04 7.984194e-04 6.159200e-04
4.225625e+01 7.100453e-04 7.390607e-04 7.857631e-04 6.053123e-04
4.230825e+01 7.000487e-04 7.365971e-04 7.703589e-04 5.931903e-04
4.236025e+01 6.893075e-04 7.335675e-04 7.538900e-04 5.804650e-04
4.241225e+01 6.784552e-04 7.296797e-04 7.378350e-04 5.678509e-04
4.246425e+01 6.679396e-04 7.245882e-04 7.233774e-04 5.558534e-04
4.251625e+01 6.580749e-04 7.180268e-04 7.113869e-04 5.448111e-04
4.256825e+01 6.491261e-04 7.099895e-04 7.024238e-04 5.349651e-04
4.262025e+01 6.413706e-04 7.008713e-04 6.967234e-04 5.265171e-04
4.267225e+01 6.350980e-04 6.914849e-04 6.941617e-04 5.196474e-04
4.272425e+01 6.305448e-04 6.829152e-04 6.942358e-04 5.144835e-04
4.277625e+01 6.277997e-04 6.762531e-04 6.961018e-04 5.110443e-04
4.282825e+01 6.267352e-04 6.723121e-04 6.986930e-04 5.092006e-04
4.288025e+01 6.270111e-04 6.714423e-04 7.009015e-04 5.086896e-04
4.293225e+01 6.281596e-04 6.735077e-04 7.017796e-04 5.091916e-04
4.298425e+01 6.297191e-04 6.780152e-04 7.007038e-04 5.104384e-04
4.303625e+01 6.313562e-04 6.843117e-04 6.974585e-04 5.122985e-04
4.308825e+01 6.329217e-04 6.917521e-04 6.922252e-04 5.147878e-04
4.314025e+01 6.344188e-04 6.997762e-04 6.854854e-04 5.179948e-04
4.319225e+01 6.359073e-04 7.078965e-04 6.778717e-04 5.219536e-04
4.324425e+01 6.373963e-04 7.156459e-04 6.700095e-04 5.265336e-04
4.329625e+01 6.387829e-04 7.225470e-04 6.623969e-04 5.314049e-04
4.334825e+01 6.398630e-04 7.281330e-04 6.553584e-04 5.360975e-04
4.340025e+01 6.404062e-04 7.320160e-04 6.490806e-04 5.401220e-04
4.345225e+01 6.402550e-04 7.339687e-04 6.437063e-04 5.430898e-04
4.350425e+01 6.394002e-04 7.339877e-04 6.394332e-04 5.447797e-04
4.355625e+01 6.380048e-04 7.323149e-04 6.365595e-04 5.451401e-04
4.360825e+01 6.363696e-04 7.294119e-04 6.354431e-04 5.442539e-04
4.366025e+01 6.348605e-04 7.258884e-04 6.363860e-04 5.423071e-04
4.371225e+01 6.338233e-04 7.223949e-04 6.394917e-04 5.395832e-04
4.376425e+01 6.335051e-04 7.194950e-04 6.445551e-04 5.364653e-04
4.381625e+01 6.339927e-04 7.175466e-04 6.510214e-04 5.334101e-04
4.386825e+01 6.351706e-04 7.166240e-04 6.580199e-04 5.308679e-04
4.392025e+01 6.367076e-04 7.165119e-04 6.644534e-04 5.291574e-04
4.397225e+01 6.380829e-04 7.167777e-04 6.691268e-04 5.283443e-04
4.402425e+01 6.386610e-04 7.169016e-04 6.709024e-04 5.281791e-04
4.407625e+01 6.378048e-04 7.164105e-04 6.688720e-04 5.281320e-04
4.412825e+01 6.349989e-04 7.149588e-04 6.625207e-04 5.275173e-04
4.418025e+01 6.299445e-04 7.123229e-04 6.518416e-04 5.256689e-04
4.423225e+01 6.225982e-04 7.083222e-04 6.373626e-04 5.221099e-04
4.428425e+01 6.131547e-04 7.027244e-04 6.200687e-04 5.166711e-04
4.433625e+01 6.019907e-04 6.952035e-04 6.012403e-04 5.095283e-04
4.438825e+01 5.895973e-04 6.853885e-04 5.822464e-04 5.011569e-04
4.444025e+01 5.765161e-04 6.729944e-04 5.643398e-04 4.922141e-04
4.449225e+01 5.632806e-04 6.579788e-04 5.484815e-04 4.833816e-04
4.454425e+01 5.503599e-04 6.406533e-04 5.352168e-04 4.752095e-04
4.459625e+01 5.381089e-04 6.217011e-04 5.246190e-04 4.680066e-04
4.464825e+01 5.267380e-04 6.020866e-04 5.163168e-04 4.618107e-04
4.470025e+01 5.163146e-04 5.828858e-04 5.096118e-04 4.564461e-04
4.475225e+01 5.067964e-04 5.650852e-04 5.036637e-04 4.516404e-04
4.480425e+01 4.980834e-04 5.494036e-04 4.976937e-04 4.471529e-04
4.485625e+01 4.900645e-04 5.361815e-04 4.911454e-04 4.428665e-04
4.490825e+01 4.826456e-04 5.253618e-04 4.837593e-04 4.388156e-04
4.496025e+01 4.757558e-04 5.165649e-04 4.755503e-04 4.351523e-04
4.501225e+01 4.693416e-04 5.092323e-04 4.667182e-04 4.320743e-04
4.506425e+01 4.633579e-04 5.027964e-04 4.575346e-04 4.297427e-04
4.511625e+01 4.577624e-04 4.968259e-04 4.482496e-04 4.282115e-04
4.516825e+01 4.525150e-04 4.911132e-04 4.390462e-04 4.273856e-04
4.522025e+01 4.475837e-04 4.856933e-04 4.300462e-04 4.270115e-04
4.527225e+01 4.429586e-04 4.808109e-04 4.213586e-04 4.267064e-04
4.532425e+01 4.386751e-04 4.768607e-04 4.131449e-04 4.260195e-04
4.537625e+01 4.348376e-04 4.743194e-04 4.056716e-04 4.245220e-04
4.542825e+01 4.316343e-04 4.736699e-04 3.993245e-04 4.219086e-04
4.548025e+01 4.293267e-04 4.753131e-04 3.945739e-04 4.180931e-04
4.553225e+01 4.282114e-04 4.794658e-04 3.918997e-04 4.132688e-04
4.558425e+01 4.285558e-04 4.860666e-04 3.916939e-04 4.079068e-04
4.563625e+01 4.305219e-04 4.947186e-04 3.941668e-04 4.026803e-04
4.568825e+01 4.340980e-04 5.047031e-04 3.992678e-04 3.983231e-04
4.574025e+01 4.390558e-04 5.150737e-04 4.066337e-04 3.954601e-04
4.579225e+01 4.449491e-04 5.248138e-04 4.155763e-04 3.944573e-04
4.584425e+01 4.511603e-04 5.330173e-04 4.251310e-04 3.953327e-04
4.589625e+01 4.569911e-04 5.390415e-04 4.341847e-04 3.977471e-04
4.594825e+01 4.617835e-04 5.425977e-04 4.416837e-04 4.010691e-04
4.600025e+01 4.650447e-04 5.437654e-04 4.468760e-04 4.044926e-04
4.605225e+01 4.665415e-04 5.429376e-04 4.495097e-04 4.071772e-04
4.610425e+01 4.663343e-04 5.407162e-04 4.498996e-04 4.083871e-04
4.615625e+01 4.647317e-04 5.377732e-04 4.488156e-04 4.076062e-04
4.620825e+01 4.621775e-04 5.346970e-04 4.472200e-04 4.046156e-04
4.626025e+01 4.591065e-04 5.318493e-04 4.459521e-04 3.995179e-04
4.631225e+01 4.558218e-04 5.292772e-04 4.454853e-04 3.927030e-04
4.636425e+01 4.524418e-04 5.267190e-04 4.458505e-04 3.847559e-04
4.641625e+01 4.489324e-04 5.237271e-04 4.467419e-04 3.763284e-04
4.646825e+01 4.452101e-04 5.198758e-04 4.477452e-04 3.680093e-04
4.652025e+01 4.412668e-04 5.149844e-04 4.485810e-04 3.602348e-04
4.657225e+01 4.372651e-04 5.092645e-04 4.492637e-04 3.532672e-04
4.662425e+01 4.335639e-04 5.033309e-04 4.501225e-04 3.472382e-04
4.667625e+01 4.306604e-04 4.980637e-04 4.516928e-04 3.422248e-04
4.672825e+01 4.290681e-04 4.943661e-04 4.545300e-04 3.383083e-04
4.678025e+01 4.291633e-04 4.928919e-04 4.590132e-04 3.355846e-04
4.683225e+01 4.310490e-04 4.938242e-04 4.651987e-04 3.341242e-04
4.688425e+01 4.344807e-04 4.967669e-04 4.727633e-04 3.339120e-04
4.693625e+01 4.388833e-04 5.007882e-04 4.810524e-04 3.348092e-04
4.698825e+01 4.434666e-04 5.046137e-04 4.892244e-04 3.365617e-04
4.704025e+01 4.474108e-04 5.069273e-04 4.964521e-04 3.388531e-04
4.709225e+01 4.500648e-04 5.067016e-04 5.021188e-04 3.413740e-04
4.714425e+01 4.510916e-04 5.034595e-04 5.059412e-04 3.438739e-04
4.719625e+01 4.505123e-04 4.973849e-04 5.079779e-04 3.461742e-04
4.724825e+01 4.486416e-04 4.892485e-04 5.085292e-04 3.481473e-04
4.730025e+01 4.459483e-04 4.801768e-04 5.079832e-04 3.496849e-04
4.735225e+01 4.429019e-04 4.713474e-04 5.066774e-04 3.506809e-04
4.740425e+01 4.398595e-04 4.637103e-04 5.048274e-04 3.510408e-04
4.745625e+01 4.370209e-04 4.578204e-04 5.025299e-04 3.507122e-04
4.750825e+01 4.344493e-04 4.538149e-04 4.998149e-04 3.497181e-04
4.756025e+01 4.321349e-04 4.515214e-04 4.967072e-04 3.481761e-04
4.761225e+01 4.300703e-04 4.506388e-04 4.932741e-04 3.462980e-04
4.766425e+01 4.283140e-04 4.509179e-04 4.896527e-04 3.443715e-04
4.771625e+01 4.270240e-04 4.522776e-04 4.860619e-04 3.427326e-04
4.776825e+01 4.264541e-04 4.548233e-04 4.828040e-04 3.417350e-04
4.782025e+01 4.269119e-04 4.587690e-04 4.802511e-04 3.417155e-04
4.787225e+01 4.286889e-04 4.643017e-04 4.788081e-04 3.429570e-04
4.792425e+01 4.319782e-04 4.714437e-04 4.788510e-04 3.456398e-04
4.797625e+01 4.367975e-04 4.799661e-04 4.806424e-04 3.497841e-04
4.802825e+01 4.429412e-04 4.893864e-04 4.842447e-04 3.551924e-04
4.808025e+01 4.499755e-04 4.990550e-04 4.894550e-04 3.614166e-04
4.813225e+01 4.572912e-04 5.083006e-04 4.957891e-04 3.677840e-04
4.818425e+01 4.642068e-04 5.165867e-04 5.025335e-04 3.735001e-04
4.823625e+01 4.701022e-04 5.236243e-04 5.088644e-04 3.778180e-04
4.828825e+01 4.745485e-04 5.294082e-04 5.140153e-04 3.802220e-04
4.834025e+01 4.773970e-04 5.341730e-04 5.174568e-04 3.805611e-04
4.839225e+01 4.788082e-04 5.382994e-04 5.190442e-04 3.790810e-04
4.844425e+01 4.792185e-04 5.422167e-04 5.190907e-04 3.763481e-04
4.849625e+01 4.792590e-04 5.463384e-04 5.183357e-04 3.731029e-04
4.854825e+01 4.796472e-04 5.510431e-04 5.177997e-04 3.700988e-04
4.860025e+01 4.810674e-04 5.566846e-04 5.185464e-04 3.679712e-04
4.865225e+01 4.840529e-04 5.635989e-04 5.214072e-04 3.671525e-04
4.870425e+01 4.888855e-04 5.720839e-04 5.267428e-04 3.678299e-04
4.875625e+01 4.955331e-04 5.823427e-04 5.343199e-04 3.699368e-04
4.880825e+01 5.036456e-04 5.944074e-04 5.433517e-04 3.731779e-04
4.886025e+01 5.126227e-04 6.080747e-04 5.527023e-04 3.770913e-04
4.891225e+01 5.217418e-04 6.228832e-04 5.611973e-04 3.811448e-04
4.896425e+01 5.303136e-04 6.381496e-04 5.679457e-04 3.848456e-04
4.901625e+01 5.378208e-04 6.530585e-04 5.725682e-04 3.878356e-04
4.906825e+01 5.439984e-04 6.667829e-04 5.752636e-04 3.899486e-04
4.912025e+01 5.488407e-04 6.785995e-04 5.767019e-04 3.912206e-04
4.917225e+01 5.525413e-04 6.879692e-04 5.777961e-04 3.918584e-04
4.922425e+01 5.553962e-04 6.945688e-04 5.794404e-04 3.921793e-04
4.927625e+01 5.577031e-04 6.982809e-04 5.822960e-04 3.925323e-04
4.932825e+01 5.596867e-04 6.991687e-04 5.866723e-04 3.932191e-04
4.938025e+01 5.614692e-04 6.974696e-04 5.925089e-04 3.944292e-04
4.943225e+01 5.630921e-04 6.936264e-04 5.994375e-04 3.962123e-04
4.948425e+01 5.645801e-04 6.883480e-04 6.068995e-04 3.984927e-04
4.953625e+01 5.660232e-04 6.826578e-04 6.142936e-04 4.011183e-04
4.958825e+01 5.676397e-04 6.778729e-04 6.211278e-04 4.039185e-04
4.964025e+01 5.697859e-04 6.754729e-04 6.271397e-04 4.067449e-04
4.969225e+01 5.729015e-04 6.768679e-04 6.323510e-04 4.094855e-04
4.974425e+01 5.774108e-04 6.831285e-04 6.370421e-04 4.120617e-04
4.979625e+01 5.836253e-04 6.947767e-04 6.416668e-04 4.144323e-04
4.984825e+01 5.916951e-04 7.117175e-04 6.467526e-04 4.166151e-04
4.990025e+01 6.016300e-04 7.333409e-04 6.528262e-04 4.187230e-04
4.995225e+01 6.133683e-04 7.587471e-04 6.603693e-04 4.209886e-04
5.000425e+01 6.268438e-04 7.869967e-04 6.697797e-04 4.237550e-04
5.005625e+01 6.420013e-04 8.172742e-04 6.813077e-04 4.274219e-04
5.010825e+01 6.587433e-04 8.488961e-04 6.949705e-04 4.323633e-04
5.016025e+01 6.768337e-04 8.811694e-04 7.104879e-04 4.388439e-04
5.021225e+01 6.958178e-04 9.131884e-04 7.272986e-04 4.469665e-04
5.026425e+01 7.150181e-04 9.437070e-04 7.446841e-04 4.566633e-04
5.031625e+01 7.336329e-04 9.712007e-04 7.619677e-04 4.677304e-04
5.036825e+01 7.509148e-04 9.941494e-04 7.787078e-04 4.798873e-04
5.042025e+01 7.663648e-04 1.011453e-03 7.947994e-04 4.928415e-04
5.047225e+01 7.798680e-04 1.022816e-03 8.104439e-04 5.063446e-04
5.052425e+01 7.917197e-04 1.028918e-03 8.260059e-04 5.202354e-04
5.057625e+01 8.025342e-04 1.031306e-03 8.418262e-04 5.344705e-04
5.062825e+01 8.130753e-04 1.032026e-03 8.580565e-04 5.491433e-04
5.068025e+01 8.240647e-04 1.033151e-03 8.745620e-04 5.644812e-04
5.073225e+01 8.360233e-04 1.036363e-03 8.908980e-04 5.808093e-04
5.078425e+01 8.491774e-04 1.042706e-03 9.063541e-04 5.984718e-04
5.083625e+01 8.634348e-04 1.052532e-03 9.200551e-04 6.177171e-04
5.088825e+01 8.784178e-04 1.065569e-03 9.311078e-04 6.385769e-04
5.094025e+01 8.935359e-04 1.081055e-03 9.387743e-04 6.607782e-04
5.099225e+01 9.080774e-04 1.097869e-03 9.426368e-04 6.837266e-04
5.104425e+01 9.213135e-04 1.114657e-03 9.427118e-04 7.065715e-04
5.109625e+01 9.326044e-04 1.129995e-03 9.394816e-04 7.283365e-04
5.114825e+01 9.415030e-04 1.142601e-03 9.338372e-04 7.480709e-04
5.120025e+01 9.478380e-04 1.151589e-03 9.269434e-04 7.649820e-04
5.125225e+01 9.517549e-04 1.156693e-03 9.200512e-04 7.785210e-04
5.130425e+01 9.536887e-04 1.158363e-03 9.142759e-04 7.884279e-04
5.135625e+01 9.542562e-04 1.157653e-03 9.103635e-04 7.947521e-04
5.140825e+01 9.540833e-04 1.155898e-03 9.084844e-04 7.978671e-04
5.146025e+01 9.536151e-04 1.154262e-03 9.081099e-04 7.984733e-04
5.151225e+01 9.529765e-04 1.153320e-03 9.080424e-04 7.975675e-04
5.156425e+01 9.519434e-04 1.152844e-03 9.066372e-04 7.963492e-04
5.161625e+01 9.500475e-04 1.151890e-03 9.021986e-04 7.960542e-04
5.166825e+01 9.467810e-04 1.149155e-03 8.934513e-04 7.977363e-04
5.172025e+01 9.418203e-04 1.143471e-03 8.799395e-04 8.020508e-04
5.177225e+01 9.351767e-04 1.134221e-03 8.622049e-04 8.091044e-04
5.182425e+01 9.272109e-04 1.121543e-03 8.416642e-04 8.184254e-04
5.187625e+01 9.185132e-04 1.106248e-03 8.202168e-04 8.290744e-04
5.192825e+01 9.097102e-04 1.089539e-03 7.997209e-04 8.398709e-04
5.198025e+01 9.012894e-04 1.072665e-03 7.815279e-04 8.496753e-04
5.203225e+01 8.935128e-04 1.056650e-03 7.662405e-04 8.576482e-04
5.208425e+01 8.864395e-04 1.042144e-03 7.537585e-04 8.634166e-04
5.213625e+01 8.800246e-04 1.029404e-03 7.435575e-04 8.671124e-04
5.218825e+01 8.742339e-04 1.018351e-03 7.350549e-04 8.692953e-04
5.224025e+01 8.691239e-04 1.008666e-03 7.279021e-04 8.708039e-04
5.229225e+01 8.648603e-04 9.998907e-04 7.221032e-04 8.725869e-04
5.234425e+01 8.616796e-04 9.915426e-04 7.179511e-04 8.755452e-04
5.239625e+01 8.598118e-04 9.831933e-04 7.158516e-04 8.803905e-04
5.244825e+01 8.593872e-04 9.745139e-04 7.161281e-04 8.875196e-04
5.250025e+01 8.603565e-04 9.652706e-04 7.188797e-04 8.969194e-04
5.255225e+01 8.624512e-04 9.552960e-04 7.239169e-04 9.081406e-04
5.260425e+01 8.652065e-04 9.444755e-04 7.307682e-04 9.203757e-04
5.265625e+01 8.680490e-04 9.327733e-04 7.387341e-04 9.326396e-04
5.270825e+01 8.704225e-04 9.202895e-04 7.469749e-04 9.440030e-04
5.276025e+01 8.719105e-04 9.073113e-04 7.546182e-04 9.538019e-04
5.281225e+01 8.723131e-04 8.943119e-04 7.608692e-04 9.617582e-04
5.286425e+01 8.716602e-04 8.818834e-04 7.651024e-04 9.679948e-04
5.291625e+01 8.701685e-04 8.706219e-04 7.669140e-04 9.729695e-04
5.296825e+01 8.681739e-04 8.610093e-04 7.661383e-04 9.773742e-04
5.302025e+01 8.660659e-04 8.533303e-04 7.628423e-04 9.820251e-04
5.307225e+01 8.642386e-04 8.476437e-04 7.573244e-04 9.877477e-04
5.312425e+01 8.630511e-04 8.437922e-04 7.501186e-04 9.952424e-04
5.317625e+01 8.627804e-04 8.414268e-04 7.419836e-04 1.004931e-03
5.322825e+01 8.635573e-04 8.400204e-04 7.338422e-04 1.016809e-03
5.328025e+01 8.652970e-04 8.388766e-04 7.266512e-04 1.030363e-03
5.333225e+01 8.676616e-04 8.371612e-04 7.212226e-04 1.044601e-03
5.338425e+01 8.700920e-04 8.339933e-04 7.180494e-04 1.058233e-03
5.343625e+01 8.719296e-04 8.286104e-04 7.172027e-04 1.069976e-03
5.348825e+01 8.726021e-04 8.205792e-04 7.183394e-04 1.078888e-03
5.354025e+01 8.718089e-04 8.099759e-04 7.208211e-04 1.084630e-03
5.359225e+01 8.696291e-04 7.974476e-04 7.239000e-04 1.087540e-03
5.364425e+01 8.664991e-04 7.840948e-04 7.269093e-04 1.088493e-03
5.369625e+01 8.630629e-04 7.711897e-04 7.293996e-04 1.088600e-03
5.374825e+01 8.599539e-04 7.598216e-04 7.311913e-04 1.088849e-03
5.380025e+01 8.575977e-04 7.506068e-04 7.323431e-04 1.089843e-03
5.385225e+01 8.561100e-04 7.435727e-04 7.330671e-04 1.091690e-03
5.390425e+01 8.553190e-04 7.382482e-04 7.336301e-04 1.094079e-03
5.395625e+01 8.548805e-04 7.338987e-04 7.342772e-04 1.096466e-03
5.400825e+01 8.544214e-04 7.297874e-04 7.351905e-04 1.098286e-03
5.406025e+01 8.536453e-04 7.253548e-04 7.364840e-04 1.099097e-03
5.411225e+01 8.523713e-04 7.202736e-04 7.382233e-04 1.098617e-03
5.416425e+01 8.505187e-04 7.144073e-04 7.404618e-04 1.096687e-03
5.421625e+01 8.480806e-04 7.077399e-04 7.432837e-04 1.093218e-03
5.426825e+01 8.451200e-04 7.003345e-04 7.468372e-04 1.088188e-03
5.432025e+01 8.417893e-04 6.923327e-04 7.513339e-04 1.081701e-03
5.437225e+01 8.383408e-04 6.839638e-04 7.569945e-04 1.074064e-03
5.442425e+01 8.350956e-04 6.755286e-04 7.639481e-04 1.065810e-03
5.447625e+01 8.323643e-04 6.673442e-04 7.721321e-04 1.057616e-03
5.452825e+01 8.303563e-04 6.596735e-04 7.812574e-04 1.050138e-03
5.458025e+01 8.291322e-04 6.526811e-04 7.908869e-04 1.043829e-03
5.463225e+01 8.286279e-04 6.464409e-04 8.006104e-04 1.038833e-03
5.468425e+01 8.287317e-04 6.409889e-04 8.102316e-04 1.034974e-03
5.473625e+01 8.293550e-04 6.363824e-04 8.198560e-04 1.031827e-03
5.478825e+01 8.304410e-04 6.327226e-04 8.298076e-04 1.028793e-03
5.484025e+01 8.318973e-04 6.301212e-04 8.403946e-04 1.025176e-03
5.489225e+01 8.334994e-04 6.286243e-04 8.516278e-04 1.020246e-03
5.494425e+01 8.348367e-04 6.281380e-04 8.630333e-04 1.013339e-03
5.499625e+01 8.353589e-04 6.284015e-04 8.736615e-04 1.004014e-03
5.504825e+01 8.345209e-04 6.290337e-04 8.823089e-04 9.922202e-04
5.510025e+01 8.319721e-04 6.296383e-04 8.878748e-04 9.784031e-04
5.515225e+01 8.277010e-04 6.299250e-04 8.897181e-04 9.634598e-04
5.520425e+01 8.220697e-04 6.297901e-04 8.878800e-04 9.485390e-04
5.525625e+01 8.157148e-04 6.293234e-04 8.830928e-04 9.347281e-04
5.530825e+01 8.093543e-04 6.287393e-04 8.765846e-04 9.227389e-04
5.536025e+01 8.035798e-04 6.282701e-04 8.697672e-04 9.127022e-04
5.541225e+01 7.987156e-04 6.280678e-04 8.639312e-04 9.041479e-04
5.546425e+01 7.947955e-04 6.281535e-04 8.600484e-04 8.961846e-04
5.551625e+01 7.916519e-04 6.284196e-04 8.587118e-04 8.878242e-04
5.556825e+01 7.890605e-04 6.286653e-04 8.601723e-04 8.783438e-04
5.562025e+01 7.868654e-04 6.286339e-04 8.643996e-04 8.675626e-04
5.567225e+01 7.850282e-04 6.280369e-04 8.711077e-04 8.559401e-04
5.572425e+01 7.835956e-04 6.265748e-04 8.797428e-04 8.444693e-04
5.577625e+01 7.826204e-04 6.239752e-04 8.894752e-04 8.344110e-04
5.582825e+01 7.820907e-04 6.200603e-04 8.992474e-04 8.269644e-04
5.588025e+01 7.819021e-04 6.148283e-04 9.079071e-04 8.229709e-04
5.593225e+01 7.818766e-04 6.085046e-04 9.144055e-04 8.227197e-04
5.598425e+01 7.818054e-04 6.015244e-04 9.180078e-04 8.258839e-04
5.603625e+01 7.814915e-04 5.944333e-04 9.184568e-04 8.315845e-04
5.608825e+01 7.807805e-04 5.877371e-04 9.160425e-04 8.385618e-04
5.614025e+01 7.795804e-04 5.817603e-04 9.115602e-04 8.454207e-04
5.619225e+01 7.778785e-04 5.765690e-04 9.061650e-04 8.509016e-04
5.624425e+01 7.757538e-04 5.719907e-04 9.011482e-04 8.541224e-04
5.629625e+01 7.733798e-04 5.677225e-04 8.976802e-04 8.547367e-04
5.634825e+01 7.710098e-04 5.634872e-04 8.965705e-04 8.529719e-04
5.640025e+01 7.689415e-04 5.591855e-04 8.980981e-04 8.495411e-04
5.645225e+01 7.674667e-04 5.549886e-04 9.019582e-04 8.454532e-04
5.650425e+01 7.668150e-04 5.513358e-04 9.073386e-04 8.417705e-04
5.655625e+01 7.671002e-04 5.488260e-04 9.131043e-04 8.393704e-04
5.660825e+01 7.682726e-04 5.480264e-04 9.180320e-04 8.387595e-04
5.666025e+01 7.700781e-04 5.492495e-04 9.210152e-04 8.399695e-04
5.671225e+01 7.720251e-04 5.523649e-04 9.211735e-04 8.425369e-04
5.676425e+01 7.733652e-04 5.567065e-04 9.178401e-04 8.455492e-04
5.681625e+01 7.730952e-04 5.611090e-04 9.104510e-04 8.477255e-04
5.686825e+01 7.699933e-04 5.640695e-04 8.984033e-04 8.475070e-04
5.692025e+01 7.626972e-04 5.639894e-04 8.809580e-04 8.431442e-04
5.697225e+01 7.498214e-04 5.594279e-04 8.572415e-04 8.327947e-04
