7.845072e+00 0.000000e+00 0.000000e+00 0.000000e+00 0.000000e+00
7.894042e+00 0.000000e+00 0.000000e+00 0.000000e+00 0.000000e+00
7.943013e+00 0.000000e+00 0.000000e+00 0.000000e+00 0.000000e+00
7.991984e+00 0.000000e+00 0.000000e+00 0.000000e+00 0.000000e+00
8.040954e+00 0.000000e+00 0.000000e+00 0.000000e+00 0.000000e+00
8.089925e+00 0.000000e+00 0.000000e+00 0.000000e+00 0.000000e+00
8.138895e+00 0.000000e+00 0.000000e+00 0.000000e+00 0.000000e+00
8.187866e+00 0.000000e+00 0.000000e+00 0.000000e+00 0.000000e+00
8.236837e+00 0.000000e+00 0.000000e+00 0.000000e+00 0.000000e+00
8.285807e+00 0.000000e+00 0.000000e+00 0.000000e+00 0.000000e+00
8.334778e+00 0.000000e+00 0.000000e+00 0.000000e+00 0.000000e+00
8.383748e+00 0.000000e+00 0.000000e+00 0.000000e+00 0.000000e+00
8.432719e+00 0.000000e+00 0.000000e+00 0.000000e+00 0.000000e+00
8.481690e+00 0.000000e+00 0.000000e+00 0.000000e+00 0.000000e+00
8.530660e+00 0.000000e+00 0.000000e+00 0.000000e+00 0.000000e+00
8.579631e+00 0.000000e+00 0.000000e+00 0.000000e+00 0.000000e+00
8.628601e+00 0.000000e+00 0.000000e+00 0.000000e+00 0.000000e+00
8.677572e+00 0.000000e+00 0.000000e+00 0.000000e+00 0.000000e+00
8.726543e+00 0.000000e+00 0.000000e+00 0.000000e+00 0.000000e+00
8.775513e+00 0.000000e+00 0.000000e+00 0.000000e+00 0.000000e+00
8.824484e+00 0.000000e+00 0.000000e+00 0.000000e+00 0.000000e+00
8.873454e+00 0.000000e+00 0.000000e+00 0.000000e+00 0.000000e+00
8.922425e+00 0.000000e+00 0.000000e+00 0.000000e+00 0.000000e+00
8.971396e+00 0.000000e+00 0.000000e+00 0.000000e+00 0.000000e+00
9.020366e+00 0.000000e+00 0.000000e+00 0.000000e+00 0.000000e+00
9.069337e+00 0.000000e+00 0.000000e+00 0.000000e+00 0.000000e+00
9.118307e+00 0.000000e+00 0.000000e+00 0.000000e+00 0.000000e+00
9.167278e+00 0.000000e+00 0.000000e+00 0.000000e+00 0.000000e+00
9.216249e+00 0.000000e+00 0.000000e+00 0.000000e+00 0.000000e+00
9.265219e+00 0.000000e+00 0.000000e+00 0.000000e+00 0.000000e+00
9.314190e+00 0.000000e+00 0.000000e+00 0.000000e+00 0.000000e+00
9.363160e+00 0.000000e+00 0.000000e+00 0.000000e+00 0.000000e+00
9.412131e+00 0.000000e+00 0.000000e+00 0.000000e+00 0.000000e+00
9.461102e+00 0.000000e+00 0.000000e+00 0.000000e+00 0.000000e+00
9.510072e+00 0.000000e+00 0.000000e+00 0.000000e+00 0.000000e+00
9.559043e+00 0.000000e+00 0.000000e+00 0.000000e+00 0.000000e+00
9.608013e+00 0.000000e+00 0.000000e+00 0.000000e+00 0.000000e+00
9.656984e+00 0.000000e+00 0.000000e+00 0.000000e+00 0.000000e+00
9.705955e+00 0.000000e+00 0.000000e+00 0.000000e+00 0.000000e+00
9.754925e+00 0.000000e+00 0.000000e+00 0.000000e+00 0.000000e+00
9.803896e+00 0.000000e+00 0.000000e+00 0.000000e+00 0.000000e+00
9.852866e+00 0.000000e+00 0.000000e+00 0.000000e+00 0.000000e+00
9.901837e+00 0.000000e+00 0.000000e+00 0.000000e+00 0.000000e+00
9.950808e+00 0.000000e+00 0.000000e+00 0.000000e+00 0.000000e+00
9.999778e+00 0.000000e+00 0.000000e+00 0.000000e+00 0.000000e+00
1.004875e+01 0.000000e+00 0.000000e+00 0.000000e+00 0.000000e+00
1.009772e+01 0.000000e+00 0.000000e+00 0.000000e+00 0.000000e+00
1.014669e+01 0.000000e+00 0.000000e+00 0.000000e+00 0.000000e+00
1.019566e+01 0.000000e+00 0.000000e+00 0.000000e+00 0.000000e+00
1.024463e+01 0.000000e+00 0.000000e+00 0.000000e+00 0.000000e+00
1.029360e+01 0.000000e+00 0.000000e+00 0.000000e+00 0.000000e+00
1.034257e+01 0.000000e+00 0.000000e+00 0.000000e+00 0.000000e+00
1.039154e+01 0.000000e+00 0.000000e+00 0.000000e+00 0.000000e+00
1.044051e+01 0.000000e+00 0.000000e+00 0.000000e+00 0.000000e+00
1.048948e+01 0.000000e+00 0.000000e+00 0.000000e+00 0.000000e+00
1.053845e+01 0.000000e+00 0.000000e+00 0.000000e+00 0.000000e+00
1.058743e+01 0.000000e+00 0.000000e+00 0.000000e+00 0.000000e+00
1.063640e+01 0.000000e+00 0.000000e+00 0.000000e+00 0.000000e+00
1.068537e+01 0.000000e+00 0.000000e+00 0.000000e+00 0.000000e+00
1.073434e+01 0.000000e+00 0.000000e+00 0.000000e+00 0.000000e+00
1.078331e+01 0.000000e+00 0.000000e+00 0.000000e+00 0.000000e+00
1.083228e+01 0.000000e+00 0.000000e+00 0.000000e+00 0.000000e+00
1.088125e+01 0.000000e+00 0.000000e+00 0.000000e+00 0.000000e+00
1.093022e+01 0.000000e+00 0.000000e+00 0.000000e+00 0.000000e+00
1.097919e+01 0.000000e+00 0.000000e+00 0.000000e+00 0.000000e+00
1.102816e+01 0.000000e+00 0.000000e+00 0.000000e+00 0.000000e+00
1.107713e+01 0.000000e+00 0.000000e+00 0.000000e+00 0.000000e+00
1.112610e+01 0.000000e+00 0.000000e+00 0.000000e+00 0.000000e+00
1.117507e+01 0.000000e+00 0.000000e+00 0.000000e+00 0.000000e+00
1.122404e+01 0.000000e+00 0.000000e+00 0.000000e+00 0.000000e+00
1.127301e+01 0.000000e+00 0.000000e+00 0.000000e+00 0.000000e+00
1.132198e+01 0.000000e+00 0.000000e+00 0.000000e+00 0.000000e+00
1.137095e+01 0.000000e+00 0.000000e+00 0.000000e+00 0.000000e+00
1.141993e+01 0.000000e+00 0.000000e+00 0.000000e+00 0.000000e+00
1.146890e+01 0.000000e+00 0.000000e+00 0.000000e+00 0.000000e+00
1.151787e+01 0.000000e+00 0.000000e+00 0.000000e+00 0.000000e+00
1.156684e+01 0.000000e+00 0.000000e+00 0.000000e+00 0.000000e+00
1.161581e+01 0.000000e+00 0.000000e+00 0.000000e+00 0.000000e+00
1.166478e+01 0.000000e+00 0.000000e+00 0.000000e+00 0.000000e+00
1.171375e+01 8.148340e-14 1.072617e-15 1.988389e-13 4.453872e-14
1.176272e+01 6.432764e-13 2.689975e-14 1.551252e-12 3.516778e-13
1.181169e+01 3.099736e-12 1.578842e-13 7.448225e-12 1.693100e-12
1.186066e+01 1.237927e-11 6.655917e-13 2.971306e-11 6.759148e-12
1.190963e+01 4.584311e-11 2.548805e-12 1.099586e-10 2.502190e-11
1.195860e+01 1.635275e-10 9.334551e-12 3.920963e-10 8.915156e-11
1.200757e+01 5.457871e-10 3.191675e-11 1.308133e-09 2.973120e-10
1.205654e+01 1.718203e-09 1.030016e-10 4.116196e-09 9.354109e-10
1.210551e+01 5.130845e-09 3.143430e-10 1.228691e-08 2.791282e-09
1.215448e+01 1.454150e-08 9.073977e-10 3.481302e-08 7.904087e-09
1.220346e+01 3.913785e-08 2.478214e-09 9.368328e-08 2.125205e-08
1.225243e+01 1.000989e-07 6.405509e-09 2.396009e-07 5.429026e-08
1.230140e+01 2.434410e-07 1.567406e-08 5.827937e-07 1.318552e-07
1.235037e+01 5.633511e-07 3.632242e-08 1.349073e-06 3.046580e-07
1.239934e+01 1.241268e-06 7.974388e-08 2.973947e-06 6.701122e-07
1.244831e+01 2.605610e-06 1.659290e-07 6.246917e-06 1.403983e-06
1.249728e+01 5.213502e-06 3.273629e-07 1.250977e-05 2.803376e-06
1.254625e+01 9.946996e-06 6.126326e-07 2.389154e-05 5.336819e-06
1.259522e+01 1.810074e-05 1.087960e-06 4.352526e-05 9.689013e-06
1.264419e+01 3.141716e-05 1.834158e-06 7.564036e-05 1.677697e-05
1.269316e+01 5.200530e-05 2.936466e-06 1.253751e-04 2.770430e-05
1.274213e+01 8.207359e-05 4.465885e-06 1.981371e-04 4.361781e-05
1.279110e+01 1.234320e-04 6.453341e-06 2.983980e-04 6.544472e-05
1.284007e+01 1.767885e-04 8.861792e-06 4.279788e-04 9.352499e-05
1.288904e+01 2.409741e-04 1.156496e-05 5.841469e-04 1.272105e-04
1.293801e+01 3.123459e-04 1.434293e-05 7.581332e-04 1.645615e-04
1.298698e+01 3.846762e-04 1.690244e-05 9.348276e-04 2.022986e-04
1.303596e+01 4.497742e-04 1.892332e-05 1.094262e-03 2.361374e-04
1.308493e+01 4.988734e-04 2.012309e-05 1.214980e-03 2.615168e-04
1.313390e+01 5.245183e-04 2.032450e-05 1.278648e-03 2.745823e-04
1.318287e+01 5.224135e-04 1.950800e-05 1.274591e-03 2.731415e-04
1.323184e+01 4.926143e-04 1.783826e-05 1.202732e-03 2.572728e-04
1.328081e+01 4.396232e-04 1.566816e-05 1.073839e-03 2.293630e-04
1.332978e+01 3.713457e-04 1.354261e-05 9.069394e-04 1.935553e-04
1.337875e+01 2.972932e-04 1.223907e-05 7.248297e-04 1.548108e-04
1.342772e+01 2.266832e-04 1.288441e-05 5.492401e-04 1.179252e-04
1.347669e+01 1.670715e-04 1.717166e-05 3.972140e-04 8.682898e-05
1.352566e+01 1.238699e-04 2.766022e-05 2.795940e-04 6.435541e-05
1.357463e+01 1.007159e-04 4.808362e-05 2.016085e-04 5.245565e-05
1.362360e+01 1.003269e-04 8.352223e-05 1.647933e-04 5.266534e-05
1.367257e+01 1.253187e-04 1.402547e-04 1.691564e-04 6.654507e-05
1.372154e+01 1.785293e-04 2.251201e-04 2.146224e-04 9.584550e-05
1.377051e+01 2.626165e-04 3.443377e-04 3.012431e-04 1.422688e-04
1.381948e+01 3.790145e-04 5.019361e-04 4.282360e-04 2.068714e-04
1.386846e+01 5.266415e-04 6.981854e-04 5.924141e-04 2.893249e-04
1.391743e+01 7.009346e-04 9.285822e-04 7.868640e-04 3.873577e-04
1.396640e+01 8.937589e-04 1.183899e-03 1.000696e-03 4.966813e-04
1.401537e+01 1.094462e-03 1.451524e-03 1.220314e-03 6.115470e-04
1.406434e+01 1.291898e-03 1.717860e-03 1.432016e-03 7.258191e-04
1.411331e+01 1.476825e-03 1.971124e-03 1.625131e-03 8.342191e-04
1.416228e+01 1.643861e-03 2.203727e-03 1.794546e-03 9.333085e-04
1.421125e+01 1.792369e-03 2.413535e-03 1.941677e-03 1.021896e-03
1.426022e+01 1.926070e-03 2.603830e-03 2.073554e-03 1.100825e-03
1.430919e+01 2.051688e-03 2.782243e-03 2.200457e-03 1.172364e-03
1.435816e+01 2.177264e-03 2.959211e-03 2.333064e-03 1.239519e-03
1.440713e+01 2.310679e-03 3.146437e-03 2.480072e-03 1.305527e-03
1.445610e+01 2.458635e-03 3.355494e-03 2.646837e-03 1.373574e-03
1.450507e+01 2.625974e-03 3.596330e-03 2.834952e-03 1.446639e-03
1.455404e+01 2.815038e-03 3.875370e-03 3.042354e-03 1.527391e-03
1.460301e+01 3.024920e-03 4.193160e-03 3.263504e-03 1.618096e-03
1.465199e+01 3.250721e-03 4.542024e-03 3.489544e-03 1.720597e-03
1.470096e+01 3.483189e-03 4.904658e-03 3.708596e-03 1.836312e-03
1.474993e+01 3.709119e-03 5.254694e-03 3.906568e-03 1.966095e-03
1.479890e+01 3.912724e-03 5.559819e-03 4.068612e-03 2.109742e-03
1.484787e+01 4.077824e-03 5.787208e-03 4.181150e-03 2.265114e-03
1.489684e+01 4.190461e-03 5.910091e-03 4.234078e-03 2.427214e-03
1.494581e+01 4.241399e-03 5.913661e-03 4.222683e-03 2.587854e-03
1.499478e+01 4.227967e-03 5.798559e-03 4.148877e-03 2.736465e-03
1.504375e+01 4.154812e-03 5.580843e-03 4.021444e-03 2.862151e-03
1.509272e+01 4.033315e-03 5.288406e-03 3.855199e-03 2.956340e-03
1.514169e+01 3.879631e-03 4.954955e-03 3.669034e-03 3.014903e-03
1.519066e+01 3.711729e-03 4.613377e-03 3.483085e-03 3.038725e-03
1.523963e+01 3.546128e-03 4.290494e-03 3.315509e-03 3.032382e-03
1.528860e+01 3.395316e-03 4.004707e-03 3.179655e-03 3.001587e-03
1.533757e+01 3.266746e-03 3.766981e-03 3.082498e-03 2.950758e-03
1.538654e+01 3.163813e-03 3.584433e-03 3.024952e-03 2.882053e-03
1.543551e+01 3.088407e-03 3.464716e-03 3.004052e-03 2.796452e-03
1.548449e+01 3.043911e-03 3.419070e-03 3.016260e-03 2.696404e-03
1.553346e+01 3.037203e-03 3.462362e-03 3.060627e-03 2.588622e-03
1.558243e+01 3.078550e-03 3.609632e-03 3.140509e-03 2.485508e-03
1.563140e+01 3.179163e-03 3.870138e-03 3.263098e-03 2.404253e-03
1.568037e+01 3.347175e-03 4.240964e-03 3.436823e-03 2.363739e-03
1.572934e+01 3.583450e-03 4.702586e-03 3.667469e-03 2.380296e-03
1.577831e+01 3.878720e-03 5.218157e-03 3.954215e-03 2.463789e-03
1.582728e+01 4.213027e-03 5.737102e-03 4.286762e-03 2.615218e-03
1.587625e+01 4.557695e-03 6.202301e-03 4.644417e-03 2.826366e-03
1.592522e+01 4.879342e-03 6.559207e-03 4.997562e-03 3.081258e-03
1.597419e+01 5.145024e-03 6.764839e-03 5.311485e-03 3.358747e-03
1.602316e+01 5.327387e-03 6.794740e-03 5.551960e-03 3.635461e-03
1.607213e+01 5.408822e-03 6.646505e-03 5.691453e-03 3.888509e-03
1.612110e+01 5.383776e-03 6.339240e-03 5.714387e-03 4.097702e-03
1.617007e+01 5.258820e-03 5.909208e-03 5.620009e-03 4.247245e-03
1.621904e+01 5.050594e-03 5.402752e-03 5.422016e-03 4.327015e-03
1.626801e+01 4.782267e-03 4.868182e-03 5.145129e-03 4.333491e-03
1.631699e+01 4.479496e-03 4.348468e-03 4.819745e-03 4.270275e-03
1.636596e+01 4.166837e-03 3.876174e-03 4.476294e-03 4.148042e-03
1.641493e+01 3.865215e-03 3.471256e-03 4.140706e-03 3.983682e-03
1.646390e+01 3.590568e-03 3.141520e-03 3.831703e-03 3.798480e-03
1.651287e+01 3.353377e-03 2.884851e-03 3.559915e-03 3.615365e-03
1.656184e+01 3.158678e-03 2.692215e-03 3.328306e-03 3.455515e-03
1.661081e+01 3.006272e-03 2.550596e-03 3.133388e-03 3.334834e-03
1.665978e+01 2.891156e-03 2.445490e-03 2.966958e-03 3.261021e-03
1.670875e+01 2.804392e-03 2.362892e-03 2.818270e-03 3.232015e-03
1.675772e+01 2.734656e-03 2.290897e-03 2.676598e-03 3.236472e-03
1.680669e+01 2.670463e-03 2.220998e-03 2.533869e-03 3.256523e-03
1.685566e+01 2.602727e-03 2.148999e-03 2.386795e-03 3.272387e-03
1.690463e+01 2.526954e-03 2.075375e-03 2.237805e-03 3.267681e-03
1.695360e+01 2.444350e-03 2.004868e-03 2.094368e-03 3.233813e-03
1.700257e+01 2.361343e-03 1.945261e-03 1.966796e-03 3.171970e-03
1.705154e+01 2.287570e-03 1.905469e-03 1.865192e-03 3.092051e-03
1.710052e+01 2.232947e-03 1.893346e-03 1.796516e-03 3.008979e-03
1.714949e+01 2.204777e-03 1.913737e-03 1.762733e-03 2.937859e-03
1.719846e+01 2.205863e-03 1.967342e-03 1.760536e-03 2.889711e-03
1.724743e+01 2.234158e-03 2.050751e-03 1.782608e-03 2.869116e-03
1.729640e+01 2.283930e-03 2.157714e-03 1.819849e-03 2.874227e-03
1.734537e+01 2.347923e-03 2.281333e-03 1.863772e-03 2.898662e-03
1.739434e+01 2.419756e-03 2.416568e-03 1.908360e-03 2.934340e-03
1.744331e+01 2.495884e-03 2.562338e-03 1.951007e-03 2.974306e-03
1.749228e+01 2.576701e-03 2.722589e-03 1.992562e-03 3.014952e-03
1.754125e+01 2.666696e-03 2.905884e-03 2.036769e-03 3.057433e-03
1.759022e+01 2.773731e-03 3.123376e-03 2.089481e-03 3.108337e-03
1.763919e+01 2.907636e-03 3.385319e-03 2.157922e-03 3.179666e-03
1.768816e+01 3.078260e-03 3.696642e-03 2.250088e-03 3.288049e-03
1.773713e+01 3.293211e-03 4.052524e-03 2.374172e-03 3.452937e-03
1.778610e+01 3.555518e-03 4.435261e-03 2.537765e-03 3.693528e-03
1.783507e+01 3.861564e-03 4.813780e-03 2.746576e-03 4.024337e-03
1.788404e+01 4.199655e-03 5.146724e-03 3.002504e-03 4.449738e-03
1.793302e+01 4.549574e-03 5.389038e-03 3.301212e-03 4.958472e-03
1.798199e+01 4.883400e-03 5.500751e-03 3.629721e-03 5.519726e-03
1.803096e+01 5.167783e-03 5.455661e-03 3.964983e-03 6.082705e-03
1.807993e+01 5.367732e-03 5.247369e-03 4.274556e-03 6.581272e-03
1.812890e+01 5.451655e-03 4.890866e-03 4.520189e-03 6.943910e-03
1.817787e+01 5.396951e-03 4.419243e-03 4.664209e-03 7.107400e-03
1.822684e+01 5.194968e-03 3.876674e-03 4.677442e-03 7.030788e-03
1.827581e+01 4.853890e-03 3.309841e-03 4.546380e-03 6.705448e-03
1.832478e+01 4.398401e-03 2.760152e-03 4.277165e-03 6.157887e-03
1.837375e+01 3.865841e-03 2.258497e-03 3.894824e-03 5.444201e-03
1.842272e+01 3.299677e-03 1.823226e-03 3.437856e-03 4.637948e-03
1.847169e+01 2.742092e-03 1.461034e-03 2.949971e-03 3.815271e-03
1.852066e+01 2.227708e-03 1.169779e-03 2.471693e-03 3.041653e-03
1.856963e+01 1.779986e-03 9.420910e-04 2.034365e-03 2.363501e-03
1.861860e+01 1.410794e-03 7.687906e-04 1.657867e-03 1.805723e-03
1.866757e+01 1.122594e-03 6.415285e-04 1.351876e-03 1.374378e-03
1.871654e+01 9.120097e-04 5.543951e-04 1.119321e-03 1.062313e-03
1.876552e+01 7.734455e-04 5.045361e-04 9.602700e-04 8.555303e-04
1.881449e+01 7.017753e-04 4.919388e-04 8.747962e-04 7.385908e-04
1.886346e+01 6.936225e-04 5.185912e-04 8.640633e-04 6.982131e-04
1.891243e+01 7.472364e-04 5.871973e-04 9.295830e-04 7.249289e-04
1.896140e+01 8.612701e-04 6.996128e-04 1.071142e-03 8.130551e-04
1.901037e+01 1.032922e-03 8.551853e-04 1.284186e-03 9.593958e-04
1.905934e+01 1.255965e-03 1.049251e-03 1.557546e-03 1.161099e-03
1.910831e+01 1.519193e-03 1.272123e-03 1.872343e-03 1.413112e-03
1.915728e+01 1.805793e-03 1.508951e-03 2.202664e-03 1.705763e-03
1.920625e+01 2.094024e-03 1.740765e-03 2.518192e-03 2.023114e-03
1.925522e+01 2.359337e-03 1.946791e-03 2.788434e-03 2.342785e-03
1.930419e+01 2.577723e-03 2.107742e-03 2.987651e-03 2.637777e-03
1.935316e+01 2.729659e-03 2.209372e-03 3.099281e-03 2.880324e-03
1.940213e+01 2.803667e-03 2.245321e-03 3.118646e-03 3.047035e-03
1.945110e+01 2.798473e-03 2.218324e-03 3.053184e-03 3.123912e-03
1.950007e+01 2.722990e-03 2.139302e-03 2.920104e-03 3.109563e-03
1.954905e+01 2.594045e-03 2.024583e-03 2.742165e-03 3.015387e-03
1.959802e+01 2.432473e-03 1.892111e-03 2.542774e-03 2.862533e-03
1.964699e+01 2.258764e-03 1.757865e-03 2.341742e-03 2.676684e-03
1.969596e+01 2.089532e-03 1.633469e-03 2.152704e-03 2.482423e-03
1.974493e+01 1.935658e-03 1.525461e-03 1.982568e-03 2.298947e-03
1.979390e+01 1.802266e-03 1.436001e-03 1.832680e-03 2.138117e-03
1.984287e+01 1.690030e-03 1.364355e-03 1.700929e-03 2.004808e-03
1.989184e+01 1.597012e-03 1.308413e-03 1.583907e-03 1.898715e-03
1.994081e+01 1.520270e-03 1.265732e-03 1.478513e-03 1.816566e-03
1.998978e+01 1.456877e-03 1.233958e-03 1.382735e-03 1.753937e-03
2.003875e+01 1.404329e-03 1.210825e-03 1.295770e-03 1.706392e-03
2.008772e+01 1.360608e-03 1.194028e-03 1.217762e-03 1.670034e-03
2.013669e+01 1.324129e-03 1.181220e-03 1.149437e-03 1.641730e-03
2.018566e+01 1.293723e-03 1.170208e-03 1.091786e-03 1.619174e-03
2.023463e+01 1.268622e-03 1.159255e-03 1.045764e-03 1.600847e-03
2.028360e+01 1.248380e-03 1.147316e-03 1.011988e-03 1.585835e-03
2.033257e+01 1.232670e-03 1.134083e-03 9.904055e-04 1.573522e-03
2.038155e+01 1.221013e-03 1.119786e-03 9.800288e-04 1.563226e-03
2.043052e+01 1.212536e-03 1.104851e-03 9.788393e-04 1.553919e-03
2.047949e+01 1.205871e-03 1.089545e-03 9.839401e-04 1.544128e-03
2.052846e+01 1.199235e-03 1.073737e-03 9.919319e-04 1.532037e-03
2.057743e+01 1.190656e-03 1.056872e-03 9.993906e-04 1.515706e-03
2.062640e+01 1.178251e-03 1.038135e-03 1.003287e-03 1.493330e-03
2.067537e+01 1.160469e-03 1.016743e-03 1.001235e-03 1.463429e-03
2.072434e+01 1.136262e-03 9.922501e-04 9.915514e-04 1.424986e-03
2.077331e+01 1.105171e-03 9.647549e-04 9.732153e-04 1.377544e-03
2.082228e+01 1.067356e-03 9.349458e-04 9.458284e-04 1.321294e-03
2.087125e+01 1.023596e-03 9.039770e-04 9.096565e-04 1.257154e-03
2.092022e+01 9.752504e-04 8.732297e-04 8.657369e-04 1.186785e-03
2.096919e+01 9.241742e-04 8.440530e-04 8.159698e-04 1.112500e-03
2.101816e+01 8.725744e-04 8.175717e-04 7.630940e-04 1.037058e-03
2.106713e+01 8.228230e-04 7.946164e-04 7.104906e-04 9.633619e-04
2.111610e+01 7.772513e-04 7.757742e-04 6.618281e-04 8.941518e-04
2.116507e+01 7.379605e-04 7.615083e-04 6.206244e-04 8.317489e-04
2.121405e+01 7.066662e-04 7.522690e-04 5.898260e-04 7.779035e-04
2.126302e+01 6.845791e-04 7.485157e-04 5.714856e-04 7.337360e-04
2.131199e+01 6.723084e-04 7.506046e-04 5.665791e-04 6.997414e-04
2.136096e+01 6.697791e-04 7.585522e-04 5.749648e-04 6.758201e-04
2.140993e+01 6.761732e-04 7.717468e-04 5.954572e-04 6.613156e-04
2.145890e+01 6.899283e-04 7.887320e-04 6.259861e-04 6.550668e-04
2.150787e+01 7.088368e-04 8.071972e-04 6.638124e-04 6.555009e-04
2.155684e+01 7.302785e-04 8.242564e-04 7.057825e-04 6.607967e-04
2.160581e+01 7.515791e-04 8.369975e-04 7.486115e-04 6.691284e-04
2.165478e+01 7.704407e-04 8.431646e-04 7.891862e-04 6.789713e-04
2.170375e+01 7.853481e-04 8.417581e-04 8.248768e-04 6.894093e-04
2.175272e+01 7.958450e-04 8.333475e-04 8.538273e-04 7.003601e-04
2.180169e+01 8.026001e-04 8.199860e-04 8.751810e-04 7.126335e-04
2.185066e+01 8.072383e-04 8.047575e-04 8.891810e-04 7.277764e-04
2.189963e+01 8.119797e-04 7.911130e-04 8.971010e-04 7.477251e-04
2.194860e+01 8.191812e-04 7.821996e-04 9.009962e-04 7.743479e-04
2.199758e+01 8.308939e-04 7.803545e-04 9.033280e-04 8.089993e-04
2.204655e+01 8.485342e-04 7.868459e-04 9.065651e-04 8.521917e-04
2.209552e+01 8.727299e-04 8.018547e-04 9.128840e-04 9.034509e-04
2.214449e+01 9.033541e-04 8.246315e-04 9.240643e-04 9.613666e-04
2.219346e+01 9.397253e-04 8.537552e-04 9.416015e-04 1.023819e-03
2.224243e+01 9.809174e-04 8.874341e-04 9.669779e-04 1.088340e-03
2.229140e+01 1.026102e-03 9.238052e-04 1.001961e-03 1.152540e-03
2.234037e+01 1.074822e-03 9.611910e-04 1.048770e-03 1.214504e-03
2.238934e+01 1.127088e-03 9.982704e-04 1.109960e-03 1.273033e-03
2.243831e+01 1.183231e-03 1.034125e-03 1.187952e-03 1.327616e-03
2.248728e+01 1.243506e-03 1.068159e-03 1.284216e-03 1.378144e-03
2.253625e+01 1.307559e-03 1.099928e-03 1.398288e-03 1.424462e-03
2.258522e+01 1.373957e-03 1.128968e-03 1.526880e-03 1.466024e-03
2.263419e+01 1.439994e-03 1.154701e-03 1.663444e-03 1.501837e-03
2.268316e+01 1.501929e-03 1.176473e-03 1.798486e-03 1.530829e-03
2.273213e+01 1.555634e-03 1.193705e-03 1.920719e-03 1.552479e-03
2.278110e+01 1.597490e-03 1.206093e-03 2.018915e-03 1.567463e-03
2.283008e+01 1.625227e-03 1.213742e-03 2.083996e-03 1.577942e-03
2.287905e+01 1.638435e-03 1.217160e-03 2.110837e-03 1.587307e-03
2.292802e+01 1.638585e-03 1.217114e-03 2.099270e-03 1.599370e-03
2.297699e+01 1.628561e-03 1.214385e-03 2.054059e-03 1.617241e-03
2.302596e+01 1.611921e-03 1.209554e-03 1.983934e-03 1.642275e-03
2.307493e+01 1.592118e-03 1.202903e-03 1.899981e-03 1.673470e-03
2.312390e+01 1.571946e-03 1.194480e-03 1.813818e-03 1.707540e-03
2.317287e+01 1.553297e-03 1.184295e-03 1.735895e-03 1.739702e-03
2.322184e+01 1.537206e-03 1.172537e-03 1.674143e-03 1.764937e-03
2.327081e+01 1.524039e-03 1.159696e-03 1.633064e-03 1.779358e-03
2.331978e+01 1.513691e-03 1.146486e-03 1.613331e-03 1.781256e-03
2.336875e+01 1.505671e-03 1.133600e-03 1.611929e-03 1.771484e-03
2.341772e+01 1.499097e-03 1.121364e-03 1.622867e-03 1.753061e-03
2.346669e+01 1.492655e-03 1.109471e-03 1.638361e-03 1.730134e-03
2.351566e+01 1.484621e-03 1.096907e-03 1.650293e-03 1.706662e-03
2.356463e+01 1.473019e-03 1.082145e-03 1.651636e-03 1.685277e-03
2.361360e+01 1.455932e-03 1.063545e-03 1.637526e-03 1.666726e-03
2.366258e+01 1.431894e-03 1.039826e-03 1.605794e-03 1.650064e-03
2.371155e+01 1.400273e-03 1.010436e-03 1.556918e-03 1.633466e-03
2.376052e+01 1.361517e-03 9.757222e-04 1.493509e-03 1.615319e-03
2.380949e+01 1.317175e-03 9.368547e-04 1.419550e-03 1.595121e-03
2.385846e+01 1.269674e-03 8.955861e-04 1.339578e-03 1.573858e-03
2.390743e+01 1.221871e-03 8.539303e-04 1.257966e-03 1.553716e-03
2.395640e+01 1.176512e-03 8.138563e-04 1.178398e-03 1.537281e-03
2.400537e+01 1.135711e-03 7.770415e-04 1.103545e-03 1.526546e-03
2.405434e+01 1.100577e-03 7.446951e-04 1.034951e-03 1.522085e-03
2.410331e+01 1.071071e-03 7.174464e-04 9.730994e-04 1.522666e-03
2.415228e+01 1.046100e-03 6.952966e-04 9.176116e-04 1.525391e-03
2.420125e+01 1.023822e-03 6.776447e-04 8.675379e-04 1.526282e-03
2.425022e+01 1.002061e-03 6.633962e-04 8.216728e-04 1.521113e-03
2.429919e+01 9.787411e-04 6.511456e-04 7.788437e-04 1.506234e-03
2.434816e+01 9.522484e-04 6.394017e-04 7.381250e-04 1.479218e-03
2.439713e+01 9.216475e-04 6.268073e-04 6.989553e-04 1.439180e-03
2.444611e+01 8.867427e-04 6.123088e-04 6.611551e-04 1.386764e-03
2.449508e+01 8.479927e-04 5.952479e-04 6.248621e-04 1.323868e-03
2.454405e+01 8.063308e-04 5.753743e-04 5.904153e-04 1.253203e-03
2.459302e+01 7.629516e-04 5.527973e-04 5.582182e-04 1.177839e-03
2.464199e+01 7.191171e-04 5.279023e-04 5.286147e-04 1.100834e-03
2.469096e+01 6.760115e-04 5.012549e-04 5.017939e-04 1.024986e-03
2.473993e+01 6.346492e-04 4.735108e-04 4.777362e-04 9.527006e-04
2.478890e+01 5.958204e-04 4.453414e-04 4.561985e-04 8.859213e-04
2.483787e+01 5.600618e-04 4.173850e-04 4.367392e-04 8.260613e-04
2.488684e+01 5.276447e-04 3.902239e-04 4.187796e-04 7.739307e-04
2.493581e+01 4.985870e-04 3.643813e-04 4.016996e-04 7.296799e-04
2.498478e+01 4.726963e-04 3.403223e-04 3.849571e-04 6.928095e-04
2.503375e+01 4.496422e-04 3.184414e-04 3.682051e-04 6.622800e-04
2.508272e+01 4.290399e-04 2.990285e-04 3.513744e-04 6.367168e-04
2.513169e+01 4.105238e-04 2.822209e-04 3.346837e-04 6.146668e-04
2.518066e+01 3.937887e-04 2.679649e-04 3.185619e-04 5.948391e-04
2.522963e+01 3.785948e-04 2.560115e-04 3.034968e-04 5.762760e-04
2.527861e+01 3.647482e-04 2.459649e-04 2.898564e-04 5.584232e-04
2.532758e+01 3.520734e-04 2.373738e-04 2.777466e-04 5.410998e-04
2.537655e+01 3.403946e-04 2.298380e-04 2.669565e-04 5.243893e-04
2.542552e+01 3.295279e-04 2.230890e-04 2.570114e-04 5.084833e-04
2.547449e+01 3.192784e-04 2.170101e-04 2.473085e-04 4.935165e-04
2.552346e+01 3.094353e-04 2.115863e-04 2.372857e-04 4.794339e-04
2.557243e+01 2.997666e-04 2.068072e-04 2.265644e-04 4.659281e-04
2.562140e+01 2.900221e-04 2.025686e-04 2.150280e-04 4.524698e-04
2.567037e+01 2.799605e-04 1.986245e-04 2.028284e-04 4.384285e-04
2.571934e+01 2.694008e-04 1.946200e-04 1.903325e-04 4.232501e-04
2.576831e+01 2.582899e-04 1.901995e-04 1.780365e-04 4.066338e-04
2.581728e+01 2.467589e-04 1.851544e-04 1.664698e-04 3.886526e-04
2.586625e+01 2.351456e-04 1.795509e-04 1.561067e-04 3.697793e-04
2.591522e+01 2.239718e-04 1.737913e-04 1.473021e-04 3.508219e-04
2.596419e+01 2.138817e-04 1.685827e-04 1.402640e-04 3.327985e-04
2.601316e+01 2.055617e-04 1.648181e-04 1.350704e-04 3.167965e-04
2.606213e+01 1.996590e-04 1.634021e-04 1.317268e-04 3.038480e-04
2.611111e+01 1.967082e-04 1.650609e-04 1.302375e-04 2.948263e-04
2.616008e+01 1.970633e-04 1.701801e-04 1.306565e-04 2.903532e-04
2.620905e+01 2.008306e-04 1.787036e-04 1.330844e-04 2.907039e-04
2.625802e+01 2.078082e-04 1.901112e-04 1.375988e-04 2.957147e-04
2.630699e+01 2.174439e-04 2.034737e-04 1.441393e-04 3.047187e-04
2.635596e+01 2.288322e-04 2.175640e-04 1.523906e-04 3.165419e-04
2.640493e+01 2.407642e-04 2.309946e-04 1.617167e-04 3.295813e-04
2.645390e+01 2.518338e-04 2.423546e-04 1.711799e-04 3.419669e-04
2.650287e+01 2.605907e-04 2.503354e-04 1.796513e-04 3.517853e-04
2.655184e+01 2.657234e-04 2.538525e-04 1.859872e-04 3.573305e-04
2.660081e+01 2.662468e-04 2.521736e-04 1.892270e-04 3.573397e-04
2.664978e+01 2.616636e-04 2.450493e-04 1.887655e-04 3.511758e-04
2.669875e+01 2.520675e-04 2.328175e-04 1.844613e-04 3.389237e-04
2.674772e+01 2.381579e-04 2.164336e-04 1.766617e-04 3.213783e-04
2.679669e+01 2.211511e-04 1.973869e-04 1.661404e-04 2.999261e-04
2.684566e+01 2.025995e-04 1.774944e-04 1.539625e-04 2.763417e-04
2.689464e+01 1.841530e-04 1.586107e-04 1.413074e-04 2.525409e-04
2.694361e+01 1.673162e-04 1.423237e-04 1.292880e-04 2.303368e-04
2.699258e+01 1.532493e-04 1.297130e-04 1.188011e-04 2.112337e-04
2.704155e+01 1.426414e-04 1.212197e-04 1.104310e-04 1.962735e-04
2.709052e+01 1.356615e-04 1.166396e-04 1.044085e-04 1.859363e-04
2.713949e+01 1.319762e-04 1.152204e-04 1.006147e-04 1.800934e-04
2.718846e+01 1.308235e-04 1.158297e-04 9.861957e-05 1.780212e-04
2.723743e+01 1.311398e-04 1.171655e-04 9.775379e-05 1.785001e-04
2.728640e+01 1.317414e-04 1.179878e-04 9.722050e-05 1.800160e-04
2.733537e+01 1.315528e-04 1.173465e-04 9.624927e-05 1.810625e-04
2.738434e+01 1.298495e-04 1.147750e-04 9.427598e-05 1.804975e-04
2.743331e+01 1.264638e-04 1.104090e-04 9.110926e-05 1.778733e-04
2.748228e+01 1.218895e-04 1.049947e-04 8.703274e-05 1.736411e-04
2.753125e+01 1.172409e-04 9.977160e-05 8.280042e-05 1.691506e-04
2.758022e+01 1.140558e-04 9.624065e-05 7.951131e-05 1.664155e-04
2.762919e+01 1.139754e-04 9.586190e-05 7.838531e-05 1.676790e-04
2.767816e+01 1.183677e-04 9.973812e-05 8.049281e-05 1.748720e-04
2.772714e+01 1.279809e-04 1.083478e-04 8.650298e-05 1.890920e-04
2.777611e+01 1.427067e-04 1.213809e-04 9.650921e-05 2.102300e-04
2.782508e+01 1.615104e-04 1.377153e-04 1.099685e-04 2.368475e-04
2.787405e+01 1.825528e-04 1.555470e-04 1.257636e-04 2.663478e-04
2.792302e+01 2.034837e-04 1.726651e-04 1.423719e-04 2.954140e-04
2.797199e+01 2.218512e-04 1.868267e-04 1.581038e-04 3.206230e-04
2.802096e+01 2.355419e-04 1.961645e-04 1.713688e-04 3.390922e-04
2.806993e+01 2.431566e-04 1.995392e-04 1.809195e-04 3.490112e-04
2.811890e+01 2.442409e-04 1.967516e-04 1.860337e-04 3.499374e-04
2.816787e+01 2.393191e-04 1.885569e-04 1.866009e-04 3.427994e-04
2.821684e+01 2.297301e-04 1.764723e-04 1.830945e-04 3.296235e-04
2.826581e+01 2.173056e-04 1.624250e-04 1.764360e-04 3.130559e-04
2.831478e+01 2.039690e-04 1.483323e-04 1.677783e-04 2.957964e-04
2.836375e+01 1.913511e-04 1.357241e-04 1.582641e-04 2.800652e-04
2.841272e+01 1.805097e-04 1.254990e-04 1.488150e-04 2.672151e-04
2.846169e+01 1.718128e-04 1.178631e-04 1.400060e-04 2.575693e-04
2.851066e+01 1.649992e-04 1.124408e-04 1.320452e-04 2.505117e-04
2.855964e+01 1.593822e-04 1.085019e-04 1.248484e-04 2.447962e-04
2.860861e+01 1.541255e-04 1.052238e-04 1.181727e-04 2.389800e-04
2.865758e+01 1.485092e-04 1.019129e-04 1.117586e-04 2.318562e-04
2.870655e+01 1.421136e-04 9.813870e-05 1.054384e-04 2.227637e-04
2.875552e+01 1.348867e-04 9.376865e-05 9.918778e-05 2.117037e-04
2.880449e+01 1.271003e-04 8.892438e-05 9.311860e-05 1.992578e-04
2.885346e+01 1.192298e-04 8.389432e-05 8.742893e-05 1.863662e-04
2.890243e+01 1.118105e-04 7.903616e-05 8.233803e-05 1.740574e-04
2.895140e+01 1.053143e-04 7.469187e-05 7.803119e-05 1.632199e-04
2.900037e+01 1.000754e-04 7.112626e-05 7.463140e-05 1.544687e-04
2.904934e+01 9.627211e-05 6.849273e-05 7.220172e-05 1.481219e-04
2.909831e+01 9.395246e-05 6.682758e-05 7.077019e-05 1.442596e-04
2.914728e+01 9.308587e-05 6.607253e-05 7.036248e-05 1.428226e-04
2.919625e+01 9.361822e-05 6.612151e-05 7.102693e-05 1.437062e-04
2.924522e+01 9.551518e-05 6.688090e-05 7.284151e-05 1.468231e-04
2.929419e+01 9.878474e-05 6.832610e-05 7.590010e-05 1.521280e-04
2.934317e+01 1.034776e-04 7.053613e-05 8.028288e-05 1.596139e-04
2.939214e+01 1.096698e-04 7.369268e-05 8.602125e-05 1.692954e-04
2.944111e+01 1.174322e-04 7.804113e-05 9.306899e-05 1.811865e-04
2.949008e+01 1.267926e-04 8.382232e-05 1.012882e-04 1.952674e-04
2.953905e+01 1.376909e-04 9.119219e-05 1.104523e-04 2.114282e-04
2.958802e+01 1.499314e-04 1.001487e-04 1.202615e-04 2.293839e-04
2.963699e+01 1.631405e-04 1.104828e-04 1.303639e-04 2.485749e-04
2.968596e+01 1.767447e-04 1.217645e-04 1.403750e-04 2.680947e-04
2.973493e+01 1.899870e-04 1.333690e-04 1.498948e-04 2.866971e-04
2.978390e+01 2.019937e-04 1.445397e-04 1.585236e-04 3.029178e-04
2.983287e+01 2.118873e-04 1.544788e-04 1.658784e-04 3.153046e-04
2.988184e+01 2.189196e-04 1.624494e-04 1.716109e-04 3.226986e-04
2.993081e+01 2.225911e-04 1.678716e-04 1.754229e-04 3.244788e-04
2.997978e+01 2.227204e-04 1.703926e-04 1.770826e-04 3.206861e-04
3.002875e+01 2.194491e-04 1.699205e-04 1.764398e-04 3.119869e-04
3.007772e+01 2.131872e-04 1.666193e-04 1.734479e-04 2.994945e-04
3.012669e+01 2.045245e-04 1.608695e-04 1.681885e-04 2.845156e-04
3.017567e+01 1.941371e-04 1.532071e-04 1.608967e-04 2.683075e-04
3.022464e+01 1.827144e-04 1.442562e-04 1.519735e-04 2.519135e-04
3.027361e+01 1.709142e-04 1.346644e-04 1.419762e-04 2.361022e-04
3.032258e+01 1.593409e-04 1.250484e-04 1.315797e-04 2.213945e-04
3.037155e+01 1.485301e-04 1.159499e-04 1.215072e-04 2.081332e-04
3.042052e+01 1.389269e-04 1.077996e-04 1.124383e-04 1.965426e-04
3.046949e+01 1.308497e-04 1.008890e-04 1.049086e-04 1.867516e-04
3.051846e+01 1.244491e-04 9.535076e-05 9.922134e-05 1.787753e-04
3.056743e+01 1.196774e-04 9.115528e-05 9.539431e-05 1.724826e-04
3.061640e+01 1.162916e-04 8.812572e-05 9.316126e-05 1.675877e-04
3.066537e+01 1.139005e-04 8.597628e-05 9.203581e-05 1.636895e-04
3.071434e+01 1.120537e-04 8.436945e-05 9.142783e-05 1.603638e-04
3.076331e+01 1.103492e-04 8.298391e-05 9.078514e-05 1.572786e-04
3.081228e+01 1.085309e-04 8.158035e-05 8.972343e-05 1.542889e-04
3.086125e+01 1.065433e-04 8.005171e-05 8.810940e-05 1.514687e-04
3.091022e+01 1.045295e-04 7.844673e-05 8.607636e-05 1.490654e-04
3.095919e+01 1.027754e-04 7.696158e-05 8.397235e-05 1.473922e-04
3.100817e+01 1.016217e-04 7.590152e-05 8.226005e-05 1.467036e-04
3.105714e+01 1.013744e-04 7.562055e-05 8.140043e-05 1.471021e-04
3.110611e+01 1.022380e-04 7.645159e-05 8.175363e-05 1.485089e-04
3.115508e+01 1.042883e-04 7.863968e-05 8.352303e-05 1.507023e-04
3.120405e+01 1.074819e-04 8.228957e-05 8.675311e-05 1.534029e-04
3.125302e+01 1.116930e-04 8.733633e-05 9.137387e-05 1.563688e-04
3.130199e+01 1.167600e-04 9.354448e-05 9.726822e-05 1.594674e-04
3.135096e+01 1.225243e-04 1.005379e-04 1.043297e-04 1.627054e-04
3.139993e+01 1.288511e-04 1.078578e-04 1.124824e-04 1.662130e-04
3.144890e+01 1.356295e-04 1.150407e-04 1.216527e-04 1.701950e-04
3.149787e+01 1.427598e-04 1.217025e-04 1.317074e-04 1.748694e-04
3.154684e+01 1.501402e-04 1.276111e-04 1.423949e-04 1.804146e-04
3.159581e+01 1.576636e-04 1.327297e-04 1.533283e-04 1.869328e-04
3.164478e+01 1.652265e-04 1.372154e-04 1.640313e-04 1.944327e-04
3.169375e+01 1.727391e-04 1.413671e-04 1.740342e-04 2.028160e-04
3.174272e+01 1.801234e-04 1.455308e-04 1.829770e-04 2.118623e-04
3.179170e+01 1.872877e-04 1.499833e-04 1.906696e-04 2.212103e-04
3.184067e+01 1.940873e-04 1.548312e-04 1.970795e-04 2.303511e-04
3.188964e+01 2.002895e-04 1.599580e-04 2.022563e-04 2.386544e-04
3.193861e+01 2.055735e-04 1.650437e-04 2.062366e-04 2.454401e-04
3.198758e+01 2.095766e-04 1.696538e-04 2.089840e-04 2.500919e-04
3.203655e+01 2.119861e-04 1.733716e-04 2.104015e-04 2.521852e-04
3.208552e+01 2.126462e-04 1.759321e-04 2.104148e-04 2.515918e-04
3.213449e+01 2.116437e-04 1.773161e-04 2.090891e-04 2.485258e-04
3.218346e+01 2.093371e-04 1.777755e-04 2.067218e-04 2.435141e-04
3.223243e+01 2.063151e-04 1.777842e-04 2.038641e-04 2.372970e-04
3.228140e+01 2.032886e-04 1.779274e-04 2.012497e-04 2.306886e-04
3.233037e+01 2.009489e-04 1.787610e-04 1.996488e-04 2.244369e-04
3.237934e+01 1.998287e-04 1.806772e-04 1.996913e-04 2.191175e-04
3.242831e+01 2.002052e-04 1.838150e-04 2.017153e-04 2.150854e-04
3.247728e+01 2.020694e-04 1.880384e-04 2.056894e-04 2.124803e-04
3.252625e+01 2.051656e-04 1.929911e-04 2.112343e-04 2.112715e-04
3.257522e+01 2.090882e-04 1.982122e-04 2.177362e-04 2.113160e-04
3.262420e+01 2.134030e-04 2.032797e-04 2.245199e-04 2.124092e-04
3.267317e+01 2.177604e-04 2.079392e-04 2.310246e-04 2.143174e-04
3.272214e+01 2.219654e-04 2.121763e-04 2.369268e-04 2.167932e-04
3.277111e+01 2.259894e-04 2.162127e-04 2.421731e-04 2.195822e-04
3.282008e+01 2.299268e-04 2.204293e-04 2.469201e-04 2.224308e-04
3.286905e+01 2.339244e-04 2.252505e-04 2.514224e-04 2.251003e-04
3.291802e+01 2.381166e-04 2.310360e-04 2.559250e-04 2.273889e-04
3.296699e+01 2.425938e-04 2.380175e-04 2.606117e-04 2.291521e-04
3.301596e+01 2.474068e-04 2.462909e-04 2.656159e-04 2.303136e-04
3.306493e+01 2.525866e-04 2.558400e-04 2.710606e-04 2.308592e-04
3.311390e+01 2.581478e-04 2.665549e-04 2.770750e-04 2.308136e-04
3.316287e+01 2.640607e-04 2.782159e-04 2.837527e-04 2.302135e-04
3.321184e+01 2.702059e-04 2.904511e-04 2.910731e-04 2.290934e-04
3.326081e+01 2.763532e-04 3.027111e-04 2.988444e-04 2.275042e-04
3.330978e+01 2.822097e-04 3.143180e-04 3.067405e-04 2.255707e-04
3.335875e+01 2.875505e-04 3.246206e-04 3.144557e-04 2.235753e-04
3.340772e+01 2.923983e-04 3.332286e-04 3.219304e-04 2.220357e-04
3.345670e+01 2.971718e-04 3.402414e-04 3.295437e-04 2.217302e-04
3.350567e+01 3.027167e-04 3.463565e-04 3.381604e-04 2.236333e-04
3.355464e+01 3.101694e-04 3.527769e-04 3.489758e-04 2.287556e-04
3.360361e+01 3.206732e-04 3.609121e-04 3.631886e-04 2.379188e-04
3.365258e+01 3.350388e-04 3.719672e-04 3.816117e-04 2.515374e-04
3.370155e+01 3.534725e-04 3.865708e-04 4.043622e-04 2.694844e-04
3.375052e+01 3.754750e-04 4.045912e-04 4.307399e-04 2.910941e-04
3.379949e+01 3.999461e-04 4.252098e-04 4.593254e-04 3.153031e-04
3.384846e+01 4.254500e-04 4.472157e-04 4.882551e-04 3.408791e-04
3.389743e+01 4.505376e-04 4.693870e-04 5.155722e-04 3.666537e-04
3.394640e+01 4.740180e-04 4.908078e-04 5.395591e-04 3.916870e-04
3.399537e+01 4.951066e-04 5.110104e-04 5.589849e-04 4.153244e-04
3.404434e+01 5.134485e-04 5.299393e-04 5.732485e-04 4.371577e-04
3.409331e+01 5.290592e-04 5.478167e-04 5.824293e-04 4.569316e-04
3.414228e+01 5.422448e-04 5.650238e-04 5.872601e-04 4.744506e-04
3.419125e+01 5.535428e-04 5.820747e-04 5.890298e-04 4.895241e-04
3.424023e+01 5.636828e-04 5.996709e-04 5.894136e-04 5.019640e-04
3.428920e+01 5.735381e-04 6.187542e-04 5.902351e-04 5.116250e-04
3.433817e+01 5.840307e-04 6.404536e-04 5.931802e-04 5.184584e-04
3.438714e+01 5.959779e-04 6.658713e-04 5.995092e-04 5.225531e-04
3.443611e+01 6.099042e-04 6.957423e-04 6.098279e-04 5.241423e-04
3.448508e+01 6.258796e-04 7.300829e-04 6.239792e-04 5.235767e-04
3.453405e+01 6.434507e-04 7.679699e-04 6.410999e-04 5.212824e-04
3.458302e+01 6.617099e-04 8.075552e-04 6.598452e-04 5.177294e-04
3.463199e+01 6.794995e-04 8.463344e-04 6.787379e-04 5.134261e-04
3.468096e+01 6.956967e-04 8.816021e-04 6.965516e-04 5.089365e-04
3.472993e+01 7.094937e-04 9.109670e-04 7.126194e-04 5.048948e-04
3.477890e+01 7.205865e-04 9.327959e-04 7.269716e-04 5.019918e-04
3.482787e+01 7.292206e-04 9.464860e-04 7.402596e-04 5.009163e-04
3.487684e+01 7.360879e-04 9.525174e-04 7.534878e-04 5.022585e-04
3.492581e+01 7.421108e-04 9.522870e-04 7.676442e-04 5.064012e-04
3.497478e+01 7.481796e-04 9.477673e-04 7.833478e-04 5.134236e-04
3.502375e+01 7.549092e-04 9.410601e-04 8.006260e-04 5.230413e-04
3.507273e+01 7.624721e-04 9.339396e-04 8.188852e-04 5.345914e-04
3.512170e+01 7.705426e-04 9.274811e-04 8.370778e-04 5.470688e-04
3.517067e+01 7.783636e-04 9.218634e-04 8.540091e-04 5.592185e-04
3.521964e+01 7.849224e-04 9.163923e-04 8.686946e-04 5.696802e-04
3.526861e+01 7.891957e-04 9.097454e-04 8.806676e-04 5.771740e-04
3.531758e+01 7.904074e-04 9.003776e-04 8.901470e-04 5.806977e-04
3.536655e+01 7.882304e-04 8.869906e-04 8.980045e-04 5.796960e-04
3.541552e+01 7.828773e-04 8.689555e-04 9.055128e-04 5.741636e-04
3.546449e+01 7.750554e-04 8.465934e-04 9.139170e-04 5.646560e-04
3.551346e+01 7.658001e-04 8.212546e-04 9.239419e-04 5.522038e-04
3.556243e+01 7.562412e-04 7.951777e-04 9.353961e-04 5.381498e-04
3.561140e+01 7.473746e-04 7.711479e-04 9.470284e-04 5.239474e-04
3.566037e+01 7.398992e-04 7.520082e-04 9.567231e-04 5.109662e-04
3.570934e+01 7.341491e-04 7.401071e-04 9.619935e-04 5.003466e-04
3.575831e+01 7.301104e-04 7.367934e-04 9.606154e-04 4.929225e-04
3.580728e+01 7.274884e-04 7.420759e-04 9.511854e-04 4.892039e-04
3.585625e+01 7.257883e-04 7.545487e-04 9.334257e-04 4.893905e-04
3.590523e+01 7.243907e-04 7.716177e-04 9.081695e-04 4.933850e-04
3.595420e+01 7.226222e-04 7.899871e-04 8.770889e-04 5.007905e-04
3.600317e+01 7.198328e-04 8.062813e-04 8.423094e-04 5.109076e-04
3.605214e+01 7.154903e-04 8.176419e-04 8.060638e-04 5.227652e-04
3.610111e+01 7.092850e-04 8.221563e-04 7.704822e-04 5.352166e-04
3.615008e+01 7.012276e-04 8.190425e-04 7.375353e-04 5.471049e-04
3.619905e+01 6.917100e-04 8.085918e-04 7.090773e-04 5.574608e-04
3.624802e+01 6.815004e-04 7.919368e-04 6.869006e-04 5.656638e-04
3.629699e+01 6.716487e-04 7.707320e-04 6.727184e-04 5.714957e-04
3.634596e+01 6.633022e-04 7.468255e-04 6.680260e-04 5.750550e-04
3.639493e+01 6.574635e-04 7.219787e-04 6.738530e-04 5.765589e-04
3.644390e+01 6.547562e-04 6.976735e-04 6.904742e-04 5.761209e-04
3.649287e+01 6.552778e-04 6.750300e-04 7.171907e-04 5.736127e-04
3.654184e+01 6.586095e-04 6.548460e-04 7.522906e-04 5.686919e-04
3.659081e+01 6.639993e-04 6.377364e-04 7.932548e-04 5.610066e-04
3.663978e+01 6.706730e-04 6.243196e-04 8.371927e-04 5.505066e-04
3.668876e+01 6.781730e-04 6.153700e-04 8.814049e-04 5.377441e-04
3.673773e+01 6.866027e-04 6.118629e-04 9.239056e-04 5.240395e-04
3.678670e+01 6.966817e-04 6.148717e-04 9.637290e-04 5.114443e-04
3.683567e+01 7.095791e-04 6.253355e-04 1.000903e-03 5.024983e-04
3.688464e+01 7.265656e-04 6.437672e-04 1.036085e-03 4.998451e-04
3.693361e+01 7.485859e-04 6.700000e-04 1.069960e-03 5.057982e-04
3.698258e+01 7.758763e-04 7.030622e-04 1.102618e-03 5.219482e-04
3.703155e+01 8.077398e-04 7.412331e-04 1.133111e-03 5.488756e-04
3.708052e+01 8.425428e-04 7.822739e-04 1.159341e-03 5.860131e-04
3.712949e+01 8.779418e-04 8.237786e-04 1.178363e-03 6.316840e-04
3.717846e+01 9.112874e-04 8.635507e-04 1.186986e-03 6.833260e-04
3.722743e+01 9.401149e-04 8.999093e-04 1.182552e-03 7.378836e-04
3.727640e+01 9.626079e-04 9.318589e-04 1.163660e-03 7.923048e-04
3.732537e+01 9.779293e-04 9.591090e-04 1.130648e-03 8.440306e-04
3.737434e+01 9.863411e-04 9.819786e-04 1.085700e-03 8.913452e-04
3.742331e+01 9.890830e-04 1.001239e-03 1.032532e-03 9.334779e-04
3.747228e+01 9.880363e-04 1.017935e-03 9.757466e-04 9.704269e-04
3.752126e+01 9.852489e-04 1.033182e-03 9.199928e-04 1.002572e-03
3.757023e+01 9.824374e-04 1.047921e-03 8.691636e-04 1.030227e-03
3.761920e+01 9.805931e-04 1.062644e-03 8.258247e-04 1.053311e-03
3.766817e+01 9.798022e-04 1.077138e-03 7.910080e-04 1.071260e-03
3.771714e+01 9.793360e-04 1.090382e-03 7.643980e-04 1.083228e-03
3.776611e+01 9.779931e-04 1.100684e-03 7.448258e-04 1.088469e-03
3.781508e+01 9.745940e-04 1.106111e-03 7.309027e-04 1.086769e-03
3.786405e+01 9.684790e-04 1.105122e-03 7.216022e-04 1.078713e-03
3.791302e+01 9.598507e-04 1.097204e-03 7.166290e-04 1.065719e-03
3.796199e+01 9.498576e-04 1.083300e-03 7.164917e-04 1.049781e-03
3.801096e+01 9.403943e-04 1.065836e-03 7.222917e-04 1.033056e-03
3.805993e+01 9.336874e-04 1.048336e-03 7.353220e-04 1.017404e-03
3.810890e+01 9.317944e-04 1.034705e-03 7.566143e-04 1.004064e-03
3.815787e+01 9.361650e-04 1.028400e-03 7.865683e-04 9.935263e-04
3.820684e+01 9.473769e-04 1.031737e-03 8.247562e-04 9.856373e-04
3.825581e+01 9.650966e-04 1.045514e-03 8.699302e-04 9.798456e-04
3.830478e+01 9.882363e-04 1.069027e-03 9.201966e-04 9.754856e-04
3.835376e+01 1.015224e-03 1.100414e-03 9.732829e-04 9.719768e-04
3.840273e+01 1.044287e-03 1.137166e-03 1.026814e-03 9.688804e-04
3.845170e+01 1.073664e-03 1.176633e-03 1.078532e-03 9.658270e-04
3.850067e+01 1.101743e-03 1.216404e-03 1.126431e-03 9.623944e-04
3.854964e+01 1.127128e-03 1.254537e-03 1.168811e-03 9.580351e-04
3.859861e+01 1.148698e-03 1.289698e-03 1.204282e-03 9.521126e-04
3.864758e+01 1.165677e-03 1.321236e-03 1.231757e-03 9.440371e-04
3.869655e+01 1.177706e-03 1.349222e-03 1.250464e-03 9.334325e-04
3.874552e+01 1.184874e-03 1.374388e-03 1.259987e-03 9.202480e-04
3.879449e+01 1.187667e-03 1.397917e-03 1.260321e-03 9.047612e-04
3.884346e+01 1.186816e-03 1.421063e-03 1.251906e-03 8.874802e-04
3.889243e+01 1.183100e-03 1.444685e-03 1.235617e-03 8.689970e-04
3.894140e+01 1.177127e-03 1.468821e-03 1.212700e-03 8.498593e-04
3.899037e+01 1.169205e-03 1.492446e-03 1.184665e-03 8.305031e-04
3.903934e+01 1.159304e-03 1.513499e-03 1.153164e-03 8.112480e-04
3.908831e+01 1.147128e-03 1.529177e-03 1.119876e-03 7.923304e-04
3.913729e+01 1.132267e-03 1.536441e-03 1.086416e-03 7.739429e-04
3.918626e+01 1.114383e-03 1.532625e-03 1.054263e-03 7.562617e-04
3.923523e+01 1.093392e-03 1.516015e-03 1.024697e-03 7.394624e-04
3.928420e+01 1.069595e-03 1.486288e-03 9.987634e-04 7.237350e-04
3.933317e+01 1.043743e-03 1.444692e-03 9.772325e-04 7.093033e-04
3.938214e+01 1.016974e-03 1.393905e-03 9.605732e-04 6.964439e-04
3.943111e+01 9.906634e-04 1.337568e-03 9.489353e-04 6.854871e-04
3.948008e+01 9.661823e-04 1.279609e-03 9.421545e-04 6.767837e-04
3.952905e+01 9.446591e-04 1.223546e-03 9.398040e-04 6.706278e-04
3.957802e+01 9.268079e-04 1.171968e-03 9.413088e-04 6.671471e-04
3.962699e+01 9.128827e-04 1.126349e-03 9.461101e-04 6.661889e-04
3.967596e+01 9.027586e-04 1.087203e-03 9.538286e-04 6.672446e-04
3.972493e+01 8.960846e-04 1.054454e-03 9.643450e-04 6.694548e-04
3.977390e+01 8.924335e-04 1.027846e-03 9.777371e-04 6.717176e-04
3.982287e+01 8.913867e-04 1.007201e-03 9.940677e-04 6.728912e-04
3.987184e+01 8.925384e-04 9.924692e-04 1.013102e-03 6.720443e-04
3.992081e+01 8.954532e-04 9.836003e-04 1.034079e-03 6.686806e-04
3.996979e+01 8.996245e-04 9.803519e-04 1.055657e-03 6.628645e-04
4.001876e+01 9.044724e-04 9.821413e-04 1.076081e-03 6.551950e-04
4.006773e+01 9.093809e-04 9.880011e-04 1.093514e-03 6.466275e-04
4.011670e+01 9.137541e-04 9.966375e-04 1.106428e-03 6.381966e-04
4.016567e+01 9.170641e-04 1.006553e-03 1.113906e-03 6.307332e-04
4.021464e+01 9.188832e-04 1.016193e-03 1.115778e-03 6.246785e-04
4.026361e+01 9.189106e-04 1.024100e-03 1.112572e-03 6.200594e-04
4.031258e+01 9.170039e-04 1.029051e-03 1.105331e-03 6.166295e-04
4.036155e+01 9.132149e-04 1.030182e-03 1.095360e-03 6.141026e-04
4.041052e+01 9.078065e-04 1.027067e-03 1.083983e-03 6.123696e-04
4.045949e+01 9.012226e-04 1.019735e-03 1.072340e-03 6.115928e-04
4.050846e+01 8.939948e-04 1.008607e-03 1.061249e-03 6.121285e-04
4.055743e+01 8.866005e-04 9.943676e-04 1.051120e-03 6.143140e-04
4.060640e+01 8.793109e-04 9.777948e-04 1.041923e-03 6.182152e-04
4.065537e+01 8.720841e-04 9.595907e-04 1.033205e-03 6.234569e-04
4.070434e+01 8.645477e-04 9.402668e-04 1.024158e-03 6.292187e-04
4.075331e+01 8.560893e-04 9.201102e-04 1.013750e-03 6.344078e-04
4.080229e+01 8.460377e-04 8.992417e-04 1.000926e-03 6.379449e-04
4.085126e+01 8.338855e-04 8.777415e-04 9.848604e-04 6.390545e-04
4.090023e+01 8.194807e-04 8.557893e-04 9.651986e-04 6.374540e-04
4.094920e+01 8.031229e-04 8.337604e-04 9.422248e-04 6.333835e-04
4.099817e+01 7.855220e-04 8.122282e-04 9.168635e-04 6.274744e-04
4.104714e+01 7.676263e-04 7.918670e-04 8.904975e-04 6.205144e-04
4.109611e+01 7.503736e-04 7.732882e-04 8.646398e-04 6.131928e-04
4.114508e+01 7.344482e-04 7.568730e-04 8.405656e-04 6.059060e-04
4.119405e+01 7.201249e-04 7.426652e-04 8.190274e-04 5.986822e-04
4.124302e+01 7.072444e-04 7.303571e-04 8.001425e-04 5.912336e-04
4.129199e+01 6.953146e-04 7.193655e-04 7.834708e-04 5.831074e-04
4.134096e+01 6.836865e-04 7.089624e-04 7.682265e-04 5.738706e-04
4.138993e+01 6.717361e-04 6.984182e-04 7.535293e-04 5.632609e-04
4.143890e+01 6.589956e-04 6.871232e-04 7.386103e-04 5.512535e-04
4.148787e+01 6.452126e-04 6.746722e-04 7.229276e-04 5.380379e-04
4.153684e+01 6.303451e-04 6.609064e-04 7.061975e-04 5.239315e-04
4.158582e+01 6.145224e-04 6.459121e-04 6.883741e-04 5.092810e-04
4.163479e+01 5.979967e-04 6.299829e-04 6.696127e-04 4.943944e-04
4.168376e+01 5.811023e-04 6.135532e-04 6.502321e-04 4.795217e-04
4.173273e+01 5.642231e-04 5.971237e-04 6.306705e-04 4.648751e-04
4.178170e+01 5.477625e-04 5.811990e-04 6.114246e-04 4.506638e-04
4.183067e+01 5.321116e-04 5.662495e-04 5.929661e-04 4.371191e-04
4.187964e+01 5.176121e-04 5.526939e-04 5.756473e-04 4.244952e-04
4.192861e+01 5.045187e-04 5.408862e-04 5.596211e-04 4.130488e-04
4.197758e+01 4.929648e-04 5.310907e-04 5.448000e-04 4.030037e-04
4.202655e+01 4.829402e-04 5.234358e-04 5.308709e-04 3.945139e-04
4.207552e+01 4.742841e-04 5.178567e-04 5.173628e-04 3.876327e-04
4.212449e+01 4.666987e-04 5.140465e-04 5.037550e-04 3.822947e-04
4.217346e+01 4.597835e-04 5.114386e-04 4.895960e-04 3.783158e-04
4.222243e+01 4.530848e-04 5.092368e-04 4.746058e-04 3.754119e-04
4.227140e+01 4.461575e-04 5.064997e-04 4.587353e-04 3.732376e-04
4.232037e+01 4.386269e-04 5.022727e-04 4.421691e-04 3.714388e-04
4.236934e+01 4.302446e-04 4.957486e-04 4.252727e-04 3.697125e-04
4.241832e+01 4.209275e-04 4.864229e-04 4.084993e-04 3.678603e-04
4.246729e+01 4.107713e-04 4.742007e-04 3.922861e-04 3.658271e-04
4.251626e+01 4.000315e-04 4.594178e-04 3.769671e-04 3.637096e-04
4.256523e+01 3.890733e-04 4.427609e-04 3.627271e-04 3.617319e-04
4.261420e+01 3.782979e-04 4.251055e-04 3.496024e-04 3.601858e-04
4.266317e+01 3.680636e-04 4.073249e-04 3.375200e-04 3.593460e-04
4.271214e+01 3.586219e-04 3.901317e-04 3.263574e-04 3.593766e-04
4.276111e+01 3.500835e-04 3.739973e-04 3.159974e-04 3.602559e-04
4.281008e+01 3.424208e-04 3.591576e-04 3.063635e-04 3.617413e-04
4.285905e+01 3.354977e-04 3.456740e-04 2.974271e-04 3.633920e-04
4.290802e+01 3.291144e-04 3.335057e-04 2.891907e-04 3.646467e-04
4.295699e+01 3.230509e-04 3.225542e-04 2.816604e-04 3.649379e-04
4.300596e+01 3.171016e-04 3.126749e-04 2.748203e-04 3.638095e-04
4.305493e+01 3.110982e-04 3.036721e-04 2.686191e-04 3.610035e-04
4.310390e+01 3.049237e-04 2.953049e-04 2.629722e-04 3.564939e-04
4.315287e+01 2.985193e-04 2.873216e-04 2.577729e-04 3.504634e-04
4.320184e+01 2.918874e-04 2.795158e-04 2.529069e-04 3.432394e-04
4.325082e+01 2.850879e-04 2.717845e-04 2.482633e-04 3.352158e-04
4.329979e+01 2.782303e-04 2.641627e-04 2.437428e-04 3.267854e-04
4.334876e+01 2.714610e-04 2.568194e-04 2.392667e-04 3.182967e-04
4.339773e+01 2.649475e-04 2.500175e-04 2.347910e-04 3.100339e-04
4.344670e+01 2.588603e-04 2.440497e-04 2.303229e-04 3.022084e-04
4.349567e+01 2.533531e-04 2.391734e-04 2.259322e-04 2.949536e-04
4.354464e+01 2.485421e-04 2.355584e-04 2.217465e-04 2.883215e-04
4.359361e+01 2.444913e-04 2.332607e-04 2.179214e-04 2.822919e-04
4.364258e+01 2.412042e-04 2.322201e-04 2.145907e-04 2.768018e-04
4.369155e+01 2.386259e-04 2.322778e-04 2.118092e-04 2.717909e-04
4.374052e+01 2.366517e-04 2.332007e-04 2.095110e-04 2.672434e-04
4.378949e+01 2.351337e-04 2.347026e-04 2.074992e-04 2.631993e-04
4.383846e+01 2.338841e-04 2.364566e-04 2.054760e-04 2.597196e-04
4.388743e+01 2.326763e-04 2.381054e-04 2.031078e-04 2.568157e-04
4.393640e+01 2.312528e-04 2.392765e-04 2.001045e-04 2.543775e-04
4.398537e+01 2.293504e-04 2.396152e-04 1.962936e-04 2.521422e-04
4.403435e+01 2.267426e-04 2.388326e-04 1.916663e-04 2.497289e-04
4.408332e+01 2.232917e-04 2.367564e-04 1.863843e-04 2.467344e-04
4.413229e+01 2.189896e-04 2.333680e-04 1.807472e-04 2.428536e-04
4.418126e+01 2.139727e-04 2.288091e-04 1.751313e-04 2.379777e-04
4.423023e+01 2.085019e-04 2.233578e-04 1.699153e-04 2.322326e-04
4.427920e+01 2.029148e-04 2.173865e-04 1.654104e-04 2.259476e-04
4.432817e+01 1.975668e-04 2.113170e-04 1.618103e-04 2.195731e-04
4.437714e+01 1.927767e-04 2.055845e-04 1.591657e-04 2.135798e-04
4.442611e+01 1.887885e-04 2.006078e-04 1.573875e-04 2.083703e-04
4.447508e+01 1.857499e-04 1.967547e-04 1.562723e-04 2.042228e-04
4.452405e+01 1.837013e-04 1.942934e-04 1.555449e-04 2.012657e-04
4.457302e+01 1.825729e-04 1.933340e-04 1.549099e-04 1.994749e-04
4.462199e+01 1.821879e-04 1.937792e-04 1.541006e-04 1.986838e-04
4.467096e+01 1.822780e-04 1.953128e-04 1.529182e-04 1.986031e-04
4.471993e+01 1.825182e-04 1.974452e-04 1.512538e-04 1.988555e-04
4.476890e+01 1.825782e-04 1.996129e-04 1.490937e-04 1.990280e-04
4.481787e+01 1.821860e-04 2.013060e-04 1.465099e-04 1.987421e-04
4.486685e+01 1.811830e-04 2.021781e-04 1.436442e-04 1.977266e-04
4.491582e+01 1.795551e-04 2.021009e-04 1.406900e-04 1.958743e-04
4.496479e+01 1.774264e-04 2.011457e-04 1.378718e-04 1.932617e-04
4.501376e+01 1.750159e-04 1.995067e-04 1.354182e-04 1.901229e-04
4.506273e+01 1.725734e-04 1.974043e-04 1.335286e-04 1.867872e-04
4.511170e+01 1.703149e-04 1.950114e-04 1.323342e-04 1.835990e-04
4.516067e+01 1.683815e-04 1.924303e-04 1.318682e-04 1.808461e-04
4.520964e+01 1.668310e-04 1.897197e-04 1.320582e-04 1.787151e-04
4.525861e+01 1.656576e-04 1.869464e-04 1.327488e-04 1.772774e-04
4.530758e+01 1.648243e-04 1.842252e-04 1.337502e-04 1.764975e-04
4.535655e+01 1.642878e-04 1.817202e-04 1.348936e-04 1.762495e-04
4.540552e+01 1.640015e-04 1.796021e-04 1.360716e-04 1.763308e-04
4.545449e+01 1.638992e-04 1.779812e-04 1.372460e-04 1.764704e-04
4.550346e+01 1.638700e-04 1.768472e-04 1.384240e-04 1.763387e-04
4.555243e+01 1.637423e-04 1.760441e-04 1.396129e-04 1.755700e-04
4.560140e+01 1.632905e-04 1.752937e-04 1.407768e-04 1.738012e-04
4.565037e+01 1.622628e-04 1.742568e-04 1.418070e-04 1.707246e-04
4.569935e+01 1.604237e-04 1.726093e-04 1.425193e-04 1.661426e-04
4.574832e+01 1.575945e-04 1.701054e-04 1.426725e-04 1.600056e-04
4.579729e+01 1.536804e-04 1.666116e-04 1.420059e-04 1.524237e-04
4.584626e+01 1.486796e-04 1.621060e-04 1.402856e-04 1.436473e-04
4.589523e+01 1.426771e-04 1.566534e-04 1.373531e-04 1.340248e-04
4.594420e+01 1.358288e-04 1.503716e-04 1.331644e-04 1.239504e-04
4.599317e+01 1.283446e-04 1.434039e-04 1.278110e-04 1.138190e-04
4.604214e+01 1.204707e-04 1.359035e-04 1.215141e-04 1.039945e-04
4.609111e+01 1.124728e-04 1.280321e-04 1.145924e-04 9.479400e-05
4.614008e+01 1.046201e-04 1.199656e-04 1.074105e-04 8.648430e-05
4.618905e+01 9.717034e-05 1.119037e-04 1.003234e-04 7.928392e-05
4.623802e+01 9.035955e-05 1.040774e-04 9.363289e-05 7.336839e-05
4.628699e+01 8.439854e-05 9.675195e-05 8.756713e-05 6.887654e-05
4.633596e+01 7.947416e-05 9.022308e-05 8.228357e-05 6.591584e-05
4.638493e+01 7.574919e-05 8.479901e-05 7.788654e-05 6.456201e-05
4.643390e+01 7.335198e-05 8.076491e-05 7.444500e-05 6.484602e-05
4.648288e+01 7.234925e-05 7.832753e-05 7.199705e-05 6.672317e-05
4.653185e+01 7.270299e-05 7.754733e-05 7.053543e-05 7.002619e-05
4.658082e+01 7.422290e-05 7.827519e-05 6.997838e-05 7.441514e-05
4.662979e+01 7.653429e-05 8.011693e-05 7.013967e-05 7.934627e-05
4.667876e+01 7.908291e-05 8.244796e-05 7.071573e-05 8.408503e-05
4.672773e+01 8.119093e-05 8.448876e-05 7.130438e-05 8.777966e-05
4.677670e+01 8.216184e-05 8.543369e-05 7.145867e-05 8.959318e-05
4.682567e+01 8.141260e-05 8.460546e-05 7.076507e-05 8.886729e-05
4.687464e+01 7.859690e-05 8.159436e-05 6.892297e-05 8.527337e-05
4.692361e+01 7.368093e-05 7.634152e-05 6.579978e-05 7.890149e-05
4.697258e+01 6.694649e-05 6.914097e-05 6.144447e-05 7.025402e-05
4.702155e+01 5.892028e-05 6.056108e-05 5.605891e-05 6.014086e-05
4.707052e+01 5.025353e-05 5.131173e-05 4.994197e-05 4.950687e-05
4.711949e+01 4.159028e-05 4.209861e-05 4.342851e-05 3.924371e-05
4.716846e+01 3.346166e-05 3.350461e-05 3.684118e-05 3.003918e-05
4.721743e+01 2.622798e-05 2.592303e-05 3.046195e-05 2.229897e-05
4.726640e+01 2.007102e-05 1.954637e-05 2.451970e-05 1.614698e-05
4.731538e+01 1.502288e-05 1.439730e-05 1.918582e-05 1.148551e-05
4.736435e+01 1.101208e-05 1.038071e-05 1.457203e-05 8.083501e-06
4.741332e+01 7.909738e-06 7.337614e-06 1.072935e-05 5.662248e-06
4.746229e+01 5.565873e-06 5.088415e-06 7.650746e-06 3.958458e-06
4.751126e+01 3.833080e-06 3.461354e-06 5.279686e-06 2.758200e-06
4.756023e+01 2.579078e-06 2.307206e-06 3.524425e-06 1.905605e-06
4.760920e+01 1.691552e-06 1.504096e-06 2.275050e-06 1.295510e-06
4.765817e+01 1.078494e-06 9.564838e-07 1.419500e-06 8.594979e-07
4.770714e+01 6.664154e-07 5.914700e-07 8.555520e-07 5.522240e-07
4.775611e+01 3.978299e-07 3.544485e-07 4.976303e-07 3.414111e-07
4.780508e+01 2.287276e-07 2.051238e-07 2.789594e-07 2.020996e-07
4.785405e+01 1.262755e-07 1.142464e-07 1.504629e-07 1.141172e-07
4.790302e+01 6.675988e-08 6.104586e-08 7.793728e-08 6.129649e-08
4.795199e+01 3.371721e-08 3.120444e-08 3.869053e-08 3.125666e-08
4.800096e+01 1.623327e-08 1.522072e-08 1.837028e-08 1.510881e-08
4.804993e+01 7.436834e-09 7.069301e-09 8.325678e-09 6.915524e-09
4.809890e+01 3.236835e-09 3.120618e-09 3.595142e-09 2.994747e-09
4.814788e+01 1.336775e-09 1.307284e-09 1.476730e-09 1.226310e-09
4.819685e+01 5.232606e-10 5.190656e-10 5.761470e-10 4.745693e-10
4.824582e+01 1.939669e-10 1.951284e-10 2.132386e-10 1.735338e-10
4.829479e+01 6.803960e-11 6.939509e-11 7.478999e-11 5.993372e-11
4.834376e+01 2.253963e-11 2.329315e-11 2.478900e-11 1.953674e-11
4.839273e+01 7.061891e-12 7.401091e-12 7.771362e-12 6.013219e-12
4.844170e+01 2.089802e-12 2.215754e-12 2.307228e-12 1.746426e-12
4.849067e+01 5.822845e-13 6.269799e-13 6.426921e-13 4.771815e-13
4.853964e+01 1.513447e-13 1.642731e-13 1.670086e-13 1.227524e-13
4.858861e+01 3.559493e-14 4.033662e-14 3.956570e-14 2.688245e-14
4.863758e+01 6.789818e-15 8.731151e-15 8.524360e-15 3.113943e-15
4.868655e+01 0.000000e+00 0.000000e+00 0.000000e+00 0.000000e+00
4.873552e+01 0.000000e+00 0.000000e+00 0.000000e+00 0.000000e+00
4.878449e+01 0.000000e+00 0.000000e+00 0.000000e+00 0.000000e+00
4.883346e+01 0.000000e+00 0.000000e+00 0.000000e+00 0.000000e+00
4.888243e+01 0.000000e+00 0.000000e+00 0.000000e+00 0.000000e+00
4.893141e+01 0.000000e+00 0.000000e+00 0.000000e+00 0.000000e+00
4.898038e+01 0.000000e+00 0.000000e+00 0.000000e+00 0.000000e+00
4.902935e+01 0.000000e+00 0.000000e+00 0.000000e+00 0.000000e+00
4.907832e+01 0.000000e+00 0.000000e+00 0.000000e+00 0.000000e+00
4.912729e+01 0.000000e+00 0.000000e+00 0.000000e+00 0.000000e+00
4.917626e+01 0.000000e+00 0.000000e+00 0.000000e+00 0.000000e+00
4.922523e+01 0.000000e+00 0.000000e+00 0.000000e+00 0.000000e+00
4.927420e+01 0.000000e+00 0.000000e+00 0.000000e+00 0.000000e+00
4.932317e+01 0.000000e+00 0.000000e+00 0.000000e+00 0.000000e+00
4.937214e+01 0.000000e+00 0.000000e+00 0.000000e+00 0.000000e+00
4.942111e+01 0.000000e+00 0.000000e+00 0.000000e+00 0.000000e+00
4.947008e+01 0.000000e+00 0.000000e+00 0.000000e+00 0.000000e+00
4.951905e+01 0.000000e+00 0.000000e+00 0.000000e+00 0.000000e+00
4.956802e+01 0.000000e+00 0.000000e+00 0.000000e+00 0.000000e+00
4.961699e+01 0.000000e+00 0.000000e+00 0.000000e+00 0.000000e+00
4.966596e+01 0.000000e+00 0.000000e+00 0.000000e+00 0.000000e+00
4.971493e+01 0.000000e+00 0.000000e+00 0.000000e+00 0.000000e+00
4.976391e+01 0.000000e+00 0.000000e+00 0.000000e+00 0.000000e+00
4.981288e+01 0.000000e+00 0.000000e+00 0.000000e+00 0.000000e+00
4.986185e+01 0.000000e+00 0.000000e+00 0.000000e+00 0.000000e+00
4.991082e+01 0.000000e+00 0.000000e+00 0.000000e+00 0.000000e+00
4.995979e+01 0.000000e+00 0.000000e+00 0.000000e+00 0.000000e+00
5.000876e+01 0.000000e+00 0.000000e+00 0.000000e+00 0.000000e+00
5.005773e+01 0.000000e+00 0.000000e+00 0.000000e+00 0.000000e+00
5.010670e+01 0.000000e+00 0.000000e+00 0.000000e+00 0.000000e+00
5.015567e+01 0.000000e+00 0.000000e+00 0.000000e+00 0.000000e+00
5.020464e+01 0.000000e+00 0.000000e+00 0.000000e+00 0.000000e+00
5.025361e+01 0.000000e+00 0.000000e+00 0.000000e+00 0.000000e+00
5.030258e+01 0.000000e+00 0.000000e+00 0.000000e+00 0.000000e+00
5.035155e+01 0.000000e+00 0.000000e+00 0.000000e+00 0.000000e+00
5.040052e+01 0.000000e+00 0.000000e+00 0.000000e+00 0.000000e+00
5.044949e+01 0.000000e+00 0.000000e+00 0.000000e+00 0.000000e+00
5.049846e+01 0.000000e+00 0.000000e+00 0.000000e+00 0.000000e+00
5.054743e+01 0.000000e+00 0.000000e+00 0.000000e+00 0.000000e+00
5.059641e+01 0.000000e+00 0.000000e+00 0.000000e+00 0.000000e+00
5.064538e+01 0.000000e+00 0.000000e+00 0.000000e+00 0.000000e+00
5.069435e+01 0.000000e+00 0.000000e+00 0.000000e+00 0.000000e+00
5.074332e+01 0.000000e+00 0.000000e+00 0.000000e+00 0.000000e+00
5.079229e+01 0.000000e+00 0.000000e+00 0.000000e+00 0.000000e+00
5.084126e+01 0.000000e+00 0.000000e+00 0.000000e+00 0.000000e+00
5.089023e+01 0.000000e+00 0.000000e+00 0.000000e+00 0.000000e+00
5.093920e+01 0.000000e+00 0.000000e+00 0.000000e+00 0.000000e+00
5.098817e+01 0.000000e+00 0.000000e+00 0.000000e+00 0.000000e+00
5.103714e+01 0.000000e+00 0.000000e+00 0.000000e+00 0.000000e+00
5.108611e+01 0.000000e+00 0.000000e+00 0.000000e+00 0.000000e+00
5.113508e+01 0.000000e+00 0.000000e+00 0.000000e+00 0.000000e+00
5.118405e+01 0.000000e+00 0.000000e+00 0.000000e+00 0.000000e+00
5.123302e+01 0.000000e+00 0.000000e+00 0.000000e+00 0.000000e+00
5.128199e+01 0.000000e+00 0.000000e+00 0.000000e+00 0.000000e+00
5.133096e+01 0.000000e+00 0.000000e+00 0.000000e+00 0.000000e+00
5.137994e+01 0.000000e+00 0.000000e+00 0.000000e+00 0.000000e+00
5.142891e+01 0.000000e+00 0.000000e+00 0.000000e+00 0.000000e+00
5.147788e+01 0.000000e+00 0.000000e+00 0.000000e+00 0.000000e+00
5.152685e+01 0.000000e+00 0.000000e+00 0.000000e+00 0.000000e+00
5.157582e+01 0.000000e+00 0.000000e+00 0.000000e+00 0.000000e+00
5.162479e+01 0.000000e+00 0.000000e+00 0.000000e+00 0.000000e+00
5.167376e+01 0.000000e+00 0.000000e+00 0.000000e+00 0.000000e+00
5.172273e+01 0.000000e+00 0.000000e+00 0.000000e+00 0.000000e+00
5.177170e+01 0.000000e+00 0.000000e+00 0.000000e+00 0.000000e+00
5.182067e+01 0.000000e+00 0.000000e+00 0.000000e+00 0.000000e+00
5.186964e+01 0.000000e+00 0.000000e+00 0.000000e+00 0.000000e+00
5.191861e+01 0.000000e+00 0.000000e+00 0.000000e+00 0.000000e+00
5.196758e+01 0.000000e+00 0.000000e+00 0.000000e+00 0.000000e+00
5.201655e+01 0.000000e+00 0.000000e+00 0.000000e+00 0.000000e+00
5.206552e+01 0.000000e+00 0.000000e+00 0.000000e+00 0.000000e+00
5.211449e+01 0.000000e+00 0.000000e+00 0.000000e+00 0.000000e+00
5.216346e+01 0.000000e+00 0.000000e+00 0.000000e+00 0.000000e+00
5.221244e+01 0.000000e+00 0.000000e+00 0.000000e+00 0.000000e+00
5.226141e+01 0.000000e+00 0.000000e+00 0.000000e+00 0.000000e+00
5.231038e+01 0.000000e+00 0.000000e+00 0.000000e+00 0.000000e+00
5.235935e+01 0.000000e+00 0.000000e+00 0.000000e+00 0.000000e+00
5.240832e+01 0.000000e+00 0.000000e+00 0.000000e+00 0.000000e+00
5.245729e+01 0.000000e+00 0.000000e+00 0.000000e+00 0.000000e+00
5.250626e+01 0.000000e+00 0.000000e+00 0.000000e+00 0.000000e+00
5.255523e+01 0.000000e+00 0.000000e+00 0.000000e+00 0.000000e+00
5.260420e+01 0.000000e+00 0.000000e+00 0.000000e+00 0.000000e+00
5.265317e+01 0.000000e+00 0.000000e+00 0.000000e+00 0.000000e+00
5.270214e+01 0.000000e+00 0.000000e+00 0.000000e+00 0.000000e+00
5.275111e+01 0.000000e+00 0.000000e+00 0.000000e+00 0.000000e+00
5.280008e+01 0.000000e+00 0.000000e+00 0.000000e+00 0.000000e+00
5.284905e+01 0.000000e+00 0.000000e+00 0.000000e+00 0.000000e+00
5.289802e+01 0.000000e+00 0.000000e+00 0.000000e+00 0.000000e+00
5.294699e+01 0.000000e+00 0.000000e+00 0.000000e+00 0.000000e+00
5.299596e+01 0.000000e+00 0.000000e+00 0.000000e+00 0.000000e+00
5.304494e+01 0.000000e+00 0.000000e+00 0.000000e+00 0.000000e+00
5.309391e+01 0.000000e+00 0.000000e+00 0.000000e+00 0.000000e+00
5.314288e+01 0.000000e+00 0.000000e+00 0.000000e+00 0.000000e+00
5.319185e+01 0.000000e+00 0.000000e+00 0.000000e+00 0.000000e+00
5.324082e+01 0.000000e+00 0.000000e+00 0.000000e+00 0.000000e+00
5.328979e+01 0.000000e+00 0.000000e+00 0.000000e+00 0.000000e+00
5.333876e+01 0.000000e+00 0.000000e+00 0.000000e+00 0.000000e+00
5.338773e+01 0.000000e+00 0.000000e+00 0.000000e+00 0.000000e+00
5.343670e+01 0.000000e+00 0.000000e+00 0.000000e+00 0.000000e+00
5.348567e+01 0.000000e+00 0.000000e+00 0.000000e+00 0.000000e+00
5.353464e+01 0.000000e+00 0.000000e+00 0.000000e+00 0.000000e+00
5.358361e+01 0.000000e+00 0.000000e+00 0.000000e+00 0.000000e+00
5.363258e+01 0.000000e+00 0.000000e+00 0.000000e+00 0.000000e+00
5.368155e+01 0.000000e+00 0.000000e+00 0.000000e+00 0.000000e+00
5.373052e+01 0.000000e+00 0.000000e+00 0.000000e+00 0.000000e+00
5.377949e+01 0.000000e+00 0.000000e+00 0.000000e+00 0.000000e+00
5.382847e+01 0.000000e+00 0.000000e+00 0.000000e+00 0.000000e+00
5.387744e+01 0.000000e+00 0.000000e+00 0.000000e+00 0.000000e+00
5.392641e+01 0.000000e+00 0.000000e+00 0.000000e+00 0.000000e+00
5.397538e+01 0.000000e+00 0.000000e+00 0.000000e+00 0.000000e+00
5.402435e+01 0.000000e+00 0.000000e+00 0.000000e+00 0.000000e+00
5.407332e+01 0.000000e+00 0.000000e+00 0.000000e+00 0.000000e+00
5.412229e+01 0.000000e+00 0.000000e+00 0.000000e+00 0.000000e+00
5.417126e+01 0.000000e+00 0.000000e+00 0.000000e+00 0.000000e+00
5.422023e+01 0.000000e+00 0.000000e+00 0.000000e+00 0.000000e+00
5.426920e+01 0.000000e+00 0.000000e+00 0.000000e+00 0.000000e+00
5.431817e+01 0.000000e+00 0.000000e+00 0.000000e+00 0.000000e+00
5.436714e+01 0.000000e+00 0.000000e+00 0.000000e+00 0.000000e+00
5.441611e+01 0.000000e+00 0.000000e+00 0.000000e+00 0.000000e+00
5.446508e+01 0.000000e+00 0.000000e+00 0.000000e+00 0.000000e+00
5.451405e+01 0.000000e+00 0.000000e+00 0.000000e+00 0.000000e+00
5.456302e+01 0.000000e+00 0.000000e+00 0.000000e+00 0.000000e+00
5.461199e+01 0.000000e+00 0.000000e+00 0.000000e+00 0.000000e+00
5.466097e+01 0.000000e+00 0.000000e+00 0.000000e+00 0.000000e+00
5.470994e+01 0.000000e+00 0.000000e+00 0.000000e+00 0.000000e+00
5.475891e+01 0.000000e+00 0.000000e+00 0.000000e+00 0.000000e+00
5.480788e+01 0.000000e+00 0.000000e+00 0.000000e+00 0.000000e+00
5.485685e+01 0.000000e+00 0.000000e+00 0.000000e+00 0.000000e+00
5.490582e+01 0.000000e+00 0.000000e+00 0.000000e+00 0.000000e+00
5.495479e+01 0.000000e+00 0.000000e+00 0.000000e+00 0.000000e+00
5.500376e+01 0.000000e+00 0.000000e+00 0.000000e+00 0.000000e+00
5.505273e+01 0.000000e+00 0.000000e+00 0.000000e+00 0.000000e+00
5.510170e+01 0.000000e+00 0.000000e+00 0.000000e+00 0.000000e+00
5.515067e+01 0.000000e+00 0.000000e+00 0.000000e+00 0.000000e+00
5.519964e+01 0.000000e+00 0.000000e+00 0.000000e+00 0.000000e+00
5.524861e+01 0.000000e+00 0.000000e+00 0.000000e+00 0.000000e+00
5.529758e+01 0.000000e+00 0.000000e+00 0.000000e+00 0.000000e+00
5.534655e+01 0.000000e+00 0.000000e+00 0.000000e+00 0.000000e+00
5.539552e+01 0.000000e+00 0.000000e+00 0.000000e+00 0.000000e+00
5.544449e+01 0.000000e+00 0.000000e+00 0.000000e+00 0.000000e+00
5.549347e+01 0.000000e+00 0.000000e+00 0.000000e+00 0.000000e+00
5.554244e+01 0.000000e+00 0.000000e+00 0.000000e+00 0.000000e+00
5.559141e+01 0.000000e+00 0.000000e+00 0.000000e+00 0.000000e+00
5.564038e+01 0.000000e+00 0.000000e+00 0.000000e+00 0.000000e+00
5.568935e+01 0.000000e+00 0.000000e+00 0.000000e+00 0.000000e+00
5.573832e+01 0.000000e+00 0.000000e+00 0.000000e+00 0.000000e+00
5.578729e+01 0.000000e+00 0.000000e+00 0.000000e+00 0.000000e+00
5.583626e+01 0.000000e+00 0.000000e+00 0.000000e+00 0.000000e+00
5.588523e+01 0.000000e+00 0.000000e+00 0.000000e+00 0.000000e+00
5.593420e+01 0.000000e+00 0.000000e+00 0.000000e+00 0.000000e+00
5.598317e+01 0.000000e+00 0.000000e+00 0.000000e+00 0.000000e+00
5.603214e+01 0.000000e+00 0.000000e+00 0.000000e+00 0.000000e+00
5.608111e+01 0.000000e+00 0.000000e+00 0.000000e+00 0.000000e+00
5.613008e+01 0.000000e+00 0.000000e+00 0.000000e+00 0.000000e+00
5.617905e+01 0.000000e+00 0.000000e+00 0.000000e+00 0.000000e+00
5.622802e+01 0.000000e+00 0.000000e+00 0.000000e+00 0.000000e+00
5.627700e+01 0.000000e+00 0.000000e+00 0.000000e+00 0.000000e+00
5.632597e+01 0.000000e+00 0.000000e+00 0.000000e+00 0.000000e+00
5.637494e+01 0.000000e+00 0.000000e+00 0.000000e+00 0.000000e+00
5.642391e+01 0.000000e+00 0.000000e+00 0.000000e+00 0.000000e+00
5.647288e+01 0.000000e+00 0.000000e+00 0.000000e+00 0.000000e+00
5.652185e+01 0.000000e+00 0.000000e+00 0.000000e+00 0.000000e+00
5.657082e+01 0.000000e+00 0.000000e+00 0.000000e+00 0.000000e+00
5.661979e+01 0.000000e+00 0.000000e+00 0.000000e+00 0.000000e+00
5.666876e+01 0.000000e+00 0.000000e+00 0.000000e+00 0.000000e+00
5.671773e+01 0.000000e+00 0.000000e+00 0.000000e+00 0.000000e+00
5.676670e+01 0.000000e+00 0.000000e+00 0.000000e+00 0.000000e+00
5.681567e+01 0.000000e+00 0.000000e+00 0.000000e+00 0.000000e+00
5.686464e+01 0.000000e+00 0.000000e+00 0.000000e+00 0.000000e+00
