4.216945e+00 0.000000e+00 0.000000e+00 0.000000e+00 0.000000e+00
4.268945e+00 0.000000e+00 0.000000e+00 0.000000e+00 0.000000e+00
4.320945e+00 0.000000e+00 0.000000e+00 0.000000e+00 0.000000e+00
4.372945e+00 0.000000e+00 0.000000e+00 0.000000e+00 0.000000e+00
4.424945e+00 0.000000e+00 0.000000e+00 0.000000e+00 0.000000e+00
4.476945e+00 0.000000e+00 0.000000e+00 0.000000e+00 0.000000e+00
4.528945e+00 0.000000e+00 0.000000e+00 0.000000e+00 0.000000e+00
4.580945e+00 0.000000e+00 0.000000e+00 0.000000e+00 0.000000e+00
4.632945e+00 0.000000e+00 0.000000e+00 0.000000e+00 0.000000e+00
4.684945e+00 0.000000e+00 0.000000e+00 0.000000e+00 0.000000e+00
4.736945e+00 0.000000e+00 0.000000e+00 0.000000e+00 0.000000e+00
4.788945e+00 0.000000e+00 0.000000e+00 0.000000e+00 0.000000e+00
4.840945e+00 0.000000e+00 0.000000e+00 0.000000e+00 0.000000e+00
4.892945e+00 0.000000e+00 0.000000e+00 0.000000e+00 0.000000e+00
4.944945e+00 0.000000e+00 0.000000e+00 0.000000e+00 0.000000e+00
4.996945e+00 0.000000e+00 0.000000e+00 0.000000e+00 0.000000e+00
5.048945e+00 0.000000e+00 0.000000e+00 0.000000e+00 0.000000e+00
5.100945e+00 0.000000e+00 0.000000e+00 0.000000e+00 0.000000e+00
5.152945e+00 0.000000e+00 0.000000e+00 0.000000e+00 0.000000e+00
5.204945e+00 0.000000e+00 0.000000e+00 0.000000e+00 0.000000e+00
5.256945e+00 0.000000e+00 0.000000e+00 0.000000e+00 0.000000e+00
5.308945e+00 0.000000e+00 0.000000e+00 0.000000e+00 0.000000e+00
5.360945e+00 0.000000e+00 0.000000e+00 0.000000e+00 0.000000e+00
5.412945e+00 0.000000e+00 0.000000e+00 0.000000e+00 0.000000e+00
5.464945e+00 0.000000e+00 0.000000e+00 0.000000e+00 0.000000e+00
5.516945e+00 0.000000e+00 0.000000e+00 0.000000e+00 0.000000e+00
5.568945e+00 0.000000e+00 0.000000e+00 0.000000e+00 0.000000e+00
5.620945e+00 0.000000e+00 0.000000e+00 0.000000e+00 0.000000e+00
5.672945e+00 0.000000e+00 0.000000e+00 0.000000e+00 0.000000e+00
5.724945e+00 0.000000e+00 0.000000e+00 0.000000e+00 0.000000e+00
5.776945e+00 0.000000e+00 0.000000e+00 0.000000e+00 0.000000e+00
5.828945e+00 0.000000e+00 0.000000e+00 0.000000e+00 0.000000e+00
5.880945e+00 0.000000e+00 0.000000e+00 0.000000e+00 0.000000e+00
5.932945e+00 0.000000e+00 0.000000e+00 0.000000e+00 0.000000e+00
5.984945e+00 0.000000e+00 0.000000e+00 0.000000e+00 0.000000e+00
6.036945e+00 0.000000e+00 0.000000e+00 0.000000e+00 0.000000e+00
6.088945e+00 0.000000e+00 0.000000e+00 0.000000e+00 0.000000e+00
6.140945e+00 0.000000e+00 0.000000e+00 0.000000e+00 0.000000e+00
6.192945e+00 0.000000e+00 0.000000e+00 0.000000e+00 0.000000e+00
6.244945e+00 0.000000e+00 0.000000e+00 0.000000e+00 0.000000e+00
6.296945e+00 0.000000e+00 0.000000e+00 0.000000e+00 0.000000e+00
6.348945e+00 0.000000e+00 0.000000e+00 0.000000e+00 0.000000e+00
6.400945e+00 0.000000e+00 0.000000e+00 0.000000e+00 0.000000e+00
6.452945e+00 0.000000e+00 0.000000e+00 0.000000e+00 0.000000e+00
6.504945e+00 0.000000e+00 0.000000e+00 0.000000e+00 0.000000e+00
6.556945e+00 0.000000e+00 0.000000e+00 0.000000e+00 0.000000e+00
6.608945e+00 0.000000e+00 0.000000e+00 0.000000e+00 0.000000e+00
6.660945e+00 0.000000e+00 0.000000e+00 0.000000e+00 0.000000e+00
6.712945e+00 0.000000e+00 0.000000e+00 0.000000e+00 0.000000e+00
6.764945e+00 0.000000e+00 0.000000e+00 0.000000e+00 0.000000e+00
6.816945e+00 0.000000e+00 0.000000e+00 0.000000e+00 0.000000e+00
6.868945e+00 0.000000e+00 0.000000e+00 0.000000e+00 0.000000e+00
6.920945e+00 0.000000e+00 0.000000e+00 0.000000e+00 0.000000e+00
6.972945e+00 0.000000e+00 0.000000e+00 0.000000e+00 0.000000e+00
7.024945e+00 0.000000e+00 0.000000e+00 0.000000e+00 0.000000e+00
7.076945e+00 0.000000e+00 0.000000e+00 0.000000e+00 0.000000e+00
7.128945e+00 0.000000e+00 0.000000e+00 0.000000e+00 0.000000e+00
7.180945e+00 0.000000e+00 0.000000e+00 0.000000e+00 0.000000e+00
7.232945e+00 0.000000e+00 0.000000e+00 0.000000e+00 0.000000e+00
7.284945e+00 0.000000e+00 0.000000e+00 0.000000e+00 0.000000e+00
7.336945e+00 0.000000e+00 0.000000e+00 0.000000e+00 0.000000e+00
7.388945e+00 0.000000e+00 0.000000e+00 0.000000e+00 0.000000e+00
7.440945e+00 0.000000e+00 0.000000e+00 0.000000e+00 0.000000e+00
7.492945e+00 0.000000e+00 0.000000e+00 0.000000e+00 0.000000e+00
7.544945e+00 0.000000e+00 0.000000e+00 0.000000e+00 0.000000e+00
7.596945e+00 0.000000e+00 0.000000e+00 0.000000e+00 0.000000e+00
7.648945e+00 0.000000e+00 0.000000e+00 0.000000e+00 0.000000e+00
7.700945e+00 0.000000e+00 0.000000e+00 0.000000e+00 0.000000e+00
7.752945e+00 0.000000e+00 0.000000e+00 0.000000e+00 0.000000e+00
7.804945e+00 0.000000e+00 0.000000e+00 0.000000e+00 0.000000e+00
7.856945e+00 0.000000e+00 0.000000e+00 0.000000e+00 0.000000e+00
7.908945e+00 0.000000e+00 0.000000e+00 0.000000e+00 0.000000e+00
7.960945e+00 0.000000e+00 0.000000e+00 0.000000e+00 0.000000e+00
8.012945e+00 0.000000e+00 0.000000e+00 0.000000e+00 0.000000e+00
8.064945e+00 1.972697e-14 5.140720e-14 3.540612e-15 4.233090e-15
8.116945e+00 1.852760e-13 4.670814e-13 4.256743e-14 4.617905e-14
8.168945e+00 8.296126e-13 2.088488e-12 1.924678e-13 2.078822e-13
8.220945e+00 4.238252e-12 1.052048e-11 1.076336e-12 1.117935e-12
8.272945e+00 1.765172e-11 4.361939e-11 4.610038e-12 4.725740e-12
8.324945e+00 6.761560e-11 1.666026e-10 1.796723e-11 1.827697e-11
8.376945e+00 2.429573e-10 5.969167e-10 6.573231e-11 6.622292e-11
8.428945e+00 8.181618e-10 2.004545e-09 2.250291e-10 2.249111e-10
8.480945e+00 2.593916e-09 6.337730e-09 7.251851e-10 7.188339e-10
8.532945e+00 7.741072e-09 1.886261e-08 2.198819e-09 2.161787e-09
8.584945e+00 2.176440e-08 5.289370e-08 6.277973e-09 6.121538e-09
8.636945e+00 5.769124e-08 1.398525e-07 1.688917e-08 1.633207e-08
8.688945e+00 1.442893e-07 3.489467e-07 4.283988e-08 4.108120e-08
8.740945e+00 3.407966e-07 8.223616e-07 1.025326e-07 9.749573e-08
8.792945e+00 7.608669e-07 1.832370e-06 2.317446e-07 2.184863e-07
8.844945e+00 1.607402e-06 3.864360e-06 4.950925e-07 4.627547e-07
8.896945e+00 3.216784e-06 7.722387e-06 1.000734e-06 9.272326e-07
8.948945e+00 6.105155e-06 1.464016e-05 1.915822e-06 1.759487e-06
9.000945e+00 1.100135e-05 2.636142e-05 3.477401e-06 3.165224e-06
9.052945e+00 1.884292e-05 4.513429e-05 5.990602e-06 5.403861e-06
9.104945e+00 3.070728e-05 7.355273e-05 9.804631e-06 8.764477e-06
9.156945e+00 4.765415e-05 1.141868e-04 1.525888e-05 1.351673e-05
9.208945e+00 7.047250e-05 1.689821e-04 2.259805e-05 1.983740e-05
9.260945e+00 9.935655e-05 2.384807e-04 3.186626e-05 2.772270e-05
9.312945e+00 1.335763e-04 3.210172e-04 4.280442e-05 3.690745e-05
9.364945e+00 1.712470e-04 4.121333e-04 5.478746e-05 4.682032e-05
9.416945e+00 2.093178e-04 5.045045e-04 6.684297e-05 5.660601e-05
9.468945e+00 2.438771e-04 5.886106e-04 7.778497e-05 6.523570e-05
9.520945e+00 2.707956e-04 6.542060e-04 8.647340e-05 7.170737e-05
9.572945e+00 2.866205e-04 6.923729e-04 9.217613e-05 7.531256e-05
9.624945e+00 2.895251e-04 6.976747e-04 9.497548e-05 7.592502e-05
9.676945e+00 2.800634e-04 6.697963e-04 9.613591e-05 7.425787e-05
9.728945e+00 2.615083e-04 6.141425e-04 9.834098e-05 7.204145e-05
9.780945e+00 2.396571e-04 5.411682e-04 1.057164e-04 7.208660e-05
9.832945e+00 2.221330e-04 4.646116e-04 1.235798e-04 7.820760e-05
9.884945e+00 2.173330e-04 3.991209e-04 1.578956e-04 9.498238e-05
9.936945e+00 2.332306e-04 3.578849e-04 2.144717e-04 1.273352e-04
9.988945e+00 2.762457e-04 3.507689e-04 2.980082e-04 1.799599e-04
1.004095e+01 3.503582e-04 3.832217e-04 4.111862e-04 2.566667e-04
1.009295e+01 4.566109e-04 4.559894e-04 5.540338e-04 3.598096e-04
1.014495e+01 5.931040e-04 5.655395e-04 7.237895e-04 4.899830e-04
1.019695e+01 7.555226e-04 7.050664e-04 9.153812e-04 6.461202e-04
1.024895e+01 9.381272e-04 8.659343e-04 1.122470e-03 8.259774e-04
1.030095e+01 1.135000e-03 1.039366e-03 1.338811e-03 1.026823e-03
1.035295e+01 1.341228e-03 1.218076e-03 1.559552e-03 1.246056e-03
1.040495e+01 1.553699e-03 1.397473e-03 1.782078e-03 1.481546e-03
1.045695e+01 1.771332e-03 1.576125e-03 2.006215e-03 1.731655e-03
1.050895e+01 1.994807e-03 1.755421e-03 2.233878e-03 1.995122e-03
1.056095e+01 2.226094e-03 1.938708e-03 2.468518e-03 2.271057e-03
1.061295e+01 2.468117e-03 2.130450e-03 2.714716e-03 2.559187e-03
1.066495e+01 2.724660e-03 2.335860e-03 2.977946e-03 2.860175e-03
1.071695e+01 3.000271e-03 2.561127e-03 3.264117e-03 3.175569e-03
1.076895e+01 3.299630e-03 2.813758e-03 3.578262e-03 3.506869e-03
1.082095e+01 3.625959e-03 3.102221e-03 3.922130e-03 3.853528e-03
1.087295e+01 3.978607e-03 3.434161e-03 4.291254e-03 4.210405e-03
1.092495e+01 4.350616e-03 3.813107e-03 4.672926e-03 4.565814e-03
1.097695e+01 4.727587e-03 4.234547e-03 5.046702e-03 4.901512e-03
1.102895e+01 5.088896e-03 4.683064e-03 5.388208e-03 5.195416e-03
1.108095e+01 5.411417e-03 5.132328e-03 5.675370e-03 5.426552e-03
1.113295e+01 5.674673e-03 5.548856e-03 5.894662e-03 5.580503e-03
1.118495e+01 5.865518e-03 5.898859e-03 6.044600e-03 5.653094e-03
1.123695e+01 5.980517e-03 6.155926e-03 6.134865e-03 5.650759e-03
1.128895e+01 6.025300e-03 6.306695e-03 6.181567e-03 5.587639e-03
1.134095e+01 6.011503e-03 6.352450e-03 6.200999e-03 5.481062e-03
1.139295e+01 5.952836e-03 6.306344e-03 6.204595e-03 5.347568e-03
1.144495e+01 5.861806e-03 6.187797e-03 6.196752e-03 5.200869e-03
1.149695e+01 5.747838e-03 6.016520e-03 6.175369e-03 5.051625e-03
1.154895e+01 5.616673e-03 5.808311e-03 6.133841e-03 4.907867e-03
1.160095e+01 5.470532e-03 5.573601e-03 6.063166e-03 4.774828e-03
1.165295e+01 5.308635e-03 5.318383e-03 5.953636e-03 4.653887e-03
1.170495e+01 5.127988e-03 5.046325e-03 5.796329e-03 4.541311e-03
1.175695e+01 4.924490e-03 4.760712e-03 5.584829e-03 4.427927e-03
1.180895e+01 4.694294e-03 4.465359e-03 5.317084e-03 4.300438e-03
1.186095e+01 4.435167e-03 4.164401e-03 4.996823e-03 4.144276e-03
1.191295e+01 4.147506e-03 3.861509e-03 4.633795e-03 3.947213e-03
1.196495e+01 3.834816e-03 3.559309e-03 4.242528e-03 3.702612e-03
1.201695e+01 3.503649e-03 3.259528e-03 3.839958e-03 3.411460e-03
1.206895e+01 3.163093e-03 2.963825e-03 3.442764e-03 3.082689e-03
1.212095e+01 2.823946e-03 2.674825e-03 3.065253e-03 2.731758e-03
1.217295e+01 2.497614e-03 2.396680e-03 2.718252e-03 2.377911e-03
1.222495e+01 2.194847e-03 2.134816e-03 2.408970e-03 2.040756e-03
1.227695e+01 1.924465e-03 1.894937e-03 2.141449e-03 1.737008e-03
1.232895e+01 1.692351e-03 1.681754e-03 1.917168e-03 1.478132e-03
1.238095e+01 1.500929e-03 1.497934e-03 1.735498e-03 1.269354e-03
1.243295e+01 1.349217e-03 1.343631e-03 1.593942e-03 1.110077e-03
1.248495e+01 1.233404e-03 1.216617e-03 1.488254e-03 9.953420e-04
1.253695e+01 1.147747e-03 1.112906e-03 1.412610e-03 9.177252e-04
1.258895e+01 1.085577e-03 1.027633e-03 1.359974e-03 8.691226e-04
1.264095e+01 1.040254e-03 9.559976e-04 1.322734e-03 8.420305e-04
1.269295e+01 1.005941e-03 8.940567e-04 1.293547e-03 8.302182e-04
1.274495e+01 9.781281e-04 8.392347e-04 1.266262e-03 8.288876e-04
1.279695e+01 9.538968e-04 7.904521e-04 1.236714e-03 8.345244e-04
1.284895e+01 9.319139e-04 7.478941e-04 1.203196e-03 8.446519e-04
1.290095e+01 9.122184e-04 7.125373e-04 1.166478e-03 8.576396e-04
1.295295e+01 8.958471e-04 6.856022e-04 1.129321e-03 8.726184e-04
1.300495e+01 8.843560e-04 6.680750e-04 1.095541e-03 8.894524e-04
1.305695e+01 8.792825e-04 6.603709e-04 1.068834e-03 9.086430e-04
1.310895e+01 8.816070e-04 6.621424e-04 1.051633e-03 9.310458e-04
1.316095e+01 8.912997e-04 6.722056e-04 1.044328e-03 9.573650e-04
1.321295e+01 9.070623e-04 6.885692e-04 1.045085e-03 9.875331e-04
1.326495e+01 9.263586e-04 7.085735e-04 1.050300e-03 1.020203e-03
1.331695e+01 9.457619e-04 7.291550e-04 1.055537e-03 1.052594e-03
1.336895e+01 9.615594e-04 7.472212e-04 1.056617e-03 1.080840e-03
1.342095e+01 9.704682e-04 7.600672e-04 1.050544e-03 1.100793e-03
1.347295e+01 9.703016e-04 7.657326e-04 1.036081e-03 1.109091e-03
1.352495e+01 9.604653e-04 7.632070e-04 1.013981e-03 1.104208e-03
1.357695e+01 9.422552e-04 7.524607e-04 9.870337e-04 1.087271e-03
1.362895e+01 9.190046e-04 7.343721e-04 9.601228e-04 1.062519e-03
1.368095e+01 8.961489e-04 7.106759e-04 9.403833e-04 1.037387e-03
1.373295e+01 8.812052e-04 6.840417e-04 9.373519e-04 1.022222e-03
1.378495e+01 8.835378e-04 6.582961e-04 9.627847e-04 1.029533e-03
1.383695e+01 9.136691e-04 6.386856e-04 1.029683e-03 1.072638e-03
1.388895e+01 9.819132e-04 6.320099e-04 1.150144e-03 1.163586e-03
1.394095e+01 1.096324e-03 6.464636e-04 1.332014e-03 1.310493e-03
1.399295e+01 1.260331e-03 6.910803e-04 1.574991e-03 1.514922e-03
1.404495e+01 1.470823e-03 7.747390e-04 1.867472e-03 1.770258e-03
1.409695e+01 1.717535e-03 9.047413e-04 2.185809e-03 2.062055e-03
1.414895e+01 1.984301e-03 1.085039e-03 2.497159e-03 2.370705e-03
1.420095e+01 2.252008e-03 1.314365e-03 2.765911e-03 2.675747e-03
1.425295e+01 2.502318e-03 1.584748e-03 2.961990e-03 2.960217e-03
1.430495e+01 2.720851e-03 1.881083e-03 3.068190e-03 3.213280e-03
1.435695e+01 2.898730e-03 2.182332e-03 3.083766e-03 3.430093e-03
1.440895e+01 3.032210e-03 2.464491e-03 3.022906e-03 3.609234e-03
1.446095e+01 3.120965e-03 2.704756e-03 2.908939e-03 3.749201e-03
1.451295e+01 3.166139e-03 2.885735e-03 2.766810e-03 3.845871e-03
1.456495e+01 3.169142e-03 2.998414e-03 2.616801e-03 3.892211e-03
1.461695e+01 3.131591e-03 3.043036e-03 2.471440e-03 3.880297e-03
1.466895e+01 3.056087e-03 3.027850e-03 2.335825e-03 3.804585e-03
1.472095e+01 2.947145e-03 2.966455e-03 2.210121e-03 3.664859e-03
1.477295e+01 2.811606e-03 2.874744e-03 2.092512e-03 3.467562e-03
1.482495e+01 2.658219e-03 2.768301e-03 1.981308e-03 3.225050e-03
1.487695e+01 2.496537e-03 2.660555e-03 1.875810e-03 2.953247e-03
1.492895e+01 2.335511e-03 2.561600e-03 1.776222e-03 2.668711e-03
1.498095e+01 2.182247e-03 2.477401e-03 1.683157e-03 2.386182e-03
1.503295e+01 2.041246e-03 2.409320e-03 1.597179e-03 2.117238e-03
1.508495e+01 1.914266e-03 2.354116e-03 1.518566e-03 1.870116e-03
1.513695e+01 1.800788e-03 2.304781e-03 1.447279e-03 1.650305e-03
1.518895e+01 1.698955e-03 2.252380e-03 1.383111e-03 1.461375e-03
1.524095e+01 1.606768e-03 2.188720e-03 1.325960e-03 1.305622e-03
1.529295e+01 1.523257e-03 2.109209e-03 1.276181e-03 1.184382e-03
1.534495e+01 1.449329e-03 2.015012e-03 1.234913e-03 1.098062e-03
1.539695e+01 1.387998e-03 1.913670e-03 1.204256e-03 1.046070e-03
1.544895e+01 1.343881e-03 1.817752e-03 1.187158e-03 1.026733e-03
1.550095e+01 1.321989e-03 1.741772e-03 1.186933e-03 1.037262e-03
1.555295e+01 1.326125e-03 1.698229e-03 1.206421e-03 1.073726e-03
1.560495e+01 1.357332e-03 1.694015e-03 1.246925e-03 1.131055e-03
1.565695e+01 1.412881e-03 1.728358e-03 1.307144e-03 1.203140e-03
1.570895e+01 1.486154e-03 1.792919e-03 1.382441e-03 1.283103e-03
1.576095e+01 1.567475e-03 1.873878e-03 1.464778e-03 1.363770e-03
1.581295e+01 1.645651e-03 1.955184e-03 1.543540e-03 1.438228e-03
1.586495e+01 1.709817e-03 2.021855e-03 1.607223e-03 1.500373e-03
1.591695e+01 1.751154e-03 2.062480e-03 1.645666e-03 1.545317e-03
1.596895e+01 1.764156e-03 2.070589e-03 1.652203e-03 1.569675e-03
1.602095e+01 1.747280e-03 2.044974e-03 1.625098e-03 1.571769e-03
1.607295e+01 1.702936e-03 1.989263e-03 1.567774e-03 1.551773e-03
1.612495e+01 1.636806e-03 1.910904e-03 1.487780e-03 1.511734e-03
1.617695e+01 1.556616e-03 1.819633e-03 1.394854e-03 1.455360e-03
1.622895e+01 1.470579e-03 1.725505e-03 1.298711e-03 1.387520e-03
1.628095e+01 1.385843e-03 1.636830e-03 1.207167e-03 1.313532e-03
1.633295e+01 1.307338e-03 1.558545e-03 1.125046e-03 1.238424e-03
1.638495e+01 1.237290e-03 1.491542e-03 1.053960e-03 1.166367e-03
1.643695e+01 1.175471e-03 1.433173e-03 9.928607e-04 1.100380e-03
1.648895e+01 1.120036e-03 1.378754e-03 9.390736e-04 1.042282e-03
1.654095e+01 1.068583e-03 1.323479e-03 8.894868e-04 9.927833e-04
1.659295e+01 1.019096e-03 1.264107e-03 8.415783e-04 9.516028e-04
1.664495e+01 9.704993e-04 1.199875e-03 7.940411e-04 9.175820e-04
1.669695e+01 9.227318e-04 1.132456e-03 7.469000e-04 8.888394e-04
1.674895e+01 8.764398e-04 1.065109e-03 7.011796e-04 8.630310e-04
1.680095e+01 8.325009e-04 1.001424e-03 6.583330e-04 8.377461e-04
1.685295e+01 7.916097e-04 9.441424e-04 6.196931e-04 8.109938e-04
1.690495e+01 7.540936e-04 8.944532e-04 5.861578e-04 7.816696e-04
1.695695e+01 7.199969e-04 8.519318e-04 5.581824e-04 7.498766e-04
1.700895e+01 6.893611e-04 8.150713e-04 5.360089e-04 7.170030e-04
1.706095e+01 6.625517e-04 7.821433e-04 5.199776e-04 6.855343e-04
1.711295e+01 6.404912e-04 7.520531e-04 5.107704e-04 6.586500e-04
1.716495e+01 6.247035e-04 7.248947e-04 5.094964e-04 6.397192e-04
1.721695e+01 6.171554e-04 7.020543e-04 5.175982e-04 6.318135e-04
1.726895e+01 6.199335e-04 6.858774e-04 5.366006e-04 6.373225e-04
1.732095e+01 6.348242e-04 6.790522e-04 5.677304e-04 6.576900e-04
1.737295e+01 6.628688e-04 6.839235e-04 6.114427e-04 6.932402e-04
1.742495e+01 7.039671e-04 7.019238e-04 6.669231e-04 7.430545e-04
1.747695e+01 7.566018e-04 7.332315e-04 7.316842e-04 8.048898e-04
1.752895e+01 8.177495e-04 7.766641e-04 8.014157e-04 8.751687e-04
1.758095e+01 8.830194e-04 8.297478e-04 8.702266e-04 9.490839e-04
1.763295e+01 9.470154e-04 8.888837e-04 9.313208e-04 1.020842e-03
1.768495e+01 1.003876e-03 9.495654e-04 9.780087e-04 1.084053e-03
1.773695e+01 1.047920e-03 1.006656e-03 1.004826e-03 1.132279e-03
1.778895e+01 1.074330e-03 1.054776e-03 1.008482e-03 1.159733e-03
1.784095e+01 1.079798e-03 1.088840e-03 9.884142e-04 1.162140e-03
1.789295e+01 1.063065e-03 1.104739e-03 9.468394e-04 1.137615e-03
1.794495e+01 1.025255e-03 1.100059e-03 8.883467e-04 1.087360e-03
1.799695e+01 9.699122e-04 1.074676e-03 8.191734e-04 1.015887e-03
1.804895e+01 9.026498e-04 1.031043e-03 7.463283e-04 9.305784e-04
1.810095e+01 8.304244e-04 9.740138e-04 6.767002e-04 8.405591e-04
1.815295e+01 7.605241e-04 9.101836e-04 6.162393e-04 7.551495e-04
1.820495e+01 6.994625e-04 8.468384e-04 5.692736e-04 6.822755e-04
1.825695e+01 6.520068e-04 7.907442e-04 5.380266e-04 6.272496e-04
1.830895e+01 6.205504e-04 7.470515e-04 5.224191e-04 5.921807e-04
1.836095e+01 6.049528e-04 7.185651e-04 5.202276e-04 5.760657e-04
1.841295e+01 6.028489e-04 7.055126e-04 5.276041e-04 5.754299e-04
1.846495e+01 6.103153e-04 7.057969e-04 5.398671e-04 5.852821e-04
1.851695e+01 6.227038e-04 7.155963e-04 5.523788e-04 6.001363e-04
1.856895e+01 6.354426e-04 7.301262e-04 5.612939e-04 6.149077e-04
1.862095e+01 6.446621e-04 7.444081e-04 5.640150e-04 6.255632e-04
1.867295e+01 6.475852e-04 7.539587e-04 5.593078e-04 6.294892e-04
1.872495e+01 6.427037e-04 7.553686e-04 5.471501e-04 6.255923e-04
1.877695e+01 6.297949e-04 7.467431e-04 5.284540e-04 6.141875e-04
1.882895e+01 6.098238e-04 7.279442e-04 5.047910e-04 5.967361e-04
1.888095e+01 5.847381e-04 7.005529e-04 4.781696e-04 5.754919e-04
1.893295e+01 5.571462e-04 6.674984e-04 4.508418e-04 5.530985e-04
1.898495e+01 5.298838e-04 6.323958e-04 4.250839e-04 5.321718e-04
1.903695e+01 5.055279e-04 5.987457e-04 4.029322e-04 5.149058e-04
1.908895e+01 4.859670e-04 5.692267e-04 3.859175e-04 5.027568e-04
1.914095e+01 4.721532e-04 5.452933e-04 3.748877e-04 4.962787e-04
1.919295e+01 4.641153e-04 5.271828e-04 3.699921e-04 4.951709e-04
1.924495e+01 4.612204e-04 5.142804e-04 3.708367e-04 4.985443e-04
1.929695e+01 4.625765e-04 5.056568e-04 3.767426e-04 5.053301e-04
1.934895e+01 4.674095e-04 5.005541e-04 3.869993e-04 5.146753e-04
1.940095e+01 4.752751e-04 4.986528e-04 4.010186e-04 5.261540e-04
1.945295e+01 4.860455e-04 5.000773e-04 4.183571e-04 5.397021e-04
1.950495e+01 4.997234e-04 5.052088e-04 4.386398e-04 5.553215e-04
1.955695e+01 5.162052e-04 5.144325e-04 4.614531e-04 5.727300e-04
1.960895e+01 5.351192e-04 5.279223e-04 4.862700e-04 5.911654e-04
1.966095e+01 5.558043e-04 5.455128e-04 5.124334e-04 6.094666e-04
1.971295e+01 5.774135e-04 5.666572e-04 5.391909e-04 6.263925e-04
1.976495e+01 5.990770e-04 5.904589e-04 5.657611e-04 6.410110e-04
1.981695e+01 6.200561e-04 6.157829e-04 5.914182e-04 6.529673e-04
1.986895e+01 6.398640e-04 6.414586e-04 6.155986e-04 6.625348e-04
1.992095e+01 6.583577e-04 6.665594e-04 6.380275e-04 6.704861e-04
1.997295e+01 6.758069e-04 6.906794e-04 6.588394e-04 6.779017e-04
2.002495e+01 6.929102e-04 7.140736e-04 6.786332e-04 6.860239e-04
2.007695e+01 7.106958e-04 7.375306e-04 6.983831e-04 6.961738e-04
2.012895e+01 7.302577e-04 7.619429e-04 7.191610e-04 7.096693e-04
2.018095e+01 7.523523e-04 7.876903e-04 7.417053e-04 7.276614e-04
2.023295e+01 7.769750e-04 8.140875e-04 7.659704e-04 7.508670e-04
2.028495e+01 8.031042e-04 8.391789e-04 7.908579e-04 7.792757e-04
2.033695e+01 8.287762e-04 8.600527e-04 8.142962e-04 8.119798e-04
2.038895e+01 8.515351e-04 8.736252e-04 8.337153e-04 8.472648e-04
2.044095e+01 8.691399e-04 8.776333e-04 8.467845e-04 8.830018e-04
2.049295e+01 8.802805e-04 8.714619e-04 8.521447e-04 9.172348e-04
2.054495e+01 8.850283e-04 8.564922e-04 8.498507e-04 9.487421e-04
2.059695e+01 8.848440e-04 8.358545e-04 8.413496e-04 9.773278e-04
2.064895e+01 8.821372e-04 8.136942e-04 8.290115e-04 1.003706e-03
2.070095e+01 8.795463e-04 7.942225e-04 8.154089e-04 1.029008e-03
2.075295e+01 8.791958e-04 7.808567e-04 8.026209e-04 1.054110e-03
2.080495e+01 8.821769e-04 7.756762e-04 7.918038e-04 1.079051e-03
2.085695e+01 8.883862e-04 7.792765e-04 7.831360e-04 1.102746e-03
2.090895e+01 8.967120e-04 7.909673e-04 7.760884e-04 1.123080e-03
2.096095e+01 9.054430e-04 8.091659e-04 7.698510e-04 1.137312e-03
2.101295e+01 9.127245e-04 8.318158e-04 7.637204e-04 1.142637e-03
2.106495e+01 9.169230e-04 8.567004e-04 7.573078e-04 1.136761e-03
2.111695e+01 9.168396e-04 8.816152e-04 7.505390e-04 1.118365e-03
2.116895e+01 9.117910e-04 9.044435e-04 7.435181e-04 1.087411e-03
2.122095e+01 9.016133e-04 9.232308e-04 7.363626e-04 1.045247e-03
2.127295e+01 8.866278e-04 9.363200e-04 7.290958e-04 9.944676e-04
2.132495e+01 8.675672e-04 9.425364e-04 7.216088e-04 9.385563e-04
2.137695e+01 8.454408e-04 9.413393e-04 7.136611e-04 8.813219e-04
2.142895e+01 8.213327e-04 9.328440e-04 7.048788e-04 8.262753e-04
2.148095e+01 7.961785e-04 9.176846e-04 6.947523e-04 7.760985e-04
2.153295e+01 7.705993e-04 8.967764e-04 6.826692e-04 7.323522e-04
2.158495e+01 7.448656e-04 8.710979e-04 6.680194e-04 6.954794e-04
2.163695e+01 7.190018e-04 8.415838e-04 6.503640e-04 6.650577e-04
2.168895e+01 6.929735e-04 8.091435e-04 6.296049e-04 6.401723e-04
2.174095e+01 6.668577e-04 7.747289e-04 6.060726e-04 6.197716e-04
2.179295e+01 6.409164e-04 7.393539e-04 5.804841e-04 6.029111e-04
2.184495e+01 6.155521e-04 7.040125e-04 5.537826e-04 5.888612e-04
2.189695e+01 5.911874e-04 6.695236e-04 5.269299e-04 5.771086e-04
2.194895e+01 5.681388e-04 6.363861e-04 5.007319e-04 5.672984e-04
2.200095e+01 5.465435e-04 6.047310e-04 4.757503e-04 5.591492e-04
2.205295e+01 5.263589e-04 5.744063e-04 4.523112e-04 5.523591e-04
2.210495e+01 5.074215e-04 5.451672e-04 4.305817e-04 5.465157e-04
2.215695e+01 4.895374e-04 5.169008e-04 4.106749e-04 5.410365e-04
2.220895e+01 4.725744e-04 4.898048e-04 3.927387e-04 5.351796e-04
2.226095e+01 4.565350e-04 4.644588e-04 3.769971e-04 5.281491e-04
2.231295e+01 4.415877e-04 4.417596e-04 3.637238e-04 5.192797e-04
2.236495e+01 4.280419e-04 4.227300e-04 3.531551e-04 5.082407e-04
2.241695e+01 4.162695e-04 4.082554e-04 3.453737e-04 4.951795e-04
2.246895e+01 4.066008e-04 3.988338e-04 3.402201e-04 4.807486e-04
2.252095e+01 3.992461e-04 3.944393e-04 3.372840e-04 4.660152e-04
2.257295e+01 3.942874e-04 3.945676e-04 3.359999e-04 4.522947e-04
2.262495e+01 3.917507e-04 3.984612e-04 3.358198e-04 4.409711e-04
2.267695e+01 3.917237e-04 4.054324e-04 3.363958e-04 4.333430e-04
2.272895e+01 3.944532e-04 4.151483e-04 3.376985e-04 4.305128e-04
2.278095e+01 4.003639e-04 4.277585e-04 3.400235e-04 4.333098e-04
2.283295e+01 4.099820e-04 4.438154e-04 3.438904e-04 4.422402e-04
2.288495e+01 4.237854e-04 4.640250e-04 3.498749e-04 4.574562e-04
2.293695e+01 4.420308e-04 4.889196e-04 3.584297e-04 4.787430e-04
2.298895e+01 4.645997e-04 5.185466e-04 3.697374e-04 5.055152e-04
2.304095e+01 4.908926e-04 5.522319e-04 3.836239e-04 5.368220e-04
2.309295e+01 5.197918e-04 5.884543e-04 3.995562e-04 5.713649e-04
2.314495e+01 5.497218e-04 6.248640e-04 4.167484e-04 6.075532e-04
2.319695e+01 5.788350e-04 6.584914e-04 4.343809e-04 6.436329e-04
2.324895e+01 6.053305e-04 6.861751e-04 4.519015e-04 6.779148e-04
2.330095e+01 6.278618e-04 7.051701e-04 4.693240e-04 7.090915e-04
2.335295e+01 6.459317e-04 7.138005e-04 4.874148e-04 7.365797e-04
2.340495e+01 6.601407e-04 7.119562e-04 5.076837e-04 7.607823e-04
2.345695e+01 6.721915e-04 7.012500e-04 5.321638e-04 7.831605e-04
2.350895e+01 6.846243e-04 6.847680e-04 5.630493e-04 8.060555e-04
2.356095e+01 7.003580e-04 6.665009e-04 6.023029e-04 8.322704e-04
2.361295e+01 7.221614e-04 6.506576e-04 6.513270e-04 8.644997e-04
2.366495e+01 7.521784e-04 6.410760e-04 7.107373e-04 9.047220e-04
2.371695e+01 7.915819e-04 6.408537e-04 7.802187e-04 9.536732e-04
2.376895e+01 8.403749e-04 6.521895e-04 8.584369e-04 1.010498e-03
2.382095e+01 8.973356e-04 6.763297e-04 9.430117e-04 1.072665e-03
2.387295e+01 9.601007e-04 7.134970e-04 1.030602e-03 1.136204e-03
2.392495e+01 1.025394e-03 7.627523e-04 1.117151e-03 1.196279e-03
2.397695e+01 1.089390e-03 8.218446e-04 1.198300e-03 1.248026e-03
2.402895e+01 1.148170e-03 8.871821e-04 1.269875e-03 1.287452e-03
2.408095e+01 1.198194e-03 9.540612e-04 1.328347e-03 1.312175e-03
2.413295e+01 1.236721e-03 1.017218e-03 1.371165e-03 1.321780e-03
2.418495e+01 1.262097e-03 1.071632e-03 1.396932e-03 1.317729e-03
2.423695e+01 1.273916e-03 1.113395e-03 1.405493e-03 1.302860e-03
2.428895e+01 1.273010e-03 1.140383e-03 1.397953e-03 1.280693e-03
2.434095e+01 1.261286e-03 1.152524e-03 1.376619e-03 1.254717e-03
2.439295e+01 1.241402e-03 1.151567e-03 1.344805e-03 1.227835e-03
2.444495e+01 1.216312e-03 1.140471e-03 1.306427e-03 1.202040e-03
2.449695e+01 1.188780e-03 1.122626e-03 1.265398e-03 1.178316e-03
2.454895e+01 1.160964e-03 1.101193e-03 1.224973e-03 1.156726e-03
2.460095e+01 1.134186e-03 1.078714e-03 1.187208e-03 1.136636e-03
2.465295e+01 1.108912e-03 1.057009e-03 1.152732e-03 1.116996e-03
2.470495e+01 1.084929e-03 1.037261e-03 1.120881e-03 1.096646e-03
2.475695e+01 1.061621e-03 1.020133e-03 1.090146e-03 1.074584e-03
2.480895e+01 1.038267e-03 1.005836e-03 1.058793e-03 1.050173e-03
2.486095e+01 1.014313e-03 9.941772e-04 1.025479e-03 1.023282e-03
2.491295e+01 9.895893e-04 9.846595e-04 9.897436e-04 9.943649e-04
2.496495e+01 9.645162e-04 9.767319e-04 9.523057e-04 9.645109e-04
2.501695e+01 9.402724e-04 9.701901e-04 9.151636e-04 9.354636e-04
2.506895e+01 9.189212e-04 9.656375e-04 8.815234e-04 9.096029e-04
2.512095e+01 9.034101e-04 9.648258e-04 8.555650e-04 8.898395e-04
2.517295e+01 8.973573e-04 9.706768e-04 8.420297e-04 8.793655e-04
2.522495e+01 9.045713e-04 9.868636e-04 8.456086e-04 8.812416e-04
2.527695e+01 9.283404e-04 1.016982e-03 8.701620e-04 8.978773e-04
2.532895e+01 9.706521e-04 1.063523e-03 9.178936e-04 9.305394e-04
2.538095e+01 1.031578e-03 1.126983e-03 9.887024e-04 9.790489e-04
2.543295e+01 1.109050e-03 1.205438e-03 1.079952e-03 1.041761e-03
2.548495e+01 1.199125e-03 1.294748e-03 1.186817e-03 1.115810e-03
2.553695e+01 1.296659e-03 1.389329e-03 1.303167e-03 1.197481e-03
2.558895e+01 1.396179e-03 1.483190e-03 1.422760e-03 1.282585e-03
2.564095e+01 1.492678e-03 1.570874e-03 1.540392e-03 1.366768e-03
2.569295e+01 1.582169e-03 1.648024e-03 1.652656e-03 1.445826e-03
2.574495e+01 1.661925e-03 1.711519e-03 1.758135e-03 1.516121e-03
2.579695e+01 1.730491e-03 1.759299e-03 1.857046e-03 1.575128e-03
2.584895e+01 1.787553e-03 1.790158e-03 1.950532e-03 1.621970e-03
2.590095e+01 1.833762e-03 1.803674e-03 2.039880e-03 1.657731e-03
2.595295e+01 1.870515e-03 1.800350e-03 2.125884e-03 1.685312e-03
2.600495e+01 1.899711e-03 1.781831e-03 2.208493e-03 1.708810e-03
2.605695e+01 1.923443e-03 1.751030e-03 2.286740e-03 1.732557e-03
2.610895e+01 1.943682e-03 1.712012e-03 2.358905e-03 1.760129e-03
2.616095e+01 1.962015e-03 1.669627e-03 2.422833e-03 1.793587e-03
2.621295e+01 1.979493e-03 1.629000e-03 2.476343e-03 1.833136e-03
2.626495e+01 1.996626e-03 1.595006e-03 2.517666e-03 1.877205e-03
2.631695e+01 2.013515e-03 1.571843e-03 2.545819e-03 1.922883e-03
2.636895e+01 2.030067e-03 1.562711e-03 2.560878e-03 1.966612e-03
2.642095e+01 2.046222e-03 1.569584e-03 2.564059e-03 2.005022e-03
2.647295e+01 2.062138e-03 1.593067e-03 2.557595e-03 2.035752e-03
2.652495e+01 2.078260e-03 1.632353e-03 2.544395e-03 2.058031e-03
2.657695e+01 2.095206e-03 1.685309e-03 2.527503e-03 2.072807e-03
2.662895e+01 2.113460e-03 1.748661e-03 2.509445e-03 2.082274e-03
2.668095e+01 2.132896e-03 1.818197e-03 2.491602e-03 2.088888e-03
2.673295e+01 2.152312e-03 1.888943e-03 2.473789e-03 2.094203e-03
2.678495e+01 2.169175e-03 1.955332e-03 2.454246e-03 2.097948e-03
2.683695e+01 2.179790e-03 2.011482e-03 2.430099e-03 2.097788e-03
2.688895e+01 2.179948e-03 2.051741e-03 2.398232e-03 2.089872e-03
2.694095e+01 2.165943e-03 2.071507e-03 2.356306e-03 2.070016e-03
2.699295e+01 2.135620e-03 2.068179e-03 2.303604e-03 2.035079e-03
2.704495e+01 2.089096e-03 2.041889e-03 2.241372e-03 1.984028e-03
2.709695e+01 2.028851e-03 1.995692e-03 2.172524e-03 1.918337e-03
2.714895e+01 1.959141e-03 1.935027e-03 2.100772e-03 1.841624e-03
2.720095e+01 1.884915e-03 1.866544e-03 2.029517e-03 1.758684e-03
2.725295e+01 1.810609e-03 1.796637e-03 1.960896e-03 1.674294e-03
2.730495e+01 1.739216e-03 1.730134e-03 1.895364e-03 1.592151e-03
2.735695e+01 1.671910e-03 1.669524e-03 1.831937e-03 1.514268e-03
2.740895e+01 1.608272e-03 1.614888e-03 1.768960e-03 1.440969e-03
2.746095e+01 1.546971e-03 1.564456e-03 1.705043e-03 1.371415e-03
2.751295e+01 1.486580e-03 1.515537e-03 1.639750e-03 1.304454e-03
2.756495e+01 1.426246e-03 1.465490e-03 1.573788e-03 1.239460e-03
2.761695e+01 1.365996e-03 1.412477e-03 1.508663e-03 1.176849e-03
2.766895e+01 1.306656e-03 1.355838e-03 1.446028e-03 1.118103e-03
2.772095e+01 1.249481e-03 1.296089e-03 1.387036e-03 1.065320e-03
2.777295e+01 1.195693e-03 1.234613e-03 1.331978e-03 1.020487e-03
2.782495e+01 1.146112e-03 1.173226e-03 1.280310e-03 9.848000e-04
2.787695e+01 1.101010e-03 1.113754e-03 1.231007e-03 9.582706e-04
2.792895e+01 1.060187e-03 1.057769e-03 1.183035e-03 9.397561e-04
2.798095e+01 1.023198e-03 1.006511e-03 1.135748e-03 9.273369e-04
2.803295e+01 9.896147e-04 9.609418e-04 1.089045e-03 9.188573e-04
2.808495e+01 9.591818e-04 9.218590e-04 1.043276e-03 9.124107e-04
2.813695e+01 9.318405e-04 8.899355e-04 9.989627e-04 9.066233e-04
2.818895e+01 9.076224e-04 8.656660e-04 9.565041e-04 9.006971e-04
2.824095e+01 8.865045e-04 8.492485e-04 9.159919e-04 8.942730e-04
2.829295e+01 8.683129e-04 8.404868e-04 8.772319e-04 8.872201e-04
2.834495e+01 8.527289e-04 8.387919e-04 8.399430e-04 8.794517e-04
2.839695e+01 8.393825e-04 8.432932e-04 8.040285e-04 8.708260e-04
2.844895e+01 8.279679e-04 8.529940e-04 7.697701e-04 8.611396e-04
2.850095e+01 8.182969e-04 8.668695e-04 7.378342e-04 8.501869e-04
2.855295e+01 8.102466e-04 8.838358e-04 7.090680e-04 8.378361e-04
2.860495e+01 8.036187e-04 9.026022e-04 6.841701e-04 8.240839e-04
2.865695e+01 7.979863e-04 9.215054e-04 6.633871e-04 8.090663e-04
2.870895e+01 7.926215e-04 9.384575e-04 6.463750e-04 7.930321e-04
2.876095e+01 7.865609e-04 9.510979e-04 6.322861e-04 7.762988e-04
2.881295e+01 7.787975e-04 9.571473e-04 6.200316e-04 7.592134e-04
2.886495e+01 7.685271e-04 9.548620e-04 6.085909e-04 7.421285e-04
2.891695e+01 7.553480e-04 9.434321e-04 5.972300e-04 7.253818e-04
2.896895e+01 7.393304e-04 9.231789e-04 5.855527e-04 7.092595e-04
2.902095e+01 7.209336e-04 8.954750e-04 5.733988e-04 6.939269e-04
2.907295e+01 7.008073e-04 8.624110e-04 5.606793e-04 6.793316e-04
2.912495e+01 6.795644e-04 8.263186e-04 5.472553e-04 6.651192e-04
2.917695e+01 6.576180e-04 7.893064e-04 5.329278e-04 6.506199e-04
2.922895e+01 6.351461e-04 7.529456e-04 5.175368e-04 6.349559e-04
2.928095e+01 6.121847e-04 7.181762e-04 5.011076e-04 6.172703e-04
2.933295e+01 5.887940e-04 6.854113e-04 4.839573e-04 5.970133e-04
2.938495e+01 5.652077e-04 6.547488e-04 4.666972e-04 5.741769e-04
2.943695e+01 5.418868e-04 6.261765e-04 4.501127e-04 5.493712e-04
2.948895e+01 5.194498e-04 5.996892e-04 4.349611e-04 5.236992e-04
2.954095e+01 4.985113e-04 5.752974e-04 4.217591e-04 4.984776e-04
2.959295e+01 4.795042e-04 5.529630e-04 4.106383e-04 4.749113e-04
2.964495e+01 4.625636e-04 5.325275e-04 4.013176e-04 4.538458e-04
2.969695e+01 4.475184e-04 5.136878e-04 3.931993e-04 4.356680e-04
2.974895e+01 4.339848e-04 4.960439e-04 3.855516e-04 4.203587e-04
2.980095e+01 4.215181e-04 4.791992e-04 3.777178e-04 4.076373e-04
2.985295e+01 4.097603e-04 4.628687e-04 3.692888e-04 3.971233e-04
2.990495e+01 3.985344e-04 4.469450e-04 3.602005e-04 3.884577e-04
2.995695e+01 3.878676e-04 4.314920e-04 3.507414e-04 3.813693e-04
3.000895e+01 3.779533e-04 4.166768e-04 3.414845e-04 3.756988e-04
3.006095e+01 3.690857e-04 4.026784e-04 3.331651e-04 3.714136e-04
3.011295e+01 3.615964e-04 3.896274e-04 3.265354e-04 3.686263e-04
3.016495e+01 3.558132e-04 3.776055e-04 3.222212e-04 3.676128e-04
3.021695e+01 3.520376e-04 3.667000e-04 3.206094e-04 3.688033e-04
3.026895e+01 3.505265e-04 3.570706e-04 3.217916e-04 3.727173e-04
3.032095e+01 3.514633e-04 3.489799e-04 3.255748e-04 3.798353e-04
3.037295e+01 3.549116e-04 3.427570e-04 3.315519e-04 3.904258e-04
3.042495e+01 3.607599e-04 3.387029e-04 3.391988e-04 4.043779e-04
3.047695e+01 3.686764e-04 3.369757e-04 3.479618e-04 4.210918e-04
3.052895e+01 3.780944e-04 3.375042e-04 3.573066e-04 4.394722e-04
3.058095e+01 3.882445e-04 3.399639e-04 3.667335e-04 4.580361e-04
3.063295e+01 3.982412e-04 3.438264e-04 3.757799e-04 4.751174e-04
3.068495e+01 4.072108e-04 3.484656e-04 3.840417e-04 4.891251e-04
3.073695e+01 4.144340e-04 3.532877e-04 3.912188e-04 4.987954e-04
3.078895e+01 4.194665e-04 3.578463e-04 3.971686e-04 5.033845e-04
3.084095e+01 4.222030e-04 3.619133e-04 4.019321e-04 5.027636e-04
3.089295e+01 4.228667e-04 3.654891e-04 4.057062e-04 4.974050e-04
3.094495e+01 4.219327e-04 3.687612e-04 4.087608e-04 4.882762e-04
3.099695e+01 4.200126e-04 3.720313e-04 4.113331e-04 4.766735e-04
3.104895e+01 4.177382e-04 3.756385e-04 4.135427e-04 4.640336e-04
3.110095e+01 4.156726e-04 3.799000e-04 4.153676e-04 4.517503e-04
3.115295e+01 4.142605e-04 3.850775e-04 4.166892e-04 4.410149e-04
3.120495e+01 4.138132e-04 3.913676e-04 4.173828e-04 4.326893e-04
3.125695e+01 4.145118e-04 3.989057e-04 4.174078e-04 4.272219e-04
3.130895e+01 4.164139e-04 4.077690e-04 4.168545e-04 4.246181e-04
3.136095e+01 4.194555e-04 4.179636e-04 4.159281e-04 4.244749e-04
3.141295e+01 4.234506e-04 4.293854e-04 4.148829e-04 4.260835e-04
3.146495e+01 4.280952e-04 4.417585e-04 4.139431e-04 4.285841e-04
3.151695e+01 4.329889e-04 4.545773e-04 4.132481e-04 4.311413e-04
3.156895e+01 4.376788e-04 4.670950e-04 4.128435e-04 4.330979e-04
3.162095e+01 4.417248e-04 4.783963e-04 4.127140e-04 4.340642e-04
3.167295e+01 4.447724e-04 4.875645e-04 4.128310e-04 4.339217e-04
3.172495e+01 4.466110e-04 4.939017e-04 4.131828e-04 4.327484e-04
3.177695e+01 4.471982e-04 4.971267e-04 4.137636e-04 4.307044e-04
3.182895e+01 4.466381e-04 4.974683e-04 4.145178e-04 4.279283e-04
3.188095e+01 4.451194e-04 4.956096e-04 4.152653e-04 4.244832e-04
3.193295e+01 4.428364e-04 4.924932e-04 4.156554e-04 4.203607e-04
3.198495e+01 4.399220e-04 4.890503e-04 4.151928e-04 4.155230e-04
3.203695e+01 4.364189e-04 4.859456e-04 4.133605e-04 4.099507e-04
3.208895e+01 4.323053e-04 4.834215e-04 4.098118e-04 4.036825e-04
3.214095e+01 4.275748e-04 4.813011e-04 4.045714e-04 3.968519e-04
3.219295e+01 4.223536e-04 4.791521e-04 3.981685e-04 3.897402e-04
3.224495e+01 4.170187e-04 4.765631e-04 3.916516e-04 3.828414e-04
3.229695e+01 4.122698e-04 4.734281e-04 3.864756e-04 3.769056e-04
3.234895e+01 4.091080e-04 4.701244e-04 3.842926e-04 3.729071e-04
3.240095e+01 4.086955e-04 4.674978e-04 3.866915e-04 3.718972e-04
3.245295e+01 4.121114e-04 4.666511e-04 3.949272e-04 3.747560e-04
3.250495e+01 4.200682e-04 4.686122e-04 4.096748e-04 3.819177e-04
3.255695e+01 4.326801e-04 4.740172e-04 4.308412e-04 3.931819e-04
3.260895e+01 4.493705e-04 4.829299e-04 4.574729e-04 4.077088e-04
3.266095e+01 4.689624e-04 4.948577e-04 4.877996e-04 4.242297e-04
3.271295e+01 4.899260e-04 5.089350e-04 5.194260e-04 4.414170e-04
3.276495e+01 5.107072e-04 5.241852e-04 5.496541e-04 4.582823e-04
3.281695e+01 5.300297e-04 5.397576e-04 5.758764e-04 4.744551e-04
3.286895e+01 5.470890e-04 5.550638e-04 5.959639e-04 4.902392e-04
3.292095e+01 5.616020e-04 5.697955e-04 6.085751e-04 5.064353e-04
3.297295e+01 5.737324e-04 5.838572e-04 6.133305e-04 5.240093e-04
3.302495e+01 5.839496e-04 5.972796e-04 6.108274e-04 5.437419e-04
3.307695e+01 5.928864e-04 6.101802e-04 6.024991e-04 5.659798e-04
3.312895e+01 6.012358e-04 6.227969e-04 5.903517e-04 5.905588e-04
3.318095e+01 6.096972e-04 6.355631e-04 5.766392e-04 6.168892e-04
3.323295e+01 6.189471e-04 6.491439e-04 5.635491e-04 6.441482e-04
3.328495e+01 6.296056e-04 6.643524e-04 5.529675e-04 6.714970e-04
3.333695e+01 6.421788e-04 6.819202e-04 5.463580e-04 6.982583e-04
3.338895e+01 6.569804e-04 7.021848e-04 5.447462e-04 7.240102e-04
3.344095e+01 6.740573e-04 7.248233e-04 5.487641e-04 7.485845e-04
3.349295e+01 6.931473e-04 7.487619e-04 5.587012e-04 7.719787e-04
3.354495e+01 7.136872e-04 7.723257e-04 5.745266e-04 7.942092e-04
3.359695e+01 7.348736e-04 7.935892e-04 5.958796e-04 8.151519e-04
3.364895e+01 7.557597e-04 8.108112e-04 6.220472e-04 8.344208e-04
3.370095e+01 7.753670e-04 8.228114e-04 6.519521e-04 8.513374e-04
3.375295e+01 7.927930e-04 8.291847e-04 6.841691e-04 8.650251e-04
3.380495e+01 8.073083e-04 8.303153e-04 7.169858e-04 8.746237e-04
3.385695e+01 8.184381e-04 8.272214e-04 7.485246e-04 8.795682e-04
3.390895e+01 8.260245e-04 8.213012e-04 7.769338e-04 8.798387e-04
3.396095e+01 8.302545e-04 8.140579e-04 8.006296e-04 8.760761e-04
3.401295e+01 8.316348e-04 8.068666e-04 8.185306e-04 8.695073e-04
3.406495e+01 8.309061e-04 8.008160e-04 8.302083e-04 8.616940e-04
3.411695e+01 8.289119e-04 7.966370e-04 8.358964e-04 8.542022e-04
3.416895e+01 8.264623e-04 7.947101e-04 8.363581e-04 8.483189e-04
3.422095e+01 8.242412e-04 7.951386e-04 8.326729e-04 8.449122e-04
3.427295e+01 8.227795e-04 7.978622e-04 8.260279e-04 8.444484e-04
3.432495e+01 8.224821e-04 8.027799e-04 8.175732e-04 8.470932e-04
3.437695e+01 8.236600e-04 8.098411e-04 8.083499e-04 8.527889e-04
3.442895e+01 8.265185e-04 8.190694e-04 7.992525e-04 8.612336e-04
3.448095e+01 8.310874e-04 8.304975e-04 7.909834e-04 8.717814e-04
3.453295e+01 8.371253e-04 8.440281e-04 7.839832e-04 8.833644e-04
3.458495e+01 8.440611e-04 8.592683e-04 7.783576e-04 8.945574e-04
3.463695e+01 8.510275e-04 8.754117e-04 7.738391e-04 9.038317e-04
3.468895e+01 8.569929e-04 8.912373e-04 7.698136e-04 9.099278e-04
3.474095e+01 8.609521e-04 9.052558e-04 7.654169e-04 9.121836e-04
3.479295e+01 8.621053e-04 9.159742e-04 7.596801e-04 9.106616e-04
3.484495e+01 8.599696e-04 9.221942e-04 7.516971e-04 9.060174e-04
3.489695e+01 8.544040e-04 9.232382e-04 7.407887e-04 8.991850e-04
3.494895e+01 8.455672e-04 9.190206e-04 7.266410e-04 8.910401e-04
3.500095e+01 8.338435e-04 9.099519e-04 7.093979e-04 8.821809e-04
3.505295e+01 8.197659e-04 8.967309e-04 6.896822e-04 8.728845e-04
3.510495e+01 8.039485e-04 8.801256e-04 6.685254e-04 8.631946e-04
3.515695e+01 7.870300e-04 8.608346e-04 6.472071e-04 8.530483e-04
3.520895e+01 7.696225e-04 8.394686e-04 6.270322e-04 8.423666e-04
3.526095e+01 7.522705e-04 8.166292e-04 6.091061e-04 8.310764e-04
3.531295e+01 7.354235e-04 7.930147e-04 5.941708e-04 8.190849e-04
3.536495e+01 7.194284e-04 7.694832e-04 5.825523e-04 8.062498e-04
3.541695e+01 7.045464e-04 7.470323e-04 5.742223e-04 7.923845e-04
3.546895e+01 6.909879e-04 7.267049e-04 5.689377e-04 7.773211e-04
3.552095e+01 6.789556e-04 7.094587e-04 5.663888e-04 7.610192e-04
3.557295e+01 6.686705e-04 6.960474e-04 5.662843e-04 7.436797e-04
3.562495e+01 6.603620e-04 6.869389e-04 5.683378e-04 7.258092e-04
3.567695e+01 6.542094e-04 6.822732e-04 5.721685e-04 7.081866e-04
3.572895e+01 6.502489e-04 6.818424e-04 5.771816e-04 6.917226e-04
3.578095e+01 6.482810e-04 6.850794e-04 5.825114e-04 6.772521e-04
3.583295e+01 6.478258e-04 6.910553e-04 5.870905e-04 6.653317e-04
3.588495e+01 6.481597e-04 6.985110e-04 5.898445e-04 6.561236e-04
3.593695e+01 6.484366e-04 7.059544e-04 5.899509e-04 6.494044e-04
3.598895e+01 6.478626e-04 7.118432e-04 5.870585e-04 6.446860e-04
3.604095e+01 6.458670e-04 7.148370e-04 5.813772e-04 6.413868e-04
3.609295e+01 6.422159e-04 7.140653e-04 5.736047e-04 6.389778e-04
3.614495e+01 6.370383e-04 7.093348e-04 5.647241e-04 6.370560e-04
3.619695e+01 6.307649e-04 7.012026e-04 5.557527e-04 6.353393e-04
3.624895e+01 6.240070e-04 6.908790e-04 5.475280e-04 6.336139e-04
3.630095e+01 6.174100e-04 6.799706e-04 5.405815e-04 6.316779e-04
3.635295e+01 6.115132e-04 6.701246e-04 5.351076e-04 6.293073e-04
3.640495e+01 6.066399e-04 6.626647e-04 5.309999e-04 6.262549e-04
3.645695e+01 6.028381e-04 6.583216e-04 5.279216e-04 6.222711e-04
3.650895e+01 5.998815e-04 6.571274e-04 5.253848e-04 6.171324e-04
3.656095e+01 5.973317e-04 6.584963e-04 5.228364e-04 6.106624e-04
3.661295e+01 5.946452e-04 6.614461e-04 5.197497e-04 6.027398e-04
3.666495e+01 5.912965e-04 6.648708e-04 5.157201e-04 5.932984e-04
3.671695e+01 5.868846e-04 6.677717e-04 5.105487e-04 5.823334e-04
3.676895e+01 5.812006e-04 6.693856e-04 5.042906e-04 5.699256e-04
3.682095e+01 5.742470e-04 6.692076e-04 4.972482e-04 5.562853e-04
3.687295e+01 5.662141e-04 6.669481e-04 4.899033e-04 5.417910e-04
3.692495e+01 5.574242e-04 6.624760e-04 4.828008e-04 5.269957e-04
3.697695e+01 5.482576e-04 6.557850e-04 4.764080e-04 5.125799e-04
3.702895e+01 5.390752e-04 6.469864e-04 4.709845e-04 4.992546e-04
3.708095e+01 5.301506e-04 6.363078e-04 4.664979e-04 4.876459e-04
3.713295e+01 5.216290e-04 6.240753e-04 4.626166e-04 4.781952e-04
3.718495e+01 5.135214e-04 6.106692e-04 4.587956e-04 4.710993e-04
3.723695e+01 5.057360e-04 5.964710e-04 4.544403e-04 4.662968e-04
3.728895e+01 4.981391e-04 5.818245e-04 4.490997e-04 4.634932e-04
3.734095e+01 4.906239e-04 5.670339e-04 4.426213e-04 4.622165e-04
3.739295e+01 4.831651e-04 5.523926e-04 4.352065e-04 4.618963e-04
3.744495e+01 4.758416e-04 5.382206e-04 4.273454e-04 4.619589e-04
3.749695e+01 4.688201e-04 5.248752e-04 4.196578e-04 4.619274e-04
3.754895e+01 4.623074e-04 5.127174e-04 4.127006e-04 4.615043e-04
3.760095e+01 4.564887e-04 5.020396e-04 4.068127e-04 4.606137e-04
3.765295e+01 4.514726e-04 4.929879e-04 4.020438e-04 4.593862e-04
3.770495e+01 4.472624e-04 4.855176e-04 3.981847e-04 4.580849e-04
3.775695e+01 4.437598e-04 4.794102e-04 3.948774e-04 4.569917e-04
3.780895e+01 4.408005e-04 4.743464e-04 3.917626e-04 4.562923e-04
3.786095e+01 4.382069e-04 4.700062e-04 3.886136e-04 4.560009e-04
3.791295e+01 4.358401e-04 4.661504e-04 3.854129e-04 4.559571e-04
3.796495e+01 4.336356e-04 4.626531e-04 3.823557e-04 4.558980e-04
3.801695e+01 4.316147e-04 4.594809e-04 3.797881e-04 4.555752e-04
3.806895e+01 4.298723e-04 4.566394e-04 3.781114e-04 4.548660e-04
3.812095e+01 4.285460e-04 4.541214e-04 3.776872e-04 4.538294e-04
3.817295e+01 4.277748e-04 4.518804e-04 3.787625e-04 4.526816e-04
3.822495e+01 4.276553e-04 4.498327e-04 3.814252e-04 4.517080e-04
3.827695e+01 4.282054e-04 4.478736e-04 3.855858e-04 4.511567e-04
3.832895e+01 4.293475e-04 4.458891e-04 3.909858e-04 4.511677e-04
3.838095e+01 4.309208e-04 4.437550e-04 3.972377e-04 4.517697e-04
3.843295e+01 4.327219e-04 4.413310e-04 4.038934e-04 4.529413e-04
3.848495e+01 4.345641e-04 4.384657e-04 4.105319e-04 4.546948e-04
3.853695e+01 4.363310e-04 4.350261e-04 4.168363e-04 4.571305e-04
3.858895e+01 4.380008e-04 4.309481e-04 4.226300e-04 4.604244e-04
3.864095e+01 4.396312e-04 4.262931e-04 4.278550e-04 4.647456e-04
3.869295e+01 4.413094e-04 4.212856e-04 4.325025e-04 4.701400e-04
3.874495e+01 4.430942e-04 4.163164e-04 4.365315e-04 4.764348e-04
3.879695e+01 4.449801e-04 4.119048e-04 4.398199e-04 4.832156e-04
3.884895e+01 4.469025e-04 4.086309e-04 4.421757e-04 4.899010e-04
3.890095e+01 4.487859e-04 4.070501e-04 4.434101e-04 4.958975e-04
3.895295e+01 4.506097e-04 4.076017e-04 4.434409e-04 5.007865e-04
3.900495e+01 4.524583e-04 4.105229e-04 4.423787e-04 5.044735e-04
3.905695e+01 4.545217e-04 4.157752e-04 4.405515e-04 5.072385e-04
3.910895e+01 4.570375e-04 4.230021e-04 4.384486e-04 5.096618e-04
3.916095e+01 4.601917e-04 4.315381e-04 4.365915e-04 5.124456e-04
3.921295e+01 4.640202e-04 4.404862e-04 4.353749e-04 5.161994e-04
3.926495e+01 4.683564e-04 4.488650e-04 4.349345e-04 5.212697e-04
3.931695e+01 4.728565e-04 4.557979e-04 4.350963e-04 5.276752e-04
3.936895e+01 4.770982e-04 4.606987e-04 4.354347e-04 5.351612e-04
3.942095e+01 4.807202e-04 4.633988e-04 4.354278e-04 5.433341e-04
3.947295e+01 4.835491e-04 4.641749e-04 4.346565e-04 5.518158e-04
3.952495e+01 4.856664e-04 4.636633e-04 4.329778e-04 5.603580e-04
3.957695e+01 4.873919e-04 4.626804e-04 4.306074e-04 5.688880e-04
3.962895e+01 4.891904e-04 4.620018e-04 4.280838e-04 5.774857e-04
3.968095e+01 4.915329e-04 4.621649e-04 4.261255e-04 5.863084e-04
3.973295e+01 4.947554e-04 4.633502e-04 4.254321e-04 5.954837e-04
3.978495e+01 4.989507e-04 4.653698e-04 4.264890e-04 6.049933e-04
3.983695e+01 5.039178e-04 4.677492e-04 4.294335e-04 6.145708e-04
3.988895e+01 5.091762e-04 4.698626e-04 4.340165e-04 6.236496e-04
3.994095e+01 5.140418e-04 4.710732e-04 4.396645e-04 6.313876e-04
3.999295e+01 5.177481e-04 4.708434e-04 4.456163e-04 6.367845e-04
4.004495e+01 5.195880e-04 4.688030e-04 4.510887e-04 6.388723e-04
4.009695e+01 5.190420e-04 4.647781e-04 4.554148e-04 6.369332e-04
4.014895e+01 5.158638e-04 4.587912e-04 4.581154e-04 6.306849e-04
4.020095e+01 5.101060e-04 4.510415e-04 4.588984e-04 6.203780e-04
4.025295e+01 5.020876e-04 4.418718e-04 4.576117e-04 6.067794e-04
4.030495e+01 4.923241e-04 4.317291e-04 4.541990e-04 5.910441e-04
4.035695e+01 4.814426e-04 4.211259e-04 4.486911e-04 5.745108e-04
4.040895e+01 4.701055e-04 4.106039e-04 4.412380e-04 5.584748e-04
4.046095e+01 4.589486e-04 4.006977e-04 4.321505e-04 5.439976e-04
4.051295e+01 4.485352e-04 3.918951e-04 4.219085e-04 5.318019e-04
4.056495e+01 4.393247e-04 3.845915e-04 4.111112e-04 5.222713e-04
4.061695e+01 4.316558e-04 3.790477e-04 4.003789e-04 5.155409e-04
4.066895e+01 4.257425e-04 3.753589e-04 3.902417e-04 5.116268e-04
4.072095e+01 4.216795e-04 3.734471e-04 3.810582e-04 5.105331e-04
4.077295e+01 4.194483e-04 3.730762e-04 3.729896e-04 5.122793e-04
4.082495e+01 4.189174e-04 3.738892e-04 3.660271e-04 5.168359e-04
4.087695e+01 4.198397e-04 3.754625e-04 3.600559e-04 5.240008e-04
4.092895e+01 4.218621e-04 3.773708e-04 3.549298e-04 5.332859e-04
4.098095e+01 4.245600e-04 3.792547e-04 3.505370e-04 5.438882e-04
4.103295e+01 4.275022e-04 3.808780e-04 3.468463e-04 5.547824e-04
4.108495e+01 4.303309e-04 3.821565e-04 3.439229e-04 5.649133e-04
4.113695e+01 4.328275e-04 3.831508e-04 3.419143e-04 5.734175e-04
4.118895e+01 4.349378e-04 3.840221e-04 3.410057e-04 5.797856e-04
4.124095e+01 4.367455e-04 3.849689e-04 3.413592e-04 5.839083e-04
4.129295e+01 4.384063e-04 3.861650e-04 3.430535e-04 5.860003e-04
4.134495e+01 4.400704e-04 3.877167e-04 3.460422e-04 5.864525e-04
4.139695e+01 4.418242e-04 3.896484e-04 3.501436e-04 5.856805e-04
4.144895e+01 4.436684e-04 3.919162e-04 3.550638e-04 5.840252e-04
4.150095e+01 4.455395e-04 3.944434e-04 3.604487e-04 5.817264e-04
4.155295e+01 4.473604e-04 3.971683e-04 3.659539e-04 5.789590e-04
4.160495e+01 4.491055e-04 4.000904e-04 3.713178e-04 5.759082e-04
4.165695e+01 4.508553e-04 4.032942e-04 3.764189e-04 5.728527e-04
4.170895e+01 4.528213e-04 4.069369e-04 3.812997e-04 5.702273e-04
4.176095e+01 4.553266e-04 4.111964e-04 3.861434e-04 5.686398e-04
4.181295e+01 4.587422e-04 4.161999e-04 3.912071e-04 5.688197e-04
4.186495e+01 4.633985e-04 4.219640e-04 3.967311e-04 5.715004e-04
4.191695e+01 4.695004e-04 4.283807e-04 4.028584e-04 5.772622e-04
4.196895e+01 4.770780e-04 4.352589e-04 4.095928e-04 5.863822e-04
4.202095e+01 4.859849e-04 4.424049e-04 4.168089e-04 5.987409e-04
4.207295e+01 4.959383e-04 4.497045e-04 4.242996e-04 6.138108e-04
4.212495e+01 5.065747e-04 4.571685e-04 4.318323e-04 6.307232e-04
4.217695e+01 5.174978e-04 4.649211e-04 4.391890e-04 6.483833e-04
4.222895e+01 5.283036e-04 4.731348e-04 4.461773e-04 6.655988e-04
4.228095e+01 5.385846e-04 4.819327e-04 4.526261e-04 6.811951e-04
4.233295e+01 5.479299e-04 4.912906e-04 4.583832e-04 6.941158e-04
4.238495e+01 5.559384e-04 5.009737e-04 4.633269e-04 7.035148e-04
4.243695e+01 5.622577e-04 5.105346e-04 4.673888e-04 7.088499e-04
4.248895e+01 5.666453e-04 5.193899e-04 4.705764e-04 7.099696e-04
4.254095e+01 5.690394e-04 5.269631e-04 4.729869e-04 7.071683e-04
4.259295e+01 5.696153e-04 5.328531e-04 4.748164e-04 7.011764e-04
4.264495e+01 5.688020e-04 5.369674e-04 4.763735e-04 6.930650e-04
4.269695e+01 5.672444e-04 5.395636e-04 4.780969e-04 6.840729e-04
4.274895e+01 5.657104e-04 5.411756e-04 4.805608e-04 6.753947e-04
4.280095e+01 5.649587e-04 5.424527e-04 4.844394e-04 6.679841e-04
4.285295e+01 5.656006e-04 5.439725e-04 4.904122e-04 6.624172e-04
4.290495e+01 5.679885e-04 5.461027e-04 4.990229e-04 6.588397e-04
4.295695e+01 5.721585e-04 5.489522e-04 5.105306e-04 6.569928e-04
4.300895e+01 5.778398e-04 5.524142e-04 5.248076e-04 6.562976e-04
4.306095e+01 5.845214e-04 5.562661e-04 5.413218e-04 6.559763e-04
4.311295e+01 5.915612e-04 5.602816e-04 5.592094e-04 6.551927e-04
4.316495e+01 5.983117e-04 5.643225e-04 5.774102e-04 6.532023e-04
4.321695e+01 6.042402e-04 5.683979e-04 5.948271e-04 6.494956e-04
4.326895e+01 6.090212e-04 5.726842e-04 6.104686e-04 6.439108e-04
4.332095e+01 6.125788e-04 5.775012e-04 6.235545e-04 6.366809e-04
4.337295e+01 6.150660e-04 5.832354e-04 6.335757e-04 6.283868e-04
4.342495e+01 6.167811e-04 5.902171e-04 6.403128e-04 6.198134e-04
4.347695e+01 6.180449e-04 5.985780e-04 6.438188e-04 6.117379e-04
4.352895e+01 6.190784e-04 6.081403e-04 6.443759e-04 6.047189e-04
4.358095e+01 6.199268e-04 6.183874e-04 6.424322e-04 5.989608e-04
4.363295e+01 6.204579e-04 6.285397e-04 6.385263e-04 5.943077e-04
4.368495e+01 6.204322e-04 6.377183e-04 6.332118e-04 5.903665e-04
4.373695e+01 6.196153e-04 6.451396e-04 6.269968e-04 5.867095e-04
4.378895e+01 6.178844e-04 6.502726e-04 6.203121e-04 5.830685e-04
4.384095e+01 6.152884e-04 6.529102e-04 6.135119e-04 5.794431e-04
4.389295e+01 6.120391e-04 6.531447e-04 6.068896e-04 5.760829e-04
4.394495e+01 6.084376e-04 6.512763e-04 6.006796e-04 5.733569e-04
4.399695e+01 6.047651e-04 6.477025e-04 5.950239e-04 5.715691e-04
4.404895e+01 6.011789e-04 6.428261e-04 5.899120e-04 5.707986e-04
4.410095e+01 5.976527e-04 6.369966e-04 5.851347e-04 5.708267e-04
4.415295e+01 5.939839e-04 6.304735e-04 5.803023e-04 5.711758e-04
4.420495e+01 5.898634e-04 6.233995e-04 5.749538e-04 5.712370e-04
4.425695e+01 5.849798e-04 6.157815e-04 5.687283e-04 5.704295e-04
4.430895e+01 5.791179e-04 6.074956e-04 5.615295e-04 5.683284e-04
4.436095e+01 5.722213e-04 5.983343e-04 5.536085e-04 5.647211e-04
4.441295e+01 5.644025e-04 5.880945e-04 5.455247e-04 5.595883e-04
4.446495e+01 5.559061e-04 5.766772e-04 5.380051e-04 5.530360e-04
4.451695e+01 5.470442e-04 5.641568e-04 5.317604e-04 5.452153e-04
4.456895e+01 5.381260e-04 5.507900e-04 5.273302e-04 5.362579e-04
4.462095e+01 5.294024e-04 5.369687e-04 5.249988e-04 5.262395e-04
4.467295e+01 5.210354e-04 5.231472e-04 5.247873e-04 5.151717e-04
4.472495e+01 5.130995e-04 5.097788e-04 5.264983e-04 5.030213e-04
4.477695e+01 5.056055e-04 4.972820e-04 5.297794e-04 4.897551e-04
4.482895e+01 4.985374e-04 4.860241e-04 5.341827e-04 4.754054e-04
4.488095e+01 4.918849e-04 4.763043e-04 5.392128e-04 4.601377e-04
4.493295e+01 4.856614e-04 4.683190e-04 5.443693e-04 4.442959e-04
4.498495e+01 4.799020e-04 4.621165e-04 5.491895e-04 4.283999e-04
4.503695e+01 4.746475e-04 4.575640e-04 5.532934e-04 4.130850e-04
4.508895e+01 4.699220e-04 4.543516e-04 5.564182e-04 3.989961e-04
4.514095e+01 4.657141e-04 4.520452e-04 5.584308e-04 3.866665e-04
4.519295e+01 4.619649e-04 4.501759e-04 5.593057e-04 3.764130e-04
4.524495e+01 4.585632e-04 4.483372e-04 5.590745e-04 3.682780e-04
4.529695e+01 4.553505e-04 4.462550e-04 5.577658e-04 3.620306e-04
4.534895e+01 4.521370e-04 4.438134e-04 5.553656e-04 3.572318e-04
4.540095e+01 4.487335e-04 4.410366e-04 5.518149e-04 3.533489e-04
4.545295e+01 4.449926e-04 4.380479e-04 5.470401e-04 3.498897e-04
4.550495e+01 4.408458e-04 4.350308e-04 5.409917e-04 3.465149e-04
4.555695e+01 4.363174e-04 4.322036e-04 5.336592e-04 3.430895e-04
4.560895e+01 4.315037e-04 4.298054e-04 5.250522e-04 3.396536e-04
4.566095e+01 4.265231e-04 4.280766e-04 5.151629e-04 3.363297e-04
4.571295e+01 4.214585e-04 4.272226e-04 5.039440e-04 3.332091e-04
4.576495e+01 4.163200e-04 4.273597e-04 4.913310e-04 3.302693e-04
4.581695e+01 4.110414e-04 4.284586e-04 4.773058e-04 3.273597e-04
4.586895e+01 4.055102e-04 4.303031e-04 4.619721e-04 3.242553e-04
4.592095e+01 3.996129e-04 4.324834e-04 4.456005e-04 3.207549e-04
4.597295e+01 3.932750e-04 4.344315e-04 4.286149e-04 3.167786e-04
4.602495e+01 3.864832e-04 4.354984e-04 4.115225e-04 3.124288e-04
4.607695e+01 3.792893e-04 4.350626e-04 3.948151e-04 3.079902e-04
4.612895e+01 3.718009e-04 4.326536e-04 3.788805e-04 3.038686e-04
4.618095e+01 3.641665e-04 4.280629e-04 3.639522e-04 3.004844e-04
4.623295e+01 3.565579e-04 4.214116e-04 3.501073e-04 2.981549e-04
4.628495e+01 3.491531e-04 4.131495e-04 3.373066e-04 2.970034e-04
4.633695e+01 3.421182e-04 4.039741e-04 3.254538e-04 2.969267e-04
4.638895e+01 3.355907e-04 3.946848e-04 3.144563e-04 2.976311e-04
4.644095e+01 3.296663e-04 3.860156e-04 3.042644e-04 2.987188e-04
4.649295e+01 3.243888e-04 3.784965e-04 2.948820e-04 2.997881e-04
4.654495e+01 3.197479e-04 3.723881e-04 2.863462e-04 3.005094e-04
4.659695e+01 3.156829e-04 3.677002e-04 2.786924e-04 3.006561e-04
4.664895e+01 3.120960e-04 3.642726e-04 2.719223e-04 3.000931e-04
4.670095e+01 3.088709e-04 3.618694e-04 2.659968e-04 2.987466e-04
4.675295e+01 3.058937e-04 3.602439e-04 2.608567e-04 2.965804e-04
4.680495e+01 3.030679e-04 3.591523e-04 2.564588e-04 2.935925e-04
4.685695e+01 3.003204e-04 3.583277e-04 2.528025e-04 2.898310e-04
4.690895e+01 2.975955e-04 3.574487e-04 2.499247e-04 2.854131e-04
4.696095e+01 2.948419e-04 3.561394e-04 2.478584e-04 2.805278e-04
4.701295e+01 2.919997e-04 3.540164e-04 2.465727e-04 2.754099e-04
4.706495e+01 2.889955e-04 3.507721e-04 2.459268e-04 2.702875e-04
4.711695e+01 2.857480e-04 3.462607e-04 2.456613e-04 2.653219e-04
4.716895e+01 2.821831e-04 3.405468e-04 2.454379e-04 2.605646e-04
4.722095e+01 2.782519e-04 3.338924e-04 2.449094e-04 2.559540e-04
4.727295e+01 2.739437e-04 3.266830e-04 2.437928e-04 2.513554e-04
4.732495e+01 2.692884e-04 3.193157e-04 2.419197e-04 2.466296e-04
4.737695e+01 2.643484e-04 3.120895e-04 2.392517e-04 2.417041e-04
4.742895e+01 2.592050e-04 3.051316e-04 2.358644e-04 2.366188e-04
4.748095e+01 2.539446e-04 2.983840e-04 2.319170e-04 2.315327e-04
4.753295e+01 2.486533e-04 2.916501e-04 2.276173e-04 2.266923e-04
4.758495e+01 2.434179e-04 2.846854e-04 2.231934e-04 2.223749e-04
4.763695e+01 2.383306e-04 2.772980e-04 2.188675e-04 2.188263e-04
4.768895e+01 2.334890e-04 2.694258e-04 2.148316e-04 2.162097e-04
4.774095e+01 2.289864e-04 2.611615e-04 2.112222e-04 2.145753e-04
4.779295e+01 2.248922e-04 2.527204e-04 2.081009e-04 2.138553e-04
4.784495e+01 2.212299e-04 2.443647e-04 2.054467e-04 2.138783e-04
4.789695e+01 2.179615e-04 2.363184e-04 2.031660e-04 2.144002e-04
4.794895e+01 2.149879e-04 2.287060e-04 2.011155e-04 2.151421e-04
4.800095e+01 2.121668e-04 2.215392e-04 1.991301e-04 2.158310e-04
4.805295e+01 2.093436e-04 2.147504e-04 1.970432e-04 2.162372e-04
4.810495e+01 2.063834e-04 2.082550e-04 1.946969e-04 2.161983e-04
4.815695e+01 2.031914e-04 2.020068e-04 1.919443e-04 2.156231e-04
4.820895e+01 1.997157e-04 1.960208e-04 1.886553e-04 2.144711e-04
4.826095e+01 1.959325e-04 1.903528e-04 1.847314e-04 2.127133e-04
4.831295e+01 1.918226e-04 1.850482e-04 1.801270e-04 2.102926e-04
4.836495e+01 1.873525e-04 1.800862e-04 1.748672e-04 2.071041e-04
4.841695e+01 1.824683e-04 1.753483e-04 1.690500e-04 2.030066e-04
4.846895e+01 1.771057e-04 1.706253e-04 1.628268e-04 1.978650e-04
4.852095e+01 1.712100e-04 1.656607e-04 1.563663e-04 1.916031e-04
4.857295e+01 1.647557e-04 1.602114e-04 1.498127e-04 1.842431e-04
4.862495e+01 1.577582e-04 1.541057e-04 1.432548e-04 1.759140e-04
4.867695e+01 1.502733e-04 1.472815e-04 1.367131e-04 1.668251e-04
4.872895e+01 1.423890e-04 1.397962e-04 1.301495e-04 1.572213e-04
4.878095e+01 1.342145e-04 1.318109e-04 1.234937e-04 1.473388e-04
4.883295e+01 1.258722e-04 1.235570e-04 1.166798e-04 1.373799e-04
4.888495e+01 1.174974e-04 1.152953e-04 1.096826e-04 1.275145e-04
4.893695e+01 1.092416e-04 1.072792e-04 1.025452e-04 1.179003e-04
4.898895e+01 1.012764e-04 9.973108e-05 9.538970e-05 1.087084e-04
4.904095e+01 9.379074e-05 9.283093e-05 8.840582e-05 1.001355e-04
4.909295e+01 8.697465e-05 8.671383e-05 8.181752e-05 9.239261e-05
4.914495e+01 8.098759e-05 8.146401e-05 7.583200e-05 8.566675e-05
4.919695e+01 7.591566e-05 7.709879e-05 7.058387e-05 8.006433e-05
4.924895e+01 7.172973e-05 7.354383e-05 6.608965e-05 7.555571e-05
4.930095e+01 6.826080e-05 7.061214e-05 6.222766e-05 7.194259e-05
4.935295e+01 6.520765e-05 6.800420e-05 5.875189e-05 6.886687e-05
4.940495e+01 6.218282e-05 6.534177e-05 5.533996e-05 6.586671e-05
4.945695e+01 5.878976e-05 6.223472e-05 5.166472e-05 6.246983e-05
4.950895e+01 5.471188e-05 5.836466e-05 4.747188e-05 5.829911e-05
4.956095e+01 4.978757e-05 5.356009e-05 4.264276e-05 5.315985e-05
4.961295e+01 4.404864e-05 4.783870e-05 3.722463e-05 4.708258e-05
4.966495e+01 3.771125e-05 4.140405e-05 3.141972e-05 4.030998e-05
4.971695e+01 3.112321e-05 3.459908e-05 2.553641e-05 3.323414e-05
4.976895e+01 2.468494e-05 2.783201e-05 1.991767e-05 2.630512e-05
4.982095e+01 1.876712e-05 2.149617e-05 1.486780e-05 1.993738e-05
4.987295e+01 1.364639e-05 1.590375e-05 1.059754e-05 1.443787e-05
4.992495e+01 9.471707e-06 1.124617e-05 7.199387e-06 9.969566e-06
4.997695e+01 6.263679e-06 7.584990e-06 4.653908e-06 6.552141e-06
5.002895e+01 3.939734e-06 4.869198e-06 2.858633e-06 4.091371e-06
5.008095e+01 2.353004e-06 2.969276e-06 1.666345e-06 2.423390e-06
5.013295e+01 1.332340e-06 1.716785e-06 9.207231e-07 1.359511e-06
5.018495e+01 7.141687e-07 9.394813e-07 4.816974e-07 7.213273e-07
5.023695e+01 3.618931e-07 4.858085e-07 2.383686e-07 3.615021e-07
5.028895e+01 1.731410e-07 2.370351e-07 1.114609e-07 1.709271e-07
5.034095e+01 7.811883e-08 1.089850e-07 4.920220e-08 7.616934e-08
5.039295e+01 3.320419e-08 4.716622e-08 2.048538e-08 3.196096e-08
5.044495e+01 1.328328e-08 1.919441e-08 8.037694e-09 1.261773e-08
5.049695e+01 4.997282e-09 7.338808e-09 2.969617e-09 4.683422e-09
5.054895e+01 1.766690e-09 2.634290e-09 1.032336e-09 1.633444e-09
5.060095e+01 5.865485e-10 8.871796e-10 3.374331e-10 5.350329e-10
5.065295e+01 1.827554e-10 2.801536e-10 1.036253e-10 1.644875e-10
5.070495e+01 5.339757e-11 8.289996e-11 2.986593e-11 4.742683e-11
5.075695e+01 1.460975e-11 2.295858e-11 8.063736e-12 1.280692e-11
5.080895e+01 3.719042e-12 5.923175e-12 2.017326e-12 3.216624e-12
5.086095e+01 8.751792e-13 1.423498e-12 4.618148e-13 7.402254e-13
5.091295e+01 1.857423e-13 3.124483e-13 9.162958e-14 1.531490e-13
5.096495e+01 2.430463e-14 5.270592e-14 1.088101e-14 9.326953e-15
5.101695e+01 3.037149e-16 1.015147e-16 6.015071e-18 8.036149e-16
5.106895e+01 0.000000e+00 0.000000e+00 0.000000e+00 0.000000e+00
5.112095e+01 0.000000e+00 0.000000e+00 0.000000e+00 0.000000e+00
5.117295e+01 0.000000e+00 0.000000e+00 0.000000e+00 0.000000e+00
5.122495e+01 0.000000e+00 0.000000e+00 0.000000e+00 0.000000e+00
5.127695e+01 0.000000e+00 0.000000e+00 0.000000e+00 0.000000e+00
5.132895e+01 0.000000e+00 0.000000e+00 0.000000e+00 0.000000e+00
5.138095e+01 0.000000e+00 0.000000e+00 0.000000e+00 0.000000e+00
5.143295e+01 0.000000e+00 0.000000e+00 0.000000e+00 0.000000e+00
5.148495e+01 0.000000e+00 0.000000e+00 0.000000e+00 0.000000e+00
5.153695e+01 0.000000e+00 0.000000e+00 0.000000e+00 0.000000e+00
5.158895e+01 0.000000e+00 0.000000e+00 0.000000e+00 0.000000e+00
5.164095e+01 0.000000e+00 0.000000e+00 0.000000e+00 0.000000e+00
5.169295e+01 0.000000e+00 0.000000e+00 0.000000e+00 0.000000e+00
5.174495e+01 0.000000e+00 0.000000e+00 0.000000e+00 0.000000e+00
5.179695e+01 0.000000e+00 0.000000e+00 0.000000e+00 0.000000e+00
5.184895e+01 0.000000e+00 0.000000e+00 0.000000e+00 0.000000e+00
5.190095e+01 0.000000e+00 0.000000e+00 0.000000e+00 0.000000e+00
5.195295e+01 0.000000e+00 0.000000e+00 0.000000e+00 0.000000e+00
5.200495e+01 0.000000e+00 0.000000e+00 0.000000e+00 0.000000e+00
5.205695e+01 0.000000e+00 0.000000e+00 0.000000e+00 0.000000e+00
5.210895e+01 0.000000e+00 0.000000e+00 0.000000e+00 0.000000e+00
5.216095e+01 0.000000e+00 0.000000e+00 0.000000e+00 0.000000e+00
5.221295e+01 0.000000e+00 0.000000e+00 0.000000e+00 0.000000e+00
5.226495e+01 0.000000e+00 0.000000e+00 0.000000e+00 0.000000e+00
5.231695e+01 0.000000e+00 0.000000e+00 0.000000e+00 0.000000e+00
5.236895e+01 0.000000e+00 0.000000e+00 0.000000e+00 0.000000e+00
5.242095e+01 0.000000e+00 0.000000e+00 0.000000e+00 0.000000e+00
5.247295e+01 0.000000e+00 0.000000e+00 0.000000e+00 0.000000e+00
5.252495e+01 0.000000e+00 0.000000e+00 0.000000e+00 0.000000e+00
5.257695e+01 0.000000e+00 0.000000e+00 0.000000e+00 0.000000e+00
5.262895e+01 0.000000e+00 0.000000e+00 0.000000e+00 0.000000e+00
5.268095e+01 0.000000e+00 0.000000e+00 0.000000e+00 0.000000e+00
5.273295e+01 0.000000e+00 0.000000e+00 0.000000e+00 0.000000e+00
5.278495e+01 0.000000e+00 0.000000e+00 0.000000e+00 0.000000e+00
5.283695e+01 0.000000e+00 0.000000e+00 0.000000e+00 0.000000e+00
5.288895e+01 0.000000e+00 0.000000e+00 0.000000e+00 0.000000e+00
5.294095e+01 0.000000e+00 0.000000e+00 0.000000e+00 0.000000e+00
5.299295e+01 0.000000e+00 0.000000e+00 0.000000e+00 0.000000e+00
5.304495e+01 0.000000e+00 0.000000e+00 0.000000e+00 0.000000e+00
5.309695e+01 0.000000e+00 0.000000e+00 0.000000e+00 0.000000e+00
5.314895e+01 0.000000e+00 0.000000e+00 0.000000e+00 0.000000e+00
5.320095e+01 0.000000e+00 0.000000e+00 0.000000e+00 0.000000e+00
5.325295e+01 0.000000e+00 0.000000e+00 0.000000e+00 0.000000e+00
5.330495e+01 0.000000e+00 0.000000e+00 0.000000e+00 0.000000e+00
5.335695e+01 0.000000e+00 0.000000e+00 0.000000e+00 0.000000e+00
5.340895e+01 0.000000e+00 0.000000e+00 0.000000e+00 0.000000e+00
5.346095e+01 0.000000e+00 0.000000e+00 0.000000e+00 0.000000e+00
5.351295e+01 0.000000e+00 0.000000e+00 0.000000e+00 0.000000e+00
5.356495e+01 0.000000e+00 0.000000e+00 0.000000e+00 0.000000e+00
5.361695e+01 0.000000e+00 0.000000e+00 0.000000e+00 0.000000e+00
5.366895e+01 0.000000e+00 0.000000e+00 0.000000e+00 0.000000e+00
5.372095e+01 0.000000e+00 0.000000e+00 0.000000e+00 0.000000e+00
5.377295e+01 0.000000e+00 0.000000e+00 0.000000e+00 0.000000e+00
5.382495e+01 0.000000e+00 0.000000e+00 0.000000e+00 0.000000e+00
5.387695e+01 0.000000e+00 0.000000e+00 0.000000e+00 0.000000e+00
5.392895e+01 0.000000e+00 0.000000e+00 0.000000e+00 0.000000e+00
5.398095e+01 0.000000e+00 0.000000e+00 0.000000e+00 0.000000e+00
5.403295e+01 0.000000e+00 0.000000e+00 0.000000e+00 0.000000e+00
5.408495e+01 0.000000e+00 0.000000e+00 0.000000e+00 0.000000e+00
5.413695e+01 0.000000e+00 0.000000e+00 0.000000e+00 0.000000e+00
5.418895e+01 0.000000e+00 0.000000e+00 0.000000e+00 0.000000e+00
5.424095e+01 0.000000e+00 0.000000e+00 0.000000e+00 0.000000e+00
5.429295e+01 0.000000e+00 0.000000e+00 0.000000e+00 0.000000e+00
5.434495e+01 0.000000e+00 0.000000e+00 0.000000e+00 0.000000e+00
5.439695e+01 0.000000e+00 0.000000e+00 0.000000e+00 0.000000e+00
5.444895e+01 0.000000e+00 0.000000e+00 0.000000e+00 0.000000e+00
5.450095e+01 0.000000e+00 0.000000e+00 0.000000e+00 0.000000e+00
5.455295e+01 0.000000e+00 0.000000e+00 0.000000e+00 0.000000e+00
5.460495e+01 0.000000e+00 0.000000e+00 0.000000e+00 0.000000e+00
5.465695e+01 0.000000e+00 0.000000e+00 0.000000e+00 0.000000e+00
5.470895e+01 0.000000e+00 0.000000e+00 0.000000e+00 0.000000e+00
5.476095e+01 0.000000e+00 0.000000e+00 0.000000e+00 0.000000e+00
5.481295e+01 0.000000e+00 0.000000e+00 0.000000e+00 0.000000e+00
5.486495e+01 0.000000e+00 0.000000e+00 0.000000e+00 0.000000e+00
5.491695e+01 0.000000e+00 0.000000e+00 0.000000e+00 0.000000e+00
5.496895e+01 0.000000e+00 0.000000e+00 0.000000e+00 0.000000e+00
5.502095e+01 0.000000e+00 0.000000e+00 0.000000e+00 0.000000e+00
5.507295e+01 0.000000e+00 0.000000e+00 0.000000e+00 0.000000e+00
5.512495e+01 0.000000e+00 0.000000e+00 0.000000e+00 0.000000e+00
5.517695e+01 0.000000e+00 0.000000e+00 0.000000e+00 0.000000e+00
5.522895e+01 0.000000e+00 0.000000e+00 0.000000e+00 0.000000e+00
5.528095e+01 0.000000e+00 0.000000e+00 0.000000e+00 0.000000e+00
5.533295e+01 0.000000e+00 0.000000e+00 0.000000e+00 0.000000e+00
5.538495e+01 0.000000e+00 0.000000e+00 0.000000e+00 0.000000e+00
5.543695e+01 0.000000e+00 0.000000e+00 0.000000e+00 0.000000e+00
5.548895e+01 0.000000e+00 0.000000e+00 0.000000e+00 0.000000e+00
5.554095e+01 0.000000e+00 0.000000e+00 0.000000e+00 0.000000e+00
5.559295e+01 0.000000e+00 0.000000e+00 0.000000e+00 0.000000e+00
5.564495e+01 0.000000e+00 0.000000e+00 0.000000e+00 0.000000e+00
5.569695e+01 0.000000e+00 0.000000e+00 0.000000e+00 0.000000e+00
5.574895e+01 0.000000e+00 0.000000e+00 0.000000e+00 0.000000e+00
5.580095e+01 0.000000e+00 0.000000e+00 0.000000e+00 0.000000e+00
5.585295e+01 0.000000e+00 0.000000e+00 0.000000e+00 0.000000e+00
5.590495e+01 0.000000e+00 0.000000e+00 0.000000e+00 0.000000e+00
5.595695e+01 0.000000e+00 0.000000e+00 0.000000e+00 0.000000e+00
5.600895e+01 0.000000e+00 0.000000e+00 0.000000e+00 0.000000e+00
5.606095e+01 0.000000e+00 0.000000e+00 0.000000e+00 0.000000e+00
5.611295e+01 0.000000e+00 0.000000e+00 0.000000e+00 0.000000e+00
5.616495e+01 0.000000e+00 0.000000e+00 0.000000e+00 0.000000e+00
5.621695e+01 0.000000e+00 0.000000e+00 0.000000e+00 0.000000e+00
5.626895e+01 0.000000e+00 0.000000e+00 0.000000e+00 0.000000e+00
