7.435005e+00 0.000000e+00 0.000000e+00 0.000000e+00 0.000000e+00
7.483975e+00 0.000000e+00 0.000000e+00 0.000000e+00 0.000000e+00
7.532946e+00 0.000000e+00 0.000000e+00 0.000000e+00 0.000000e+00
7.581916e+00 0.000000e+00 0.000000e+00 0.000000e+00 0.000000e+00
7.630887e+00 0.000000e+00 0.000000e+00 0.000000e+00 0.000000e+00
7.679858e+00 0.000000e+00 0.000000e+00 0.000000e+00 0.000000e+00
7.728828e+00 0.000000e+00 0.000000e+00 0.000000e+00 0.000000e+00
7.777799e+00 0.000000e+00 0.000000e+00 0.000000e+00 0.000000e+00
7.826769e+00 0.000000e+00 0.000000e+00 0.000000e+00 0.000000e+00
7.875740e+00 0.000000e+00 0.000000e+00 0.000000e+00 0.000000e+00
7.924711e+00 0.000000e+00 0.000000e+00 0.000000e+00 0.000000e+00
7.973681e+00 0.000000e+00 0.000000e+00 0.000000e+00 0.000000e+00
8.022652e+00 0.000000e+00 0.000000e+00 0.000000e+00 0.000000e+00
8.071622e+00 0.000000e+00 0.000000e+00 0.000000e+00 0.000000e+00
8.120593e+00 0.000000e+00 0.000000e+00 0.000000e+00 0.000000e+00
8.169564e+00 0.000000e+00 0.000000e+00 0.000000e+00 0.000000e+00
8.218534e+00 0.000000e+00 0.000000e+00 0.000000e+00 0.000000e+00
8.267505e+00 0.000000e+00 0.000000e+00 0.000000e+00 0.000000e+00
8.316475e+00 0.000000e+00 0.000000e+00 0.000000e+00 0.000000e+00
8.365446e+00 0.000000e+00 0.000000e+00 0.000000e+00 0.000000e+00
8.414417e+00 0.000000e+00 0.000000e+00 0.000000e+00 0.000000e+00
8.463387e+00 0.000000e+00 0.000000e+00 0.000000e+00 0.000000e+00
8.512358e+00 0.000000e+00 0.000000e+00 0.000000e+00 0.000000e+00
8.561328e+00 0.000000e+00 0.000000e+00 0.000000e+00 0.000000e+00
8.610299e+00 0.000000e+00 0.000000e+00 0.000000e+00 0.000000e+00
8.659270e+00 0.000000e+00 0.000000e+00 0.000000e+00 0.000000e+00
8.708240e+00 0.000000e+00 0.000000e+00 0.000000e+00 0.000000e+00
8.757211e+00 0.000000e+00 0.000000e+00 0.000000e+00 0.000000e+00
8.806181e+00 0.000000e+00 0.000000e+00 0.000000e+00 0.000000e+00
8.855152e+00 0.000000e+00 0.000000e+00 0.000000e+00 0.000000e+00
8.904123e+00 0.000000e+00 0.000000e+00 0.000000e+00 0.000000e+00
8.953093e+00 0.000000e+00 0.000000e+00 0.000000e+00 0.000000e+00
9.002064e+00 0.000000e+00 0.000000e+00 0.000000e+00 0.000000e+00
9.051034e+00 0.000000e+00 0.000000e+00 0.000000e+00 0.000000e+00
9.100005e+00 0.000000e+00 0.000000e+00 0.000000e+00 0.000000e+00
9.148976e+00 0.000000e+00 0.000000e+00 0.000000e+00 0.000000e+00
9.197946e+00 0.000000e+00 0.000000e+00 0.000000e+00 0.000000e+00
9.246917e+00 0.000000e+00 0.000000e+00 0.000000e+00 0.000000e+00
9.295887e+00 0.000000e+00 0.000000e+00 0.000000e+00 0.000000e+00
9.344858e+00 0.000000e+00 0.000000e+00 0.000000e+00 0.000000e+00
9.393829e+00 0.000000e+00 0.000000e+00 0.000000e+00 0.000000e+00
9.442799e+00 0.000000e+00 0.000000e+00 0.000000e+00 0.000000e+00
9.491770e+00 0.000000e+00 0.000000e+00 0.000000e+00 0.000000e+00
9.540740e+00 0.000000e+00 0.000000e+00 0.000000e+00 0.000000e+00
9.589711e+00 0.000000e+00 0.000000e+00 0.000000e+00 0.000000e+00
9.638682e+00 0.000000e+00 0.000000e+00 0.000000e+00 0.000000e+00
9.687652e+00 0.000000e+00 0.000000e+00 0.000000e+00 0.000000e+00
9.736623e+00 0.000000e+00 0.000000e+00 0.000000e+00 0.000000e+00
9.785593e+00 0.000000e+00 0.000000e+00 0.000000e+00 0.000000e+00
9.834564e+00 0.000000e+00 0.000000e+00 0.000000e+00 0.000000e+00
9.883535e+00 0.000000e+00 0.000000e+00 0.000000e+00 0.000000e+00
9.932505e+00 0.000000e+00 0.000000e+00 0.000000e+00 0.000000e+00
9.981476e+00 0.000000e+00 0.000000e+00 0.000000e+00 0.000000e+00
1.003045e+01 0.000000e+00 0.000000e+00 0.000000e+00 0.000000e+00
1.007942e+01 0.000000e+00 0.000000e+00 0.000000e+00 0.000000e+00
1.012839e+01 0.000000e+00 0.000000e+00 0.000000e+00 0.000000e+00
1.017736e+01 0.000000e+00 0.000000e+00 0.000000e+00 0.000000e+00
1.022633e+01 0.000000e+00 0.000000e+00 0.000000e+00 0.000000e+00
1.027530e+01 0.000000e+00 0.000000e+00 0.000000e+00 0.000000e+00
1.032427e+01 0.000000e+00 0.000000e+00 0.000000e+00 0.000000e+00
1.037324e+01 0.000000e+00 0.000000e+00 0.000000e+00 0.000000e+00
1.042221e+01 0.000000e+00 0.000000e+00 0.000000e+00 0.000000e+00
1.047118e+01 0.000000e+00 0.000000e+00 0.000000e+00 0.000000e+00
1.052015e+01 0.000000e+00 0.000000e+00 0.000000e+00 0.000000e+00
1.056912e+01 0.000000e+00 0.000000e+00 0.000000e+00 0.000000e+00
1.061809e+01 0.000000e+00 0.000000e+00 0.000000e+00 0.000000e+00
1.066706e+01 0.000000e+00 0.000000e+00 0.000000e+00 0.000000e+00
1.071603e+01 0.000000e+00 0.000000e+00 0.000000e+00 0.000000e+00
1.076501e+01 0.000000e+00 0.000000e+00 0.000000e+00 0.000000e+00
1.081398e+01 0.000000e+00 0.000000e+00 0.000000e+00 0.000000e+00
1.086295e+01 0.000000e+00 0.000000e+00 0.000000e+00 0.000000e+00
1.091192e+01 0.000000e+00 0.000000e+00 0.000000e+00 0.000000e+00
1.096089e+01 0.000000e+00 0.000000e+00 0.000000e+00 0.000000e+00
1.100986e+01 0.000000e+00 0.000000e+00 0.000000e+00 0.000000e+00
1.105883e+01 0.000000e+00 0.000000e+00 0.000000e+00 0.000000e+00
1.110780e+01 0.000000e+00 0.000000e+00 0.000000e+00 0.000000e+00
1.115677e+01 0.000000e+00 0.000000e+00 0.000000e+00 0.000000e+00
1.120574e+01 0.000000e+00 0.000000e+00 0.000000e+00 0.000000e+00
1.125471e+01 0.000000e+00 0.000000e+00 0.000000e+00 0.000000e+00
1.130368e+01 6.870455e-14 5.377929e-15 3.092908e-14 1.698067e-13
1.135265e+01 5.545102e-13 5.647025e-14 2.559947e-13 1.351066e-12
1.140162e+01 2.699236e-12 2.963935e-13 1.257733e-12 6.543581e-12
1.145059e+01 1.081377e-11 1.214979e-12 5.054385e-12 2.617195e-11
1.149956e+01 4.012340e-11 4.569762e-12 1.878445e-11 9.701598e-11
1.154853e+01 1.437504e-10 1.657372e-11 6.740433e-11 3.472733e-10
1.159751e+01 4.810483e-10 5.610603e-11 2.259369e-10 1.161102e-09
1.164648e+01 1.517177e-09 1.789821e-10 7.137143e-10 3.658835e-09
1.169545e+01 4.539085e-09 5.410832e-10 2.138453e-09 1.093772e-08
1.174442e+01 1.288916e-08 1.550762e-09 6.080549e-09 3.103617e-08
1.179339e+01 3.475856e-08 4.215434e-09 1.641724e-08 8.364302e-08
1.184236e+01 8.907355e-08 1.087326e-08 4.211443e-08 2.142330e-07
1.189133e+01 2.170504e-07 2.662649e-08 1.027074e-07 5.218172e-07
1.194030e+01 5.032336e-07 6.193411e-08 2.382748e-07 1.209492e-06
1.198927e+01 1.110797e-06 1.369093e-07 5.261560e-07 2.669326e-06
1.203824e+01 2.335542e-06 2.877673e-07 1.106474e-06 5.612384e-06
1.208721e+01 4.679713e-06 5.753814e-07 2.216926e-06 1.124683e-05
1.213618e+01 8.938532e-06 1.094834e-06 4.233379e-06 2.148738e-05
1.218515e+01 1.627796e-05 1.983135e-06 7.706017e-06 3.914472e-05
1.223412e+01 2.826306e-05 3.420202e-06 1.337183e-05 6.799715e-05
1.228309e+01 4.677861e-05 5.616614e-06 2.211605e-05 1.126032e-04
1.233206e+01 7.377951e-05 8.781906e-06 3.485357e-05 1.777030e-04
1.238104e+01 1.108335e-04 1.307080e-05 5.231331e-05 2.671165e-04
1.243001e+01 1.584848e-04 1.851255e-05 7.473956e-05 3.822023e-04
1.247898e+01 2.155660e-04 2.493928e-05 1.015711e-04 5.201877e-04
1.252795e+01 2.786895e-04 3.193884e-05 1.312055e-04 6.729242e-04
1.257692e+01 3.421920e-04 3.886060e-05 1.609777e-04 8.267378e-04
1.262589e+01 3.987417e-04 4.489323e-05 1.874474e-04 9.638847e-04
1.267486e+01 4.406182e-04 4.921154e-05 2.070015e-04 1.065641e-03
1.272383e+01 4.614026e-04 5.116177e-05 2.166461e-04 1.116400e-03
1.277280e+01 4.575884e-04 5.043386e-05 2.147592e-04 1.107572e-03
1.282177e+01 4.295665e-04 4.716877e-05 2.015533e-04 1.039977e-03
1.287074e+01 3.816236e-04 4.197322e-05 1.790806e-04 9.238170e-04
1.291971e+01 3.209514e-04 3.585609e-05 1.507857e-04 7.762123e-04
1.296868e+01 2.560376e-04 3.014033e-05 1.207872e-04 6.171854e-04
1.301765e+01 1.950285e-04 2.642095e-05 9.316734e-05 4.654971e-04
1.306662e+01 1.446039e-04 2.662004e-05 7.152546e-05 3.356661e-04
1.311559e+01 1.096477e-04 3.313523e-05 5.891442e-05 2.368935e-04
1.316456e+01 9.363762e-05 4.900527e-05 5.809676e-05 1.738108e-04
1.321354e+01 9.939387e-05 7.795425e-05 7.190051e-05 1.483269e-04
1.326251e+01 1.297085e-04 1.241564e-04 1.033877e-04 1.615814e-04
1.331148e+01 1.874526e-04 1.916155e-04 1.555976e-04 2.151447e-04
1.336045e+01 2.749961e-04 2.831855e-04 2.307877e-04 3.110150e-04
1.340942e+01 3.930924e-04 3.994439e-04 3.293334e-04 4.504999e-04
1.345839e+01 5.396762e-04 5.377979e-04 4.486764e-04 6.325544e-04
1.350736e+01 7.091782e-04 6.922587e-04 5.828362e-04 8.524397e-04
1.355633e+01 8.928694e-04 8.541778e-04 7.229091e-04 1.101521e-03
1.360530e+01 1.080390e-03 1.013914e-03 8.586616e-04 1.368595e-03
1.365427e+01 1.262100e-03 1.162985e-03 9.808718e-04 1.642443e-03
1.370324e+01 1.431446e-03 1.295963e-03 1.083694e-03 1.914682e-03
1.375221e+01 1.586451e-03 1.411393e-03 1.166230e-03 2.181730e-03
1.380118e+01 1.729743e-03 1.511370e-03 1.232795e-03 2.445064e-03
1.385015e+01 1.867231e-03 1.600001e-03 1.291900e-03 2.709790e-03
1.389912e+01 2.006099e-03 1.681510e-03 1.354485e-03 2.982303e-03
1.394809e+01 2.153052e-03 1.758853e-03 1.432134e-03 3.268168e-03
1.399706e+01 2.313387e-03 1.833460e-03 1.535722e-03 3.570979e-03
1.404604e+01 2.490908e-03 1.906053e-03 1.674517e-03 3.892155e-03
1.409501e+01 2.688121e-03 1.978015e-03 1.855378e-03 4.230971e-03
1.414398e+01 2.906114e-03 2.052527e-03 2.081759e-03 4.584055e-03
1.419295e+01 3.143895e-03 2.134953e-03 2.352613e-03 4.944120e-03
1.424192e+01 3.397534e-03 2.232380e-03 2.661655e-03 5.298566e-03
1.429089e+01 3.659708e-03 2.352552e-03 2.997505e-03 5.629066e-03
1.433986e+01 3.920104e-03 2.502538e-03 3.344752e-03 5.913023e-03
1.438883e+01 4.166563e-03 2.687254e-03 3.685450e-03 6.126986e-03
1.443780e+01 4.386436e-03 2.907867e-03 4.000329e-03 6.251111e-03
1.448677e+01 4.567619e-03 3.160208e-03 4.269456e-03 6.273193e-03
1.453574e+01 4.699156e-03 3.433621e-03 4.472827e-03 6.191021e-03
1.458471e+01 4.771785e-03 3.711009e-03 4.591852e-03 6.012495e-03
1.463368e+01 4.778964e-03 3.970698e-03 4.612343e-03 5.753851e-03
1.468265e+01 4.718496e-03 4.190153e-03 4.528514e-03 5.436819e-03
1.473162e+01 4.594232e-03 4.350683e-03 4.346411e-03 5.085602e-03
1.478059e+01 4.416913e-03 4.441644e-03 4.084874e-03 4.724221e-03
1.482957e+01 4.203377e-03 4.462634e-03 3.773010e-03 4.374485e-03
1.487854e+01 3.974070e-03 4.422942e-03 3.444667e-03 4.054603e-03
1.492751e+01 3.749622e-03 4.338636e-03 3.131776e-03 3.778454e-03
1.497648e+01 3.547682e-03 4.228643e-03 2.858861e-03 3.555540e-03
1.502545e+01 3.381070e-03 4.111375e-03 2.640321e-03 3.391513e-03
1.507442e+01 3.257618e-03 4.002942e-03 2.480882e-03 3.289031e-03
1.512339e+01 3.181307e-03 3.917021e-03 2.378378e-03 3.248522e-03
1.517236e+01 3.153805e-03 3.865564e-03 2.327434e-03 3.268418e-03
1.522133e+01 3.175520e-03 3.859230e-03 2.322670e-03 3.344659e-03
1.527030e+01 3.245654e-03 3.906746e-03 2.360576e-03 3.469639e-03
1.531927e+01 3.361377e-03 4.013115e-03 2.439873e-03 3.631142e-03
1.536824e+01 3.516653e-03 4.177252e-03 2.560685e-03 3.812023e-03
1.541721e+01 3.701448e-03 4.390034e-03 2.723114e-03 3.991195e-03
1.546618e+01 3.901824e-03 4.633670e-03 2.925762e-03 4.146039e-03
1.551515e+01 4.101099e-03 4.882974e-03 3.164582e-03 4.255741e-03
1.556412e+01 4.281820e-03 5.108569e-03 3.432195e-03 4.304696e-03
1.561309e+01 4.428085e-03 5.281558e-03 3.717691e-03 4.285005e-03
1.566207e+01 4.527672e-03 5.378674e-03 4.006891e-03 4.197450e-03
1.571104e+01 4.573522e-03 5.386688e-03 4.283094e-03 4.050786e-03
1.576001e+01 4.564339e-03 5.304919e-03 4.528376e-03 3.859721e-03
1.580898e+01 4.504261e-03 5.145112e-03 4.725475e-03 3.642195e-03
1.585795e+01 4.401809e-03 4.928677e-03 4.860120e-03 3.416629e-03
1.590692e+01 4.268366e-03 4.682007e-03 4.923474e-03 3.199618e-03
1.595589e+01 4.116509e-03 4.431121e-03 4.914099e-03 3.004308e-03
1.600486e+01 3.958374e-03 4.196934e-03 4.838782e-03 2.839406e-03
1.605383e+01 3.804174e-03 3.992156e-03 4.711656e-03 2.708708e-03
1.610280e+01 3.660911e-03 3.820263e-03 4.551442e-03 2.611027e-03
1.615177e+01 3.531424e-03 3.676473e-03 4.377265e-03 2.540536e-03
1.620074e+01 3.414004e-03 3.550246e-03 4.204133e-03 2.487632e-03
1.624971e+01 3.302861e-03 3.428662e-03 4.039532e-03 2.440389e-03
1.629868e+01 3.189634e-03 3.299966e-03 3.882406e-03 2.386528e-03
1.634765e+01 3.065765e-03 3.156637e-03 3.725039e-03 2.315619e-03
1.639662e+01 2.925239e-03 2.997380e-03 3.557278e-03 2.221059e-03
1.644559e+01 2.766877e-03 2.827680e-03 3.371579e-03 2.101373e-03
1.649457e+01 2.595429e-03 2.658811e-03 3.166965e-03 1.960509e-03
1.654354e+01 2.421020e-03 2.505585e-03 2.950435e-03 1.807040e-03
1.659251e+01 2.257060e-03 2.383397e-03 2.735339e-03 1.652444e-03
1.664148e+01 2.117210e-03 2.305355e-03 2.537433e-03 1.508843e-03
1.669045e+01 2.012353e-03 2.280165e-03 2.370172e-03 1.386721e-03
1.673942e+01 1.948452e-03 2.311274e-03 2.240950e-03 1.293132e-03
1.678839e+01 1.925895e-03 2.397351e-03 2.149511e-03 1.230823e-03
1.683736e+01 1.940398e-03 2.533863e-03 2.088872e-03 1.198460e-03
1.688633e+01 1.985046e-03 2.715156e-03 2.048146e-03 1.191837e-03
1.693530e+01 2.052727e-03 2.936357e-03 2.016154e-03 1.205671e-03
1.698427e+01 2.138147e-03 3.194472e-03 1.984555e-03 1.235414e-03
1.703324e+01 2.238841e-03 3.488335e-03 1.949648e-03 1.278539e-03
1.708221e+01 2.354984e-03 3.817405e-03 1.912578e-03 1.334969e-03
1.713118e+01 2.488214e-03 4.179730e-03 1.878284e-03 1.406628e-03
1.718015e+01 2.639962e-03 4.569546e-03 1.853894e-03 1.496446e-03
1.722912e+01 2.809882e-03 4.975055e-03 1.847313e-03 1.607279e-03
1.727810e+01 2.994875e-03 5.376909e-03 1.866453e-03 1.741262e-03
1.732707e+01 3.189006e-03 5.748011e-03 1.919170e-03 1.899838e-03
1.737604e+01 3.384376e-03 6.055207e-03 2.013521e-03 2.084399e-03
1.742501e+01 3.572683e-03 6.263203e-03 2.157749e-03 2.297096e-03
1.747398e+01 3.747003e-03 6.340430e-03 2.359419e-03 2.541162e-03
1.752295e+01 3.903087e-03 6.265707e-03 2.623422e-03 2.820133e-03
1.757192e+01 4.039512e-03 6.033809e-03 2.949045e-03 3.135682e-03
1.762089e+01 4.156393e-03 5.657967e-03 3.326847e-03 3.484365e-03
1.766986e+01 4.252944e-03 5.168140e-03 3.736452e-03 3.854241e-03
1.771883e+01 4.324847e-03 4.605340e-03 4.146492e-03 4.222711e-03
1.776780e+01 4.362724e-03 4.013743e-03 4.517467e-03 4.556962e-03
1.781677e+01 4.352766e-03 3.433031e-03 4.807498e-03 4.817767e-03
1.786574e+01 4.279764e-03 2.893082e-03 4.979875e-03 4.966334e-03
1.791471e+01 4.131720e-03 2.412013e-03 5.010451e-03 4.972695e-03
1.796368e+01 3.904419e-03 1.997262e-03 4.892747e-03 4.823247e-03
1.801265e+01 3.604257e-03 1.648495e-03 4.639231e-03 4.525046e-03
1.806162e+01 3.248257e-03 1.360931e-03 4.278516e-03 4.105323e-03
1.811060e+01 2.861299e-03 1.128037e-03 3.849575e-03 3.606286e-03
1.815957e+01 2.471643e-03 9.431903e-04 3.394922e-03 3.076816e-03
1.820854e+01 2.106243e-03 8.004174e-04 2.954712e-03 2.563600e-03
1.825751e+01 1.787220e-03 6.945952e-04 2.562912e-03 2.104152e-03
1.830648e+01 1.530123e-03 6.214984e-04 2.245669e-03 1.723202e-03
1.835545e+01 1.343885e-03 5.779182e-04 2.021124e-03 1.432612e-03
1.840442e+01 1.231817e-03 5.618749e-04 1.899707e-03 1.233868e-03
1.845339e+01 1.192902e-03 5.727868e-04 1.884223e-03 1.121697e-03
1.850236e+01 1.222838e-03 6.113909e-04 1.969668e-03 1.087455e-03
1.855133e+01 1.314623e-03 6.792347e-04 2.143187e-03 1.121447e-03
1.860030e+01 1.458782e-03 7.776843e-04 2.384751e-03 1.213909e-03
1.864927e+01 1.643438e-03 9.065751e-04 2.668894e-03 1.354844e-03
1.869824e+01 1.854446e-03 1.062827e-03 2.967374e-03 1.533137e-03
1.874721e+01 2.075757e-03 1.239476e-03 3.252235e-03 1.735560e-03
1.879618e+01 2.290130e-03 1.425558e-03 3.498615e-03 1.946218e-03
1.884515e+01 2.480306e-03 1.607106e-03 3.686856e-03 2.146957e-03
1.889412e+01 2.630636e-03 1.769184e-03 3.803804e-03 2.318920e-03
1.894310e+01 2.729005e-03 1.898506e-03 3.843430e-03 2.445079e-03
1.899207e+01 2.768632e-03 1.985926e-03 3.806888e-03 2.513081e-03
1.904104e+01 2.749196e-03 2.028082e-03 3.701969e-03 2.517537e-03
1.909001e+01 2.676826e-03 2.027729e-03 3.541825e-03 2.460926e-03
1.913898e+01 2.562813e-03 1.992731e-03 3.342929e-03 2.352779e-03
1.918795e+01 2.421379e-03 1.934172e-03 3.122590e-03 2.207374e-03
1.923692e+01 2.267165e-03 1.864230e-03 2.896554e-03 2.040710e-03
1.928589e+01 2.113136e-03 1.794441e-03 2.677298e-03 1.867670e-03
1.933486e+01 1.969357e-03 1.734667e-03 2.473321e-03 1.700083e-03
1.938383e+01 1.842681e-03 1.692689e-03 2.289401e-03 1.545954e-03
1.943280e+01 1.737065e-03 1.674086e-03 2.127432e-03 1.409678e-03
1.948177e+01 1.654094e-03 1.682039e-03 1.987423e-03 1.292819e-03
1.953074e+01 1.593415e-03 1.716901e-03 1.868324e-03 1.195021e-03
1.957971e+01 1.553003e-03 1.775661e-03 1.768581e-03 1.114766e-03
1.962868e+01 1.529360e-03 1.851671e-03 1.686472e-03 1.049937e-03
1.967765e+01 1.517846e-03 1.935017e-03 1.620300e-03 9.982198e-04
1.972663e+01 1.513231e-03 2.013745e-03 1.568513e-03 9.574352e-04
1.977560e+01 1.510446e-03 2.075791e-03 1.529730e-03 9.258186e-04
1.982457e+01 1.505347e-03 2.111202e-03 1.502639e-03 9.021998e-04
1.987354e+01 1.495272e-03 2.114019e-03 1.485776e-03 8.860209e-04
1.992251e+01 1.479243e-03 2.083300e-03 1.477261e-03 8.771670e-04
1.997148e+01 1.457749e-03 2.022988e-03 1.474602e-03 8.756589e-04
2.002045e+01 1.432234e-03 1.940701e-03 1.474686e-03 8.813158e-04
2.006942e+01 1.404450e-03 1.845838e-03 1.474007e-03 8.935071e-04
2.011839e+01 1.375892e-03 1.747542e-03 1.469063e-03 9.110709e-04
2.016736e+01 1.347438e-03 1.653079e-03 1.456822e-03 9.324128e-04
2.021633e+01 1.319267e-03 1.566965e-03 1.435100e-03 9.557372e-04
2.026530e+01 1.291014e-03 1.490926e-03 1.402777e-03 9.793390e-04
2.031427e+01 1.262074e-03 1.424513e-03 1.359823e-03 1.001887e-03
2.036324e+01 1.231944e-03 1.366033e-03 1.307156e-03 1.022643e-03
2.041221e+01 1.200487e-03 1.313466e-03 1.246412e-03 1.041584e-03
2.046118e+01 1.168051e-03 1.265105e-03 1.179658e-03 1.059390e-03
2.051015e+01 1.135398e-03 1.219805e-03 1.109105e-03 1.077283e-03
2.055913e+01 1.103501e-03 1.176898e-03 1.036857e-03 1.096750e-03
2.060810e+01 1.073276e-03 1.135895e-03 9.647369e-04 1.119196e-03
2.065707e+01 1.045349e-03 1.096168e-03 8.942511e-04 1.145628e-03
2.070604e+01 1.019957e-03 1.056747e-03 8.266930e-04 1.176431e-03
2.075501e+01 9.969940e-04 1.016323e-03 7.633761e-04 1.211283e-03
2.080398e+01 9.761631e-04 9.734547e-04 7.059044e-04 1.249130e-03
2.085295e+01 9.571596e-04 9.269099e-04 6.563640e-04 1.288205e-03
2.090192e+01 9.397950e-04 8.760267e-04 6.173203e-04 1.326038e-03
2.095089e+01 9.240244e-04 8.209822e-04 5.915620e-04 1.359529e-03
2.099986e+01 9.098921e-04 7.628789e-04 5.816200e-04 1.385177e-03
2.104883e+01 8.974490e-04 7.036181e-04 5.891749e-04 1.399554e-03
2.109780e+01 8.867000e-04 6.455905e-04 6.145234e-04 1.399986e-03
2.114677e+01 8.776109e-04 5.912699e-04 6.562655e-04 1.385297e-03
2.119574e+01 8.701624e-04 5.428191e-04 7.113153e-04 1.356353e-03
2.124471e+01 8.644073e-04 5.018036e-04 7.752381e-04 1.316180e-03
2.129368e+01 8.604824e-04 4.690672e-04 8.428236e-04 1.269556e-03
2.134265e+01 8.585517e-04 4.447668e-04 9.087542e-04 1.222134e-03
2.139163e+01 8.586994e-04 4.285259e-04 9.682297e-04 1.179343e-03
2.144060e+01 8.608272e-04 4.196479e-04 1.017465e-03 1.145369e-03
2.148957e+01 8.646226e-04 4.173370e-04 1.054028e-03 1.122502e-03
2.153854e+01 8.696352e-04 4.208848e-04 1.077032e-03 1.110989e-03
2.158751e+01 8.754466e-04 4.297984e-04 1.087157e-03 1.109384e-03
2.163648e+01 8.818635e-04 4.438547e-04 1.086500e-03 1.115235e-03
2.168545e+01 8.890416e-04 4.630842e-04 1.078210e-03 1.125830e-03
2.173442e+01 8.974724e-04 4.877010e-04 1.065934e-03 1.138782e-03
2.178339e+01 9.078254e-04 5.180106e-04 1.053170e-03 1.152295e-03
2.183236e+01 9.207067e-04 5.543267e-04 1.042672e-03 1.165121e-03
2.188133e+01 9.364278e-04 5.969172e-04 1.036056e-03 1.176310e-03
2.193030e+01 9.548726e-04 6.459818e-04 1.033695e-03 1.184941e-03
2.197927e+01 9.755081e-04 7.016538e-04 1.034888e-03 1.189983e-03
2.202824e+01 9.975305e-04 7.640155e-04 1.038227e-03 1.190349e-03
2.207721e+01 1.020098e-03 8.331155e-04 1.042044e-03 1.185134e-03
2.212618e+01 1.042582e-03 9.089753e-04 1.044825e-03 1.173945e-03
2.217516e+01 1.064764e-03 9.915566e-04 1.045537e-03 1.157198e-03
2.222413e+01 1.086917e-03 1.080660e-03 1.043801e-03 1.136288e-03
2.227310e+01 1.109737e-03 1.175741e-03 1.039910e-03 1.113561e-03
2.232207e+01 1.134132e-03 1.275662e-03 1.034672e-03 1.092063e-03
2.237104e+01 1.160913e-03 1.378477e-03 1.029151e-03 1.075111e-03
2.242001e+01 1.190486e-03 1.481333e-03 1.024380e-03 1.065745e-03
2.246898e+01 1.222625e-03 1.580589e-03 1.021128e-03 1.066158e-03
2.251795e+01 1.256381e-03 1.672151e-03 1.019813e-03 1.077178e-03
2.256692e+01 1.290124e-03 1.751937e-03 1.020527e-03 1.097907e-03
2.261589e+01 1.321689e-03 1.816351e-03 1.023123e-03 1.125593e-03
2.266486e+01 1.348581e-03 1.862632e-03 1.027296e-03 1.155816e-03
2.271383e+01 1.368226e-03 1.889045e-03 1.032605e-03 1.183029e-03
2.276280e+01 1.378278e-03 1.894944e-03 1.038467e-03 1.201422e-03
2.281177e+01 1.376977e-03 1.880787e-03 1.044178e-03 1.205967e-03
2.286074e+01 1.363504e-03 1.848134e-03 1.048982e-03 1.193397e-03
2.290971e+01 1.338224e-03 1.799612e-03 1.052191e-03 1.162868e-03
2.295868e+01 1.302711e-03 1.738777e-03 1.053282e-03 1.116073e-03
2.300766e+01 1.259512e-03 1.669808e-03 1.051940e-03 1.056788e-03
2.305663e+01 1.211690e-03 1.597064e-03 1.048013e-03 9.899919e-04
2.310560e+01 1.162288e-03 1.524598e-03 1.041431e-03 9.208335e-04
2.315457e+01 1.113883e-03 1.455738e-03 1.032148e-03 8.537642e-04
2.320354e+01 1.068343e-03 1.392845e-03 1.020145e-03 7.920372e-04
2.325251e+01 1.026788e-03 1.337245e-03 1.005490e-03 7.376285e-04
2.330148e+01 9.897172e-04 1.289285e-03 9.883889e-04 6.914775e-04
2.335045e+01 9.571699e-04 1.248443e-03 9.692009e-04 6.538663e-04
2.339942e+01 9.288572e-04 1.213433e-03 9.483790e-04 6.247590e-04
2.344839e+01 9.042394e-04 1.182328e-03 9.263902e-04 6.039998e-04
2.349736e+01 8.825802e-04 1.152720e-03 9.036674e-04 5.913528e-04
2.354633e+01 8.630285e-04 1.121997e-03 8.806452e-04 5.864429e-04
2.359530e+01 8.447620e-04 1.087726e-03 8.578819e-04 5.886778e-04
2.364427e+01 8.271748e-04 1.048097e-03 8.362122e-04 5.972147e-04
2.369324e+01 8.100518e-04 1.002320e-03 8.168432e-04 6.109920e-04
2.374221e+01 7.936540e-04 9.508470e-04 8.013146e-04 6.288004e-04
2.379118e+01 7.786600e-04 8.953405e-04 7.912944e-04 6.493452e-04
2.384016e+01 7.659595e-04 8.383737e-04 7.882444e-04 6.712605e-04
2.388913e+01 7.563505e-04 7.829385e-04 7.930441e-04 6.930687e-04
2.393810e+01 7.502309e-04 7.318907e-04 8.056748e-04 7.131271e-04
2.398707e+01 7.473805e-04 6.874683e-04 8.250434e-04 7.296299e-04
2.403604e+01 7.468996e-04 6.509832e-04 8.489891e-04 7.407265e-04
2.408501e+01 7.473243e-04 6.227270e-04 8.744765e-04 7.447694e-04
2.413398e+01 7.468908e-04 6.020721e-04 8.979632e-04 7.406370e-04
2.418295e+01 7.438799e-04 5.877113e-04 9.159058e-04 7.280225e-04
2.423192e+01 7.369575e-04 5.779608e-04 9.253442e-04 7.075674e-04
2.428089e+01 7.254238e-04 5.710533e-04 9.244556e-04 6.807626e-04
2.432986e+01 7.093092e-04 5.653673e-04 9.129376e-04 6.496227e-04
2.437883e+01 6.892938e-04 5.595633e-04 8.920889e-04 6.162293e-04
2.442780e+01 6.664824e-04 5.526314e-04 8.645240e-04 5.822919e-04
2.447677e+01 6.421082e-04 5.438772e-04 8.335774e-04 5.488699e-04
2.452574e+01 6.172595e-04 5.328879e-04 8.025593e-04 5.163313e-04
2.457471e+01 5.927081e-04 5.195092e-04 7.740796e-04 4.845354e-04
2.462369e+01 5.688694e-04 5.038427e-04 7.496242e-04 4.531412e-04
2.467266e+01 5.458784e-04 4.862510e-04 7.294687e-04 4.219155e-04
2.472163e+01 5.237250e-04 4.673422e-04 7.128981e-04 3.909347e-04
2.477060e+01 5.023865e-04 4.479144e-04 6.986091e-04 3.606361e-04
2.481957e+01 4.819111e-04 4.288556e-04 6.851407e-04 3.317371e-04
2.486854e+01 4.624338e-04 4.110150e-04 6.712054e-04 3.050809e-04
2.491751e+01 4.441332e-04 3.950744e-04 6.558581e-04 2.814672e-04
2.496648e+01 4.271568e-04 3.814508e-04 6.385118e-04 2.615078e-04
2.501545e+01 4.115479e-04 3.702540e-04 6.188668e-04 2.455230e-04
2.506442e+01 3.972045e-04 3.613040e-04 5.968290e-04 2.334806e-04
2.511339e+01 3.838857e-04 3.541977e-04 5.724743e-04 2.249851e-04
2.516236e+01 3.712626e-04 3.483974e-04 5.460665e-04 2.193238e-04
2.521133e+01 3.589918e-04 3.433110e-04 5.180896e-04 2.155747e-04
2.526030e+01 3.467848e-04 3.383495e-04 4.892448e-04 2.127601e-04
2.530927e+01 3.344506e-04 3.329621e-04 4.603771e-04 2.100125e-04
2.535824e+01 3.219058e-04 3.266715e-04 4.323386e-04 2.067073e-04
2.540721e+01 3.091609e-04 3.191256e-04 4.058317e-04 2.025254e-04
2.545619e+01 2.962972e-04 3.101668e-04 3.812887e-04 1.974362e-04
2.550516e+01 2.834452e-04 2.998921e-04 3.588270e-04 1.916164e-04
2.555413e+01 2.707660e-04 2.886672e-04 3.382888e-04 1.853420e-04
2.560310e+01 2.584351e-04 2.770697e-04 3.193414e-04 1.788943e-04
2.565207e+01 2.466274e-04 2.657716e-04 3.016039e-04 1.725068e-04
2.570104e+01 2.355101e-04 2.554029e-04 2.847653e-04 1.663621e-04
2.575001e+01 2.252500e-04 2.464533e-04 2.686699e-04 1.606270e-04
2.579898e+01 2.160351e-04 2.392460e-04 2.533606e-04 1.554989e-04
2.584795e+01 2.080941e-04 2.339777e-04 2.390714e-04 1.512331e-04
2.589692e+01 2.016915e-04 2.307766e-04 2.261706e-04 1.481272e-04
2.594589e+01 1.970782e-04 2.297198e-04 2.150587e-04 1.464560e-04
2.599486e+01 1.943979e-04 2.307748e-04 2.060429e-04 1.463758e-04
2.604383e+01 1.935754e-04 2.336795e-04 1.992166e-04 1.478301e-04
2.609280e+01 1.942335e-04 2.378232e-04 1.943809e-04 1.504965e-04
2.614177e+01 1.956812e-04 2.422085e-04 1.910365e-04 1.537987e-04
2.619074e+01 1.969936e-04 2.455452e-04 1.884530e-04 1.569826e-04
2.623971e+01 1.971708e-04 2.464755e-04 1.858020e-04 1.592349e-04
2.628869e+01 1.953311e-04 2.438654e-04 1.823181e-04 1.598097e-04
2.633766e+01 1.908845e-04 2.370694e-04 1.774476e-04 1.581367e-04
2.638663e+01 1.836445e-04 2.260837e-04 1.709496e-04 1.539002e-04
2.643560e+01 1.738568e-04 2.115509e-04 1.629329e-04 1.470865e-04
2.648457e+01 1.621520e-04 1.946283e-04 1.538268e-04 1.380009e-04
2.653354e+01 1.494404e-04 1.767729e-04 1.442996e-04 1.272487e-04
2.658251e+01 1.367716e-04 1.595033e-04 1.351421e-04 1.156693e-04
2.663148e+01 1.251827e-04 1.441855e-04 1.271403e-04 1.042222e-04
2.668045e+01 1.155530e-04 1.318692e-04 1.209523e-04 9.383737e-05
2.672942e+01 1.084839e-04 1.231834e-04 1.170084e-04 8.525993e-05
2.677839e+01 1.042183e-04 1.182869e-04 1.154426e-04 7.892532e-05
2.682736e+01 1.026096e-04 1.168723e-04 1.160638e-04 7.489286e-05
2.687633e+01 1.031479e-04 1.182197e-04 1.183715e-04 7.285255e-05
2.692530e+01 1.050437e-04 1.213038e-04 1.216233e-04 7.220404e-05
2.697427e+01 1.073691e-04 1.249571e-04 1.249553e-04 7.219507e-05
2.702324e+01 1.092440e-04 1.280806e-04 1.275534e-04 7.209780e-05
2.707222e+01 1.100402e-04 1.298777e-04 1.288505e-04 7.139239e-05
2.712119e+01 1.095612e-04 1.300582e-04 1.287062e-04 6.991933e-05
2.717016e+01 1.081418e-04 1.289519e-04 1.275136e-04 6.795989e-05
2.721913e+01 1.066231e-04 1.274768e-04 1.261798e-04 6.621280e-05
2.726810e+01 1.061864e-04 1.269422e-04 1.259599e-04 6.565719e-05
2.731707e+01 1.080706e-04 1.287224e-04 1.281683e-04 6.732109e-05
2.736604e+01 1.132395e-04 1.338779e-04 1.338369e-04 7.200381e-05
2.741501e+01 1.220890e-04 1.428290e-04 1.434185e-04 8.001946e-05
2.746398e+01 1.342758e-04 1.551746e-04 1.566214e-04 9.103132e-05
2.751295e+01 1.487222e-04 1.697106e-04 1.724252e-04 1.040307e-04
2.756192e+01 1.637987e-04 1.846445e-04 1.892705e-04 1.174812e-04
2.761089e+01 1.776408e-04 1.979533e-04 2.053638e-04 1.296054e-04
2.765986e+01 1.885194e-04 2.077941e-04 2.190146e-04 1.387494e-04
2.770883e+01 1.951730e-04 2.128664e-04 2.289213e-04 1.437313e-04
2.775780e+01 1.970239e-04 2.126410e-04 2.343520e-04 1.440788e-04
2.780677e+01 1.942328e-04 2.074080e-04 2.351972e-04 1.400932e-04
2.785574e+01 1.875915e-04 1.981453e-04 2.319034e-04 1.327257e-04
2.790472e+01 1.782950e-04 1.862542e-04 2.253179e-04 1.233128e-04
2.795369e+01 1.676611e-04 1.732423e-04 2.164858e-04 1.132552e-04
2.800266e+01 1.568710e-04 1.604348e-04 2.064461e-04 1.037319e-04
2.805163e+01 1.467901e-04 1.487812e-04 1.960696e-04 9.551958e-05
2.810060e+01 1.378993e-04 1.387843e-04 1.859723e-04 8.894143e-05
2.814957e+01 1.303285e-04 1.305425e-04 1.765132e-04 8.392992e-05
2.819854e+01 1.239599e-04 1.238656e-04 1.678578e-04 8.015642e-05
2.824751e+01 1.185537e-04 1.184127e-04 1.600700e-04 7.717841e-05
2.829648e+01 1.138561e-04 1.138119e-04 1.531914e-04 7.456507e-05
2.834545e+01 1.096668e-04 1.097374e-04 1.472801e-04 7.198280e-05
2.839442e+01 1.058645e-04 1.059487e-04 1.424063e-04 6.923839e-05
2.844339e+01 1.024027e-04 1.023025e-04 1.386190e-04 6.628666e-05
2.849236e+01 9.929176e-05 9.875545e-05 1.359085e-04 6.321132e-05
2.854133e+01 9.657824e-05 9.536335e-05 1.341849e-04 6.018651e-05
2.859030e+01 9.432600e-05 9.227220e-05 1.332791e-04 5.742668e-05
2.863927e+01 9.259818e-05 8.969309e-05 1.329674e-04 5.513402e-05
2.868824e+01 9.144087e-05 8.785674e-05 1.330111e-04 5.345481e-05
2.873722e+01 9.087124e-05 8.695549e-05 1.332027e-04 5.245550e-05
2.878619e+01 9.087535e-05 8.709045e-05 1.334107e-04 5.212489e-05
2.883516e+01 9.141891e-05 8.824486e-05 1.336107e-04 5.240120e-05
2.888413e+01 9.246908e-05 9.029723e-05 1.338957e-04 5.321434e-05
2.893310e+01 9.402005e-05 9.307282e-05 1.344590e-04 5.452835e-05
2.898207e+01 9.611204e-05 9.641674e-05 1.355512e-04 5.636822e-05
2.903104e+01 9.883483e-05 1.002617e-04 1.374224e-04 5.882038e-05
2.908001e+01 1.023121e-04 1.046641e-04 1.402672e-04 6.200493e-05
2.912898e+01 1.066686e-04 1.097914e-04 1.441870e-04 6.602745e-05
2.917795e+01 1.119879e-04 1.158596e-04 1.491790e-04 7.092515e-05
2.922692e+01 1.182692e-04 1.230362e-04 1.551467e-04 7.662461e-05
2.927589e+01 1.253941e-04 1.313374e-04 1.619194e-04 8.292547e-05
2.932486e+01 1.331115e-04 1.405506e-04 1.692674e-04 8.951665e-05
2.937383e+01 1.410467e-04 1.502117e-04 1.769065e-04 9.602204e-05
2.942280e+01 1.487363e-04 1.596510e-04 1.844943e-04 1.020635e-04
2.947177e+01 1.556849e-04 1.681015e-04 1.916302e-04 1.073231e-04
2.952075e+01 1.614342e-04 1.748426e-04 1.978712e-04 1.115888e-04
2.956972e+01 1.656274e-04 1.793397e-04 2.027699e-04 1.147727e-04
2.961869e+01 1.680570e-04 1.813383e-04 2.059300e-04 1.169026e-04
2.966766e+01 1.686835e-04 1.808878e-04 2.070669e-04 1.180957e-04
2.971663e+01 1.676248e-04 1.782920e-04 2.060554e-04 1.185269e-04
2.976560e+01 1.651201e-04 1.740106e-04 2.029480e-04 1.184019e-04
2.981457e+01 1.614814e-04 1.685463e-04 1.979612e-04 1.179369e-04
2.986354e+01 1.570454e-04 1.623560e-04 1.914353e-04 1.173449e-04
2.991251e+01 1.521377e-04 1.558060e-04 1.837855e-04 1.168214e-04
2.996148e+01 1.470534e-04 1.491733e-04 1.754577e-04 1.165292e-04
3.001045e+01 1.420514e-04 1.426761e-04 1.668978e-04 1.165801e-04
3.005942e+01 1.373510e-04 1.365060e-04 1.585292e-04 1.170177e-04
3.010839e+01 1.331249e-04 1.308410e-04 1.507283e-04 1.178053e-04
3.015736e+01 1.294815e-04 1.258304e-04 1.437905e-04 1.188237e-04
3.020633e+01 1.264449e-04 1.215589e-04 1.378914e-04 1.198842e-04
3.025530e+01 1.239437e-04 1.180131e-04 1.330576e-04 1.207605e-04
3.030427e+01 1.218242e-04 1.150694e-04 1.291656e-04 1.212375e-04
3.035325e+01 1.198895e-04 1.125208e-04 1.259790e-04 1.211687e-04
3.040222e+01 1.179593e-04 1.101352e-04 1.232164e-04 1.205264e-04
3.045119e+01 1.159300e-04 1.077293e-04 1.206328e-04 1.194278e-04
3.050016e+01 1.138149e-04 1.052319e-04 1.180852e-04 1.181274e-04
3.054913e+01 1.117527e-04 1.027145e-04 1.155652e-04 1.169786e-04
3.059810e+01 1.099833e-04 1.003824e-04 1.131887e-04 1.163790e-04
3.064707e+01 1.088020e-04 9.853212e-05 1.111548e-04 1.167190e-04
3.069604e+01 1.085097e-04 9.749132e-05 1.096900e-04 1.183478e-04
3.074501e+01 1.093722e-04 9.756012e-05 1.089984e-04 1.215580e-04
3.079398e+01 1.115928e-04 9.896562e-05 1.092314e-04 1.265814e-04
3.084295e+01 1.152968e-04 1.018340e-04 1.104796e-04 1.335767e-04
3.089192e+01 1.205193e-04 1.061776e-04 1.127787e-04 1.426016e-04
3.094089e+01 1.271919e-04 1.118907e-04 1.161168e-04 1.535683e-04
3.098986e+01 1.351280e-04 1.187513e-04 1.204330e-04 1.661997e-04
3.103883e+01 1.440133e-04 1.264276e-04 1.256042e-04 1.800080e-04
3.108780e+01 1.534144e-04 1.344941e-04 1.314300e-04 1.943192e-04
3.113677e+01 1.628166e-04 1.424638e-04 1.376325e-04 2.083536e-04
3.118575e+01 1.716953e-04 1.498435e-04 1.438872e-04 2.213552e-04
3.123472e+01 1.796120e-04 1.562085e-04 1.498858e-04 2.327418e-04
3.128369e+01 1.863118e-04 1.612852e-04 1.554138e-04 2.422364e-04
3.133266e+01 1.917861e-04 1.650151e-04 1.604090e-04 2.499341e-04
3.138163e+01 1.962699e-04 1.675719e-04 1.649680e-04 2.562699e-04
3.143060e+01 2.001597e-04 1.693114e-04 1.692879e-04 2.618799e-04
3.147957e+01 2.038694e-04 1.706615e-04 1.735595e-04 2.673871e-04
3.152854e+01 2.076720e-04 1.719832e-04 1.778555e-04 2.731773e-04
3.157751e+01 2.115888e-04 1.734558e-04 1.820618e-04 2.792489e-04
3.162648e+01 2.153752e-04 1.750332e-04 1.858870e-04 2.852053e-04
3.167545e+01 2.186178e-04 1.764943e-04 1.889483e-04 2.904109e-04
3.172442e+01 2.209133e-04 1.775693e-04 1.909050e-04 2.942654e-04
3.177339e+01 2.220599e-04 1.780918e-04 1.915882e-04 2.964997e-04
3.182236e+01 2.221877e-04 1.781133e-04 1.910780e-04 2.973719e-04
3.187133e+01 2.217683e-04 1.779318e-04 1.897011e-04 2.976721e-04
3.192030e+01 2.214953e-04 1.780204e-04 1.879497e-04 2.985157e-04
3.196928e+01 2.220755e-04 1.788838e-04 1.863534e-04 3.009893e-04
3.201825e+01 2.240098e-04 1.808988e-04 1.853510e-04 3.057795e-04
3.206722e+01 2.274451e-04 1.841987e-04 1.852075e-04 3.129292e-04
3.211619e+01 2.321537e-04 1.886444e-04 1.859981e-04 3.218187e-04
3.216516e+01 2.376409e-04 1.938871e-04 1.876560e-04 3.313795e-04
3.221413e+01 2.433346e-04 1.994944e-04 1.900533e-04 3.404561e-04
3.226310e+01 2.487819e-04 2.050887e-04 1.930780e-04 3.481790e-04
3.231207e+01 2.537805e-04 2.104484e-04 1.966756e-04 3.542174e-04
3.236104e+01 2.584091e-04 2.155406e-04 2.008474e-04 3.588394e-04
3.241001e+01 2.629613e-04 2.204856e-04 2.056135e-04 3.627848e-04
3.245898e+01 2.678219e-04 2.254776e-04 2.109671e-04 3.670209e-04
3.250795e+01 2.733381e-04 2.307001e-04 2.168426e-04 3.724715e-04
3.255692e+01 2.797253e-04 2.362687e-04 2.231099e-04 3.797971e-04
3.260589e+01 2.870243e-04 2.422138e-04 2.295906e-04 3.892685e-04
3.265486e+01 2.951046e-04 2.484949e-04 2.360786e-04 4.007403e-04
3.270383e+01 3.036970e-04 2.550263e-04 2.423492e-04 4.137153e-04
3.275280e+01 3.124444e-04 2.616990e-04 2.481530e-04 4.274811e-04
3.280178e+01 3.209706e-04 2.683983e-04 2.532102e-04 4.413033e-04
3.285075e+01 3.289720e-04 2.750351e-04 2.572332e-04 4.546478e-04
3.289972e+01 3.363321e-04 2.816086e-04 2.599981e-04 4.673895e-04
3.294869e+01 3.432360e-04 2.882972e-04 2.614607e-04 4.799501e-04
3.299766e+01 3.502448e-04 2.955432e-04 2.618835e-04 4.933075e-04
3.304663e+01 3.582791e-04 3.040769e-04 2.619155e-04 5.088449e-04
3.309560e+01 3.684845e-04 3.148279e-04 2.625731e-04 5.280524e-04
3.314457e+01 3.819854e-04 3.287142e-04 2.650976e-04 5.521443e-04
3.319354e+01 3.995863e-04 3.463598e-04 2.707087e-04 5.816905e-04
3.324251e+01 4.215039e-04 3.678344e-04 2.803135e-04 6.163638e-04
3.329148e+01 4.472194e-04 3.925245e-04 2.942538e-04 6.548798e-04
3.334045e+01 4.755101e-04 4.192021e-04 3.121706e-04 6.951574e-04
3.338942e+01 5.046650e-04 4.462877e-04 3.330318e-04 7.346754e-04
3.343839e+01 5.328333e-04 4.722253e-04 3.553253e-04 7.709493e-04
3.348736e+01 5.584106e-04 4.958458e-04 3.773684e-04 8.020174e-04
3.353633e+01 5.803517e-04 5.165986e-04 3.976474e-04 8.268093e-04
3.358530e+01 5.983235e-04 5.345858e-04 4.150950e-04 8.452896e-04
3.363428e+01 6.126604e-04 5.504139e-04 4.292348e-04 8.583325e-04
3.368325e+01 6.241609e-04 5.649397e-04 4.401695e-04 8.673735e-04
3.373222e+01 6.338119e-04 5.790148e-04 4.484430e-04 8.739781e-04
3.378119e+01 6.425506e-04 5.933121e-04 4.548402e-04 8.794996e-04
3.383016e+01 6.511375e-04 6.082617e-04 4.601952e-04 8.849555e-04
3.387913e+01 6.601529e-04 6.240721e-04 4.652522e-04 8.911346e-04
3.392810e+01 6.700667e-04 6.407811e-04 4.705939e-04 8.988252e-04
3.397707e+01 6.812991e-04 6.582874e-04 4.766180e-04 9.089917e-04
3.402604e+01 6.942128e-04 6.763427e-04 4.835377e-04 9.227581e-04
3.407501e+01 7.090271e-04 6.945237e-04 4.913888e-04 9.411687e-04
3.412398e+01 7.256944e-04 7.122269e-04 5.000435e-04 9.648128e-04
3.417295e+01 7.438132e-04 7.287234e-04 5.092445e-04 9.934716e-04
3.422192e+01 7.626330e-04 7.432890e-04 5.186737e-04 1.025936e-03
3.427089e+01 7.811714e-04 7.553805e-04 5.280544e-04 1.060079e-03
3.431986e+01 7.984143e-04 7.647989e-04 5.372673e-04 1.093177e-03
3.436883e+01 8.135380e-04 7.717727e-04 5.464386e-04 1.122403e-03
3.441781e+01 8.260850e-04 7.769157e-04 5.559544e-04 1.145385e-03
3.446678e+01 8.360431e-04 7.810644e-04 5.663706e-04 1.160694e-03
3.451575e+01 8.438137e-04 7.850509e-04 5.782255e-04 1.168165e-03
3.456472e+01 8.500893e-04 7.894877e-04 5.918071e-04 1.168973e-03
3.461369e+01 8.556824e-04 7.946315e-04 6.069601e-04 1.165456e-03
3.466266e+01 8.613491e-04 8.003441e-04 6.230185e-04 1.160685e-03
3.471163e+01 8.676306e-04 8.061238e-04 6.389078e-04 1.157860e-03
3.476060e+01 8.747236e-04 8.111632e-04 6.533964e-04 1.159611e-03
3.480957e+01 8.823874e-04 8.144134e-04 6.654102e-04 1.167339e-03
3.485854e+01 8.899120e-04 8.146803e-04 6.742986e-04 1.180757e-03
3.490751e+01 8.961845e-04 8.108022e-04 6.799616e-04 1.197790e-03
3.495648e+01 8.998818e-04 8.019334e-04 6.828071e-04 1.214905e-03
3.500545e+01 8.997718e-04 7.878847e-04 6.835700e-04 1.227861e-03
3.505442e+01 8.950450e-04 7.693996e-04 6.830698e-04 1.232665e-03
3.510339e+01 8.855606e-04 7.482205e-04 6.819830e-04 1.226478e-03
3.515236e+01 8.719055e-04 7.268587e-04 6.806861e-04 1.208172e-03
3.520133e+01 8.552338e-04 7.080955e-04 6.791902e-04 1.178416e-03
3.525031e+01 8.369472e-04 6.943592e-04 6.771643e-04 1.139318e-03
3.529928e+01 8.183370e-04 6.871765e-04 6.740309e-04 1.093804e-03
3.534825e+01 8.003157e-04 6.868716e-04 6.691143e-04 1.044961e-03
3.539722e+01 7.833149e-04 6.925846e-04 6.618131e-04 9.955469e-04
3.544619e+01 7.673526e-04 7.025728e-04 6.517693e-04 9.477156e-04
3.549516e+01 7.522097e-04 7.146650e-04 6.389974e-04 9.029667e-04
3.554413e+01 7.376279e-04 7.267132e-04 6.239434e-04 8.622270e-04
3.559310e+01 7.234534e-04 7.369145e-04 6.074526e-04 8.259929e-04
3.564207e+01 7.096869e-04 7.439466e-04 5.906416e-04 7.944725e-04
3.569104e+01 6.964430e-04 7.469384e-04 5.746907e-04 7.676999e-04
3.574001e+01 6.838560e-04 7.453588e-04 5.606011e-04 7.456080e-04
3.578898e+01 6.719830e-04 7.389147e-04 5.489753e-04 7.280591e-04
3.583795e+01 6.607472e-04 7.275225e-04 5.398870e-04 7.148321e-04
3.588692e+01 6.499399e-04 7.113558e-04 5.328898e-04 7.055740e-04
3.593589e+01 6.392773e-04 6.909226e-04 5.271728e-04 6.997365e-04
3.598486e+01 6.284871e-04 6.671038e-04 5.218233e-04 6.965343e-04
3.603383e+01 6.173982e-04 6.411096e-04 5.161141e-04 6.949710e-04
3.608281e+01 6.060136e-04 6.143559e-04 5.097215e-04 6.939633e-04
3.613178e+01 5.945524e-04 5.882991e-04 5.028004e-04 6.925577e-04
3.618075e+01 5.834548e-04 5.642843e-04 4.958990e-04 6.901813e-04
3.622972e+01 5.733406e-04 5.434344e-04 4.897492e-04 6.868381e-04
3.627869e+01 5.649193e-04 5.265826e-04 4.850154e-04 6.831599e-04
3.632766e+01 5.588601e-04 5.142242e-04 4.820875e-04 6.802686e-04
3.637663e+01 5.556466e-04 5.064730e-04 4.809832e-04 6.794836e-04
3.642560e+01 5.554619e-04 5.030314e-04 4.813812e-04 6.819730e-04
3.647457e+01 5.581502e-04 5.032083e-04 4.827625e-04 6.884799e-04
3.652354e+01 5.632831e-04 5.060234e-04 4.846075e-04 6.992184e-04
3.657251e+01 5.703168e-04 5.104045e-04 4.865822e-04 7.139637e-04
3.662148e+01 5.787867e-04 5.154416e-04 4.886522e-04 7.322663e-04
3.667045e+01 5.884580e-04 5.206144e-04 4.910843e-04 7.536751e-04
3.671942e+01 5.993632e-04 5.259010e-04 4.943338e-04 7.778548e-04
3.676839e+01 6.117008e-04 5.317051e-04 4.988520e-04 8.045453e-04
3.681736e+01 6.256308e-04 5.386133e-04 5.048837e-04 8.333954e-04
3.686634e+01 6.410516e-04 5.470641e-04 5.123293e-04 8.637613e-04
3.691531e+01 6.574611e-04 5.570668e-04 5.207264e-04 8.945900e-04
3.696428e+01 6.739776e-04 5.680955e-04 5.293655e-04 9.244717e-04
3.701325e+01 6.895397e-04 5.792273e-04 5.375093e-04 9.518826e-04
3.706222e+01 7.032332e-04 5.894927e-04 5.446525e-04 9.755544e-04
3.711119e+01 7.146373e-04 5.983200e-04 5.507479e-04 9.948440e-04
3.716016e+01 7.240622e-04 6.059044e-04 5.563314e-04 1.009951e-03
3.720913e+01 7.325778e-04 6.133501e-04 5.625048e-04 1.021878e-03
3.725810e+01 7.418003e-04 6.225103e-04 5.707643e-04 1.032126e-03
3.730707e+01 7.534918e-04 6.355581e-04 5.827070e-04 1.042210e-03
3.735604e+01 7.690937e-04 6.544251e-04 5.996788e-04 1.053177e-03
3.740501e+01 7.893466e-04 6.802962e-04 6.224554e-04 1.065288e-03
3.745398e+01 8.141131e-04 7.133277e-04 6.510402e-04 1.077971e-03
3.750295e+01 8.424512e-04 7.526750e-04 6.846362e-04 1.090042e-03
3.755192e+01 8.728968e-04 7.967921e-04 7.217936e-04 1.100105e-03
3.760089e+01 9.038508e-04 8.438752e-04 7.606893e-04 1.106988e-03
3.764986e+01 9.339439e-04 8.922815e-04 7.994566e-04 1.110093e-03
3.769884e+01 9.622843e-04 9.407972e-04 8.364797e-04 1.109576e-03
3.774781e+01 9.885441e-04 9.887066e-04 8.705842e-04 1.106341e-03
3.779678e+01 1.012898e-03 1.035697e-03 9.010877e-04 1.101910e-03
3.784575e+01 1.035863e-03 1.081673e-03 9.277160e-04 1.098200e-03
3.789472e+01 1.058085e-03 1.126546e-03 9.504294e-04 1.097279e-03
3.794369e+01 1.080116e-03 1.170040e-03 9.692322e-04 1.101075e-03
3.799266e+01 1.102212e-03 1.211516e-03 9.840411e-04 1.111080e-03
3.804163e+01 1.124187e-03 1.249868e-03 9.946653e-04 1.128027e-03
3.809060e+01 1.145357e-03 1.283522e-03 1.000899e-03 1.151650e-03
3.813957e+01 1.164619e-03 1.310586e-03 1.002669e-03 1.180603e-03
3.818854e+01 1.180657e-03 1.329183e-03 1.000169e-03 1.212619e-03
3.823751e+01 1.192229e-03 1.337872e-03 9.938915e-04 1.244923e-03
3.828648e+01 1.198464e-03 1.336046e-03 9.845667e-04 1.274779e-03
3.833545e+01 1.199059e-03 1.324149e-03 9.730174e-04 1.300010e-03
3.838442e+01 1.194322e-03 1.303623e-03 9.600156e-04 1.319329e-03
3.843339e+01 1.185056e-03 1.276592e-03 9.461960e-04 1.332381e-03
3.848236e+01 1.172332e-03 1.245398e-03 9.320548e-04 1.339544e-03
3.853134e+01 1.157252e-03 1.212151e-03 9.180196e-04 1.341585e-03
3.858031e+01 1.140772e-03 1.178442e-03 9.045461e-04 1.339328e-03
3.862928e+01 1.123636e-03 1.145281e-03 8.921933e-04 1.333433e-03
3.867825e+01 1.106405e-03 1.113231e-03 8.816415e-04 1.324343e-03
3.872722e+01 1.089549e-03 1.082633e-03 8.736433e-04 1.312371e-03
3.877619e+01 1.073528e-03 1.053809e-03 8.689209e-04 1.297855e-03
3.882516e+01 1.058831e-03 1.027146e-03 8.680381e-04 1.281307e-03
3.887413e+01 1.045947e-03 1.003066e-03 8.712829e-04 1.263493e-03
3.892310e+01 1.035296e-03 9.819023e-04 8.785948e-04 1.245391e-03
3.897207e+01 1.027132e-03 9.637781e-04 8.895563e-04 1.228063e-03
3.902104e+01 1.021486e-03 9.485514e-04 9.034492e-04 1.212457e-03
3.907001e+01 1.018141e-03 9.358521e-04 9.193544e-04 1.199216e-03
3.911898e+01 1.016662e-03 9.251985e-04 9.362605e-04 1.188528e-03
3.916795e+01 1.016454e-03 9.161349e-04 9.531471e-04 1.180079e-03
3.921692e+01 1.016819e-03 9.083230e-04 9.690284e-04 1.173106e-03
3.926589e+01 1.017027e-03 9.015508e-04 9.829670e-04 1.166565e-03
3.931487e+01 1.016371e-03 8.956675e-04 9.940931e-04 1.159351e-03
3.936384e+01 1.014239e-03 8.904981e-04 1.001667e-03 1.150552e-03
3.941281e+01 1.010217e-03 8.858019e-04 1.005208e-03 1.139643e-03
3.946178e+01 1.004194e-03 8.813109e-04 1.004675e-03 1.126595e-03
3.951075e+01 9.964538e-04 8.768302e-04 1.000655e-03 1.111876e-03
3.955972e+01 9.877115e-04 8.723346e-04 9.944651e-04 1.096335e-03
3.960869e+01 9.790410e-04 8.679873e-04 9.881170e-04 1.081019e-03
3.965766e+01 9.717025e-04 8.640440e-04 9.840941e-04 1.066969e-03
3.970663e+01 9.668938e-04 8.606771e-04 9.849676e-04 1.055037e-03
3.975560e+01 9.654948e-04 8.578033e-04 9.929277e-04 1.045753e-03
3.980457e+01 9.678780e-04 8.550164e-04 1.009335e-03 1.039283e-03
3.985354e+01 9.738368e-04 8.516729e-04 1.034394e-03 1.035443e-03
3.990251e+01 9.826401e-04 8.471079e-04 1.067017e-03 1.033795e-03
3.995148e+01 9.931834e-04 8.408901e-04 1.104905e-03 1.033755e-03
4.000045e+01 1.004182e-03 8.330076e-04 1.144818e-03 1.034720e-03
4.004942e+01 1.014356e-03 8.239069e-04 1.182991e-03 1.036171e-03
4.009839e+01 1.022575e-03 8.143753e-04 1.215621e-03 1.037729e-03
4.014737e+01 1.027954e-03 8.053162e-04 1.239364e-03 1.039182e-03
4.019634e+01 1.029906e-03 7.975028e-04 1.251760e-03 1.040455e-03
4.024531e+01 1.028170e-03 7.913878e-04 1.251559e-03 1.041564e-03
4.029428e+01 1.022819e-03 7.870203e-04 1.238871e-03 1.042567e-03
4.034325e+01 1.014248e-03 7.840756e-04 1.215161e-03 1.043509e-03
4.039222e+01 1.003133e-03 7.819726e-04 1.183035e-03 1.044391e-03
4.044119e+01 9.903506e-04 7.800305e-04 1.145877e-03 1.045145e-03
4.049016e+01 9.768579e-04 7.776165e-04 1.107354e-03 1.045603e-03
4.053913e+01 9.635391e-04 7.742466e-04 1.070892e-03 1.045478e-03
4.058810e+01 9.510544e-04 7.696277e-04 1.039203e-03 1.044333e-03
4.063707e+01 9.397280e-04 7.636444e-04 1.013961e-03 1.041579e-03
4.068604e+01 9.295079e-04 7.563136e-04 9.956891e-04 1.036521e-03
4.073501e+01 9.200179e-04 7.477261e-04 9.838661e-04 1.028462e-03
4.078398e+01 9.106864e-04 7.379914e-04 9.772011e-04 1.016867e-03
4.083295e+01 9.009156e-04 7.271894e-04 9.740021e-04 1.001555e-03
4.088192e+01 8.902363e-04 7.153321e-04 9.725350e-04 9.828419e-04
4.093089e+01 8.783978e-04 7.023405e-04 9.712920e-04 9.615608e-04
4.097987e+01 8.653723e-04 6.880492e-04 9.691303e-04 9.389373e-04
4.102884e+01 8.512873e-04 6.722546e-04 9.652876e-04 9.163197e-04
4.107781e+01 8.363286e-04 6.548102e-04 9.593213e-04 8.948544e-04
4.112678e+01 8.206644e-04 6.357496e-04 9.510300e-04 8.752136e-04
4.117575e+01 8.044216e-04 6.153956e-04 9.403977e-04 8.574714e-04
4.122472e+01 7.877124e-04 5.943984e-04 9.275691e-04 8.411696e-04
4.127369e+01 7.706808e-04 5.736660e-04 9.128319e-04 8.255446e-04
4.132266e+01 7.535316e-04 5.541881e-04 8.965782e-04 8.098285e-04
4.137163e+01 7.365161e-04 5.368031e-04 8.792300e-04 7.935153e-04
4.142060e+01 7.198793e-04 5.219916e-04 8.611446e-04 7.765017e-04
4.146957e+01 7.037901e-04 5.097711e-04 8.425340e-04 7.590651e-04
4.151854e+01 6.882905e-04 4.997334e-04 8.234323e-04 7.417058e-04
4.156751e+01 6.732873e-04 4.912038e-04 8.037260e-04 7.249322e-04
4.161648e+01 6.585922e-04 4.834578e-04 7.832348e-04 7.090840e-04
4.166545e+01 6.439974e-04 4.759118e-04 7.618162e-04 6.942642e-04
4.171442e+01 6.293582e-04 4.682251e-04 7.394561e-04 6.803933e-04
4.176340e+01 6.146510e-04 4.602902e-04 7.163190e-04 6.673438e-04
4.181237e+01 5.999852e-04 4.521378e-04 6.927421e-04 6.550757e-04
4.186134e+01 5.855663e-04 4.438149e-04 6.691778e-04 6.437061e-04
4.191031e+01 5.716290e-04 4.352976e-04 6.461021e-04 6.334873e-04
4.195928e+01 5.583738e-04 4.264820e-04 6.239213e-04 6.247181e-04
4.200825e+01 5.459320e-04 4.172531e-04 6.029028e-04 6.176401e-04
4.205722e+01 5.343687e-04 4.075947e-04 5.831474e-04 6.123641e-04
4.210619e+01 5.237062e-04 3.976794e-04 5.646006e-04 6.088386e-04
4.215516e+01 5.139391e-04 3.878863e-04 5.470868e-04 6.068442e-04
4.220413e+01 5.050250e-04 3.787274e-04 5.303547e-04 6.059928e-04
4.225310e+01 4.968527e-04 3.707067e-04 5.141249e-04 6.057264e-04
4.230207e+01 4.892141e-04 3.641627e-04 4.981455e-04 6.053340e-04
4.235104e+01 4.818070e-04 3.591563e-04 4.822535e-04 6.040112e-04
4.240001e+01 4.742818e-04 3.554389e-04 4.664369e-04 6.009696e-04
4.244898e+01 4.663188e-04 3.525104e-04 4.508733e-04 5.955728e-04
4.249795e+01 4.577067e-04 3.497404e-04 4.359245e-04 5.874550e-04
4.254692e+01 4.483887e-04 3.465124e-04 4.220745e-04 5.765791e-04
4.259590e+01 4.384601e-04 3.423464e-04 4.098191e-04 5.632147e-04
4.264487e+01 4.281194e-04 3.369697e-04 3.995379e-04 5.478505e-04
4.269384e+01 4.175953e-04 3.303264e-04 3.913850e-04 5.310744e-04
4.274281e+01 4.070779e-04 3.225360e-04 3.852329e-04 5.134647e-04
4.279178e+01 3.966806e-04 3.138330e-04 3.806858e-04 4.955230e-04
4.284075e+01 3.864450e-04 3.045150e-04 3.771589e-04 4.776611e-04
4.288972e+01 3.763866e-04 2.949205e-04 3.740025e-04 4.602367e-04
4.293869e+01 3.665618e-04 2.854325e-04 3.706406e-04 4.436123e-04
4.298766e+01 3.571260e-04 2.764861e-04 3.666864e-04 4.282054e-04
4.303663e+01 3.483523e-04 2.685547e-04 3.620066e-04 4.144956e-04
4.308560e+01 3.405948e-04 2.620992e-04 3.567143e-04 4.029709e-04
4.313457e+01 3.341999e-04 2.574864e-04 3.510904e-04 3.940229e-04
4.318354e+01 3.293952e-04 2.549036e-04 3.454549e-04 3.878271e-04
4.323251e+01 3.261950e-04 2.543013e-04 3.400268e-04 3.842567e-04
4.328148e+01 3.243591e-04 2.553877e-04 3.348199e-04 3.828696e-04
4.333045e+01 3.234216e-04 2.576799e-04 3.296106e-04 3.829743e-04
4.337942e+01 3.227816e-04 2.605975e-04 3.239923e-04 3.837550e-04
4.342840e+01 3.218270e-04 2.635685e-04 3.174993e-04 3.844131e-04
4.347737e+01 3.200569e-04 2.661194e-04 3.097627e-04 3.842887e-04
4.352634e+01 3.171702e-04 2.679235e-04 3.006458e-04 3.829413e-04
4.357531e+01 3.131018e-04 2.688016e-04 2.903167e-04 3.801870e-04
4.362428e+01 3.080054e-04 2.686840e-04 2.792334e-04 3.760989e-04
4.367325e+01 3.021921e-04 2.675564e-04 2.680449e-04 3.709751e-04
4.372222e+01 2.960440e-04 2.654171e-04 2.574380e-04 3.652769e-04
4.377119e+01 2.899257e-04 2.622633e-04 2.479745e-04 3.595392e-04
4.382016e+01 2.841132e-04 2.581112e-04 2.399672e-04 3.542612e-04
4.386913e+01 2.787556e-04 2.530373e-04 2.334309e-04 3.497988e-04
4.391810e+01 2.738757e-04 2.472203e-04 2.281193e-04 3.462874e-04
4.396707e+01 2.694049e-04 2.409645e-04 2.236298e-04 3.436205e-04
4.401604e+01 2.652419e-04 2.346917e-04 2.195379e-04 3.414961e-04
4.406501e+01 2.613125e-04 2.289003e-04 2.155154e-04 3.395220e-04
4.411398e+01 2.576140e-04 2.240975e-04 2.113962e-04 3.373484e-04
4.416295e+01 2.542279e-04 2.207146e-04 2.071810e-04 3.347881e-04
4.421193e+01 2.513014e-04 2.190231e-04 2.029927e-04 3.318885e-04
4.426090e+01 2.490057e-04 2.190696e-04 1.990121e-04 3.289353e-04
4.430987e+01 2.474867e-04 2.206516e-04 1.954199e-04 3.263885e-04
4.435884e+01 2.468244e-04 2.233458e-04 1.923596e-04 3.247679e-04
4.440781e+01 2.470082e-04 2.265918e-04 1.899179e-04 3.245149e-04
4.445678e+01 2.479287e-04 2.298093e-04 1.881149e-04 3.258620e-04
4.450575e+01 2.493851e-04 2.325178e-04 1.868953e-04 3.287422e-04
4.455472e+01 2.511023e-04 2.344207e-04 1.861218e-04 3.327646e-04
4.460369e+01 2.527606e-04 2.354299e-04 1.855788e-04 3.372730e-04
4.465266e+01 2.540350e-04 2.356278e-04 1.849941e-04 3.414832e-04
4.470163e+01 2.546438e-04 2.351863e-04 1.840791e-04 3.446661e-04
4.475060e+01 2.543926e-04 2.342781e-04 1.825802e-04 3.463196e-04
4.479957e+01 2.532018e-04 2.330096e-04 1.803278e-04 3.462679e-04
4.484854e+01 2.511035e-04 2.313947e-04 1.772679e-04 3.446480e-04
4.489751e+01 2.482083e-04 2.293686e-04 1.734694e-04 3.417868e-04
4.494648e+01 2.446519e-04 2.268282e-04 1.691062e-04 3.380214e-04
4.499545e+01 2.405443e-04 2.236783e-04 1.644184e-04 3.335362e-04
4.504443e+01 2.359375e-04 2.198649e-04 1.596625e-04 3.282851e-04
4.509340e+01 2.308237e-04 2.153864e-04 1.550607e-04 3.220241e-04
4.514237e+01 2.251576e-04 2.102811e-04 1.507603e-04 3.144314e-04
4.519134e+01 2.188923e-04 2.046038e-04 1.468126e-04 3.052605e-04
4.524031e+01 2.120134e-04 1.984023e-04 1.431745e-04 2.944634e-04
4.528928e+01 2.045606e-04 1.917083e-04 1.397317e-04 2.822419e-04
4.533825e+01 1.966319e-04 1.845448e-04 1.363326e-04 2.690183e-04
4.538722e+01 1.883706e-04 1.769441e-04 1.328246e-04 2.553432e-04
4.543619e+01 1.799420e-04 1.689665e-04 1.290818e-04 2.417777e-04
4.548516e+01 1.715049e-04 1.607085e-04 1.250213e-04 2.287850e-04
4.553413e+01 1.631883e-04 1.522987e-04 1.206086e-04 2.166577e-04
4.558310e+01 1.550787e-04 1.438880e-04 1.158558e-04 2.054923e-04
4.563207e+01 1.472235e-04 1.356438e-04 1.108151e-04 1.952115e-04
4.568104e+01 1.396509e-04 1.277585e-04 1.055721e-04 1.856222e-04
4.573001e+01 1.324025e-04 1.204720e-04 1.002417e-04 1.764937e-04
4.577898e+01 1.255686e-04 1.140997e-04 9.497059e-05 1.676355e-04
4.582795e+01 1.193149e-04 1.090475e-04 8.994446e-05 1.589527e-04
4.587693e+01 1.138851e-04 1.057960e-04 8.539661e-05 1.504626e-04
4.592590e+01 1.095719e-04 1.048402e-04 8.160606e-05 1.422695e-04
4.597487e+01 1.066553e-04 1.065835e-04 7.887474e-05 1.345075e-04
4.602384e+01 1.053190e-04 1.112034e-04 7.747736e-05 1.272762e-04
4.607281e+01 1.055665e-04 1.185187e-04 7.758830e-05 1.205924e-04
4.612178e+01 1.071589e-04 1.279007e-04 7.920176e-05 1.143742e-04
4.617075e+01 1.095980e-04 1.382671e-04 8.206898e-05 1.084579e-04
4.621972e+01 1.121638e-04 1.481823e-04 8.567721e-05 1.026318e-04
4.626869e+01 1.140072e-04 1.560603e-04 8.928723e-05 9.667404e-05
4.631766e+01 1.142813e-04 1.604309e-04 9.203180e-05 9.038113e-05
4.636663e+01 1.122867e-04 1.602081e-04 9.306056e-05 8.359145e-05
4.641560e+01 1.076001e-04 1.548920e-04 9.170124e-05 7.620711e-05
4.646457e+01 1.001572e-04 1.446543e-04 8.759871e-05 6.821857e-05
4.651354e+01 9.026961e-05 1.302877e-04 8.079519e-05 5.972593e-05
4.656251e+01 7.857170e-05 1.130419e-04 7.172809e-05 5.094515e-05
4.661148e+01 6.590726e-05 9.438990e-05 6.114381e-05 4.218807e-05
4.666046e+01 5.318326e-05 7.578495e-05 4.994976e-05 3.381506e-05
4.670943e+01 4.122373e-05 5.845646e-05 3.904357e-05 2.617114e-05
4.675840e+01 3.065587e-05 4.327931e-05 2.916371e-05 1.952460e-05
4.680737e+01 2.184935e-05 3.072694e-05 2.079487e-05 1.402624e-05
4.685634e+01 1.491374e-05 2.089975e-05 1.414228e-05 9.699182e-06
4.690531e+01 9.743767e-06 1.360676e-05 9.167291e-06 6.457250e-06
4.695428e+01 6.091711e-06 8.472472e-06 5.661108e-06 4.141552e-06
4.700325e+01 3.644335e-06 5.042205e-06 3.329274e-06 2.561527e-06
4.705222e+01 2.086776e-06 2.866713e-06 1.864223e-06 1.529393e-06
4.710119e+01 1.144293e-06 1.556696e-06 9.938470e-07 8.823372e-07
4.715016e+01 6.013505e-07 8.074202e-07 5.044768e-07 4.921544e-07
4.719913e+01 3.031417e-07 4.001452e-07 2.438582e-07 2.654218e-07
4.724810e+01 1.467315e-07 1.895947e-07 1.122847e-07 1.383151e-07
4.729707e+01 6.826080e-08 8.596121e-08 4.926410e-08 6.955710e-08
4.734604e+01 3.054326e-08 3.733369e-08 2.060253e-08 3.369355e-08
4.739501e+01 1.315026e-08 1.554913e-08 8.215649e-09 1.568601e-08
4.744398e+01 5.447685e-09 6.216850e-09 3.124856e-09 7.001350e-09
4.749296e+01 2.170211e-09 2.387954e-09 1.133900e-09 2.988779e-09
4.754193e+01 8.305047e-10 8.815443e-10 3.925692e-10 1.217400e-09
4.759090e+01 3.048215e-10 3.126835e-10 1.296163e-10 4.721646e-10
4.763987e+01 1.070990e-10 1.064769e-10 4.077760e-11 1.740424e-10
4.768884e+01 3.592220e-11 3.472886e-11 1.220600e-11 6.083172e-11
4.773781e+01 1.145065e-11 1.077879e-11 3.443200e-12 2.012997e-11
4.778678e+01 3.448821e-12 3.189391e-12 8.735740e-13 6.283498e-12
4.783575e+01 9.743401e-13 8.456226e-13 2.132857e-13 1.864112e-12
4.788472e+01 2.621839e-13 2.224607e-13 4.381020e-14 5.202809e-13
4.793369e+01 6.706824e-14 5.724902e-14 9.385843e-15 1.345699e-13
4.798266e+01 1.674236e-14 1.432765e-14 2.148975e-15 3.375046e-14
4.803163e+01 3.578095e-15 3.261111e-15 9.438765e-17 7.378787e-15
4.808060e+01 0.000000e+00 0.000000e+00 0.000000e+00 0.000000e+00
4.812957e+01 0.000000e+00 0.000000e+00 0.000000e+00 0.000000e+00
4.817854e+01 0.000000e+00 0.000000e+00 0.000000e+00 0.000000e+00
4.822751e+01 0.000000e+00 0.000000e+00 0.000000e+00 0.000000e+00
4.827648e+01 0.000000e+00 0.000000e+00 0.000000e+00 0.000000e+00
4.832546e+01 0.000000e+00 0.000000e+00 0.000000e+00 0.000000e+00
4.837443e+01 0.000000e+00 0.000000e+00 0.000000e+00 0.000000e+00
4.842340e+01 0.000000e+00 0.000000e+00 0.000000e+00 0.000000e+00
4.847237e+01 0.000000e+00 0.000000e+00 0.000000e+00 0.000000e+00
4.852134e+01 0.000000e+00 0.000000e+00 0.000000e+00 0.000000e+00
4.857031e+01 0.000000e+00 0.000000e+00 0.000000e+00 0.000000e+00
4.861928e+01 0.000000e+00 0.000000e+00 0.000000e+00 0.000000e+00
4.866825e+01 0.000000e+00 0.000000e+00 0.000000e+00 0.000000e+00
4.871722e+01 0.000000e+00 0.000000e+00 0.000000e+00 0.000000e+00
4.876619e+01 0.000000e+00 0.000000e+00 0.000000e+00 0.000000e+00
4.881516e+01 0.000000e+00 0.000000e+00 0.000000e+00 0.000000e+00
4.886413e+01 0.000000e+00 0.000000e+00 0.000000e+00 0.000000e+00
4.891310e+01 0.000000e+00 0.000000e+00 0.000000e+00 0.000000e+00
4.896207e+01 0.000000e+00 0.000000e+00 0.000000e+00 0.000000e+00
4.901104e+01 0.000000e+00 0.000000e+00 0.000000e+00 0.000000e+00
4.906001e+01 0.000000e+00 0.000000e+00 0.000000e+00 0.000000e+00
4.910899e+01 0.000000e+00 0.000000e+00 0.000000e+00 0.000000e+00
4.915796e+01 0.000000e+00 0.000000e+00 0.000000e+00 0.000000e+00
4.920693e+01 0.000000e+00 0.000000e+00 0.000000e+00 0.000000e+00
4.925590e+01 0.000000e+00 0.000000e+00 0.000000e+00 0.000000e+00
4.930487e+01 0.000000e+00 0.000000e+00 0.000000e+00 0.000000e+00
4.935384e+01 0.000000e+00 0.000000e+00 0.000000e+00 0.000000e+00
4.940281e+01 0.000000e+00 0.000000e+00 0.000000e+00 0.000000e+00
4.945178e+01 0.000000e+00 0.000000e+00 0.000000e+00 0.000000e+00
4.950075e+01 0.000000e+00 0.000000e+00 0.000000e+00 0.000000e+00
4.954972e+01 0.000000e+00 0.000000e+00 0.000000e+00 0.000000e+00
4.959869e+01 0.000000e+00 0.000000e+00 0.000000e+00 0.000000e+00
4.964766e+01 0.000000e+00 0.000000e+00 0.000000e+00 0.000000e+00
4.969663e+01 0.000000e+00 0.000000e+00 0.000000e+00 0.000000e+00
4.974560e+01 0.000000e+00 0.000000e+00 0.000000e+00 0.000000e+00
4.979457e+01 0.000000e+00 0.000000e+00 0.000000e+00 0.000000e+00
4.984354e+01 0.000000e+00 0.000000e+00 0.000000e+00 0.000000e+00
4.989251e+01 0.000000e+00 0.000000e+00 0.000000e+00 0.000000e+00
4.994149e+01 0.000000e+00 0.000000e+00 0.000000e+00 0.000000e+00
4.999046e+01 0.000000e+00 0.000000e+00 0.000000e+00 0.000000e+00
5.003943e+01 0.000000e+00 0.000000e+00 0.000000e+00 0.000000e+00
5.008840e+01 0.000000e+00 0.000000e+00 0.000000e+00 0.000000e+00
5.013737e+01 0.000000e+00 0.000000e+00 0.000000e+00 0.000000e+00
5.018634e+01 0.000000e+00 0.000000e+00 0.000000e+00 0.000000e+00
5.023531e+01 0.000000e+00 0.000000e+00 0.000000e+00 0.000000e+00
5.028428e+01 0.000000e+00 0.000000e+00 0.000000e+00 0.000000e+00
5.033325e+01 0.000000e+00 0.000000e+00 0.000000e+00 0.000000e+00
5.038222e+01 0.000000e+00 0.000000e+00 0.000000e+00 0.000000e+00
5.043119e+01 0.000000e+00 0.000000e+00 0.000000e+00 0.000000e+00
5.048016e+01 0.000000e+00 0.000000e+00 0.000000e+00 0.000000e+00
5.052913e+01 0.000000e+00 0.000000e+00 0.000000e+00 0.000000e+00
5.057810e+01 0.000000e+00 0.000000e+00 0.000000e+00 0.000000e+00
5.062707e+01 0.000000e+00 0.000000e+00 0.000000e+00 0.000000e+00
5.067604e+01 0.000000e+00 0.000000e+00 0.000000e+00 0.000000e+00
5.072501e+01 0.000000e+00 0.000000e+00 0.000000e+00 0.000000e+00
5.077399e+01 0.000000e+00 0.000000e+00 0.000000e+00 0.000000e+00
5.082296e+01 0.000000e+00 0.000000e+00 0.000000e+00 0.000000e+00
5.087193e+01 0.000000e+00 0.000000e+00 0.000000e+00 0.000000e+00
5.092090e+01 0.000000e+00 0.000000e+00 0.000000e+00 0.000000e+00
5.096987e+01 0.000000e+00 0.000000e+00 0.000000e+00 0.000000e+00
5.101884e+01 0.000000e+00 0.000000e+00 0.000000e+00 0.000000e+00
5.106781e+01 0.000000e+00 0.000000e+00 0.000000e+00 0.000000e+00
5.111678e+01 0.000000e+00 0.000000e+00 0.000000e+00 0.000000e+00
5.116575e+01 0.000000e+00 0.000000e+00 0.000000e+00 0.000000e+00
5.121472e+01 0.000000e+00 0.000000e+00 0.000000e+00 0.000000e+00
5.126369e+01 0.000000e+00 0.000000e+00 0.000000e+00 0.000000e+00
5.131266e+01 0.000000e+00 0.000000e+00 0.000000e+00 0.000000e+00
5.136163e+01 0.000000e+00 0.000000e+00 0.000000e+00 0.000000e+00
5.141060e+01 0.000000e+00 0.000000e+00 0.000000e+00 0.000000e+00
5.145957e+01 0.000000e+00 0.000000e+00 0.000000e+00 0.000000e+00
5.150854e+01 0.000000e+00 0.000000e+00 0.000000e+00 0.000000e+00
5.155752e+01 0.000000e+00 0.000000e+00 0.000000e+00 0.000000e+00
5.160649e+01 0.000000e+00 0.000000e+00 0.000000e+00 0.000000e+00
5.165546e+01 0.000000e+00 0.000000e+00 0.000000e+00 0.000000e+00
5.170443e+01 0.000000e+00 0.000000e+00 0.000000e+00 0.000000e+00
5.175340e+01 0.000000e+00 0.000000e+00 0.000000e+00 0.000000e+00
5.180237e+01 0.000000e+00 0.000000e+00 0.000000e+00 0.000000e+00
5.185134e+01 0.000000e+00 0.000000e+00 0.000000e+00 0.000000e+00
5.190031e+01 0.000000e+00 0.000000e+00 0.000000e+00 0.000000e+00
5.194928e+01 0.000000e+00 0.000000e+00 0.000000e+00 0.000000e+00
5.199825e+01 0.000000e+00 0.000000e+00 0.000000e+00 0.000000e+00
5.204722e+01 0.000000e+00 0.000000e+00 0.000000e+00 0.000000e+00
5.209619e+01 0.000000e+00 0.000000e+00 0.000000e+00 0.000000e+00
5.214516e+01 0.000000e+00 0.000000e+00 0.000000e+00 0.000000e+00
5.219413e+01 0.000000e+00 0.000000e+00 0.000000e+00 0.000000e+00
5.224310e+01 0.000000e+00 0.000000e+00 0.000000e+00 0.000000e+00
5.229207e+01 0.000000e+00 0.000000e+00 0.000000e+00 0.000000e+00
5.234104e+01 0.000000e+00 0.000000e+00 0.000000e+00 0.000000e+00
5.239002e+01 0.000000e+00 0.000000e+00 0.000000e+00 0.000000e+00
5.243899e+01 0.000000e+00 0.000000e+00 0.000000e+00 0.000000e+00
5.248796e+01 0.000000e+00 0.000000e+00 0.000000e+00 0.000000e+00
5.253693e+01 0.000000e+00 0.000000e+00 0.000000e+00 0.000000e+00
5.258590e+01 0.000000e+00 0.000000e+00 0.000000e+00 0.000000e+00
5.263487e+01 0.000000e+00 0.000000e+00 0.000000e+00 0.000000e+00
5.268384e+01 0.000000e+00 0.000000e+00 0.000000e+00 0.000000e+00
5.273281e+01 0.000000e+00 0.000000e+00 0.000000e+00 0.000000e+00
5.278178e+01 0.000000e+00 0.000000e+00 0.000000e+00 0.000000e+00
5.283075e+01 0.000000e+00 0.000000e+00 0.000000e+00 0.000000e+00
5.287972e+01 0.000000e+00 0.000000e+00 0.000000e+00 0.000000e+00
5.292869e+01 0.000000e+00 0.000000e+00 0.000000e+00 0.000000e+00
5.297766e+01 0.000000e+00 0.000000e+00 0.000000e+00 0.000000e+00
5.302663e+01 0.000000e+00 0.000000e+00 0.000000e+00 0.000000e+00
5.307560e+01 0.000000e+00 0.000000e+00 0.000000e+00 0.000000e+00
5.312457e+01 0.000000e+00 0.000000e+00 0.000000e+00 0.000000e+00
5.317354e+01 0.000000e+00 0.000000e+00 0.000000e+00 0.000000e+00
5.322252e+01 0.000000e+00 0.000000e+00 0.000000e+00 0.000000e+00
5.327149e+01 0.000000e+00 0.000000e+00 0.000000e+00 0.000000e+00
5.332046e+01 0.000000e+00 0.000000e+00 0.000000e+00 0.000000e+00
5.336943e+01 0.000000e+00 0.000000e+00 0.000000e+00 0.000000e+00
5.341840e+01 0.000000e+00 0.000000e+00 0.000000e+00 0.000000e+00
5.346737e+01 0.000000e+00 0.000000e+00 0.000000e+00 0.000000e+00
5.351634e+01 0.000000e+00 0.000000e+00 0.000000e+00 0.000000e+00
5.356531e+01 0.000000e+00 0.000000e+00 0.000000e+00 0.000000e+00
5.361428e+01 0.000000e+00 0.000000e+00 0.000000e+00 0.000000e+00
5.366325e+01 0.000000e+00 0.000000e+00 0.000000e+00 0.000000e+00
5.371222e+01 0.000000e+00 0.000000e+00 0.000000e+00 0.000000e+00
5.376119e+01 0.000000e+00 0.000000e+00 0.000000e+00 0.000000e+00
5.381016e+01 0.000000e+00 0.000000e+00 0.000000e+00 0.000000e+00
5.385913e+01 0.000000e+00 0.000000e+00 0.000000e+00 0.000000e+00
5.390810e+01 0.000000e+00 0.000000e+00 0.000000e+00 0.000000e+00
5.395707e+01 0.000000e+00 0.000000e+00 0.000000e+00 0.000000e+00
5.400605e+01 0.000000e+00 0.000000e+00 0.000000e+00 0.000000e+00
5.405502e+01 0.000000e+00 0.000000e+00 0.000000e+00 0.000000e+00
5.410399e+01 0.000000e+00 0.000000e+00 0.000000e+00 0.000000e+00
5.415296e+01 0.000000e+00 0.000000e+00 0.000000e+00 0.000000e+00
5.420193e+01 0.000000e+00 0.000000e+00 0.000000e+00 0.000000e+00
5.425090e+01 0.000000e+00 0.000000e+00 0.000000e+00 0.000000e+00
5.429987e+01 0.000000e+00 0.000000e+00 0.000000e+00 0.000000e+00
5.434884e+01 0.000000e+00 0.000000e+00 0.000000e+00 0.000000e+00
5.439781e+01 0.000000e+00 0.000000e+00 0.000000e+00 0.000000e+00
5.444678e+01 0.000000e+00 0.000000e+00 0.000000e+00 0.000000e+00
5.449575e+01 0.000000e+00 0.000000e+00 0.000000e+00 0.000000e+00
5.454472e+01 0.000000e+00 0.000000e+00 0.000000e+00 0.000000e+00
5.459369e+01 0.000000e+00 0.000000e+00 0.000000e+00 0.000000e+00
5.464266e+01 0.000000e+00 0.000000e+00 0.000000e+00 0.000000e+00
5.469163e+01 0.000000e+00 0.000000e+00 0.000000e+00 0.000000e+00
5.474060e+01 0.000000e+00 0.000000e+00 0.000000e+00 0.000000e+00
5.478957e+01 0.000000e+00 0.000000e+00 0.000000e+00 0.000000e+00
5.483855e+01 0.000000e+00 0.000000e+00 0.000000e+00 0.000000e+00
5.488752e+01 0.000000e+00 0.000000e+00 0.000000e+00 0.000000e+00
5.493649e+01 0.000000e+00 0.000000e+00 0.000000e+00 0.000000e+00
5.498546e+01 0.000000e+00 0.000000e+00 0.000000e+00 0.000000e+00
5.503443e+01 0.000000e+00 0.000000e+00 0.000000e+00 0.000000e+00
5.508340e+01 0.000000e+00 0.000000e+00 0.000000e+00 0.000000e+00
5.513237e+01 0.000000e+00 0.000000e+00 0.000000e+00 0.000000e+00
5.518134e+01 0.000000e+00 0.000000e+00 0.000000e+00 0.000000e+00
5.523031e+01 0.000000e+00 0.000000e+00 0.000000e+00 0.000000e+00
5.527928e+01 0.000000e+00 0.000000e+00 0.000000e+00 0.000000e+00
5.532825e+01 0.000000e+00 0.000000e+00 0.000000e+00 0.000000e+00
5.537722e+01 0.000000e+00 0.000000e+00 0.000000e+00 0.000000e+00
5.542619e+01 0.000000e+00 0.000000e+00 0.000000e+00 0.000000e+00
5.547516e+01 0.000000e+00 0.000000e+00 0.000000e+00 0.000000e+00
5.552413e+01 0.000000e+00 0.000000e+00 0.000000e+00 0.000000e+00
5.557310e+01 0.000000e+00 0.000000e+00 0.000000e+00 0.000000e+00
5.562207e+01 0.000000e+00 0.000000e+00 0.000000e+00 0.000000e+00
5.567105e+01 0.000000e+00 0.000000e+00 0.000000e+00 0.000000e+00
5.572002e+01 0.000000e+00 0.000000e+00 0.000000e+00 0.000000e+00
5.576899e+01 0.000000e+00 0.000000e+00 0.000000e+00 0.000000e+00
5.581796e+01 0.000000e+00 0.000000e+00 0.000000e+00 0.000000e+00
5.586693e+01 0.000000e+00 0.000000e+00 0.000000e+00 0.000000e+00
5.591590e+01 0.000000e+00 0.000000e+00 0.000000e+00 0.000000e+00
5.596487e+01 0.000000e+00 0.000000e+00 0.000000e+00 0.000000e+00
5.601384e+01 0.000000e+00 0.000000e+00 0.000000e+00 0.000000e+00
5.606281e+01 0.000000e+00 0.000000e+00 0.000000e+00 0.000000e+00
5.611178e+01 0.000000e+00 0.000000e+00 0.000000e+00 0.000000e+00
5.616075e+01 0.000000e+00 0.000000e+00 0.000000e+00 0.000000e+00
5.620972e+01 0.000000e+00 0.000000e+00 0.000000e+00 0.000000e+00
5.625869e+01 0.000000e+00 0.000000e+00 0.000000e+00 0.000000e+00
5.630766e+01 0.000000e+00 0.000000e+00 0.000000e+00 0.000000e+00
5.635663e+01 0.000000e+00 0.000000e+00 0.000000e+00 0.000000e+00
5.640560e+01 0.000000e+00 0.000000e+00 0.000000e+00 0.000000e+00
5.645458e+01 0.000000e+00 0.000000e+00 0.000000e+00 0.000000e+00
