6.160942e+00 0.000000e+00 0.000000e+00 0.000000e+00 0.000000e+00
6.212942e+00 0.000000e+00 0.000000e+00 0.000000e+00 0.000000e+00
6.264942e+00 0.000000e+00 0.000000e+00 0.000000e+00 0.000000e+00
6.316942e+00 0.000000e+00 0.000000e+00 0.000000e+00 0.000000e+00
6.368942e+00 0.000000e+00 0.000000e+00 0.000000e+00 0.000000e+00
6.420942e+00 0.000000e+00 0.000000e+00 0.000000e+00 0.000000e+00
6.472942e+00 0.000000e+00 0.000000e+00 0.000000e+00 0.000000e+00
6.524942e+00 0.000000e+00 0.000000e+00 0.000000e+00 0.000000e+00
6.576942e+00 0.000000e+00 0.000000e+00 0.000000e+00 0.000000e+00
6.628942e+00 0.000000e+00 0.000000e+00 0.000000e+00 0.000000e+00
6.680942e+00 0.000000e+00 0.000000e+00 0.000000e+00 0.000000e+00
6.732942e+00 0.000000e+00 0.000000e+00 0.000000e+00 0.000000e+00
6.784942e+00 0.000000e+00 0.000000e+00 0.000000e+00 0.000000e+00
6.836942e+00 0.000000e+00 0.000000e+00 0.000000e+00 0.000000e+00
6.888942e+00 0.000000e+00 0.000000e+00 0.000000e+00 0.000000e+00
6.940942e+00 0.000000e+00 0.000000e+00 0.000000e+00 0.000000e+00
6.992942e+00 0.000000e+00 0.000000e+00 0.000000e+00 0.000000e+00
7.044942e+00 0.000000e+00 0.000000e+00 0.000000e+00 0.000000e+00
7.096942e+00 0.000000e+00 0.000000e+00 0.000000e+00 0.000000e+00
7.148942e+00 0.000000e+00 0.000000e+00 0.000000e+00 0.000000e+00
7.200942e+00 0.000000e+00 0.000000e+00 0.000000e+00 0.000000e+00
7.252942e+00 0.000000e+00 0.000000e+00 0.000000e+00 0.000000e+00
7.304942e+00 0.000000e+00 0.000000e+00 0.000000e+00 0.000000e+00
7.356942e+00 0.000000e+00 0.000000e+00 0.000000e+00 0.000000e+00
7.408942e+00 0.000000e+00 0.000000e+00 0.000000e+00 0.000000e+00
7.460942e+00 0.000000e+00 0.000000e+00 0.000000e+00 0.000000e+00
7.512942e+00 0.000000e+00 0.000000e+00 0.000000e+00 0.000000e+00
7.564942e+00 0.000000e+00 0.000000e+00 0.000000e+00 0.000000e+00
7.616942e+00 0.000000e+00 0.000000e+00 0.000000e+00 0.000000e+00
7.668942e+00 0.000000e+00 0.000000e+00 0.000000e+00 0.000000e+00
7.720942e+00 0.000000e+00 0.000000e+00 0.000000e+00 0.000000e+00
7.772942e+00 0.000000e+00 0.000000e+00 0.000000e+00 0.000000e+00
7.824942e+00 0.000000e+00 0.000000e+00 0.000000e+00 0.000000e+00
7.876942e+00 0.000000e+00 0.000000e+00 0.000000e+00 0.000000e+00
7.928942e+00 0.000000e+00 0.000000e+00 0.000000e+00 0.000000e+00
7.980942e+00 0.000000e+00 0.000000e+00 0.000000e+00 0.000000e+00
8.032942e+00 0.000000e+00 0.000000e+00 0.000000e+00 0.000000e+00
8.084942e+00 0.000000e+00 0.000000e+00 0.000000e+00 0.000000e+00
8.136942e+00 0.000000e+00 0.000000e+00 0.000000e+00 0.000000e+00
8.188942e+00 0.000000e+00 0.000000e+00 0.000000e+00 0.000000e+00
8.240942e+00 0.000000e+00 0.000000e+00 0.000000e+00 0.000000e+00
8.292942e+00 0.000000e+00 0.000000e+00 0.000000e+00 0.000000e+00
8.344942e+00 0.000000e+00 0.000000e+00 0.000000e+00 0.000000e+00
8.396942e+00 0.000000e+00 0.000000e+00 0.000000e+00 0.000000e+00
8.448942e+00 0.000000e+00 0.000000e+00 0.000000e+00 0.000000e+00
8.500942e+00 0.000000e+00 0.000000e+00 0.000000e+00 0.000000e+00
8.552942e+00 0.000000e+00 0.000000e+00 0.000000e+00 0.000000e+00
8.604942e+00 0.000000e+00 0.000000e+00 0.000000e+00 0.000000e+00
8.656942e+00 0.000000e+00 0.000000e+00 0.000000e+00 0.000000e+00
8.708942e+00 0.000000e+00 0.000000e+00 0.000000e+00 0.000000e+00
8.760942e+00 0.000000e+00 0.000000e+00 0.000000e+00 0.000000e+00
8.812942e+00 0.000000e+00 0.000000e+00 0.000000e+00 0.000000e+00
8.864942e+00 0.000000e+00 0.000000e+00 0.000000e+00 0.000000e+00
8.916942e+00 0.000000e+00 0.000000e+00 0.000000e+00 0.000000e+00
8.968942e+00 0.000000e+00 0.000000e+00 0.000000e+00 0.000000e+00
9.020942e+00 0.000000e+00 0.000000e+00 0.000000e+00 0.000000e+00
9.072942e+00 0.000000e+00 0.000000e+00 0.000000e+00 0.000000e+00
9.124942e+00 0.000000e+00 0.000000e+00 0.000000e+00 0.000000e+00
9.176942e+00 0.000000e+00 0.000000e+00 0.000000e+00 0.000000e+00
9.228942e+00 0.000000e+00 0.000000e+00 0.000000e+00 0.000000e+00
9.280942e+00 0.000000e+00 0.000000e+00 0.000000e+00 0.000000e+00
9.332942e+00 0.000000e+00 0.000000e+00 0.000000e+00 0.000000e+00
9.384942e+00 0.000000e+00 0.000000e+00 0.000000e+00 0.000000e+00
9.436942e+00 0.000000e+00 0.000000e+00 0.000000e+00 0.000000e+00
9.488942e+00 0.000000e+00 0.000000e+00 0.000000e+00 0.000000e+00
9.540942e+00 0.000000e+00 0.000000e+00 0.000000e+00 0.000000e+00
9.592942e+00 0.000000e+00 0.000000e+00 0.000000e+00 0.000000e+00
9.644942e+00 0.000000e+00 0.000000e+00 0.000000e+00 0.000000e+00
9.696942e+00 0.000000e+00 0.000000e+00 0.000000e+00 0.000000e+00
9.748942e+00 0.000000e+00 0.000000e+00 0.000000e+00 0.000000e+00
9.800942e+00 0.000000e+00 0.000000e+00 0.000000e+00 0.000000e+00
9.852942e+00 0.000000e+00 0.000000e+00 0.000000e+00 0.000000e+00
9.904942e+00 0.000000e+00 0.000000e+00 0.000000e+00 0.000000e+00
9.956942e+00 0.000000e+00 0.000000e+00 0.000000e+00 0.000000e+00
1.000894e+01 2.542654e-14 1.940928e-14 4.930675e-14 7.563599e-15
1.006094e+01 3.022031e-13 2.393255e-13 5.661796e-13 1.011042e-13
1.011294e+01 1.871545e-12 1.514915e-12 3.443571e-12 6.561471e-13
1.016494e+01 8.814268e-12 7.208931e-12 1.610141e-11 3.132460e-12
1.021694e+01 3.842709e-11 3.174881e-11 6.976611e-11 1.376634e-11
1.026894e+01 1.512919e-10 1.260985e-10 2.733108e-10 5.446651e-11
1.032094e+01 5.524162e-10 4.631794e-10 9.943176e-10 1.997517e-10
1.037294e+01 1.894199e-09 1.597192e-09 3.397606e-09 6.877999e-10
1.042494e+01 6.114196e-09 5.186315e-09 1.092760e-08 2.228675e-09
1.047694e+01 1.858593e-08 1.586473e-08 3.309468e-08 6.798380e-09
1.052894e+01 5.322714e-08 4.573504e-08 9.441666e-08 1.952972e-08
1.058094e+01 1.436646e-07 1.242988e-07 2.538420e-07 5.285296e-08
1.063294e+01 3.656544e-07 3.185897e-07 6.434594e-07 1.349142e-07
1.068494e+01 8.777595e-07 7.704892e-07 1.538152e-06 3.246374e-07
1.073694e+01 1.987903e-06 1.758104e-06 3.468591e-06 7.370132e-07
1.078894e+01 4.249142e-06 3.786409e-06 7.381046e-06 1.579972e-06
1.084094e+01 8.575641e-06 7.698853e-06 1.482606e-05 3.202011e-06
1.089294e+01 1.635048e-05 1.478398e-05 2.812137e-05 6.146101e-06
1.094494e+01 2.947618e-05 2.682716e-05 5.039423e-05 1.120716e-05
1.099694e+01 5.031842e-05 4.605042e-05 8.539560e-05 1.950923e-05
1.104894e+01 8.154311e-05 7.492119e-05 1.370393e-04 3.266880e-05
1.110094e+01 1.259707e-04 1.159245e-04 2.087894e-04 5.319806e-05
1.115294e+01 1.867508e-04 1.715782e-04 3.032772e-04 8.539700e-05
1.120494e+01 2.683005e-04 2.451535e-04 4.227487e-04 1.369993e-04
1.125694e+01 3.783618e-04 3.425701e-04 5.708888e-04 2.216265e-04
1.130894e+01 5.310324e-04 4.755552e-04 7.560080e-04 3.615340e-04
1.136094e+01 7.496650e-04 6.652679e-04 9.944901e-04 5.892369e-04
1.141294e+01 1.067448e-03 9.443919e-04 1.312191e-03 9.457609e-04
1.146494e+01 1.523024e-03 1.354840e-03 1.741006e-03 1.473227e-03
1.151694e+01 2.149552e-03 1.938637e-03 2.308980e-03 2.201039e-03
1.156894e+01 2.958533e-03 2.721957e-03 3.025395e-03 3.128247e-03
1.162094e+01 3.923612e-03 3.696292e-03 3.866063e-03 4.208482e-03
1.167294e+01 4.972272e-03 4.804538e-03 4.766423e-03 5.345856e-03
1.172494e+01 5.992334e-03 5.940569e-03 5.628529e-03 6.407904e-03
1.177694e+01 6.854704e-03 6.966864e-03 6.342404e-03 7.254845e-03
1.182894e+01 7.445861e-03 7.746792e-03 6.814833e-03 7.775957e-03
1.188094e+01 7.697662e-03 8.180270e-03 6.993946e-03 7.918771e-03
1.193294e+01 7.602278e-03 8.228582e-03 6.879301e-03 7.698949e-03
1.198494e+01 7.206897e-03 7.918756e-03 6.514306e-03 7.187631e-03
1.203694e+01 6.592604e-03 7.327577e-03 5.966535e-03 6.483702e-03
1.208894e+01 5.848483e-03 6.554474e-03 5.306461e-03 5.684514e-03
1.214094e+01 5.052057e-03 5.695748e-03 4.593645e-03 4.866779e-03
1.219294e+01 4.261335e-03 4.828977e-03 3.873271e-03 4.081755e-03
1.224494e+01 3.516559e-03 4.009151e-03 3.179691e-03 3.360836e-03
1.229694e+01 2.845762e-03 3.272278e-03 2.541075e-03 2.723933e-03
1.234894e+01 2.268798e-03 2.640671e-03 1.981054e-03 2.184669e-03
1.240094e+01 1.798029e-03 2.126277e-03 1.516970e-03 1.750840e-03
1.245294e+01 1.437048e-03 1.731703e-03 1.157062e-03 1.422380e-03
1.250494e+01 1.179945e-03 1.450466e-03 8.992847e-04 1.190086e-03
1.255694e+01 1.012656e-03 1.268059e-03 7.328804e-04 1.037029e-03
1.260894e+01 9.162509e-04 1.164331e-03 6.420227e-04 9.423988e-04
1.266094e+01 8.709103e-04 1.116690e-03 6.099356e-04 8.861055e-04
1.271294e+01 8.592253e-04 1.103272e-03 6.220595e-04 8.523442e-04
1.276494e+01 8.680586e-04 1.105437e-03 6.676171e-04 8.311219e-04
1.281694e+01 8.889261e-04 1.109285e-03 7.396701e-04 8.178228e-04
1.286894e+01 9.173297e-04 1.106244e-03 8.341401e-04 8.116052e-04
1.292094e+01 9.516158e-04 1.092906e-03 9.483379e-04 8.136036e-04
1.297294e+01 9.918538e-04 1.070417e-03 1.079484e-03 8.256611e-04
1.302494e+01 1.039080e-03 1.043689e-03 1.223660e-03 8.498908e-04
1.307694e+01 1.095088e-03 1.020684e-03 1.375591e-03 8.889907e-04
1.312894e+01 1.162786e-03 1.011858e-03 1.529492e-03 9.470091e-04
1.318094e+01 1.246928e-03 1.029734e-03 1.680878e-03 1.030173e-03
1.323294e+01 1.354866e-03 1.088462e-03 1.828741e-03 1.147396e-03
1.328494e+01 1.496841e-03 1.203216e-03 1.977162e-03 1.310145e-03
1.333694e+01 1.685368e-03 1.389253e-03 2.135409e-03 1.531442e-03
1.338894e+01 1.933475e-03 1.660413e-03 2.316116e-03 1.823895e-03
1.344094e+01 2.251839e-03 2.026819e-03 2.531903e-03 2.196794e-03
1.349294e+01 2.645190e-03 2.491582e-03 2.791497e-03 2.652490e-03
1.354494e+01 3.108670e-03 3.046798e-03 3.096610e-03 3.182601e-03
1.359694e+01 3.625102e-03 3.669864e-03 3.440437e-03 3.765004e-03
1.364894e+01 4.164272e-03 4.321877e-03 3.807948e-03 4.362991e-03
1.370094e+01 4.685198e-03 4.949994e-03 4.177627e-03 4.927973e-03
1.375294e+01 5.141721e-03 5.494664e-03 4.524137e-03 5.406362e-03
1.380494e+01 5.490702e-03 5.900753e-03 4.821576e-03 5.749775e-03
1.385694e+01 5.700888e-03 6.129557e-03 5.047123e-03 5.925983e-03
1.390894e+01 5.759810e-03 6.167721e-03 5.184685e-03 5.927024e-03
1.396094e+01 5.676298e-03 6.029809e-03 5.227779e-03 5.771305e-03
1.401294e+01 5.477552e-03 5.753521e-03 5.180604e-03 5.498530e-03
1.406494e+01 5.201604e-03 5.389274e-03 5.056605e-03 5.158934e-03
1.411694e+01 4.887675e-03 4.987792e-03 4.874704e-03 4.800528e-03
1.416894e+01 4.567583e-03 4.589673e-03 4.654431e-03 4.458645e-03
1.422094e+01 4.260789e-03 4.219715e-03 4.411723e-03 4.150930e-03
1.427294e+01 3.974048e-03 3.886712e-03 4.156823e-03 3.878608e-03
1.432494e+01 3.704914e-03 3.587569e-03 3.894731e-03 3.632441e-03
1.437694e+01 3.447083e-03 3.313408e-03 3.627505e-03 3.400335e-03
1.442894e+01 3.195279e-03 3.055285e-03 3.357059e-03 3.173492e-03
1.448094e+01 2.948062e-03 2.807828e-03 3.087166e-03 2.949192e-03
1.453294e+01 2.708065e-03 2.570242e-03 2.823934e-03 2.730017e-03
1.458494e+01 2.480258e-03 2.345152e-03 2.574815e-03 2.520807e-03
1.463694e+01 2.269451e-03 2.136339e-03 2.346742e-03 2.325274e-03
1.468894e+01 2.078214e-03 1.946546e-03 2.144219e-03 2.143878e-03
1.474094e+01 1.905977e-03 1.776190e-03 1.968078e-03 1.973665e-03
1.479294e+01 1.749428e-03 1.623256e-03 1.815287e-03 1.809741e-03
1.484494e+01 1.603823e-03 1.484173e-03 1.679841e-03 1.647454e-03
1.489694e+01 1.464615e-03 1.355133e-03 1.554431e-03 1.484280e-03
1.494894e+01 1.328809e-03 1.233308e-03 1.432386e-03 1.320733e-03
1.500094e+01 1.195689e-03 1.117562e-03 1.309334e-03 1.160171e-03
1.505294e+01 1.066819e-03 1.008541e-03 1.184146e-03 1.007770e-03
1.510494e+01 9.454530e-04 9.082459e-04 1.058953e-03 8.691606e-04
1.515694e+01 8.356042e-04 8.193019e-04 9.383179e-04 7.491929e-04
1.520894e+01 7.410610e-04 7.441527e-04 8.279024e-04 6.511280e-04
1.526094e+01 6.645880e-04 6.843836e-04 7.330439e-04 5.763366e-04
1.531294e+01 6.074687e-04 6.403224e-04 6.576483e-04 5.244353e-04
1.536494e+01 5.694444e-04 6.110095e-04 6.036106e-04 4.937130e-04
1.541694e+01 5.489992e-04 5.945291e-04 5.707838e-04 4.816849e-04
1.546894e+01 5.438518e-04 5.885727e-04 5.573558e-04 4.856269e-04
1.552094e+01 5.514636e-04 5.910134e-04 5.604195e-04 5.029580e-04
1.557294e+01 5.693885e-04 6.002609e-04 5.765346e-04 5.313700e-04
1.562494e+01 5.953686e-04 6.152698e-04 6.021504e-04 5.686856e-04
1.567694e+01 6.272086e-04 6.352352e-04 6.338520e-04 6.125385e-04
1.572894e+01 6.625710e-04 6.591577e-04 6.684774e-04 6.600780e-04
1.578094e+01 6.988770e-04 6.855127e-04 7.031933e-04 7.079249e-04
1.583294e+01 7.334363e-04 7.122022e-04 7.356062e-04 7.525007e-04
1.588494e+01 7.637995e-04 7.368267e-04 7.639181e-04 7.906536e-04
1.593694e+01 7.881851e-04 7.571669e-04 7.870692e-04 8.203192e-04
1.598894e+01 8.057772e-04 7.716718e-04 8.047684e-04 8.408913e-04
1.604094e+01 8.167365e-04 7.797577e-04 8.173466e-04 8.531053e-04
1.609294e+01 8.219150e-04 7.818129e-04 8.254508e-04 8.584813e-04
1.614494e+01 8.224130e-04 7.789374e-04 8.296925e-04 8.586090e-04
1.619694e+01 8.191977e-04 7.725481e-04 8.304103e-04 8.546346e-04
1.624894e+01 8.129531e-04 7.640129e-04 8.276657e-04 8.471805e-04
1.630094e+01 8.041909e-04 7.544258e-04 8.214721e-04 8.366747e-04
1.635294e+01 7.934982e-04 7.445438e-04 8.121226e-04 8.238282e-04
1.640494e+01 7.817243e-04 7.348309e-04 8.004100e-04 8.099318e-04
1.645694e+01 7.699604e-04 7.255353e-04 7.875836e-04 7.967624e-04
1.650894e+01 7.593129e-04 7.167638e-04 7.750401e-04 7.861346e-04
1.656094e+01 7.506147e-04 7.085756e-04 7.639247e-04 7.793439e-04
1.661294e+01 7.442840e-04 7.011440e-04 7.548948e-04 7.768133e-04
1.666494e+01 7.404579e-04 6.950066e-04 7.482210e-04 7.781461e-04
1.671694e+01 7.393626e-04 6.913357e-04 7.441925e-04 7.825594e-04
1.676894e+01 7.417089e-04 6.920777e-04 7.435787e-04 7.894703e-04
1.682094e+01 7.488378e-04 6.997791e-04 7.478153e-04 7.989191e-04
1.687294e+01 7.624363e-04 7.169985e-04 7.587042e-04 8.116063e-04
1.692494e+01 7.838568e-04 7.453824e-04 7.776719e-04 8.285162e-04
1.697694e+01 8.132983e-04 7.846921e-04 8.048959e-04 8.503070e-04
1.702894e+01 8.492241e-04 8.322044e-04 8.387179e-04 8.767499e-04
1.708094e+01 8.883421e-04 8.828784e-04 8.756732e-04 9.064748e-04
1.713294e+01 9.262835e-04 9.304595e-04 9.112275e-04 9.371636e-04
1.718494e+01 9.588654e-04 9.693440e-04 9.410525e-04 9.661997e-04
1.723694e+01 9.836068e-04 9.966875e-04 9.624788e-04 9.916540e-04
1.728894e+01 1.001049e-03 1.014062e-03 9.756997e-04 1.013385e-03
1.734094e+01 1.015445e-03 1.028040e-03 9.843531e-04 1.033943e-03
1.739294e+01 1.034545e-03 1.049407e-03 9.952646e-04 1.058962e-03
1.744494e+01 1.068425e-03 1.091120e-03 1.017365e-03 1.096789e-03
1.749694e+01 1.127607e-03 1.165510e-03 1.060025e-03 1.157286e-03
1.754894e+01 1.220857e-03 1.281397e-03 1.131222e-03 1.249952e-03
1.760094e+01 1.353143e-03 1.441797e-03 1.235958e-03 1.381673e-03
1.765294e+01 1.524158e-03 1.642683e-03 1.375258e-03 1.554533e-03
1.770494e+01 1.727706e-03 1.873093e-03 1.545857e-03 1.764167e-03
1.775694e+01 1.952056e-03 2.116512e-03 1.740516e-03 1.999140e-03
1.780894e+01 2.181204e-03 2.353223e-03 1.948733e-03 2.241654e-03
1.786094e+01 2.396770e-03 2.563038e-03 2.157627e-03 2.469644e-03
1.791294e+01 2.580182e-03 2.727799e-03 2.352813e-03 2.659935e-03
1.796494e+01 2.714800e-03 2.833227e-03 2.519299e-03 2.791874e-03
1.801694e+01 2.787802e-03 2.870085e-03 2.642619e-03 2.850704e-03
1.806894e+01 2.791807e-03 2.834901e-03 2.710440e-03 2.830082e-03
1.812094e+01 2.726191e-03 2.730585e-03 2.714712e-03 2.733276e-03
1.817294e+01 2.597877e-03 2.566876e-03 2.653929e-03 2.572827e-03
1.822494e+01 2.421158e-03 2.360180e-03 2.534667e-03 2.368627e-03
1.827694e+01 2.216090e-03 2.132149e-03 2.371465e-03 2.144657e-03
1.832894e+01 2.005387e-03 1.906664e-03 2.184583e-03 1.924915e-03
1.838094e+01 1.810350e-03 1.705657e-03 1.996005e-03 1.729390e-03
1.843294e+01 1.646934e-03 1.544902e-03 1.824895e-03 1.571004e-03
1.848494e+01 1.523163e-03 1.431215e-03 1.683993e-03 1.454280e-03
1.853694e+01 1.438686e-03 1.362049e-03 1.578051e-03 1.375960e-03
1.858894e+01 1.386450e-03 1.327555e-03 1.504548e-03 1.327247e-03
1.864094e+01 1.355734e-03 1.314287e-03 1.456052e-03 1.296865e-03
1.869294e+01 1.335441e-03 1.309157e-03 1.423162e-03 1.274003e-03
1.874494e+01 1.316647e-03 1.302415e-03 1.397083e-03 1.250443e-03
1.879694e+01 1.293903e-03 1.288936e-03 1.371263e-03 1.221511e-03
1.884894e+01 1.265282e-03 1.267866e-03 1.342009e-03 1.185971e-03
1.890094e+01 1.231530e-03 1.241154e-03 1.308264e-03 1.145172e-03
1.895294e+01 1.194824e-03 1.211752e-03 1.270833e-03 1.101888e-03
1.900494e+01 1.157575e-03 1.182122e-03 1.231393e-03 1.059211e-03
1.905694e+01 1.121580e-03 1.153422e-03 1.191598e-03 1.019720e-03
1.910894e+01 1.087652e-03 1.125420e-03 1.152516e-03 9.850215e-04
1.916094e+01 1.055701e-03 1.096948e-03 1.114494e-03 9.556617e-04
1.921294e+01 1.025097e-03 1.066611e-03 1.077386e-03 9.312932e-04
1.926494e+01 9.951131e-04 1.033452e-03 1.040908e-03 9.109785e-04
1.931694e+01 9.652593e-04 9.973605e-04 1.004918e-03 8.934996e-04
1.936894e+01 9.354260e-04 9.591572e-04 9.695133e-04 8.776073e-04
1.942094e+01 9.058752e-04 9.204139e-04 9.350095e-04 8.622022e-04
1.947294e+01 8.771729e-04 8.831225e-04 9.019085e-04 8.464878e-04
1.952494e+01 8.501437e-04 8.493537e-04 8.709454e-04 8.301319e-04
1.957694e+01 8.258617e-04 8.209716e-04 8.431834e-04 8.134302e-04
1.962894e+01 8.056245e-04 7.994131e-04 8.200498e-04 7.974108e-04
1.968094e+01 7.908392e-04 7.855103e-04 8.032085e-04 7.837988e-04
1.973294e+01 7.828003e-04 7.793633e-04 7.942507e-04 7.747869e-04
1.978494e+01 7.824159e-04 7.803236e-04 7.942905e-04 7.726338e-04
1.983694e+01 7.899905e-04 7.871717e-04 8.036181e-04 7.791818e-04
1.988894e+01 8.051663e-04 7.985234e-04 8.215503e-04 7.954253e-04
1.994094e+01 8.270552e-04 8.133858e-04 8.465386e-04 8.212413e-04
1.999294e+01 8.545103e-04 8.316740e-04 8.765093e-04 8.553475e-04
2.004494e+01 8.864367e-04 8.544623e-04 9.093441e-04 8.955036e-04
2.009694e+01 9.220505e-04 8.838231e-04 9.433941e-04 9.389344e-04
2.014894e+01 9.610349e-04 9.222546e-04 9.779255e-04 9.829247e-04
2.020094e+01 1.003573e-03 9.718310e-04 1.013399e-03 1.025490e-03
2.025294e+01 1.050239e-03 1.033273e-03 1.051477e-03 1.065966e-03
2.030494e+01 1.101706e-03 1.105135e-03 1.094677e-03 1.105305e-03
2.035694e+01 1.158269e-03 1.183291e-03 1.145635e-03 1.145880e-03
2.040894e+01 1.219246e-03 1.260938e-03 1.206089e-03 1.190712e-03
2.046094e+01 1.282457e-03 1.329308e-03 1.275851e-03 1.242211e-03
2.051294e+01 1.344041e-03 1.379187e-03 1.352119e-03 1.300816e-03
2.056494e+01 1.398854e-03 1.403044e-03 1.429490e-03 1.364029e-03
2.061694e+01 1.441479e-03 1.397234e-03 1.500823e-03 1.426379e-03
2.066894e+01 1.467626e-03 1.363487e-03 1.558845e-03 1.480545e-03
2.072094e+01 1.475497e-03 1.309051e-03 1.598031e-03 1.519409e-03
2.077294e+01 1.466578e-03 1.245248e-03 1.616129e-03 1.538357e-03
2.082494e+01 1.445497e-03 1.184853e-03 1.614762e-03 1.536877e-03
2.087694e+01 1.418928e-03 1.139161e-03 1.598851e-03 1.518770e-03
2.092894e+01 1.393868e-03 1.115702e-03 1.575072e-03 1.490829e-03
2.098094e+01 1.375904e-03 1.117260e-03 1.549924e-03 1.460528e-03
2.103294e+01 1.368049e-03 1.142300e-03 1.528125e-03 1.433720e-03
2.108494e+01 1.370493e-03 1.186392e-03 1.511822e-03 1.413266e-03
2.113694e+01 1.381224e-03 1.243907e-03 1.500737e-03 1.399028e-03
2.118894e+01 1.397128e-03 1.309336e-03 1.493010e-03 1.389039e-03
2.124094e+01 1.415090e-03 1.377827e-03 1.486307e-03 1.381136e-03
2.129294e+01 1.432685e-03 1.444998e-03 1.478776e-03 1.374281e-03
2.134494e+01 1.448332e-03 1.506394e-03 1.469579e-03 1.369023e-03
2.139694e+01 1.461016e-03 1.557118e-03 1.458913e-03 1.367018e-03
2.144894e+01 1.469851e-03 1.592009e-03 1.447597e-03 1.369945e-03
2.150094e+01 1.473737e-03 1.606447e-03 1.436423e-03 1.378342e-03
2.155294e+01 1.471296e-03 1.597471e-03 1.425544e-03 1.390874e-03
2.160494e+01 1.461054e-03 1.564720e-03 1.414135e-03 1.404308e-03
2.165694e+01 1.441792e-03 1.510748e-03 1.400465e-03 1.414164e-03
2.170894e+01 1.412895e-03 1.440567e-03 1.382345e-03 1.415773e-03
2.176094e+01 1.374588e-03 1.360615e-03 1.357775e-03 1.405373e-03
2.181294e+01 1.328001e-03 1.277537e-03 1.325568e-03 1.380898e-03
2.186494e+01 1.275071e-03 1.197178e-03 1.285726e-03 1.342310e-03
2.191694e+01 1.218313e-03 1.123994e-03 1.239482e-03 1.291464e-03
2.196894e+01 1.160513e-03 1.060863e-03 1.189020e-03 1.231656e-03
2.202094e+01 1.104389e-03 1.009171e-03 1.136980e-03 1.167016e-03
2.207294e+01 1.052294e-03 9.690444e-04 1.085941e-03 1.101896e-03
2.212494e+01 1.006012e-03 9.396696e-04 1.038009e-03 1.040357e-03
2.217694e+01 9.666954e-04 9.196829e-04 9.946211e-04 9.857821e-04
2.222894e+01 9.349299e-04 9.075885e-04 9.565623e-04 9.406388e-04
2.228094e+01 9.108602e-04 9.020978e-04 9.241140e-04 9.063689e-04
2.233294e+01 8.942811e-04 9.022415e-04 8.972283e-04 8.833735e-04
2.238494e+01 8.846219e-04 9.071592e-04 8.756377e-04 8.710687e-04
2.243694e+01 8.808245e-04 9.156084e-04 8.588762e-04 8.679888e-04
2.248894e+01 8.811942e-04 9.254127e-04 8.462419e-04 8.719280e-04
2.254094e+01 8.833498e-04 9.331728e-04 8.367595e-04 8.801172e-04
2.259294e+01 8.843803e-04 9.345184e-04 8.291855e-04 8.894369e-04
2.264494e+01 8.812369e-04 9.249652e-04 8.220748e-04 8.966709e-04
2.269694e+01 8.712855e-04 9.011503e-04 8.138999e-04 8.988065e-04
2.274894e+01 8.528647e-04 8.619943e-04 8.032164e-04 8.933832e-04
2.280094e+01 8.256821e-04 8.093150e-04 7.888682e-04 8.788632e-04
2.285294e+01 7.909309e-04 7.476248e-04 7.702176e-04 8.549503e-04
2.290494e+01 7.510975e-04 6.831800e-04 7.473612e-04 8.227512e-04
2.295694e+01 7.095242e-04 6.226431e-04 7.212578e-04 7.846717e-04
2.300894e+01 6.698415e-04 5.718207e-04 6.936908e-04 7.440131e-04
2.306094e+01 6.353948e-04 5.348287e-04 6.670156e-04 7.043400e-04
2.311294e+01 6.087662e-04 5.137852e-04 6.437184e-04 6.687950e-04
2.316494e+01 5.914572e-04 5.089084e-04 6.258956e-04 6.395674e-04
2.321694e+01 5.837621e-04 5.187946e-04 6.148194e-04 6.176723e-04
2.326894e+01 5.848376e-04 5.407038e-04 6.107404e-04 6.030687e-04
2.332094e+01 5.929429e-04 5.708153e-04 6.129959e-04 5.950176e-04
2.337294e+01 6.057984e-04 6.045285e-04 6.203626e-04 5.925042e-04
2.342494e+01 6.209844e-04 6.369088e-04 6.314871e-04 5.945572e-04
2.347694e+01 6.362910e-04 6.633011e-04 6.451953e-04 6.003766e-04
2.352894e+01 6.499466e-04 6.800129e-04 6.605501e-04 6.092768e-04
2.358094e+01 6.606906e-04 6.848842e-04 6.766597e-04 6.205277e-04
2.363294e+01 6.677146e-04 6.775661e-04 6.923817e-04 6.331959e-04
2.368494e+01 6.705403e-04 6.594232e-04 7.061251e-04 6.460725e-04
2.373694e+01 6.689188e-04 6.331116e-04 7.159166e-04 6.577283e-04
2.378894e+01 6.628139e-04 6.019884e-04 7.197638e-04 6.666894e-04
2.384094e+01 6.524744e-04 5.695348e-04 7.161969e-04 6.716915e-04
2.389294e+01 6.385455e-04 5.389242e-04 7.047724e-04 6.719399e-04
2.394494e+01 6.221332e-04 5.127791e-04 6.863245e-04 6.672959e-04
2.399694e+01 6.047546e-04 4.930838e-04 6.628560e-04 6.583240e-04
2.404894e+01 5.881568e-04 4.811910e-04 6.371084e-04 6.461711e-04
2.410094e+01 5.740526e-04 4.778638e-04 6.119816e-04 6.323123e-04
2.415294e+01 5.638617e-04 4.833256e-04 5.900150e-04 6.182444e-04
2.420494e+01 5.585417e-04 4.973051e-04 5.730811e-04 6.052390e-04
2.425694e+01 5.585474e-04 5.190739e-04 5.623285e-04 5.942398e-04
2.430894e+01 5.638989e-04 5.474747e-04 5.582973e-04 5.859248e-04
2.436094e+01 5.742993e-04 5.809450e-04 5.610800e-04 5.808729e-04
2.441294e+01 5.892313e-04 6.175453e-04 5.704278e-04 5.797209e-04
2.446494e+01 6.079901e-04 6.550133e-04 5.857630e-04 5.831940e-04
2.451694e+01 6.296432e-04 6.908614e-04 6.061221e-04 5.919460e-04
2.456894e+01 6.529501e-04 7.225304e-04 6.300800e-04 6.062400e-04
2.462094e+01 6.762976e-04 7.475964e-04 6.557105e-04 6.255860e-04
2.467294e+01 6.977160e-04 7.640170e-04 6.806313e-04 6.484998e-04
2.472494e+01 7.150317e-04 7.703870e-04 7.021796e-04 6.725286e-04
2.477694e+01 7.261674e-04 7.661618e-04 7.177431e-04 6.945972e-04
2.482894e+01 7.295432e-04 7.517976e-04 7.252209e-04 7.116113e-04
2.488094e+01 7.244692e-04 7.287618e-04 7.235013e-04 7.211445e-04
2.493294e+01 7.113931e-04 6.993880e-04 7.127923e-04 7.219989e-04
2.498494e+01 6.919009e-04 6.665874e-04 6.946456e-04 7.144696e-04
2.503694e+01 6.684489e-04 6.334780e-04 6.716265e-04 7.002423e-04
2.508894e+01 6.439089e-04 6.030270e-04 6.467301e-04 6.819696e-04
2.514094e+01 6.210769e-04 5.778103e-04 6.227594e-04 6.626609e-04
2.519294e+01 6.023044e-04 5.599570e-04 6.018905e-04 6.450658e-04
2.524494e+01 5.893552e-04 5.512824e-04 5.855553e-04 6.312279e-04
2.529694e+01 5.834911e-04 5.535159e-04 5.746276e-04 6.223298e-04
2.534894e+01 5.856988e-04 5.684609e-04 5.697825e-04 6.188531e-04
2.540094e+01 5.969062e-04 5.978987e-04 5.718611e-04 6.209588e-04
2.545294e+01 6.180383e-04 6.431181e-04 5.820992e-04 6.288975e-04
2.550494e+01 6.498344e-04 7.041132e-04 6.021392e-04 6.432507e-04
2.555694e+01 6.924644e-04 7.787036e-04 6.338065e-04 6.648831e-04
2.560894e+01 7.450994e-04 8.619869e-04 6.786796e-04 6.946318e-04
2.566094e+01 8.056485e-04 9.465320e-04 7.375361e-04 7.328773e-04
2.571294e+01 8.708265e-04 1.023493e-03 8.098026e-04 7.791835e-04
2.576494e+01 9.365812e-04 1.084439e-03 8.931747e-04 8.321296e-04
2.581694e+01 9.987429e-04 1.123316e-03 9.835547e-04 8.893582e-04
2.586894e+01 1.053666e-03 1.137825e-03 1.075382e-03 9.477900e-04
2.592094e+01 1.098655e-03 1.129707e-03 1.162316e-03 1.003943e-03
2.597294e+01 1.132098e-03 1.103857e-03 1.238109e-03 1.054327e-03
2.602494e+01 1.153363e-03 1.066724e-03 1.297481e-03 1.095885e-03
2.607694e+01 1.162625e-03 1.024628e-03 1.336803e-03 1.126446e-03
2.612894e+01 1.160715e-03 9.825935e-04 1.354475e-03 1.145075e-03
2.618094e+01 1.149040e-03 9.439065e-04 1.350997e-03 1.152217e-03
2.623294e+01 1.129511e-03 9.102635e-04 1.328732e-03 1.149536e-03
2.628494e+01 1.104380e-03 8.821855e-04 1.291457e-03 1.139498e-03
2.633694e+01 1.075987e-03 8.593892e-04 1.243775e-03 1.124797e-03
2.638894e+01 1.046431e-03 8.410014e-04 1.190476e-03 1.107815e-03
2.644094e+01 1.017300e-03 8.256811e-04 1.135949e-03 1.090271e-03
2.649294e+01 9.895445e-04 8.117976e-04 1.083702e-03 1.073134e-03
2.654494e+01 9.635253e-04 7.977529e-04 1.036063e-03 1.056759e-03
2.659694e+01 9.392104e-04 7.824051e-04 9.940887e-04 1.041137e-03
2.664894e+01 9.164113e-04 7.654388e-04 9.576907e-04 1.026104e-03
2.670094e+01 8.949786e-04 7.475103e-04 9.259832e-04 1.011442e-03
2.675294e+01 8.749050e-04 7.300832e-04 8.977706e-04 9.968612e-04
2.680494e+01 8.563439e-04 7.150070e-04 8.720656e-04 9.819592e-04
2.685694e+01 8.395779e-04 7.039973e-04 8.484828e-04 9.662535e-04
2.690894e+01 8.249707e-04 6.982021e-04 8.273825e-04 9.493273e-04
2.696094e+01 8.129128e-04 6.979703e-04 8.097252e-04 9.310430e-04
2.701294e+01 8.037491e-04 7.028456e-04 7.967027e-04 9.116989e-04
2.706494e+01 7.976792e-04 7.117278e-04 7.892908e-04 8.920191e-04
2.711694e+01 7.946459e-04 7.231191e-04 7.878812e-04 8.729373e-04
2.716894e+01 7.942465e-04 7.353896e-04 7.921023e-04 8.552476e-04
2.722094e+01 7.957170e-04 7.470236e-04 8.008592e-04 8.392682e-04
2.727294e+01 7.980186e-04 7.568260e-04 8.125590e-04 8.246708e-04
2.732494e+01 8.000239e-04 7.640685e-04 8.254460e-04 8.105572e-04
2.737694e+01 8.007614e-04 7.685555e-04 8.379647e-04 7.957641e-04
2.742894e+01 7.996512e-04 7.705954e-04 8.490715e-04 7.792866e-04
2.748094e+01 7.966590e-04 7.708796e-04 8.584243e-04 7.606732e-04
2.753294e+01 7.923193e-04 7.702957e-04 8.663962e-04 7.402659e-04
2.758494e+01 7.876097e-04 7.697122e-04 8.738933e-04 7.192235e-04
2.763694e+01 7.837086e-04 7.697838e-04 8.820138e-04 6.993283e-04
2.768894e+01 7.816970e-04 7.708196e-04 8.916414e-04 6.826300e-04
2.774094e+01 7.822842e-04 7.727485e-04 9.031016e-04 6.710025e-04
2.779294e+01 7.856307e-04 7.751908e-04 9.159986e-04 6.657028e-04
2.784494e+01 7.913106e-04 7.776213e-04 9.292825e-04 6.670279e-04
2.789694e+01 7.984192e-04 7.795785e-04 9.415138e-04 6.741653e-04
2.794894e+01 8.057936e-04 7.808559e-04 9.512188e-04 6.853059e-04
2.800094e+01 8.122795e-04 7.816093e-04 9.572050e-04 6.980243e-04
2.805294e+01 8.169727e-04 7.823360e-04 9.587418e-04 7.098402e-04
2.810494e+01 8.193667e-04 7.837225e-04 9.555799e-04 7.187979e-04
2.815694e+01 8.193781e-04 7.864068e-04 9.478492e-04 7.238784e-04
2.820894e+01 8.172577e-04 7.907389e-04 9.359155e-04 7.251185e-04
2.826094e+01 8.134383e-04 7.966304e-04 9.202646e-04 7.234197e-04
2.831294e+01 8.083821e-04 8.035527e-04 9.014471e-04 7.201463e-04
2.836494e+01 8.024735e-04 8.106847e-04 8.800677e-04 7.166681e-04
2.841694e+01 7.959740e-04 8.171494e-04 8.567803e-04 7.139922e-04
2.846894e+01 7.890217e-04 8.222473e-04 8.322538e-04 7.125641e-04
2.852094e+01 7.816524e-04 8.256047e-04 8.071041e-04 7.122484e-04
2.857294e+01 7.738237e-04 8.271964e-04 7.818202e-04 7.124547e-04
2.862494e+01 7.654479e-04 8.272595e-04 7.567241e-04 7.123600e-04
2.867694e+01 7.564448e-04 8.261573e-04 7.319998e-04 7.111774e-04
2.872894e+01 7.468217e-04 8.242598e-04 7.077909e-04 7.084146e-04
2.878094e+01 7.367622e-04 8.218897e-04 6.843346e-04 7.040621e-04
2.883294e+01 7.266900e-04 8.193383e-04 6.620763e-04 6.986555e-04
2.888494e+01 7.172699e-04 8.169162e-04 6.417053e-04 6.931882e-04
2.893694e+01 7.093253e-04 8.149924e-04 6.240813e-04 6.889023e-04
2.898894e+01 7.036925e-04 8.139883e-04 6.100627e-04 6.870265e-04
2.904094e+01 7.010538e-04 8.143305e-04 6.002891e-04 6.885419e-04
2.909294e+01 7.018076e-04 8.163896e-04 5.949963e-04 6.940368e-04
2.914494e+01 7.060075e-04 8.204306e-04 5.939326e-04 7.036594e-04
2.919694e+01 7.133777e-04 8.265807e-04 5.964135e-04 7.171390e-04
2.924894e+01 7.233767e-04 8.347985e-04 6.015001e-04 7.338315e-04
2.930094e+01 7.352788e-04 8.448324e-04 6.082458e-04 7.527582e-04
2.935294e+01 7.482488e-04 8.561762e-04 6.159311e-04 7.726392e-04
2.940494e+01 7.614024e-04 8.680489e-04 6.242070e-04 7.919512e-04
2.945694e+01 7.738574e-04 8.794292e-04 6.331012e-04 8.090417e-04
2.950894e+01 7.847827e-04 8.891517e-04 6.428831e-04 8.223132e-04
2.956094e+01 7.934489e-04 8.960484e-04 6.538415e-04 8.304568e-04
2.961294e+01 7.992832e-04 8.991042e-04 6.660602e-04 8.326853e-04
2.966494e+01 8.019303e-04 8.975964e-04 6.792879e-04 8.289067e-04
2.971694e+01 8.013196e-04 8.912074e-04 6.929624e-04 8.197889e-04
2.976894e+01 7.977291e-04 8.801069e-04 7.063845e-04 8.066961e-04
2.982094e+01 7.918238e-04 8.649965e-04 7.189663e-04 7.915086e-04
2.987294e+01 7.846319e-04 8.470967e-04 7.304366e-04 7.763623e-04
2.992494e+01 7.774324e-04 8.280452e-04 7.408966e-04 7.633556e-04
2.997694e+01 7.715500e-04 8.096891e-04 7.506909e-04 7.542699e-04
3.002894e+01 7.680929e-04 7.937889e-04 7.601490e-04 7.503409e-04
3.008094e+01 7.677063e-04 7.816964e-04 7.693208e-04 7.521016e-04
3.013294e+01 7.704170e-04 7.741008e-04 7.778349e-04 7.593154e-04
3.018494e+01 7.756254e-04 7.709246e-04 7.849427e-04 7.710090e-04
3.023694e+01 7.822462e-04 7.714111e-04 7.897189e-04 7.856085e-04
3.028894e+01 7.889528e-04 7.743754e-04 7.913162e-04 8.011668e-04
3.034094e+01 7.944481e-04 7.785380e-04 7.891593e-04 8.156469e-04
3.039294e+01 7.976847e-04 7.828302e-04 7.830136e-04 8.272104e-04
3.044494e+01 7.979897e-04 7.865769e-04 7.729369e-04 8.344552e-04
3.049694e+01 7.950877e-04 7.895128e-04 7.591803e-04 8.365699e-04
3.054894e+01 7.890544e-04 7.916523e-04 7.421148e-04 8.333961e-04
3.060094e+01 7.802429e-04 7.930907e-04 7.222238e-04 8.254142e-04
3.065294e+01 7.692164e-04 7.938301e-04 7.001548e-04 8.136643e-04
3.070494e+01 7.566948e-04 7.937019e-04 6.767785e-04 7.996040e-04
3.075694e+01 7.434992e-04 7.924014e-04 6.531998e-04 7.848964e-04
3.080894e+01 7.304750e-04 7.895998e-04 6.306839e-04 7.711414e-04
3.086094e+01 7.183897e-04 7.850727e-04 6.105023e-04 7.595942e-04
3.091294e+01 7.078252e-04 7.787969e-04 5.937358e-04 7.509428e-04
3.096494e+01 6.991006e-04 7.709965e-04 5.810939e-04 7.452114e-04
3.101694e+01 6.922545e-04 7.621383e-04 5.728034e-04 7.418220e-04
3.106894e+01 6.870916e-04 7.528789e-04 5.685991e-04 7.397969e-04
3.112094e+01 6.832721e-04 7.439612e-04 5.678175e-04 7.380376e-04
3.117294e+01 6.804069e-04 7.360578e-04 5.695620e-04 7.356010e-04
3.122494e+01 6.781249e-04 7.295865e-04 5.728883e-04 7.318998e-04
3.127694e+01 6.760976e-04 7.245577e-04 5.769560e-04 7.267793e-04
3.132894e+01 6.740300e-04 7.205203e-04 5.811065e-04 7.204631e-04
3.138094e+01 6.716358e-04 7.166542e-04 5.848632e-04 7.133901e-04
3.143294e+01 6.686213e-04 7.119923e-04 5.878773e-04 7.059943e-04
3.148494e+01 6.646852e-04 7.056968e-04 5.898632e-04 6.984957e-04
3.153694e+01 6.595358e-04 6.972797e-04 5.905591e-04 6.907688e-04
3.158894e+01 6.529142e-04 6.866803e-04 5.897295e-04 6.823327e-04
3.164094e+01 6.446140e-04 6.741728e-04 5.871969e-04 6.724724e-04
3.169294e+01 6.344935e-04 6.601566e-04 5.828763e-04 6.604477e-04
3.174494e+01 6.224805e-04 6.449319e-04 5.767904e-04 6.457191e-04
3.179694e+01 6.085748e-04 6.285603e-04 5.690541e-04 6.281099e-04
3.184894e+01 5.928541e-04 6.108645e-04 5.598427e-04 6.078553e-04
3.190094e+01 5.754813e-04 5.915495e-04 5.493602e-04 5.855343e-04
3.195294e+01 5.567117e-04 5.703812e-04 5.378274e-04 5.619265e-04
3.200494e+01 5.368969e-04 5.473419e-04 5.254902e-04 5.378585e-04
3.205694e+01 5.164817e-04 5.227109e-04 5.126383e-04 5.140959e-04
3.210894e+01 4.959927e-04 4.970569e-04 4.996151e-04 4.913061e-04
3.216094e+01 4.760136e-04 4.711618e-04 4.868043e-04 4.700749e-04
3.221294e+01 4.571446e-04 4.459090e-04 4.745913e-04 4.509335e-04
3.226494e+01 4.399422e-04 4.221688e-04 4.633093e-04 4.343486e-04
3.231694e+01 4.248486e-04 4.007034e-04 4.531867e-04 4.206557e-04
3.236894e+01 4.121236e-04 3.821051e-04 4.443108e-04 4.099549e-04
3.242094e+01 4.018022e-04 3.667701e-04 4.366153e-04 4.020212e-04
3.247294e+01 3.936931e-04 3.548993e-04 4.298946e-04 3.962853e-04
3.252494e+01 3.874264e-04 3.465145e-04 4.238447e-04 3.919199e-04
3.257694e+01 3.825421e-04 3.414742e-04 4.181315e-04 3.880207e-04
3.262894e+01 3.785999e-04 3.394872e-04 4.124812e-04 3.838313e-04
3.268094e+01 3.752842e-04 3.401318e-04 4.067806e-04 3.789403e-04
3.273294e+01 3.724781e-04 3.428926e-04 4.011563e-04 3.733852e-04
3.278494e+01 3.702836e-04 3.472274e-04 3.959950e-04 3.676285e-04
3.283694e+01 3.689825e-04 3.526560e-04 3.918757e-04 3.624159e-04
3.288894e+01 3.689439e-04 3.588496e-04 3.894169e-04 3.585651e-04
3.294094e+01 3.705072e-04 3.656888e-04 3.890811e-04 3.567517e-04
3.299294e+01 3.738749e-04 3.732597e-04 3.910077e-04 3.573574e-04
3.304494e+01 3.790454e-04 3.817796e-04 3.949429e-04 3.604138e-04
3.309694e+01 3.857996e-04 3.914649e-04 4.002957e-04 3.656381e-04
3.314894e+01 3.937338e-04 4.023784e-04 4.062971e-04 3.725260e-04
3.320094e+01 4.023169e-04 4.143049e-04 4.121957e-04 3.804500e-04
3.325294e+01 4.109460e-04 4.266989e-04 4.174119e-04 3.887274e-04
3.330494e+01 4.189894e-04 4.387261e-04 4.215947e-04 3.966473e-04
3.335694e+01 4.258165e-04 4.493926e-04 4.245778e-04 4.034790e-04
3.340894e+01 4.308316e-04 4.577242e-04 4.262778e-04 4.084927e-04
3.346094e+01 4.335257e-04 4.629481e-04 4.266071e-04 4.110218e-04
3.351294e+01 4.335517e-04 4.646263e-04 4.254627e-04 4.105660e-04
3.356494e+01 4.308081e-04 4.627130e-04 4.228017e-04 4.069096e-04
3.361694e+01 4.254983e-04 4.575290e-04 4.187570e-04 4.002089e-04
3.366894e+01 4.181296e-04 4.496714e-04 4.137096e-04 3.910078e-04
3.372094e+01 4.094338e-04 4.398911e-04 4.082488e-04 3.801614e-04
3.377294e+01 4.002220e-04 4.289709e-04 4.030120e-04 3.686830e-04
3.382494e+01 3.912193e-04 4.176281e-04 3.984705e-04 3.575594e-04
3.387694e+01 3.829347e-04 4.064502e-04 3.947646e-04 3.475894e-04
3.392894e+01 3.756090e-04 3.958633e-04 3.916743e-04 3.392895e-04
3.398094e+01 3.692522e-04 3.861257e-04 3.887456e-04 3.328852e-04
3.403294e+01 3.637453e-04 3.773493e-04 3.855127e-04 3.283738e-04
3.408494e+01 3.589629e-04 3.695447e-04 3.817179e-04 3.256261e-04
3.413694e+01 3.548680e-04 3.626864e-04 3.774362e-04 3.244814e-04
3.418894e+01 3.515492e-04 3.567787e-04 3.730693e-04 3.247996e-04
3.424094e+01 3.491936e-04 3.518982e-04 3.692301e-04 3.264525e-04
3.429294e+01 3.480154e-04 3.481950e-04 3.665845e-04 3.292667e-04
3.434494e+01 3.481763e-04 3.458553e-04 3.657143e-04 3.329591e-04
3.439694e+01 3.497345e-04 3.450464e-04 3.670402e-04 3.371170e-04
3.444894e+01 3.526480e-04 3.458815e-04 3.708044e-04 3.412581e-04
3.450094e+01 3.568291e-04 3.484290e-04 3.770886e-04 3.449699e-04
3.455294e+01 3.622259e-04 3.527679e-04 3.858345e-04 3.480752e-04
3.460494e+01 3.688857e-04 3.590570e-04 3.968501e-04 3.507501e-04
3.465694e+01 3.769651e-04 3.675657e-04 4.098002e-04 3.535295e-04
3.470894e+01 3.866681e-04 3.786245e-04 4.242000e-04 3.571799e-04
3.476094e+01 3.981315e-04 3.924825e-04 4.394321e-04 3.624799e-04
3.481294e+01 4.113022e-04 4.091155e-04 4.548032e-04 3.699879e-04
3.486494e+01 4.258624e-04 4.280645e-04 4.696376e-04 3.798852e-04
3.491694e+01 4.412427e-04 4.483913e-04 4.833888e-04 3.919481e-04
3.496894e+01 4.567286e-04 4.688015e-04 4.957328e-04 4.056515e-04
3.502094e+01 4.716231e-04 4.879143e-04 5.066086e-04 4.203464e-04
3.507294e+01 4.854038e-04 5.045955e-04 5.161868e-04 4.354290e-04
3.512494e+01 4.978142e-04 5.182363e-04 5.247732e-04 4.504330e-04
3.517694e+01 5.088652e-04 5.288828e-04 5.326900e-04 4.650227e-04
3.522894e+01 5.187665e-04 5.371798e-04 5.401874e-04 4.789323e-04
3.528094e+01 5.278403e-04 5.441679e-04 5.474310e-04 4.919219e-04
3.533294e+01 5.364669e-04 5.510218e-04 5.545674e-04 5.038115e-04
3.538494e+01 5.450829e-04 5.588245e-04 5.618307e-04 5.145936e-04
3.543694e+01 5.542093e-04 5.684375e-04 5.696253e-04 5.245652e-04
3.548894e+01 5.644678e-04 5.804715e-04 5.785359e-04 5.343959e-04
3.554094e+01 5.765529e-04 5.953228e-04 5.892582e-04 5.450778e-04
3.559294e+01 5.911622e-04 6.132257e-04 6.024931e-04 5.577678e-04
3.564494e+01 6.089157e-04 6.342962e-04 6.188628e-04 5.735880e-04
3.569694e+01 6.303068e-04 6.585668e-04 6.388894e-04 5.934642e-04
3.574894e+01 6.557006e-04 6.860289e-04 6.630255e-04 6.180473e-04
3.580094e+01 6.853582e-04 7.166827e-04 6.916876e-04 6.477044e-04
3.585294e+01 7.194455e-04 7.505720e-04 7.252359e-04 6.825287e-04
3.590494e+01 7.579901e-04 7.877680e-04 7.638801e-04 7.223223e-04
3.595694e+01 8.007903e-04 8.282859e-04 8.075407e-04 7.665443e-04
3.600894e+01 8.473139e-04 8.719561e-04 8.557282e-04 8.142573e-04
3.606094e+01 8.966372e-04 9.182995e-04 9.074924e-04 8.641198e-04
3.611294e+01 9.474542e-04 9.664520e-04 9.614537e-04 9.144568e-04
3.616494e+01 9.981528e-04 1.015158e-03 1.015893e-03 9.634079e-04
3.621694e+01 1.046941e-03 1.062822e-03 1.068868e-03 1.009133e-03
3.626894e+01 1.092005e-03 1.107616e-03 1.118363e-03 1.050035e-03
3.632094e+01 1.131692e-03 1.147640e-03 1.162471e-03 1.084965e-03
3.637294e+01 1.164723e-03 1.181172e-03 1.199650e-03 1.113346e-03
3.642494e+01 1.190376e-03 1.206965e-03 1.228972e-03 1.135190e-03
3.647694e+01 1.208613e-03 1.224536e-03 1.250306e-03 1.150997e-03
3.652894e+01 1.220065e-03 1.234314e-03 1.264307e-03 1.161573e-03
3.658094e+01 1.225868e-03 1.237560e-03 1.272193e-03 1.167849e-03
3.663294e+01 1.227388e-03 1.236057e-03 1.275362e-03 1.170744e-03
3.668494e+01 1.225921e-03 1.231670e-03 1.274987e-03 1.171107e-03
3.673694e+01 1.222465e-03 1.225941e-03 1.271734e-03 1.169720e-03
3.678894e+01 1.217623e-03 1.219864e-03 1.265695e-03 1.167309e-03
3.684094e+01 1.211645e-03 1.213871e-03 1.256517e-03 1.164547e-03
3.689294e+01 1.204558e-03 1.207975e-03 1.243659e-03 1.162041e-03
3.694494e+01 1.196320e-03 1.201973e-03 1.226684e-03 1.160302e-03
3.699694e+01 1.186925e-03 1.195592e-03 1.205482e-03 1.159701e-03
3.704894e+01 1.176446e-03 1.188552e-03 1.180388e-03 1.160397e-03
3.710094e+01 1.164985e-03 1.180562e-03 1.152147e-03 1.162246e-03
3.715294e+01 1.152583e-03 1.171286e-03 1.121743e-03 1.164720e-03
3.720494e+01 1.139124e-03 1.160330e-03 1.090142e-03 1.166902e-03
3.725694e+01 1.124300e-03 1.147274e-03 1.058018e-03 1.167606e-03
3.730894e+01 1.107664e-03 1.131767e-03 1.025588e-03 1.165637e-03
3.736094e+01 1.088790e-03 1.113648e-03 9.926077e-04 1.160115e-03
3.741294e+01 1.067477e-03 1.093074e-03 9.585762e-04 1.150781e-03
3.746494e+01 1.043933e-03 1.070596e-03 9.230557e-04 1.138148e-03
3.751694e+01 1.018863e-03 1.047124e-03 8.860170e-04 1.123448e-03
3.756894e+01 9.934243e-04 1.023802e-03 8.480780e-04 1.108393e-03
3.762094e+01 9.690694e-04 1.001819e-03 8.105612e-04 1.094828e-03
3.767294e+01 9.473345e-04 9.822484e-04 7.753559e-04 1.084399e-03
3.772494e+01 9.296449e-04 9.659792e-04 7.446271e-04 1.078328e-03
3.777694e+01 9.171834e-04 9.537603e-04 7.204512e-04 1.077339e-03
3.782894e+01 9.108287e-04 9.463238e-04 7.044593e-04 1.081703e-03
3.788094e+01 9.111350e-04 9.445022e-04 6.975630e-04 1.091340e-03
3.793294e+01 9.183127e-04 9.492512e-04 6.998169e-04 1.105870e-03
3.798494e+01 9.321882e-04 9.615153e-04 7.104540e-04 1.124595e-03
3.803694e+01 9.521516e-04 9.819356e-04 7.281002e-04 1.146419e-03
3.808894e+01 9.771350e-04 1.010471e-03 7.511315e-04 1.169803e-03
3.814094e+01 1.005672e-03 1.046068e-03 7.780873e-04 1.192861e-03
3.819294e+01 1.036068e-03 1.086543e-03 8.080187e-04 1.213643e-03
3.824494e+01 1.066655e-03 1.128759e-03 8.406530e-04 1.230555e-03
3.829694e+01 1.096065e-03 1.169107e-03 8.763035e-04 1.242784e-03
3.834894e+01 1.123413e-03 1.204145e-03 9.155415e-04 1.250554e-03
3.840094e+01 1.148335e-03 1.231192e-03 9.587323e-04 1.255082e-03
3.845294e+01 1.170844e-03 1.248687e-03 1.005593e-03 1.258251e-03
3.850494e+01 1.191091e-03 1.256256e-03 1.054928e-03 1.262089e-03
3.855694e+01 1.209138e-03 1.254519e-03 1.104636e-03 1.268259e-03
3.860894e+01 1.224826e-03 1.244782e-03 1.151999e-03 1.277697e-03
3.866094e+01 1.237779e-03 1.228721e-03 1.194148e-03 1.290468e-03
3.871294e+01 1.247486e-03 1.208119e-03 1.228561e-03 1.305780e-03
3.876494e+01 1.253371e-03 1.184627e-03 1.253426e-03 1.322059e-03
3.881694e+01 1.254784e-03 1.159545e-03 1.267793e-03 1.337013e-03
3.886894e+01 1.250946e-03 1.133617e-03 1.271486e-03 1.347736e-03
3.892094e+01 1.240925e-03 1.106930e-03 1.264907e-03 1.350939e-03
3.897294e+01 1.223745e-03 1.078981e-03 1.248820e-03 1.343433e-03
3.902494e+01 1.198667e-03 1.048931e-03 1.224253e-03 1.322816e-03
3.907694e+01 1.165560e-03 1.015996e-03 1.192494e-03 1.288190e-03
3.912894e+01 1.125193e-03 9.798173e-04 1.155139e-03 1.240623e-03
3.918094e+01 1.079302e-03 9.407056e-04 1.114080e-03 1.183120e-03
3.923294e+01 1.030353e-03 8.996562e-04 1.071367e-03 1.120035e-03
3.928494e+01 9.810809e-04 8.581705e-04 1.028964e-03 1.056109e-03
3.933694e+01 9.339451e-04 8.179550e-04 9.884427e-04 9.954377e-04
3.938894e+01 8.906895e-04 7.806104e-04 9.507499e-04 9.407083e-04
3.944094e+01 8.521352e-04 7.473974e-04 9.161076e-04 8.929006e-04
3.949294e+01 8.182317e-04 7.191218e-04 8.841006e-04 8.514726e-04
3.954494e+01 7.883142e-04 6.961389e-04 8.539198e-04 8.148839e-04
3.959694e+01 7.614610e-04 6.784420e-04 8.246912e-04 7.812498e-04
3.964894e+01 7.368374e-04 6.657878e-04 7.957919e-04 7.489326e-04
3.970094e+01 7.139390e-04 6.578134e-04 7.670610e-04 7.169425e-04
3.975294e+01 6.926871e-04 6.541142e-04 7.388480e-04 6.850990e-04
3.980494e+01 6.733756e-04 6.542704e-04 7.118934e-04 6.539630e-04
3.985694e+01 6.565055e-04 6.578232e-04 6.870953e-04 6.245980e-04
3.990894e+01 6.425715e-04 6.642176e-04 6.652512e-04 5.982458e-04
3.996094e+01 6.318691e-04 6.727377e-04 6.468655e-04 5.760040e-04
4.001294e+01 6.243774e-04 6.824704e-04 6.320808e-04 5.585809e-04
4.006494e+01 6.197458e-04 6.923293e-04 6.207376e-04 5.461704e-04
4.011694e+01 6.173770e-04 7.011529e-04 6.125224e-04 5.384558e-04
4.016894e+01 6.165721e-04 7.078565e-04 6.071378e-04 5.347222e-04
4.022094e+01 6.166859e-04 7.115907e-04 6.044320e-04 5.340350e-04
4.027294e+01 6.172427e-04 7.118546e-04 6.044388e-04 5.354348e-04
4.032494e+01 6.179779e-04 7.085327e-04 6.073068e-04 5.380940e-04
4.037694e+01 6.187976e-04 7.018632e-04 6.131294e-04 5.414002e-04
4.042894e+01 6.196803e-04 6.923678e-04 6.217210e-04 5.449521e-04
4.048094e+01 6.205622e-04 6.807697e-04 6.324236e-04 5.484934e-04
4.053294e+01 6.212585e-04 6.679119e-04 6.440322e-04 5.518315e-04
4.058494e+01 6.214528e-04 6.546665e-04 6.549003e-04 5.547916e-04
4.063694e+01 6.207597e-04 6.418300e-04 6.632156e-04 5.572334e-04
4.068894e+01 6.188319e-04 6.300169e-04 6.673656e-04 5.591133e-04
4.074094e+01 6.154657e-04 6.195794e-04 6.662745e-04 5.605431e-04
4.079294e+01 6.106601e-04 6.105802e-04 6.596031e-04 5.617972e-04
4.084494e+01 6.046137e-04 6.028322e-04 6.477659e-04 5.632431e-04
4.089694e+01 5.976657e-04 5.959903e-04 6.317841e-04 5.652226e-04
4.094894e+01 5.902150e-04 5.896709e-04 6.130399e-04 5.679341e-04
4.100094e+01 5.826500e-04 5.835695e-04 5.930110e-04 5.713695e-04
4.105294e+01 5.753113e-04 5.775565e-04 5.730482e-04 5.753293e-04
4.110494e+01 5.684869e-04 5.717325e-04 5.542303e-04 5.794979e-04
4.115694e+01 5.624217e-04 5.664277e-04 5.373012e-04 5.835361e-04
4.120894e+01 5.573169e-04 5.621323e-04 5.226725e-04 5.871458e-04
4.126094e+01 5.533045e-04 5.593645e-04 5.104630e-04 5.900862e-04
4.131294e+01 5.504043e-04 5.585074e-04 5.005558e-04 5.921497e-04
4.136494e+01 5.484913e-04 5.596774e-04 4.926609e-04 5.931358e-04
4.141694e+01 5.473105e-04 5.626827e-04 4.863879e-04 5.928610e-04
4.146894e+01 5.465551e-04 5.671051e-04 4.813351e-04 5.912250e-04
4.152094e+01 5.459934e-04 5.724759e-04 4.771899e-04 5.883143e-04
4.157294e+01 5.455948e-04 5.784684e-04 4.738260e-04 5.844901e-04
4.162494e+01 5.455917e-04 5.850089e-04 4.713655e-04 5.804006e-04
4.167694e+01 5.464358e-04 5.922413e-04 4.701814e-04 5.768848e-04
4.172894e+01 5.486562e-04 6.003547e-04 4.708259e-04 5.747880e-04
4.178094e+01 5.526728e-04 6.093609e-04 4.738992e-04 5.747583e-04
4.183294e+01 5.586494e-04 6.189390e-04 4.798987e-04 5.771106e-04
4.188494e+01 5.664505e-04 6.284367e-04 4.891005e-04 5.818143e-04
4.193694e+01 5.757165e-04 6.370358e-04 5.015123e-04 5.886014e-04
4.198894e+01 5.860144e-04 6.440032e-04 5.169041e-04 5.971359e-04
4.204094e+01 5.969856e-04 6.489112e-04 5.348876e-04 6.071579e-04
4.209294e+01 6.084238e-04 6.517345e-04 5.549983e-04 6.185387e-04
4.214494e+01 6.202587e-04 6.528060e-04 5.767410e-04 6.312289e-04
4.219694e+01 6.324714e-04 6.526808e-04 5.995920e-04 6.451412e-04
4.224894e+01 6.449993e-04 6.519859e-04 6.229733e-04 6.600387e-04
4.230094e+01 6.576772e-04 6.513094e-04 6.462260e-04 6.754961e-04
4.235294e+01 6.702322e-04 6.511367e-04 6.686019e-04 6.909580e-04
4.240494e+01 6.823179e-04 6.518074e-04 6.892793e-04 7.058670e-04
4.245694e+01 6.935580e-04 6.534751e-04 7.073995e-04 7.197995e-04
4.250894e+01 7.035822e-04 6.560768e-04 7.221228e-04 7.325470e-04
4.256094e+01 7.120516e-04 6.593418e-04 7.326996e-04 7.441133e-04
4.261294e+01 7.186851e-04 6.628596e-04 7.385549e-04 7.546409e-04
4.266494e+01 7.232904e-04 6.661984e-04 7.393700e-04 7.643026e-04
4.271694e+01 7.257911e-04 6.690308e-04 7.351459e-04 7.731966e-04
4.276894e+01 7.262375e-04 6.712176e-04 7.262283e-04 7.812665e-04
4.282094e+01 7.247854e-04 6.728161e-04 7.132871e-04 7.882531e-04
4.287294e+01 7.216495e-04 6.740099e-04 6.972518e-04 7.936867e-04
4.292494e+01 7.170437e-04 6.749806e-04 6.792173e-04 7.969333e-04
4.297694e+01 7.111352e-04 6.757644e-04 6.603360e-04 7.973052e-04
4.302894e+01 7.040255e-04 6.761403e-04 6.417093e-04 7.942270e-04
4.308094e+01 6.957692e-04 6.756003e-04 6.242929e-04 7.874145e-04
4.313294e+01 6.864205e-04 6.734294e-04 6.088241e-04 7.770080e-04
4.318494e+01 6.760923e-04 6.688844e-04 5.957837e-04 7.636089e-04
4.323694e+01 6.650049e-04 6.614195e-04 5.853940e-04 7.482012e-04
4.328894e+01 6.535018e-04 6.508744e-04 5.776505e-04 7.319805e-04
4.334094e+01 6.420235e-04 6.375567e-04 5.723735e-04 7.161403e-04
4.339294e+01 6.310384e-04 6.221882e-04 5.692592e-04 7.016678e-04
4.344494e+01 6.209505e-04 6.057426e-04 5.679185e-04 6.891905e-04
4.349694e+01 6.120101e-04 5.892353e-04 5.678970e-04 6.788980e-04
4.354894e+01 6.042540e-04 5.735259e-04 5.686862e-04 6.705498e-04
4.360094e+01 5.974975e-04 5.591789e-04 5.697446e-04 6.635691e-04
4.365294e+01 5.913816e-04 5.463997e-04 5.705402e-04 6.572048e-04
4.370494e+01 5.854623e-04 5.350498e-04 5.706145e-04 6.507226e-04
4.375694e+01 5.793149e-04 5.247302e-04 5.696430e-04 6.435716e-04
4.380894e+01 5.726146e-04 5.149145e-04 5.674568e-04 6.354725e-04
4.386094e+01 5.651679e-04 5.050980e-04 5.640047e-04 6.264009e-04
4.391294e+01 5.568890e-04 4.949280e-04 5.592622e-04 6.164767e-04
4.396494e+01 5.477449e-04 4.842827e-04 5.531361e-04 6.058158e-04
4.401694e+01 5.377074e-04 4.732866e-04 5.454215e-04 5.944143e-04
4.406894e+01 5.267478e-04 4.622667e-04 5.358516e-04 5.821252e-04
4.412094e+01 5.148811e-04 4.516683e-04 5.242346e-04 5.687403e-04
4.417294e+01 5.022386e-04 4.419547e-04 5.106227e-04 5.541385e-04
4.422494e+01 4.891260e-04 4.335126e-04 4.954400e-04 5.384252e-04
4.427694e+01 4.760283e-04 4.265858e-04 4.795084e-04 5.219907e-04
4.432894e+01 4.635475e-04 4.212445e-04 4.639472e-04 5.054508e-04
4.438094e+01 4.522854e-04 4.173956e-04 4.499723e-04 4.894884e-04
4.443294e+01 4.427095e-04 4.148234e-04 4.386474e-04 4.746576e-04
4.448494e+01 4.350429e-04 4.132477e-04 4.306545e-04 4.612265e-04
4.453694e+01 4.292148e-04 4.123838e-04 4.261436e-04 4.491170e-04
4.458894e+01 4.248829e-04 4.119910e-04 4.246974e-04 4.379603e-04
4.464094e+01 4.215208e-04 4.118993e-04 4.254214e-04 4.272416e-04
4.469294e+01 4.185404e-04 4.120051e-04 4.271362e-04 4.164799e-04
4.474494e+01 4.154124e-04 4.122347e-04 4.286227e-04 4.053799e-04
4.479694e+01 4.117514e-04 4.124889e-04 4.288579e-04 3.939073e-04
4.484894e+01 4.073471e-04 4.125896e-04 4.271795e-04 3.822721e-04
4.490094e+01 4.021462e-04 4.122552e-04 4.233443e-04 3.708390e-04
4.495294e+01 3.962002e-04 4.111217e-04 4.174745e-04 3.600043e-04
4.500494e+01 3.896079e-04 4.088094e-04 4.099277e-04 3.500865e-04
4.505694e+01 3.824735e-04 4.050149e-04 4.011461e-04 3.412594e-04
4.510894e+01 3.748951e-04 3.996001e-04 3.915440e-04 3.335412e-04
4.516094e+01 3.669815e-04 3.926473e-04 3.814684e-04 3.268288e-04
4.521294e+01 3.588821e-04 3.844600e-04 3.712294e-04 3.209570e-04
4.526494e+01 3.508093e-04 3.755073e-04 3.611613e-04 3.157595e-04
4.531694e+01 3.430336e-04 3.663281e-04 3.516620e-04 3.111105e-04
4.536894e+01 3.358443e-04 3.574250e-04 3.431744e-04 3.069336e-04
4.542094e+01 3.294873e-04 3.491796e-04 3.361048e-04 3.031775e-04
4.547294e+01 3.240999e-04 3.418128e-04 3.307139e-04 2.997730e-04
4.552494e+01 3.196702e-04 3.353899e-04 3.270257e-04 2.965948e-04
4.557694e+01 3.160348e-04 3.298573e-04 3.247932e-04 2.934540e-04
4.562894e+01 3.129156e-04 3.250852e-04 3.235314e-04 2.901302e-04
4.568094e+01 3.099784e-04 3.209004e-04 3.226026e-04 2.864324e-04
4.573294e+01 3.068960e-04 3.171030e-04 3.213280e-04 2.822569e-04
4.578494e+01 3.033974e-04 3.134754e-04 3.191017e-04 2.776153e-04
4.583694e+01 2.993005e-04 3.097960e-04 3.154880e-04 2.726176e-04
4.588894e+01 2.945271e-04 3.058626e-04 3.102935e-04 2.674252e-04
4.594094e+01 2.891075e-04 3.015235e-04 3.035998e-04 2.621993e-04
4.599294e+01 2.831727e-04 2.967027e-04 2.957464e-04 2.570690e-04
4.604494e+01 2.769336e-04 2.914091e-04 2.872633e-04 2.521284e-04
4.609694e+01 2.706460e-04 2.857260e-04 2.787633e-04 2.474487e-04
4.614894e+01 2.645639e-04 2.797849e-04 2.708187e-04 2.430881e-04
4.620094e+01 2.588912e-04 2.737360e-04 2.638535e-04 2.390840e-04
4.625294e+01 2.537409e-04 2.677231e-04 2.580719e-04 2.354277e-04
4.630494e+01 2.491121e-04 2.618666e-04 2.534356e-04 2.320342e-04
4.635694e+01 2.448879e-04 2.562483e-04 2.496857e-04 2.287298e-04
4.640894e+01 2.408566e-04 2.508962e-04 2.464012e-04 2.252725e-04
4.646094e+01 2.367530e-04 2.457674e-04 2.430826e-04 2.214092e-04
4.651294e+01 2.323139e-04 2.407410e-04 2.392478e-04 2.169527e-04
4.656494e+01 2.273375e-04 2.356322e-04 2.345278e-04 2.118524e-04
4.661694e+01 2.217354e-04 2.302337e-04 2.287450e-04 2.062274e-04
4.666894e+01 2.155635e-04 2.243790e-04 2.219601e-04 2.003513e-04
4.672094e+01 2.090249e-04 2.180051e-04 2.144746e-04 1.945948e-04
4.677294e+01 2.024408e-04 2.111911e-04 2.067824e-04 1.893490e-04
4.682494e+01 1.961955e-04 2.041545e-04 1.994755e-04 1.849567e-04
4.687694e+01 1.906637e-04 1.972059e-04 1.931201e-04 1.816652e-04
4.692894e+01 1.861386e-04 1.906794e-04 1.881335e-04 1.796028e-04
4.698094e+01 1.827782e-04 1.848644e-04 1.846956e-04 1.787746e-04
4.703294e+01 1.805869e-04 1.799607e-04 1.827270e-04 1.790729e-04
4.708494e+01 1.794358e-04 1.760643e-04 1.819414e-04 1.803019e-04
4.713694e+01 1.791167e-04 1.731779e-04 1.819561e-04 1.822162e-04
4.718894e+01 1.794060e-04 1.712321e-04 1.824208e-04 1.845649e-04
4.724094e+01 1.801190e-04 1.701088e-04 1.831173e-04 1.871310e-04
4.729294e+01 1.811378e-04 1.696637e-04 1.839956e-04 1.897540e-04
4.734494e+01 1.824090e-04 1.697531e-04 1.851420e-04 1.923318e-04
4.739694e+01 1.839222e-04 1.702600e-04 1.866971e-04 1.948094e-04
4.744894e+01 1.856810e-04 1.711140e-04 1.887647e-04 1.971642e-04
4.750094e+01 1.876791e-04 1.722912e-04 1.913472e-04 1.993989e-04
4.755294e+01 1.898876e-04 1.737906e-04 1.943301e-04 2.015422e-04
4.760494e+01 1.922531e-04 1.755972e-04 1.975125e-04 2.036496e-04
4.765694e+01 1.947038e-04 1.776511e-04 2.006647e-04 2.057955e-04
4.770894e+01 1.971583e-04 1.798393e-04 2.035824e-04 2.080531e-04
4.776094e+01 1.995343e-04 1.820157e-04 2.061200e-04 2.104673e-04
4.781294e+01 2.017542e-04 1.840365e-04 2.081920e-04 2.130342e-04
4.786494e+01 2.037478e-04 1.857935e-04 2.097526e-04 2.156974e-04
4.791694e+01 2.054547e-04 1.872320e-04 2.107664e-04 2.183657e-04
4.796894e+01 2.068257e-04 1.883505e-04 2.111854e-04 2.209413e-04
4.802094e+01 2.078245e-04 1.891900e-04 2.109385e-04 2.233449e-04
4.807294e+01 2.084252e-04 1.898186e-04 2.099353e-04 2.255219e-04
4.812494e+01 2.086077e-04 1.903172e-04 2.080818e-04 2.274243e-04
4.817694e+01 2.083492e-04 1.907642e-04 2.053047e-04 2.289788e-04
4.822894e+01 2.076191e-04 1.912189e-04 2.015802e-04 2.300582e-04
4.828094e+01 2.063805e-04 1.917047e-04 1.969606e-04 2.304761e-04
4.833294e+01 2.046000e-04 1.921985e-04 1.915883e-04 2.300133e-04
4.838494e+01 2.022618e-04 1.926309e-04 1.856882e-04 2.284663e-04
4.843694e+01 1.993782e-04 1.929004e-04 1.795340e-04 2.257000e-04
4.848894e+01 1.959911e-04 1.928976e-04 1.733961e-04 2.216795e-04
4.854094e+01 1.921630e-04 1.925311e-04 1.674879e-04 2.164701e-04
4.859294e+01 1.879615e-04 1.917440e-04 1.619301e-04 2.102103e-04
4.864494e+01 1.834438e-04 1.905114e-04 1.567451e-04 2.030748e-04
4.869694e+01 1.786472e-04 1.888181e-04 1.518800e-04 1.952435e-04
4.874894e+01 1.735870e-04 1.866264e-04 1.472463e-04 1.868882e-04
4.880094e+01 1.682607e-04 1.838506e-04 1.427586e-04 1.781728e-04
4.885294e+01 1.626581e-04 1.803590e-04 1.383568e-04 1.692584e-04
4.890494e+01 1.567768e-04 1.760094e-04 1.340132e-04 1.603080e-04
4.895694e+01 1.506453e-04 1.707149e-04 1.297314e-04 1.514897e-04
4.900894e+01 1.443515e-04 1.645172e-04 1.255506e-04 1.429868e-04
4.906094e+01 1.380728e-04 1.576406e-04 1.215628e-04 1.350151e-04
4.911294e+01 1.320976e-04 1.505039e-04 1.179423e-04 1.278467e-04
4.916494e+01 1.268261e-04 1.436830e-04 1.149715e-04 1.218238e-04
4.921694e+01 1.227422e-04 1.378320e-04 1.130456e-04 1.173489e-04
4.926894e+01 1.203525e-04 1.335799e-04 1.126390e-04 1.148386e-04
4.932094e+01 1.200988e-04 1.314275e-04 1.142264e-04 1.146424e-04
4.937294e+01 1.222565e-04 1.316599e-04 1.181686e-04 1.169410e-04
4.942494e+01 1.268429e-04 1.342897e-04 1.245869e-04 1.216522e-04
4.947694e+01 1.335600e-04 1.390393e-04 1.332628e-04 1.283780e-04
4.952894e+01 1.417951e-04 1.453658e-04 1.436001e-04 1.364195e-04
4.958094e+01 1.506898e-04 1.525294e-04 1.546730e-04 1.448669e-04
4.963294e+01 1.592686e-04 1.596938e-04 1.653608e-04 1.527512e-04
4.968494e+01 1.665991e-04 1.660445e-04 1.745385e-04 1.592142e-04
4.973694e+01 1.719420e-04 1.708993e-04 1.812747e-04 1.636519e-04
4.978894e+01 1.748547e-04 1.737913e-04 1.849816e-04 1.657911e-04
4.984094e+01 1.752239e-04 1.745083e-04 1.854812e-04 1.656822e-04
4.989294e+01 1.732290e-04 1.730867e-04 1.829778e-04 1.636226e-04
4.994494e+01 1.692565e-04 1.697670e-04 1.779587e-04 1.600439e-04
4.999694e+01 1.637974e-04 1.649284e-04 1.710627e-04 1.554012e-04
5.004894e+01 1.573569e-04 1.590192e-04 1.629563e-04 1.500953e-04
5.010094e+01 1.503931e-04 1.524963e-04 1.542470e-04 1.444361e-04
5.015294e+01 1.432871e-04 1.457796e-04 1.454405e-04 1.386410e-04
5.020494e+01 1.363361e-04 1.392230e-04 1.369353e-04 1.328501e-04
5.025694e+01 1.297582e-04 1.330965e-04 1.290331e-04 1.271451e-04
5.030894e+01 1.236991e-04 1.275795e-04 1.219514e-04 1.215664e-04
5.036094e+01 1.182385e-04 1.227596e-04 1.158244e-04 1.161315e-04
5.041294e+01 1.133976e-04 1.186397e-04 1.106985e-04 1.108547e-04
5.046494e+01 1.091485e-04 1.151489e-04 1.065287e-04 1.057677e-04
5.051694e+01 1.054269e-04 1.121608e-04 1.031888e-04 1.009311e-04
5.056894e+01 1.021477e-04 1.095158e-04 1.004982e-04 9.642903e-05
5.062094e+01 9.921887e-05 1.070483e-04 9.826051e-05 9.234783e-05
5.067294e+01 9.655489e-05 1.046152e-04 9.630251e-05 8.874699e-05
5.072494e+01 9.408501e-05 1.021191e-04 9.449950e-05 8.563647e-05
5.077694e+01 9.175794e-05 9.951924e-05 9.278266e-05 8.297191e-05
5.082894e+01 8.954221e-05 9.682710e-05 9.112957e-05 8.066996e-05
5.088094e+01 8.742365e-05 9.408840e-05 8.954620e-05 7.863636e-05
5.093294e+01 8.540106e-05 9.136057e-05 8.804881e-05 7.679380e-05
5.098494e+01 8.348139e-05 8.869466e-05 8.665123e-05 7.509828e-05
5.103694e+01 8.167478e-05 8.612737e-05 8.535821e-05 7.353877e-05
5.108894e+01 7.998953e-05 8.368245e-05 8.416287e-05 7.212329e-05
5.114094e+01 7.842723e-05 8.137608e-05 8.304614e-05 7.085948e-05
5.119294e+01 7.697902e-05 7.922057e-05 8.197740e-05 6.973908e-05
5.124494e+01 7.562446e-05 7.722397e-05 8.091697e-05 6.873244e-05
5.129694e+01 7.433427e-05 7.538698e-05 7.982120e-05 6.779464e-05
5.134894e+01 7.307630e-05 7.369975e-05 7.864981e-05 6.687934e-05
5.140094e+01 7.182265e-05 7.214084e-05 7.737315e-05 6.595397e-05
5.145294e+01 7.055487e-05 7.067842e-05 7.597679e-05 6.500940e-05
5.150494e+01 6.926511e-05 6.927322e-05 7.446188e-05 6.406022e-05
5.155694e+01 6.795370e-05 6.788321e-05 7.284232e-05 6.313556e-05
5.160894e+01 6.662552e-05 6.646989e-05 7.114197e-05 6.226470e-05
5.166094e+01 6.528804e-05 6.500566e-05 6.939506e-05 6.146340e-05
5.171294e+01 6.395200e-05 6.348004e-05 6.765007e-05 6.072589e-05
5.176494e+01 6.263331e-05 6.190173e-05 6.597339e-05 6.002482e-05
5.181694e+01 6.135326e-05 6.029469e-05 6.444689e-05 5.931819e-05
5.186894e+01 6.013536e-05 5.868989e-05 6.315534e-05 5.856085e-05
5.192094e+01 5.899990e-05 5.711693e-05 6.216543e-05 5.771734e-05
5.197294e+01 5.795919e-05 5.560016e-05 6.150437e-05 5.677305e-05
5.202494e+01 5.701666e-05 5.416090e-05 6.114840e-05 5.574068e-05
5.207694e+01 5.617017e-05 5.282281e-05 6.102828e-05 5.465942e-05
5.212894e+01 5.541711e-05 5.161485e-05 6.105048e-05 5.358599e-05
5.218094e+01 5.475725e-05 5.056718e-05 6.112504e-05 5.257954e-05
5.223294e+01 5.419126e-05 4.970034e-05 6.118814e-05 5.168530e-05
5.228494e+01 5.371579e-05 4.901295e-05 6.121101e-05 5.092341e-05
5.233694e+01 5.331913e-05 4.847587e-05 6.119427e-05 5.028726e-05
5.238894e+01 5.298137e-05 4.803822e-05 6.115413e-05 4.975176e-05
5.244094e+01 5.268045e-05 4.764500e-05 6.110895e-05 4.928741e-05
5.249294e+01 5.240170e-05 4.725921e-05 6.107222e-05 4.887366e-05
5.254494e+01 5.214564e-05 4.687830e-05 6.105268e-05 4.850594e-05
5.259694e+01 5.192947e-05 4.653635e-05 6.105768e-05 4.819440e-05
5.264894e+01 5.178048e-05 4.628981e-05 6.109545e-05 4.795617e-05
5.270094e+01 5.172388e-05 4.619237e-05 6.117363e-05 4.780563e-05
5.275294e+01 5.177030e-05 4.626924e-05 6.129504e-05 4.774661e-05
5.280494e+01 5.190802e-05 4.650171e-05 6.145326e-05 4.776910e-05
5.285694e+01 5.210315e-05 4.682803e-05 6.163075e-05 4.785066e-05
5.290894e+01 5.230700e-05 4.715964e-05 6.180000e-05 4.796135e-05
5.296094e+01 5.246760e-05 4.740566e-05 6.192679e-05 4.807034e-05
5.301294e+01 5.254069e-05 4.749593e-05 6.197374e-05 4.815241e-05
5.306494e+01 5.249694e-05 4.739497e-05 6.190336e-05 4.819250e-05
5.311694e+01 5.232381e-05 4.710375e-05 6.168094e-05 4.818674e-05
5.316894e+01 5.202311e-05 4.665155e-05 6.127818e-05 4.813961e-05
5.322094e+01 5.160642e-05 4.608334e-05 6.067795e-05 4.805797e-05
5.327294e+01 5.109061e-05 4.544817e-05 5.987936e-05 4.794430e-05
5.332494e+01 5.049494e-05 4.479176e-05 5.890092e-05 4.779214e-05
5.337694e+01 4.983973e-05 4.415321e-05 5.777989e-05 4.758610e-05
5.342894e+01 4.914589e-05 4.356426e-05 5.656654e-05 4.730686e-05
5.348094e+01 4.843416e-05 4.304874e-05 5.531424e-05 4.693951e-05
5.353294e+01 4.772359e-05 4.262129e-05 5.406792e-05 4.648156e-05
5.358494e+01 4.702921e-05 4.228573e-05 5.285462e-05 4.594728e-05
5.363694e+01 4.636017e-05 4.203436e-05 5.167955e-05 4.536660e-05
5.368894e+01 4.571931e-05 4.184936e-05 5.052935e-05 4.477922e-05
5.374094e+01 4.510519e-05 4.170700e-05 4.938167e-05 4.422690e-05
5.379294e+01 4.451582e-05 4.158362e-05 4.821734e-05 4.374650e-05
5.384494e+01 4.395244e-05 4.146148e-05 4.703034e-05 4.336549e-05
5.389694e+01 4.342107e-05 4.133201e-05 4.583166e-05 4.309954e-05
5.394894e+01 4.293067e-05 4.119521e-05 4.464567e-05 4.295113e-05
5.400094e+01 4.248846e-05 4.105565e-05 4.350110e-05 4.290864e-05
5.405294e+01 4.209479e-05 4.091751e-05 4.242058e-05 4.294628e-05
5.410494e+01 4.174028e-05 4.078140e-05 4.141329e-05 4.302614e-05
5.415694e+01 4.140704e-05 4.064451e-05 4.047335e-05 4.310327e-05
5.420894e+01 4.107367e-05 4.050334e-05 3.958458e-05 4.313307e-05
5.426094e+01 4.072173e-05 4.035666e-05 3.872937e-05 4.307916e-05
5.431294e+01 4.034116e-05 4.020643e-05 3.789815e-05 4.291890e-05
5.436494e+01 3.993218e-05 4.005599e-05 3.709562e-05 4.264494e-05
5.441694e+01 3.950338e-05 3.990681e-05 3.634091e-05 4.226242e-05
5.446894e+01 3.906714e-05 3.975619e-05 3.566136e-05 4.178386e-05
5.452094e+01 3.863430e-05 3.959728e-05 3.508161e-05 4.122400e-05
5.457294e+01 3.820995e-05 3.942141e-05 3.461183e-05 4.059662e-05
5.462494e+01 3.779123e-05 3.922054e-05 3.423931e-05 3.991385e-05
5.467694e+01 3.736718e-05 3.898790e-05 3.392678e-05 3.918688e-05
5.472894e+01 3.692050e-05 3.871605e-05 3.361860e-05 3.842685e-05
5.478094e+01 3.643083e-05 3.839386e-05 3.325345e-05 3.764518e-05
5.483294e+01 3.587939e-05 3.800523e-05 3.277970e-05 3.685324e-05
5.488494e+01 3.525411e-05 3.753176e-05 3.216862e-05 3.606196e-05
5.493694e+01 3.455407e-05 3.695952e-05 3.142133e-05 3.528135e-05
5.498894e+01 3.379147e-05 3.628721e-05 3.056752e-05 3.451970e-05
5.504094e+01 3.299031e-05 3.553138e-05 2.965692e-05 3.378264e-05
5.509294e+01 3.218167e-05 3.472549e-05 2.874689e-05 3.307263e-05
5.514494e+01 3.139737e-05 3.391194e-05 2.789026e-05 3.238990e-05
5.519694e+01 3.066407e-05 3.313006e-05 2.712679e-05 3.173536e-05
5.524894e+01 2.999969e-05 3.240488e-05 2.647998e-05 3.111422e-05
5.530094e+01 2.941280e-05 3.174167e-05 2.595847e-05 3.053825e-05
5.535294e+01 2.890424e-05 3.112812e-05 2.556018e-05 3.002442e-05
5.540494e+01 2.846966e-05 3.054276e-05 2.527671e-05 2.958950e-05
5.545694e+01 2.810141e-05 2.996544e-05 2.509605e-05 2.924276e-05
5.550894e+01 2.778929e-05 2.938510e-05 2.500285e-05 2.897992e-05
5.556094e+01 2.752034e-05 2.880231e-05 2.497720e-05 2.878151e-05
5.561294e+01 2.727873e-05 2.822625e-05 2.499350e-05 2.861643e-05
5.566494e+01 2.704656e-05 2.766896e-05 2.502146e-05 2.844927e-05
5.571694e+01 2.680604e-05 2.713979e-05 2.502981e-05 2.824852e-05
5.576894e+01 2.654250e-05 2.664271e-05 2.499210e-05 2.799268e-05
5.582094e+01 2.624758e-05 2.617729e-05 2.489246e-05 2.767301e-05
5.587294e+01 2.592137e-05 2.574211e-05 2.472905e-05 2.729296e-05
5.592494e+01 2.557276e-05 2.533877e-05 2.451397e-05 2.686553e-05
5.597694e+01 2.521796e-05 2.497427e-05 2.426960e-05 2.641001e-05
5.602894e+01 2.487737e-05 2.466067e-05 2.402267e-05 2.594878e-05
5.608094e+01 2.457131e-05 2.441195e-05 2.379754e-05 2.550443e-05
5.613294e+01 2.431553e-05 2.423925e-05 2.361032e-05 2.509703e-05
5.618494e+01 2.411744e-05 2.414626e-05 2.346457e-05 2.474149e-05
5.623694e+01 2.397403e-05 2.412680e-05 2.334987e-05 2.444542e-05
5.628894e+01 2.387258e-05 2.416554e-05 2.324383e-05 2.420839e-05
5.634094e+01 2.379432e-05 2.424208e-05 2.311807e-05 2.402280e-05
5.639294e+01 2.372022e-05 2.433695e-05 2.294717e-05 2.387654e-05
5.644494e+01 2.363723e-05 2.443721e-05 2.271802e-05 2.375647e-05
5.649694e+01 2.354264e-05 2.453945e-05 2.243643e-05 2.365204e-05
5.654894e+01 2.344479e-05 2.464880e-05 2.212776e-05 2.355782e-05
5.660094e+01 2.335978e-05 2.477423e-05 2.183049e-05 2.347461e-05
5.665294e+01 2.330514e-05 2.492217e-05 2.158447e-05 2.340876e-05
5.670494e+01 2.329285e-05 2.509098e-05 2.141765e-05 2.336994e-05
5.675694e+01 2.332412e-05 2.526862e-05 2.133608e-05 2.336765e-05
5.680894e+01 2.338774e-05 2.543439e-05 2.132119e-05 2.340762e-05
5.686094e+01 2.346265e-05 2.556386e-05 2.133521e-05 2.348887e-05
5.691294e+01 2.352356e-05 2.563509e-05 2.133307e-05 2.360253e-05
5.696494e+01 2.354768e-05 2.563402e-05 2.127623e-05 2.373280e-05
5.701694e+01 2.352032e-05 2.555759e-05 2.114367e-05 2.385970e-05
5.706894e+01 2.343772e-05 2.541394e-05 2.093627e-05 2.396294e-05
5.712094e+01 2.330663e-05 2.522032e-05 2.067380e-05 2.402578e-05
5.717294e+01 2.314125e-05 2.499938e-05 2.038623e-05 2.403814e-05
5.722494e+01 2.295895e-05 2.477508e-05 2.010338e-05 2.399838e-05
5.727694e+01 2.277641e-05 2.456895e-05 1.984672e-05 2.391356e-05
5.732894e+01 2.260709e-05 2.439731e-05 1.962596e-05 2.379800e-05
5.738094e+01 2.246031e-05 2.426977e-05 1.944057e-05 2.367059e-05
5.743294e+01 2.234146e-05 2.418879e-05 1.928447e-05 2.355113e-05
5.748494e+01 2.225249e-05 2.415023e-05 1.915091e-05 2.345633e-05
5.753694e+01 2.219197e-05 2.414444e-05 1.903513e-05 2.339635e-05
5.758894e+01 2.215475e-05 2.415780e-05 1.893404e-05 2.337240e-05
5.764094e+01 2.213146e-05 2.417446e-05 1.884393e-05 2.337599e-05
5.769294e+01 2.210869e-05 2.417804e-05 1.875822e-05 2.338981e-05
5.774494e+01 2.206993e-05 2.415301e-05 1.866680e-05 2.338999e-05
5.779694e+01 2.199705e-05 2.408499e-05 1.855715e-05 2.334903e-05
5.784894e+01 2.187135e-05 2.395971e-05 1.841578e-05 2.323857e-05
5.790094e+01 2.167331e-05 2.376039e-05 1.822841e-05 2.303111e-05
5.795294e+01 2.138083e-05 2.346443e-05 1.797786e-05 2.270021e-05
5.800494e+01 2.096688e-05 2.304057e-05 1.764068e-05 2.221940e-05
5.805694e+01 2.039798e-05 2.244842e-05 1.718480e-05 2.156071e-05
5.810894e+01 1.963560e-05 2.164161e-05 1.657074e-05 2.069447e-05
5.816094e+01 1.864168e-05 2.057524e-05 1.575781e-05 1.959198e-05
5.821294e+01 1.738800e-05 1.921701e-05 1.471477e-05 1.823221e-05
