7.125686e+00 0.000000e+00 0.000000e+00 0.000000e+00 0.000000e+00
7.177686e+00 0.000000e+00 0.000000e+00 0.000000e+00 0.000000e+00
7.229686e+00 0.000000e+00 0.000000e+00 0.000000e+00 0.000000e+00
7.281686e+00 0.000000e+00 0.000000e+00 0.000000e+00 0.000000e+00
7.333686e+00 0.000000e+00 0.000000e+00 0.000000e+00 0.000000e+00
7.385686e+00 0.000000e+00 0.000000e+00 0.000000e+00 0.000000e+00
7.437686e+00 0.000000e+00 0.000000e+00 0.000000e+00 0.000000e+00
7.489686e+00 0.000000e+00 0.000000e+00 0.000000e+00 0.000000e+00
7.541686e+00 0.000000e+00 0.000000e+00 0.000000e+00 0.000000e+00
7.593686e+00 0.000000e+00 0.000000e+00 0.000000e+00 0.000000e+00
7.645686e+00 0.000000e+00 0.000000e+00 0.000000e+00 0.000000e+00
7.697686e+00 0.000000e+00 0.000000e+00 0.000000e+00 0.000000e+00
7.749686e+00 0.000000e+00 0.000000e+00 0.000000e+00 0.000000e+00
7.801686e+00 0.000000e+00 0.000000e+00 0.000000e+00 0.000000e+00
7.853686e+00 0.000000e+00 0.000000e+00 0.000000e+00 0.000000e+00
7.905686e+00 0.000000e+00 0.000000e+00 0.000000e+00 0.000000e+00
7.957686e+00 0.000000e+00 0.000000e+00 0.000000e+00 0.000000e+00
8.009686e+00 0.000000e+00 0.000000e+00 0.000000e+00 0.000000e+00
8.061686e+00 0.000000e+00 0.000000e+00 0.000000e+00 0.000000e+00
8.113686e+00 0.000000e+00 0.000000e+00 0.000000e+00 0.000000e+00
8.165686e+00 0.000000e+00 0.000000e+00 0.000000e+00 0.000000e+00
8.217686e+00 0.000000e+00 0.000000e+00 0.000000e+00 0.000000e+00
8.269686e+00 0.000000e+00 0.000000e+00 0.000000e+00 0.000000e+00
8.321686e+00 0.000000e+00 0.000000e+00 0.000000e+00 0.000000e+00
8.373686e+00 0.000000e+00 0.000000e+00 0.000000e+00 0.000000e+00
8.425686e+00 0.000000e+00 0.000000e+00 0.000000e+00 0.000000e+00
8.477686e+00 0.000000e+00 0.000000e+00 0.000000e+00 0.000000e+00
8.529686e+00 0.000000e+00 0.000000e+00 0.000000e+00 0.000000e+00
8.581686e+00 0.000000e+00 0.000000e+00 0.000000e+00 0.000000e+00
8.633686e+00 0.000000e+00 0.000000e+00 0.000000e+00 0.000000e+00
8.685686e+00 0.000000e+00 0.000000e+00 0.000000e+00 0.000000e+00
8.737686e+00 0.000000e+00 0.000000e+00 0.000000e+00 0.000000e+00
8.789686e+00 0.000000e+00 0.000000e+00 0.000000e+00 0.000000e+00
8.841686e+00 0.000000e+00 0.000000e+00 0.000000e+00 0.000000e+00
8.893686e+00 0.000000e+00 0.000000e+00 0.000000e+00 0.000000e+00
8.945686e+00 0.000000e+00 0.000000e+00 0.000000e+00 0.000000e+00
8.997686e+00 0.000000e+00 0.000000e+00 0.000000e+00 0.000000e+00
9.049686e+00 0.000000e+00 0.000000e+00 0.000000e+00 0.000000e+00
9.101686e+00 0.000000e+00 0.000000e+00 0.000000e+00 0.000000e+00
9.153686e+00 0.000000e+00 0.000000e+00 0.000000e+00 0.000000e+00
9.205686e+00 0.000000e+00 0.000000e+00 0.000000e+00 0.000000e+00
9.257686e+00 0.000000e+00 0.000000e+00 0.000000e+00 0.000000e+00
9.309686e+00 0.000000e+00 0.000000e+00 0.000000e+00 0.000000e+00
9.361686e+00 0.000000e+00 0.000000e+00 0.000000e+00 0.000000e+00
9.413686e+00 0.000000e+00 0.000000e+00 0.000000e+00 0.000000e+00
9.465686e+00 0.000000e+00 0.000000e+00 0.000000e+00 0.000000e+00
9.517686e+00 0.000000e+00 0.000000e+00 0.000000e+00 0.000000e+00
9.569686e+00 0.000000e+00 0.000000e+00 0.000000e+00 0.000000e+00
9.621686e+00 0.000000e+00 0.000000e+00 0.000000e+00 0.000000e+00
9.673686e+00 0.000000e+00 0.000000e+00 0.000000e+00 0.000000e+00
9.725686e+00 0.000000e+00 0.000000e+00 0.000000e+00 0.000000e+00
9.777686e+00 0.000000e+00 0.000000e+00 0.000000e+00 0.000000e+00
9.829686e+00 0.000000e+00 0.000000e+00 0.000000e+00 0.000000e+00
9.881686e+00 0.000000e+00 0.000000e+00 0.000000e+00 0.000000e+00
9.933686e+00 0.000000e+00 0.000000e+00 0.000000e+00 0.000000e+00
9.985686e+00 0.000000e+00 0.000000e+00 0.000000e+00 0.000000e+00
1.003769e+01 0.000000e+00 0.000000e+00 0.000000e+00 0.000000e+00
1.008969e+01 0.000000e+00 0.000000e+00 0.000000e+00 0.000000e+00
1.014169e+01 0.000000e+00 0.000000e+00 0.000000e+00 0.000000e+00
1.019369e+01 0.000000e+00 0.000000e+00 0.000000e+00 0.000000e+00
1.024569e+01 0.000000e+00 0.000000e+00 0.000000e+00 0.000000e+00
1.029769e+01 0.000000e+00 0.000000e+00 0.000000e+00 0.000000e+00
1.034969e+01 0.000000e+00 0.000000e+00 0.000000e+00 0.000000e+00
1.040169e+01 0.000000e+00 0.000000e+00 0.000000e+00 0.000000e+00
1.045369e+01 0.000000e+00 0.000000e+00 0.000000e+00 0.000000e+00
1.050569e+01 0.000000e+00 0.000000e+00 0.000000e+00 0.000000e+00
1.055769e+01 0.000000e+00 0.000000e+00 0.000000e+00 0.000000e+00
1.060969e+01 0.000000e+00 0.000000e+00 0.000000e+00 0.000000e+00
1.066169e+01 0.000000e+00 0.000000e+00 0.000000e+00 0.000000e+00
1.071369e+01 0.000000e+00 0.000000e+00 0.000000e+00 0.000000e+00
1.076569e+01 0.000000e+00 0.000000e+00 0.000000e+00 0.000000e+00
1.081769e+01 0.000000e+00 0.000000e+00 0.000000e+00 0.000000e+00
1.086969e+01 0.000000e+00 0.000000e+00 0.000000e+00 0.000000e+00
1.092169e+01 0.000000e+00 0.000000e+00 0.000000e+00 0.000000e+00
1.097369e+01 5.656474e-15 9.828265e-16 2.559569e-15 1.342703e-14
1.102569e+01 2.588855e-14 4.498200e-15 1.171464e-14 6.145281e-14
1.107769e+01 1.898183e-13 5.352728e-14 9.829211e-14 4.176355e-13
1.112969e+01 7.993517e-13 2.311450e-13 4.174869e-13 1.749423e-12
1.118169e+01 3.527943e-12 1.122928e-12 1.906358e-12 7.554543e-12
1.123369e+01 1.346941e-11 4.446313e-12 7.378134e-12 2.858378e-11
1.128569e+01 4.813093e-11 1.639122e-11 2.667487e-11 1.013267e-10
1.133769e+01 1.620367e-10 5.688364e-11 9.085921e-11 3.383672e-10
1.138969e+01 5.134214e-10 1.855319e-10 2.911981e-10 1.063534e-09
1.144169e+01 1.532829e-09 5.693985e-10 8.790617e-10 3.150028e-09
1.149369e+01 4.316402e-09 1.645842e-09 2.501883e-09 8.801481e-09
1.154569e+01 1.146949e-08 4.481935e-09 6.715585e-09 2.321096e-08
1.159769e+01 2.877628e-08 1.150415e-08 1.700963e-08 5.781506e-08
1.164969e+01 6.821775e-08 2.784822e-08 4.067778e-08 1.361272e-07
1.170169e+01 1.529262e-07 6.361814e-08 9.191180e-08 3.032486e-07
1.175369e+01 3.244859e-07 1.372605e-07 1.963780e-07 6.398191e-07
1.180569e+01 6.524035e-07 2.799592e-07 3.971404e-07 1.280111e-06
1.185769e+01 1.244506e-06 5.403835e-07 7.610619e-07 2.432073e-06
1.190969e+01 2.255642e-06 9.883561e-07 1.383861e-06 4.394710e-06
1.196169e+01 3.890803e-06 1.715322e-06 2.391149e-06 7.565938e-06
1.201369e+01 6.398233e-06 2.829284e-06 3.932486e-06 1.243293e-05
1.206569e+01 1.004867e-05 4.442477e-06 6.166153e-06 1.953738e-05
1.211769e+01 1.509852e-05 6.651518e-06 9.233898e-06 2.941014e-05
1.216969e+01 2.173727e-05 9.511768e-06 1.322714e-05 4.247290e-05
1.222169e+01 3.002266e-05 1.300964e-05 1.814843e-05 5.890992e-05
1.227369e+01 3.981159e-05 1.703825e-05 2.387447e-05 7.852205e-05
1.232569e+01 5.070076e-05 2.138290e-05 3.012940e-05 1.005900e-04
1.237769e+01 6.199784e-05 2.572340e-05 3.647928e-05 1.237908e-04
1.242969e+01 7.274708e-05 2.965928e-05 4.235892e-05 1.462230e-04
1.248169e+01 8.182746e-05 3.276000e-05 4.713748e-05 1.655849e-04
1.253369e+01 8.812361e-05 3.463583e-05 5.021944e-05 1.795156e-04
1.258569e+01 9.074162e-05 3.501592e-05 5.116320e-05 1.860457e-04
1.263769e+01 8.921649e-05 3.381396e-05 4.978793e-05 1.840476e-04
1.268969e+01 8.364793e-05 3.116161e-05 4.623766e-05 1.735445e-04
1.274169e+01 7.471757e-05 2.739980e-05 4.098386e-05 1.557691e-04
1.279369e+01 6.358015e-05 2.303445e-05 3.477243e-05 1.329336e-04
1.284569e+01 5.167008e-05 1.868200e-05 2.854765e-05 1.077806e-04
1.289769e+01 4.050063e-05 1.504163e-05 2.340144e-05 8.305881e-05
1.294969e+01 3.153989e-05 1.292977e-05 2.059143e-05 6.109848e-05
1.300169e+01 2.621923e-05 1.339443e-05 2.164039e-05 4.362286e-05
1.305369e+01 2.607531e-05 1.789257e-05 2.848148e-05 3.185187e-05
1.310569e+01 3.296436e-05 2.847016e-05 4.356455e-05 2.685838e-05
1.315769e+01 4.923879e-05 4.784554e-05 6.981409e-05 3.005673e-05
1.320969e+01 7.776254e-05 7.928418e-05 1.103548e-04 4.364866e-05
1.326169e+01 1.216748e-04 1.261908e-04 1.680016e-04 7.083212e-05
1.331369e+01 1.838906e-04 1.914422e-04 2.446243e-04 1.156054e-04
1.336569e+01 2.664310e-04 2.766155e-04 3.405835e-04 1.820941e-04
1.341769e+01 3.697707e-04 3.813732e-04 4.544354e-04 2.735036e-04
1.346969e+01 4.924263e-04 5.032694e-04 5.829957e-04 3.910137e-04
1.352169e+01 6.309711e-04 6.381150e-04 7.217082e-04 5.330900e-04
1.357369e+01 7.805473e-04 7.808233e-04 8.651730e-04 6.956457e-04
1.362569e+01 9.357989e-04 9.264696e-04 1.007736e-03 8.731913e-04
1.367769e+01 1.092013e-03 1.071251e-03 1.144162e-03 1.060625e-03
1.372969e+01 1.246177e-03 1.213134e-03 1.270482e-03 1.254916e-03
1.378169e+01 1.397648e-03 1.352143e-03 1.384933e-03 1.455869e-03
1.383369e+01 1.548187e-03 1.490306e-03 1.488674e-03 1.665582e-03
1.388569e+01 1.701285e-03 1.631235e-03 1.585744e-03 1.886877e-03
1.393769e+01 1.860882e-03 1.779238e-03 1.681913e-03 2.121494e-03
1.398969e+01 2.029835e-03 1.937967e-03 1.782628e-03 2.368912e-03
1.404169e+01 2.208657e-03 2.108906e-03 1.890881e-03 2.626185e-03
1.409369e+01 2.395028e-03 2.290400e-03 2.006052e-03 2.888631e-03
1.414569e+01 2.584422e-03 2.477918e-03 2.124457e-03 3.150892e-03
1.419769e+01 2.771737e-03 2.665822e-03 2.241444e-03 3.407947e-03
1.424969e+01 2.953369e-03 2.850059e-03 2.354097e-03 3.655952e-03
1.430169e+01 3.128942e-03 3.030540e-03 2.463322e-03 3.892963e-03
1.435369e+01 3.301991e-03 3.211972e-03 2.574435e-03 4.119567e-03
1.440569e+01 3.479347e-03 3.402580e-03 2.696107e-03 4.339352e-03
1.445769e+01 3.669352e-03 3.611098e-03 2.838037e-03 4.558921e-03
1.450969e+01 3.879276e-03 3.842973e-03 3.007862e-03 4.786992e-03
1.456169e+01 4.112199e-03 4.096806e-03 3.207784e-03 5.032007e-03
1.461369e+01 4.363772e-03 4.361867e-03 3.431488e-03 5.297962e-03
1.466569e+01 4.619676e-03 4.617501e-03 3.662383e-03 5.579143e-03
1.471769e+01 4.855203e-03 4.835263e-03 3.874496e-03 5.855849e-03
1.476969e+01 5.038426e-03 4.984256e-03 4.036922e-03 6.094100e-03
1.482169e+01 5.137356e-03 5.039010e-03 4.121394e-03 6.251666e-03
1.487369e+01 5.129501e-03 4.987665e-03 4.110771e-03 6.290067e-03
1.492569e+01 5.010390e-03 4.837256e-03 4.005176e-03 6.188738e-03
1.497769e+01 4.797257e-03 4.613395e-03 3.823061e-03 5.955315e-03
1.502969e+01 4.525685e-03 4.353857e-03 3.596433e-03 5.626766e-03
1.508169e+01 4.240070e-03 4.098254e-03 3.362060e-03 5.259897e-03
1.513369e+01 3.981529e-03 3.877796e-03 3.152090e-03 4.914703e-03
1.518569e+01 3.777950e-03 3.708947e-03 2.987465e-03 4.637437e-03
1.523769e+01 3.639606e-03 3.592770e-03 2.875888e-03 4.450159e-03
1.528969e+01 3.561019e-03 3.519075e-03 2.813851e-03 4.350130e-03
1.534169e+01 3.527009e-03 3.472630e-03 2.790769e-03 4.317628e-03
1.539369e+01 3.519579e-03 3.438480e-03 2.793042e-03 4.327215e-03
1.544569e+01 3.522831e-03 3.404732e-03 2.806842e-03 4.356921e-03
1.549769e+01 3.524933e-03 3.363005e-03 2.819694e-03 4.392102e-03
1.554969e+01 3.517931e-03 3.307950e-03 2.821613e-03 4.424229e-03
1.560169e+01 3.497043e-03 3.237244e-03 2.806392e-03 4.447492e-03
1.565369e+01 3.460631e-03 3.152453e-03 2.772917e-03 4.456525e-03
1.570569e+01 3.410944e-03 3.060078e-03 2.725817e-03 4.446937e-03
1.575769e+01 3.354752e-03 2.971540e-03 2.674724e-03 4.417991e-03
1.580969e+01 3.302801e-03 2.901323e-03 2.631955e-03 4.375126e-03
1.586169e+01 3.267563e-03 2.863465e-03 2.609130e-03 4.330095e-03
1.591369e+01 3.259651e-03 2.867442e-03 2.613679e-03 4.297831e-03
1.596569e+01 3.284034e-03 2.914870e-03 2.646265e-03 4.290967e-03
1.601769e+01 3.337404e-03 2.998145e-03 2.699909e-03 4.314157e-03
1.606969e+01 3.407713e-03 3.101463e-03 2.761181e-03 4.360493e-03
1.612169e+01 3.476271e-03 3.203979e-03 2.813303e-03 4.411532e-03
1.617369e+01 3.521985e-03 3.284265e-03 2.840429e-03 4.441261e-03
1.622569e+01 3.526655e-03 3.324993e-03 2.831986e-03 4.422985e-03
1.627769e+01 3.479859e-03 3.316691e-03 2.785813e-03 4.337074e-03
1.632969e+01 3.381942e-03 3.259684e-03 2.709155e-03 4.176989e-03
1.638169e+01 3.244123e-03 3.163745e-03 2.617231e-03 3.951392e-03
1.643369e+01 3.085646e-03 3.045618e-03 2.529826e-03 3.681492e-03
1.648569e+01 2.928894e-03 2.925108e-03 2.466869e-03 3.394706e-03
1.653769e+01 2.794055e-03 2.820806e-03 2.444121e-03 3.117239e-03
1.658969e+01 2.694971e-03 2.746517e-03 2.469888e-03 2.868509e-03
1.664169e+01 2.637218e-03 2.709115e-03 2.543310e-03 2.659229e-03
1.669369e+01 2.618545e-03 2.708074e-03 2.654491e-03 2.493071e-03
1.674569e+01 2.631057e-03 2.736494e-03 2.786460e-03 2.370219e-03
1.679769e+01 2.664152e-03 2.783155e-03 2.918725e-03 2.290576e-03
1.684969e+01 2.707293e-03 2.835082e-03 3.031782e-03 2.255016e-03
1.690169e+01 2.751989e-03 2.880108e-03 3.111482e-03 2.264377e-03
1.695369e+01 2.792675e-03 2.908987e-03 3.151937e-03 2.317102e-03
1.700569e+01 2.826552e-03 2.916708e-03 3.155951e-03 2.406997e-03
1.705769e+01 2.852668e-03 2.902790e-03 3.132813e-03 2.522401e-03
1.710969e+01 2.870755e-03 2.870574e-03 3.094389e-03 2.647301e-03
1.716169e+01 2.880329e-03 2.825734e-03 3.051159e-03 2.764094e-03
1.721369e+01 2.880382e-03 2.774429e-03 3.009695e-03 2.857021e-03
1.726569e+01 2.869664e-03 2.721569e-03 2.972260e-03 2.915163e-03
1.731769e+01 2.847270e-03 2.669657e-03 2.938067e-03 2.934086e-03
1.736969e+01 2.813107e-03 2.618432e-03 2.905072e-03 2.915819e-03
1.742169e+01 2.768003e-03 2.565375e-03 2.871254e-03 2.867380e-03
1.747369e+01 2.713460e-03 2.506870e-03 2.834950e-03 2.798559e-03
1.752569e+01 2.651311e-03 2.439635e-03 2.794592e-03 2.719705e-03
1.757769e+01 2.583547e-03 2.362010e-03 2.748525e-03 2.640106e-03
1.762969e+01 2.512420e-03 2.274751e-03 2.695396e-03 2.567113e-03
1.768169e+01 2.440647e-03 2.181150e-03 2.635045e-03 2.505745e-03
1.773369e+01 2.371431e-03 2.086493e-03 2.569338e-03 2.458462e-03
1.778569e+01 2.308090e-03 1.997026e-03 2.502335e-03 2.424909e-03
1.783769e+01 2.253354e-03 1.918696e-03 2.439494e-03 2.401873e-03
1.788969e+01 2.208667e-03 1.855950e-03 2.386215e-03 2.383835e-03
1.794169e+01 2.173857e-03 1.810871e-03 2.346342e-03 2.364358e-03
1.799369e+01 2.147402e-03 1.782870e-03 2.321263e-03 2.338074e-03
1.804569e+01 2.127137e-03 1.769003e-03 2.309887e-03 2.302522e-03
1.809769e+01 2.111066e-03 1.764861e-03 2.309332e-03 2.259004e-03
1.814969e+01 2.097893e-03 1.765788e-03 2.315929e-03 2.211962e-03
1.820169e+01 2.087101e-03 1.768089e-03 2.326133e-03 2.167081e-03
1.825369e+01 2.078650e-03 1.769898e-03 2.337141e-03 2.128913e-03
1.830569e+01 2.072574e-03 1.771459e-03 2.347253e-03 2.099011e-03
1.835769e+01 2.068718e-03 1.774802e-03 2.356072e-03 2.075279e-03
1.840969e+01 2.066759e-03 1.782934e-03 2.364652e-03 2.052690e-03
1.846169e+01 2.066452e-03 1.798849e-03 2.375550e-03 2.024956e-03
1.851369e+01 2.067944e-03 1.824623e-03 2.392713e-03 1.986497e-03
1.856569e+01 2.071979e-03 1.860833e-03 2.421071e-03 1.934035e-03
1.861769e+01 2.079887e-03 1.906435e-03 2.465784e-03 1.867442e-03
1.866969e+01 2.093336e-03 1.959104e-03 2.531164e-03 1.789740e-03
1.872169e+01 2.113919e-03 2.015945e-03 2.619400e-03 1.706413e-03
1.877369e+01 2.142677e-03 2.074372e-03 2.729340e-03 1.624319e-03
1.882569e+01 2.179675e-03 2.132870e-03 2.855685e-03 1.550471e-03
1.887769e+01 2.223746e-03 2.191338e-03 2.988965e-03 1.490936e-03
1.892969e+01 2.272460e-03 2.250833e-03 3.116576e-03 1.449973e-03
1.898169e+01 2.322397e-03 2.312777e-03 3.224887e-03 1.429526e-03
1.903369e+01 2.369728e-03 2.377974e-03 3.302124e-03 1.429087e-03
1.908569e+01 2.411074e-03 2.445899e-03 3.341392e-03 1.445932e-03
1.913769e+01 2.444452e-03 2.514706e-03 3.343002e-03 1.475649e-03
1.918969e+01 2.470034e-03 2.582004e-03 3.315244e-03 1.512853e-03
1.924169e+01 2.490357e-03 2.646111e-03 3.273039e-03 1.551922e-03
1.929369e+01 2.509708e-03 2.707131e-03 3.234383e-03 1.587610e-03
1.934569e+01 2.532651e-03 2.767198e-03 3.215282e-03 1.615473e-03
1.939769e+01 2.562035e-03 2.829525e-03 3.224504e-03 1.632078e-03
1.944969e+01 2.597118e-03 2.896398e-03 3.259879e-03 1.635075e-03
1.950169e+01 2.632559e-03 2.966797e-03 3.307665e-03 1.623216e-03
1.955369e+01 2.658848e-03 3.034639e-03 3.345556e-03 1.596350e-03
1.960569e+01 2.664225e-03 3.088582e-03 3.348673e-03 1.555418e-03
1.965769e+01 2.637632e-03 3.113853e-03 3.296638e-03 1.502405e-03
1.970969e+01 2.571818e-03 3.095813e-03 3.179388e-03 1.440252e-03
1.976169e+01 2.465616e-03 3.024256e-03 2.999838e-03 1.372756e-03
1.981369e+01 2.324734e-03 2.896985e-03 2.772761e-03 1.304457e-03
1.986569e+01 2.160843e-03 2.721388e-03 2.520647e-03 1.240493e-03
1.991769e+01 1.989312e-03 2.513388e-03 2.268254e-03 1.186292e-03
1.996969e+01 1.826260e-03 2.294113e-03 2.037656e-03 1.147011e-03
2.002169e+01 1.685714e-03 2.085400e-03 1.845008e-03 1.126735e-03
2.007369e+01 1.577521e-03 1.905561e-03 1.699379e-03 1.127622e-03
2.012569e+01 1.506384e-03 1.766594e-03 1.603287e-03 1.149272e-03
2.017769e+01 1.472072e-03 1.673391e-03 1.554243e-03 1.188582e-03
2.022969e+01 1.470546e-03 1.624794e-03 1.546667e-03 1.240176e-03
2.028169e+01 1.495612e-03 1.615841e-03 1.573702e-03 1.297293e-03
2.033369e+01 1.540618e-03 1.640334e-03 1.628629e-03 1.352892e-03
2.038569e+01 1.599758e-03 1.692865e-03 1.705687e-03 1.400721e-03
2.043769e+01 1.668667e-03 1.769695e-03 1.800159e-03 1.436147e-03
2.048969e+01 1.744204e-03 1.868252e-03 1.907716e-03 1.456645e-03
2.054169e+01 1.823550e-03 1.985509e-03 2.023232e-03 1.461909e-03
2.059369e+01 1.903036e-03 2.115963e-03 2.139550e-03 1.453596e-03
2.064569e+01 1.977280e-03 2.250193e-03 2.246842e-03 1.434805e-03
2.069769e+01 2.039119e-03 2.374826e-03 2.333119e-03 1.409411e-03
2.074969e+01 2.080570e-03 2.474226e-03 2.386077e-03 1.381407e-03
2.080169e+01 2.094551e-03 2.533476e-03 2.395819e-03 1.354359e-03
2.085369e+01 2.076749e-03 2.541694e-03 2.357522e-03 1.331032e-03
2.090569e+01 2.026891e-03 2.494539e-03 2.272983e-03 1.313152e-03
2.095769e+01 1.948937e-03 2.395139e-03 2.150362e-03 1.301310e-03
2.100969e+01 1.850151e-03 2.253293e-03 2.002205e-03 1.294956e-03
2.106169e+01 1.739452e-03 2.083359e-03 1.842496e-03 1.292502e-03
2.111369e+01 1.625649e-03 1.901572e-03 1.683832e-03 1.291544e-03
2.116569e+01 1.516094e-03 1.723475e-03 1.535610e-03 1.289196e-03
2.121769e+01 1.416015e-03 1.561932e-03 1.403570e-03 1.282543e-03
2.126969e+01 1.328484e-03 1.425888e-03 1.290404e-03 1.269158e-03
2.132169e+01 1.254773e-03 1.319867e-03 1.196849e-03 1.247604e-03
2.137369e+01 1.194832e-03 1.244077e-03 1.122627e-03 1.217793e-03
2.142569e+01 1.147670e-03 1.195012e-03 1.066917e-03 1.181081e-03
2.147769e+01 1.111602e-03 1.166426e-03 1.028368e-03 1.140013e-03
2.152969e+01 1.084418e-03 1.150599e-03 1.004926e-03 1.097729e-03
2.158169e+01 1.063570e-03 1.139758e-03 9.937641e-04 1.057186e-03
2.163369e+01 1.046460e-03 1.127452e-03 9.914929e-04 1.020434e-03
2.168569e+01 1.030806e-03 1.109619e-03 9.946312e-04 9.881683e-04
2.173769e+01 1.015003e-03 1.085079e-03 1.000181e-03 9.597492e-04
2.178969e+01 9.983457e-04 1.055301e-03 1.006096e-03 9.336397e-04
2.184169e+01 9.810267e-04 1.023495e-03 1.011488e-03 9.080976e-04
2.189369e+01 9.638858e-04 9.933144e-04 1.016510e-03 8.818335e-04
2.194569e+01 9.479934e-04 9.676016e-04 1.021983e-03 8.543955e-04
2.199769e+01 9.342110e-04 9.475581e-04 1.028899e-03 8.261760e-04
2.204969e+01 9.228833e-04 9.325825e-04 1.037960e-03 7.981073e-04
2.210169e+01 9.137590e-04 9.207406e-04 1.049307e-03 7.712299e-04
2.215369e+01 9.061479e-04 9.096218e-04 1.062489e-03 7.463330e-04
2.220569e+01 8.992335e-04 8.972337e-04 1.076669e-03 7.237983e-04
2.225769e+01 8.924111e-04 8.826256e-04 1.090938e-03 7.036694e-04
2.230969e+01 8.855220e-04 8.660818e-04 1.104608e-03 6.858764e-04
2.236169e+01 8.789090e-04 8.489015e-04 1.117327e-03 6.704980e-04
2.241369e+01 8.732859e-04 8.329157e-04 1.129000e-03 6.579422e-04
2.246569e+01 8.694808e-04 8.199364e-04 1.139541e-03 6.489645e-04
2.251769e+01 8.681466e-04 8.113064e-04 1.148637e-03 6.444966e-04
2.256969e+01 8.695323e-04 8.076357e-04 1.155639e-03 6.453220e-04
2.262169e+01 8.733709e-04 8.087377e-04 1.159683e-03 6.516922e-04
2.267369e+01 8.789018e-04 8.137293e-04 1.159962e-03 6.630141e-04
2.272569e+01 8.850046e-04 8.212441e-04 1.156030e-03 6.777398e-04
2.277769e+01 8.904001e-04 8.297123e-04 1.147948e-03 6.935398e-04
2.282969e+01 8.938694e-04 8.376543e-04 1.136206e-03 7.077475e-04
2.288169e+01 8.944364e-04 8.439298e-04 1.121426e-03 7.179535e-04
2.293369e+01 8.914747e-04 8.478708e-04 1.103996e-03 7.225571e-04
2.298569e+01 8.847170e-04 8.492546e-04 1.083812e-03 7.210848e-04
2.303769e+01 8.741834e-04 8.481178e-04 1.060260e-03 7.141721e-04
2.308969e+01 8.600721e-04 8.444852e-04 1.032493e-03 7.032378e-04
2.314169e+01 8.426674e-04 8.381264e-04 9.998857e-04 6.899903e-04
2.319369e+01 8.223046e-04 8.284545e-04 9.625003e-04 6.759590e-04
2.324569e+01 7.993916e-04 8.146220e-04 9.213484e-04 6.622043e-04
2.329769e+01 7.744606e-04 7.957876e-04 8.783226e-04 6.492717e-04
2.334969e+01 7.482048e-04 7.714586e-04 8.358074e-04 6.373483e-04
2.340169e+01 7.214620e-04 7.417814e-04 7.961025e-04 6.265023e-04
2.345369e+01 6.951318e-04 7.076744e-04 7.608606e-04 6.168604e-04
2.350569e+01 6.700328e-04 6.707564e-04 7.307178e-04 6.086242e-04
2.355769e+01 6.467404e-04 6.330936e-04 7.052118e-04 6.019157e-04
2.360969e+01 6.254594e-04 5.968443e-04 6.829873e-04 5.965467e-04
2.366169e+01 6.059912e-04 5.639035e-04 6.622064e-04 5.918637e-04
2.371369e+01 5.878272e-04 5.356336e-04 6.410523e-04 5.867956e-04
2.376569e+01 5.703561e-04 5.127316e-04 6.182009e-04 5.801358e-04
2.381769e+01 5.531176e-04 4.952346e-04 5.931537e-04 5.709644e-04
2.386969e+01 5.360090e-04 4.826368e-04 5.663512e-04 5.590389e-04
2.392169e+01 5.193661e-04 4.740727e-04 5.390386e-04 5.449868e-04
2.397369e+01 5.038883e-04 4.685232e-04 5.129143e-04 5.302275e-04
2.402569e+01 4.904457e-04 4.650093e-04 4.896592e-04 5.166686e-04
2.407769e+01 4.798462e-04 4.627436e-04 4.704780e-04 5.063171e-04
2.412969e+01 4.726540e-04 4.612158e-04 4.557821e-04 5.009641e-04
2.418169e+01 4.691168e-04 4.602027e-04 4.450983e-04 5.020494e-04
2.423369e+01 4.692145e-04 4.597043e-04 4.372174e-04 5.107219e-04
2.428569e+01 4.727916e-04 4.598335e-04 4.305294e-04 5.280120e-04
2.433769e+01 4.797037e-04 4.606901e-04 4.234432e-04 5.549777e-04
2.438969e+01 4.899011e-04 4.622549e-04 4.147715e-04 5.926769e-04
2.444169e+01 5.033914e-04 4.643168e-04 4.039789e-04 6.418783e-04
2.449369e+01 5.200692e-04 4.664363e-04 3.912370e-04 7.025342e-04
2.454569e+01 5.394649e-04 4.679410e-04 3.772876e-04 7.731662e-04
2.459769e+01 5.605182e-04 4.679606e-04 3.631729e-04 8.504209e-04
2.464969e+01 5.815045e-04 4.655200e-04 3.499261e-04 9.290675e-04
2.470169e+01 6.002122e-04 4.597077e-04 3.383183e-04 1.002611e-03
2.475369e+01 6.143789e-04 4.499084e-04 3.287363e-04 1.064492e-03
2.480569e+01 6.222916e-04 4.360459e-04 3.212131e-04 1.109616e-03
2.485769e+01 6.233627e-04 4.187499e-04 3.155855e-04 1.135753e-03
2.490969e+01 6.184700e-04 3.993597e-04 3.116975e-04 1.144353e-03
2.496169e+01 6.098988e-04 3.797243e-04 3.095511e-04 1.140421e-03
2.501369e+01 6.008531e-04 3.618316e-04 3.093225e-04 1.131405e-03
2.506569e+01 5.946477e-04 3.473711e-04 3.112224e-04 1.125349e-03
2.511769e+01 5.938189e-04 3.373645e-04 3.152636e-04 1.128829e-03
2.516969e+01 5.994348e-04 3.319817e-04 3.210583e-04 1.145264e-03
2.522169e+01 6.108301e-04 3.305905e-04 3.277671e-04 1.174133e-03
2.527369e+01 6.258478e-04 3.320105e-04 3.342531e-04 1.211280e-03
2.532569e+01 6.414895e-04 3.348720e-04 3.393868e-04 1.250210e-03
2.537769e+01 6.547320e-04 3.379583e-04 3.423670e-04 1.283870e-03
2.542969e+01 6.632261e-04 3.404271e-04 3.429107e-04 1.306341e-03
2.548169e+01 6.656674e-04 3.418619e-04 3.412361e-04 1.313904e-03
2.553369e+01 6.617879e-04 3.421715e-04 3.378683e-04 1.305324e-03
2.558569e+01 6.520777e-04 3.414080e-04 3.333799e-04 1.281445e-03
2.563769e+01 6.374264e-04 3.395933e-04 3.281962e-04 1.244490e-03
2.568969e+01 6.188517e-04 3.366314e-04 3.225400e-04 1.197384e-03
2.574169e+01 5.973839e-04 3.323376e-04 3.165087e-04 1.143305e-03
2.579369e+01 5.740699e-04 3.265634e-04 3.102123e-04 1.085434e-03
2.584569e+01 5.500083e-04 3.193516e-04 3.038832e-04 1.026790e-03
2.589769e+01 5.263354e-04 3.110401e-04 2.979011e-04 9.700650e-04
2.594969e+01 5.041383e-04 3.022545e-04 2.927295e-04 9.174309e-04
2.600169e+01 4.843276e-04 2.937810e-04 2.887988e-04 8.704030e-04
2.605369e+01 4.675232e-04 2.863648e-04 2.863882e-04 8.298167e-04
2.610569e+01 4.539994e-04 2.805170e-04 2.855449e-04 7.959363e-04
2.615769e+01 4.436988e-04 2.764045e-04 2.860569e-04 7.686350e-04
2.620969e+01 4.362949e-04 2.738594e-04 2.874793e-04 7.475461e-04
2.626169e+01 4.312681e-04 2.724870e-04 2.892037e-04 7.321138e-04
2.631369e+01 4.279695e-04 2.718164e-04 2.905592e-04 7.215328e-04
2.636569e+01 4.256667e-04 2.714290e-04 2.909294e-04 7.146418e-04
2.641769e+01 4.235861e-04 2.710280e-04 2.898666e-04 7.098637e-04
2.646969e+01 4.209657e-04 2.704481e-04 2.871773e-04 7.052718e-04
2.652169e+01 4.171328e-04 2.696334e-04 2.829594e-04 6.988056e-04
2.657369e+01 4.115989e-04 2.686147e-04 2.775811e-04 6.886010e-04
2.662569e+01 4.041566e-04 2.674974e-04 2.716139e-04 6.733585e-04
2.667769e+01 3.949512e-04 2.664530e-04 2.657462e-04 6.526542e-04
2.672969e+01 3.845033e-04 2.656954e-04 2.607123e-04 6.271022e-04
2.678169e+01 3.736663e-04 2.654378e-04 2.572595e-04 5.983016e-04
2.683369e+01 3.635175e-04 2.658470e-04 2.561549e-04 5.685506e-04
2.688569e+01 3.551983e-04 2.670240e-04 2.582001e-04 5.403708e-04
2.693769e+01 3.497275e-04 2.690272e-04 2.642038e-04 5.159516e-04
2.698969e+01 3.478171e-04 2.719266e-04 2.748671e-04 4.966575e-04
2.704169e+01 3.497206e-04 2.758500e-04 2.905754e-04 4.827364e-04
2.709369e+01 3.551464e-04 2.809815e-04 3.111500e-04 4.733076e-04
2.714569e+01 3.632648e-04 2.874986e-04 3.356638e-04 4.666322e-04
2.719769e+01 3.728291e-04 2.954713e-04 3.624358e-04 4.605802e-04
2.724969e+01 3.824040e-04 3.047801e-04 3.892715e-04 4.531604e-04
2.730169e+01 3.906621e-04 3.151017e-04 4.139171e-04 4.429674e-04
2.735369e+01 3.966756e-04 3.259856e-04 4.345995e-04 4.294416e-04
2.740569e+01 4.001200e-04 3.369930e-04 4.504695e-04 4.128974e-04
2.745769e+01 4.013263e-04 3.478371e-04 4.617920e-04 3.943499e-04
2.750969e+01 4.011670e-04 3.584609e-04 4.698258e-04 3.752142e-04
2.756169e+01 4.008168e-04 3.690207e-04 4.764542e-04 3.569755e-04
2.761369e+01 4.014736e-04 3.797932e-04 4.837125e-04 3.409151e-04
2.766569e+01 4.041272e-04 3.910652e-04 4.933706e-04 3.279457e-04
2.771769e+01 4.094345e-04 4.030653e-04 5.066694e-04 3.185689e-04
2.776969e+01 4.177017e-04 4.159609e-04 5.242147e-04 3.129294e-04
2.782169e+01 4.289281e-04 4.298929e-04 5.459681e-04 3.109233e-04
2.787369e+01 4.428537e-04 4.449882e-04 5.712639e-04 3.123089e-04
2.792569e+01 4.589765e-04 4.613064e-04 5.988327e-04 3.167904e-04
2.797769e+01 4.765554e-04 4.787284e-04 6.268781e-04 3.240598e-04
2.802969e+01 4.946447e-04 4.968515e-04 6.532781e-04 3.338045e-04
2.808169e+01 5.122029e-04 5.149754e-04 6.759405e-04 3.456926e-04
2.813369e+01 5.282766e-04 5.322297e-04 6.932480e-04 3.593520e-04
2.818569e+01 5.422050e-04 5.478153e-04 7.044456e-04 3.743540e-04
2.823769e+01 5.537646e-04 5.612641e-04 7.098114e-04 3.902182e-04
2.828969e+01 5.631923e-04 5.725942e-04 7.105288e-04 4.064538e-04
2.834169e+01 5.710774e-04 5.822825e-04 7.083085e-04 4.226413e-04
2.839369e+01 5.781739e-04 5.910651e-04 7.049221e-04 4.385345e-04
2.844569e+01 5.852093e-04 5.996626e-04 7.018353e-04 4.541299e-04
2.849769e+01 5.927537e-04 6.085637e-04 7.000576e-04 4.696400e-04
2.854969e+01 6.011692e-04 6.179604e-04 7.002048e-04 4.853424e-04
2.860169e+01 6.106204e-04 6.278481e-04 7.026661e-04 5.013468e-04
2.865369e+01 6.211169e-04 6.382259e-04 7.077382e-04 5.173865e-04
2.870569e+01 6.325627e-04 6.492924e-04 7.156310e-04 5.327645e-04
2.875769e+01 6.448023e-04 6.615512e-04 7.263380e-04 5.465178e-04
2.880969e+01 6.576594e-04 6.757779e-04 7.394387e-04 5.577617e-04
2.886169e+01 6.709582e-04 6.928541e-04 7.539459e-04 5.660746e-04
2.891369e+01 6.845245e-04 7.135097e-04 7.683041e-04 5.717597e-04
2.896569e+01 6.981724e-04 7.380481e-04 7.805990e-04 5.758700e-04
2.901769e+01 7.116960e-04 7.661405e-04 7.889631e-04 5.799845e-04
2.906969e+01 7.248884e-04 7.967716e-04 7.920774e-04 5.858161e-04
2.912169e+01 7.375896e-04 8.283712e-04 7.896213e-04 5.947764e-04
2.917369e+01 7.497484e-04 8.591045e-04 7.825196e-04 6.076211e-04
2.922569e+01 7.614693e-04 8.872315e-04 7.729060e-04 6.242704e-04
2.927769e+01 7.730331e-04 9.114308e-04 7.638117e-04 6.438569e-04
2.932969e+01 7.849002e-04 9.310111e-04 7.586748e-04 6.650146e-04
2.938169e+01 7.977186e-04 9.459991e-04 7.607966e-04 6.863601e-04
2.943369e+01 8.123481e-04 9.571363e-04 7.728617e-04 7.070463e-04
2.948569e+01 8.298744e-04 9.658249e-04 7.965901e-04 7.272082e-04
2.953769e+01 8.515653e-04 9.740216e-04 8.325534e-04 7.481210e-04
2.958969e+01 8.787220e-04 9.840339e-04 8.801553e-04 7.719767e-04
2.964169e+01 9.124204e-04 9.981616e-04 9.377592e-04 8.013404e-04
2.969369e+01 9.531998e-04 1.018179e-03 1.002929e-03 8.384922e-04
2.974569e+01 1.000796e-03 1.044749e-03 1.072726e-03 8.849135e-04
2.979769e+01 1.054025e-03 1.076980e-03 1.144001e-03 9.410933e-04
2.984969e+01 1.110871e-03 1.112340e-03 1.213618e-03 1.006656e-03
2.990169e+01 1.168783e-03 1.147107e-03 1.278590e-03 1.080652e-03
2.995369e+01 1.225072e-03 1.177285e-03 1.336143e-03 1.161788e-03
3.000569e+01 1.277313e-03 1.199726e-03 1.383757e-03 1.248455e-03
3.005769e+01 1.323620e-03 1.213047e-03 1.419236e-03 1.338577e-03
3.010969e+01 1.362747e-03 1.217989e-03 1.440839e-03 1.429412e-03
3.016169e+01 1.394042e-03 1.217115e-03 1.447500e-03 1.517511e-03
3.021369e+01 1.417335e-03 1.213985e-03 1.439068e-03 1.598952e-03
3.026569e+01 1.432833e-03 1.212155e-03 1.416525e-03 1.669818e-03
3.031769e+01 1.441054e-03 1.214328e-03 1.382053e-03 1.726781e-03
3.036969e+01 1.442770e-03 1.221850e-03 1.338881e-03 1.767579e-03
3.042169e+01 1.438909e-03 1.234599e-03 1.290882e-03 1.791246e-03
3.047369e+01 1.430411e-03 1.251196e-03 1.241976e-03 1.798061e-03
3.052569e+01 1.418072e-03 1.269439e-03 1.195498e-03 1.789278e-03
3.057769e+01 1.402439e-03 1.286855e-03 1.153677e-03 1.766785e-03
3.062969e+01 1.383809e-03 1.301263e-03 1.117389e-03 1.732777e-03
3.068169e+01 1.362317e-03 1.311206e-03 1.086210e-03 1.689536e-03
3.073369e+01 1.338086e-03 1.316180e-03 1.058771e-03 1.639308e-03
3.078569e+01 1.311377e-03 1.316581e-03 1.033284e-03 1.584265e-03
3.083769e+01 1.282687e-03 1.313418e-03 1.008132e-03 1.526511e-03
3.088969e+01 1.252765e-03 1.307843e-03 9.823635e-04 1.468089e-03
3.094169e+01 1.222523e-03 1.300663e-03 9.559875e-04 1.410920e-03
3.099369e+01 1.192885e-03 1.291983e-03 9.300029e-04 1.356669e-03
3.104569e+01 1.164625e-03 1.281131e-03 9.061809e-04 1.306563e-03
3.109769e+01 1.138281e-03 1.266917e-03 8.866652e-04 1.261262e-03
3.114969e+01 1.114172e-03 1.248168e-03 8.734969e-04 1.220850e-03
3.120169e+01 1.092494e-03 1.224309e-03 8.681639e-04 1.185010e-03
3.125369e+01 1.073433e-03 1.195748e-03 8.712563e-04 1.153295e-03
3.130569e+01 1.057192e-03 1.163895e-03 8.822798e-04 1.125402e-03
3.135769e+01 1.043916e-03 1.130794e-03 8.996585e-04 1.101297e-03
3.140969e+01 1.033543e-03 1.098535e-03 9.209318e-04 1.081161e-03
3.146169e+01 1.025658e-03 1.068675e-03 9.431190e-04 1.065180e-03
3.151369e+01 1.019445e-03 1.041862e-03 9.631887e-04 1.053284e-03
3.156569e+01 1.013754e-03 1.017784e-03 9.785424e-04 1.044935e-03
3.161769e+01 1.007293e-03 9.954068e-04 9.874140e-04 1.039058e-03
3.166969e+01 9.988796e-04 9.734142e-04 9.891088e-04 1.034116e-03
3.172169e+01 9.876976e-04 9.507097e-04 9.840436e-04 1.028340e-03
3.177369e+01 9.735009e-04 9.268378e-04 9.735966e-04 1.020068e-03
3.182569e+01 9.567129e-04 9.022116e-04 9.598055e-04 1.008122e-03
3.187769e+01 9.383886e-04 8.780769e-04 9.449714e-04 9.921176e-04
3.192969e+01 9.200260e-04 8.562252e-04 9.312374e-04 9.726152e-04
3.198169e+01 9.032619e-04 8.385492e-04 9.202164e-04 9.510202e-04
3.203369e+01 8.895359e-04 8.265928e-04 9.127511e-04 9.292639e-04
3.208569e+01 8.798258e-04 8.212422e-04 9.088757e-04 9.093596e-04
3.213769e+01 8.745397e-04 8.226350e-04 9.079980e-04 8.929862e-04
3.218969e+01 8.735764e-04 8.302628e-04 9.092420e-04 8.812245e-04
3.224169e+01 8.764924e-04 8.431690e-04 9.118199e-04 8.744884e-04
3.229369e+01 8.826702e-04 8.601321e-04 9.152767e-04 8.726019e-04
3.234569e+01 8.914038e-04 8.797818e-04 9.195098e-04 8.749199e-04
3.239769e+01 9.018848e-04 9.006721e-04 9.245713e-04 8.804109e-04
3.244969e+01 9.131462e-04 9.213829e-04 9.303709e-04 8.876850e-04
3.250169e+01 9.240556e-04 9.407037e-04 9.364379e-04 8.950251e-04
3.255369e+01 9.334189e-04 9.578757e-04 9.418675e-04 9.005136e-04
3.260569e+01 9.401919e-04 9.727909e-04 9.454802e-04 9.023047e-04
3.265769e+01 9.437193e-04 9.860188e-04 9.461289e-04 8.990102e-04
3.270969e+01 9.438988e-04 9.985863e-04 9.430353e-04 8.900748e-04
3.276169e+01 9.411920e-04 1.011553e-03 9.360375e-04 8.759860e-04
3.281369e+01 9.364766e-04 1.025534e-03 9.256801e-04 8.582156e-04
3.286569e+01 9.308044e-04 1.040380e-03 9.131370e-04 8.388959e-04
3.291769e+01 9.251620e-04 1.055144e-03 9.000030e-04 8.203395e-04
3.296969e+01 9.203142e-04 1.068359e-03 8.880163e-04 8.045671e-04
3.302169e+01 9.167529e-04 1.078505e-03 8.787727e-04 7.929809e-04
3.307369e+01 9.147262e-04 1.084450e-03 8.734788e-04 7.862500e-04
3.312569e+01 9.142909e-04 1.085702e-03 8.727806e-04 7.843898e-04
3.317769e+01 9.153506e-04 1.082400e-03 8.766908e-04 7.869609e-04
3.322969e+01 9.176739e-04 1.075100e-03 8.846301e-04 7.932917e-04
3.328169e+01 9.209173e-04 1.064518e-03 8.955858e-04 8.026485e-04
3.333369e+01 9.246834e-04 1.051375e-03 9.083657e-04 8.143095e-04
3.338569e+01 9.286226e-04 1.036425e-03 9.218913e-04 8.275518e-04
3.343769e+01 9.325467e-04 1.020601e-03 9.354435e-04 8.415956e-04
3.348969e+01 9.364975e-04 1.005161e-03 9.487670e-04 8.555649e-04
3.354169e+01 9.407171e-04 9.916566e-04 9.619852e-04 8.685095e-04
3.359369e+01 9.455101e-04 9.816854e-04 9.753530e-04 8.794919e-04
3.364569e+01 9.510441e-04 9.764699e-04 9.889533e-04 8.877092e-04
3.369769e+01 9.571767e-04 9.764560e-04 1.002475e-03 8.925990e-04
3.374969e+01 9.633903e-04 9.811134e-04 1.015167e-03 8.938902e-04
3.380169e+01 9.688734e-04 9.890398e-04 1.025987e-03 8.915935e-04
3.385369e+01 9.727139e-04 9.983217e-04 1.033863e-03 8.859567e-04
3.390569e+01 9.741329e-04 1.006988e-03 1.037985e-03 8.774250e-04
3.395769e+01 9.726729e-04 1.013378e-03 1.038009e-03 8.666322e-04
3.400969e+01 9.682888e-04 1.016311e-03 1.034141e-03 8.544136e-04
3.406169e+01 9.613269e-04 1.015084e-03 1.027102e-03 8.417951e-04
3.411369e+01 9.524108e-04 1.009365e-03 1.017963e-03 8.299046e-04
3.416569e+01 9.422733e-04 9.990986e-04 1.007936e-03 8.197854e-04
3.421769e+01 9.315806e-04 9.844512e-04 9.981419e-04 8.121488e-04
3.426969e+01 9.207976e-04 9.657929e-04 9.894450e-04 8.071549e-04
3.432169e+01 9.101290e-04 9.436861e-04 9.823834e-04 8.043175e-04
3.437369e+01 8.995483e-04 9.188534e-04 9.772088e-04 8.025829e-04
3.442569e+01 8.888948e-04 8.921313e-04 9.739875e-04 8.005657e-04
3.447769e+01 8.779953e-04 8.644271e-04 9.726911e-04 7.968678e-04
3.452969e+01 8.667631e-04 8.366926e-04 9.732082e-04 7.903884e-04
3.458169e+01 8.552381e-04 8.099096e-04 9.752541e-04 7.805504e-04
3.463369e+01 8.435598e-04 7.850642e-04 9.782153e-04 7.673999e-04
3.468569e+01 8.318917e-04 7.630859e-04 9.810246e-04 7.515646e-04
3.473769e+01 8.203368e-04 7.447428e-04 9.821764e-04 7.340913e-04
3.478969e+01 8.088880e-04 7.305114e-04 9.799494e-04 7.162033e-04
3.484169e+01 7.974397e-04 7.204628e-04 9.728103e-04 6.990461e-04
3.489369e+01 7.858562e-04 7.142073e-04 9.598732e-04 6.834882e-04
3.494569e+01 7.740618e-04 7.109257e-04 9.412388e-04 6.700208e-04
3.499769e+01 7.621050e-04 7.094886e-04 9.180699e-04 6.587565e-04
3.504969e+01 7.501664e-04 7.086502e-04 8.923600e-04 6.494890e-04
3.510169e+01 7.385071e-04 7.072837e-04 8.664746e-04 6.417631e-04
3.515369e+01 7.273875e-04 7.046133e-04 8.426194e-04 6.349297e-04
3.520569e+01 7.169929e-04 7.003807e-04 8.223991e-04 6.281989e-04
3.525769e+01 7.073959e-04 6.948844e-04 8.065759e-04 6.207273e-04
3.530969e+01 6.985650e-04 6.888690e-04 7.950545e-04 6.117716e-04
3.536169e+01 6.904159e-04 6.832947e-04 7.870552e-04 6.008979e-04
3.541369e+01 6.828889e-04 6.790758e-04 7.813988e-04 5.881921e-04
3.546569e+01 6.760301e-04 6.768860e-04 7.768200e-04 5.743844e-04
3.551769e+01 6.700454e-04 6.770859e-04 7.722394e-04 5.608109e-04
3.556969e+01 6.652943e-04 6.797593e-04 7.669469e-04 5.491767e-04
3.562169e+01 6.622060e-04 6.847920e-04 7.606728e-04 5.411533e-04
3.567369e+01 6.611265e-04 6.919239e-04 7.535450e-04 5.379107e-04
3.572569e+01 6.621399e-04 7.007447e-04 7.459546e-04 5.397206e-04
3.577769e+01 6.649294e-04 7.106544e-04 7.383685e-04 5.457654e-04
3.582969e+01 6.687368e-04 7.208410e-04 7.311381e-04 5.542313e-04
3.588169e+01 6.724506e-04 7.303189e-04 7.243534e-04 5.626795e-04
3.593369e+01 6.748071e-04 7.380386e-04 7.177828e-04 5.686000e-04
3.598569e+01 6.746477e-04 7.430416e-04 7.109141e-04 5.699874e-04
3.603769e+01 6.711592e-04 7.446170e-04 7.030858e-04 5.657748e-04
3.608969e+01 6.640324e-04 7.424240e-04 6.936672e-04 5.560060e-04
3.614169e+01 6.535082e-04 7.365644e-04 6.822389e-04 5.417212e-04
3.619369e+01 6.403186e-04 7.276073e-04 6.687232e-04 5.246254e-04
3.624569e+01 6.255595e-04 7.165646e-04 6.534401e-04 5.066739e-04
3.629769e+01 6.105312e-04 7.048036e-04 6.370814e-04 4.897085e-04
3.634969e+01 5.965696e-04 6.938707e-04 6.206090e-04 4.752290e-04
3.640169e+01 5.848687e-04 6.852161e-04 6.050876e-04 4.643023e-04
3.645369e+01 5.762926e-04 6.798577e-04 5.914717e-04 4.575484e-04
3.650569e+01 5.711963e-04 6.780792e-04 5.803787e-04 4.551310e-04
3.655769e+01 5.693035e-04 6.792889e-04 5.719060e-04 4.567156e-04
3.660969e+01 5.697028e-04 6.821321e-04 5.655543e-04 4.614221e-04
3.666169e+01 5.710008e-04 6.848568e-04 5.603013e-04 4.678443e-04
3.671369e+01 5.716150e-04 6.858225e-04 5.548229e-04 4.741995e-04
3.676569e+01 5.701322e-04 6.839676e-04 5.478065e-04 4.786227e-04
3.681769e+01 5.656237e-04 6.790657e-04 5.382653e-04 4.795402e-04
3.686969e+01 5.578245e-04 6.716927e-04 5.257662e-04 4.760146e-04
3.692169e+01 5.471415e-04 6.629545e-04 5.105178e-04 4.679522e-04
3.697369e+01 5.345171e-04 6.541175e-04 4.933167e-04 4.561170e-04
3.702569e+01 5.212196e-04 6.463070e-04 4.753884e-04 4.419635e-04
3.707769e+01 5.086342e-04 6.403726e-04 4.581796e-04 4.273504e-04
3.712969e+01 4.980971e-04 6.369238e-04 4.431518e-04 4.142156e-04
3.718169e+01 4.907827e-04 6.364504e-04 4.316119e-04 4.042859e-04
3.723369e+01 4.876269e-04 6.394189e-04 4.245928e-04 3.988690e-04
3.728569e+01 4.892691e-04 6.462684e-04 4.227816e-04 3.987574e-04
3.733769e+01 4.960066e-04 6.572990e-04 4.264779e-04 4.042430e-04
3.738969e+01 5.077630e-04 6.725054e-04 4.355644e-04 4.152194e-04
3.744169e+01 5.240804e-04 6.914335e-04 4.494831e-04 4.313246e-04
3.749369e+01 5.441423e-04 7.131234e-04 4.672336e-04 4.520698e-04
3.754569e+01 5.668365e-04 7.361639e-04 4.874295e-04 4.769160e-04
3.759769e+01 5.908608e-04 7.588501e-04 5.084434e-04 5.052889e-04
3.764969e+01 6.148669e-04 7.794086e-04 5.286408e-04 5.365512e-04
3.770169e+01 6.376232e-04 7.962519e-04 5.466499e-04 5.699677e-04
3.775369e+01 6.581676e-04 8.082265e-04 5.615851e-04 6.046912e-04
3.780569e+01 6.759175e-04 8.148189e-04 5.731456e-04 6.397882e-04
3.785769e+01 6.907167e-04 8.162820e-04 5.815560e-04 6.743120e-04
3.790969e+01 7.028154e-04 8.136343e-04 5.873865e-04 7.074254e-04
3.796169e+01 7.127960e-04 8.084952e-04 5.913311e-04 7.385618e-04
3.801369e+01 7.214582e-04 8.027566e-04 5.940332e-04 7.675850e-04
3.806569e+01 7.296783e-04 7.981488e-04 5.960121e-04 7.948739e-04
3.811769e+01 7.382514e-04 7.958158e-04 5.976894e-04 8.212491e-04
3.816969e+01 7.477358e-04 7.960373e-04 5.994679e-04 8.477022e-04
3.822169e+01 7.583275e-04 7.981993e-04 6.018002e-04 8.749829e-04
3.827369e+01 7.698087e-04 8.010341e-04 6.051960e-04 9.031961e-04
3.832569e+01 7.816038e-04 8.030555e-04 6.101579e-04 9.315981e-04
3.837769e+01 7.929444e-04 8.030409e-04 6.170731e-04 9.587193e-04
3.842969e+01 8.031034e-04 8.003991e-04 6.261097e-04 9.828013e-04
3.848169e+01 8.116148e-04 7.953018e-04 6.371570e-04 1.002386e-03
3.853369e+01 8.183940e-04 7.885421e-04 6.498225e-04 1.016817e-03
3.858569e+01 8.237012e-04 7.811821e-04 6.634664e-04 1.026455e-03
3.863769e+01 8.279607e-04 7.741194e-04 6.772441e-04 1.032519e-03
3.868969e+01 8.315094e-04 7.677299e-04 6.901450e-04 1.036653e-03
3.874169e+01 8.343877e-04 7.617080e-04 7.010439e-04 1.040411e-03
3.879369e+01 8.362650e-04 7.551520e-04 7.087971e-04 1.044846e-03
3.884569e+01 8.365306e-04 7.468546e-04 7.124014e-04 1.050336e-03
3.889769e+01 8.344998e-04 7.356951e-04 7.111908e-04 1.056613e-03
3.894969e+01 8.296391e-04 7.210079e-04 7.050006e-04 1.062909e-03
3.900169e+01 8.217186e-04 7.028192e-04 6.942222e-04 1.068114e-03
3.905369e+01 8.108511e-04 6.818943e-04 6.797097e-04 1.070949e-03
3.910569e+01 7.974391e-04 6.595949e-04 6.625698e-04 1.070153e-03
3.915769e+01 7.820872e-04 6.375951e-04 6.439273e-04 1.064739e-03
3.920969e+01 7.655227e-04 6.175398e-04 6.247649e-04 1.054263e-03
3.926169e+01 7.485391e-04 6.007375e-04 6.058904e-04 1.038989e-03
3.931369e+01 7.319425e-04 5.879635e-04 5.880043e-04 1.019860e-03
3.936569e+01 7.164798e-04 5.794069e-04 5.717928e-04 9.982398e-04
3.941769e+01 7.027467e-04 5.747493e-04 5.579616e-04 9.755290e-04
3.946969e+01 6.910981e-04 5.733207e-04 5.471796e-04 9.527939e-04
3.952169e+01 6.815946e-04 5.742678e-04 5.399584e-04 9.305575e-04
3.957369e+01 6.740041e-04 5.766865e-04 5.365313e-04 9.087946e-04
3.962569e+01 6.678587e-04 5.797037e-04 5.367881e-04 8.870842e-04
3.967769e+01 6.625428e-04 5.825216e-04 5.402858e-04 8.648210e-04
3.972969e+01 6.573875e-04 5.844502e-04 5.463164e-04 8.413959e-04
3.978169e+01 6.517520e-04 5.849444e-04 5.539948e-04 8.163168e-04
3.983369e+01 6.450949e-04 5.836502e-04 5.623460e-04 7.892886e-04
3.988569e+01 6.370468e-04 5.804518e-04 5.703918e-04 7.602969e-04
3.993769e+01 6.274874e-04 5.755011e-04 5.772579e-04 7.297031e-04
3.998969e+01 6.166092e-04 5.692089e-04 5.823072e-04 6.983116e-04
4.004169e+01 6.049272e-04 5.621759e-04 5.852709e-04 6.673347e-04
4.009369e+01 5.931984e-04 5.550658e-04 5.863234e-04 6.382062e-04
4.014569e+01 5.822525e-04 5.484497e-04 5.860421e-04 6.122657e-04
4.019769e+01 5.727822e-04 5.426841e-04 5.852405e-04 5.904219e-04
4.024969e+01 5.651782e-04 5.378791e-04 5.847175e-04 5.729379e-04
4.030169e+01 5.594752e-04 5.339772e-04 5.850115e-04 5.594369e-04
4.035369e+01 5.554263e-04 5.309051e-04 5.862506e-04 5.491232e-04
4.040569e+01 5.526557e-04 5.287145e-04 5.881454e-04 5.411072e-04
4.045769e+01 5.508095e-04 5.276354e-04 5.901143e-04 5.346786e-04
4.050969e+01 5.496380e-04 5.280108e-04 5.914833e-04 5.294198e-04
4.056169e+01 5.489913e-04 5.301448e-04 5.916838e-04 5.251454e-04
4.061369e+01 5.487596e-04 5.341408e-04 5.903895e-04 5.217483e-04
4.066569e+01 5.488103e-04 5.398020e-04 5.875648e-04 5.190640e-04
4.071769e+01 5.489645e-04 5.466320e-04 5.834325e-04 5.168289e-04
4.076969e+01 5.490213e-04 5.539283e-04 5.783948e-04 5.147409e-04
4.082169e+01 5.488140e-04 5.609314e-04 5.729431e-04 5.125675e-04
4.087369e+01 5.482678e-04 5.669847e-04 5.675834e-04 5.102353e-04
4.092569e+01 5.474335e-04 5.716696e-04 5.627819e-04 5.078491e-04
4.097769e+01 5.464817e-04 5.748860e-04 5.589223e-04 5.056368e-04
4.102969e+01 5.456545e-04 5.768599e-04 5.562623e-04 5.038413e-04
4.108169e+01 5.451875e-04 5.780708e-04 5.548877e-04 5.026040e-04
4.113369e+01 5.452269e-04 5.791158e-04 5.546815e-04 5.018833e-04
4.118569e+01 5.457766e-04 5.805526e-04 5.553332e-04 5.014440e-04
4.123769e+01 5.467056e-04 5.827761e-04 5.564077e-04 5.009331e-04
4.128969e+01 5.478216e-04 5.859688e-04 5.574732e-04 5.000228e-04
4.134169e+01 5.489851e-04 5.901274e-04 5.582566e-04 4.985712e-04
4.139369e+01 5.502133e-04 5.951353e-04 5.587750e-04 4.967295e-04
4.144569e+01 5.517192e-04 6.008320e-04 5.593866e-04 4.949390e-04
4.149769e+01 5.538589e-04 6.070464e-04 5.607244e-04 4.938059e-04
4.154969e+01 5.570018e-04 6.135904e-04 5.635169e-04 4.938980e-04
4.160169e+01 5.613782e-04 6.202362e-04 5.683476e-04 4.955508e-04
4.165369e+01 5.669720e-04 6.267086e-04 5.754413e-04 4.987662e-04
4.170569e+01 5.735072e-04 6.327117e-04 5.845645e-04 5.032453e-04
4.175769e+01 5.805346e-04 6.379881e-04 5.950846e-04 5.085311e-04
4.180969e+01 5.875806e-04 6.423927e-04 6.061637e-04 5.141854e-04
4.186169e+01 5.942931e-04 6.459603e-04 6.170012e-04 5.199178e-04
4.191369e+01 6.005290e-04 6.489497e-04 6.270213e-04 5.256161e-04
4.196569e+01 6.063603e-04 6.518495e-04 6.359422e-04 5.312891e-04
4.201769e+01 6.120102e-04 6.553329e-04 6.437286e-04 5.369691e-04
4.206969e+01 6.177586e-04 6.601490e-04 6.504924e-04 5.426345e-04
4.212169e+01 6.238552e-04 6.669642e-04 6.564145e-04 5.481870e-04
4.217369e+01 6.304688e-04 6.761933e-04 6.617248e-04 5.534884e-04
4.222569e+01 6.376819e-04 6.878898e-04 6.667226e-04 5.584334e-04
4.227769e+01 6.455212e-04 7.017539e-04 6.717818e-04 5.630277e-04
4.232969e+01 6.540026e-04 7.172661e-04 6.773009e-04 5.674408e-04
4.238169e+01 6.631656e-04 7.338921e-04 6.835972e-04 5.720076e-04
4.243369e+01 6.730748e-04 7.512617e-04 6.907926e-04 5.771701e-04
4.248569e+01 6.837877e-04 7.692399e-04 6.987548e-04 5.833684e-04
4.253769e+01 6.953033e-04 7.878671e-04 7.071290e-04 5.909138e-04
4.258969e+01 7.075156e-04 8.072085e-04 7.154511e-04 5.998872e-04
4.264169e+01 7.201890e-04 8.271838e-04 7.232858e-04 6.100973e-04
4.269369e+01 7.329553e-04 8.474394e-04 7.303217e-04 6.211049e-04
4.274569e+01 7.453211e-04 8.672890e-04 7.363805e-04 6.322937e-04
4.279769e+01 7.566745e-04 8.857281e-04 7.413432e-04 6.429523e-04
4.284969e+01 7.663019e-04 9.015211e-04 7.450450e-04 6.523396e-04
4.290169e+01 7.734335e-04 9.133634e-04 7.472088e-04 6.597282e-04
4.295369e+01 7.773389e-04 9.201065e-04 7.474676e-04 6.644427e-04
4.300569e+01 7.774680e-04 9.210087e-04 7.454757e-04 6.659196e-04
4.305769e+01 7.736035e-04 9.159436e-04 7.410648e-04 6.638020e-04
4.310969e+01 7.659742e-04 9.054947e-04 7.343723e-04 6.580557e-04
4.316169e+01 7.552824e-04 8.908972e-04 7.258876e-04 6.490626e-04
4.321369e+01 7.426228e-04 8.738336e-04 7.163991e-04 6.376358e-04
4.326569e+01 7.293065e-04 8.561389e-04 7.068660e-04 6.249145e-04
4.331769e+01 7.166293e-04 8.394898e-04 6.982565e-04 6.121416e-04
4.336969e+01 7.056395e-04 8.251503e-04 6.913896e-04 6.003787e-04
4.342169e+01 6.969592e-04 8.138248e-04 6.868029e-04 5.902500e-04
4.347369e+01 6.906992e-04 8.056322e-04 6.846639e-04 5.818014e-04
4.352569e+01 6.864857e-04 8.001882e-04 6.847421e-04 5.745267e-04
4.357769e+01 6.835921e-04 7.967620e-04 6.864656e-04 5.675487e-04
4.362969e+01 6.811432e-04 7.944652e-04 6.890678e-04 5.598968e-04
4.368169e+01 6.783412e-04 7.924386e-04 6.917927e-04 5.507922e-04
4.373369e+01 6.746509e-04 7.900076e-04 6.940887e-04 5.398564e-04
4.378569e+01 6.698915e-04 7.867770e-04 6.957095e-04 5.271880e-04
4.383769e+01 6.642069e-04 7.826421e-04 6.966810e-04 5.132976e-04
4.388969e+01 6.579334e-04 7.777086e-04 6.971557e-04 4.989359e-04
4.394169e+01 6.514210e-04 7.721386e-04 6.972416e-04 4.848830e-04
4.399369e+01 6.448818e-04 7.659749e-04 6.969022e-04 4.717684e-04
4.404569e+01 6.383220e-04 7.590127e-04 6.959823e-04 4.599709e-04
4.409769e+01 6.315750e-04 7.507782e-04 6.943358e-04 4.496111e-04
4.414969e+01 6.244097e-04 7.406373e-04 6.919755e-04 4.406163e-04
4.420169e+01 6.166604e-04 7.280053e-04 6.891523e-04 4.328236e-04
4.425369e+01 6.083286e-04 7.125846e-04 6.863178e-04 4.260834e-04
4.430569e+01 5.996226e-04 6.945398e-04 6.839919e-04 4.203360e-04
4.435769e+01 5.909335e-04 6.745442e-04 6.826106e-04 4.156458e-04
4.440969e+01 5.827669e-04 6.536793e-04 6.824338e-04 4.121877e-04
4.446169e+01 5.756575e-04 6.332256e-04 6.835508e-04 4.101960e-04
4.451369e+01 5.700903e-04 6.144146e-04 6.859623e-04 4.098939e-04
4.456569e+01 5.664351e-04 5.982106e-04 6.896695e-04 4.114252e-04
4.461769e+01 5.648937e-04 5.851708e-04 6.947001e-04 4.148102e-04
4.466969e+01 5.654563e-04 5.753996e-04 7.010387e-04 4.199306e-04
4.472169e+01 5.678756e-04 5.685975e-04 7.084869e-04 4.265423e-04
4.477369e+01 5.716722e-04 5.641928e-04 7.165183e-04 4.343054e-04
4.482569e+01 5.761852e-04 5.615270e-04 7.242088e-04 4.428199e-04
4.487769e+01 5.806685e-04 5.600491e-04 7.302917e-04 4.516647e-04
4.492969e+01 5.844153e-04 5.594602e-04 7.333456e-04 4.604403e-04
4.498169e+01 5.868861e-04 5.597597e-04 7.320760e-04 4.688227e-04
4.503369e+01 5.878094e-04 5.611813e-04 7.256213e-04 4.766256e-04
4.508569e+01 5.872352e-04 5.640496e-04 7.138038e-04 4.838522e-04
4.513769e+01 5.855273e-04 5.686227e-04 6.972539e-04 4.907053e-04
4.518969e+01 5.832878e-04 5.749769e-04 6.773614e-04 4.975252e-04
4.524169e+01 5.812220e-04 5.829632e-04 6.560511e-04 5.046519e-04
4.529369e+01 5.799655e-04 5.922180e-04 6.354266e-04 5.122520e-04
4.534569e+01 5.799186e-04 6.021984e-04 6.173708e-04 5.201867e-04
4.539769e+01 5.811377e-04 6.122122e-04 6.032056e-04 5.279952e-04
4.544969e+01 5.833224e-04 6.214433e-04 5.935013e-04 5.350225e-04
4.550169e+01 5.859034e-04 6.289905e-04 5.880759e-04 5.406439e-04
4.555369e+01 5.881971e-04 6.339401e-04 5.861657e-04 5.444854e-04
4.560569e+01 5.895694e-04 6.354727e-04 5.866993e-04 5.465362e-04
4.565769e+01 5.895588e-04 6.329873e-04 5.885820e-04 5.471071e-04
4.570969e+01 5.879312e-04 6.262117e-04 5.909113e-04 5.466706e-04
4.576169e+01 5.846740e-04 6.152723e-04 5.930771e-04 5.456727e-04
4.581369e+01 5.799536e-04 6.007072e-04 5.947462e-04 5.444075e-04
4.586569e+01 5.740581e-04 5.834151e-04 5.957687e-04 5.429904e-04
4.591769e+01 5.673381e-04 5.645422e-04 5.960628e-04 5.414093e-04
4.596969e+01 5.601480e-04 5.453193e-04 5.955288e-04 5.395959e-04
4.602169e+01 5.527903e-04 5.268785e-04 5.940207e-04 5.374716e-04
4.607369e+01 5.454725e-04 5.100893e-04 5.913739e-04 5.349544e-04
4.612569e+01 5.382904e-04 4.954572e-04 5.874710e-04 5.319430e-04
4.617769e+01 5.312470e-04 4.831118e-04 5.823175e-04 5.283118e-04
4.622969e+01 5.243060e-04 4.728822e-04 5.761022e-04 5.239336e-04
4.628169e+01 5.174606e-04 4.644305e-04 5.692219e-04 5.187295e-04
4.633369e+01 5.107908e-04 4.573973e-04 5.622532e-04 5.127219e-04
4.638569e+01 5.044798e-04 4.515117e-04 5.558654e-04 5.060623e-04
4.643769e+01 4.987784e-04 4.466344e-04 5.506857e-04 4.990150e-04
4.648969e+01 4.939279e-04 4.427278e-04 5.471542e-04 4.919017e-04
4.654169e+01 4.900756e-04 4.397723e-04 5.454208e-04 4.850337e-04
4.659369e+01 4.872214e-04 4.376726e-04 5.453297e-04 4.786620e-04
4.664569e+01 4.852220e-04 4.361994e-04 5.465039e-04 4.729627e-04
4.669769e+01 4.838487e-04 4.350000e-04 5.484994e-04 4.680466e-04
4.674969e+01 4.828710e-04 4.336811e-04 5.509618e-04 4.639700e-04
4.680169e+01 4.821244e-04 4.319325e-04 5.537166e-04 4.607242e-04
4.685369e+01 4.815345e-04 4.296404e-04 5.567558e-04 4.582072e-04
4.690569e+01 4.810918e-04 4.269394e-04 5.601309e-04 4.562051e-04
4.695769e+01 4.808001e-04 4.241802e-04 5.638078e-04 4.544124e-04
4.700969e+01 4.806295e-04 4.218225e-04 5.675610e-04 4.525050e-04
4.706169e+01 4.805025e-04 4.202960e-04 5.709660e-04 4.502455e-04
4.711369e+01 4.803235e-04 4.198803e-04 5.735125e-04 4.475777e-04
4.716569e+01 4.800371e-04 4.206451e-04 5.747997e-04 4.446665e-04
4.721769e+01 4.796890e-04 4.224668e-04 5.747385e-04 4.418619e-04
4.726969e+01 4.794539e-04 4.251020e-04 5.736672e-04 4.395925e-04
4.732169e+01 4.796080e-04 4.282840e-04 5.723187e-04 4.382212e-04
4.737369e+01 4.804437e-04 4.317988e-04 5.716262e-04 4.379060e-04
4.742569e+01 4.821500e-04 4.355150e-04 5.724241e-04 4.385109e-04
4.747769e+01 4.847057e-04 4.393673e-04 5.751452e-04 4.396044e-04
4.752969e+01 4.878338e-04 4.433170e-04 5.796246e-04 4.405598e-04
4.758169e+01 4.910508e-04 4.473179e-04 5.850911e-04 4.407434e-04
4.763369e+01 4.938010e-04 4.513111e-04 5.903601e-04 4.397318e-04
4.768569e+01 4.956291e-04 4.552427e-04 5.941662e-04 4.374784e-04
4.773769e+01 4.963211e-04 4.590856e-04 5.955230e-04 4.343545e-04
4.778969e+01 4.959565e-04 4.628415e-04 5.939900e-04 4.310381e-04
4.784169e+01 4.948559e-04 4.665140e-04 5.897638e-04 4.282899e-04
4.789369e+01 4.934529e-04 4.700676e-04 5.835818e-04 4.267094e-04
4.794569e+01 4.921489e-04 4.733965e-04 5.764842e-04 4.265661e-04
4.799769e+01 4.912019e-04 4.763238e-04 5.695215e-04 4.277604e-04
4.804969e+01 4.906749e-04 4.786279e-04 5.634924e-04 4.299044e-04
4.810169e+01 4.904396e-04 4.800788e-04 5.587749e-04 4.324650e-04
4.815369e+01 4.902162e-04 4.804638e-04 5.552854e-04 4.348995e-04
4.820569e+01 4.896344e-04 4.795983e-04 5.525627e-04 4.367422e-04
4.825769e+01 4.883054e-04 4.773335e-04 5.499498e-04 4.376329e-04
4.830969e+01 4.859016e-04 4.735799e-04 5.468153e-04 4.373094e-04
4.836169e+01 4.822309e-04 4.683520e-04 5.427466e-04 4.355940e-04
4.841369e+01 4.772900e-04 4.618197e-04 5.376540e-04 4.323963e-04
4.846569e+01 4.712757e-04 4.543371e-04 5.317517e-04 4.277383e-04
4.851769e+01 4.645499e-04 4.464279e-04 5.254287e-04 4.217932e-04
4.856969e+01 4.575668e-04 4.387223e-04 5.190629e-04 4.149153e-04
4.862169e+01 4.507862e-04 4.318665e-04 5.128571e-04 4.076350e-04
4.867369e+01 4.446002e-04 4.264317e-04 5.067677e-04 4.006014e-04
4.872569e+01 4.392924e-04 4.228450e-04 5.005614e-04 3.944709e-04
4.877769e+01 4.350317e-04 4.213472e-04 4.939785e-04 3.897693e-04
4.882969e+01 4.318928e-04 4.219719e-04 4.869357e-04 3.867709e-04
4.888169e+01 4.298867e-04 4.245372e-04 4.796785e-04 3.854445e-04
4.893369e+01 4.289833e-04 4.286514e-04 4.728143e-04 3.854842e-04
4.898569e+01 4.291193e-04 4.337395e-04 4.672038e-04 3.864146e-04
4.903769e+01 4.301911e-04 4.391033e-04 4.637440e-04 3.877260e-04
4.908969e+01 4.320433e-04 4.440176e-04 4.631173e-04 3.889951e-04
4.914169e+01 4.344670e-04 4.478522e-04 4.655878e-04 3.899610e-04
4.919369e+01 4.372181e-04 4.501917e-04 4.709085e-04 3.905540e-04
4.924569e+01 4.400569e-04 4.509189e-04 4.783619e-04 3.908898e-04
4.929769e+01 4.427939e-04 4.502247e-04 4.869191e-04 3.912378e-04
4.934969e+01 4.453199e-04 4.485283e-04 4.954639e-04 3.919675e-04
4.940169e+01 4.476017e-04 4.463194e-04 5.030153e-04 3.934703e-04
4.945369e+01 4.496389e-04 4.439665e-04 5.088863e-04 3.960641e-04
4.950569e+01 4.513994e-04 4.415590e-04 5.127378e-04 3.999014e-04
4.955769e+01 4.527639e-04 4.388506e-04 5.145318e-04 4.049092e-04
4.960969e+01 4.535151e-04 4.353394e-04 5.144187e-04 4.107871e-04
4.966169e+01 4.533881e-04 4.304735e-04 5.126184e-04 4.170723e-04
4.971369e+01 4.521733e-04 4.239151e-04 5.093467e-04 4.232582e-04
4.976569e+01 4.498341e-04 4.157628e-04 5.048091e-04 4.289303e-04
4.981769e+01 4.465874e-04 4.066401e-04 4.992457e-04 4.338763e-04
4.986969e+01 4.429037e-04 3.976002e-04 4.929831e-04 4.381276e-04
4.992169e+01 4.394130e-04 3.898711e-04 4.864480e-04 4.419198e-04
4.997369e+01 4.367452e-04 3.845246e-04 4.801233e-04 4.455877e-04
5.002569e+01 4.353633e-04 3.821845e-04 4.744616e-04 4.494438e-04
5.007769e+01 4.354541e-04 3.828683e-04 4.698027e-04 4.536913e-04
5.012969e+01 4.369149e-04 3.860050e-04 4.663368e-04 4.584028e-04
5.018169e+01 4.394320e-04 3.906047e-04 4.641357e-04 4.635555e-04
5.023369e+01 4.426076e-04 3.955106e-04 4.632281e-04 4.690840e-04
5.028569e+01 4.460753e-04 3.996515e-04 4.636716e-04 4.749029e-04
5.033769e+01 4.495613e-04 4.022317e-04 4.655708e-04 4.808814e-04
5.038969e+01 4.528812e-04 4.028286e-04 4.690253e-04 4.867897e-04
5.044169e+01 4.558977e-04 4.013998e-04 4.740262e-04 4.922670e-04
5.049369e+01 4.584790e-04 3.982209e-04 4.803567e-04 4.968595e-04
5.054569e+01 4.604908e-04 3.937779e-04 4.875527e-04 5.001418e-04
5.059769e+01 4.618280e-04 3.886390e-04 4.949592e-04 5.018857e-04
5.064969e+01 4.624709e-04 3.833292e-04 5.018776e-04 5.022061e-04
5.070169e+01 4.625331e-04 3.782321e-04 5.077586e-04 5.016085e-04
5.075369e+01 4.622726e-04 3.735441e-04 5.123679e-04 5.009058e-04
5.080569e+01 4.620555e-04 3.692914e-04 5.158540e-04 5.010210e-04
5.085769e+01 4.622752e-04 3.654027e-04 5.186751e-04 5.027480e-04
5.090969e+01 4.632541e-04 3.618097e-04 5.214018e-04 5.065508e-04
5.096169e+01 4.651542e-04 3.585341e-04 5.244654e-04 5.124633e-04
5.101369e+01 4.679279e-04 3.557279e-04 5.279531e-04 5.201027e-04
5.106569e+01 4.713235e-04 3.536544e-04 5.315428e-04 5.287732e-04
5.111769e+01 4.749477e-04 3.526212e-04 5.346083e-04 5.376135e-04
5.116969e+01 4.783678e-04 3.528940e-04 5.364582e-04 5.457511e-04
5.122169e+01 4.812227e-04 3.546227e-04 5.366103e-04 5.524349e-04
5.127369e+01 4.833067e-04 3.577996e-04 5.349886e-04 5.571319e-04
5.132569e+01 4.845977e-04 3.622526e-04 5.319620e-04 5.595786e-04
5.137769e+01 4.852205e-04 3.676660e-04 5.282128e-04 5.597826e-04
5.142969e+01 4.853622e-04 3.736153e-04 5.244912e-04 5.579802e-04
5.148169e+01 4.851781e-04 3.796084e-04 5.213572e-04 5.545686e-04
5.153369e+01 4.847276e-04 3.851333e-04 5.190110e-04 5.500385e-04
5.158569e+01 4.839714e-04 3.897198e-04 5.172705e-04 5.449238e-04
5.163769e+01 4.828253e-04 3.930150e-04 5.156908e-04 5.397702e-04
5.168969e+01 4.812447e-04 3.948606e-04 5.137666e-04 5.351069e-04
5.174169e+01 4.792927e-04 3.953456e-04 5.111323e-04 5.314002e-04
5.179369e+01 4.771567e-04 3.948039e-04 5.076873e-04 5.289788e-04
5.184569e+01 4.751023e-04 3.937416e-04 5.036139e-04 5.279514e-04
5.189769e+01 4.733859e-04 3.927102e-04 4.992967e-04 5.281507e-04
5.194969e+01 4.721680e-04 3.921684e-04 4.951866e-04 5.291491e-04
5.200169e+01 4.714681e-04 3.923845e-04 4.916603e-04 5.303594e-04
5.205369e+01 4.711775e-04 3.934152e-04 4.889172e-04 5.312001e-04
5.210569e+01 4.711206e-04 3.951595e-04 4.869371e-04 5.312653e-04
5.215769e+01 4.711306e-04 3.974540e-04 4.855023e-04 5.304354e-04
5.220969e+01 4.711062e-04 4.001588e-04 4.842745e-04 5.288853e-04
5.226169e+01 4.710319e-04 4.031961e-04 4.829055e-04 5.269940e-04
5.231369e+01 4.709609e-04 4.065309e-04 4.811583e-04 5.251933e-04
5.236569e+01 4.709805e-04 4.101170e-04 4.790098e-04 5.238147e-04
5.241769e+01 4.711775e-04 4.138499e-04 4.767035e-04 5.229790e-04
5.246969e+01 4.716158e-04 4.175644e-04 4.747278e-04 5.225551e-04
5.252169e+01 4.723275e-04 4.210848e-04 4.737094e-04 5.221884e-04
5.257369e+01 4.733092e-04 4.243047e-04 4.742381e-04 5.213848e-04
5.262569e+01 4.745169e-04 4.272487e-04 4.766736e-04 5.196286e-04
5.267769e+01 4.758592e-04 4.300722e-04 4.809998e-04 5.165057e-04
5.272969e+01 4.771925e-04 4.329891e-04 4.867863e-04 5.118023e-04
5.278169e+01 4.783301e-04 4.361578e-04 4.932798e-04 5.055526e-04
5.283369e+01 4.790675e-04 4.395821e-04 4.995967e-04 4.980238e-04
5.288569e+01 4.792231e-04 4.430786e-04 5.049465e-04 4.896442e-04
5.293769e+01 4.786783e-04 4.463277e-04 5.088044e-04 4.809029e-04
5.298969e+01 4.774030e-04 4.489844e-04 5.109770e-04 4.722476e-04
5.304169e+01 4.754535e-04 4.507963e-04 5.115546e-04 4.640097e-04
5.309369e+01 4.729476e-04 4.516853e-04 5.107909e-04 4.563666e-04
5.314569e+01 4.700303e-04 4.517686e-04 5.089765e-04 4.493456e-04
5.319769e+01 4.668507e-04 4.513253e-04 5.063624e-04 4.428645e-04
5.324969e+01 4.635612e-04 4.507318e-04 5.031532e-04 4.367987e-04
5.330169e+01 4.603309e-04 4.503882e-04 4.995519e-04 4.310527e-04
5.335369e+01 4.573548e-04 4.506470e-04 4.958068e-04 4.256105e-04
5.340569e+01 4.548367e-04 4.517496e-04 4.922165e-04 4.205440e-04
5.345769e+01 4.529415e-04 4.537737e-04 4.890761e-04 4.159746e-04
5.350969e+01 4.517306e-04 4.566013e-04 4.865849e-04 4.120057e-04
5.356169e+01 4.511145e-04 4.599242e-04 4.847620e-04 4.086573e-04
5.361369e+01 4.508469e-04 4.632942e-04 4.834145e-04 4.058320e-04
5.366569e+01 4.505724e-04 4.662156e-04 4.821783e-04 4.033234e-04
5.371769e+01 4.499128e-04 4.682594e-04 4.806152e-04 4.008638e-04
5.376969e+01 4.485619e-04 4.691673e-04 4.783262e-04 3.981922e-04
5.382169e+01 4.463592e-04 4.689146e-04 4.750427e-04 3.951202e-04
5.387369e+01 4.433191e-04 4.677098e-04 4.706693e-04 3.915783e-04
5.392569e+01 4.396135e-04 4.659278e-04 4.652830e-04 3.876296e-04
5.397769e+01 4.355143e-04 4.639912e-04 4.591025e-04 3.834493e-04
5.402969e+01 4.313190e-04 4.622351e-04 4.524459e-04 3.792759e-04
5.408169e+01 4.272784e-04 4.607987e-04 4.456874e-04 3.753492e-04
5.413369e+01 4.235473e-04 4.595794e-04 4.392115e-04 3.718509e-04
5.418569e+01 4.201608e-04 4.582604e-04 4.333600e-04 3.688621e-04
5.423769e+01 4.170366e-04 4.563965e-04 4.283716e-04 3.663417e-04
5.428969e+01 4.139918e-04 4.535205e-04 4.243250e-04 3.641297e-04
5.434169e+01 4.107713e-04 4.492375e-04 4.211032e-04 3.619732e-04
5.439369e+01 4.070867e-04 4.432862e-04 4.184000e-04 3.595740e-04
5.444569e+01 4.026650e-04 4.355672e-04 4.157730e-04 3.566549e-04
5.449769e+01 3.973011e-04 4.261434e-04 4.127318e-04 3.530280e-04
5.454969e+01 3.909005e-04 4.152209e-04 4.088344e-04 3.486463e-04
5.460169e+01 3.834985e-04 4.031133e-04 4.037630e-04 3.436192e-04
5.465369e+01 3.752476e-04 3.901946e-04 3.973639e-04 3.381844e-04
5.470569e+01 3.663836e-04 3.768484e-04 3.896514e-04 3.326511e-04
5.475769e+01 3.571810e-04 3.634261e-04 3.807823e-04 3.273346e-04
5.480969e+01 3.479139e-04 3.502190e-04 3.710136e-04 3.225092e-04
5.486169e+01 3.388265e-04 3.374461e-04 3.606490e-04 3.183843e-04
5.491369e+01 3.301113e-04 3.252518e-04 3.499837e-04 3.150983e-04
5.496569e+01 3.218942e-04 3.137093e-04 3.392603e-04 3.127131e-04
5.501769e+01 3.142274e-04 3.028314e-04 3.286525e-04 3.111984e-04
5.506969e+01 3.070941e-04 2.925907e-04 3.182826e-04 3.104090e-04
5.512169e+01 3.004275e-04 2.829484e-04 3.082631e-04 3.100710e-04
5.517369e+01 2.941390e-04 2.738837e-04 2.987355e-04 3.097977e-04
5.522569e+01 2.881449e-04 2.654102e-04 2.898800e-04 3.091445e-04
5.527769e+01 2.823832e-04 2.575732e-04 2.818807e-04 3.076958e-04
5.532969e+01 2.768142e-04 2.504261e-04 2.748594e-04 3.051572e-04
5.538169e+01 2.714105e-04 2.440027e-04 2.688102e-04 3.014185e-04
5.543369e+01 2.661417e-04 2.382971e-04 2.635692e-04 2.965589e-04
5.548569e+01 2.609627e-04 2.332587e-04 2.588398e-04 2.907894e-04
5.553769e+01 2.558088e-04 2.288001e-04 2.542700e-04 2.843564e-04
5.558969e+01 2.506017e-04 2.248036e-04 2.495531e-04 2.774484e-04
5.564169e+01 2.452631e-04 2.211225e-04 2.445171e-04 2.701496e-04
5.569369e+01 2.397342e-04 2.175773e-04 2.391679e-04 2.624574e-04
5.574569e+01 2.339921e-04 2.139576e-04 2.336709e-04 2.543476e-04
5.579769e+01 2.280557e-04 2.100402e-04 2.282790e-04 2.458478e-04
5.584969e+01 2.219772e-04 2.056252e-04 2.232310e-04 2.370755e-04
5.590169e+01 2.158219e-04 2.005815e-04 2.186622e-04 2.282218e-04
5.595369e+01 2.096462e-04 1.948856e-04 2.145580e-04 2.194950e-04
5.600569e+01 2.034865e-04 1.886387e-04 2.107665e-04 2.110542e-04
5.605769e+01 1.973618e-04 1.820527e-04 2.070622e-04 2.029705e-04
5.610969e+01 1.912863e-04 1.754055e-04 2.032259e-04 1.952275e-04
5.616169e+01 1.852800e-04 1.689752e-04 1.991074e-04 1.877574e-04
5.621369e+01 1.793675e-04 1.629713e-04 1.946443e-04 1.804868e-04
5.626569e+01 1.735647e-04 1.574843e-04 1.898378e-04 1.733719e-04
5.631769e+01 1.678612e-04 1.524681e-04 1.847059e-04 1.664096e-04
5.636969e+01 1.622113e-04 1.477633e-04 1.792438e-04 1.596267e-04
5.642169e+01 1.565410e-04 1.431507e-04 1.734131e-04 1.530591e-04
5.647369e+01 1.507716e-04 1.384186e-04 1.671632e-04 1.467329e-04
5.652569e+01 1.448487e-04 1.334205e-04 1.604699e-04 1.406558e-04
5.657769e+01 1.387651e-04 1.281064e-04 1.533720e-04 1.348169e-04
5.662969e+01 1.325651e-04 1.225207e-04 1.459844e-04 1.291902e-04
5.668169e+01 1.263308e-04 1.167720e-04 1.384839e-04 1.237365e-04
5.673369e+01 1.201534e-04 1.109869e-04 1.310704e-04 1.184028e-04
5.678569e+01 1.141035e-04 1.052679e-04 1.239195e-04 1.131230e-04
5.683769e+01 1.082104e-04 9.966641e-05 1.171404e-04 1.078244e-04
5.688969e+01 1.024576e-04 9.418018e-05 1.107520e-04 1.024404e-04
5.694169e+01 9.679142e-05 8.876877e-05 1.046819e-04 9.692354e-05
5.699369e+01 9.113704e-05 8.337671e-05 9.878600e-05 9.124840e-05
5.704569e+01 8.541103e-05 7.795050e-05 9.288020e-05 8.540240e-05
5.709769e+01 7.952855e-05 7.244283e-05 8.677546e-05 7.936735e-05
5.714969e+01 7.340707e-05 6.680672e-05 8.030866e-05 7.310582e-05
5.720169e+01 6.697481e-05 6.099089e-05 7.336831e-05 6.656522e-05
5.725369e+01 6.018923e-05 5.494756e-05 6.591625e-05 5.970388e-05
5.730569e+01 5.306402e-05 4.865646e-05 5.800539e-05 5.253020e-05
5.735769e+01 4.569394e-05 4.215616e-05 4.978912e-05 4.513653e-05
5.740969e+01 3.826347e-05 3.556632e-05 4.151448e-05 3.770962e-05
5.746169e+01 3.102930e-05 2.908566e-05 3.349306e-05 3.050917e-05
5.751369e+01 2.427758e-05 2.296100e-05 2.605179e-05 2.381996e-05
5.756569e+01 1.826859e-05 1.743662e-05 1.947490e-05 1.789425e-05
5.761769e+01 1.318673e-05 1.270220e-05 1.395427e-05 1.290373e-05
5.766969e+01 9.111670e-06 8.857363e-06 9.562758e-06 8.914891e-06
5.772169e+01 6.017018e-06 5.902510e-06 6.256766e-06 5.891780e-06
5.777369e+01 3.792616e-06 3.754519e-06 3.903240e-06 3.720088e-06
5.782569e+01 2.279489e-06 2.277505e-06 2.319360e-06 2.241603e-06
5.787769e+01 1.305329e-06 1.316511e-06 1.311737e-06 1.287738e-06
5.792969e+01 7.116513e-07 7.246829e-07 7.056767e-07 7.045943e-07
5.798169e+01 3.691226e-07 3.795928e-07 3.609411e-07 3.668340e-07
5.803369e+01 1.820155e-07 1.890555e-07 1.754478e-07 1.815430e-07
5.808569e+01 8.525728e-08 8.944830e-08 8.101131e-08 8.531224e-08
5.813769e+01 3.790168e-08 4.016339e-08 3.551486e-08 3.802678e-08
5.818969e+01 1.597626e-08 1.709584e-08 1.477359e-08 1.605935e-08
5.824169e+01 6.378832e-09 6.890528e-09 5.827415e-09 6.418553e-09
5.829369e+01 2.409900e-09 2.626678e-09 2.177900e-09 2.425120e-09
5.834569e+01 8.605552e-10 9.458985e-10 7.705259e-10 8.652412e-10
5.839769e+01 2.901560e-10 3.214266e-10 2.578275e-10 2.912140e-10
5.844969e+01 9.226174e-11 1.029464e-10 8.149012e-11 9.234867e-11
5.850169e+01 2.762795e-11 3.103356e-11 2.429521e-11 2.755507e-11
5.855369e+01 7.767973e-12 8.778754e-12 6.812045e-12 7.713118e-12
5.860569e+01 2.037772e-12 2.317724e-12 1.775619e-12 2.019973e-12
5.865769e+01 4.952742e-13 5.682228e-13 4.300653e-13 4.875346e-13
5.870969e+01 1.085535e-13 1.268669e-13 9.217822e-14 1.066155e-13
5.876169e+01 2.008565e-14 2.365272e-14 1.905671e-14 1.754751e-14
5.881369e+01 2.437018e-15 2.985002e-15 2.601916e-15 1.724137e-15
5.886569e+01 0.000000e+00 0.000000e+00 0.000000e+00 0.000000e+00
5.891769e+01 0.000000e+00 0.000000e+00 0.000000e+00 0.000000e+00
5.896969e+01 0.000000e+00 0.000000e+00 0.000000e+00 0.000000e+00
5.902169e+01 0.000000e+00 0.000000e+00 0.000000e+00 0.000000e+00
5.907369e+01 0.000000e+00 0.000000e+00 0.000000e+00 0.000000e+00
5.912569e+01 0.000000e+00 0.000000e+00 0.000000e+00 0.000000e+00
5.917769e+01 0.000000e+00 0.000000e+00 0.000000e+00 0.000000e+00
