8.169292e+00 0.000000e+00 0.000000e+00 0.000000e+00 0.000000e+00
8.218262e+00 0.000000e+00 0.000000e+00 0.000000e+00 0.000000e+00
8.267233e+00 0.000000e+00 0.000000e+00 0.000000e+00 0.000000e+00
8.316204e+00 0.000000e+00 0.000000e+00 0.000000e+00 0.000000e+00
8.365174e+00 0.000000e+00 0.000000e+00 0.000000e+00 0.000000e+00
8.414145e+00 0.000000e+00 0.000000e+00 0.000000e+00 0.000000e+00
8.463115e+00 0.000000e+00 0.000000e+00 0.000000e+00 0.000000e+00
8.512086e+00 0.000000e+00 0.000000e+00 0.000000e+00 0.000000e+00
8.561057e+00 0.000000e+00 0.000000e+00 0.000000e+00 0.000000e+00
8.610027e+00 0.000000e+00 0.000000e+00 0.000000e+00 0.000000e+00
8.658998e+00 0.000000e+00 0.000000e+00 0.000000e+00 0.000000e+00
8.707968e+00 0.000000e+00 0.000000e+00 0.000000e+00 0.000000e+00
8.756939e+00 0.000000e+00 0.000000e+00 0.000000e+00 0.000000e+00
8.805910e+00 0.000000e+00 0.000000e+00 0.000000e+00 0.000000e+00
8.854880e+00 0.000000e+00 0.000000e+00 0.000000e+00 0.000000e+00
8.903851e+00 0.000000e+00 0.000000e+00 0.000000e+00 0.000000e+00
8.952821e+00 0.000000e+00 0.000000e+00 0.000000e+00 0.000000e+00
9.001792e+00 0.000000e+00 0.000000e+00 0.000000e+00 0.000000e+00
9.050763e+00 0.000000e+00 0.000000e+00 0.000000e+00 0.000000e+00
9.099733e+00 0.000000e+00 0.000000e+00 0.000000e+00 0.000000e+00
9.148704e+00 0.000000e+00 0.000000e+00 0.000000e+00 0.000000e+00
9.197674e+00 0.000000e+00 0.000000e+00 0.000000e+00 0.000000e+00
9.246645e+00 0.000000e+00 0.000000e+00 0.000000e+00 0.000000e+00
9.295616e+00 0.000000e+00 0.000000e+00 0.000000e+00 0.000000e+00
9.344586e+00 0.000000e+00 0.000000e+00 0.000000e+00 0.000000e+00
9.393557e+00 0.000000e+00 0.000000e+00 0.000000e+00 0.000000e+00
9.442527e+00 0.000000e+00 0.000000e+00 0.000000e+00 0.000000e+00
9.491498e+00 0.000000e+00 0.000000e+00 0.000000e+00 0.000000e+00
9.540469e+00 0.000000e+00 0.000000e+00 0.000000e+00 0.000000e+00
9.589439e+00 0.000000e+00 0.000000e+00 0.000000e+00 0.000000e+00
9.638410e+00 0.000000e+00 0.000000e+00 0.000000e+00 0.000000e+00
9.687380e+00 0.000000e+00 0.000000e+00 0.000000e+00 0.000000e+00
9.736351e+00 0.000000e+00 0.000000e+00 0.000000e+00 0.000000e+00
9.785322e+00 0.000000e+00 0.000000e+00 0.000000e+00 0.000000e+00
9.834292e+00 0.000000e+00 0.000000e+00 0.000000e+00 0.000000e+00
9.883263e+00 0.000000e+00 0.000000e+00 0.000000e+00 0.000000e+00
9.932233e+00 0.000000e+00 0.000000e+00 0.000000e+00 0.000000e+00
9.981204e+00 0.000000e+00 0.000000e+00 0.000000e+00 0.000000e+00
1.003017e+01 0.000000e+00 0.000000e+00 0.000000e+00 0.000000e+00
1.007915e+01 0.000000e+00 0.000000e+00 0.000000e+00 0.000000e+00
1.012812e+01 0.000000e+00 0.000000e+00 0.000000e+00 0.000000e+00
1.017709e+01 0.000000e+00 0.000000e+00 0.000000e+00 0.000000e+00
1.022606e+01 0.000000e+00 0.000000e+00 0.000000e+00 0.000000e+00
1.027503e+01 0.000000e+00 0.000000e+00 0.000000e+00 0.000000e+00
1.032400e+01 0.000000e+00 0.000000e+00 0.000000e+00 0.000000e+00
1.037297e+01 0.000000e+00 0.000000e+00 0.000000e+00 0.000000e+00
1.042194e+01 0.000000e+00 0.000000e+00 0.000000e+00 0.000000e+00
1.047091e+01 0.000000e+00 0.000000e+00 0.000000e+00 0.000000e+00
1.051988e+01 0.000000e+00 0.000000e+00 0.000000e+00 0.000000e+00
1.056885e+01 0.000000e+00 0.000000e+00 0.000000e+00 0.000000e+00
1.061782e+01 0.000000e+00 0.000000e+00 0.000000e+00 0.000000e+00
1.066679e+01 0.000000e+00 0.000000e+00 0.000000e+00 0.000000e+00
1.071576e+01 0.000000e+00 0.000000e+00 0.000000e+00 0.000000e+00
1.076473e+01 0.000000e+00 0.000000e+00 0.000000e+00 0.000000e+00
1.081370e+01 0.000000e+00 0.000000e+00 0.000000e+00 0.000000e+00
1.086267e+01 0.000000e+00 0.000000e+00 0.000000e+00 0.000000e+00
1.091165e+01 0.000000e+00 0.000000e+00 0.000000e+00 0.000000e+00
1.096062e+01 0.000000e+00 0.000000e+00 0.000000e+00 0.000000e+00
1.100959e+01 0.000000e+00 0.000000e+00 0.000000e+00 0.000000e+00
1.105856e+01 0.000000e+00 0.000000e+00 0.000000e+00 0.000000e+00
1.110753e+01 0.000000e+00 0.000000e+00 0.000000e+00 0.000000e+00
1.115650e+01 0.000000e+00 0.000000e+00 0.000000e+00 0.000000e+00
1.120547e+01 0.000000e+00 0.000000e+00 0.000000e+00 0.000000e+00
1.125444e+01 0.000000e+00 0.000000e+00 0.000000e+00 0.000000e+00
1.130341e+01 0.000000e+00 0.000000e+00 0.000000e+00 0.000000e+00
1.135238e+01 0.000000e+00 0.000000e+00 0.000000e+00 0.000000e+00
1.140135e+01 0.000000e+00 0.000000e+00 0.000000e+00 0.000000e+00
1.145032e+01 0.000000e+00 0.000000e+00 0.000000e+00 0.000000e+00
1.149929e+01 0.000000e+00 0.000000e+00 0.000000e+00 0.000000e+00
1.154826e+01 0.000000e+00 0.000000e+00 0.000000e+00 0.000000e+00
1.159723e+01 0.000000e+00 0.000000e+00 0.000000e+00 0.000000e+00
1.164620e+01 0.000000e+00 0.000000e+00 0.000000e+00 0.000000e+00
1.169517e+01 0.000000e+00 0.000000e+00 0.000000e+00 0.000000e+00
1.174415e+01 0.000000e+00 0.000000e+00 0.000000e+00 0.000000e+00
1.179312e+01 0.000000e+00 0.000000e+00 0.000000e+00 0.000000e+00
1.184209e+01 0.000000e+00 0.000000e+00 0.000000e+00 0.000000e+00
1.189106e+01 0.000000e+00 0.000000e+00 0.000000e+00 0.000000e+00
1.194003e+01 0.000000e+00 0.000000e+00 0.000000e+00 0.000000e+00
1.198900e+01 0.000000e+00 0.000000e+00 0.000000e+00 0.000000e+00
1.203797e+01 2.071672e-14 1.399013e-14 4.316683e-16 4.772837e-14
1.208694e+01 2.052251e-13 1.489504e-13 1.832714e-14 4.483979e-13
1.213591e+01 1.108210e-12 8.248035e-13 1.225532e-13 2.377273e-12
1.218488e+01 4.656592e-12 3.492772e-12 5.376323e-13 9.939373e-12
1.223385e+01 1.836020e-11 1.384924e-11 2.121200e-12 3.911017e-11
1.228282e+01 6.660844e-11 5.049299e-11 7.691644e-12 1.416407e-10
1.233179e+01 2.241060e-10 1.704645e-10 2.615994e-11 4.756937e-10
1.238076e+01 7.145307e-10 5.453106e-10 8.406302e-11 1.514218e-09
1.242973e+01 2.159551e-09 1.653437e-09 2.552674e-10 4.569949e-09
1.247870e+01 6.188825e-09 4.753205e-09 7.326289e-10 1.308064e-08
1.252768e+01 1.682181e-08 1.295844e-08 1.987699e-09 3.551928e-08
1.257665e+01 4.337717e-08 3.351089e-08 5.098916e-09 9.152170e-08
1.262562e+01 1.061354e-07 8.221829e-08 1.236944e-08 2.238186e-07
1.267459e+01 2.464538e-07 1.914088e-07 2.838263e-08 5.195698e-07
1.272356e+01 5.431579e-07 4.228672e-07 6.161258e-08 1.144994e-06
1.277253e+01 1.136173e-06 8.865540e-07 1.265556e-07 2.395410e-06
1.282150e+01 2.255661e-06 1.763796e-06 2.460169e-07 4.757170e-06
1.287047e+01 4.249791e-06 3.329569e-06 4.526785e-07 8.967126e-06
1.291944e+01 7.597157e-06 5.962812e-06 7.885274e-07 1.604013e-05
1.296841e+01 1.288320e-05 1.012838e-05 1.300456e-06 2.722077e-05
1.301738e+01 2.071870e-05 1.631305e-05 2.030786e-06 4.381225e-05
1.306635e+01 3.158822e-05 2.490572e-05 3.002931e-06 6.685600e-05
1.311532e+01 4.564109e-05 3.603131e-05 4.204825e-06 9.668714e-05
1.316429e+01 6.247265e-05 4.937622e-05 5.575252e-06 1.324665e-04
1.321326e+01 8.097604e-05 6.406886e-05 6.999588e-06 1.718597e-04
1.326223e+01 9.935380e-05 7.868658e-05 8.320202e-06 2.110546e-04
1.331120e+01 1.153466e-04 9.143541e-05 9.362614e-06 2.452418e-04
1.336018e+01 1.266643e-04 1.004914e-04 9.972372e-06 2.695290e-04
1.340915e+01 1.315153e-04 1.044221e-04 1.005233e-05 2.800715e-04
1.345812e+01 1.290702e-04 1.025570e-04 9.588167e-06 2.750655e-04
1.350709e+01 1.196940e-04 9.517563e-05 8.653303e-06 2.552532e-04
1.355606e+01 1.048609e-04 8.344489e-05 7.392104e-06 2.237457e-04
1.360503e+01 8.678068e-05 6.912745e-05 5.989104e-06 1.852255e-04
1.365400e+01 6.787699e-05 5.417606e-05 4.639038e-06 1.448159e-04
1.370297e+01 5.030375e-05 4.036630e-05 3.535527e-06 1.070094e-04
1.375194e+01 3.566124e-05 2.910358e-05 2.895958e-06 7.498417e-05
1.380091e+01 2.499262e-05 2.147854e-05 3.037902e-06 5.046141e-05
1.384988e+01 1.905191e-05 1.857179e-05 4.518785e-06 3.406514e-05
1.389885e+01 1.876708e-05 2.194755e-05 8.342059e-06 2.601163e-05
1.394782e+01 2.578441e-05 3.422760e-05 1.621317e-05 2.691247e-05
1.399679e+01 4.295774e-05 5.959229e-05 3.079191e-05 3.848901e-05
1.404576e+01 7.462156e-05 1.040069e-04 5.583768e-05 6.402014e-05
1.409473e+01 1.264683e-04 1.749440e-04 9.610169e-05 1.083590e-04
1.414370e+01 2.048738e-04 2.804180e-04 1.568230e-04 1.773804e-04
1.419268e+01 3.156334e-04 4.273157e-04 2.427724e-04 2.768122e-04
1.424165e+01 4.622979e-04 6.193149e-04 3.569729e-04 4.106060e-04
1.429062e+01 6.445809e-04 8.550234e-04 4.994525e-04 5.792667e-04
1.433959e+01 8.575058e-04 1.127182e-03 6.665506e-04 7.787851e-04
1.438856e+01 1.091904e-03 1.423649e-03 8.512587e-04 1.000804e-03
1.443753e+01 1.336477e-03 1.730352e-03 1.044767e-03 1.234313e-03
1.448650e+01 1.581001e-03 2.035562e-03 1.238885e-03 1.468556e-03
1.453547e+01 1.819632e-03 2.334147e-03 1.428534e-03 1.696216e-03
1.458444e+01 2.053069e-03 2.630192e-03 1.613346e-03 1.915669e-03
1.463341e+01 2.288653e-03 2.936848e-03 1.797714e-03 2.131396e-03
1.468238e+01 2.538316e-03 3.273294e-03 1.989274e-03 2.352379e-03
1.473135e+01 2.815147e-03 3.659753e-03 2.196506e-03 2.589181e-03
1.478032e+01 3.129793e-03 4.112055e-03 2.426421e-03 2.850902e-03
1.482929e+01 3.487759e-03 4.637083e-03 2.683130e-03 3.143063e-03
1.487826e+01 3.888013e-03 5.229706e-03 2.967464e-03 3.466868e-03
1.492723e+01 4.322665e-03 5.871174e-03 3.277241e-03 3.819579e-03
1.497621e+01 4.777243e-03 6.528861e-03 3.607569e-03 4.195299e-03
1.502518e+01 5.231328e-03 7.157668e-03 3.950776e-03 4.585541e-03
1.507415e+01 5.659755e-03 7.703904e-03 4.296089e-03 4.979272e-03
1.512312e+01 6.034774e-03 8.112252e-03 4.629465e-03 5.362607e-03
1.517209e+01 6.329321e-03 8.335333e-03 4.934077e-03 5.718553e-03
1.522106e+01 6.520926e-03 8.343794e-03 5.191646e-03 6.027339e-03
1.527003e+01 6.595333e-03 8.133797e-03 5.384474e-03 6.267727e-03
1.531900e+01 6.548780e-03 7.729056e-03 5.497814e-03 6.419470e-03
1.536797e+01 6.388384e-03 7.176316e-03 5.522154e-03 6.466682e-03
1.541694e+01 6.130679e-03 6.535575e-03 5.455036e-03 6.401425e-03
1.546591e+01 5.798887e-03 5.868192e-03 5.302029e-03 6.226441e-03
1.551488e+01 5.419647e-03 5.226454e-03 5.076527e-03 5.955959e-03
1.556385e+01 5.019753e-03 4.647157e-03 4.798158e-03 5.613944e-03
1.561282e+01 4.623271e-03 4.149928e-03 4.489881e-03 5.230003e-03
1.566179e+01 4.249294e-03 3.739457e-03 4.174343e-03 4.834082e-03
1.571076e+01 3.910705e-03 3.410015e-03 3.870441e-03 4.451658e-03
1.575973e+01 3.614326e-03 3.150719e-03 3.591199e-03 4.101059e-03
1.580871e+01 3.362648e-03 2.950459e-03 3.343721e-03 3.793764e-03
1.585768e+01 3.156825e-03 2.801849e-03 3.131291e-03 3.537335e-03
1.590665e+01 3.000032e-03 2.703717e-03 2.956852e-03 3.339529e-03
1.595562e+01 2.899933e-03 2.661708e-03 2.826522e-03 3.211570e-03
1.600459e+01 2.869125e-03 2.686753e-03 2.751700e-03 3.168920e-03
1.605356e+01 2.923064e-03 2.791531e-03 2.748798e-03 3.228862e-03
1.610253e+01 3.075871e-03 2.985626e-03 2.836472e-03 3.405515e-03
1.615150e+01 3.335126e-03 3.270556e-03 3.030996e-03 3.703827e-03
1.620047e+01 3.697086e-03 3.635958e-03 3.340891e-03 4.114410e-03
1.624944e+01 4.143576e-03 4.058025e-03 3.761981e-03 4.610723e-03
1.629841e+01 4.641356e-03 4.500709e-03 4.273862e-03 5.149499e-03
1.634738e+01 5.144287e-03 4.919636e-03 4.838655e-03 5.674570e-03
1.639635e+01 5.598236e-03 5.268099e-03 5.402826e-03 6.123782e-03
1.644532e+01 5.948302e-03 5.504105e-03 5.902692e-03 6.438107e-03
1.649429e+01 6.147454e-03 5.597206e-03 6.273619e-03 6.571536e-03
1.654326e+01 6.165085e-03 5.533762e-03 6.461712e-03 6.499781e-03
1.659223e+01 5.993501e-03 5.319468e-03 6.435439e-03 6.225597e-03
1.664121e+01 5.650393e-03 4.978392e-03 6.193790e-03 5.778999e-03
1.669018e+01 5.176129e-03 4.548587e-03 5.767970e-03 5.211830e-03
1.673915e+01 4.626105e-03 4.075149e-03 5.215425e-03 4.587740e-03
1.678812e+01 4.059970e-03 3.602319e-03 4.607520e-03 3.970071e-03
1.683709e+01 3.530537e-03 3.166465e-03 4.014405e-03 3.410740e-03
1.688606e+01 3.075245e-03 2.791458e-03 3.491446e-03 2.942830e-03
1.693503e+01 2.712073e-03 2.487151e-03 3.070804e-03 2.578262e-03
1.698400e+01 2.440287e-03 2.250798e-03 2.759731e-03 2.310334e-03
1.703297e+01 2.244979e-03 2.070517e-03 2.544853e-03 2.119567e-03
1.708194e+01 2.103505e-03 1.929637e-03 2.400111e-03 1.980769e-03
1.713091e+01 1.991928e-03 1.810868e-03 2.295515e-03 1.869401e-03
1.717988e+01 1.890069e-03 1.699648e-03 2.204449e-03 1.766110e-03
1.722885e+01 1.784599e-03 1.586358e-03 2.108315e-03 1.659123e-03
1.727782e+01 1.670191e-03 1.467405e-03 1.998401e-03 1.544768e-03
1.732679e+01 1.549098e-03 1.345222e-03 1.875462e-03 1.426609e-03
1.737576e+01 1.429540e-03 1.227297e-03 1.747723e-03 1.313599e-03
1.742474e+01 1.323293e-03 1.124354e-03 1.627935e-03 1.217590e-03
1.747371e+01 1.242815e-03 1.047933e-03 1.530000e-03 1.150511e-03
1.752268e+01 1.198396e-03 1.007770e-03 1.465733e-03 1.121686e-03
1.757165e+01 1.195879e-03 1.009520e-03 1.442317e-03 1.135800e-03
1.762062e+01 1.235468e-03 1.053345e-03 1.461017e-03 1.192041e-03
1.766959e+01 1.311963e-03 1.133813e-03 1.517435e-03 1.284642e-03
1.771856e+01 1.416379e-03 1.241210e-03 1.603224e-03 1.404701e-03
1.776753e+01 1.538526e-03 1.364041e-03 1.708748e-03 1.542787e-03
1.781650e+01 1.669879e-03 1.492094e-03 1.825940e-03 1.691604e-03
1.786547e+01 1.805972e-03 1.619281e-03 1.950620e-03 1.848014e-03
1.791444e+01 1.947741e-03 1.745513e-03 2.083784e-03 2.013925e-03
1.796341e+01 2.101599e-03 1.877184e-03 2.231694e-03 2.195921e-03
1.801238e+01 2.278327e-03 2.026268e-03 2.404919e-03 2.403793e-03
1.806135e+01 2.491058e-03 2.208329e-03 2.616508e-03 2.648336e-03
1.811032e+01 2.752622e-03 2.439786e-03 2.879411e-03 2.938669e-03
1.815929e+01 3.072336e-03 2.734604e-03 3.203154e-03 3.279251e-03
1.820826e+01 3.452367e-03 3.100460e-03 3.589867e-03 3.666773e-03
1.825724e+01 3.884043e-03 3.534587e-03 4.030180e-03 4.087363e-03
1.830621e+01 4.345031e-03 4.020011e-03 4.500105e-03 4.514979e-03
1.835518e+01 4.798727e-03 4.523556e-03 4.960477e-03 4.912148e-03
1.840415e+01 5.197170e-03 4.997197e-03 5.360344e-03 5.233968e-03
1.845312e+01 5.487960e-03 5.383824e-03 5.644708e-03 5.435349e-03
1.850209e+01 5.624238e-03 5.627090e-03 5.765436e-03 5.480187e-03
1.855106e+01 5.575274e-03 5.683281e-03 5.692532e-03 5.350007e-03
1.860003e+01 5.334486e-03 5.531883e-03 5.422258e-03 5.049319e-03
1.864900e+01 4.922106e-03 5.181396e-03 4.979199e-03 4.605723e-03
1.869797e+01 4.381374e-03 4.668288e-03 4.411315e-03 4.064520e-03
1.874694e+01 3.769334e-03 4.049195e-03 3.779419e-03 3.479388e-03
1.879591e+01 3.145074e-03 3.388817e-03 3.144427e-03 2.901977e-03
1.884488e+01 2.558925e-03 2.747204e-03 2.556227e-03 2.373345e-03
1.889385e+01 2.045447e-03 2.170046e-03 2.047042e-03 1.919251e-03
1.894282e+01 1.621401e-03 1.684092e-03 1.630293e-03 1.549819e-03
1.899179e+01 1.288207e-03 1.297894e-03 1.304023e-03 1.262703e-03
1.904076e+01 1.037098e-03 1.006408e-03 1.056795e-03 1.048090e-03
1.908974e+01 8.549340e-04 7.971902e-04 8.738053e-04 8.938065e-04
1.913871e+01 7.289988e-04 6.561497e-04 7.415907e-04 7.892560e-04
1.918768e+01 6.499352e-04 5.715616e-04 6.506514e-04 7.275925e-04
1.923665e+01 6.127535e-04 5.359668e-04 5.961654e-04 7.061284e-04
1.928562e+01 6.163231e-04 5.462297e-04 5.773908e-04 7.253488e-04
1.933459e+01 6.619271e-04 6.023095e-04 5.964186e-04 7.870531e-04
1.938356e+01 7.513970e-04 7.053027e-04 6.567287e-04 8.921596e-04
1.943253e+01 8.852097e-04 8.552211e-04 7.617318e-04 1.038676e-03
1.948150e+01 1.060827e-03 1.048903e-03 9.132891e-04 1.220289e-03
1.953047e+01 1.271518e-03 1.278453e-03 1.110179e-03 1.425922e-03
1.957944e+01 1.505896e-03 1.530600e-03 1.346632e-03 1.640457e-03
1.962841e+01 1.748362e-03 1.787272e-03 1.611297e-03 1.846516e-03
1.967738e+01 1.980531e-03 2.027466e-03 1.887166e-03 2.026962e-03
1.972635e+01 2.183552e-03 2.230166e-03 2.152939e-03 2.167552e-03
1.977532e+01 2.340929e-03 2.377701e-03 2.385936e-03 2.259152e-03
1.982429e+01 2.441270e-03 2.458741e-03 2.566068e-03 2.299002e-03
1.987327e+01 2.480228e-03 2.470108e-03 2.679808e-03 2.290769e-03
1.992224e+01 2.461043e-03 2.416888e-03 2.722873e-03 2.243367e-03
1.997121e+01 2.393452e-03 2.310848e-03 2.700684e-03 2.168825e-03
2.002018e+01 2.291263e-03 2.167688e-03 2.626394e-03 2.079707e-03
2.006915e+01 2.169319e-03 2.003998e-03 2.517208e-03 1.986752e-03
2.011812e+01 2.040793e-03 1.834789e-03 2.390286e-03 1.897303e-03
2.016709e+01 1.915492e-03 1.672086e-03 2.259508e-03 1.814883e-03
2.021606e+01 1.799465e-03 1.524612e-03 2.133934e-03 1.739848e-03
2.026503e+01 1.695634e-03 1.398182e-03 2.018010e-03 1.670709e-03
2.031400e+01 1.604945e-03 1.296314e-03 1.912968e-03 1.605553e-03
2.036297e+01 1.527456e-03 1.220688e-03 1.818622e-03 1.543059e-03
2.041194e+01 1.463020e-03 1.171359e-03 1.734806e-03 1.482895e-03
2.046091e+01 1.411479e-03 1.146825e-03 1.662068e-03 1.425544e-03
2.050988e+01 1.372509e-03 1.144110e-03 1.601576e-03 1.371839e-03
2.055885e+01 1.345300e-03 1.158966e-03 1.554463e-03 1.322470e-03
2.060782e+01 1.328281e-03 1.186195e-03 1.520981e-03 1.277666e-03
2.065679e+01 1.318980e-03 1.220026e-03 1.499811e-03 1.237103e-03
2.070577e+01 1.314092e-03 1.254495e-03 1.487779e-03 1.200002e-03
2.075474e+01 1.309767e-03 1.283847e-03 1.480105e-03 1.165348e-03
2.080371e+01 1.302097e-03 1.302986e-03 1.471150e-03 1.132153e-03
2.085268e+01 1.287738e-03 1.307993e-03 1.455507e-03 1.099715e-03
2.090165e+01 1.264536e-03 1.296627e-03 1.429144e-03 1.067838e-03
2.095062e+01 1.231978e-03 1.268684e-03 1.390293e-03 1.036958e-03
2.099959e+01 1.191324e-03 1.226026e-03 1.339806e-03 1.008140e-03
2.104856e+01 1.145332e-03 1.172234e-03 1.280840e-03 9.829233e-04
2.109753e+01 1.097636e-03 1.111920e-03 1.217976e-03 9.630111e-04
2.114650e+01 1.051916e-03 1.049880e-03 1.156021e-03 9.498475e-04
2.119547e+01 1.011113e-03 9.903096e-04 1.098862e-03 9.441674e-04
2.124444e+01 9.768586e-04 9.362501e-04 1.048698e-03 9.456273e-04
2.129341e+01 9.492637e-04 8.893461e-04 1.005816e-03 9.526289e-04
2.134238e+01 9.270563e-04 8.498773e-04 9.688806e-04 9.624109e-04
2.139135e+01 9.079982e-04 8.169941e-04 9.355769e-04 9.714236e-04
2.144032e+01 8.894527e-04 7.890784e-04 9.033526e-04 9.759270e-04
2.148929e+01 8.689767e-04 7.641798e-04 8.700637e-04 9.726866e-04
2.153827e+01 8.448305e-04 7.404860e-04 8.343990e-04 9.596064e-04
2.158724e+01 8.163258e-04 7.167750e-04 7.960559e-04 9.361466e-04
2.163621e+01 7.839639e-04 6.927651e-04 7.557070e-04 9.034198e-04
2.168518e+01 7.493435e-04 6.692647e-04 7.148209e-04 8.639449e-04
2.173415e+01 7.148569e-04 6.480504e-04 6.753972e-04 8.211231e-04
2.178312e+01 6.832334e-04 6.314693e-04 6.396627e-04 7.785684e-04
2.183209e+01 6.570238e-04 6.218521e-04 6.097630e-04 7.394564e-04
2.188106e+01 6.381370e-04 6.208970e-04 5.874798e-04 7.060343e-04
2.193003e+01 6.275316e-04 6.292058e-04 5.740055e-04 6.793835e-04
2.197900e+01 6.251275e-04 6.461168e-04 5.698053e-04 6.594604e-04
2.202797e+01 6.299483e-04 6.698838e-04 5.745902e-04 6.453710e-04
2.207694e+01 6.404476e-04 6.981416e-04 5.874067e-04 6.357946e-04
2.212591e+01 6.549262e-04 7.285093e-04 6.068261e-04 6.294431e-04
2.217488e+01 6.719271e-04 7.591410e-04 6.311872e-04 6.254530e-04
2.222385e+01 6.905063e-04 7.890575e-04 6.588341e-04 6.236274e-04
2.227282e+01 7.103202e-04 8.181693e-04 6.882960e-04 6.244954e-04
2.232180e+01 7.315312e-04 8.470086e-04 7.183848e-04 6.292003e-04
2.237077e+01 7.545946e-04 8.762850e-04 7.482247e-04 6.392742e-04
2.241974e+01 7.800205e-04 9.064369e-04 7.772529e-04 6.563719e-04
2.246871e+01 8.081987e-04 9.373348e-04 8.052286e-04 6.820328e-04
2.251768e+01 8.393272e-04 9.682220e-04 8.322591e-04 7.175005e-04
2.256665e+01 8.734297e-04 9.978803e-04 8.588196e-04 7.635893e-04
2.261562e+01 9.104071e-04 1.024934e-03 8.857302e-04 8.205570e-04
2.266459e+01 9.500676e-04 1.048186e-03 9.140672e-04 8.879494e-04
2.271356e+01 9.921143e-04 1.066902e-03 9.450133e-04 9.644276e-04
2.276253e+01 1.036110e-03 1.081014e-03 9.796747e-04 1.047643e-03
2.281150e+01 1.081462e-03 1.091232e-03 1.018891e-03 1.134264e-03
2.286047e+01 1.127456e-03 1.099067e-03 1.063054e-03 1.220246e-03
2.290944e+01 1.173333e-03 1.106710e-03 1.111943e-03 1.301344e-03
2.295841e+01 1.218375e-03 1.116752e-03 1.164593e-03 1.373781e-03
2.300738e+01 1.261932e-03 1.131711e-03 1.219228e-03 1.434856e-03
2.305635e+01 1.303362e-03 1.153456e-03 1.273328e-03 1.483302e-03
2.310532e+01 1.341912e-03 1.182659e-03 1.323838e-03 1.519240e-03
2.315430e+01 1.376607e-03 1.218487e-03 1.367554e-03 1.543781e-03
2.320327e+01 1.406242e-03 1.258697e-03 1.401594e-03 1.558434e-03
2.325224e+01 1.429551e-03 1.300164e-03 1.423900e-03 1.564588e-03
2.330121e+01 1.445541e-03 1.339723e-03 1.433620e-03 1.563280e-03
2.335018e+01 1.453873e-03 1.375036e-03 1.431300e-03 1.555284e-03
2.339915e+01 1.455128e-03 1.405163e-03 1.418804e-03 1.541417e-03
2.344812e+01 1.450813e-03 1.430622e-03 1.398964e-03 1.522854e-03
2.349709e+01 1.443068e-03 1.452903e-03 1.375066e-03 1.501234e-03
2.354606e+01 1.434161e-03 1.473650e-03 1.350313e-03 1.478520e-03
2.359503e+01 1.425970e-03 1.493838e-03 1.327435e-03 1.456639e-03
2.364400e+01 1.419640e-03 1.513261e-03 1.308567e-03 1.437094e-03
2.369297e+01 1.415509e-03 1.530479e-03 1.295358e-03 1.420690e-03
2.374194e+01 1.413273e-03 1.543166e-03 1.289186e-03 1.407466e-03
2.379091e+01 1.412261e-03 1.548661e-03 1.291280e-03 1.396841e-03
2.383988e+01 1.411673e-03 1.544496e-03 1.302627e-03 1.387895e-03
2.388885e+01 1.410695e-03 1.528747e-03 1.323658e-03 1.379678e-03
2.393782e+01 1.408503e-03 1.500193e-03 1.353849e-03 1.371469e-03
2.398680e+01 1.404221e-03 1.458338e-03 1.391428e-03 1.362897e-03
2.403577e+01 1.396894e-03 1.403410e-03 1.433348e-03 1.353924e-03
2.408474e+01 1.385545e-03 1.336354e-03 1.475596e-03 1.344685e-03
2.413371e+01 1.369294e-03 1.258844e-03 1.513779e-03 1.335260e-03
2.418268e+01 1.347513e-03 1.173238e-03 1.543856e-03 1.325447e-03
2.423165e+01 1.319967e-03 1.082457e-03 1.562830e-03 1.314614e-03
2.428062e+01 1.286893e-03 9.897449e-04 1.569243e-03 1.301692e-03
2.432959e+01 1.248993e-03 8.983534e-04 1.563330e-03 1.285296e-03
2.437856e+01 1.207327e-03 8.112064e-04 1.546805e-03 1.263971e-03
2.442753e+01 1.163136e-03 7.306118e-04 1.522326e-03 1.236472e-03
2.447650e+01 1.117642e-03 6.580842e-04 1.492804e-03 1.202037e-03
2.452547e+01 1.071885e-03 5.943096e-04 1.460756e-03 1.160589e-03
2.457444e+01 1.026658e-03 5.392466e-04 1.427903e-03 1.112823e-03
2.462341e+01 9.825186e-04 4.923241e-04 1.395085e-03 1.060147e-03
2.467238e+01 9.398728e-04 4.526750e-04 1.362456e-03 1.004487e-03
2.472135e+01 8.990477e-04 4.193417e-04 1.329802e-03 9.479999e-04
2.477033e+01 8.603238e-04 3.914135e-04 1.296814e-03 8.927437e-04
2.481930e+01 8.239155e-04 3.680819e-04 1.263251e-03 8.404140e-04
2.486827e+01 7.899320e-04 3.486339e-04 1.228971e-03 7.921909e-04
2.491724e+01 7.583639e-04 3.324179e-04 1.193947e-03 7.487271e-04
2.496621e+01 7.291166e-04 3.188153e-04 1.158289e-03 7.102451e-04
2.501518e+01 7.020755e-04 3.072383e-04 1.122305e-03 6.766827e-04
2.506415e+01 6.771618e-04 2.971544e-04 1.086509e-03 6.478222e-04
2.511312e+01 6.543408e-04 2.881262e-04 1.051535e-03 6.233611e-04
2.516209e+01 6.335724e-04 2.798476e-04 1.017954e-03 6.029163e-04
2.521106e+01 6.147310e-04 2.721592e-04 9.860519e-04 5.859820e-04
2.526003e+01 5.975357e-04 2.650345e-04 9.556962e-04 5.718764e-04
2.530900e+01 5.815296e-04 2.585319e-04 9.263444e-04 5.597126e-04
2.535797e+01 5.661185e-04 2.527230e-04 8.972091e-04 5.484233e-04
2.540694e+01 5.506543e-04 2.476150e-04 8.674928e-04 5.368550e-04
2.545591e+01 5.345356e-04 2.430895e-04 8.365913e-04 5.239259e-04
2.550488e+01 5.172959e-04 2.388808e-04 8.041885e-04 5.088185e-04
2.555385e+01 4.986643e-04 2.346023e-04 7.702316e-04 4.911591e-04
2.560283e+01 4.785924e-04 2.298178e-04 7.348323e-04 4.711271e-04
2.565180e+01 4.572529e-04 2.241359e-04 6.981665e-04 4.494561e-04
2.570077e+01 4.350160e-04 2.172997e-04 6.604314e-04 4.273167e-04
2.574974e+01 4.124095e-04 2.092476e-04 6.218756e-04 4.061053e-04
2.579871e+01 3.900655e-04 2.001276e-04 5.828775e-04 3.871913e-04
2.584768e+01 3.686559e-04 1.902645e-04 5.440223e-04 3.716810e-04
2.589665e+01 3.488214e-04 1.800894e-04 5.061291e-04 3.602459e-04
2.594562e+01 3.310997e-04 1.700527e-04 4.702032e-04 3.530431e-04
2.599459e+01 3.158634e-04 1.605423e-04 4.373187e-04 3.497293e-04
2.604356e+01 3.032794e-04 1.518246e-04 4.084640e-04 3.495496e-04
2.609253e+01 2.932948e-04 1.440199e-04 3.843940e-04 3.514705e-04
2.614150e+01 2.856562e-04 1.371121e-04 3.655316e-04 3.543250e-04
2.619047e+01 2.799563e-04 1.309842e-04 3.519389e-04 3.569458e-04
2.623944e+01 2.757016e-04 1.254676e-04 3.433557e-04 3.582816e-04
2.628841e+01 2.723898e-04 1.203926e-04 3.392785e-04 3.574981e-04
2.633738e+01 2.695854e-04 1.156329e-04 3.390446e-04 3.540787e-04
2.638635e+01 2.669850e-04 1.111393e-04 3.418960e-04 3.479198e-04
2.643533e+01 2.644622e-04 1.069659e-04 3.470155e-04 3.394052e-04
2.648430e+01 2.620856e-04 1.032868e-04 3.535531e-04 3.294171e-04
2.653327e+01 2.601029e-04 1.004011e-04 3.606602e-04 3.192473e-04
2.658224e+01 2.588832e-04 9.871816e-05 3.675448e-04 3.103865e-04
2.663121e+01 2.588220e-04 9.871507e-05 3.735345e-04 3.042164e-04
2.668018e+01 2.602195e-04 1.008621e-04 3.781256e-04 3.016708e-04
2.672915e+01 2.631616e-04 1.055234e-04 3.809967e-04 3.029646e-04
2.677812e+01 2.674375e-04 1.128515e-04 3.819813e-04 3.074796e-04
2.682709e+01 2.725260e-04 1.227015e-04 3.810171e-04 3.138593e-04
2.687606e+01 2.776565e-04 1.345895e-04 3.780889e-04 3.202909e-04
2.692503e+01 2.819272e-04 1.477081e-04 3.731821e-04 3.248914e-04
2.697400e+01 2.844399e-04 1.609948e-04 3.662466e-04 3.260783e-04
2.702297e+01 2.844115e-04 1.732378e-04 3.571735e-04 3.228232e-04
2.707194e+01 2.812457e-04 1.831997e-04 3.457956e-04 3.147417e-04
2.712091e+01 2.745732e-04 1.897490e-04 3.319326e-04 3.020381e-04
2.716988e+01 2.642883e-04 1.919942e-04 3.154977e-04 2.853730e-04
2.721886e+01 2.505962e-04 1.894186e-04 2.966485e-04 2.657215e-04
2.726783e+01 2.340628e-04 1.819985e-04 2.759288e-04 2.442611e-04
2.731680e+01 2.156307e-04 1.702740e-04 2.543289e-04 2.222891e-04
2.736577e+01 1.965633e-04 1.553326e-04 2.332139e-04 2.011434e-04
2.741474e+01 1.783035e-04 1.386833e-04 2.141215e-04 1.821056e-04
2.746371e+01 1.622659e-04 1.220294e-04 1.984893e-04 1.662790e-04
2.751268e+01 1.496123e-04 1.069865e-04 1.873923e-04 1.544582e-04
2.756165e+01 1.410601e-04 9.481257e-05 1.813567e-04 1.470111e-04
2.761062e+01 1.367606e-04 8.621296e-05 1.802700e-04 1.437988e-04
2.765959e+01 1.362651e-04 8.125966e-05 1.833801e-04 1.441554e-04
2.770856e+01 1.385849e-04 7.943460e-05 1.893705e-04 1.469496e-04
2.775753e+01 1.423479e-04 7.978059e-05 1.965203e-04 1.507428e-04
2.780650e+01 1.460450e-04 8.112848e-05 2.029652e-04 1.540412e-04
2.785547e+01 1.483399e-04 8.235916e-05 2.070549e-04 1.556056e-04
2.790444e+01 1.483819e-04 8.265228e-05 2.077474e-04 1.547459e-04
2.795341e+01 1.460387e-04 8.167162e-05 2.049282e-04 1.515163e-04
2.800238e+01 1.419703e-04 7.964452e-05 1.995286e-04 1.467378e-04
2.805136e+01 1.375025e-04 7.731334e-05 1.933670e-04 1.418271e-04
2.810033e+01 1.343217e-04 7.576652e-05 1.887288e-04 1.384698e-04
2.814930e+01 1.340676e-04 7.618593e-05 1.877957e-04 1.382210e-04
2.819827e+01 1.379311e-04 7.956629e-05 1.920893e-04 1.421377e-04
2.824724e+01 1.463562e-04 8.646608e-05 2.020799e-04 1.505226e-04
2.829621e+01 1.589075e-04 9.684039e-05 2.170528e-04 1.628292e-04
2.834518e+01 1.743207e-04 1.099892e-04 2.352418e-04 1.777313e-04
2.839415e+01 1.907150e-04 1.246347e-04 2.541748e-04 1.933353e-04
2.844312e+01 2.059193e-04 1.391202e-04 2.711438e-04 2.074939e-04
2.849209e+01 2.178542e-04 1.516962e-04 2.836989e-04 2.181677e-04
2.854106e+01 2.248982e-04 1.608398e-04 2.900786e-04 2.237763e-04
2.859003e+01 2.261696e-04 1.655368e-04 2.894967e-04 2.234753e-04
2.863900e+01 2.216635e-04 1.654575e-04 2.822339e-04 2.172992e-04
2.868797e+01 2.122109e-04 1.609826e-04 2.695135e-04 2.061365e-04
2.873694e+01 1.992677e-04 1.530753e-04 2.531934e-04 1.915345e-04
2.878591e+01 1.845877e-04 1.430355e-04 2.353495e-04 1.753781e-04
2.883488e+01 1.698609e-04 1.322082e-04 2.178568e-04 1.595178e-04
2.888386e+01 1.564102e-04 1.217225e-04 2.020731e-04 1.454349e-04
2.893283e+01 1.450107e-04 1.123234e-04 1.886888e-04 1.340199e-04
2.898180e+01 1.358625e-04 1.043247e-04 1.777578e-04 1.255050e-04
2.903077e+01 1.286971e-04 9.767371e-05 1.688678e-04 1.195499e-04
2.907974e+01 1.229692e-04 9.208901e-05 1.613797e-04 1.154389e-04
2.912871e+01 1.180682e-04 8.721681e-05 1.546599e-04 1.123280e-04
2.917768e+01 1.134949e-04 8.275927e-05 1.482509e-04 1.094744e-04
2.922665e+01 1.089654e-04 7.854474e-05 1.419536e-04 1.063979e-04
2.927562e+01 1.044367e-04 7.453521e-05 1.358261e-04 1.029488e-04
2.932459e+01 1.000645e-04 7.078694e-05 1.301225e-04 9.928420e-05
2.937356e+01 9.612219e-05 6.739080e-05 1.252019e-04 9.577388e-05
2.942253e+01 9.290673e-05 6.441817e-05 1.214328e-04 9.286920e-05
2.947150e+01 9.065693e-05 6.188963e-05 1.191115e-04 9.096962e-05
2.952047e+01 8.949819e-05 5.977233e-05 1.184040e-04 9.031825e-05
2.956944e+01 8.942360e-05 5.800237e-05 1.193186e-04 9.094983e-05
2.961841e+01 9.031299e-05 5.652307e-05 1.217133e-04 9.270261e-05
2.966739e+01 9.198434e-05 5.532793e-05 1.253360e-04 9.528911e-05
2.971636e+01 9.426399e-05 5.449725e-05 1.298905e-04 9.840420e-05
2.976533e+01 9.705621e-05 5.421830e-05 1.351128e-04 1.018376e-04
2.981430e+01 1.003918e-04 5.478076e-05 1.408385e-04 1.055562e-04
2.986327e+01 1.044405e-04 5.654286e-05 1.470453e-04 1.097334e-04
2.991224e+01 1.094808e-04 5.986911e-05 1.538580e-04 1.147154e-04
2.996121e+01 1.158321e-04 6.504876e-05 1.615126e-04 1.209348e-04
3.001018e+01 1.237609e-04 7.221092e-05 1.702851e-04 1.287867e-04
3.005915e+01 1.333812e-04 8.125732e-05 1.803926e-04 1.384938e-04
3.010812e+01 1.445691e-04 9.183167e-05 1.918885e-04 1.499871e-04
3.015709e+01 1.569156e-04 1.033372e-04 2.045762e-04 1.628334e-04
3.020606e+01 1.697364e-04 1.150013e-04 2.179697e-04 1.762383e-04
3.025503e+01 1.821452e-04 1.259747e-04 2.313226e-04 1.891382e-04
3.030400e+01 1.931826e-04 1.354438e-04 2.437288e-04 2.003753e-04
3.035297e+01 2.019746e-04 1.427362e-04 2.542737e-04 2.089139e-04
3.040194e+01 2.078801e-04 1.474024e-04 2.621966e-04 2.140414e-04
3.045091e+01 2.105917e-04 1.492628e-04 2.670163e-04 2.154961e-04
3.049989e+01 2.101620e-04 1.484166e-04 2.685845e-04 2.134848e-04
3.054886e+01 2.069537e-04 1.452103e-04 2.670570e-04 2.085937e-04
3.059783e+01 2.015326e-04 1.401682e-04 2.628023e-04 2.016274e-04
3.064680e+01 1.945394e-04 1.338969e-04 2.562885e-04 1.934329e-04
3.069577e+01 1.865786e-04 1.269821e-04 2.479915e-04 1.847622e-04
3.074474e+01 1.781542e-04 1.199043e-04 2.383539e-04 1.762043e-04
3.079371e+01 1.696599e-04 1.129956e-04 2.277959e-04 1.681883e-04
3.084268e+01 1.614107e-04 1.064458e-04 2.167537e-04 1.610325e-04
3.089165e+01 1.536840e-04 1.003485e-04 2.057089e-04 1.549945e-04
3.094062e+01 1.467414e-04 9.476160e-05 1.951742e-04 1.502885e-04
3.098959e+01 1.408103e-04 8.975278e-05 1.856265e-04 1.470515e-04
3.103856e+01 1.360307e-04 8.541199e-05 1.774073e-04 1.452729e-04
3.108753e+01 1.323962e-04 8.182926e-05 1.706316e-04 1.447278e-04
3.113650e+01 1.297223e-04 7.905460e-05 1.651541e-04 1.449583e-04
3.118547e+01 1.276726e-04 7.706341e-05 1.606195e-04 1.453349e-04
3.123444e+01 1.258444e-04 7.574701e-05 1.565910e-04 1.451951e-04
3.128341e+01 1.238906e-04 7.493485e-05 1.527141e-04 1.440228e-04
3.133239e+01 1.216339e-04 7.444104e-05 1.488527e-04 1.416081e-04
3.138136e+01 1.191309e-04 7.411921e-05 1.451440e-04 1.381296e-04
3.143033e+01 1.166617e-04 7.390835e-05 1.419500e-04 1.341267e-04
3.147930e+01 1.146512e-04 7.385789e-05 1.397276e-04 1.303682e-04
3.152827e+01 1.135532e-04 7.412673e-05 1.388719e-04 1.276609e-04
3.157724e+01 1.137377e-04 7.495697e-05 1.395939e-04 1.266624e-04
3.162621e+01 1.154176e-04 7.662652e-05 1.418736e-04 1.277526e-04
3.167518e+01 1.186268e-04 7.938816e-05 1.454948e-04 1.309974e-04
3.172415e+01 1.232456e-04 8.340575e-05 1.501354e-04 1.361956e-04
3.177312e+01 1.290505e-04 8.870178e-05 1.554721e-04 1.429775e-04
3.182209e+01 1.357672e-04 9.513053e-05 1.612620e-04 1.509090e-04
3.187106e+01 1.431119e-04 1.023864e-04 1.673830e-04 1.595664e-04
3.192003e+01 1.508170e-04 1.100490e-04 1.738304e-04 1.685715e-04
3.196900e+01 1.586467e-04 1.176567e-04 1.806873e-04 1.775961e-04
3.201797e+01 1.664130e-04 1.247938e-04 1.880831e-04 1.863622e-04
3.206694e+01 1.739946e-04 1.311733e-04 1.961567e-04 1.946537e-04
3.211592e+01 1.813549e-04 1.366943e-04 2.050264e-04 2.023441e-04
3.216489e+01 1.885466e-04 1.414586e-04 2.147614e-04 2.094198e-04
3.221386e+01 1.956858e-04 1.457343e-04 2.253446e-04 2.159786e-04
3.226283e+01 2.028914e-04 1.498684e-04 2.366202e-04 2.221857e-04
3.231180e+01 2.101999e-04 1.541667e-04 2.482376e-04 2.281955e-04
3.236077e+01 2.174871e-04 1.587770e-04 2.596169e-04 2.340673e-04
3.240974e+01 2.244340e-04 1.636157e-04 2.699733e-04 2.397129e-04
3.245871e+01 2.305665e-04 1.683703e-04 2.784246e-04 2.449047e-04
3.250768e+01 2.353712e-04 1.725861e-04 2.841749e-04 2.493527e-04
3.255665e+01 2.384562e-04 1.758141e-04 2.867304e-04 2.528240e-04
3.260562e+01 2.397022e-04 1.777753e-04 2.860720e-04 2.552595e-04
3.265459e+01 2.393459e-04 1.784854e-04 2.827159e-04 2.568364e-04
3.270356e+01 2.379543e-04 1.782951e-04 2.776254e-04 2.579423e-04
3.275253e+01 2.362949e-04 1.778293e-04 2.719932e-04 2.590622e-04
3.280150e+01 2.351406e-04 1.778400e-04 2.669639e-04 2.606180e-04
3.285047e+01 2.350782e-04 1.790211e-04 2.633877e-04 2.628257e-04
3.289944e+01 2.363851e-04 1.818444e-04 2.616817e-04 2.656292e-04
3.294842e+01 2.390122e-04 1.864697e-04 2.618277e-04 2.687391e-04
3.299739e+01 2.426660e-04 1.927565e-04 2.634849e-04 2.717566e-04
3.304636e+01 2.469508e-04 2.003645e-04 2.661615e-04 2.743263e-04
3.309533e+01 2.515131e-04 2.089023e-04 2.693785e-04 2.762584e-04
3.314430e+01 2.561427e-04 2.180658e-04 2.727816e-04 2.775807e-04
3.319327e+01 2.608071e-04 2.277168e-04 2.761840e-04 2.785206e-04
3.324224e+01 2.656267e-04 2.378787e-04 2.795523e-04 2.794492e-04
3.329121e+01 2.708130e-04 2.486603e-04 2.829590e-04 2.808196e-04
3.334018e+01 2.765984e-04 2.601512e-04 2.865273e-04 2.831168e-04
3.338915e+01 2.831752e-04 2.723335e-04 2.903842e-04 2.868079e-04
3.343812e+01 2.906488e-04 2.850473e-04 2.946279e-04 2.922713e-04
3.348709e+01 2.990023e-04 2.980098e-04 2.993040e-04 2.996932e-04
3.353606e+01 3.080659e-04 3.108652e-04 3.043836e-04 3.089488e-04
3.358503e+01 3.174952e-04 3.232294e-04 3.097402e-04 3.195160e-04
3.363400e+01 3.267760e-04 3.347119e-04 3.151343e-04 3.304817e-04
3.368297e+01 3.352785e-04 3.449243e-04 3.202274e-04 3.406838e-04
3.373194e+01 3.423839e-04 3.535089e-04 3.246521e-04 3.489906e-04
3.378092e+01 3.476772e-04 3.602199e-04 3.281507e-04 3.546609e-04
3.382989e+01 3.511667e-04 3.650588e-04 3.307585e-04 3.576828e-04
3.387886e+01 3.534547e-04 3.684241e-04 3.329725e-04 3.589675e-04
3.392783e+01 3.557752e-04 3.712052e-04 3.358175e-04 3.603030e-04
3.397680e+01 3.598440e-04 3.747536e-04 3.407420e-04 3.640366e-04
3.402577e+01 3.675282e-04 3.807056e-04 3.493314e-04 3.725477e-04
3.407474e+01 3.804162e-04 3.906900e-04 3.629093e-04 3.876493e-04
3.412371e+01 3.994151e-04 4.059999e-04 3.821548e-04 4.100906e-04
3.417268e+01 4.245019e-04 4.273242e-04 4.068733e-04 4.393080e-04
3.422165e+01 4.546987e-04 4.546034e-04 4.360024e-04 4.734903e-04
3.427062e+01 4.882657e-04 4.870287e-04 4.678400e-04 5.099283e-04
3.431959e+01 5.230357e-04 5.231570e-04 5.004056e-04 5.455444e-04
3.436856e+01 5.567895e-04 5.610962e-04 5.318121e-04 5.774602e-04
3.441753e+01 5.875861e-04 5.987244e-04 5.605515e-04 6.034823e-04
3.446650e+01 6.140049e-04 6.339336e-04 5.856569e-04 6.224243e-04
3.451547e+01 6.352932e-04 6.648974e-04 6.067511e-04 6.342310e-04
3.456445e+01 6.514246e-04 6.903572e-04 6.240106e-04 6.399058e-04
3.461342e+01 6.630700e-04 7.098836e-04 6.380621e-04 6.412643e-04
3.466239e+01 6.714717e-04 7.240386e-04 6.498149e-04 6.405615e-04
3.471136e+01 6.782187e-04 7.343505e-04 6.602414e-04 6.400643e-04
3.476033e+01 6.849493e-04 7.430493e-04 6.701400e-04 6.416587e-04
3.480930e+01 6.930360e-04 7.525819e-04 6.799496e-04 6.465764e-04
3.485827e+01 7.033299e-04 7.650161e-04 6.896799e-04 6.552936e-04
3.490724e+01 7.160291e-04 7.815002e-04 6.989897e-04 6.675974e-04
3.495621e+01 7.307008e-04 8.019499e-04 7.073825e-04 6.827699e-04
3.500518e+01 7.464413e-04 8.250689e-04 7.144416e-04 6.998132e-04
3.505415e+01 7.621206e-04 8.487003e-04 7.200096e-04 7.176519e-04
3.510312e+01 7.766428e-04 8.703970e-04 7.242499e-04 7.352816e-04
3.515209e+01 7.891594e-04 8.880328e-04 7.275802e-04 7.518653e-04
3.520106e+01 7.991951e-04 9.002741e-04 7.305181e-04 7.667931e-04
3.525003e+01 8.066691e-04 9.067927e-04 7.334995e-04 7.797152e-04
3.529900e+01 8.118217e-04 9.081940e-04 7.367284e-04 7.905427e-04
3.534797e+01 8.150748e-04 9.057232e-04 7.400955e-04 7.994056e-04
3.539695e+01 8.168742e-04 9.008715e-04 7.431849e-04 8.065660e-04
3.544592e+01 8.175647e-04 8.950162e-04 7.453720e-04 8.123057e-04
3.549489e+01 8.173421e-04 8.892028e-04 7.459974e-04 8.168260e-04
3.554386e+01 8.162957e-04 8.841145e-04 7.445756e-04 8.201970e-04
3.559283e+01 8.145180e-04 8.802036e-04 7.409734e-04 8.223770e-04
3.564180e+01 8.122219e-04 8.778910e-04 7.354863e-04 8.232884e-04
3.569077e+01 8.097988e-04 8.777169e-04 7.287700e-04 8.229096e-04
3.573974e+01 8.077700e-04 8.803440e-04 7.216390e-04 8.213270e-04
3.578871e+01 8.066385e-04 8.863911e-04 7.148128e-04 8.187117e-04
3.583768e+01 8.066998e-04 8.961586e-04 7.087187e-04 8.152220e-04
3.588665e+01 8.078976e-04 9.093706e-04 7.034425e-04 8.108799e-04
3.593562e+01 8.097968e-04 9.250554e-04 6.988433e-04 8.054918e-04
3.598459e+01 8.116893e-04 9.416275e-04 6.947651e-04 7.986751e-04
3.603356e+01 8.127898e-04 9.571486e-04 6.912211e-04 7.899996e-04
3.608253e+01 8.124390e-04 9.696763e-04 6.884455e-04 7.791953e-04
3.613150e+01 8.102371e-04 9.775936e-04 6.867801e-04 7.663377e-04
3.618047e+01 8.060713e-04 9.798336e-04 6.864591e-04 7.519212e-04
3.622945e+01 8.000539e-04 9.759662e-04 6.874124e-04 7.367829e-04
3.627842e+01 7.924201e-04 9.661590e-04 6.891981e-04 7.219031e-04
3.632739e+01 7.834391e-04 9.510485e-04 6.911015e-04 7.081673e-04
3.637636e+01 7.733699e-04 9.315739e-04 6.923530e-04 6.961830e-04
3.642533e+01 7.624651e-04 9.088192e-04 6.923590e-04 6.862171e-04
3.647430e+01 7.510035e-04 8.839015e-04 6.908499e-04 6.782593e-04
3.652327e+01 7.393289e-04 8.579246e-04 6.878992e-04 6.721630e-04
3.657224e+01 7.278748e-04 8.319927e-04 6.838373e-04 6.677943e-04
3.662121e+01 7.171667e-04 8.072529e-04 6.791219e-04 6.651255e-04
3.667018e+01 7.077964e-04 7.849213e-04 6.742255e-04 6.642424e-04
3.671915e+01 7.003639e-04 7.662500e-04 6.695718e-04 6.652697e-04
3.676812e+01 6.953907e-04 7.524158e-04 6.655117e-04 6.682448e-04
3.681709e+01 6.932156e-04 7.443500e-04 6.623122e-04 6.729845e-04
3.686606e+01 6.938979e-04 7.425620e-04 6.601358e-04 6.789958e-04
3.691503e+01 6.971674e-04 7.470185e-04 6.590102e-04 6.854736e-04
3.696400e+01 7.024523e-04 7.571344e-04 6.588093e-04 6.914134e-04
3.701298e+01 7.089995e-04 7.718907e-04 6.592767e-04 6.958310e-04
3.706195e+01 7.160700e-04 7.900560e-04 6.601100e-04 6.980441e-04
3.711092e+01 7.231616e-04 8.104519e-04 6.610959e-04 6.979369e-04
3.715989e+01 7.301885e-04 8.321856e-04 6.622598e-04 6.961201e-04
3.720886e+01 7.375535e-04 8.547751e-04 6.639699e-04 6.939154e-04
3.725783e+01 7.460712e-04 8.781254e-04 6.669478e-04 6.931405e-04
3.730680e+01 7.567543e-04 9.023606e-04 6.721661e-04 6.957363e-04
3.735577e+01 7.705221e-04 9.275702e-04 6.806594e-04 7.033367e-04
3.740474e+01 7.879308e-04 9.535677e-04 6.933103e-04 7.169145e-04
3.745371e+01 8.090190e-04 9.797539e-04 7.106828e-04 7.366205e-04
3.750268e+01 8.333162e-04 1.005138e-03 7.329484e-04 7.618621e-04
3.755165e+01 8.599952e-04 1.028501e-03 7.599082e-04 7.915761e-04
3.760062e+01 8.880949e-04 1.048635e-03 7.910804e-04 8.245692e-04
3.764959e+01 9.167207e-04 1.064566e-03 8.258100e-04 8.597861e-04
3.769856e+01 9.451640e-04 1.075710e-03 8.633677e-04 8.964138e-04
3.774753e+01 9.729262e-04 1.081936e-03 9.030226e-04 9.338205e-04
3.779650e+01 9.996745e-04 1.083548e-03 9.440685e-04 9.714066e-04
3.784548e+01 1.025161e-03 1.081233e-03 9.857819e-04 1.008468e-03
3.789445e+01 1.049128e-03 1.075954e-03 1.027297e-03 1.044133e-03
3.794342e+01 1.071218e-03 1.068838e-03 1.067423e-03 1.077393e-03
3.799239e+01 1.090895e-03 1.061037e-03 1.104485e-03 1.107163e-03
3.804136e+01 1.107434e-03 1.053615e-03 1.136317e-03 1.132369e-03
3.809033e+01 1.120000e-03 1.047474e-03 1.160506e-03 1.152021e-03
3.813930e+01 1.127845e-03 1.043342e-03 1.174877e-03 1.165317e-03
3.818827e+01 1.130559e-03 1.041787e-03 1.178107e-03 1.171784e-03
3.823724e+01 1.128300e-03 1.043217e-03 1.170240e-03 1.171444e-03
3.828621e+01 1.121890e-03 1.047831e-03 1.152900e-03 1.164939e-03
3.833518e+01 1.112712e-03 1.055516e-03 1.129096e-03 1.153523e-03
3.838415e+01 1.102435e-03 1.065778e-03 1.102648e-03 1.138879e-03
3.843312e+01 1.092657e-03 1.077763e-03 1.077434e-03 1.122772e-03
3.848209e+01 1.084594e-03 1.090449e-03 1.056675e-03 1.106657e-03
3.853106e+01 1.078938e-03 1.102939e-03 1.042462e-03 1.091414e-03
3.858003e+01 1.075919e-03 1.114790e-03 1.035634e-03 1.077333e-03
3.862900e+01 1.075519e-03 1.126202e-03 1.035963e-03 1.064391e-03
3.867798e+01 1.077743e-03 1.138006e-03 1.042534e-03 1.052687e-03
3.872695e+01 1.082812e-03 1.151436e-03 1.054164e-03 1.042837e-03
3.877592e+01 1.091194e-03 1.167777e-03 1.069688e-03 1.036117e-03
3.882489e+01 1.103449e-03 1.188017e-03 1.088069e-03 1.034260e-03
3.887386e+01 1.119960e-03 1.212601e-03 1.108320e-03 1.038960e-03
3.892283e+01 1.140657e-03 1.241329e-03 1.129351e-03 1.051291e-03
3.897180e+01 1.164839e-03 1.273368e-03 1.149872e-03 1.071277e-03
3.902077e+01 1.191179e-03 1.307336e-03 1.168431e-03 1.097771e-03
3.906974e+01 1.217918e-03 1.341442e-03 1.183637e-03 1.128675e-03
3.911871e+01 1.243169e-03 1.373666e-03 1.194463e-03 1.161378e-03
3.916768e+01 1.265243e-03 1.401991e-03 1.200509e-03 1.193229e-03
3.921665e+01 1.282884e-03 1.424671e-03 1.202089e-03 1.221894e-03
3.926562e+01 1.295367e-03 1.440477e-03 1.200083e-03 1.245541e-03
3.931459e+01 1.302460e-03 1.448880e-03 1.195618e-03 1.262883e-03
3.936356e+01 1.304318e-03 1.450089e-03 1.189681e-03 1.273184e-03
3.941253e+01 1.301354e-03 1.444955e-03 1.182832e-03 1.276275e-03
3.946151e+01 1.294132e-03 1.434743e-03 1.175063e-03 1.272591e-03
3.951048e+01 1.283278e-03 1.420837e-03 1.165841e-03 1.263155e-03
3.955945e+01 1.269388e-03 1.404459e-03 1.154253e-03 1.249453e-03
3.960842e+01 1.252943e-03 1.386458e-03 1.139217e-03 1.233154e-03
3.965739e+01 1.234226e-03 1.367228e-03 1.119688e-03 1.215763e-03
3.970636e+01 1.213303e-03 1.346770e-03 1.094846e-03 1.198293e-03
3.975533e+01 1.190065e-03 1.324850e-03 1.064263e-03 1.181083e-03
3.980430e+01 1.164349e-03 1.301223e-03 1.028015e-03 1.163810e-03
3.985327e+01 1.136089e-03 1.275829e-03 9.867360e-04 1.145703e-03
3.990224e+01 1.105456e-03 1.248924e-03 9.415888e-04 1.125854e-03
3.995121e+01 1.072944e-03 1.221134e-03 8.941488e-04 1.103548e-03
4.000018e+01 1.039384e-03 1.193421e-03 8.462275e-04 1.078503e-03
4.004915e+01 1.005879e-03 1.166999e-03 7.996577e-04 1.050981e-03
4.009812e+01 9.736910e-04 1.143222e-03 7.560843e-04 1.021767e-03
4.014709e+01 9.440973e-04 1.123461e-03 7.167936e-04 9.920372e-04
4.019606e+01 9.182553e-04 1.108974e-03 6.826140e-04 9.631785e-04
4.024503e+01 8.970872e-04 1.100770e-03 6.539039e-04 9.365879e-04
4.029401e+01 8.812019e-04 1.099483e-03 6.306273e-04 9.134953e-04
4.034298e+01 8.708578e-04 1.105253e-03 6.124902e-04 8.948298e-04
4.039195e+01 8.659592e-04 1.117641e-03 5.990925e-04 8.811439e-04
4.044092e+01 8.660806e-04 1.135605e-03 5.900417e-04 8.725956e-04
4.048989e+01 8.705022e-04 1.157552e-03 5.849860e-04 8.689686e-04
4.053886e+01 8.782463e-04 1.181479e-03 5.835591e-04 8.697006e-04
4.058783e+01 8.881118e-04 1.205177e-03 5.852689e-04 8.738896e-04
4.063680e+01 8.987151e-04 1.226476e-03 5.893965e-04 8.802728e-04
4.068577e+01 9.085608e-04 1.243500e-03 5.949734e-04 8.872091e-04
4.073474e+01 9.161647e-04 1.254894e-03 6.008786e-04 8.927210e-04
4.078371e+01 9.202316e-04 1.260000e-03 6.060407e-04 8.946537e-04
4.083268e+01 9.198609e-04 1.258938e-03 6.096768e-04 8.909677e-04
4.088165e+01 9.147196e-04 1.252562e-03 6.114778e-04 8.801192e-04
4.093062e+01 9.051131e-04 1.242255e-03 6.116620e-04 8.614223e-04
4.097959e+01 8.919080e-04 1.229579e-03 6.108791e-04 8.352658e-04
4.102856e+01 8.763120e-04 1.215849e-03 6.100002e-04 8.030872e-04
4.107753e+01 8.595731e-04 1.201757e-03 6.098773e-04 7.670855e-04
4.112651e+01 8.426953e-04 1.187188e-03 6.111495e-04 7.297487e-04
4.117548e+01 8.262610e-04 1.171304e-03 6.141377e-04 6.933418e-04
4.122445e+01 8.104064e-04 1.152880e-03 6.188260e-04 6.595137e-04
4.127342e+01 7.949350e-04 1.130779e-03 6.248931e-04 6.291324e-04
4.132239e+01 7.795047e-04 1.104388e-03 6.317588e-04 6.023679e-04
4.137136e+01 7.638122e-04 1.073847e-03 6.386363e-04 5.789532e-04
4.142033e+01 7.477125e-04 1.040032e-03 6.446014e-04 5.585039e-04
4.146930e+01 7.312533e-04 1.004293e-03 6.486980e-04 5.407688e-04
4.151827e+01 7.146359e-04 9.680911e-04 6.500813e-04 5.257352e-04
4.156724e+01 6.981336e-04 9.326577e-04 6.481707e-04 5.135724e-04
4.161621e+01 6.820040e-04 8.987803e-04 6.427691e-04 5.044627e-04
4.166518e+01 6.664205e-04 8.667479e-04 6.341070e-04 4.984065e-04
4.171415e+01 6.514396e-04 8.364308e-04 6.227979e-04 4.950900e-04
4.176312e+01 6.370091e-04 8.074333e-04 6.097184e-04 4.938755e-04
4.181209e+01 6.230105e-04 7.792608e-04 5.958492e-04 4.939216e-04
4.186106e+01 6.093194e-04 7.514601e-04 5.821142e-04 4.943840e-04
4.191004e+01 5.958611e-04 7.237229e-04 5.692441e-04 4.946164e-04
4.195901e+01 5.826401e-04 6.959537e-04 5.576779e-04 4.942886e-04
4.200798e+01 5.697315e-04 6.683099e-04 5.475067e-04 4.933780e-04
4.205695e+01 5.572401e-04 6.412066e-04 5.384680e-04 4.920457e-04
4.210592e+01 5.452438e-04 6.152728e-04 5.299990e-04 4.904596e-04
4.215489e+01 5.337472e-04 5.912420e-04 5.213529e-04 4.886467e-04
4.220386e+01 5.226623e-04 5.697839e-04 5.117646e-04 4.864385e-04
4.225283e+01 5.118236e-04 5.513084e-04 5.006331e-04 4.835293e-04
4.230180e+01 5.010310e-04 5.358094e-04 4.876708e-04 4.796129e-04
4.235077e+01 4.901072e-04 5.228122e-04 4.729747e-04 4.745347e-04
4.239974e+01 4.789511e-04 5.114681e-04 4.569983e-04 4.683870e-04
4.244871e+01 4.675729e-04 5.007769e-04 4.404347e-04 4.615072e-04
4.249768e+01 4.560980e-04 4.898667e-04 4.240509e-04 4.543766e-04
4.254665e+01 4.447372e-04 4.782268e-04 4.085245e-04 4.474603e-04
4.259562e+01 4.337279e-04 4.658060e-04 3.943267e-04 4.410509e-04
4.264459e+01 4.232657e-04 4.529457e-04 3.816757e-04 4.351756e-04
4.269356e+01 4.134484e-04 4.401866e-04 3.705600e-04 4.295987e-04
4.274254e+01 4.042557e-04 4.280375e-04 3.608142e-04 4.239154e-04
4.279151e+01 3.955710e-04 4.168015e-04 3.522144e-04 4.176970e-04
4.284048e+01 3.872381e-04 4.065170e-04 3.445636e-04 4.106337e-04
4.288945e+01 3.791282e-04 3.970141e-04 3.377426e-04 4.026280e-04
4.293842e+01 3.711913e-04 3.880388e-04 3.317159e-04 3.938192e-04
4.298739e+01 3.634736e-04 3.793772e-04 3.264999e-04 3.845439e-04
4.303636e+01 3.561001e-04 3.709288e-04 3.221113e-04 3.752603e-04
4.308533e+01 3.492312e-04 3.627121e-04 3.185214e-04 3.664602e-04
4.313430e+01 3.430123e-04 3.548155e-04 3.156314e-04 3.585901e-04
4.318327e+01 3.375299e-04 3.473299e-04 3.132751e-04 3.519848e-04
4.323224e+01 3.327844e-04 3.402930e-04 3.112435e-04 3.468166e-04
4.328121e+01 3.286830e-04 3.336667e-04 3.093179e-04 3.430643e-04
4.333018e+01 3.250526e-04 3.273497e-04 3.072987e-04 3.405094e-04
4.337915e+01 3.216697e-04 3.212171e-04 3.050226e-04 3.387695e-04
4.342812e+01 3.182997e-04 3.151692e-04 3.023645e-04 3.373655e-04
4.347709e+01 3.147352e-04 3.091719e-04 2.992260e-04 3.358076e-04
4.352606e+01 3.108230e-04 3.032751e-04 2.955161e-04 3.336778e-04
4.357504e+01 3.064750e-04 2.976052e-04 2.911348e-04 3.306851e-04
4.362401e+01 3.016633e-04 2.923356e-04 2.859717e-04 3.266826e-04
4.367298e+01 2.964101e-04 2.876481e-04 2.799281e-04 3.216541e-04
4.372195e+01 2.907828e-04 2.836961e-04 2.729635e-04 3.156887e-04
4.377092e+01 2.848985e-04 2.805792e-04 2.651534e-04 3.089628e-04
4.381989e+01 2.789350e-04 2.783297e-04 2.567346e-04 3.017406e-04
4.386886e+01 2.731354e-04 2.769073e-04 2.481156e-04 2.943832e-04
4.391783e+01 2.677947e-04 2.761976e-04 2.398376e-04 2.873488e-04
4.396680e+01 2.632209e-04 2.760099e-04 2.324916e-04 2.811613e-04
4.401577e+01 2.596762e-04 2.760780e-04 2.266110e-04 2.763398e-04
4.406474e+01 2.573127e-04 2.760688e-04 2.225675e-04 2.733017e-04
4.411371e+01 2.561226e-04 2.756064e-04 2.204978e-04 2.722635e-04
4.416268e+01 2.559199e-04 2.743138e-04 2.202739e-04 2.731720e-04
4.421165e+01 2.563602e-04 2.718714e-04 2.215214e-04 2.756879e-04
4.426062e+01 2.569967e-04 2.680786e-04 2.236793e-04 2.792321e-04
4.430959e+01 2.573599e-04 2.629052e-04 2.260862e-04 2.830884e-04
4.435857e+01 2.570449e-04 2.565142e-04 2.280816e-04 2.865388e-04
4.440754e+01 2.557850e-04 2.492484e-04 2.291031e-04 2.890035e-04
4.445651e+01 2.534969e-04 2.415774e-04 2.287664e-04 2.901470e-04
4.450548e+01 2.502852e-04 2.340172e-04 2.269156e-04 2.899229e-04
4.455445e+01 2.464066e-04 2.270398e-04 2.236348e-04 2.885453e-04
4.460342e+01 2.422045e-04 2.209942e-04 2.192217e-04 2.863977e-04
4.465239e+01 2.380328e-04 2.160573e-04 2.141271e-04 2.839139e-04
4.470136e+01 2.341914e-04 2.122251e-04 2.088759e-04 2.814731e-04
4.475033e+01 2.308901e-04 2.093447e-04 2.039827e-04 2.793429e-04
4.479930e+01 2.282442e-04 2.071760e-04 1.998797e-04 2.776769e-04
4.484827e+01 2.262953e-04 2.054663e-04 1.968690e-04 2.765507e-04
4.489724e+01 2.250406e-04 2.040160e-04 1.951063e-04 2.759996e-04
4.494621e+01 2.244572e-04 2.027204e-04 1.946168e-04 2.760344e-04
4.499518e+01 2.245111e-04 2.015741e-04 1.953335e-04 2.766257e-04
4.504415e+01 2.251544e-04 2.006424e-04 1.971438e-04 2.776770e-04
4.509312e+01 2.263144e-04 2.000086e-04 1.999232e-04 2.790115e-04
4.514209e+01 2.278842e-04 1.997175e-04 2.035434e-04 2.803917e-04
4.519107e+01 2.297183e-04 1.997371e-04 2.078491e-04 2.815689e-04
4.524004e+01 2.316373e-04 1.999522e-04 2.126161e-04 2.823434e-04
4.528901e+01 2.334391e-04 2.001906e-04 2.175179e-04 2.826088e-04
4.533798e+01 2.349204e-04 2.002704e-04 2.221266e-04 2.823642e-04
4.538695e+01 2.359030e-04 2.000493e-04 2.259636e-04 2.816961e-04
4.543592e+01 2.362643e-04 1.994589e-04 2.285926e-04 2.807414e-04
4.548489e+01 2.359637e-04 1.985159e-04 2.297249e-04 2.796502e-04
4.553386e+01 2.350566e-04 1.973136e-04 2.292945e-04 2.785618e-04
4.558283e+01 2.336888e-04 1.959993e-04 2.274715e-04 2.775956e-04
4.563180e+01 2.320655e-04 1.947444e-04 2.246037e-04 2.768485e-04
4.568077e+01 2.304006e-04 1.937102e-04 2.211057e-04 2.763860e-04
4.572974e+01 2.288543e-04 1.930102e-04 2.173378e-04 2.762150e-04
4.577871e+01 2.274796e-04 1.926770e-04 2.135182e-04 2.762435e-04
4.582768e+01 2.261953e-04 1.926435e-04 2.096981e-04 2.762444e-04
4.587665e+01 2.248014e-04 1.927512e-04 2.058032e-04 2.758499e-04
4.592562e+01 2.230338e-04 1.927891e-04 2.017156e-04 2.745968e-04
4.597459e+01 2.206436e-04 1.925531e-04 1.973581e-04 2.720196e-04
4.602357e+01 2.174706e-04 1.919041e-04 1.927453e-04 2.677625e-04
4.607254e+01 2.134826e-04 1.907999e-04 1.879818e-04 2.616661e-04
4.612151e+01 2.087632e-04 1.892850e-04 1.832126e-04 2.537920e-04
4.617048e+01 2.034546e-04 1.874389e-04 1.785486e-04 2.443763e-04
4.621945e+01 1.976805e-04 1.853061e-04 1.740001e-04 2.337354e-04
4.626842e+01 1.914851e-04 1.828382e-04 1.694464e-04 2.221706e-04
4.631739e+01 1.848151e-04 1.798756e-04 1.646554e-04 2.099143e-04
4.636636e+01 1.775550e-04 1.761793e-04 1.593497e-04 1.971360e-04
4.641533e+01 1.695976e-04 1.715019e-04 1.532953e-04 1.839955e-04
4.646430e+01 1.609209e-04 1.656707e-04 1.463867e-04 1.707052e-04
4.651327e+01 1.516381e-04 1.586530e-04 1.386968e-04 1.575645e-04
4.656224e+01 1.420036e-04 1.505862e-04 1.304790e-04 1.449456e-04
4.661121e+01 1.323754e-04 1.417675e-04 1.221216e-04 1.332370e-04
4.666018e+01 1.231541e-04 1.326189e-04 1.140706e-04 1.227727e-04
4.670915e+01 1.147231e-04 1.236400e-04 1.067474e-04 1.137819e-04
4.675812e+01 1.074075e-04 1.153635e-04 1.004813e-04 1.063777e-04
4.680710e+01 1.014572e-04 1.083127e-04 9.547314e-05 1.005857e-04
4.685607e+01 9.704295e-05 1.029548e-04 9.178677e-05 9.638725e-05
4.690504e+01 9.424929e-05 9.964087e-05 8.935907e-05 9.374792e-05
4.695401e+01 9.305049e-05 9.853080e-05 8.801385e-05 9.260683e-05
4.700298e+01 9.326953e-05 9.951333e-05 8.746994e-05 9.282531e-05
4.705195e+01 9.453631e-05 1.021457e-04 8.734549e-05 9.411770e-05
4.710092e+01 9.627276e-05 1.056457e-04 8.717025e-05 9.600231e-05
4.714989e+01 9.773130e-05 1.089629e-04 8.642163e-05 9.780932e-05
4.719886e+01 9.809732e-05 1.109375e-04 8.459215e-05 9.876235e-05
4.724783e+01 9.664050e-05 1.105205e-04 8.128067e-05 9.812030e-05
4.729680e+01 9.287454e-05 1.070028e-04 7.628262e-05 9.533824e-05
4.734577e+01 8.667424e-05 1.001803e-04 6.964771e-05 9.019475e-05
4.739474e+01 7.830871e-05 9.040254e-05 6.168106e-05 8.284253e-05
4.744371e+01 6.837797e-05 7.848383e-05 5.288322e-05 7.376687e-05
4.749268e+01 5.767436e-05 6.550701e-05 4.384735e-05 6.366871e-05
4.754165e+01 4.701405e-05 5.258411e-05 3.514574e-05 5.331230e-05
4.759062e+01 3.708917e-05 4.064633e-05 2.723793e-05 4.338325e-05
4.763960e+01 2.837581e-05 3.031573e-05 2.042016e-05 3.439155e-05
4.768857e+01 2.110897e-05 2.187494e-05 1.481873e-05 2.663322e-05
4.773754e+01 1.531292e-05 1.531738e-05 1.041683e-05 2.020453e-05
4.778651e+01 1.086293e-05 1.044083e-05 7.097923e-06 1.505005e-05
4.783548e+01 7.553557e-06 6.946890e-06 4.691209e-06 1.102257e-05
4.788445e+01 5.155740e-06 4.520419e-06 3.009375e-06 7.937426e-06
4.793342e+01 3.454923e-06 2.878686e-06 1.874924e-06 5.611159e-06
4.798239e+01 2.270149e-06 1.792753e-06 1.135185e-06 3.882508e-06
4.803136e+01 1.458926e-06 1.089603e-06 6.682285e-07 2.618947e-06
4.808033e+01 9.137860e-07 6.443410e-07 3.824973e-07 1.714520e-06
4.812930e+01 5.555467e-07 3.693990e-07 2.128342e-07 1.084407e-06
4.817827e+01 3.264696e-07 2.045406e-07 1.150170e-07 6.598513e-07
4.822724e+01 1.847065e-07 1.089974e-07 6.026979e-08 3.848523e-07
4.827621e+01 1.002505e-07 5.572084e-08 3.055664e-08 2.144740e-07
4.832518e+01 5.203763e-08 2.725168e-08 1.495001e-08 1.139112e-07
4.837415e+01 2.576629e-08 1.272192e-08 7.038404e-09 5.753856e-08
4.842312e+01 1.214406e-08 5.658321e-09 3.179502e-09 2.759435e-08
4.847210e+01 5.438674e-09 2.394036e-09 1.374382e-09 1.254760e-08
4.852107e+01 2.311137e-09 9.624222e-10 5.671004e-10 5.403888e-09
4.857004e+01 9.307386e-10 3.671373e-10 2.228506e-10 2.202228e-09
4.861901e+01 3.549448e-10 1.328957e-10 8.327960e-11 8.486590e-10
4.866798e+01 1.280750e-10 4.560430e-11 2.955105e-11 3.090696e-10
4.871695e+01 4.367793e-11 1.481209e-11 9.905874e-12 1.063158e-10
4.876592e+01 1.405749e-11 4.536217e-12 3.143217e-12 3.449305e-11
4.881489e+01 4.281528e-12 1.322680e-12 9.458682e-13 1.057604e-11
4.886386e+01 1.231791e-12 3.650159e-13 2.701641e-13 3.060194e-12
4.891283e+01 3.270682e-13 8.702441e-14 7.141553e-14 8.227647e-13
4.896180e+01 8.107116e-14 2.105931e-14 1.672406e-14 2.054301e-13
4.901077e+01 1.865478e-14 3.210744e-15 3.910291e-15 4.884331e-14
4.905974e+01 0.000000e+00 0.000000e+00 0.000000e+00 0.000000e+00
4.910871e+01 0.000000e+00 0.000000e+00 0.000000e+00 0.000000e+00
4.915768e+01 0.000000e+00 0.000000e+00 0.000000e+00 0.000000e+00
4.920665e+01 0.000000e+00 0.000000e+00 0.000000e+00 0.000000e+00
4.925563e+01 0.000000e+00 0.000000e+00 0.000000e+00 0.000000e+00
4.930460e+01 0.000000e+00 0.000000e+00 0.000000e+00 0.000000e+00
4.935357e+01 0.000000e+00 0.000000e+00 0.000000e+00 0.000000e+00
4.940254e+01 0.000000e+00 0.000000e+00 0.000000e+00 0.000000e+00
4.945151e+01 0.000000e+00 0.000000e+00 0.000000e+00 0.000000e+00
4.950048e+01 0.000000e+00 0.000000e+00 0.000000e+00 0.000000e+00
4.954945e+01 0.000000e+00 0.000000e+00 0.000000e+00 0.000000e+00
4.959842e+01 0.000000e+00 0.000000e+00 0.000000e+00 0.000000e+00
4.964739e+01 0.000000e+00 0.000000e+00 0.000000e+00 0.000000e+00
4.969636e+01 0.000000e+00 0.000000e+00 0.000000e+00 0.000000e+00
4.974533e+01 0.000000e+00 0.000000e+00 0.000000e+00 0.000000e+00
4.979430e+01 0.000000e+00 0.000000e+00 0.000000e+00 0.000000e+00
4.984327e+01 0.000000e+00 0.000000e+00 0.000000e+00 0.000000e+00
4.989224e+01 0.000000e+00 0.000000e+00 0.000000e+00 0.000000e+00
4.994121e+01 0.000000e+00 0.000000e+00 0.000000e+00 0.000000e+00
4.999018e+01 0.000000e+00 0.000000e+00 0.000000e+00 0.000000e+00
5.003915e+01 0.000000e+00 0.000000e+00 0.000000e+00 0.000000e+00
5.008813e+01 0.000000e+00 0.000000e+00 0.000000e+00 0.000000e+00
5.013710e+01 0.000000e+00 0.000000e+00 0.000000e+00 0.000000e+00
5.018607e+01 0.000000e+00 0.000000e+00 0.000000e+00 0.000000e+00
5.023504e+01 0.000000e+00 0.000000e+00 0.000000e+00 0.000000e+00
5.028401e+01 0.000000e+00 0.000000e+00 0.000000e+00 0.000000e+00
5.033298e+01 0.000000e+00 0.000000e+00 0.000000e+00 0.000000e+00
5.038195e+01 0.000000e+00 0.000000e+00 0.000000e+00 0.000000e+00
5.043092e+01 0.000000e+00 0.000000e+00 0.000000e+00 0.000000e+00
5.047989e+01 0.000000e+00 0.000000e+00 0.000000e+00 0.000000e+00
5.052886e+01 0.000000e+00 0.000000e+00 0.000000e+00 0.000000e+00
5.057783e+01 0.000000e+00 0.000000e+00 0.000000e+00 0.000000e+00
5.062680e+01 0.000000e+00 0.000000e+00 0.000000e+00 0.000000e+00
5.067577e+01 0.000000e+00 0.000000e+00 0.000000e+00 0.000000e+00
5.072474e+01 0.000000e+00 0.000000e+00 0.000000e+00 0.000000e+00
5.077371e+01 0.000000e+00 0.000000e+00 0.000000e+00 0.000000e+00
5.082268e+01 0.000000e+00 0.000000e+00 0.000000e+00 0.000000e+00
5.087165e+01 0.000000e+00 0.000000e+00 0.000000e+00 0.000000e+00
5.092063e+01 0.000000e+00 0.000000e+00 0.000000e+00 0.000000e+00
5.096960e+01 0.000000e+00 0.000000e+00 0.000000e+00 0.000000e+00
5.101857e+01 0.000000e+00 0.000000e+00 0.000000e+00 0.000000e+00
5.106754e+01 0.000000e+00 0.000000e+00 0.000000e+00 0.000000e+00
5.111651e+01 0.000000e+00 0.000000e+00 0.000000e+00 0.000000e+00
5.116548e+01 0.000000e+00 0.000000e+00 0.000000e+00 0.000000e+00
5.121445e+01 0.000000e+00 0.000000e+00 0.000000e+00 0.000000e+00
5.126342e+01 0.000000e+00 0.000000e+00 0.000000e+00 0.000000e+00
5.131239e+01 0.000000e+00 0.000000e+00 0.000000e+00 0.000000e+00
5.136136e+01 0.000000e+00 0.000000e+00 0.000000e+00 0.000000e+00
5.141033e+01 0.000000e+00 0.000000e+00 0.000000e+00 0.000000e+00
5.145930e+01 0.000000e+00 0.000000e+00 0.000000e+00 0.000000e+00
5.150827e+01 0.000000e+00 0.000000e+00 0.000000e+00 0.000000e+00
5.155724e+01 0.000000e+00 0.000000e+00 0.000000e+00 0.000000e+00
5.160621e+01 0.000000e+00 0.000000e+00 0.000000e+00 0.000000e+00
5.165518e+01 0.000000e+00 0.000000e+00 0.000000e+00 0.000000e+00
5.170416e+01 0.000000e+00 0.000000e+00 0.000000e+00 0.000000e+00
5.175313e+01 0.000000e+00 0.000000e+00 0.000000e+00 0.000000e+00
5.180210e+01 0.000000e+00 0.000000e+00 0.000000e+00 0.000000e+00
5.185107e+01 0.000000e+00 0.000000e+00 0.000000e+00 0.000000e+00
5.190004e+01 0.000000e+00 0.000000e+00 0.000000e+00 0.000000e+00
5.194901e+01 0.000000e+00 0.000000e+00 0.000000e+00 0.000000e+00
5.199798e+01 0.000000e+00 0.000000e+00 0.000000e+00 0.000000e+00
5.204695e+01 0.000000e+00 0.000000e+00 0.000000e+00 0.000000e+00
5.209592e+01 0.000000e+00 0.000000e+00 0.000000e+00 0.000000e+00
5.214489e+01 0.000000e+00 0.000000e+00 0.000000e+00 0.000000e+00
5.219386e+01 0.000000e+00 0.000000e+00 0.000000e+00 0.000000e+00
5.224283e+01 0.000000e+00 0.000000e+00 0.000000e+00 0.000000e+00
5.229180e+01 0.000000e+00 0.000000e+00 0.000000e+00 0.000000e+00
5.234077e+01 0.000000e+00 0.000000e+00 0.000000e+00 0.000000e+00
5.238974e+01 0.000000e+00 0.000000e+00 0.000000e+00 0.000000e+00
5.243871e+01 0.000000e+00 0.000000e+00 0.000000e+00 0.000000e+00
5.248768e+01 0.000000e+00 0.000000e+00 0.000000e+00 0.000000e+00
5.253666e+01 0.000000e+00 0.000000e+00 0.000000e+00 0.000000e+00
5.258563e+01 0.000000e+00 0.000000e+00 0.000000e+00 0.000000e+00
5.263460e+01 0.000000e+00 0.000000e+00 0.000000e+00 0.000000e+00
5.268357e+01 0.000000e+00 0.000000e+00 0.000000e+00 0.000000e+00
5.273254e+01 0.000000e+00 0.000000e+00 0.000000e+00 0.000000e+00
5.278151e+01 0.000000e+00 0.000000e+00 0.000000e+00 0.000000e+00
5.283048e+01 0.000000e+00 0.000000e+00 0.000000e+00 0.000000e+00
5.287945e+01 0.000000e+00 0.000000e+00 0.000000e+00 0.000000e+00
5.292842e+01 0.000000e+00 0.000000e+00 0.000000e+00 0.000000e+00
5.297739e+01 0.000000e+00 0.000000e+00 0.000000e+00 0.000000e+00
5.302636e+01 0.000000e+00 0.000000e+00 0.000000e+00 0.000000e+00
5.307533e+01 0.000000e+00 0.000000e+00 0.000000e+00 0.000000e+00
5.312430e+01 0.000000e+00 0.000000e+00 0.000000e+00 0.000000e+00
5.317327e+01 0.000000e+00 0.000000e+00 0.000000e+00 0.000000e+00
5.322224e+01 0.000000e+00 0.000000e+00 0.000000e+00 0.000000e+00
5.327121e+01 0.000000e+00 0.000000e+00 0.000000e+00 0.000000e+00
5.332018e+01 0.000000e+00 0.000000e+00 0.000000e+00 0.000000e+00
5.336916e+01 0.000000e+00 0.000000e+00 0.000000e+00 0.000000e+00
5.341813e+01 0.000000e+00 0.000000e+00 0.000000e+00 0.000000e+00
5.346710e+01 0.000000e+00 0.000000e+00 0.000000e+00 0.000000e+00
5.351607e+01 0.000000e+00 0.000000e+00 0.000000e+00 0.000000e+00
5.356504e+01 0.000000e+00 0.000000e+00 0.000000e+00 0.000000e+00
5.361401e+01 0.000000e+00 0.000000e+00 0.000000e+00 0.000000e+00
5.366298e+01 0.000000e+00 0.000000e+00 0.000000e+00 0.000000e+00
5.371195e+01 0.000000e+00 0.000000e+00 0.000000e+00 0.000000e+00
5.376092e+01 0.000000e+00 0.000000e+00 0.000000e+00 0.000000e+00
5.380989e+01 0.000000e+00 0.000000e+00 0.000000e+00 0.000000e+00
5.385886e+01 0.000000e+00 0.000000e+00 0.000000e+00 0.000000e+00
5.390783e+01 0.000000e+00 0.000000e+00 0.000000e+00 0.000000e+00
5.395680e+01 0.000000e+00 0.000000e+00 0.000000e+00 0.000000e+00
5.400577e+01 0.000000e+00 0.000000e+00 0.000000e+00 0.000000e+00
5.405474e+01 0.000000e+00 0.000000e+00 0.000000e+00 0.000000e+00
5.410371e+01 0.000000e+00 0.000000e+00 0.000000e+00 0.000000e+00
5.415269e+01 0.000000e+00 0.000000e+00 0.000000e+00 0.000000e+00
5.420166e+01 0.000000e+00 0.000000e+00 0.000000e+00 0.000000e+00
5.425063e+01 0.000000e+00 0.000000e+00 0.000000e+00 0.000000e+00
5.429960e+01 0.000000e+00 0.000000e+00 0.000000e+00 0.000000e+00
5.434857e+01 0.000000e+00 0.000000e+00 0.000000e+00 0.000000e+00
5.439754e+01 0.000000e+00 0.000000e+00 0.000000e+00 0.000000e+00
5.444651e+01 0.000000e+00 0.000000e+00 0.000000e+00 0.000000e+00
5.449548e+01 0.000000e+00 0.000000e+00 0.000000e+00 0.000000e+00
5.454445e+01 0.000000e+00 0.000000e+00 0.000000e+00 0.000000e+00
5.459342e+01 0.000000e+00 0.000000e+00 0.000000e+00 0.000000e+00
5.464239e+01 0.000000e+00 0.000000e+00 0.000000e+00 0.000000e+00
5.469136e+01 0.000000e+00 0.000000e+00 0.000000e+00 0.000000e+00
5.474033e+01 0.000000e+00 0.000000e+00 0.000000e+00 0.000000e+00
5.478930e+01 0.000000e+00 0.000000e+00 0.000000e+00 0.000000e+00
5.483827e+01 0.000000e+00 0.000000e+00 0.000000e+00 0.000000e+00
5.488724e+01 0.000000e+00 0.000000e+00 0.000000e+00 0.000000e+00
5.493621e+01 0.000000e+00 0.000000e+00 0.000000e+00 0.000000e+00
5.498519e+01 0.000000e+00 0.000000e+00 0.000000e+00 0.000000e+00
5.503416e+01 0.000000e+00 0.000000e+00 0.000000e+00 0.000000e+00
5.508313e+01 0.000000e+00 0.000000e+00 0.000000e+00 0.000000e+00
5.513210e+01 0.000000e+00 0.000000e+00 0.000000e+00 0.000000e+00
5.518107e+01 0.000000e+00 0.000000e+00 0.000000e+00 0.000000e+00
5.523004e+01 0.000000e+00 0.000000e+00 0.000000e+00 0.000000e+00
5.527901e+01 0.000000e+00 0.000000e+00 0.000000e+00 0.000000e+00
5.532798e+01 0.000000e+00 0.000000e+00 0.000000e+00 0.000000e+00
5.537695e+01 0.000000e+00 0.000000e+00 0.000000e+00 0.000000e+00
5.542592e+01 0.000000e+00 0.000000e+00 0.000000e+00 0.000000e+00
5.547489e+01 0.000000e+00 0.000000e+00 0.000000e+00 0.000000e+00
5.552386e+01 0.000000e+00 0.000000e+00 0.000000e+00 0.000000e+00
5.557283e+01 0.000000e+00 0.000000e+00 0.000000e+00 0.000000e+00
5.562180e+01 0.000000e+00 0.000000e+00 0.000000e+00 0.000000e+00
5.567077e+01 0.000000e+00 0.000000e+00 0.000000e+00 0.000000e+00
5.571974e+01 0.000000e+00 0.000000e+00 0.000000e+00 0.000000e+00
5.576871e+01 0.000000e+00 0.000000e+00 0.000000e+00 0.000000e+00
5.581769e+01 0.000000e+00 0.000000e+00 0.000000e+00 0.000000e+00
5.586666e+01 0.000000e+00 0.000000e+00 0.000000e+00 0.000000e+00
5.591563e+01 0.000000e+00 0.000000e+00 0.000000e+00 0.000000e+00
5.596460e+01 0.000000e+00 0.000000e+00 0.000000e+00 0.000000e+00
5.601357e+01 0.000000e+00 0.000000e+00 0.000000e+00 0.000000e+00
5.606254e+01 0.000000e+00 0.000000e+00 0.000000e+00 0.000000e+00
5.611151e+01 0.000000e+00 0.000000e+00 0.000000e+00 0.000000e+00
5.616048e+01 0.000000e+00 0.000000e+00 0.000000e+00 0.000000e+00
5.620945e+01 0.000000e+00 0.000000e+00 0.000000e+00 0.000000e+00
5.625842e+01 0.000000e+00 0.000000e+00 0.000000e+00 0.000000e+00
5.630739e+01 0.000000e+00 0.000000e+00 0.000000e+00 0.000000e+00
5.635636e+01 0.000000e+00 0.000000e+00 0.000000e+00 0.000000e+00
5.640533e+01 0.000000e+00 0.000000e+00 0.000000e+00 0.000000e+00
5.645430e+01 0.000000e+00 0.000000e+00 0.000000e+00 0.000000e+00
5.650327e+01 0.000000e+00 0.000000e+00 0.000000e+00 0.000000e+00
5.655224e+01 0.000000e+00 0.000000e+00 0.000000e+00 0.000000e+00
5.660122e+01 0.000000e+00 0.000000e+00 0.000000e+00 0.000000e+00
5.665019e+01 0.000000e+00 0.000000e+00 0.000000e+00 0.000000e+00
5.669916e+01 0.000000e+00 0.000000e+00 0.000000e+00 0.000000e+00
5.674813e+01 0.000000e+00 0.000000e+00 0.000000e+00 0.000000e+00
5.679710e+01 0.000000e+00 0.000000e+00 0.000000e+00 0.000000e+00
5.684607e+01 0.000000e+00 0.000000e+00 0.000000e+00 0.000000e+00
5.689504e+01 0.000000e+00 0.000000e+00 0.000000e+00 0.000000e+00
5.694401e+01 0.000000e+00 0.000000e+00 0.000000e+00 0.000000e+00
5.699298e+01 0.000000e+00 0.000000e+00 0.000000e+00 0.000000e+00
5.704195e+01 0.000000e+00 0.000000e+00 0.000000e+00 0.000000e+00
5.709092e+01 0.000000e+00 0.000000e+00 0.000000e+00 0.000000e+00
5.713989e+01 0.000000e+00 0.000000e+00 0.000000e+00 0.000000e+00
5.718886e+01 0.000000e+00 0.000000e+00 0.000000e+00 0.000000e+00
