6.293258e+00 0.000000e+00 0.000000e+00 0.000000e+00 0.000000e+00
6.345258e+00 0.000000e+00 0.000000e+00 0.000000e+00 0.000000e+00
6.397258e+00 0.000000e+00 0.000000e+00 0.000000e+00 0.000000e+00
6.449258e+00 0.000000e+00 0.000000e+00 0.000000e+00 0.000000e+00
6.501258e+00 0.000000e+00 0.000000e+00 0.000000e+00 0.000000e+00
6.553258e+00 0.000000e+00 0.000000e+00 0.000000e+00 0.000000e+00
6.605258e+00 0.000000e+00 0.000000e+00 0.000000e+00 0.000000e+00
6.657258e+00 0.000000e+00 0.000000e+00 0.000000e+00 0.000000e+00
6.709258e+00 0.000000e+00 0.000000e+00 0.000000e+00 0.000000e+00
6.761258e+00 0.000000e+00 0.000000e+00 0.000000e+00 0.000000e+00
6.813258e+00 0.000000e+00 0.000000e+00 0.000000e+00 0.000000e+00
6.865258e+00 0.000000e+00 0.000000e+00 0.000000e+00 0.000000e+00
6.917258e+00 0.000000e+00 0.000000e+00 0.000000e+00 0.000000e+00
6.969258e+00 0.000000e+00 0.000000e+00 0.000000e+00 0.000000e+00
7.021258e+00 0.000000e+00 0.000000e+00 0.000000e+00 0.000000e+00
7.073258e+00 0.000000e+00 0.000000e+00 0.000000e+00 0.000000e+00
7.125258e+00 0.000000e+00 0.000000e+00 0.000000e+00 0.000000e+00
7.177258e+00 0.000000e+00 0.000000e+00 0.000000e+00 0.000000e+00
7.229258e+00 0.000000e+00 0.000000e+00 0.000000e+00 0.000000e+00
7.281258e+00 0.000000e+00 0.000000e+00 0.000000e+00 0.000000e+00
7.333258e+00 0.000000e+00 0.000000e+00 0.000000e+00 0.000000e+00
7.385258e+00 0.000000e+00 0.000000e+00 0.000000e+00 0.000000e+00
7.437258e+00 0.000000e+00 0.000000e+00 0.000000e+00 0.000000e+00
7.489258e+00 0.000000e+00 0.000000e+00 0.000000e+00 0.000000e+00
7.541258e+00 0.000000e+00 0.000000e+00 0.000000e+00 0.000000e+00
7.593258e+00 0.000000e+00 0.000000e+00 0.000000e+00 0.000000e+00
7.645258e+00 0.000000e+00 0.000000e+00 0.000000e+00 0.000000e+00
7.697258e+00 0.000000e+00 0.000000e+00 0.000000e+00 0.000000e+00
7.749258e+00 0.000000e+00 0.000000e+00 0.000000e+00 0.000000e+00
7.801258e+00 0.000000e+00 0.000000e+00 0.000000e+00 0.000000e+00
7.853258e+00 0.000000e+00 0.000000e+00 0.000000e+00 0.000000e+00
7.905258e+00 0.000000e+00 0.000000e+00 0.000000e+00 0.000000e+00
7.957258e+00 0.000000e+00 0.000000e+00 0.000000e+00 0.000000e+00
8.009258e+00 0.000000e+00 0.000000e+00 0.000000e+00 0.000000e+00
8.061258e+00 0.000000e+00 0.000000e+00 0.000000e+00 0.000000e+00
8.113258e+00 0.000000e+00 0.000000e+00 0.000000e+00 0.000000e+00
8.165258e+00 0.000000e+00 0.000000e+00 0.000000e+00 0.000000e+00
8.217258e+00 0.000000e+00 0.000000e+00 0.000000e+00 0.000000e+00
8.269258e+00 0.000000e+00 0.000000e+00 0.000000e+00 0.000000e+00
8.321258e+00 0.000000e+00 0.000000e+00 0.000000e+00 0.000000e+00
8.373258e+00 0.000000e+00 0.000000e+00 0.000000e+00 0.000000e+00
8.425258e+00 0.000000e+00 0.000000e+00 0.000000e+00 0.000000e+00
8.477258e+00 0.000000e+00 0.000000e+00 0.000000e+00 0.000000e+00
8.529258e+00 0.000000e+00 0.000000e+00 0.000000e+00 0.000000e+00
8.581258e+00 0.000000e+00 0.000000e+00 0.000000e+00 0.000000e+00
8.633258e+00 0.000000e+00 0.000000e+00 0.000000e+00 0.000000e+00
8.685258e+00 0.000000e+00 0.000000e+00 0.000000e+00 0.000000e+00
8.737258e+00 0.000000e+00 0.000000e+00 0.000000e+00 0.000000e+00
8.789258e+00 0.000000e+00 0.000000e+00 0.000000e+00 0.000000e+00
8.841258e+00 0.000000e+00 0.000000e+00 0.000000e+00 0.000000e+00
8.893258e+00 0.000000e+00 0.000000e+00 0.000000e+00 0.000000e+00
8.945258e+00 0.000000e+00 0.000000e+00 0.000000e+00 0.000000e+00
8.997258e+00 0.000000e+00 0.000000e+00 0.000000e+00 0.000000e+00
9.049258e+00 0.000000e+00 0.000000e+00 0.000000e+00 0.000000e+00
9.101258e+00 0.000000e+00 0.000000e+00 0.000000e+00 0.000000e+00
9.153258e+00 0.000000e+00 0.000000e+00 0.000000e+00 0.000000e+00
9.205258e+00 0.000000e+00 0.000000e+00 0.000000e+00 0.000000e+00
9.257258e+00 0.000000e+00 0.000000e+00 0.000000e+00 0.000000e+00
9.309258e+00 0.000000e+00 0.000000e+00 0.000000e+00 0.000000e+00
9.361258e+00 0.000000e+00 0.000000e+00 0.000000e+00 0.000000e+00
9.413258e+00 0.000000e+00 0.000000e+00 0.000000e+00 0.000000e+00
9.465258e+00 0.000000e+00 0.000000e+00 0.000000e+00 0.000000e+00
9.517258e+00 0.000000e+00 0.000000e+00 0.000000e+00 0.000000e+00
9.569258e+00 0.000000e+00 0.000000e+00 0.000000e+00 0.000000e+00
9.621258e+00 0.000000e+00 0.000000e+00 0.000000e+00 0.000000e+00
9.673258e+00 0.000000e+00 0.000000e+00 0.000000e+00 0.000000e+00
9.725258e+00 0.000000e+00 0.000000e+00 0.000000e+00 0.000000e+00
9.777258e+00 0.000000e+00 0.000000e+00 0.000000e+00 0.000000e+00
9.829258e+00 0.000000e+00 0.000000e+00 0.000000e+00 0.000000e+00
9.881258e+00 0.000000e+00 0.000000e+00 0.000000e+00 0.000000e+00
9.933258e+00 0.000000e+00 0.000000e+00 0.000000e+00 0.000000e+00
9.985258e+00 0.000000e+00 0.000000e+00 0.000000e+00 0.000000e+00
1.003726e+01 0.000000e+00 0.000000e+00 0.000000e+00 0.000000e+00
1.008926e+01 0.000000e+00 0.000000e+00 0.000000e+00 0.000000e+00
1.014126e+01 4.226620e-14 3.647340e-15 1.067663e-13 1.638491e-14
1.019326e+01 5.011701e-13 5.258855e-14 1.244941e-12 2.059805e-13
1.024526e+01 3.111992e-12 3.471526e-13 7.673109e-12 1.315714e-12
1.029726e+01 1.471347e-11 1.656113e-12 3.619346e-11 6.290852e-12
1.034926e+01 6.457894e-11 7.188309e-12 1.586228e-10 2.792573e-11
1.040126e+01 2.556820e-10 2.821373e-11 6.274346e-10 1.113977e-10
1.045326e+01 9.367878e-10 1.029876e-10 2.296945e-09 4.104303e-10
1.050526e+01 3.222899e-09 3.529722e-10 7.896252e-09 1.419473e-09
1.055726e+01 1.044175e-08 1.137345e-09 2.556418e-08 4.623738e-09
1.060926e+01 3.187163e-08 3.446458e-09 7.797740e-08 1.419105e-08
1.066126e+01 9.168838e-08 9.824656e-09 2.241863e-07 4.105421e-08
1.071326e+01 2.487196e-07 2.637654e-08 6.077873e-07 1.119951e-07
1.076526e+01 6.363649e-07 6.669239e-08 1.554234e-06 2.881680e-07
1.081726e+01 1.536192e-06 1.589091e-07 3.750062e-06 6.996037e-07
1.086926e+01 3.499859e-06 3.572377e-07 8.539431e-06 1.602908e-06
1.092126e+01 7.527102e-06 7.587661e-07 1.835619e-05 3.466351e-06
1.097326e+01 1.528619e-05 1.526825e-06 3.725466e-05 7.077080e-06
1.102526e+01 2.932337e-05 2.923017e-06 7.140192e-05 1.364518e-05
1.107726e+01 5.316218e-05 5.359995e-06 1.292685e-04 2.485805e-05
1.112926e+01 9.117111e-05 9.511370e-06 2.211739e-04 4.282807e-05
1.118126e+01 1.481341e-04 1.656541e-05 3.579275e-04 6.990936e-05
1.123326e+01 2.286374e-04 2.878558e-05 5.486623e-04 1.084644e-04
1.128526e+01 3.366776e-04 5.061783e-05 7.985713e-04 1.608435e-04
1.133726e+01 4.761670e-04 9.059033e-05 1.107873e-03 2.300380e-04
1.138926e+01 6.530059e-04 1.640634e-04 1.473425e-03 3.215293e-04
1.144126e+01 8.788142e-04 2.963809e-04 1.893496e-03 4.465658e-04
1.149326e+01 1.175195e-03 5.251302e-04 2.374158e-03 6.262976e-04
1.154526e+01 1.575909e-03 8.992926e-04 2.933483e-03 8.949524e-04
1.159726e+01 2.123464e-03 1.472659e-03 3.598670e-03 1.299064e-03
1.164926e+01 2.857505e-03 2.289815e-03 4.393146e-03 1.889555e-03
1.170126e+01 3.795545e-03 3.365772e-03 5.315655e-03 2.705206e-03
1.175326e+01 4.911298e-03 4.664460e-03 6.319453e-03 3.749980e-03
1.180526e+01 6.119962e-03 6.084998e-03 7.303282e-03 4.971605e-03
1.185726e+01 7.280252e-03 7.465282e-03 8.123326e-03 6.252147e-03
1.190926e+01 8.218254e-03 8.608019e-03 8.626822e-03 7.419920e-03
1.196126e+01 8.769111e-03 9.325523e-03 8.697003e-03 8.284808e-03
1.201326e+01 8.823374e-03 9.490005e-03 8.291857e-03 8.688261e-03
1.206526e+01 8.360617e-03 9.071128e-03 7.460379e-03 8.550343e-03
1.211726e+01 7.456743e-03 8.145812e-03 6.329497e-03 7.894920e-03
1.216926e+01 6.261988e-03 6.876032e-03 5.067630e-03 6.842304e-03
1.222126e+01 4.958685e-03 5.463435e-03 3.840036e-03 5.572585e-03
1.227326e+01 3.715240e-03 4.098243e-03 2.772435e-03 4.275040e-03
1.232526e+01 2.652167e-03 2.920120e-03 1.933263e-03 3.103118e-03
1.237726e+01 1.828678e-03 2.001216e-03 1.335641e-03 2.149177e-03
1.242926e+01 1.248864e-03 1.351274e-03 9.527481e-04 1.442571e-03
1.248126e+01 8.797843e-04 9.368304e-04 7.375476e-04 9.649748e-04
1.253326e+01 6.719893e-04 7.040570e-04 6.395036e-04 6.724074e-04
1.258526e+01 5.755884e-04 5.972131e-04 6.148042e-04 5.147479e-04
1.263726e+01 5.491880e-04 5.692804e-04 6.302462e-04 4.480373e-04
1.268926e+01 5.625980e-04 5.854592e-04 6.629605e-04 4.393742e-04
1.274126e+01 5.958357e-04 6.222884e-04 6.984446e-04 4.667742e-04
1.279326e+01 6.368612e-04 6.652364e-04 7.285760e-04 5.167711e-04
1.284526e+01 6.794802e-04 7.065386e-04 7.502191e-04 5.816829e-04
1.289726e+01 7.218311e-04 7.438146e-04 7.642816e-04 6.573971e-04
1.294926e+01 7.652870e-04 7.792011e-04 7.748142e-04 7.418457e-04
1.300126e+01 8.135165e-04 8.185310e-04 7.878944e-04 8.341240e-04
1.305326e+01 8.716137e-04 8.702843e-04 8.103401e-04 9.342166e-04
1.310526e+01 9.453787e-04 9.443295e-04 8.485332e-04 1.043273e-03
1.315726e+01 1.040835e-03 1.050630e-03 9.076761e-04 1.164200e-03
1.320926e+01 1.163937e-03 1.198076e-03 9.916515e-04 1.302084e-03
1.326126e+01 1.320261e-03 1.393487e-03 1.103413e-03 1.463882e-03
1.331326e+01 1.514442e-03 1.640754e-03 1.245641e-03 1.656931e-03
1.336526e+01 1.749246e-03 1.940051e-03 1.421319e-03 1.886367e-03
1.341726e+01 2.024402e-03 2.287101e-03 1.634016e-03 2.152088e-03
1.346926e+01 2.335567e-03 2.672524e-03 1.887785e-03 2.446392e-03
1.352126e+01 2.673880e-03 3.081406e-03 2.186755e-03 2.753479e-03
1.357326e+01 3.026465e-03 3.493424e-03 2.534413e-03 3.051558e-03
1.362526e+01 3.377951e-03 3.884015e-03 2.932425e-03 3.317414e-03
1.367726e+01 3.712706e-03 4.227088e-03 3.378746e-03 3.532285e-03
1.372926e+01 4.017141e-03 4.499329e-03 3.864976e-03 3.687118e-03
1.378126e+01 4.281355e-03 4.685285e-03 4.373537e-03 3.785242e-03
1.383326e+01 4.499562e-03 4.781543e-03 4.875936e-03 3.841208e-03
1.388526e+01 4.669212e-03 4.798002e-03 5.333731e-03 3.875901e-03
1.393726e+01 4.789254e-03 4.755044e-03 5.703269e-03 3.909448e-03
1.398926e+01 4.858403e-03 4.677063e-03 5.943836e-03 3.954311e-03
1.404126e+01 4.874263e-03 4.584649e-03 6.027152e-03 4.010989e-03
1.409326e+01 4.833796e-03 4.488590e-03 5.944974e-03 4.067823e-03
1.414526e+01 4.735014e-03 4.388191e-03 5.711857e-03 4.104994e-03
1.419726e+01 4.579195e-03 4.274457e-03 5.361822e-03 4.101306e-03
1.424926e+01 4.372644e-03 4.136497e-03 4.940036e-03 4.041398e-03
1.430126e+01 4.127152e-03 3.968090e-03 4.492469e-03 3.920895e-03
1.435326e+01 3.858779e-03 3.771559e-03 4.056986e-03 3.747793e-03
1.440526e+01 3.585197e-03 3.557499e-03 3.658248e-03 3.539843e-03
1.445726e+01 3.322398e-03 3.340969e-03 3.307076e-03 3.319150e-03
1.450926e+01 3.081850e-03 3.136150e-03 3.003250e-03 3.106150e-03
1.456126e+01 2.868982e-03 2.951935e-03 2.739964e-03 2.915046e-03
1.461326e+01 2.683403e-03 2.790058e-03 2.508239e-03 2.751910e-03
1.466526e+01 2.520543e-03 2.646057e-03 2.300164e-03 2.615407e-03
1.471726e+01 2.373938e-03 2.512080e-03 2.110563e-03 2.499171e-03
1.476926e+01 2.237283e-03 2.380048e-03 1.937184e-03 2.394616e-03
1.482126e+01 2.105679e-03 2.243919e-03 1.779833e-03 2.293284e-03
1.487326e+01 1.975994e-03 2.100568e-03 1.639015e-03 2.188397e-03
1.492526e+01 1.846619e-03 1.949521e-03 1.514656e-03 2.075680e-03
1.497726e+01 1.717048e-03 1.792184e-03 1.405334e-03 1.953624e-03
1.502926e+01 1.587552e-03 1.631132e-03 1.308220e-03 1.823305e-03
1.508126e+01 1.459046e-03 1.469678e-03 1.219663e-03 1.687798e-03
1.513326e+01 1.333024e-03 1.311665e-03 1.136118e-03 1.551288e-03
1.518526e+01 1.211451e-03 1.161243e-03 1.055032e-03 1.418078e-03
1.523726e+01 1.096546e-03 1.022500e-03 9.753660e-04 1.291771e-03
1.528926e+01 9.904778e-04 8.989645e-04 8.976265e-04 1.174842e-03
1.534126e+01 8.950708e-04 7.931146e-04 8.234660e-04 1.068632e-03
1.539326e+01 8.116017e-04 7.060686e-04 7.550787e-04 9.736579e-04
1.544526e+01 7.407316e-04 6.375475e-04 6.946150e-04 8.900321e-04
1.549726e+01 6.825584e-04 5.861120e-04 6.437804e-04 8.177828e-04
1.554926e+01 6.367453e-04 5.495991e-04 6.036583e-04 7.569784e-04
1.560126e+01 6.026664e-04 5.256443e-04 5.747099e-04 7.076449e-04
1.565326e+01 5.795259e-04 5.121646e-04 5.568547e-04 6.695582e-04
1.570526e+01 5.664219e-04 5.076886e-04 5.495480e-04 6.420291e-04
1.575726e+01 5.623468e-04 5.114416e-04 5.518082e-04 6.237906e-04
1.580926e+01 5.661379e-04 5.231535e-04 5.622042e-04 6.130561e-04
1.586126e+01 5.764132e-04 5.426340e-04 5.788577e-04 6.077479e-04
1.591326e+01 5.915406e-04 5.692547e-04 5.995291e-04 6.058379e-04
1.596526e+01 6.096830e-04 6.015290e-04 6.218262e-04 6.056939e-04
1.601726e+01 6.289317e-04 6.369675e-04 6.435087e-04 6.063189e-04
1.606926e+01 6.474933e-04 6.722896e-04 6.627874e-04 6.074028e-04
1.612126e+01 6.638678e-04 7.039393e-04 6.784996e-04 6.091643e-04
1.617326e+01 6.769528e-04 7.287369e-04 6.900873e-04 6.120342e-04
1.622526e+01 6.860508e-04 7.444584e-04 6.974074e-04 6.162866e-04
1.627726e+01 6.908103e-04 7.501845e-04 7.004941e-04 6.217523e-04
1.632926e+01 6.911698e-04 7.463652e-04 6.994162e-04 6.277281e-04
1.638126e+01 6.873598e-04 7.346437e-04 6.943038e-04 6.331320e-04
1.643326e+01 6.799663e-04 7.175327e-04 6.855100e-04 6.368562e-04
1.648526e+01 6.699910e-04 6.980189e-04 6.737780e-04 6.381762e-04
1.653726e+01 6.588138e-04 6.791318e-04 6.602758e-04 6.370339e-04
1.658926e+01 6.479957e-04 6.634995e-04 6.464333e-04 6.340542e-04
1.664126e+01 6.389525e-04 6.529409e-04 6.336365e-04 6.302801e-04
1.669326e+01 6.326268e-04 6.481982e-04 6.229311e-04 6.267511e-04
1.674526e+01 6.293239e-04 6.489322e-04 6.148998e-04 6.241396e-04
1.679726e+01 6.288252e-04 6.540416e-04 6.098032e-04 6.226309e-04
1.684926e+01 6.307542e-04 6.622347e-04 6.079244e-04 6.221035e-04
1.690126e+01 6.350216e-04 6.726369e-04 6.099303e-04 6.224977e-04
1.695326e+01 6.421091e-04 6.851647e-04 6.170056e-04 6.241572e-04
1.700526e+01 6.530036e-04 7.004721e-04 6.306002e-04 6.279384e-04
1.705726e+01 6.687619e-04 7.194771e-04 6.518080e-04 6.350007e-04
1.710926e+01 6.898775e-04 7.426778e-04 6.806038e-04 6.463511e-04
1.716126e+01 7.157343e-04 7.695780e-04 7.152942e-04 6.623308e-04
1.721326e+01 7.444242e-04 7.984896e-04 7.525170e-04 6.822660e-04
1.726526e+01 7.730732e-04 8.268185e-04 7.879484e-04 7.044525e-04
1.731726e+01 7.986418e-04 8.517594e-04 8.176212e-04 7.265446e-04
1.736926e+01 8.190047e-04 8.712110e-04 8.395044e-04 7.462986e-04
1.742126e+01 8.340183e-04 8.846905e-04 8.548623e-04 7.625020e-04
1.747326e+01 8.462685e-04 8.940387e-04 8.689374e-04 7.758293e-04
1.752526e+01 8.612507e-04 9.037407e-04 8.906705e-04 7.893409e-04
1.757726e+01 8.868607e-04 9.207383e-04 9.314265e-04 8.084173e-04
1.762926e+01 9.322402e-04 9.537023e-04 1.002937e-03 8.400817e-04
1.768126e+01 1.006189e-03 1.011864e-03 1.114844e-03 8.918586e-04
1.773326e+01 1.115471e-03 1.103614e-03 1.272343e-03 9.704545e-04
1.778526e+01 1.263375e-03 1.235137e-03 1.474412e-03 1.080575e-03
1.783726e+01 1.448812e-03 1.409250e-03 1.713087e-03 1.224099e-03
1.788926e+01 1.666061e-03 1.624520e-03 1.973982e-03 1.399680e-03
1.794126e+01 1.905080e-03 1.874597e-03 2.237991e-03 1.602650e-03
1.799326e+01 2.152195e-03 2.147707e-03 2.483780e-03 1.825097e-03
1.804526e+01 2.390982e-03 2.426452e-03 2.690506e-03 2.055987e-03
1.809726e+01 2.603377e-03 2.688335e-03 2.840336e-03 2.281459e-03
1.814926e+01 2.771229e-03 2.907574e-03 2.920525e-03 2.485587e-03
1.820126e+01 2.878536e-03 3.058613e-03 2.925048e-03 2.651948e-03
1.825326e+01 2.914308e-03 3.121096e-03 2.855732e-03 2.766096e-03
1.830526e+01 2.875452e-03 3.085168e-03 2.722618e-03 2.818569e-03
1.835726e+01 2.768655e-03 2.955300e-03 2.543094e-03 2.807572e-03
1.840926e+01 2.610200e-03 2.750872e-03 2.339473e-03 2.740256e-03
1.846126e+01 2.423240e-03 2.502713e-03 2.135181e-03 2.631826e-03
1.851326e+01 2.233037e-03 2.246342e-03 1.950376e-03 2.502394e-03
1.856526e+01 2.061559e-03 2.013990e-03 1.798284e-03 2.372403e-03
1.861726e+01 1.923139e-03 1.828020e-03 1.683382e-03 2.258014e-03
1.866926e+01 1.822502e-03 1.697661e-03 1.601969e-03 2.167875e-03
1.872126e+01 1.755517e-03 1.619631e-03 1.544728e-03 2.102193e-03
1.877326e+01 1.712071e-03 1.581792e-03 1.500264e-03 2.054156e-03
1.882526e+01 1.679852e-03 1.568114e-03 1.458392e-03 2.013050e-03
1.887726e+01 1.647834e-03 1.563277e-03 1.412266e-03 1.967960e-03
1.892926e+01 1.608587e-03 1.555744e-03 1.359066e-03 1.910950e-03
1.898126e+01 1.559123e-03 1.538971e-03 1.299468e-03 1.838930e-03
1.903326e+01 1.500448e-03 1.511044e-03 1.236450e-03 1.753849e-03
1.908526e+01 1.436247e-03 1.473340e-03 1.174000e-03 1.661400e-03
1.913726e+01 1.371257e-03 1.428884e-03 1.116056e-03 1.568830e-03
1.918926e+01 1.309807e-03 1.380918e-03 1.065842e-03 1.482661e-03
1.924126e+01 1.254846e-03 1.331965e-03 1.025497e-03 1.407075e-03
1.929326e+01 1.207581e-03 1.283476e-03 9.959030e-04 1.343364e-03
1.934526e+01 1.167631e-03 1.235922e-03 9.765985e-04 1.290371e-03
1.939726e+01 1.133476e-03 1.189136e-03 9.657883e-04 1.245505e-03
1.944926e+01 1.102997e-03 1.142696e-03 9.605074e-04 1.205787e-03
1.950126e+01 1.073945e-03 1.096232e-03 9.570234e-04 1.168580e-03
1.955326e+01 1.044352e-03 1.049620e-03 9.514968e-04 1.131938e-03
1.960526e+01 1.012898e-03 1.003125e-03 9.408097e-04 1.094759e-03
1.965726e+01 9.792732e-04 9.575328e-04 9.233679e-04 1.056919e-03
1.970926e+01 9.444491e-04 9.142827e-04 8.996348e-04 1.019430e-03
1.976126e+01 9.107426e-04 8.755416e-04 8.721954e-04 9.844908e-04
1.981326e+01 8.815621e-04 8.441388e-04 8.452838e-04 9.552638e-04
1.986526e+01 8.608285e-04 8.233085e-04 8.238808e-04 9.352962e-04
1.991726e+01 8.522037e-04 8.162409e-04 8.126391e-04 9.277312e-04
1.996926e+01 8.583477e-04 8.255116e-04 8.149620e-04 9.345693e-04
2.002126e+01 8.804173e-04 8.524988e-04 8.325018e-04 9.562514e-04
2.007326e+01 9.179290e-04 8.969148e-04 8.651802e-04 9.916921e-04
2.012526e+01 9.689736e-04 9.565756e-04 9.116391e-04 1.038706e-03
2.017726e+01 1.030677e-03 1.027519e-03 9.698793e-04 1.094632e-03
2.022926e+01 1.099759e-03 1.104550e-03 1.037800e-03 1.156928e-03
2.028126e+01 1.173062e-03 1.182207e-03 1.113411e-03 1.223566e-03
2.033326e+01 1.247916e-03 1.255987e-03 1.194636e-03 1.293126e-03
2.038526e+01 1.322270e-03 1.323477e-03 1.278756e-03 1.364575e-03
2.043726e+01 1.394482e-03 1.384937e-03 1.361757e-03 1.436751e-03
2.048926e+01 1.462842e-03 1.442918e-03 1.437927e-03 1.507681e-03
2.054126e+01 1.524989e-03 1.500878e-03 1.500106e-03 1.573983e-03
2.059326e+01 1.577555e-03 1.561171e-03 1.540805e-03 1.630687e-03
2.064526e+01 1.616372e-03 1.623252e-03 1.554056e-03 1.671810e-03
2.069726e+01 1.637371e-03 1.682934e-03 1.537447e-03 1.691733e-03
2.074926e+01 1.637948e-03 1.733218e-03 1.493533e-03 1.687092e-03
2.080126e+01 1.618277e-03 1.766446e-03 1.429923e-03 1.658460e-03
2.085326e+01 1.581929e-03 1.776921e-03 1.357829e-03 1.611037e-03
2.090526e+01 1.535384e-03 1.762852e-03 1.289459e-03 1.553840e-03
2.095726e+01 1.486488e-03 1.726808e-03 1.235140e-03 1.497516e-03
2.100926e+01 1.442398e-03 1.674580e-03 1.201096e-03 1.451517e-03
2.106126e+01 1.407773e-03 1.613075e-03 1.188539e-03 1.421704e-03
2.111326e+01 1.383899e-03 1.548248e-03 1.194183e-03 1.409268e-03
2.116526e+01 1.369000e-03 1.483912e-03 1.211827e-03 1.411261e-03
2.121726e+01 1.359487e-03 1.421738e-03 1.234330e-03 1.422394e-03
2.126926e+01 1.351588e-03 1.362156e-03 1.255350e-03 1.437258e-03
2.132126e+01 1.342674e-03 1.305555e-03 1.270364e-03 1.452101e-03
2.137326e+01 1.331863e-03 1.253128e-03 1.276895e-03 1.465566e-03
2.142526e+01 1.319793e-03 1.207010e-03 1.274103e-03 1.478265e-03
2.147726e+01 1.307790e-03 1.169701e-03 1.262130e-03 1.491538e-03
2.152926e+01 1.296868e-03 1.143084e-03 1.241534e-03 1.505985e-03
2.158126e+01 1.286979e-03 1.127480e-03 1.213036e-03 1.520422e-03
2.163326e+01 1.276795e-03 1.121170e-03 1.177561e-03 1.531653e-03
2.168526e+01 1.264052e-03 1.120570e-03 1.136422e-03 1.535164e-03
2.173726e+01 1.246293e-03 1.121031e-03 1.091423e-03 1.526427e-03
2.178926e+01 1.221673e-03 1.117946e-03 1.044756e-03 1.502317e-03
2.184126e+01 1.189533e-03 1.107790e-03 9.986854e-04 1.462123e-03
2.189326e+01 1.150576e-03 1.088778e-03 9.551575e-04 1.407792e-03
2.194526e+01 1.106631e-03 1.060995e-03 9.154917e-04 1.343408e-03
2.199726e+01 1.060166e-03 1.026100e-03 8.802763e-04 1.274123e-03
2.204926e+01 1.013734e-03 9.867806e-04 8.494696e-04 1.204952e-03
2.210126e+01 9.695334e-04 9.461760e-04 8.226333e-04 1.139791e-03
2.215326e+01 9.291550e-04 9.073760e-04 7.991954e-04 1.080894e-03
2.220526e+01 8.935278e-04 8.730291e-04 7.786774e-04 1.028877e-03
2.225726e+01 8.630213e-04 8.450343e-04 7.608715e-04 9.831581e-04
2.230926e+01 8.376538e-04 8.243195e-04 7.459749e-04 9.426669e-04
2.236126e+01 8.173441e-04 8.107512e-04 7.346701e-04 9.066110e-04
2.241326e+01 8.021336e-04 8.032355e-04 7.280991e-04 8.750662e-04
2.246526e+01 7.922910e-04 8.000257e-04 7.276562e-04 8.491912e-04
2.251726e+01 7.882258e-04 7.991639e-04 7.345598e-04 8.309535e-04
2.256926e+01 7.901892e-04 7.989139e-04 7.492552e-04 8.223986e-04
2.262126e+01 7.978401e-04 7.980374e-04 7.708130e-04 8.246698e-04
2.267326e+01 8.098415e-04 7.958370e-04 7.965694e-04 8.371182e-04
2.272526e+01 8.236972e-04 7.919935e-04 8.222324e-04 8.568657e-04
2.277726e+01 8.359827e-04 7.863199e-04 8.425546e-04 8.790737e-04
2.282926e+01 8.429898e-04 7.785789e-04 8.524641e-04 8.979262e-04
2.288126e+01 8.416282e-04 7.684762e-04 8.483442e-04 9.080642e-04
2.293326e+01 8.303006e-04 7.558492e-04 8.290508e-04 9.060016e-04
2.298526e+01 8.094379e-04 7.409708e-04 7.963141e-04 8.910287e-04
2.303726e+01 7.814864e-04 7.248095e-04 7.543668e-04 8.652829e-04
2.308926e+01 7.503260e-04 7.090738e-04 7.089117e-04 8.329926e-04
2.314126e+01 7.203032e-04 6.959355e-04 6.657638e-04 7.992102e-04
2.319326e+01 6.951896e-04 6.874591e-04 6.295913e-04 7.685185e-04
2.324526e+01 6.773838e-04 6.849102e-04 6.031116e-04 7.441297e-04
2.329726e+01 6.675567e-04 6.882066e-04 5.869060e-04 7.275575e-04
2.334926e+01 6.647757e-04 6.957546e-04 5.797957e-04 7.187769e-04
2.340126e+01 6.669883e-04 7.047817e-04 5.795539e-04 7.166292e-04
2.345326e+01 6.716680e-04 7.120844e-04 5.836743e-04 7.192452e-04
2.350526e+01 6.764334e-04 7.149461e-04 5.899673e-04 7.243867e-04
2.355726e+01 6.795049e-04 7.119141e-04 5.968683e-04 7.297323e-04
2.360926e+01 6.799360e-04 7.031793e-04 6.034616e-04 7.331672e-04
2.366126e+01 6.776129e-04 6.904532e-04 6.093018e-04 7.330837e-04
2.371326e+01 6.730534e-04 6.764005e-04 6.141486e-04 7.286111e-04
2.376526e+01 6.670708e-04 6.638179e-04 6.177266e-04 7.196680e-04
2.381726e+01 6.603960e-04 6.548069e-04 6.195918e-04 7.067892e-04
2.386926e+01 6.533709e-04 6.501773e-04 6.191430e-04 6.907923e-04
2.392126e+01 6.458212e-04 6.492534e-04 6.157666e-04 6.724437e-04
2.397326e+01 6.371630e-04 6.501419e-04 6.090584e-04 6.522887e-04
2.402526e+01 6.267146e-04 6.503813e-04 5.990400e-04 6.307224e-04
2.407726e+01 6.140983e-04 6.477561e-04 5.862970e-04 6.082416e-04
2.412926e+01 5.995674e-04 6.409825e-04 5.719993e-04 5.857206e-04
2.418126e+01 5.841237e-04 6.300190e-04 5.578091e-04 5.645430e-04
2.423326e+01 5.693803e-04 6.159131e-04 5.457159e-04 5.465117e-04
2.428526e+01 5.572377e-04 6.003047e-04 5.378374e-04 5.335709e-04
2.433726e+01 5.495073e-04 5.848579e-04 5.362071e-04 5.274570e-04
2.438926e+01 5.476107e-04 5.708958e-04 5.425409e-04 5.293956e-04
2.444126e+01 5.524150e-04 5.593723e-04 5.579678e-04 5.399048e-04
2.449326e+01 5.641856e-04 5.511116e-04 5.827367e-04 5.587085e-04
2.454526e+01 5.825985e-04 5.470988e-04 6.159572e-04 5.847395e-04
2.459726e+01 6.067671e-04 5.485929e-04 6.554805e-04 6.162278e-04
2.464926e+01 6.352860e-04 5.569446e-04 6.980297e-04 6.508836e-04
2.470126e+01 6.663230e-04 5.731672e-04 7.396345e-04 6.861673e-04
2.475326e+01 6.977851e-04 5.974311e-04 7.763256e-04 7.195986e-04
2.480526e+01 7.275479e-04 6.286842e-04 8.049343e-04 7.490252e-04
2.485726e+01 7.537091e-04 6.645510e-04 8.237770e-04 7.727994e-04
2.490926e+01 7.748181e-04 7.015705e-04 8.330164e-04 7.898676e-04
2.496126e+01 7.900540e-04 7.357424e-04 8.345830e-04 7.998365e-04
2.501326e+01 7.993419e-04 7.632731e-04 8.316787e-04 8.030739e-04
2.506526e+01 8.033976e-04 7.813474e-04 8.280160e-04 8.008295e-04
2.511726e+01 8.036777e-04 7.887232e-04 8.270218e-04 7.952882e-04
2.516926e+01 8.022121e-04 7.859619e-04 8.312324e-04 7.894418e-04
2.522126e+01 8.013246e-04 7.752101e-04 8.420247e-04 7.867390e-04
2.527326e+01 8.032969e-04 7.596076e-04 8.597004e-04 7.905825e-04
2.532526e+01 8.100602e-04 7.425504e-04 8.838115e-04 8.038188e-04
2.537726e+01 8.229921e-04 7.270992e-04 9.135337e-04 8.283434e-04
2.542926e+01 8.428332e-04 7.157487e-04 9.479028e-04 8.648481e-04
2.548126e+01 8.696856e-04 7.105790e-04 9.858280e-04 9.126499e-04
2.553326e+01 9.030297e-04 7.136064e-04 1.025939e-03 9.695442e-04
2.558526e+01 9.417341e-04 7.270445e-04 1.066435e-03 1.031723e-03
2.563726e+01 9.840897e-04 7.532395e-04 1.105111e-03 1.093919e-03
2.568926e+01 1.027926e-03 7.942144e-04 1.139624e-03 1.149939e-03
2.574126e+01 1.070836e-03 8.509611e-04 1.167917e-03 1.193629e-03
2.579326e+01 1.110471e-03 9.227326e-04 1.188618e-03 1.220064e-03
2.584526e+01 1.144801e-03 1.006585e-03 1.201226e-03 1.226592e-03
2.589726e+01 1.172237e-03 1.097319e-03 1.206026e-03 1.213367e-03
2.594926e+01 1.191607e-03 1.187862e-03 1.203792e-03 1.183167e-03
2.600126e+01 1.202019e-03 1.270035e-03 1.195426e-03 1.140596e-03
2.605326e+01 1.202770e-03 1.335624e-03 1.181700e-03 1.090986e-03
2.610526e+01 1.193367e-03 1.377589e-03 1.163165e-03 1.039349e-03
2.615726e+01 1.173711e-03 1.391215e-03 1.140227e-03 9.896921e-04
2.620926e+01 1.144352e-03 1.374961e-03 1.113313e-03 9.447815e-04
2.626126e+01 1.106698e-03 1.330760e-03 1.083054e-03 9.062811e-04
2.631326e+01 1.063052e-03 1.263678e-03 1.050391e-03 8.750875e-04
2.636526e+01 1.016409e-03 1.180984e-03 1.016597e-03 8.516468e-04
2.641726e+01 9.700587e-04 1.090885e-03 9.831758e-04 8.361150e-04
2.646926e+01 9.270815e-04 1.001248e-03 9.516633e-04 8.283329e-04
2.652126e+01 8.898906e-04 9.185858e-04 9.233933e-04 8.276925e-04
2.657326e+01 8.599345e-04 8.474868e-04 8.992867e-04 8.330300e-04
2.662526e+01 8.376311e-04 7.904857e-04 8.797468e-04 8.426607e-04
2.667726e+01 8.225239e-04 7.482738e-04 8.647039e-04 8.545940e-04
2.672926e+01 8.135901e-04 7.201020e-04 8.537926e-04 8.668756e-04
2.678126e+01 8.095939e-04 7.042508e-04 8.465856e-04 8.779453e-04
2.683326e+01 8.093832e-04 6.984887e-04 8.427728e-04 8.868881e-04
2.688526e+01 8.120586e-04 7.004778e-04 8.421938e-04 8.935042e-04
2.693726e+01 8.169982e-04 7.080982e-04 8.447054e-04 8.981910e-04
2.698926e+01 8.237704e-04 7.196558e-04 8.499538e-04 9.017018e-04
2.704126e+01 8.320031e-04 7.339397e-04 8.571888e-04 9.048808e-04
2.709326e+01 8.412781e-04 7.501192e-04 8.652469e-04 9.084682e-04
2.714526e+01 8.511010e-04 7.675230e-04 8.727565e-04 9.130235e-04
2.719726e+01 8.609509e-04 7.854000e-04 8.785008e-04 9.189518e-04
2.724926e+01 8.703752e-04 8.027733e-04 8.817867e-04 9.265658e-04
2.730126e+01 8.790738e-04 8.184682e-04 8.826514e-04 9.361018e-04
2.735326e+01 8.869210e-04 8.313147e-04 8.818108e-04 9.476374e-04
2.740526e+01 8.939110e-04 8.404451e-04 8.803710e-04 9.609171e-04
2.745726e+01 9.000507e-04 8.455667e-04 8.794317e-04 9.751537e-04
2.750926e+01 9.052539e-04 8.471014e-04 8.797441e-04 9.889162e-04
2.756126e+01 9.092930e-04 8.461365e-04 8.815417e-04 1.000201e-03
2.761326e+01 9.118311e-04 8.441930e-04 8.845686e-04 1.006732e-03
2.766526e+01 9.125210e-04 8.428724e-04 8.882464e-04 1.006444e-03
2.771726e+01 9.111230e-04 8.434711e-04 8.918874e-04 9.980105e-04
2.776926e+01 9.075905e-04 8.466655e-04 8.948759e-04 9.812301e-04
2.782126e+01 9.020882e-04 8.523551e-04 8.967792e-04 9.571304e-04
2.787326e+01 8.949419e-04 8.597166e-04 8.973833e-04 9.277259e-04
2.792526e+01 8.865486e-04 8.674580e-04 8.966658e-04 8.955220e-04
2.797726e+01 8.772876e-04 8.741951e-04 8.947241e-04 8.629435e-04
2.802926e+01 8.674648e-04 8.788175e-04 8.916837e-04 8.318931e-04
2.808126e+01 8.573002e-04 8.807117e-04 8.876169e-04 8.035720e-04
2.813326e+01 8.469455e-04 8.797631e-04 8.824963e-04 7.785771e-04
2.818526e+01 8.365117e-04 8.761617e-04 8.761963e-04 7.571771e-04
2.823726e+01 8.260917e-04 8.701255e-04 8.685364e-04 7.396133e-04
2.828926e+01 8.157774e-04 8.616926e-04 8.593515e-04 7.262882e-04
2.834126e+01 8.056736e-04 8.506833e-04 8.485681e-04 7.177693e-04
2.839326e+01 7.959113e-04 8.368395e-04 8.362738e-04 7.146206e-04
2.844526e+01 7.866509e-04 8.200536e-04 8.227591e-04 7.171400e-04
2.849726e+01 7.780600e-04 8.005651e-04 8.085115e-04 7.251033e-04
2.854926e+01 7.702627e-04 7.790372e-04 7.941479e-04 7.376029e-04
2.860126e+01 7.632705e-04 7.564880e-04 7.802940e-04 7.530295e-04
2.865326e+01 7.569267e-04 7.341160e-04 7.674547e-04 7.692093e-04
2.870526e+01 7.508995e-04 7.130864e-04 7.559330e-04 7.836791e-04
2.875726e+01 7.447487e-04 6.943415e-04 7.458390e-04 7.940655e-04
2.880926e+01 7.380575e-04 6.784808e-04 7.371836e-04 7.985080e-04
2.886126e+01 7.305921e-04 6.657294e-04 7.300024e-04 7.960445e-04
2.891326e+01 7.224306e-04 6.559938e-04 7.244424e-04 7.868555e-04
2.896526e+01 7.140129e-04 6.489827e-04 7.207718e-04 7.722843e-04
2.901726e+01 7.060959e-04 6.443551e-04 7.193271e-04 7.546057e-04
2.906926e+01 6.996327e-04 6.418565e-04 7.204478e-04 7.365938e-04
2.912126e+01 6.956201e-04 6.414060e-04 7.244448e-04 7.210095e-04
2.917326e+01 6.949513e-04 6.431131e-04 7.316050e-04 7.101358e-04
2.922526e+01 6.982851e-04 6.472112e-04 7.421861e-04 7.054580e-04
2.927726e+01 7.059236e-04 6.539120e-04 7.563407e-04 7.075180e-04
2.932926e+01 7.176925e-04 6.632065e-04 7.739477e-04 7.159232e-04
2.938126e+01 7.328454e-04 6.746703e-04 7.943973e-04 7.294686e-04
2.943326e+01 7.500439e-04 6.873506e-04 8.164413e-04 7.463399e-04
2.948526e+01 7.674666e-04 6.998082e-04 8.382256e-04 7.643661e-04
2.953726e+01 7.830671e-04 7.103414e-04 8.575634e-04 7.812964e-04
2.958926e+01 7.949358e-04 7.173492e-04 8.723935e-04 7.950648e-04
2.964126e+01 8.016697e-04 7.197278e-04 8.812716e-04 8.040098e-04
2.969326e+01 8.026334e-04 7.171683e-04 8.837027e-04 8.070291e-04
2.974526e+01 7.980324e-04 7.102540e-04 8.801845e-04 8.036586e-04
2.979726e+01 7.887842e-04 7.003227e-04 8.719544e-04 7.940754e-04
2.984926e+01 7.762435e-04 6.891413e-04 8.605628e-04 7.790266e-04
2.990126e+01 7.618811e-04 6.784958e-04 8.474590e-04 7.596887e-04
2.995326e+01 7.470163e-04 6.698235e-04 8.337429e-04 7.374826e-04
3.000526e+01 7.326671e-04 6.639844e-04 8.201332e-04 7.138838e-04
3.005726e+01 7.195273e-04 6.612111e-04 8.070934e-04 6.902774e-04
3.010926e+01 7.080325e-04 6.612098e-04 7.950000e-04 6.678875e-04
3.016126e+01 6.984564e-04 6.633418e-04 7.842539e-04 6.477735e-04
3.021326e+01 6.909840e-04 6.668091e-04 7.752952e-04 6.308476e-04
3.026526e+01 6.857334e-04 6.707982e-04 7.685434e-04 6.178587e-04
3.031726e+01 6.827331e-04 6.745793e-04 7.643095e-04 6.093104e-04
3.036926e+01 6.818796e-04 6.775808e-04 7.627229e-04 6.053350e-04
3.042126e+01 6.829102e-04 6.794582e-04 7.636875e-04 6.055850e-04
3.047326e+01 6.854120e-04 6.801489e-04 7.668689e-04 6.092182e-04
3.052526e+01 6.888653e-04 6.798843e-04 7.716966e-04 6.150150e-04
3.057726e+01 6.927020e-04 6.791255e-04 7.773680e-04 6.216126e-04
3.062926e+01 6.963516e-04 6.784169e-04 7.828542e-04 6.277839e-04
3.068126e+01 6.992638e-04 6.781954e-04 7.869290e-04 6.326669e-04
3.073326e+01 7.009204e-04 6.786204e-04 7.882642e-04 6.358768e-04
3.078526e+01 7.008672e-04 6.794947e-04 7.856269e-04 6.374801e-04
3.083726e+01 6.987835e-04 6.803118e-04 7.781723e-04 6.378664e-04
3.088926e+01 6.945836e-04 6.804165e-04 7.657541e-04 6.375803e-04
3.094126e+01 6.885068e-04 6.792213e-04 7.491287e-04 6.371705e-04
3.099326e+01 6.811419e-04 6.764040e-04 7.299402e-04 6.370814e-04
3.104526e+01 6.733519e-04 6.720248e-04 7.104472e-04 6.375837e-04
3.109726e+01 6.661077e-04 6.665325e-04 6.930606e-04 6.387300e-04
3.114926e+01 6.602780e-04 6.606619e-04 6.798349e-04 6.403372e-04
3.120126e+01 6.564441e-04 6.552559e-04 6.720692e-04 6.420073e-04
3.125326e+01 6.547919e-04 6.510582e-04 6.701163e-04 6.432012e-04
3.130526e+01 6.550997e-04 6.485297e-04 6.734153e-04 6.433541e-04
3.135726e+01 6.568064e-04 6.477389e-04 6.806877e-04 6.419926e-04
3.140926e+01 6.591264e-04 6.483576e-04 6.902115e-04 6.388100e-04
3.146126e+01 6.611791e-04 6.497640e-04 7.000985e-04 6.336749e-04
3.151326e+01 6.621144e-04 6.512217e-04 7.085321e-04 6.265894e-04
3.156526e+01 6.612224e-04 6.520773e-04 7.139533e-04 6.176365e-04
3.161726e+01 6.580184e-04 6.519115e-04 7.151885e-04 6.069551e-04
3.166926e+01 6.522904e-04 6.506026e-04 7.115185e-04 5.947503e-04
3.172126e+01 6.440955e-04 6.482858e-04 7.026865e-04 5.813141e-04
3.177326e+01 6.337027e-04 6.452305e-04 6.888546e-04 5.670231e-04
3.182526e+01 6.214980e-04 6.416735e-04 6.705288e-04 5.522916e-04
3.187726e+01 6.078759e-04 6.376560e-04 6.484753e-04 5.374963e-04
3.192926e+01 5.931504e-04 6.329114e-04 6.236386e-04 5.229012e-04
3.198126e+01 5.775039e-04 6.268390e-04 5.970572e-04 5.086156e-04
3.203326e+01 5.609794e-04 6.185799e-04 5.697660e-04 4.945923e-04
3.208526e+01 5.435114e-04 6.071887e-04 5.426880e-04 4.806576e-04
3.213726e+01 5.249871e-04 5.918634e-04 5.165373e-04 4.665605e-04
3.218926e+01 5.053300e-04 5.721786e-04 4.917709e-04 4.520403e-04
3.224126e+01 4.845965e-04 5.482600e-04 4.686145e-04 4.369151e-04
3.229326e+01 4.630653e-04 5.208518e-04 4.471598e-04 4.211844e-04
3.234526e+01 4.412862e-04 4.912534e-04 4.274922e-04 4.051130e-04
3.239726e+01 4.200591e-04 4.611339e-04 4.097933e-04 3.892499e-04
3.244926e+01 4.003296e-04 4.322684e-04 3.943693e-04 3.743511e-04
3.250126e+01 3.830217e-04 4.062557e-04 3.815970e-04 3.612122e-04
3.255326e+01 3.688559e-04 3.842843e-04 3.718161e-04 3.504672e-04
3.260526e+01 3.582154e-04 3.669943e-04 3.652244e-04 3.424276e-04
3.265726e+01 3.511007e-04 3.544551e-04 3.618254e-04 3.370217e-04
3.270926e+01 3.471834e-04 3.462468e-04 3.614520e-04 3.338515e-04
3.276126e+01 3.459309e-04 3.416120e-04 3.638475e-04 3.323332e-04
3.281326e+01 3.467544e-04 3.396356e-04 3.687632e-04 3.318643e-04
3.286526e+01 3.491328e-04 3.394170e-04 3.760219e-04 3.319595e-04
3.291726e+01 3.526832e-04 3.402042e-04 3.855204e-04 3.323250e-04
3.296926e+01 3.571713e-04 3.414771e-04 3.971705e-04 3.328664e-04
3.302126e+01 3.624739e-04 3.429713e-04 4.108060e-04 3.336442e-04
3.307326e+01 3.685127e-04 3.446498e-04 4.260915e-04 3.347969e-04
3.312526e+01 3.751824e-04 3.466303e-04 4.424662e-04 3.364507e-04
3.317726e+01 3.822908e-04 3.490880e-04 4.591429e-04 3.386415e-04
3.322926e+01 3.895325e-04 3.521532e-04 4.751716e-04 3.412727e-04
3.328126e+01 3.965075e-04 3.558293e-04 4.895662e-04 3.441269e-04
3.333326e+01 4.027866e-04 3.599555e-04 5.014736e-04 3.469305e-04
3.338526e+01 4.080035e-04 3.642274e-04 5.103414e-04 3.494415e-04
3.343726e+01 4.119366e-04 3.682711e-04 5.160209e-04 3.515177e-04
3.348926e+01 4.145413e-04 3.717433e-04 5.187547e-04 3.531258e-04
3.354126e+01 4.159147e-04 3.744155e-04 5.190408e-04 3.542878e-04
3.359326e+01 4.162088e-04 3.762055e-04 5.174265e-04 3.549944e-04
3.364526e+01 4.155395e-04 3.771479e-04 5.143276e-04 3.551431e-04
3.369726e+01 4.139423e-04 3.773244e-04 5.099567e-04 3.545458e-04
3.374926e+01 4.114011e-04 3.767987e-04 5.043892e-04 3.530154e-04
3.380126e+01 4.079350e-04 3.755916e-04 4.977211e-04 3.504924e-04
3.385326e+01 4.036927e-04 3.737068e-04 4.902261e-04 3.471450e-04
3.390526e+01 3.989998e-04 3.711849e-04 4.824288e-04 3.433858e-04
3.395726e+01 3.943299e-04 3.681441e-04 4.750578e-04 3.397879e-04
3.400926e+01 3.902091e-04 3.647797e-04 4.689092e-04 3.369384e-04
3.406126e+01 3.871008e-04 3.613208e-04 4.646894e-04 3.352922e-04
3.411326e+01 3.853231e-04 3.579768e-04 4.629054e-04 3.350872e-04
3.416526e+01 3.850300e-04 3.549106e-04 4.638361e-04 3.363432e-04
3.421726e+01 3.862506e-04 3.522598e-04 4.675679e-04 3.389240e-04
3.426926e+01 3.889485e-04 3.501829e-04 4.740461e-04 3.426166e-04
3.432126e+01 3.930567e-04 3.488880e-04 4.830957e-04 3.471862e-04
3.437326e+01 3.984645e-04 3.486043e-04 4.943971e-04 3.523922e-04
3.442526e+01 4.049726e-04 3.494967e-04 5.074442e-04 3.579768e-04
3.447726e+01 4.122551e-04 3.515718e-04 5.215364e-04 3.636571e-04
3.452926e+01 4.198746e-04 3.546402e-04 5.358416e-04 3.691421e-04
3.458126e+01 4.273630e-04 3.583763e-04 5.495331e-04 3.741797e-04
3.463326e+01 4.343443e-04 3.624629e-04 5.619526e-04 3.786173e-04
3.468526e+01 4.406469e-04 3.667537e-04 5.727373e-04 3.824496e-04
3.473726e+01 4.463519e-04 3.713729e-04 5.818513e-04 3.858315e-04
3.478926e+01 4.517513e-04 3.766949e-04 5.895085e-04 3.890504e-04
3.484126e+01 4.572309e-04 3.832085e-04 5.960180e-04 3.924661e-04
3.489326e+01 4.631272e-04 3.913210e-04 6.016237e-04 3.964369e-04
3.494526e+01 4.696143e-04 4.011842e-04 6.064093e-04 4.012495e-04
3.499726e+01 4.766636e-04 4.126125e-04 6.103148e-04 4.070633e-04
3.504926e+01 4.840850e-04 4.251180e-04 6.132581e-04 4.138791e-04
3.510126e+01 4.916242e-04 4.380343e-04 6.153065e-04 4.215317e-04
3.515326e+01 4.990668e-04 4.506692e-04 6.168184e-04 4.297128e-04
3.520526e+01 5.063080e-04 4.624161e-04 6.184885e-04 4.380193e-04
3.525726e+01 5.133618e-04 4.727922e-04 6.212699e-04 4.460232e-04
3.530926e+01 5.203226e-04 4.814136e-04 6.262039e-04 4.533503e-04
3.536126e+01 5.273131e-04 4.879597e-04 6.342266e-04 4.597529e-04
3.541326e+01 5.344565e-04 4.921798e-04 6.460292e-04 4.651604e-04
3.546526e+01 5.418918e-04 4.939646e-04 6.620190e-04 4.696918e-04
3.551726e+01 5.498210e-04 4.934605e-04 6.823750e-04 4.736276e-04
3.556926e+01 5.585527e-04 4.911654e-04 7.071477e-04 4.773450e-04
3.562126e+01 5.685086e-04 4.879526e-04 7.363349e-04 4.812383e-04
3.567326e+01 5.801792e-04 4.849997e-04 7.698850e-04 4.856528e-04
3.572526e+01 5.940407e-04 4.836442e-04 8.076230e-04 4.908549e-04
3.577726e+01 6.104675e-04 4.852195e-04 8.491332e-04 4.970497e-04
3.582926e+01 6.296690e-04 4.909238e-04 8.936493e-04 5.044339e-04
3.588126e+01 6.516688e-04 5.017437e-04 9.399996e-04 5.132632e-04
3.593326e+01 6.763224e-04 5.184215e-04 9.866373e-04 5.239084e-04
3.598526e+01 7.033595e-04 5.414327e-04 1.031769e-03 5.368764e-04
3.603726e+01 7.324348e-04 5.709467e-04 1.073574e-03 5.527838e-04
3.608926e+01 7.631705e-04 6.067708e-04 1.110468e-03 5.722724e-04
3.614126e+01 7.951814e-04 6.483081e-04 1.141366e-03 5.958705e-04
3.619326e+01 8.280782e-04 6.945713e-04 1.165838e-03 6.238250e-04
3.624526e+01 8.614566e-04 7.442767e-04 1.184144e-03 6.559490e-04
3.629726e+01 8.948841e-04 7.960017e-04 1.197111e-03 6.915396e-04
3.634926e+01 9.278989e-04 8.483497e-04 1.205941e-03 7.294059e-04
3.640126e+01 9.600219e-04 9.000541e-04 1.212001e-03 7.680110e-04
3.645326e+01 9.907712e-04 9.499852e-04 1.216639e-03 8.056889e-04
3.650526e+01 1.019667e-03 9.970802e-04 1.221042e-03 8.408781e-04
3.655726e+01 1.046224e-03 1.040272e-03 1.226086e-03 8.723151e-04
3.660926e+01 1.069962e-03 1.078497e-03 1.232229e-03 8.991606e-04
3.666126e+01 1.090442e-03 1.110819e-03 1.239449e-03 9.210567e-04
3.671326e+01 1.107360e-03 1.136634e-03 1.247313e-03 9.381330e-04
3.676526e+01 1.120667e-03 1.155855e-03 1.255174e-03 9.509729e-04
3.681726e+01 1.130645e-03 1.168986e-03 1.262408e-03 9.605400e-04
3.686926e+01 1.137882e-03 1.177025e-03 1.268567e-03 9.680522e-04
3.692126e+01 1.143119e-03 1.181214e-03 1.273343e-03 9.747999e-04
3.697326e+01 1.146994e-03 1.182717e-03 1.276335e-03 9.819286e-04
3.702526e+01 1.149779e-03 1.182333e-03 1.276769e-03 9.902344e-04
3.707726e+01 1.151236e-03 1.180320e-03 1.273358e-03 1.000031e-03
3.712926e+01 1.150656e-03 1.176383e-03 1.264461e-03 1.011126e-03
3.718126e+01 1.147071e-03 1.169796e-03 1.248513e-03 1.022904e-03
3.723326e+01 1.139567e-03 1.159638e-03 1.224586e-03 1.034476e-03
3.728526e+01 1.127577e-03 1.145063e-03 1.192820e-03 1.044848e-03
3.733726e+01 1.111059e-03 1.125556e-03 1.154550e-03 1.053071e-03
3.738926e+01 1.090526e-03 1.101142e-03 1.112079e-03 1.058356e-03
3.744126e+01 1.066944e-03 1.072504e-03 1.068176e-03 1.060151e-03
3.749326e+01 1.041564e-03 1.041000e-03 1.025513e-03 1.058179e-03
3.754526e+01 1.015733e-03 1.008557e-03 9.862098e-04 1.052431e-03
3.759726e+01 9.907348e-04 9.774641e-04 9.516208e-04 1.043119e-03
3.764926e+01 9.676882e-04 9.500887e-04 9.223765e-04 1.030599e-03
3.770126e+01 9.474921e-04 9.285738e-04 8.985928e-04 1.015310e-03
3.775326e+01 9.308078e-04 9.145689e-04 8.801193e-04 9.977353e-04
3.780526e+01 9.180505e-04 9.090378e-04 8.667035e-04 9.784103e-04
3.785726e+01 9.093785e-04 9.121695e-04 8.580199e-04 9.579460e-04
3.790926e+01 9.046857e-04 9.233938e-04 8.535951e-04 9.370681e-04
3.796126e+01 9.036185e-04 9.414900e-04 8.527211e-04 9.166444e-04
3.801326e+01 9.056327e-04 9.647660e-04 8.544414e-04 8.976906e-04
3.806526e+01 9.100890e-04 9.912843e-04 8.576396e-04 8.813431e-04
3.811726e+01 9.163619e-04 1.019108e-03 8.611865e-04 8.687915e-04
3.816926e+01 9.239259e-04 1.046540e-03 8.640693e-04 8.611682e-04
3.822126e+01 9.323949e-04 1.072331e-03 8.654504e-04 8.594034e-04
3.827326e+01 9.415162e-04 1.095811e-03 8.646660e-04 8.640718e-04
3.832526e+01 9.511452e-04 1.116944e-03 8.612225e-04 8.752689e-04
3.837726e+01 9.612277e-04 1.136282e-03 8.548458e-04 8.925553e-04
3.842926e+01 9.718067e-04 1.154837e-03 8.455871e-04 9.149957e-04
3.848126e+01 9.830385e-04 1.173903e-03 8.339265e-04 9.412860e-04
3.853326e+01 9.951840e-04 1.194829e-03 8.207908e-04 9.699327e-04
3.858526e+01 1.008542e-03 1.218767e-03 8.074348e-04 9.994241e-04
3.863726e+01 1.023312e-03 1.246393e-03 7.952052e-04 1.028338e-03
3.868926e+01 1.039412e-03 1.277618e-03 7.852640e-04 1.055354e-03
3.874126e+01 1.056318e-03 1.311376e-03 7.783736e-04 1.079203e-03
3.879326e+01 1.072994e-03 1.345582e-03 7.748080e-04 1.098592e-03
3.884526e+01 1.087979e-03 1.377345e-03 7.743950e-04 1.112196e-03
3.889726e+01 1.099626e-03 1.403478e-03 7.766360e-04 1.118763e-03
3.894926e+01 1.106439e-03 1.421184e-03 7.808216e-04 1.117310e-03
3.900126e+01 1.107398e-03 1.428729e-03 7.860844e-04 1.107380e-03
3.905326e+01 1.102162e-03 1.425873e-03 7.913816e-04 1.089232e-03
3.910526e+01 1.091085e-03 1.413893e-03 7.954582e-04 1.063903e-03
3.915726e+01 1.075053e-03 1.395196e-03 7.968705e-04 1.033092e-03
3.920926e+01 1.055222e-03 1.372637e-03 7.941327e-04 9.988971e-04
3.926126e+01 1.032762e-03 1.348789e-03 7.859896e-04 9.635085e-04
3.931326e+01 1.008695e-03 1.325393e-03 7.717485e-04 9.289434e-04
3.936526e+01 9.838589e-04 1.303120e-03 7.515605e-04 8.968968e-04
3.941726e+01 9.589787e-04 1.281683e-03 7.265400e-04 8.687132e-04
3.946926e+01 9.347656e-04 1.260210e-03 6.986607e-04 8.454260e-04
3.952126e+01 9.119777e-04 1.237711e-03 6.704325e-04 8.277898e-04
3.957326e+01 8.913884e-04 1.213484e-03 6.444325e-04 8.162490e-04
3.962526e+01 8.736651e-04 1.187353e-03 6.228040e-04 8.108379e-04
3.967726e+01 8.591983e-04 1.159682e-03 6.068489e-04 8.110640e-04
3.972926e+01 8.479551e-04 1.131195e-03 5.968172e-04 8.158534e-04
3.978126e+01 8.394198e-04 1.102694e-03 5.919453e-04 8.236204e-04
3.983326e+01 8.326543e-04 1.074768e-03 5.907238e-04 8.324708e-04
3.988526e+01 8.264664e-04 1.047606e-03 5.913106e-04 8.404832e-04
3.993726e+01 8.196328e-04 1.020957e-03 5.919624e-04 8.459794e-04
3.998926e+01 8.111109e-04 9.942623e-04 5.913648e-04 8.477055e-04
4.004126e+01 8.001858e-04 9.668779e-04 5.887879e-04 8.448915e-04
4.009326e+01 7.865296e-04 9.383121e-04 5.840610e-04 8.372158e-04
4.014526e+01 7.701857e-04 9.084035e-04 5.774216e-04 8.247321e-04
4.019726e+01 7.515107e-04 8.774013e-04 5.693192e-04 8.078116e-04
4.024926e+01 7.311070e-04 8.459529e-04 5.602486e-04 7.871194e-04
4.030126e+01 7.097619e-04 8.150230e-04 5.506542e-04 7.636085e-04
4.035326e+01 6.883884e-04 7.857617e-04 5.409083e-04 7.384953e-04
4.040526e+01 6.679517e-04 7.593264e-04 5.313405e-04 7.131881e-04
4.045726e+01 6.493728e-04 7.366732e-04 5.222811e-04 6.891641e-04
4.050926e+01 6.334186e-04 7.183537e-04 5.140915e-04 6.678105e-04
4.056126e+01 6.206011e-04 7.043804e-04 5.071661e-04 6.502570e-04
4.061326e+01 6.111156e-04 6.942157e-04 5.019041e-04 6.372271e-04
4.066526e+01 6.048306e-04 6.868990e-04 4.986595e-04 6.289334e-04
4.071726e+01 6.013292e-04 6.812653e-04 4.976779e-04 6.250445e-04
4.076926e+01 5.999839e-04 6.761733e-04 4.990345e-04 6.247439e-04
4.082126e+01 6.000488e-04 6.706697e-04 5.025869e-04 6.268899e-04
4.087326e+01 6.007600e-04 6.640658e-04 5.079657e-04 6.302485e-04
4.092526e+01 6.014393e-04 6.559578e-04 5.146168e-04 6.337435e-04
4.097726e+01 6.015953e-04 6.462392e-04 5.218966e-04 6.366501e-04
4.102926e+01 6.010035e-04 6.351328e-04 5.291982e-04 6.386795e-04
4.108126e+01 5.997393e-04 6.232170e-04 5.360618e-04 6.399390e-04
4.113326e+01 5.981408e-04 6.113944e-04 5.422283e-04 6.407999e-04
4.118526e+01 5.966976e-04 6.007605e-04 5.476086e-04 6.417237e-04
4.123726e+01 5.958897e-04 5.923839e-04 5.521874e-04 6.430979e-04
4.128926e+01 5.960247e-04 5.870610e-04 5.559069e-04 6.451061e-04
4.134126e+01 5.971226e-04 5.851343e-04 5.585890e-04 6.476447e-04
4.139326e+01 5.988893e-04 5.864383e-04 5.599380e-04 6.502915e-04
4.144526e+01 6.007826e-04 5.903852e-04 5.596230e-04 6.523397e-04
4.149726e+01 6.021539e-04 5.961430e-04 5.574090e-04 6.529098e-04
4.154926e+01 6.024201e-04 6.028376e-04 5.532828e-04 6.511398e-04
4.160126e+01 6.012206e-04 6.097158e-04 5.475286e-04 6.464172e-04
4.165326e+01 5.985178e-04 6.162392e-04 5.407247e-04 6.385895e-04
4.170526e+01 5.946163e-04 6.221117e-04 5.336589e-04 6.280782e-04
4.175726e+01 5.900985e-04 6.272610e-04 5.271853e-04 6.158492e-04
4.180926e+01 5.856966e-04 6.317955e-04 5.220572e-04 6.032371e-04
4.186126e+01 5.821393e-04 6.359550e-04 5.187842e-04 5.916788e-04
4.191326e+01 5.800180e-04 6.400642e-04 5.175525e-04 5.824373e-04
4.196526e+01 5.797058e-04 6.444925e-04 5.182310e-04 5.763938e-04
4.201726e+01 5.813424e-04 6.496151e-04 5.204561e-04 5.739561e-04
4.206926e+01 5.848705e-04 6.557653e-04 5.237616e-04 5.750846e-04
4.212126e+01 5.900906e-04 6.631665e-04 5.277035e-04 5.794018e-04
4.217326e+01 5.967031e-04 6.718427e-04 5.319349e-04 5.863315e-04
4.222526e+01 6.043175e-04 6.815256e-04 5.362092e-04 5.952178e-04
4.227726e+01 6.124375e-04 6.915937e-04 5.403213e-04 6.053973e-04
4.232926e+01 6.204483e-04 7.010904e-04 5.440247e-04 6.162298e-04
4.238126e+01 6.276450e-04 7.088504e-04 5.469763e-04 6.271083e-04
4.243326e+01 6.333179e-04 7.137290e-04 5.487478e-04 6.374770e-04
4.248526e+01 6.368833e-04 7.148761e-04 5.489118e-04 6.468619e-04
4.253726e+01 6.380147e-04 7.119659e-04 5.471721e-04 6.549062e-04
4.258926e+01 6.367199e-04 7.052895e-04 5.434804e-04 6.613899e-04
4.264126e+01 6.333250e-04 6.956637e-04 5.380818e-04 6.662294e-04
4.269326e+01 6.283703e-04 6.841820e-04 5.314657e-04 6.694633e-04
4.274526e+01 6.224617e-04 6.719036e-04 5.242378e-04 6.712435e-04
4.279726e+01 6.161379e-04 6.596012e-04 5.169727e-04 6.718397e-04
4.284926e+01 6.098055e-04 6.476598e-04 5.101056e-04 6.716512e-04
4.290126e+01 6.037526e-04 6.361466e-04 5.039020e-04 6.712093e-04
4.295326e+01 5.982150e-04 6.249926e-04 4.985009e-04 6.711517e-04
4.300526e+01 5.934482e-04 6.141860e-04 4.939941e-04 6.721646e-04
4.305726e+01 5.897581e-04 6.038853e-04 4.904921e-04 6.748969e-04
4.310926e+01 5.874718e-04 5.944154e-04 4.881418e-04 6.798580e-04
4.316126e+01 5.868571e-04 5.861694e-04 4.870879e-04 6.873140e-04
4.321326e+01 5.880249e-04 5.794819e-04 4.873980e-04 6.971949e-04
4.326526e+01 5.908560e-04 5.745445e-04 4.889870e-04 7.090366e-04
4.331726e+01 5.949860e-04 5.714018e-04 4.915745e-04 7.219817e-04
4.336926e+01 5.998605e-04 5.700231e-04 4.946964e-04 7.348620e-04
4.342126e+01 6.048442e-04 5.703993e-04 4.977715e-04 7.463617e-04
4.347326e+01 6.093454e-04 5.726007e-04 5.002033e-04 7.552322e-04
4.352526e+01 6.129145e-04 5.767468e-04 5.014942e-04 7.605024e-04
4.357726e+01 6.152842e-04 5.828853e-04 5.013428e-04 7.616246e-04
4.362926e+01 6.163516e-04 5.908303e-04 4.997072e-04 7.585172e-04
4.368126e+01 6.161222e-04 6.000409e-04 4.968171e-04 7.515086e-04
4.373326e+01 6.146533e-04 6.096126e-04 4.931293e-04 7.412179e-04
4.378526e+01 6.120199e-04 6.184036e-04 4.892292e-04 7.284270e-04
4.383726e+01 6.083125e-04 6.252524e-04 4.857003e-04 7.139847e-04
4.388926e+01 6.036502e-04 6.292020e-04 4.829947e-04 6.987540e-04
4.394126e+01 5.981907e-04 6.296414e-04 4.813449e-04 6.835860e-04
4.399326e+01 5.921173e-04 6.263249e-04 4.807403e-04 6.692868e-04
4.404526e+01 5.856050e-04 6.192885e-04 4.809705e-04 6.565560e-04
4.409726e+01 5.787796e-04 6.087289e-04 4.817129e-04 6.458970e-04
4.414926e+01 5.716918e-04 5.949155e-04 4.826302e-04 6.375298e-04
4.420126e+01 5.643220e-04 5.781739e-04 4.834498e-04 6.313425e-04
4.425326e+01 5.566174e-04 5.589261e-04 4.840143e-04 6.269119e-04
4.430526e+01 5.485448e-04 5.377378e-04 4.843060e-04 6.235905e-04
4.435726e+01 5.401362e-04 5.153199e-04 4.844573e-04 6.206314e-04
4.440926e+01 5.315081e-04 4.924648e-04 4.847508e-04 6.173087e-04
4.446126e+01 5.228469e-04 4.699390e-04 4.855993e-04 6.130023e-04
4.451326e+01 5.143699e-04 4.483831e-04 4.874878e-04 6.072387e-04
4.456526e+01 5.062811e-04 4.282703e-04 4.908632e-04 5.997098e-04
4.461726e+01 4.987368e-04 4.099362e-04 4.959825e-04 5.902915e-04
4.466926e+01 4.918292e-04 3.936565e-04 5.027562e-04 5.790749e-04
4.472126e+01 4.855831e-04 3.797185e-04 5.106440e-04 5.663868e-04
4.477326e+01 4.799530e-04 3.684393e-04 5.186557e-04 5.527639e-04
4.482526e+01 4.748126e-04 3.601088e-04 5.254810e-04 5.388481e-04
4.487726e+01 4.699418e-04 3.548822e-04 5.297276e-04 5.252157e-04
4.492926e+01 4.650247e-04 3.526702e-04 5.302091e-04 5.121949e-04
4.498126e+01 4.596780e-04 3.530843e-04 5.261981e-04 4.997516e-04
4.503326e+01 4.535151e-04 3.554692e-04 5.175722e-04 4.875037e-04
4.508526e+01 4.462336e-04 3.590177e-04 5.048129e-04 4.748703e-04
4.513726e+01 4.376982e-04 3.629274e-04 4.888689e-04 4.612983e-04
4.518926e+01 4.279843e-04 3.665388e-04 4.709352e-04 4.464790e-04
4.524126e+01 4.173643e-04 3.694055e-04 4.522165e-04 4.304710e-04
4.529326e+01 4.062338e-04 3.712741e-04 4.337356e-04 4.136917e-04
4.534526e+01 3.950018e-04 3.719930e-04 4.162182e-04 3.967942e-04
4.539726e+01 3.839804e-04 3.713971e-04 4.000612e-04 3.804828e-04
4.544926e+01 3.733091e-04 3.692256e-04 3.853684e-04 3.653335e-04
4.550126e+01 3.629381e-04 3.651148e-04 3.720294e-04 3.516702e-04
4.555326e+01 3.526711e-04 3.586757e-04 3.598142e-04 3.395234e-04
4.560526e+01 3.422506e-04 3.496273e-04 3.484564e-04 3.286680e-04
4.565726e+01 3.314541e-04 3.379347e-04 3.377062e-04 3.187214e-04
4.570926e+01 3.201700e-04 3.238917e-04 3.273490e-04 3.092694e-04
4.576126e+01 3.084318e-04 3.081121e-04 3.172000e-04 2.999834e-04
4.581326e+01 2.964081e-04 2.914286e-04 3.070962e-04 2.906995e-04
4.586526e+01 2.843596e-04 2.747332e-04 2.969053e-04 2.814403e-04
4.591726e+01 2.725836e-04 2.588139e-04 2.865566e-04 2.723804e-04
4.596926e+01 2.613648e-04 2.442371e-04 2.760813e-04 2.637759e-04
4.602126e+01 2.509448e-04 2.313046e-04 2.656400e-04 2.558899e-04
4.607326e+01 2.415137e-04 2.200814e-04 2.555188e-04 2.489408e-04
4.612526e+01 2.332156e-04 2.104729e-04 2.460890e-04 2.430851e-04
4.617726e+01 2.261608e-04 2.023159e-04 2.377435e-04 2.384229e-04
4.622926e+01 2.204312e-04 1.954573e-04 2.308306e-04 2.350057e-04
4.628126e+01 2.160752e-04 1.898019e-04 2.255985e-04 2.328252e-04
4.633326e+01 2.130892e-04 1.853264e-04 2.221581e-04 2.317832e-04
4.638526e+01 2.113927e-04 1.820620e-04 2.204580e-04 2.316581e-04
4.643726e+01 2.108064e-04 1.800554e-04 2.202714e-04 2.320923e-04
4.648926e+01 2.110442e-04 1.793185e-04 2.211964e-04 2.326178e-04
4.654126e+01 2.117265e-04 1.797792e-04 2.226801e-04 2.327200e-04
4.659326e+01 2.124153e-04 1.812481e-04 2.240753e-04 2.319224e-04
4.664526e+01 2.126696e-04 1.834135e-04 2.247272e-04 2.298681e-04
4.669726e+01 2.121098e-04 1.858739e-04 2.240777e-04 2.263777e-04
4.674926e+01 2.104812e-04 1.882036e-04 2.217659e-04 2.214741e-04
4.680126e+01 2.077033e-04 1.900368e-04 2.177001e-04 2.153729e-04
4.685326e+01 2.038915e-04 1.911422e-04 2.120873e-04 2.084451e-04
4.690526e+01 1.993443e-04 1.914639e-04 2.054081e-04 2.011610e-04
4.695726e+01 1.944936e-04 1.911138e-04 1.983413e-04 1.940255e-04
4.700926e+01 1.898282e-04 1.903226e-04 1.916478e-04 1.875141e-04
4.706126e+01 1.858092e-04 1.893675e-04 1.860409e-04 1.820191e-04
4.711326e+01 1.827963e-04 1.885064e-04 1.820713e-04 1.778113e-04
4.716526e+01 1.810043e-04 1.879348e-04 1.800587e-04 1.750195e-04
4.721726e+01 1.804954e-04 1.877740e-04 1.800843e-04 1.736278e-04
4.726926e+01 1.812042e-04 1.880827e-04 1.820379e-04 1.734921e-04
4.732126e+01 1.829830e-04 1.888812e-04 1.856927e-04 1.743751e-04
4.737326e+01 1.856498e-04 1.901775e-04 1.907761e-04 1.759958e-04
4.742526e+01 1.890291e-04 1.919881e-04 1.970127e-04 1.780866e-04
4.747726e+01 1.929769e-04 1.943514e-04 2.041359e-04 1.804435e-04
4.752926e+01 1.973906e-04 1.973321e-04 2.118843e-04 1.829553e-04
4.758126e+01 2.022064e-04 2.010144e-04 2.200006e-04 1.856042e-04
4.763326e+01 2.073883e-04 2.054817e-04 2.282452e-04 1.884380e-04
4.768526e+01 2.129084e-04 2.107827e-04 2.364184e-04 1.915241e-04
4.773726e+01 2.187243e-04 2.168885e-04 2.443801e-04 1.949042e-04
4.778926e+01 2.247559e-04 2.236514e-04 2.520531e-04 1.985633e-04
4.784126e+01 2.308708e-04 2.307850e-04 2.594049e-04 2.024225e-04
4.789326e+01 2.368837e-04 2.378820e-04 2.664168e-04 2.063523e-04
4.794526e+01 2.425723e-04 2.444754e-04 2.730477e-04 2.101938e-04
4.799726e+01 2.477052e-04 2.501308e-04 2.792052e-04 2.137797e-04
4.804926e+01 2.520728e-04 2.545425e-04 2.847288e-04 2.169470e-04
4.810126e+01 2.555137e-04 2.576017e-04 2.893922e-04 2.195471e-04
4.815326e+01 2.579314e-04 2.594157e-04 2.929221e-04 2.214565e-04
4.820526e+01 2.592986e-04 2.602735e-04 2.950324e-04 2.225899e-04
4.825726e+01 2.596491e-04 2.605686e-04 2.954655e-04 2.229132e-04
4.830926e+01 2.590587e-04 2.606989e-04 2.940289e-04 2.224482e-04
4.836126e+01 2.576169e-04 2.609632e-04 2.906186e-04 2.212690e-04
4.841326e+01 2.553972e-04 2.614729e-04 2.852262e-04 2.194923e-04
4.846526e+01 2.524340e-04 2.621009e-04 2.779345e-04 2.172666e-04
4.851726e+01 2.487186e-04 2.624833e-04 2.689102e-04 2.147624e-04
4.856926e+01 2.442143e-04 2.620834e-04 2.584012e-04 2.121584e-04
4.862126e+01 2.388872e-04 2.603076e-04 2.467367e-04 2.096174e-04
4.867326e+01 2.327387e-04 2.566466e-04 2.343175e-04 2.072521e-04
4.872526e+01 2.258249e-04 2.508011e-04 2.215877e-04 2.050859e-04
4.877726e+01 2.182542e-04 2.427561e-04 2.089817e-04 2.030248e-04
4.882926e+01 2.101657e-04 2.327822e-04 1.968598e-04 2.008553e-04
4.888126e+01 2.016991e-04 2.213683e-04 1.854545e-04 1.982744e-04
4.893326e+01 1.929709e-04 2.091108e-04 1.748522e-04 1.949498e-04
4.898526e+01 1.840707e-04 1.965963e-04 1.650193e-04 1.905966e-04
4.903726e+01 1.750780e-04 1.843138e-04 1.558687e-04 1.850516e-04
4.908926e+01 1.660956e-04 1.726184e-04 1.473403e-04 1.783281e-04
4.914126e+01 1.572870e-04 1.617506e-04 1.394716e-04 1.706387e-04
4.919326e+01 1.489070e-04 1.518963e-04 1.324389e-04 1.623859e-04
4.924526e+01 1.413157e-04 1.432597e-04 1.265612e-04 1.541262e-04
4.929726e+01 1.349707e-04 1.361229e-04 1.222692e-04 1.465199e-04
4.934926e+01 1.303937e-04 1.308627e-04 1.200468e-04 1.402717e-04
4.940126e+01 1.281088e-04 1.279153e-04 1.203484e-04 1.360627e-04
4.945326e+01 1.285515e-04 1.276873e-04 1.234994e-04 1.344679e-04
4.950526e+01 1.319601e-04 1.304336e-04 1.295894e-04 1.358572e-04
4.955726e+01 1.382695e-04 1.361353e-04 1.383791e-04 1.402940e-04
4.960926e+01 1.470393e-04 1.444127e-04 1.492480e-04 1.474573e-04
4.966126e+01 1.574488e-04 1.545098e-04 1.612128e-04 1.566239e-04
4.971326e+01 1.683768e-04 1.653605e-04 1.730332e-04 1.667365e-04
4.976526e+01 1.785618e-04 1.757321e-04 1.833951e-04 1.765581e-04
4.981726e+01 1.868101e-04 1.844130e-04 1.911344e-04 1.848829e-04
4.986926e+01 1.921986e-04 1.904036e-04 1.954430e-04 1.907492e-04
4.992126e+01 1.942209e-04 1.930655e-04 1.959994e-04 1.935977e-04
4.997326e+01 1.928405e-04 1.922001e-04 1.929872e-04 1.933343e-04
5.002526e+01 1.884449e-04 1.880436e-04 1.870035e-04 1.902876e-04
5.007726e+01 1.817216e-04 1.811868e-04 1.788934e-04 1.850846e-04
5.012926e+01 1.734977e-04 1.724428e-04 1.695638e-04 1.784867e-04
5.018126e+01 1.645860e-04 1.626956e-04 1.598299e-04 1.712325e-04
5.023326e+01 1.556692e-04 1.527625e-04 1.503217e-04 1.639234e-04
5.028526e+01 1.472390e-04 1.432956e-04 1.414539e-04 1.569674e-04
5.033726e+01 1.395867e-04 1.347363e-04 1.334460e-04 1.505779e-04
5.038926e+01 1.328336e-04 1.273201e-04 1.263680e-04 1.448128e-04
5.044126e+01 1.269802e-04 1.211159e-04 1.201926e-04 1.396320e-04
5.049326e+01 1.219572e-04 1.160780e-04 1.148422e-04 1.349513e-04
5.054526e+01 1.176658e-04 1.120934e-04 1.102224e-04 1.306816e-04
5.059726e+01 1.140000e-04 1.090127e-04 1.062403e-04 1.267471e-04
5.064926e+01 1.108545e-04 1.066653e-04 1.028109e-04 1.230873e-04
5.070126e+01 1.081233e-04 1.048668e-04 9.985316e-05 1.196499e-04
5.075326e+01 1.056971e-04 1.034233e-04 9.728482e-05 1.163831e-04
5.080526e+01 1.034642e-04 1.021417e-04 9.501879e-05 1.132322e-04
5.085726e+01 1.013166e-04 1.008426e-04 9.296433e-05 1.101428e-04
5.090926e+01 9.915885e-05 9.937620e-05 9.103164e-05 1.070687e-04
5.096126e+01 9.691950e-05 9.763584e-05 8.913780e-05 1.039848e-04
5.101326e+01 9.455899e-05 9.556688e-05 8.721190e-05 1.008982e-04
5.106526e+01 9.207361e-05 9.316988e-05 8.519921e-05 9.785172e-05
5.111726e+01 8.949249e-05 9.049593e-05 8.306522e-05 9.491633e-05
5.116926e+01 8.686819e-05 8.763375e-05 8.080018e-05 9.217063e-05
5.122126e+01 8.426262e-05 8.468942e-05 7.842324e-05 8.967520e-05
5.127326e+01 8.173275e-05 8.176276e-05 7.598347e-05 8.745201e-05
5.132526e+01 7.932017e-05 7.892733e-05 7.355499e-05 8.547820e-05
5.137726e+01 7.704764e-05 7.622091e-05 7.122486e-05 8.369713e-05
5.142926e+01 7.492235e-05 7.364992e-05 6.907590e-05 8.204122e-05
5.148126e+01 7.294335e-05 7.120490e-05 6.716954e-05 8.045562e-05
5.153326e+01 7.110891e-05 6.887962e-05 6.553480e-05 7.891229e-05
5.158526e+01 6.942063e-05 6.668526e-05 6.416750e-05 7.740915e-05
5.163726e+01 6.788346e-05 6.465439e-05 6.303938e-05 7.595661e-05
5.168926e+01 6.650232e-05 6.283528e-05 6.211211e-05 7.455956e-05
5.174126e+01 6.527811e-05 6.128073e-05 6.134916e-05 7.320446e-05
5.179326e+01 6.420507e-05 6.003666e-05 6.072031e-05 7.185822e-05
5.184526e+01 6.327065e-05 5.913398e-05 6.019812e-05 7.047985e-05
5.189726e+01 6.245774e-05 5.858364e-05 5.975022e-05 6.903935e-05
5.194926e+01 6.174743e-05 5.837354e-05 5.933379e-05 6.753497e-05
5.200126e+01 6.112075e-05 5.846583e-05 5.889621e-05 6.600021e-05
5.205326e+01 6.055828e-05 5.879522e-05 5.838279e-05 6.449682e-05
5.210526e+01 6.003834e-05 5.927058e-05 5.774808e-05 6.309636e-05
5.215726e+01 5.953579e-05 5.978263e-05 5.696646e-05 6.185827e-05
5.220926e+01 5.902357e-05 6.021839e-05 5.603853e-05 6.081379e-05
5.226126e+01 5.847774e-05 6.047994e-05 5.499177e-05 5.996152e-05
5.231326e+01 5.788429e-05 6.050214e-05 5.387556e-05 5.927517e-05
5.236526e+01 5.724419e-05 6.026295e-05 5.275157e-05 5.871805e-05
5.241726e+01 5.657341e-05 5.978230e-05 5.168068e-05 5.825725e-05
5.246926e+01 5.589680e-05 5.910943e-05 5.070919e-05 5.787178e-05
5.252126e+01 5.523812e-05 5.830325e-05 4.985784e-05 5.755327e-05
5.257326e+01 5.461081e-05 5.741330e-05 4.911745e-05 5.730169e-05
5.262526e+01 5.401394e-05 5.646816e-05 4.845367e-05 5.712000e-05
5.267726e+01 5.343511e-05 5.547505e-05 4.781971e-05 5.701058e-05
5.272926e+01 5.285862e-05 5.442970e-05 4.717283e-05 5.697334e-05
5.278126e+01 5.227461e-05 5.333158e-05 4.648863e-05 5.700361e-05
5.283326e+01 5.168508e-05 5.219769e-05 4.576856e-05 5.708901e-05
5.288526e+01 5.110469e-05 5.106863e-05 4.503903e-05 5.720642e-05
5.293726e+01 5.055686e-05 5.000378e-05 4.434439e-05 5.732241e-05
5.298926e+01 5.006752e-05 4.906616e-05 4.373737e-05 5.739904e-05
5.304126e+01 4.965894e-05 4.830239e-05 4.327059e-05 5.740383e-05
5.309326e+01 4.934504e-05 4.772562e-05 4.299020e-05 5.731932e-05
5.314526e+01 4.912902e-05 4.730901e-05 4.293112e-05 5.714692e-05
5.319726e+01 4.900305e-05 4.699370e-05 4.311237e-05 5.690307e-05
5.324926e+01 4.894999e-05 4.670838e-05 4.353192e-05 5.660969e-05
5.330126e+01 4.894638e-05 4.639297e-05 4.416213e-05 5.628403e-05
5.335326e+01 4.896578e-05 4.601632e-05 4.494850e-05 5.593253e-05
5.340526e+01 4.898194e-05 4.558129e-05 4.581398e-05 5.555056e-05
5.345726e+01 4.897117e-05 4.511621e-05 4.667007e-05 5.512724e-05
5.350926e+01 4.891453e-05 4.465799e-05 4.743280e-05 5.465281e-05
5.356126e+01 4.880007e-05 4.423504e-05 4.803943e-05 5.412572e-05
5.361326e+01 4.862480e-05 4.385709e-05 4.846008e-05 5.355724e-05
5.366526e+01 4.839536e-05 4.351477e-05 4.869973e-05 5.297158e-05
5.371726e+01 4.812569e-05 4.318721e-05 4.878930e-05 5.240057e-05
5.376926e+01 4.783188e-05 4.285273e-05 4.876888e-05 5.187404e-05
5.382126e+01 4.752560e-05 4.249765e-05 4.867004e-05 5.140912e-05
5.387326e+01 4.720934e-05 4.212019e-05 4.850455e-05 5.100327e-05
5.392526e+01 4.687603e-05 4.172918e-05 4.826419e-05 5.063471e-05
5.397726e+01 4.651344e-05 4.133943e-05 4.793057e-05 5.027032e-05
5.402926e+01 4.611114e-05 4.096628e-05 4.748966e-05 4.987747e-05
5.408126e+01 4.566619e-05 4.062124e-05 4.694323e-05 4.943410e-05
5.413326e+01 4.518485e-05 4.030978e-05 4.631215e-05 4.893262e-05
5.418526e+01 4.467962e-05 4.003107e-05 4.563087e-05 4.837693e-05
5.423726e+01 4.416383e-05 3.977920e-05 4.493683e-05 4.777547e-05
5.428926e+01 4.364698e-05 3.954503e-05 4.426071e-05 4.713518e-05
5.434126e+01 4.313320e-05 3.931775e-05 4.362176e-05 4.646010e-05
5.439326e+01 4.262344e-05 3.908582e-05 4.302942e-05 4.575509e-05
5.444526e+01 4.211958e-05 3.883747e-05 4.248910e-05 4.503217e-05
5.449726e+01 4.162808e-05 3.856137e-05 4.200817e-05 4.431469e-05
5.454926e+01 4.116090e-05 3.824809e-05 4.159874e-05 4.363588e-05
5.460126e+01 4.073283e-05 3.789214e-05 4.127542e-05 4.303093e-05
5.465326e+01 4.035599e-05 3.749374e-05 4.104886e-05 4.252537e-05
5.470526e+01 4.003383e-05 3.705897e-05 4.091751e-05 4.212502e-05
5.475726e+01 3.975703e-05 3.659802e-05 4.086074e-05 4.181233e-05
5.480926e+01 3.950319e-05 3.612201e-05 4.083641e-05 4.155115e-05
5.486126e+01 3.924082e-05 3.563997e-05 4.078438e-05 4.129812e-05
5.491326e+01 3.893611e-05 3.515734e-05 4.063576e-05 4.101524e-05
5.496526e+01 3.856012e-05 3.467625e-05 4.032589e-05 4.067822e-05
5.501726e+01 3.809387e-05 3.419665e-05 3.980789e-05 4.027707e-05
5.506926e+01 3.752991e-05 3.371716e-05 3.906304e-05 3.980953e-05
5.512126e+01 3.687037e-05 3.323471e-05 3.810483e-05 3.927156e-05
5.517326e+01 3.612311e-05 3.274337e-05 3.697543e-05 3.865052e-05
5.522526e+01 3.529812e-05 3.223347e-05 3.573539e-05 3.792549e-05
5.527726e+01 3.440588e-05 3.169238e-05 3.444982e-05 3.707545e-05
5.532926e+01 3.345827e-05 3.110723e-05 3.317561e-05 3.609197e-05
5.538126e+01 3.247102e-05 3.046921e-05 3.195342e-05 3.499042e-05
5.543326e+01 3.146600e-05 2.977775e-05 3.080664e-05 3.381361e-05
5.548526e+01 3.047142e-05 2.904307e-05 2.974598e-05 3.262522e-05
5.553726e+01 2.951924e-05 2.828598e-05 2.877691e-05 3.149485e-05
5.558926e+01 2.864038e-05 2.753481e-05 2.790604e-05 3.048029e-05
5.564126e+01 2.785944e-05 2.682064e-05 2.714374e-05 2.961393e-05
5.569326e+01 2.719077e-05 2.617216e-05 2.650249e-05 2.889767e-05
5.574526e+01 2.663698e-05 2.561152e-05 2.599222e-05 2.830720e-05
5.579726e+01 2.618993e-05 2.515203e-05 2.561538e-05 2.780239e-05
5.584926e+01 2.583377e-05 2.479773e-05 2.536416e-05 2.733941e-05
5.590126e+01 2.554869e-05 2.454425e-05 2.522118e-05 2.688064e-05
5.595326e+01 2.531492e-05 2.438076e-05 2.516326e-05 2.640073e-05
5.600526e+01 2.511613e-05 2.429239e-05 2.516650e-05 2.588949e-05
5.605726e+01 2.494190e-05 2.426298e-05 2.521034e-05 2.535239e-05
5.610926e+01 2.478875e-05 2.427786e-05 2.527906e-05 2.480933e-05
5.616126e+01 2.465933e-05 2.432628e-05 2.536057e-05 2.429114e-05
5.621326e+01 2.456003e-05 2.440293e-05 2.544388e-05 2.383329e-05
5.626526e+01 2.449763e-05 2.450818e-05 2.551736e-05 2.346734e-05
5.631726e+01 2.447606e-05 2.464660e-05 2.556930e-05 2.321230e-05
5.636926e+01 2.449466e-05 2.482384e-05 2.559111e-05 2.306903e-05
5.642126e+01 2.454819e-05 2.504274e-05 2.558163e-05 2.302019e-05
5.647326e+01 2.462868e-05 2.529983e-05 2.555023e-05 2.303599e-05
5.652526e+01 2.472806e-05 2.558386e-05 2.551646e-05 2.308386e-05
5.657726e+01 2.484034e-05 2.587739e-05 2.550551e-05 2.313813e-05
5.662926e+01 2.496245e-05 2.616096e-05 2.554035e-05 2.318603e-05
5.668126e+01 2.509312e-05 2.641821e-05 2.563328e-05 2.322786e-05
5.673326e+01 2.523020e-05 2.663911e-05 2.577980e-05 2.327169e-05
5.678526e+01 2.536738e-05 2.681948e-05 2.595727e-05 2.332539e-05
5.683726e+01 2.549210e-05 2.695701e-05 2.612937e-05 2.338992e-05
5.688926e+01 2.558594e-05 2.704584e-05 2.625498e-05 2.345700e-05
5.694126e+01 2.562808e-05 2.707305e-05 2.629904e-05 2.351216e-05
5.699326e+01 2.560079e-05 2.701922e-05 2.624181e-05 2.354133e-05
5.704526e+01 2.549481e-05 2.686347e-05 2.608358e-05 2.353738e-05
5.709726e+01 2.531246e-05 2.659074e-05 2.584331e-05 2.350334e-05
5.714926e+01 2.506715e-05 2.619837e-05 2.555203e-05 2.345104e-05
5.720126e+01 2.477960e-05 2.569941e-05 2.524332e-05 2.339606e-05
5.725326e+01 2.447262e-05 2.512175e-05 2.494450e-05 2.335162e-05
5.730526e+01 2.416631e-05 2.450378e-05 2.467134e-05 2.332381e-05
5.735726e+01 2.387510e-05 2.388843e-05 2.442768e-05 2.330919e-05
5.740926e+01 2.360710e-05 2.331712e-05 2.420922e-05 2.329496e-05
5.746126e+01 2.336510e-05 2.282491e-05 2.400918e-05 2.326121e-05
5.751326e+01 2.314830e-05 2.243700e-05 2.382329e-05 2.318462e-05
5.756526e+01 2.295410e-05 2.216653e-05 2.365210e-05 2.304366e-05
5.761726e+01 2.277949e-05 2.201367e-05 2.350050e-05 2.282428e-05
5.766926e+01 2.262205e-05 2.196610e-05 2.337531e-05 2.252474e-05
5.772126e+01 2.248043e-05 2.200130e-05 2.328236e-05 2.215764e-05
5.777326e+01 2.235407e-05 2.209038e-05 2.322404e-05 2.174780e-05
5.782526e+01 2.224187e-05 2.220245e-05 2.319723e-05 2.132592e-05
5.787726e+01 2.213981e-05 2.230802e-05 2.319142e-05 2.092000e-05
5.792926e+01 2.203793e-05 2.238023e-05 2.318674e-05 2.054682e-05
5.798126e+01 2.191751e-05 2.239368e-05 2.315256e-05 2.020628e-05
5.803326e+01 2.174970e-05 2.232189e-05 2.304758e-05 1.987963e-05
5.808526e+01 2.149616e-05 2.213493e-05 2.282220e-05 1.953136e-05
5.813726e+01 2.111172e-05 2.179836e-05 2.242320e-05 1.911360e-05
5.818926e+01 2.054875e-05 2.127413e-05 2.179998e-05 1.857212e-05
5.824126e+01 1.976267e-05 2.052348e-05 2.091135e-05 1.785318e-05
5.829326e+01 1.871852e-05 1.951198e-05 1.973189e-05 1.691168e-05
5.834526e+01 1.739827e-05 1.821697e-05 1.825758e-05 1.572026e-05
