3.628666e+00 0.000000e+00 0.000000e+00 0.000000e+00 0.000000e+00
3.680666e+00 0.000000e+00 0.000000e+00 0.000000e+00 0.000000e+00
3.732666e+00 0.000000e+00 0.000000e+00 0.000000e+00 0.000000e+00
3.784666e+00 0.000000e+00 0.000000e+00 0.000000e+00 0.000000e+00
3.836666e+00 0.000000e+00 0.000000e+00 0.000000e+00 0.000000e+00
3.888666e+00 0.000000e+00 0.000000e+00 0.000000e+00 0.000000e+00
3.940666e+00 0.000000e+00 0.000000e+00 0.000000e+00 0.000000e+00
3.992666e+00 0.000000e+00 0.000000e+00 0.000000e+00 0.000000e+00
4.044666e+00 0.000000e+00 0.000000e+00 0.000000e+00 0.000000e+00
4.096666e+00 0.000000e+00 0.000000e+00 0.000000e+00 0.000000e+00
4.148666e+00 0.000000e+00 0.000000e+00 0.000000e+00 0.000000e+00
4.200666e+00 0.000000e+00 0.000000e+00 0.000000e+00 0.000000e+00
4.252666e+00 0.000000e+00 0.000000e+00 0.000000e+00 0.000000e+00
4.304666e+00 0.000000e+00 0.000000e+00 0.000000e+00 0.000000e+00
4.356666e+00 0.000000e+00 0.000000e+00 0.000000e+00 0.000000e+00
4.408666e+00 0.000000e+00 0.000000e+00 0.000000e+00 0.000000e+00
4.460666e+00 0.000000e+00 0.000000e+00 0.000000e+00 0.000000e+00
4.512666e+00 0.000000e+00 0.000000e+00 0.000000e+00 0.000000e+00
4.564666e+00 0.000000e+00 0.000000e+00 0.000000e+00 0.000000e+00
4.616666e+00 0.000000e+00 0.000000e+00 0.000000e+00 0.000000e+00
4.668666e+00 0.000000e+00 0.000000e+00 0.000000e+00 0.000000e+00
4.720666e+00 0.000000e+00 0.000000e+00 0.000000e+00 0.000000e+00
4.772666e+00 0.000000e+00 0.000000e+00 0.000000e+00 0.000000e+00
4.824666e+00 0.000000e+00 0.000000e+00 0.000000e+00 0.000000e+00
4.876666e+00 0.000000e+00 0.000000e+00 0.000000e+00 0.000000e+00
4.928666e+00 0.000000e+00 0.000000e+00 0.000000e+00 0.000000e+00
4.980666e+00 0.000000e+00 0.000000e+00 0.000000e+00 0.000000e+00
5.032666e+00 0.000000e+00 0.000000e+00 0.000000e+00 0.000000e+00
5.084666e+00 0.000000e+00 0.000000e+00 0.000000e+00 0.000000e+00
5.136666e+00 0.000000e+00 0.000000e+00 0.000000e+00 0.000000e+00
5.188666e+00 0.000000e+00 0.000000e+00 0.000000e+00 0.000000e+00
5.240666e+00 0.000000e+00 0.000000e+00 0.000000e+00 0.000000e+00
5.292666e+00 0.000000e+00 0.000000e+00 0.000000e+00 0.000000e+00
5.344666e+00 0.000000e+00 0.000000e+00 0.000000e+00 0.000000e+00
5.396666e+00 0.000000e+00 0.000000e+00 0.000000e+00 0.000000e+00
5.448666e+00 0.000000e+00 0.000000e+00 0.000000e+00 0.000000e+00
5.500666e+00 0.000000e+00 0.000000e+00 0.000000e+00 0.000000e+00
5.552666e+00 0.000000e+00 0.000000e+00 0.000000e+00 0.000000e+00
5.604666e+00 0.000000e+00 0.000000e+00 0.000000e+00 0.000000e+00
5.656666e+00 0.000000e+00 0.000000e+00 0.000000e+00 0.000000e+00
5.708666e+00 0.000000e+00 0.000000e+00 0.000000e+00 0.000000e+00
5.760666e+00 0.000000e+00 0.000000e+00 0.000000e+00 0.000000e+00
5.812666e+00 0.000000e+00 0.000000e+00 0.000000e+00 0.000000e+00
5.864666e+00 0.000000e+00 0.000000e+00 0.000000e+00 0.000000e+00
5.916666e+00 0.000000e+00 0.000000e+00 0.000000e+00 0.000000e+00
5.968666e+00 0.000000e+00 0.000000e+00 0.000000e+00 0.000000e+00
6.020666e+00 0.000000e+00 0.000000e+00 0.000000e+00 0.000000e+00
6.072666e+00 0.000000e+00 0.000000e+00 0.000000e+00 0.000000e+00
6.124666e+00 0.000000e+00 0.000000e+00 0.000000e+00 0.000000e+00
6.176666e+00 0.000000e+00 0.000000e+00 0.000000e+00 0.000000e+00
6.228666e+00 0.000000e+00 0.000000e+00 0.000000e+00 0.000000e+00
6.280666e+00 0.000000e+00 0.000000e+00 0.000000e+00 0.000000e+00
6.332666e+00 0.000000e+00 0.000000e+00 0.000000e+00 0.000000e+00
6.384666e+00 0.000000e+00 0.000000e+00 0.000000e+00 0.000000e+00
6.436666e+00 0.000000e+00 0.000000e+00 0.000000e+00 0.000000e+00
6.488666e+00 0.000000e+00 0.000000e+00 0.000000e+00 0.000000e+00
6.540666e+00 0.000000e+00 0.000000e+00 0.000000e+00 0.000000e+00
6.592666e+00 0.000000e+00 0.000000e+00 0.000000e+00 0.000000e+00
6.644666e+00 0.000000e+00 0.000000e+00 0.000000e+00 0.000000e+00
6.696666e+00 0.000000e+00 0.000000e+00 0.000000e+00 0.000000e+00
6.748666e+00 0.000000e+00 0.000000e+00 0.000000e+00 0.000000e+00
6.800666e+00 0.000000e+00 0.000000e+00 0.000000e+00 0.000000e+00
6.852666e+00 0.000000e+00 0.000000e+00 0.000000e+00 0.000000e+00
6.904666e+00 0.000000e+00 0.000000e+00 0.000000e+00 0.000000e+00
6.956666e+00 0.000000e+00 0.000000e+00 0.000000e+00 0.000000e+00
7.008666e+00 0.000000e+00 0.000000e+00 0.000000e+00 0.000000e+00
7.060666e+00 0.000000e+00 0.000000e+00 0.000000e+00 0.000000e+00
7.112666e+00 0.000000e+00 0.000000e+00 0.000000e+00 0.000000e+00
7.164666e+00 0.000000e+00 0.000000e+00 0.000000e+00 0.000000e+00
7.216666e+00 0.000000e+00 0.000000e+00 0.000000e+00 0.000000e+00
7.268666e+00 0.000000e+00 0.000000e+00 0.000000e+00 0.000000e+00
7.320666e+00 0.000000e+00 0.000000e+00 0.000000e+00 0.000000e+00
7.372666e+00 0.000000e+00 0.000000e+00 0.000000e+00 0.000000e+00
7.424666e+00 0.000000e+00 0.000000e+00 0.000000e+00 0.000000e+00
7.476666e+00 5.471850e-15 5.164365e-15 9.441451e-15 1.809735e-15
7.528666e+00 2.504356e-14 2.363626e-14 4.321163e-14 8.282794e-15
7.580666e+00 1.071272e-13 1.011073e-13 1.848435e-13 3.543076e-14
7.632666e+00 5.798369e-13 5.542065e-13 9.446287e-13 2.406754e-13
7.684666e+00 2.274020e-12 2.175677e-12 3.673364e-12 9.730196e-13
7.736666e+00 8.636332e-12 8.274812e-12 1.372835e-11 3.905830e-12
7.788666e+00 3.024685e-11 2.900720e-11 4.751246e-11 1.422090e-11
7.840666e+00 1.000966e-10 9.606758e-11 1.551547e-10 4.906744e-11
7.892666e+00 3.125396e-10 3.001385e-10 4.776873e-10 1.597931e-10
7.944666e+00 9.224545e-10 8.862228e-10 1.388967e-09 4.921739e-10
7.996666e+00 2.575063e-09 2.474237e-09 3.816880e-09 1.434071e-09
8.048666e+00 6.804135e-09 6.536961e-09 9.922618e-09 3.952825e-09
8.100666e+00 1.702569e-08 1.635069e-08 2.441978e-08 1.030660e-08
8.152666e+00 4.036948e-08 3.874315e-08 5.693989e-08 2.542540e-08
8.204666e+00 9.074326e-08 8.700752e-08 1.258771e-07 5.934515e-08
8.256666e+00 1.934621e-07 1.852863e-07 2.640169e-07 1.310830e-07
8.308666e+00 3.913816e-07 3.743493e-07 5.257262e-07 2.740693e-07
8.360666e+00 7.517108e-07 7.179675e-07 9.945543e-07 5.426105e-07
8.412666e+00 1.371551e-06 1.308033e-06 1.788825e-06 1.017795e-06
8.464666e+00 2.379156e-06 2.265619e-06 3.061752e-06 1.810098e-06
8.516666e+00 3.927657e-06 3.734966e-06 4.992634e-06 3.055371e-06
8.568666e+00 6.179502e-06 5.868844e-06 7.767727e-06 4.901935e-06
8.620666e+00 9.283410e-06 8.806986e-06 1.155363e-05 7.489608e-06
8.672666e+00 1.335038e-05 1.265364e-05 1.647125e-05 1.092624e-05
8.724666e+00 1.843855e-05 1.746319e-05 2.258133e-05 1.527114e-05
8.776666e+00 2.455521e-05 2.324119e-05 2.989003e-05 2.053440e-05
8.828666e+00 3.167608e-05 2.996114e-05 3.837305e-05 2.669405e-05
8.880666e+00 3.976965e-05 3.758559e-05 4.800286e-05 3.372051e-05
8.932666e+00 4.880493e-05 4.607286e-05 5.875441e-05 4.158751e-05
8.984666e+00 5.872363e-05 5.535284e-05 7.056954e-05 5.024852e-05
9.036666e+00 6.937656e-05 6.527264e-05 8.328291e-05 5.957413e-05
9.088666e+00 8.045235e-05 7.553885e-05 9.654457e-05 6.927364e-05
9.140666e+00 9.144882e-05 8.570229e-05 1.097973e-04 7.884690e-05
9.192666e+00 1.017366e-04 9.523161e-05 1.223639e-04 8.761429e-05
9.244666e+00 1.107381e-04 1.036982e-04 1.336678e-04 9.484814e-05
9.296666e+00 1.182044e-04 1.110595e-04 1.435639e-04 9.998988e-05
9.348666e+00 1.245403e-04 1.179954e-04 1.527173e-04 1.029083e-04
9.400666e+00 1.311105e-04 1.262338e-04 1.629489e-04 1.041487e-04
9.452666e+00 1.404580e-04 1.387840e-04 1.774560e-04 1.051339e-04
9.504666e+00 1.563572e-04 1.599829e-04 2.008087e-04 1.082800e-04
9.556666e+00 1.836132e-04 1.952429e-04 2.386241e-04 1.169726e-04
9.608666e+00 2.275353e-04 2.504246e-04 2.968641e-04 1.353171e-04
9.660666e+00 2.930863e-04 3.308550e-04 3.808147e-04 1.675891e-04
9.712666e+00 3.838452e-04 4.401750e-04 4.939665e-04 2.173943e-04
9.764666e+00 5.010676e-04 5.793520e-04 6.371369e-04 2.867140e-04
9.816666e+00 6.431822e-04 7.462179e-04 8.081559e-04 3.751728e-04
9.868666e+00 8.059620e-04 9.357369e-04 1.002235e-03 4.799138e-04
9.920666e+00 9.833587e-04 1.140924e-03 1.212857e-03 5.962958e-04
9.972666e+00 1.168718e-03 1.354071e-03 1.432813e-03 7.192710e-04
1.002467e+01 1.355963e-03 1.567891e-03 1.655079e-03 8.449185e-04
1.007667e+01 1.540415e-03 1.776355e-03 1.873439e-03 9.714508e-04
1.012867e+01 1.719188e-03 1.975256e-03 2.083071e-03 1.099238e-03
1.018067e+01 1.891297e-03 2.162692e-03 2.281262e-03 1.229936e-03
1.023267e+01 2.057661e-03 2.339454e-03 2.468172e-03 1.365356e-03
1.028467e+01 2.221010e-03 2.509043e-03 2.647136e-03 1.506851e-03
1.033667e+01 2.385463e-03 2.676879e-03 2.823858e-03 1.655652e-03
1.038867e+01 2.555541e-03 2.848478e-03 3.004296e-03 1.813848e-03
1.044067e+01 2.734641e-03 3.027003e-03 3.191765e-03 1.985156e-03
1.049267e+01 2.923439e-03 3.211153e-03 3.384504e-03 2.174659e-03
1.054467e+01 3.118916e-03 3.394453e-03 3.574971e-03 2.387325e-03
1.059667e+01 3.314621e-03 3.566461e-03 3.751395e-03 2.626007e-03
1.064867e+01 3.502193e-03 3.715451e-03 3.901003e-03 2.890126e-03
1.070067e+01 3.673612e-03 3.831370e-03 4.013461e-03 3.176005e-03
1.075267e+01 3.823256e-03 3.907770e-03 4.083025e-03 3.478971e-03
1.080467e+01 3.949007e-03 3.942017e-03 4.108670e-03 3.796334e-03
1.085667e+01 4.052105e-03 3.934066e-03 4.092533e-03 4.129716e-03
1.090867e+01 4.135993e-03 3.884834e-03 4.037849e-03 4.485298e-03
1.096067e+01 4.204669e-03 3.795264e-03 3.947579e-03 4.871164e-03
1.101267e+01 4.261030e-03 3.666656e-03 3.824374e-03 5.292060e-03
1.106467e+01 4.305550e-03 3.501974e-03 3.671624e-03 5.743053e-03
1.111667e+01 4.335538e-03 3.307234e-03 3.494726e-03 6.204652e-03
1.116867e+01 4.345272e-03 3.091975e-03 3.301630e-03 6.642209e-03
1.122067e+01 4.327295e-03 2.868330e-03 3.102166e-03 7.011390e-03
1.127267e+01 4.274787e-03 2.648938e-03 2.906370e-03 7.269051e-03
1.132467e+01 4.184351e-03 2.444526e-03 2.722558e-03 7.385970e-03
1.137667e+01 4.058083e-03 2.262110e-03 2.555952e-03 7.356188e-03
1.142867e+01 3.903784e-03 2.104380e-03 2.408376e-03 7.198597e-03
1.148067e+01 3.732984e-03 1.970249e-03 2.278919e-03 6.949783e-03
1.153267e+01 3.557480e-03 1.856102e-03 2.165121e-03 6.651217e-03
1.158467e+01 3.385945e-03 1.757206e-03 2.064135e-03 6.336492e-03
1.163667e+01 3.222145e-03 1.668943e-03 1.973580e-03 6.023912e-03
1.168867e+01 3.065552e-03 1.587787e-03 1.892041e-03 5.716828e-03
1.174067e+01 2.913894e-03 1.511999e-03 1.819311e-03 5.410371e-03
1.179267e+01 2.766257e-03 1.441894e-03 1.756335e-03 5.100543e-03
1.184467e+01 2.625109e-03 1.379465e-03 1.704715e-03 4.791146e-03
1.189667e+01 2.496196e-03 1.327263e-03 1.665723e-03 4.495602e-03
1.194867e+01 2.386406e-03 1.286826e-03 1.638997e-03 4.233396e-03
1.200067e+01 2.300646e-03 1.257263e-03 1.621474e-03 4.023200e-03
1.205267e+01 2.239254e-03 1.234735e-03 1.607170e-03 3.875857e-03
1.210467e+01 2.197096e-03 1.213203e-03 1.588188e-03 3.789897e-03
1.215667e+01 2.164628e-03 1.186272e-03 1.556781e-03 3.750829e-03
1.220867e+01 2.130378e-03 1.149406e-03 1.507781e-03 3.733946e-03
1.226067e+01 2.083830e-03 1.101562e-03 1.440418e-03 3.709510e-03
1.231267e+01 2.017798e-03 1.045574e-03 1.358768e-03 3.649053e-03
1.236467e+01 1.929773e-03 9.871215e-04 1.270627e-03 3.531571e-03
1.241667e+01 1.822132e-03 9.327807e-04 1.185247e-03 3.348368e-03
1.246867e+01 1.701330e-03 8.879371e-04 1.110784e-03 3.105270e-03
1.252067e+01 1.576329e-03 8.553501e-04 1.052339e-03 2.821297e-03
1.257267e+01 1.456592e-03 8.347536e-04 1.011118e-03 2.523904e-03
1.262467e+01 1.350126e-03 8.234320e-04 9.847940e-04 2.242151e-03
1.267667e+01 1.262027e-03 8.173704e-04 9.687166e-04 1.999995e-03
1.272867e+01 1.193910e-03 8.124995e-04 9.574852e-04 1.811746e-03
1.278067e+01 1.144247e-03 8.056736e-04 9.463808e-04 1.680686e-03
1.283267e+01 1.109379e-03 7.952258e-04 9.323213e-04 1.600591e-03
1.288467e+01 1.084757e-03 7.810994e-04 9.141920e-04 1.558978e-03
1.293667e+01 1.065999e-03 7.646300e-04 8.925974e-04 1.540770e-03
1.298867e+01 1.049581e-03 7.480795e-04 8.692416e-04 1.531423e-03
1.304067e+01 1.033128e-03 7.340319e-04 8.462141e-04 1.519137e-03
1.309267e+01 1.015431e-03 7.247738e-04 8.254175e-04 1.496103e-03
1.314467e+01 9.963012e-04 7.217721e-04 8.082321e-04 1.458899e-03
1.319667e+01 9.762783e-04 7.253181e-04 7.953670e-04 1.408150e-03
1.324867e+01 9.562326e-04 7.343651e-04 7.867873e-04 1.347545e-03
1.330067e+01 9.369005e-04 7.465686e-04 7.816668e-04 1.282466e-03
1.335267e+01 9.185047e-04 7.585620e-04 7.784323e-04 1.218520e-03
1.340467e+01 9.006189e-04 7.665050e-04 7.750191e-04 1.160333e-03
1.345667e+01 8.823546e-04 7.668781e-04 7.693753e-04 1.110811e-03
1.350867e+01 8.627819e-04 7.573592e-04 7.600845e-04 1.070902e-03
1.356067e+01 8.413705e-04 7.375037e-04 7.468544e-04 1.039754e-03
1.361267e+01 8.182408e-04 7.089541e-04 7.306439e-04 1.015124e-03
1.366467e+01 7.941524e-04 6.750894e-04 7.133966e-04 9.939712e-04
1.371667e+01 7.703284e-04 6.402875e-04 6.975668e-04 9.731309e-04
1.376867e+01 7.482971e-04 6.091720e-04 6.857329e-04 9.499865e-04
1.382067e+01 7.298873e-04 5.862098e-04 6.805114e-04 9.229407e-04
1.387267e+01 7.173858e-04 5.758237e-04 6.847891e-04 8.915445e-04
1.392467e+01 7.137647e-04 5.829121e-04 7.021178e-04 8.562641e-04
1.397667e+01 7.228629e-04 6.134725e-04 7.370711e-04 8.180451e-04
1.402867e+01 7.494463e-04 6.749971e-04 7.954209e-04 7.779210e-04
1.408067e+01 7.990994e-04 7.764069e-04 8.840534e-04 7.368380e-04
1.413267e+01 8.778779e-04 9.274213e-04 1.010517e-03 6.956952e-04
1.418467e+01 9.916113e-04 1.137359e-03 1.182028e-03 6.554469e-04
1.423667e+01 1.144770e-03 1.413420e-03 1.403786e-03 6.171030e-04
1.428867e+01 1.338954e-03 1.758565e-03 1.676712e-03 5.815848e-04
1.434067e+01 1.571292e-03 2.169213e-03 1.995114e-03 5.495491e-04
1.439267e+01 1.833204e-03 2.633108e-03 2.345136e-03 5.213666e-04
1.444467e+01 2.110013e-03 3.127864e-03 2.704785e-03 4.973906e-04
1.449667e+01 2.381746e-03 3.620797e-03 3.045922e-03 4.785183e-04
1.454867e+01 2.625177e-03 4.070703e-03 3.337915e-03 4.669126e-04
1.460067e+01 2.816978e-03 4.432071e-03 3.552183e-03 4.666804e-04
1.465267e+01 2.937586e-03 4.661737e-03 3.666725e-03 4.842971e-04
1.470467e+01 2.975247e-03 4.727160e-03 3.669967e-03 5.286132e-04
1.475667e+01 2.929417e-03 4.614470e-03 3.563420e-03 6.103614e-04
1.480867e+01 2.812573e-03 4.333831e-03 3.362714e-03 7.411729e-04
1.486067e+01 2.649509e-03 3.919848e-03 3.096478e-03 9.322003e-04
1.491267e+01 2.473784e-03 3.426124e-03 2.802739e-03 1.192489e-03
1.496467e+01 2.321790e-03 2.915016e-03 2.523100e-03 1.527253e-03
1.501667e+01 2.225863e-03 2.445528e-03 2.295843e-03 1.936217e-03
1.506867e+01 2.208297e-03 2.062932e-03 2.149684e-03 2.412274e-03
1.512067e+01 2.277855e-03 1.792955e-03 2.099823e-03 2.940787e-03
1.517267e+01 2.429491e-03 1.641441e-03 2.147088e-03 3.499943e-03
1.522467e+01 2.646883e-03 1.598420e-03 2.279832e-03 4.062396e-03
1.527667e+01 2.906590e-03 1.644222e-03 2.477445e-03 4.598103e-03
1.532867e+01 3.182427e-03 1.755226e-03 2.714255e-03 5.077800e-03
1.538067e+01 3.449018e-03 1.907763e-03 2.963037e-03 5.476253e-03
1.543267e+01 3.684104e-03 2.079925e-03 3.197947e-03 5.774441e-03
1.548467e+01 3.869756e-03 2.252006e-03 3.397010e-03 5.960251e-03
1.553667e+01 3.992910e-03 2.406614e-03 3.544225e-03 6.027892e-03
1.558867e+01 4.045696e-03 2.529216e-03 3.631042e-03 5.976831e-03
1.564067e+01 4.025783e-03 2.609308e-03 3.656866e-03 5.811176e-03
1.569267e+01 3.936733e-03 2.641806e-03 3.628312e-03 5.540079e-03
1.574467e+01 3.788053e-03 2.628017e-03 3.557291e-03 5.178853e-03
1.579667e+01 3.594539e-03 2.575563e-03 3.458284e-03 4.749768e-03
1.584867e+01 3.374590e-03 2.497059e-03 3.345414e-03 4.281296e-03
1.590067e+01 3.147624e-03 2.407738e-03 3.229958e-03 3.805174e-03
1.595267e+01 2.931123e-03 2.322669e-03 3.118899e-03 3.351800e-03
1.600467e+01 2.738189e-03 2.254287e-03 3.014877e-03 2.945404e-03
1.605667e+01 2.576342e-03 2.210828e-03 2.917488e-03 2.600709e-03
1.610867e+01 2.447792e-03 2.195857e-03 2.825412e-03 2.322106e-03
1.616067e+01 2.350819e-03 2.208700e-03 2.738454e-03 2.105302e-03
1.621267e+01 2.281466e-03 2.245330e-03 2.658609e-03 1.940458e-03
1.626467e+01 2.234818e-03 2.299291e-03 2.589668e-03 1.815495e-03
1.631667e+01 2.205529e-03 2.362453e-03 2.535575e-03 1.718558e-03
1.636867e+01 2.187771e-03 2.425668e-03 2.498327e-03 1.639317e-03
1.642067e+01 2.175091e-03 2.479534e-03 2.476415e-03 1.569325e-03
1.647267e+01 2.160636e-03 2.515423e-03 2.464521e-03 1.501965e-03
1.652467e+01 2.137924e-03 2.526710e-03 2.454646e-03 1.432418e-03
1.657667e+01 2.101992e-03 2.509944e-03 2.438230e-03 1.357802e-03
1.662867e+01 2.050491e-03 2.465595e-03 2.408484e-03 1.277394e-03
1.668067e+01 1.984332e-03 2.398125e-03 2.362162e-03 1.192710e-03
1.673267e+01 1.907650e-03 2.315367e-03 2.300295e-03 1.107289e-03
1.678467e+01 1.827171e-03 2.227429e-03 2.227896e-03 1.026188e-03
1.683667e+01 1.751258e-03 2.145477e-03 2.152964e-03 9.553321e-04
1.688867e+01 1.688946e-03 2.080622e-03 2.085315e-03 9.009010e-04
1.694067e+01 1.649114e-03 2.042953e-03 2.035530e-03 8.688595e-04
1.699267e+01 1.639700e-03 2.040523e-03 2.014004e-03 8.645728e-04
1.704467e+01 1.666764e-03 2.078097e-03 2.029827e-03 8.923666e-04
1.709667e+01 1.733270e-03 2.155677e-03 2.089228e-03 9.549044e-04
1.714867e+01 1.837776e-03 2.267240e-03 2.193680e-03 1.052409e-03
1.720067e+01 1.973543e-03 2.400434e-03 2.338258e-03 1.181936e-03
1.725267e+01 2.128699e-03 2.537933e-03 2.511122e-03 1.337043e-03
1.730467e+01 2.287824e-03 2.660603e-03 2.694753e-03 1.508116e-03
1.735667e+01 2.434742e-03 2.751814e-03 2.868964e-03 1.683449e-03
1.740867e+01 2.555740e-03 2.801519e-03 3.014852e-03 1.850847e-03
1.746067e+01 2.642101e-03 2.808575e-03 3.118415e-03 1.999314e-03
1.751267e+01 2.691127e-03 2.780386e-03 3.172650e-03 2.120344e-03
1.756467e+01 2.705376e-03 2.729992e-03 3.177628e-03 2.208507e-03
1.761667e+01 2.690661e-03 2.671757e-03 3.138879e-03 2.261347e-03
1.766867e+01 2.653718e-03 2.617272e-03 3.065028e-03 2.278853e-03
1.772067e+01 2.600496e-03 2.572862e-03 2.965700e-03 2.262927e-03
1.777267e+01 2.535543e-03 2.539283e-03 2.850281e-03 2.217066e-03
1.782467e+01 2.462359e-03 2.513285e-03 2.727516e-03 2.146277e-03
1.787667e+01 2.384164e-03 2.490057e-03 2.605486e-03 2.056950e-03
1.792867e+01 2.304420e-03 2.465436e-03 2.491413e-03 1.956410e-03
1.798067e+01 2.226743e-03 2.437113e-03 2.391084e-03 1.852032e-03
1.803267e+01 2.154278e-03 2.404683e-03 2.308046e-03 1.750104e-03
1.808467e+01 2.088942e-03 2.368941e-03 2.243037e-03 1.654848e-03
1.813667e+01 2.031026e-03 2.331050e-03 2.194030e-03 1.567997e-03
1.818867e+01 1.979398e-03 2.292069e-03 2.156988e-03 1.489137e-03
1.824067e+01 1.932231e-03 2.252981e-03 2.127074e-03 1.416638e-03
1.829267e+01 1.887879e-03 2.214993e-03 2.099853e-03 1.348791e-03
1.834467e+01 1.845510e-03 2.179784e-03 2.072048e-03 1.284698e-03
1.839667e+01 1.805240e-03 2.149420e-03 2.041672e-03 1.224628e-03
1.844867e+01 1.767813e-03 2.125931e-03 2.007671e-03 1.169837e-03
1.850067e+01 1.734055e-03 2.110734e-03 1.969391e-03 1.122041e-03
1.855267e+01 1.704408e-03 2.104155e-03 1.926247e-03 1.082823e-03
1.860467e+01 1.678744e-03 2.105265e-03 1.877785e-03 1.053181e-03
1.865667e+01 1.656472e-03 2.112034e-03 1.824038e-03 1.033343e-03
1.870867e+01 1.636810e-03 2.121684e-03 1.765932e-03 1.022816e-03
1.876067e+01 1.619021e-03 2.131013e-03 1.705423e-03 1.020628e-03
1.881267e+01 1.602475e-03 2.136573e-03 1.645198e-03 1.025655e-03
1.886467e+01 1.586530e-03 2.134697e-03 1.587983e-03 1.036910e-03
1.891667e+01 1.570329e-03 2.121564e-03 1.535717e-03 1.053705e-03
1.896867e+01 1.552651e-03 2.093491e-03 1.488879e-03 1.075584e-03
1.902067e+01 1.531961e-03 2.047567e-03 1.446243e-03 1.102073e-03
1.907267e+01 1.506673e-03 1.982503e-03 1.405185e-03 1.132330e-03
1.912467e+01 1.475581e-03 1.899366e-03 1.362476e-03 1.164901e-03
1.917667e+01 1.438290e-03 1.801829e-03 1.315353e-03 1.197688e-03
1.922867e+01 1.395467e-03 1.695695e-03 1.262512e-03 1.228194e-03
1.928067e+01 1.348791e-03 1.587758e-03 1.204700e-03 1.253914e-03
1.933267e+01 1.300578e-03 1.484380e-03 1.144656e-03 1.272699e-03
1.938467e+01 1.253205e-03 1.390244e-03 1.086409e-03 1.282963e-03
1.943667e+01 1.208529e-03 1.307715e-03 1.034150e-03 1.283722e-03
1.948867e+01 1.167513e-03 1.236919e-03 9.910562e-04 1.274564e-03
1.954067e+01 1.130183e-03 1.176404e-03 9.584539e-04 1.255690e-03
1.959267e+01 1.095897e-03 1.124045e-03 9.355710e-04 1.228074e-03
1.964467e+01 1.063799e-03 1.077851e-03 9.199316e-04 1.193615e-03
1.969667e+01 1.033260e-03 1.036452e-03 9.082203e-04 1.155106e-03
1.974867e+01 1.004135e-03 9.992099e-04 8.973062e-04 1.115887e-03
1.980067e+01 9.767730e-04 9.660472e-04 8.850823e-04 1.079190e-03
1.985267e+01 9.518039e-04 9.371449e-04 8.708614e-04 1.047405e-03
1.990467e+01 9.298284e-04 9.126664e-04 8.552449e-04 1.021574e-03
1.995667e+01 9.111607e-04 8.926101e-04 8.395716e-04 1.001300e-03
2.000867e+01 8.957157e-04 8.768145e-04 8.251941e-04 9.851384e-04
2.006067e+01 8.830557e-04 8.650636e-04 8.128583e-04 9.712451e-04
2.011267e+01 8.725316e-04 8.572015e-04 8.023879e-04 9.580054e-04
2.016467e+01 8.634284e-04 8.531724e-04 7.927329e-04 9.443798e-04
2.021667e+01 8.550562e-04 8.529576e-04 7.823141e-04 9.298970e-04
2.026867e+01 8.467931e-04 8.564483e-04 7.695170e-04 9.144140e-04
2.032067e+01 8.381273e-04 8.633360e-04 7.531762e-04 8.978698e-04
2.037267e+01 8.287415e-04 8.730883e-04 7.329218e-04 8.802143e-04
2.042467e+01 8.186257e-04 8.850277e-04 7.093111e-04 8.615383e-04
2.047667e+01 8.081499e-04 8.984608e-04 6.837190e-04 8.422698e-04
2.052867e+01 7.980110e-04 9.127670e-04 6.580205e-04 8.232455e-04
2.058067e+01 7.890175e-04 9.273669e-04 6.341476e-04 8.055379e-04
2.063267e+01 7.817604e-04 9.415566e-04 6.136421e-04 7.900824e-04
2.068467e+01 7.762951e-04 9.542826e-04 5.973255e-04 7.772772e-04
2.073667e+01 7.719794e-04 9.639989e-04 5.851729e-04 7.667662e-04
2.078867e+01 7.675580e-04 9.687363e-04 5.764100e-04 7.575277e-04
2.084067e+01 7.614852e-04 9.664284e-04 5.697854e-04 7.482418e-04
2.089267e+01 7.523714e-04 9.554100e-04 5.639278e-04 7.377764e-04
2.094467e+01 7.393909e-04 9.349037e-04 5.576870e-04 7.255821e-04
2.099667e+01 7.225073e-04 9.053079e-04 5.503787e-04 7.118352e-04
2.104867e+01 7.024511e-04 8.681796e-04 5.418836e-04 6.972901e-04
2.110067e+01 6.804828e-04 8.259356e-04 5.325849e-04 6.829281e-04
2.115267e+01 6.580412e-04 7.813861e-04 5.231672e-04 6.695704e-04
2.120467e+01 6.363983e-04 7.372454e-04 5.143328e-04 6.576167e-04
2.125667e+01 6.164186e-04 6.957284e-04 5.065259e-04 6.470014e-04
2.130867e+01 5.984707e-04 6.582949e-04 4.997620e-04 6.373552e-04
2.136067e+01 5.824892e-04 6.255631e-04 4.936285e-04 6.282759e-04
2.141267e+01 5.681439e-04 5.973945e-04 4.874581e-04 6.195790e-04
2.146467e+01 5.550462e-04 5.731227e-04 4.805981e-04 6.114178e-04
2.151667e+01 5.429147e-04 5.518601e-04 4.726591e-04 6.042248e-04
2.156867e+01 5.316371e-04 5.327820e-04 4.636349e-04 5.984945e-04
2.162067e+01 5.212105e-04 5.152926e-04 4.538512e-04 5.944878e-04
2.167267e+01 5.115931e-04 4.990280e-04 4.437840e-04 5.919674e-04
2.172467e+01 5.025471e-04 4.837369e-04 4.338386e-04 5.900657e-04
2.177667e+01 4.935579e-04 4.691364e-04 4.241912e-04 5.873461e-04
2.182867e+01 4.838838e-04 4.548470e-04 4.147481e-04 5.820564e-04
2.188067e+01 4.727283e-04 4.404502e-04 4.052258e-04 5.725090e-04
2.193267e+01 4.594737e-04 4.256342e-04 3.953061e-04 5.574808e-04
2.198467e+01 4.438881e-04 4.103391e-04 3.848031e-04 5.365221e-04
2.203667e+01 4.262315e-04 3.948148e-04 3.737855e-04 5.100943e-04
2.208867e+01 4.072298e-04 3.795555e-04 3.626192e-04 4.795148e-04
2.214067e+01 3.879335e-04 3.651399e-04 3.519203e-04 4.467404e-04
2.219267e+01 3.695134e-04 3.520496e-04 3.424357e-04 4.140550e-04
2.224467e+01 3.530520e-04 3.405416e-04 3.348835e-04 3.837309e-04
2.229667e+01 3.393770e-04 3.306181e-04 3.297969e-04 3.577161e-04
2.234867e+01 3.289601e-04 3.220938e-04 3.274040e-04 3.373826e-04
2.240067e+01 3.218823e-04 3.147216e-04 3.275665e-04 3.233588e-04
2.245267e+01 3.178592e-04 3.083256e-04 3.297803e-04 3.154716e-04
2.250467e+01 3.163157e-04 3.028951e-04 3.332360e-04 3.128160e-04
2.255667e+01 3.165003e-04 2.986145e-04 3.369323e-04 3.139541e-04
2.260867e+01 3.176255e-04 2.958286e-04 3.398383e-04 3.172095e-04
2.266067e+01 3.190137e-04 2.949637e-04 3.410864e-04 3.209910e-04
2.271267e+01 3.202207e-04 2.964352e-04 3.401643e-04 3.240626e-04
2.276467e+01 3.211039e-04 3.005666e-04 3.370554e-04 3.256897e-04
2.281667e+01 3.218139e-04 3.075338e-04 3.322760e-04 3.256319e-04
2.286867e+01 3.227048e-04 3.173306e-04 3.267806e-04 3.240033e-04
2.292067e+01 3.241862e-04 3.297486e-04 3.217464e-04 3.210636e-04
2.297267e+01 3.265613e-04 3.443740e-04 3.182921e-04 3.170178e-04
2.302467e+01 3.299049e-04 3.606155e-04 3.172086e-04 3.118907e-04
2.307667e+01 3.340225e-04 3.777807e-04 3.187806e-04 3.055062e-04
2.312867e+01 3.385059e-04 3.952012e-04 3.227513e-04 2.975652e-04
2.318067e+01 3.428634e-04 4.123720e-04 3.284362e-04 2.877821e-04
2.323267e+01 3.466739e-04 4.290463e-04 3.349441e-04 2.760313e-04
2.328467e+01 3.497057e-04 4.452287e-04 3.414306e-04 2.624578e-04
2.333667e+01 3.519564e-04 4.610516e-04 3.472979e-04 2.475197e-04
2.338867e+01 3.536029e-04 4.765736e-04 3.522837e-04 2.319514e-04
2.344067e+01 3.548882e-04 4.915821e-04 3.564261e-04 2.166563e-04
2.349267e+01 3.559943e-04 5.054831e-04 3.599437e-04 2.025562e-04
2.354467e+01 3.569529e-04 5.173300e-04 3.630931e-04 1.904357e-04
2.359667e+01 3.576224e-04 5.259872e-04 3.660581e-04 1.808218e-04
2.364867e+01 3.577338e-04 5.303784e-04 3.689001e-04 1.739228e-04
2.370067e+01 3.569788e-04 5.297446e-04 3.715595e-04 1.696324e-04
2.375267e+01 3.551017e-04 5.238349e-04 3.738873e-04 1.675827e-04
2.380467e+01 3.519606e-04 5.129751e-04 3.756815e-04 1.672254e-04
2.385667e+01 3.475454e-04 4.979989e-04 3.767151e-04 1.679222e-04
2.390867e+01 3.419556e-04 4.800729e-04 3.767563e-04 1.690376e-04
2.396067e+01 3.353648e-04 4.604803e-04 3.755857e-04 1.700283e-04
2.401267e+01 3.279951e-04 4.404404e-04 3.730196e-04 1.705252e-04
2.406467e+01 3.201181e-04 4.210146e-04 3.689492e-04 1.703904e-04
2.411667e+01 3.120780e-04 4.031004e-04 3.634000e-04 1.697337e-04
2.416867e+01 3.043200e-04 3.874772e-04 3.566063e-04 1.688765e-04
2.422067e+01 2.973944e-04 3.748471e-04 3.490730e-04 1.682630e-04
2.427267e+01 2.919168e-04 3.658257e-04 3.415846e-04 1.683401e-04
2.432467e+01 2.884770e-04 3.608728e-04 3.351225e-04 1.694358e-04
2.437667e+01 2.875149e-04 3.601859e-04 3.306866e-04 1.716721e-04
2.442867e+01 2.892060e-04 3.636048e-04 3.290696e-04 1.749435e-04
2.448067e+01 2.934078e-04 3.705827e-04 3.306679e-04 1.789727e-04
2.453267e+01 2.997043e-04 3.802621e-04 3.354162e-04 1.834346e-04
2.458467e+01 3.075463e-04 3.916491e-04 3.428792e-04 1.881106e-04
2.463667e+01 3.164353e-04 4.038337e-04 3.524565e-04 1.930158e-04
2.468867e+01 3.260695e-04 4.161644e-04 3.636002e-04 1.984439e-04
2.474067e+01 3.363780e-04 4.283026e-04 3.759350e-04 2.048963e-04
2.479267e+01 3.474216e-04 4.401333e-04 3.892205e-04 2.129109e-04
2.484467e+01 3.592077e-04 4.515897e-04 4.031803e-04 2.228530e-04
2.489667e+01 3.715130e-04 4.624937e-04 4.172888e-04 2.347564e-04
2.494867e+01 3.838102e-04 4.725053e-04 4.306371e-04 2.482882e-04
2.500067e+01 3.953463e-04 4.812082e-04 4.419728e-04 2.628578e-04
2.505267e+01 4.053489e-04 4.882833e-04 4.499379e-04 2.778255e-04
2.510467e+01 4.132833e-04 4.936740e-04 4.534486e-04 2.927273e-04
2.515667e+01 4.190615e-04 4.976648e-04 4.520879e-04 3.074317e-04
2.520867e+01 4.231295e-04 5.008393e-04 4.463608e-04 3.221883e-04
2.526067e+01 4.264049e-04 5.039417e-04 4.376974e-04 3.375755e-04
2.531267e+01 4.300843e-04 5.076964e-04 4.281741e-04 3.543824e-04
2.536467e+01 4.353762e-04 5.126384e-04 4.200322e-04 3.734580e-04
2.541667e+01 4.432268e-04 5.189912e-04 4.151482e-04 3.955409e-04
2.546867e+01 4.541066e-04 5.266174e-04 4.146240e-04 4.210784e-04
2.552067e+01 4.679085e-04 5.350550e-04 4.186114e-04 4.500592e-04
2.557267e+01 4.839857e-04 5.436491e-04 4.263907e-04 4.819173e-04
2.562467e+01 5.013288e-04 5.517642e-04 4.366441e-04 5.155781e-04
2.567667e+01 5.188422e-04 5.590249e-04 4.478188e-04 5.496830e-04
2.572867e+01 5.356431e-04 5.655008e-04 4.584771e-04 5.829513e-04
2.578067e+01 5.512858e-04 5.717432e-04 4.675647e-04 6.145494e-04
2.583267e+01 5.658249e-04 5.786214e-04 4.745556e-04 6.442978e-04
2.588467e+01 5.796818e-04 5.869897e-04 4.794669e-04 6.725888e-04
2.593667e+01 5.933554e-04 5.973002e-04 4.827558e-04 7.000102e-04
2.598867e+01 6.070863e-04 6.093182e-04 4.851314e-04 7.268094e-04
2.604067e+01 6.206069e-04 6.220693e-04 4.873328e-04 7.524185e-04
2.609267e+01 6.330767e-04 6.340550e-04 4.899276e-04 7.752475e-04
2.614467e+01 6.432273e-04 6.436588e-04 4.931754e-04 7.928478e-04
2.619667e+01 6.496601e-04 6.495961e-04 4.969802e-04 8.024039e-04
2.624867e+01 6.511923e-04 6.512505e-04 5.009312e-04 8.013954e-04
2.630067e+01 6.471507e-04 6.488047e-04 5.044180e-04 7.882295e-04
2.635267e+01 6.375436e-04 6.431611e-04 5.067914e-04 7.626784e-04
2.640467e+01 6.230967e-04 6.357228e-04 5.075374e-04 7.260301e-04
2.645667e+01 6.051669e-04 6.281323e-04 5.064275e-04 6.809407e-04
2.650867e+01 5.855674e-04 6.220523e-04 5.036112e-04 6.310388e-04
2.656067e+01 5.663372e-04 6.190211e-04 4.996269e-04 5.803635e-04
2.661267e+01 5.494840e-04 6.203739e-04 4.953291e-04 5.327492e-04
2.666467e+01 5.367357e-04 6.271864e-04 4.917460e-04 4.912748e-04
2.671667e+01 5.293300e-04 6.402063e-04 4.898958e-04 4.578877e-04
2.676867e+01 5.278751e-04 6.597615e-04 4.905939e-04 4.332699e-04
2.682067e+01 5.323028e-04 6.856694e-04 4.942889e-04 4.169502e-04
2.687267e+01 5.419226e-04 7.171926e-04 5.009680e-04 4.076070e-04
2.692467e+01 5.555691e-04 7.530694e-04 5.101669e-04 4.034711e-04
2.697667e+01 5.718146e-04 7.916163e-04 5.210994e-04 4.027283e-04
2.702867e+01 5.891970e-04 8.308654e-04 5.328820e-04 4.038435e-04
2.708067e+01 6.064086e-04 8.686918e-04 5.447858e-04 4.057482e-04
2.713267e+01 6.224038e-04 9.029122e-04 5.564292e-04 4.078699e-04
2.718467e+01 6.364137e-04 9.313806e-04 5.678406e-04 4.100198e-04
2.723667e+01 6.478996e-04 9.521312e-04 5.793711e-04 4.121966e-04
2.728867e+01 6.564989e-04 9.636033e-04 5.915004e-04 4.143929e-04
2.734067e+01 6.620106e-04 9.649291e-04 6.046179e-04 4.164848e-04
2.739267e+01 6.644363e-04 9.562011e-04 6.188650e-04 4.182427e-04
2.744467e+01 6.640416e-04 9.386030e-04 6.340842e-04 4.194377e-04
2.749667e+01 6.613838e-04 9.143180e-04 6.498663e-04 4.199670e-04
2.754867e+01 6.572588e-04 8.862084e-04 6.656503e-04 4.199176e-04
2.760067e+01 6.525679e-04 8.573544e-04 6.808271e-04 4.195223e-04
2.765267e+01 6.481534e-04 8.305955e-04 6.948323e-04 4.190323e-04
2.770467e+01 6.446732e-04 8.081979e-04 7.072420e-04 4.185796e-04
2.775667e+01 6.425632e-04 7.916957e-04 7.178864e-04 4.181075e-04
2.780867e+01 6.420795e-04 7.818662e-04 7.269626e-04 4.174096e-04
2.786067e+01 6.433676e-04 7.787573e-04 7.350924e-04 4.162529e-04
2.791267e+01 6.464991e-04 7.817144e-04 7.432671e-04 4.145158e-04
2.796467e+01 6.514536e-04 7.894213e-04 7.526681e-04 4.122713e-04
2.801667e+01 6.580746e-04 8.000226e-04 7.644143e-04 4.097868e-04
2.806867e+01 6.660564e-04 8.113853e-04 7.793225e-04 4.074615e-04
2.812067e+01 6.749933e-04 8.214768e-04 7.977498e-04 4.057533e-04
2.817267e+01 6.844738e-04 8.287519e-04 8.195366e-04 4.051329e-04
2.822467e+01 6.941609e-04 8.323927e-04 8.440230e-04 4.060669e-04
2.827667e+01 7.037997e-04 8.322949e-04 8.701051e-04 4.089991e-04
2.832867e+01 7.131394e-04 8.288024e-04 8.963201e-04 4.142958e-04
2.838067e+01 7.218136e-04 8.223104e-04 9.209746e-04 4.221558e-04
2.843267e+01 7.292576e-04 8.129242e-04 9.423218e-04 4.325269e-04
2.848467e+01 7.347303e-04 8.003333e-04 9.587695e-04 4.450881e-04
2.853667e+01 7.374595e-04 7.839730e-04 9.690729e-04 4.593326e-04
2.858867e+01 7.368714e-04 7.634112e-04 9.724697e-04 4.747333e-04
2.864067e+01 7.328172e-04 7.387961e-04 9.687392e-04 4.909163e-04
2.869267e+01 7.257010e-04 7.111542e-04 9.581971e-04 5.077518e-04
2.874467e+01 7.164463e-04 6.823842e-04 9.416444e-04 5.253103e-04
2.879667e+01 7.062994e-04 6.549169e-04 9.202830e-04 5.436983e-04
2.884867e+01 6.965391e-04 6.311666e-04 8.955958e-04 5.628548e-04
2.890067e+01 6.881987e-04 6.129948e-04 8.691907e-04 5.824107e-04
2.895267e+01 6.818991e-04 6.013916e-04 8.426229e-04 6.016829e-04
2.900467e+01 6.778332e-04 5.964645e-04 8.172268e-04 6.198084e-04
2.905667e+01 6.758728e-04 5.976676e-04 7.939933e-04 6.359574e-04
2.910867e+01 6.757192e-04 6.041065e-04 7.735159e-04 6.495350e-04
2.916067e+01 6.770189e-04 6.147536e-04 7.560054e-04 6.602976e-04
2.921267e+01 6.794086e-04 6.285069e-04 7.413577e-04 6.683612e-04
2.926467e+01 6.825080e-04 6.441405e-04 7.292509e-04 6.741328e-04
2.931667e+01 6.859115e-04 6.602657e-04 7.192483e-04 6.782204e-04
2.936867e+01 6.892228e-04 6.754048e-04 7.108991e-04 6.813643e-04
2.942067e+01 6.921406e-04 6.881969e-04 7.038337e-04 6.843912e-04
2.947267e+01 6.945593e-04 6.976631e-04 6.978566e-04 6.881581e-04
2.952467e+01 6.966305e-04 7.034105e-04 6.930311e-04 6.934497e-04
2.957667e+01 6.987432e-04 7.056739e-04 6.897329e-04 7.008228e-04
2.962867e+01 7.014195e-04 7.051747e-04 6.886423e-04 7.104416e-04
2.968067e+01 7.051682e-04 7.028680e-04 6.906544e-04 7.219823e-04
2.973267e+01 7.103697e-04 6.997051e-04 6.967203e-04 7.346836e-04
2.978467e+01 7.172507e-04 6.965200e-04 7.076609e-04 7.475711e-04
2.983667e+01 7.259623e-04 6.940715e-04 7.240108e-04 7.598045e-04
2.988867e+01 7.367058e-04 6.931653e-04 7.459202e-04 7.710319e-04
2.994067e+01 7.498093e-04 6.947172e-04 7.731098e-04 7.816010e-04
2.999267e+01 7.656713e-04 6.996424e-04 8.048515e-04 7.925200e-04
3.004467e+01 7.845576e-04 7.085594e-04 8.399599e-04 8.051534e-04
3.009667e+01 8.063331e-04 7.214275e-04 8.768172e-04 8.207545e-04
3.014867e+01 8.302663e-04 7.373139e-04 9.134738e-04 8.400111e-04
3.020067e+01 8.550286e-04 7.544511e-04 9.478550e-04 8.627797e-04
3.025267e+01 8.789237e-04 7.706176e-04 9.780565e-04 8.880971e-04
3.030467e+01 9.002701e-04 7.837148e-04 1.002655e-03 9.144403e-04
3.035667e+01 9.177858e-04 7.923158e-04 1.020938e-03 9.401037e-04
3.040867e+01 9.308313e-04 7.959805e-04 1.032969e-03 9.635449e-04
3.046067e+01 9.394361e-04 7.952460e-04 1.039462e-03 9.835999e-04
3.051267e+01 9.441394e-04 7.913511e-04 1.041517e-03 9.995497e-04
3.056467e+01 9.457411e-04 7.858460e-04 1.040289e-03 1.011088e-03
3.061667e+01 9.450743e-04 7.802454e-04 1.036720e-03 1.018257e-03
3.066867e+01 9.428664e-04 7.758088e-04 1.031410e-03 1.021380e-03
3.072067e+01 9.396978e-04 7.734536e-04 1.024629e-03 1.021011e-03
3.077267e+01 9.360258e-04 7.737495e-04 1.016460e-03 1.017868e-03
3.082467e+01 9.322310e-04 7.769479e-04 1.006987e-03 1.012758e-03
3.087667e+01 9.286643e-04 7.830234e-04 9.964747e-04 1.006495e-03
3.092867e+01 9.256881e-04 7.917357e-04 9.855002e-04 9.998283e-04
3.098067e+01 9.237150e-04 8.027162e-04 9.750119e-04 9.934168e-04
3.103267e+01 9.232372e-04 8.155705e-04 9.663116e-04 9.878294e-04
3.108467e+01 9.248291e-04 8.299617e-04 9.609526e-04 9.835731e-04
3.113667e+01 9.291063e-04 8.456333e-04 9.605669e-04 9.811188e-04
3.118867e+01 9.366305e-04 8.623411e-04 9.666453e-04 9.809050e-04
3.124067e+01 9.477696e-04 8.797032e-04 9.802993e-04 9.833062e-04
3.129267e+01 9.625403e-04 8.970226e-04 1.002027e-03 9.885711e-04
3.134467e+01 9.804781e-04 9.131750e-04 1.031505e-03 9.967537e-04
3.139667e+01 1.000591e-03 9.266577e-04 1.067439e-03 1.007675e-03
3.144867e+01 1.021440e-03 9.358394e-04 1.107534e-03 1.020946e-03
3.150067e+01 1.041358e-03 9.393608e-04 1.148654e-03 1.036060e-03
3.155267e+01 1.058743e-03 9.365359e-04 1.187190e-03 1.052505e-03
3.160467e+01 1.072337e-03 9.275758e-04 1.219579e-03 1.069856e-03
3.165667e+01 1.081396e-03 9.135220e-04 1.242855e-03 1.087809e-03
3.170867e+01 1.085716e-03 8.959176e-04 1.255061e-03 1.106169e-03
3.176067e+01 1.085559e-03 8.763823e-04 1.255449e-03 1.124846e-03
3.181267e+01 1.081551e-03 8.562992e-04 1.244456e-03 1.143898e-03
3.186467e+01 1.074613e-03 8.367427e-04 1.223536e-03 1.163560e-03
3.191667e+01 1.065920e-03 8.186153e-04 1.194928e-03 1.184216e-03
3.196867e+01 1.056843e-03 8.028324e-04 1.161445e-03 1.206253e-03
3.202067e+01 1.048815e-03 7.903706e-04 1.126254e-03 1.229821e-03
3.207267e+01 1.043124e-03 7.821055e-04 1.092627e-03 1.254639e-03
3.212467e+01 1.040697e-03 7.785199e-04 1.063631e-03 1.279941e-03
3.217667e+01 1.041954e-03 7.794696e-04 1.041772e-03 1.304620e-03
3.222867e+01 1.046775e-03 7.841749e-04 1.028664e-03 1.327487e-03
3.228067e+01 1.054595e-03 7.914716e-04 1.024807e-03 1.347507e-03
3.233267e+01 1.064545e-03 8.001967e-04 1.029526e-03 1.363911e-03
3.238467e+01 1.075583e-03 8.095018e-04 1.041079e-03 1.376168e-03
3.243667e+01 1.086565e-03 8.189286e-04 1.056880e-03 1.383885e-03
3.248867e+01 1.096250e-03 8.282247e-04 1.073780e-03 1.386744e-03
3.254067e+01 1.103311e-03 8.370304e-04 1.088394e-03 1.384509e-03
3.259267e+01 1.106411e-03 8.446418e-04 1.097479e-03 1.377113e-03
3.264467e+01 1.104391e-03 8.500118e-04 1.098373e-03 1.364789e-03
3.269667e+01 1.096555e-03 8.520146e-04 1.089445e-03 1.348204e-03
3.274867e+01 1.082951e-03 8.498549e-04 1.070431e-03 1.328566e-03
3.280067e+01 1.064521e-03 8.434188e-04 1.042512e-03 1.307632e-03
3.285267e+01 1.043002e-03 8.333928e-04 1.008058e-03 1.287555e-03
3.290467e+01 1.020570e-03 8.210889e-04 9.700874e-04 1.270535e-03
3.295667e+01 9.993417e-04 8.080577e-04 9.316050e-04 1.258362e-03
3.300867e+01 9.809017e-04 7.956605e-04 8.950418e-04 1.252003e-03
3.306067e+01 9.660637e-04 7.847711e-04 8.619722e-04 1.251448e-03
3.311267e+01 9.549247e-04 7.757026e-04 8.331495e-04 1.255922e-03
3.316467e+01 9.471665e-04 7.683410e-04 8.087691e-04 1.264389e-03
3.321667e+01 9.424424e-04 7.623926e-04 7.887919e-04 1.276143e-03
3.326867e+01 9.406691e-04 7.576257e-04 7.731697e-04 1.291212e-03
3.332067e+01 9.421104e-04 7.540218e-04 7.618978e-04 1.310411e-03
3.337267e+01 9.472425e-04 7.518023e-04 7.549195e-04 1.335006e-03
3.342467e+01 9.564820e-04 7.513474e-04 7.519767e-04 1.366122e-03
3.347667e+01 9.699010e-04 7.530545e-04 7.525123e-04 1.404136e-03
3.352867e+01 9.870448e-04 7.571906e-04 7.556872e-04 1.448257e-03
3.358067e+01 1.006913e-03 7.637823e-04 7.605133e-04 1.496443e-03
3.363267e+01 1.028102e-03 7.725663e-04 7.660530e-04 1.545687e-03
3.368467e+01 1.049054e-03 7.829975e-04 7.716112e-04 1.592552e-03
3.373667e+01 1.068321e-03 7.942995e-04 7.768586e-04 1.633806e-03
3.378867e+01 1.084785e-03 8.055475e-04 7.818503e-04 1.666958e-03
3.384067e+01 1.097767e-03 8.157855e-04 7.869444e-04 1.690573e-03
3.389267e+01 1.107042e-03 8.241855e-04 7.926521e-04 1.704289e-03
3.394467e+01 1.112769e-03 8.302408e-04 7.994713e-04 1.708595e-03
3.399667e+01 1.115378e-03 8.339427e-04 8.077501e-04 1.704441e-03
3.404867e+01 1.115432e-03 8.358590e-04 8.176058e-04 1.692830e-03
3.410067e+01 1.113503e-03 8.370386e-04 8.288989e-04 1.674573e-03
3.415267e+01 1.110083e-03 8.387207e-04 8.412399e-04 1.650289e-03
3.420467e+01 1.105535e-03 8.419242e-04 8.540109e-04 1.620671e-03
3.425667e+01 1.100109e-03 8.470662e-04 8.664059e-04 1.586855e-03
3.430867e+01 1.093994e-03 8.537724e-04 8.775172e-04 1.550692e-03
3.436067e+01 1.087391e-03 8.609725e-04 8.864882e-04 1.514711e-03
3.441267e+01 1.080576e-03 8.672521e-04 8.927230e-04 1.481754e-03
3.446467e+01 1.073934e-03 8.713217e-04 8.960866e-04 1.454395e-03
3.451667e+01 1.067942e-03 8.724183e-04 8.970085e-04 1.434398e-03
3.456867e+01 1.063120e-03 8.705023e-04 8.964235e-04 1.422433e-03
3.462067e+01 1.059967e-03 8.662098e-04 8.955521e-04 1.418139e-03
3.467267e+01 1.058901e-03 8.606243e-04 8.956005e-04 1.420477e-03
3.472467e+01 1.060218e-03 8.549766e-04 8.974953e-04 1.428181e-03
3.477667e+01 1.064073e-03 8.503764e-04 9.017530e-04 1.440088e-03
3.482867e+01 1.070464e-03 8.476340e-04 9.085106e-04 1.455246e-03
3.488067e+01 1.079209e-03 8.471895e-04 9.176707e-04 1.472768e-03
3.493267e+01 1.089928e-03 8.491417e-04 9.290657e-04 1.491576e-03
3.498467e+01 1.102033e-03 8.533559e-04 9.425478e-04 1.510194e-03
3.503667e+01 1.114770e-03 8.596166e-04 9.579605e-04 1.526732e-03
3.508867e+01 1.127297e-03 8.677728e-04 9.750182e-04 1.539101e-03
3.514067e+01 1.138795e-03 8.778153e-04 9.931700e-04 1.545399e-03
3.519267e+01 1.148570e-03 8.898462e-04 1.011537e-03 1.544326e-03
3.524467e+01 1.156128e-03 9.039426e-04 1.028973e-03 1.535468e-03
3.529667e+01 1.161186e-03 9.199722e-04 1.044245e-03 1.519342e-03
3.534867e+01 1.163637e-03 9.374502e-04 1.056257e-03 1.497204e-03
3.540067e+01 1.163486e-03 9.555189e-04 1.064243e-03 1.470696e-03
3.545267e+01 1.160802e-03 9.730735e-04 1.067852e-03 1.441482e-03
3.550467e+01 1.155694e-03 9.889929e-04 1.067116e-03 1.410974e-03
3.555667e+01 1.148315e-03 1.002380e-03 1.062332e-03 1.380232e-03
3.560867e+01 1.138876e-03 1.012718e-03 1.053909e-03 1.350002e-03
3.566067e+01 1.127662e-03 1.019905e-03 1.042265e-03 1.320818e-03
3.571267e+01 1.115026e-03 1.024178e-03 1.027800e-03 1.293100e-03
3.576467e+01 1.101388e-03 1.026018e-03 1.010955e-03 1.267190e-03
3.581667e+01 1.087232e-03 1.026061e-03 9.923157e-04 1.243320e-03
3.586867e+01 1.073098e-03 1.025056e-03 9.726909e-04 1.221547e-03
3.592067e+01 1.059529e-03 1.023796e-03 9.530998e-04 1.201691e-03
3.597267e+01 1.046978e-03 1.022978e-03 9.346431e-04 1.183312e-03
3.602467e+01 1.035670e-03 1.022988e-03 9.182830e-04 1.165738e-03
3.607667e+01 1.025479e-03 1.023676e-03 9.046121e-04 1.148148e-03
3.612867e+01 1.015879e-03 1.024245e-03 8.937124e-04 1.129681e-03
3.618067e+01 1.006022e-03 1.023357e-03 8.851690e-04 1.109542e-03
3.623267e+01 9.949425e-04 1.019486e-03 8.782426e-04 1.087099e-03
3.628467e+01 9.818364e-04 1.011424e-03 8.721338e-04 1.061952e-03
3.633667e+01 9.663351e-04 9.987650e-04 8.662384e-04 1.034002e-03
3.638867e+01 9.486767e-04 9.821880e-04 8.603062e-04 1.003536e-03
3.644067e+01 9.297235e-04 9.633993e-04 8.544609e-04 9.713102e-04
3.649267e+01 9.108069e-04 9.447349e-04 8.490959e-04 9.385898e-04
3.654467e+01 8.934443e-04 9.285442e-04 8.446980e-04 9.070906e-04
3.659667e+01 8.790068e-04 9.165616e-04 8.416654e-04 8.787933e-04
3.664867e+01 8.684380e-04 9.094807e-04 8.401743e-04 8.556590e-04
3.670067e+01 8.621019e-04 9.068646e-04 8.401225e-04 8.393187e-04
3.675267e+01 8.597884e-04 9.073981e-04 8.411508e-04 8.308164e-04
3.680467e+01 8.608464e-04 9.093665e-04 8.427181e-04 8.304546e-04
3.685667e+01 8.643723e-04 9.111748e-04 8.442002e-04 8.377419e-04
3.690867e+01 8.693827e-04 9.117349e-04 8.449881e-04 8.514252e-04
3.696067e+01 8.749337e-04 9.106234e-04 8.445813e-04 8.695964e-04
3.701267e+01 8.801908e-04 9.080030e-04 8.426750e-04 8.898944e-04
3.706467e+01 8.844773e-04 9.043804e-04 8.392359e-04 9.098156e-04
3.711667e+01 8.873156e-04 9.003035e-04 8.345399e-04 9.271034e-04
3.716867e+01 8.884529e-04 8.960998e-04 8.291430e-04 9.401160e-04
3.722067e+01 8.878503e-04 8.917361e-04 8.237757e-04 9.480391e-04
3.727267e+01 8.856289e-04 8.868440e-04 8.191956e-04 9.508473e-04
3.732467e+01 8.819997e-04 8.809083e-04 8.160600e-04 9.490307e-04
3.737667e+01 8.772158e-04 8.735564e-04 8.148682e-04 9.432228e-04
3.742867e+01 8.715751e-04 8.648317e-04 8.159773e-04 9.339164e-04
3.748067e+01 8.654543e-04 8.553210e-04 8.196403e-04 9.214017e-04
3.753267e+01 8.593252e-04 8.460462e-04 8.260034e-04 9.059260e-04
3.758467e+01 8.537046e-04 8.381314e-04 8.350386e-04 8.879437e-04
3.763667e+01 8.490324e-04 8.323666e-04 8.464542e-04 8.682764e-04
3.768867e+01 8.455305e-04 8.288561e-04 8.596672e-04 8.480683e-04
3.774067e+01 8.431228e-04 8.269198e-04 8.738966e-04 8.285522e-04
3.779267e+01 8.414779e-04 8.253157e-04 8.883612e-04 8.107567e-04
3.784467e+01 8.401719e-04 8.227151e-04 9.024889e-04 7.953118e-04
3.789667e+01 8.389055e-04 8.182539e-04 9.160172e-04 7.824453e-04
3.794867e+01 8.376755e-04 8.119531e-04 9.289225e-04 7.721509e-04
3.800067e+01 8.368271e-04 8.048551e-04 9.412109e-04 7.644154e-04
3.805267e+01 8.369632e-04 7.988265e-04 9.526900e-04 7.593732e-04
3.810467e+01 8.387477e-04 7.960914e-04 9.628526e-04 7.572992e-04
3.815667e+01 8.426753e-04 7.986429e-04 9.709485e-04 7.584346e-04
3.820867e+01 8.488824e-04 8.077078e-04 9.762176e-04 7.627218e-04
3.826067e+01 8.570576e-04 8.234163e-04 9.781814e-04 7.695749e-04
3.831267e+01 8.664784e-04 8.447611e-04 9.768622e-04 7.778120e-04
3.836467e+01 8.761627e-04 8.698375e-04 9.728375e-04 7.858130e-04
3.841667e+01 8.850862e-04 8.962796e-04 9.671077e-04 7.918714e-04
3.846867e+01 8.923948e-04 9.217552e-04 9.608232e-04 7.946061e-04
3.852067e+01 8.975394e-04 9.443821e-04 9.549664e-04 7.932697e-04
3.857267e+01 9.002999e-04 9.629695e-04 9.500949e-04 7.878353e-04
3.862467e+01 9.007171e-04 9.770509e-04 9.462378e-04 7.788627e-04
3.867667e+01 8.989908e-04 9.867368e-04 9.429928e-04 7.672428e-04
3.872867e+01 8.954060e-04 9.924590e-04 9.398051e-04 7.539539e-04
3.878067e+01 8.903133e-04 9.946978e-04 9.363351e-04 7.399070e-04
3.883267e+01 8.841423e-04 9.937823e-04 9.327708e-04 7.258739e-04
3.888467e+01 8.774021e-04 9.898287e-04 9.299347e-04 7.124427e-04
3.893667e+01 8.706362e-04 9.828440e-04 9.291022e-04 6.999624e-04
3.898867e+01 8.643370e-04 9.729548e-04 9.315614e-04 6.884947e-04
3.904067e+01 8.588544e-04 9.606636e-04 9.380708e-04 6.778287e-04
3.909267e+01 8.543413e-04 9.469953e-04 9.484344e-04 6.675943e-04
3.914467e+01 8.507572e-04 9.334257e-04 9.613935e-04 6.574525e-04
3.919667e+01 8.479236e-04 9.215713e-04 9.749095e-04 6.472898e-04
3.924867e+01 8.456130e-04 9.127460e-04 9.867543e-04 6.373386e-04
3.930067e+01 8.436519e-04 9.075762e-04 9.951913e-04 6.281881e-04
3.935267e+01 8.420224e-04 9.058641e-04 9.994967e-04 6.207065e-04
3.940467e+01 8.409455e-04 9.067786e-04 1.000137e-03 6.159205e-04
3.945667e+01 8.409204e-04 9.093051e-04 9.985640e-04 6.148920e-04
3.950867e+01 8.426917e-04 9.127561e-04 9.967196e-04 6.185993e-04
3.956067e+01 8.471286e-04 9.171246e-04 9.964519e-04 6.278092e-04
3.961267e+01 8.550306e-04 9.231416e-04 9.990231e-04 6.429271e-04
3.966467e+01 8.669049e-04 9.320348e-04 1.004845e-03 6.638349e-04
3.971667e+01 8.827795e-04 9.451053e-04 1.013483e-03 6.897505e-04
3.976867e+01 9.021128e-04 9.632925e-04 1.023886e-03 7.191594e-04
3.982067e+01 9.238317e-04 9.868691e-04 1.034762e-03 7.498643e-04
3.987267e+01 9.464972e-04 1.015341e-03 1.044974e-03 7.791757e-04
3.992467e+01 9.685565e-04 1.047551e-03 1.053883e-03 8.042354e-04
3.997667e+01 9.886179e-04 1.081923e-03 1.061504e-03 8.224264e-04
4.002867e+01 1.005681e-03 1.116793e-03 1.068455e-03 8.317970e-04
4.008067e+01 1.019271e-03 1.150715e-03 1.075686e-03 8.314132e-04
4.013267e+01 1.029455e-03 1.182711e-03 1.084097e-03 8.215561e-04
4.018467e+01 1.036763e-03 1.212393e-03 1.094185e-03 8.037103e-04
4.023667e+01 1.042057e-03 1.239952e-03 1.105890e-03 7.803300e-04
4.028867e+01 1.046380e-03 1.266031e-03 1.118683e-03 7.544264e-04
4.034067e+01 1.050805e-03 1.291499e-03 1.131848e-03 7.290677e-04
4.039267e+01 1.056290e-03 1.317176e-03 1.144788e-03 7.069046e-04
4.044467e+01 1.063527e-03 1.343558e-03 1.157200e-03 6.898215e-04
4.049667e+01 1.072808e-03 1.370603e-03 1.169055e-03 6.787656e-04
4.054867e+01 1.083946e-03 1.397649e-03 1.180434e-03 6.737564e-04
4.060067e+01 1.096297e-03 1.423495e-03 1.191360e-03 6.740357e-04
4.065267e+01 1.108885e-03 1.446629e-03 1.201720e-03 6.783051e-04
4.070467e+01 1.120615e-03 1.465543e-03 1.211305e-03 6.849979e-04
4.075667e+01 1.130493e-03 1.479040e-03 1.219902e-03 6.925391e-04
4.080867e+01 1.137793e-03 1.486453e-03 1.227370e-03 6.995570e-04
4.086067e+01 1.142141e-03 1.487770e-03 1.233637e-03 7.050162e-04
4.091267e+01 1.143521e-03 1.483647e-03 1.238648e-03 7.082681e-04
4.096467e+01 1.142233e-03 1.475366e-03 1.242300e-03 7.090340e-04
4.101667e+01 1.138819e-03 1.464689e-03 1.244414e-03 7.073552e-04
4.106867e+01 1.133970e-03 1.453617e-03 1.244753e-03 7.035394e-04
4.112067e+01 1.128400e-03 1.444020e-03 1.243066e-03 6.981142e-04
4.117267e+01 1.122698e-03 1.437180e-03 1.239142e-03 6.917706e-04
4.122467e+01 1.117179e-03 1.433396e-03 1.232864e-03 6.852755e-04
4.127667e+01 1.111788e-03 1.431773e-03 1.224249e-03 6.793424e-04
4.132867e+01 1.106096e-03 1.430354e-03 1.213450e-03 6.744853e-04
4.138067e+01 1.099403e-03 1.426597e-03 1.200707e-03 6.709059e-04
4.143267e+01 1.090927e-03 1.418061e-03 1.186250e-03 6.684712e-04
4.148467e+01 1.080022e-03 1.403061e-03 1.170196e-03 6.668083e-04
4.153667e+01 1.066351e-03 1.381058e-03 1.152497e-03 6.654967e-04
4.158867e+01 1.049978e-03 1.352648e-03 1.132997e-03 6.642885e-04
4.164067e+01 1.031363e-03 1.319238e-03 1.111581e-03 6.632684e-04
4.169267e+01 1.011276e-03 1.282580e-03 1.088364e-03 6.628837e-04
4.174467e+01 9.906786e-04 1.244397e-03 1.063813e-03 6.638256e-04
4.179667e+01 9.705783e-04 1.206192e-03 1.038740e-03 6.668028e-04
4.184867e+01 9.518745e-04 1.169215e-03 1.014122e-03 6.722862e-04
4.190067e+01 9.352070e-04 1.134464e-03 9.908470e-04 6.803103e-04
4.195267e+01 9.208292e-04 1.102621e-03 9.694803e-04 6.903858e-04
4.200467e+01 9.085471e-04 1.073924e-03 9.501742e-04 7.015426e-04
4.205667e+01 8.977660e-04 1.048061e-03 9.327525e-04 7.124846e-04
4.210867e+01 8.876544e-04 1.024207e-03 9.169327e-04 7.218241e-04
4.216067e+01 8.773945e-04 1.001246e-03 9.025825e-04 7.283547e-04
4.221267e+01 8.664439e-04 9.781201e-04 8.899010e-04 7.313107e-04
4.226467e+01 8.547194e-04 9.541518e-04 8.794539e-04 7.305526e-04
4.231667e+01 8.426299e-04 9.292254e-04 8.720492e-04 7.266151e-04
4.236867e+01 8.309360e-04 9.037362e-04 8.684884e-04 7.205836e-04
4.242067e+01 8.204785e-04 8.783599e-04 8.692583e-04 7.138173e-04
4.247267e+01 8.118674e-04 8.537538e-04 8.742447e-04 7.076037e-04
4.252467e+01 8.052461e-04 8.303287e-04 8.825543e-04 7.028552e-04
4.257667e+01 8.002184e-04 8.081853e-04 8.925210e-04 6.999489e-04
4.262867e+01 7.959700e-04 7.872215e-04 9.019400e-04 6.987485e-04
4.268067e+01 7.915440e-04 7.673468e-04 9.085050e-04 6.987802e-04
4.273267e+01 7.861742e-04 7.486907e-04 9.103471e-04 6.994847e-04
4.278467e+01 7.795590e-04 7.317123e-04 9.065063e-04 7.004583e-04
4.283667e+01 7.719787e-04 7.171633e-04 8.971675e-04 7.016053e-04
4.288867e+01 7.642135e-04 7.059223e-04 8.835559e-04 7.031624e-04
4.294067e+01 7.572905e-04 6.987649e-04 8.675178e-04 7.055889e-04
4.299267e+01 7.521503e-04 6.961498e-04 8.509361e-04 7.093649e-04
4.304467e+01 7.493509e-04 6.980842e-04 8.351971e-04 7.147715e-04
4.309667e+01 7.489137e-04 7.040996e-04 8.208961e-04 7.217453e-04
4.314867e+01 7.503568e-04 7.133343e-04 8.078624e-04 7.298738e-04
4.320067e+01 7.528930e-04 7.246907e-04 7.954489e-04 7.385393e-04
4.325267e+01 7.557024e-04 7.370210e-04 7.829437e-04 7.471427e-04
4.330467e+01 7.581720e-04 7.492921e-04 7.699317e-04 7.552923e-04
4.335667e+01 7.600070e-04 7.606862e-04 7.564829e-04 7.628518e-04
4.340867e+01 7.611835e-04 7.706175e-04 7.431214e-04 7.698115e-04
4.346067e+01 7.617772e-04 7.786764e-04 7.306147e-04 7.760406e-04
4.351267e+01 7.617573e-04 7.845427e-04 7.196821e-04 7.810471e-04
4.356467e+01 7.608469e-04 7.879219e-04 7.107404e-04 7.838784e-04
4.361667e+01 7.585195e-04 7.885471e-04 7.037775e-04 7.832341e-04
4.366867e+01 7.541353e-04 7.862472e-04 6.983869e-04 7.777719e-04
4.372067e+01 7.471579e-04 7.810443e-04 6.939268e-04 7.665025e-04
4.377267e+01 7.373574e-04 7.732211e-04 6.897233e-04 7.491278e-04
4.382467e+01 7.249165e-04 7.633122e-04 6.852386e-04 7.261986e-04
4.387667e+01 7.104045e-04 7.520154e-04 6.801620e-04 6.990362e-04
4.392867e+01 6.946481e-04 7.400598e-04 6.744320e-04 6.694524e-04
4.398067e+01 6.785604e-04 7.280877e-04 6.682195e-04 6.393739e-04
4.403267e+01 6.629980e-04 7.165959e-04 6.618944e-04 6.105035e-04
4.408467e+01 6.486758e-04 7.059465e-04 6.559693e-04 5.841115e-04
4.413667e+01 6.361344e-04 6.964194e-04 6.510015e-04 5.609822e-04
4.418867e+01 6.257274e-04 6.882610e-04 6.474499e-04 5.414712e-04
4.424067e+01 6.176055e-04 6.816928e-04 6.455236e-04 5.256001e-04
4.429267e+01 6.116974e-04 6.768717e-04 6.450865e-04 5.131339e-04
4.434467e+01 6.077109e-04 6.738282e-04 6.456741e-04 5.036306e-04
4.439667e+01 6.051808e-04 6.724216e-04 6.466309e-04 4.964898e-04
4.444867e+01 6.035658e-04 6.723479e-04 6.473155e-04 4.910339e-04
4.450067e+01 6.023748e-04 6.732080e-04 6.472900e-04 4.866265e-04
4.455267e+01 6.012792e-04 6.746212e-04 6.464166e-04 4.827996e-04
4.460467e+01 6.001738e-04 6.763445e-04 6.448406e-04 4.793363e-04
4.465667e+01 5.991713e-04 6.783564e-04 6.428872e-04 4.762705e-04
4.470867e+01 5.985352e-04 6.808713e-04 6.409345e-04 4.737999e-04
4.476067e+01 5.985777e-04 6.842700e-04 6.393132e-04 4.721500e-04
4.481267e+01 5.995527e-04 6.889588e-04 6.382539e-04 4.714454e-04
4.486467e+01 6.015709e-04 6.951985e-04 6.378755e-04 4.716388e-04
4.491667e+01 6.045569e-04 7.029629e-04 6.381945e-04 4.725132e-04
4.496867e+01 6.082592e-04 7.118857e-04 6.391486e-04 4.737433e-04
4.502067e+01 6.123115e-04 7.213231e-04 6.406328e-04 4.749786e-04
4.507267e+01 6.163265e-04 7.305154e-04 6.425505e-04 4.759136e-04
4.512467e+01 6.199914e-04 7.387836e-04 6.448645e-04 4.763261e-04
4.517667e+01 6.231325e-04 7.456846e-04 6.476226e-04 4.760901e-04
4.522867e+01 6.257287e-04 7.510697e-04 6.509355e-04 4.751809e-04
4.528067e+01 6.278781e-04 7.550392e-04 6.549037e-04 4.736913e-04
4.533267e+01 6.297386e-04 7.578363e-04 6.595218e-04 4.718578e-04
4.538467e+01 6.314696e-04 7.597375e-04 6.645986e-04 4.700727e-04
4.543667e+01 6.331863e-04 7.609822e-04 6.697320e-04 4.688448e-04
4.548867e+01 6.349277e-04 7.617444e-04 6.743502e-04 4.686885e-04
4.554067e+01 6.366277e-04 7.621206e-04 6.778072e-04 4.699554e-04
4.559267e+01 6.380930e-04 7.621068e-04 6.795037e-04 4.726684e-04
4.564467e+01 6.389982e-04 7.615599e-04 6.790054e-04 4.764293e-04
4.569667e+01 6.389204e-04 7.601673e-04 6.761409e-04 4.804530e-04
4.574867e+01 6.374183e-04 7.574614e-04 6.710683e-04 4.837251e-04
4.580067e+01 6.341449e-04 7.529017e-04 6.643038e-04 4.852293e-04
4.585267e+01 6.289657e-04 7.460260e-04 6.567039e-04 4.841671e-04
4.590467e+01 6.220487e-04 7.366400e-04 6.493963e-04 4.801099e-04
4.595667e+01 6.139069e-04 7.249976e-04 6.436642e-04 4.730588e-04
4.600867e+01 6.053800e-04 7.119128e-04 6.408022e-04 4.634249e-04
4.606067e+01 5.975559e-04 6.987500e-04 6.419608e-04 4.519568e-04
4.611267e+01 5.916335e-04 6.872645e-04 6.479960e-04 4.396401e-04
4.616467e+01 5.887424e-04 6.793073e-04 6.593384e-04 4.275814e-04
4.621667e+01 5.897488e-04 6.764603e-04 6.759007e-04 4.168852e-04
4.626867e+01 5.950973e-04 6.797038e-04 6.970533e-04 4.085347e-04
4.632067e+01 6.047337e-04 6.892165e-04 7.216952e-04 4.032895e-04
4.637267e+01 6.181355e-04 7.043663e-04 7.484229e-04 4.016173e-04
4.642467e+01 6.344398e-04 7.238851e-04 7.757657e-04 4.036685e-04
4.647667e+01 6.526280e-04 7.461596e-04 8.024267e-04 4.092975e-04
4.652867e+01 6.717146e-04 7.695458e-04 8.274716e-04 4.181264e-04
4.658067e+01 6.908954e-04 7.926228e-04 8.504235e-04 4.296397e-04
4.663267e+01 7.096295e-04 8.143391e-04 8.712537e-04 4.432958e-04
4.668467e+01 7.276501e-04 8.340446e-04 8.902780e-04 4.586277e-04
4.673667e+01 7.449088e-04 8.514396e-04 9.079837e-04 4.753032e-04
4.678867e+01 7.614762e-04 8.664863e-04 9.248247e-04 4.931176e-04
4.684067e+01 7.774268e-04 8.793262e-04 9.410398e-04 5.119143e-04
4.689267e+01 7.927500e-04 8.902287e-04 9.565556e-04 5.314657e-04
4.694467e+01 8.073180e-04 8.995657e-04 9.710122e-04 5.513761e-04
4.699667e+01 8.209191e-04 9.077862e-04 9.839012e-04 5.710700e-04
4.704867e+01 8.333353e-04 9.153644e-04 9.947456e-04 5.898958e-04
4.710067e+01 8.444170e-04 9.227129e-04 1.003225e-03 6.073133e-04
4.715267e+01 8.541151e-04 9.300835e-04 1.009174e-03 6.230876e-04
4.720467e+01 8.624522e-04 9.374925e-04 1.012466e-03 6.373983e-04
4.725667e+01 8.694531e-04 9.446955e-04 1.012851e-03 6.508129e-04
4.730867e+01 8.750734e-04 9.512090e-04 1.009879e-03 6.641319e-04
4.736067e+01 8.791642e-04 9.563527e-04 1.002969e-03 6.781706e-04
4.741267e+01 8.814891e-04 9.592888e-04 9.916150e-04 6.935635e-04
4.746467e+01 8.817858e-04 9.590603e-04 9.756414e-04 7.106556e-04
4.751667e+01 8.798486e-04 9.546614e-04 9.553870e-04 7.294976e-04
4.756867e+01 8.756075e-04 9.451691e-04 9.317356e-04 7.499177e-04
4.762067e+01 8.691813e-04 9.299430e-04 9.059888e-04 7.716120e-04
4.767267e+01 8.608953e-04 9.088452e-04 8.796374e-04 7.942034e-04
4.772467e+01 8.512548e-04 8.824036e-04 8.541130e-04 8.172477e-04
4.777667e+01 8.408751e-04 8.518388e-04 8.305840e-04 8.402024e-04
4.782867e+01 8.303776e-04 8.189113e-04 8.098211e-04 8.624003e-04
4.788067e+01 8.202703e-04 7.856102e-04 7.921274e-04 8.830732e-04
4.793267e+01 8.108439e-04 7.537629e-04 7.773257e-04 9.014431e-04
4.798467e+01 8.021114e-04 7.246817e-04 7.647965e-04 9.168559e-04
4.803667e+01 7.938107e-04 6.989564e-04 7.535772e-04 9.288984e-04
4.808867e+01 7.854721e-04 6.764529e-04 7.425246e-04 9.374389e-04
4.814067e+01 7.765338e-04 6.565049e-04 7.305269e-04 9.425695e-04
4.819267e+01 7.664762e-04 6.382214e-04 7.167250e-04 9.444823e-04
4.824467e+01 7.549447e-04 6.208014e-04 7.006837e-04 9.433489e-04
4.829667e+01 7.418274e-04 6.037580e-04 6.824621e-04 9.392621e-04
4.834867e+01 7.272721e-04 5.870035e-04 6.625565e-04 9.322562e-04
4.840067e+01 7.116377e-04 5.708011e-04 6.417395e-04 9.223726e-04
4.845267e+01 6.954006e-04 5.556284e-04 6.208540e-04 9.097194e-04
4.850467e+01 6.790474e-04 5.420118e-04 6.006375e-04 8.944928e-04
4.855667e+01 6.629899e-04 5.303792e-04 5.816262e-04 8.769642e-04
4.860867e+01 6.475214e-04 5.209565e-04 5.641481e-04 8.574594e-04
4.866067e+01 6.328130e-04 5.137156e-04 5.483693e-04 8.363539e-04
4.871267e+01 6.189335e-04 5.083689e-04 5.343464e-04 8.140854e-04
4.876467e+01 6.058744e-04 5.044074e-04 5.220480e-04 7.911679e-04
4.881667e+01 5.935696e-04 5.011762e-04 5.113446e-04 7.681882e-04
4.886867e+01 5.819137e-04 4.979791e-04 5.019862e-04 7.457760e-04
4.892067e+01 5.707836e-04 4.941980e-04 4.935983e-04 7.245546e-04
4.897267e+01 5.600669e-04 4.894055e-04 4.857131e-04 7.050820e-04
4.902467e+01 5.496913e-04 4.834455e-04 4.778338e-04 6.877945e-04
4.907667e+01 5.396464e-04 4.764579e-04 4.695194e-04 6.729620e-04
4.912867e+01 5.299910e-04 4.688344e-04 4.604709e-04 6.606676e-04
4.918067e+01 5.208445e-04 4.611114e-04 4.505993e-04 6.508229e-04
4.923267e+01 5.123687e-04 4.538251e-04 4.400566e-04 6.432242e-04
4.928467e+01 5.047416e-04 4.473723e-04 4.292121e-04 6.376403e-04
4.933667e+01 4.981295e-04 4.419163e-04 4.185672e-04 6.339050e-04
4.938867e+01 4.926560e-04 4.373623e-04 4.086245e-04 6.319812e-04
4.944067e+01 4.883703e-04 4.334005e-04 3.997439e-04 6.319667e-04
4.949267e+01 4.852200e-04 4.295924e-04 3.920330e-04 6.340345e-04
4.954467e+01 4.830341e-04 4.254701e-04 3.853115e-04 6.383206e-04
4.959667e+01 4.815260e-04 4.206198e-04 3.791623e-04 6.447960e-04
4.964867e+01 4.803178e-04 4.147368e-04 3.730514e-04 6.531651e-04
4.970067e+01 4.789834e-04 4.076511e-04 3.664739e-04 6.628250e-04
4.975267e+01 4.771026e-04 3.993331e-04 3.590778e-04 6.728969e-04
4.980467e+01 4.743143e-04 3.898900e-04 3.507314e-04 6.823214e-04
4.985667e+01 4.703587e-04 3.795605e-04 3.415241e-04 6.899916e-04
4.990867e+01 4.651045e-04 3.687043e-04 3.317128e-04 6.948964e-04
4.996067e+01 4.585571e-04 3.577746e-04 3.216430e-04 6.962537e-04
5.001267e+01 4.508520e-04 3.472627e-04 3.116730e-04 6.936203e-04
5.006467e+01 4.422345e-04 3.376147e-04 3.021233e-04 6.869657e-04
5.011667e+01 4.330311e-04 3.291380e-04 2.932603e-04 6.766950e-04
5.016867e+01 4.236171e-04 3.219351e-04 2.853079e-04 6.636083e-04
5.022067e+01 4.143869e-04 3.158964e-04 2.784721e-04 6.487920e-04
5.027267e+01 4.057263e-04 3.107658e-04 2.729570e-04 6.334560e-04
5.032467e+01 3.979858e-04 3.062566e-04 2.689585e-04 6.187422e-04
5.037667e+01 3.914494e-04 3.021749e-04 2.666320e-04 6.055412e-04
5.042867e+01 3.862996e-04 2.985022e-04 2.660448e-04 5.943518e-04
5.048067e+01 3.825879e-04 2.954118e-04 2.671360e-04 5.852159e-04
5.053267e+01 3.802276e-04 2.932249e-04 2.697034e-04 5.777545e-04
5.058467e+01 3.790240e-04 2.923328e-04 2.734277e-04 5.713115e-04
5.063667e+01 3.787405e-04 2.931148e-04 2.779235e-04 5.651833e-04
5.068867e+01 3.791821e-04 2.958693e-04 2.828005e-04 5.588766e-04
5.074067e+01 3.802624e-04 3.007605e-04 2.877131e-04 5.523137e-04
5.079267e+01 3.820254e-04 3.077783e-04 2.923895e-04 5.459085e-04
5.084467e+01 3.846122e-04 3.167145e-04 2.966425e-04 5.404797e-04
5.089667e+01 3.881864e-04 3.271647e-04 3.003705e-04 5.370241e-04
5.094867e+01 3.928507e-04 3.385648e-04 3.035594e-04 5.364278e-04
5.100067e+01 3.985854e-04 3.502620e-04 3.062836e-04 5.392104e-04
5.105267e+01 4.052312e-04 3.616076e-04 3.087037e-04 5.453823e-04
5.110467e+01 4.125149e-04 3.720491e-04 3.110522e-04 5.544434e-04
5.115667e+01 4.201025e-04 3.812018e-04 3.136056e-04 5.655000e-04
5.120867e+01 4.276576e-04 3.888864e-04 3.166431e-04 5.774433e-04
5.126067e+01 4.348857e-04 3.951285e-04 3.203987e-04 5.891300e-04
5.131267e+01 4.415547e-04 4.001259e-04 3.250138e-04 5.995243e-04
5.136467e+01 4.474946e-04 4.041890e-04 3.305038e-04 6.077911e-04
5.141667e+01 4.525856e-04 4.076664e-04 3.367454e-04 6.133450e-04
5.146867e+01 4.567427e-04 4.108671e-04 3.434951e-04 6.158658e-04
5.152067e+01 4.599054e-04 4.139975e-04 3.504343e-04 6.152844e-04
5.157267e+01 4.620358e-04 4.171269e-04 3.572343e-04 6.117462e-04
5.162467e+01 4.631257e-04 4.201924e-04 3.636217e-04 6.055629e-04
5.167667e+01 4.632119e-04 4.230400e-04 3.694257e-04 5.971700e-04
5.172867e+01 4.623936e-04 4.254858e-04 3.745934e-04 5.871015e-04
5.178067e+01 4.608419e-04 4.273800e-04 3.791677e-04 5.759779e-04
5.183267e+01 4.587911e-04 4.286517e-04 3.832354e-04 5.644861e-04
5.188467e+01 4.565055e-04 4.293252e-04 3.868668e-04 5.533246e-04
5.193667e+01 4.542285e-04 4.295059e-04 3.900717e-04 5.431080e-04
5.198867e+01 4.521314e-04 4.293480e-04 3.927927e-04 5.342535e-04
5.204067e+01 4.502863e-04 4.290192e-04 3.949436e-04 5.268960e-04
5.209267e+01 4.486791e-04 4.286783e-04 3.964805e-04 5.208785e-04
5.214467e+01 4.472609e-04 4.284717e-04 3.974781e-04 5.158329e-04
5.219667e+01 4.460146e-04 4.285390e-04 3.981763e-04 5.113286e-04
5.224867e+01 4.450027e-04 4.290059e-04 3.989711e-04 5.070313e-04
5.230067e+01 4.443660e-04 4.299488e-04 4.003398e-04 5.028092e-04
5.235267e+01 4.442663e-04 4.313314e-04 4.027192e-04 4.987483e-04
5.240467e+01 4.447942e-04 4.329399e-04 4.063718e-04 4.950710e-04
5.245667e+01 4.458820e-04 4.343603e-04 4.112908e-04 4.919949e-04
5.250867e+01 4.472652e-04 4.350322e-04 4.171774e-04 4.895860e-04
5.256067e+01 4.485168e-04 4.343831e-04 4.235064e-04 4.876608e-04
5.261267e+01 4.491477e-04 4.320051e-04 4.296621e-04 4.857758e-04
5.266467e+01 4.487408e-04 4.278069e-04 4.351043e-04 4.833111e-04
5.271667e+01 4.470742e-04 4.220785e-04 4.395163e-04 4.796278e-04
5.276867e+01 4.441938e-04 4.154370e-04 4.428885e-04 4.742559e-04
5.282067e+01 4.404139e-04 4.086727e-04 4.455145e-04 4.670544e-04
5.287267e+01 4.362476e-04 4.025547e-04 4.478969e-04 4.582913e-04
5.292467e+01 4.322862e-04 3.976618e-04 4.505902e-04 4.486066e-04
5.297667e+01 4.290585e-04 3.942873e-04 4.540269e-04 4.388614e-04
5.302867e+01 4.269072e-04 3.924302e-04 4.583793e-04 4.299121e-04
5.308067e+01 4.259128e-04 3.918540e-04 4.634989e-04 4.223855e-04
5.313267e+01 4.258875e-04 3.921826e-04 4.689498e-04 4.165300e-04
5.318467e+01 4.264388e-04 3.930003e-04 4.741229e-04 4.121932e-04
5.323667e+01 4.270860e-04 3.939371e-04 4.783953e-04 4.089254e-04
5.328867e+01 4.273915e-04 3.947279e-04 4.812848e-04 4.061619e-04
5.334067e+01 4.270681e-04 3.952427e-04 4.825510e-04 4.034105e-04
5.339267e+01 4.260297e-04 3.954923e-04 4.822134e-04 4.003834e-04
5.344467e+01 4.243800e-04 3.956137e-04 4.804836e-04 3.970427e-04
5.349667e+01 4.223508e-04 3.958398e-04 4.776454e-04 3.935673e-04
5.354867e+01 4.202192e-04 3.964557e-04 4.739347e-04 3.902673e-04
5.360067e+01 4.182297e-04 3.977407e-04 4.694724e-04 3.874760e-04
5.365267e+01 4.165386e-04 3.999032e-04 4.642707e-04 3.854418e-04
5.370467e+01 4.151862e-04 4.030202e-04 4.583002e-04 3.842382e-04
5.375667e+01 4.140943e-04 4.069974e-04 4.515714e-04 3.837141e-04
5.380867e+01 4.130839e-04 4.115615e-04 4.441860e-04 3.835043e-04
5.386067e+01 4.119095e-04 4.162856e-04 4.363334e-04 3.831097e-04
5.391267e+01 4.103053e-04 4.206400e-04 4.282435e-04 3.820323e-04
5.396467e+01 4.080386e-04 4.240595e-04 4.201297e-04 3.799265e-04
5.401667e+01 4.049644e-04 4.260217e-04 4.121581e-04 3.767134e-04
5.406867e+01 4.010689e-04 4.261314e-04 4.044597e-04 3.726156e-04
5.412067e+01 3.964895e-04 4.241985e-04 3.971746e-04 3.680955e-04
5.417267e+01 3.914991e-04 4.202894e-04 3.904928e-04 3.637152e-04
5.422467e+01 3.864531e-04 4.147299e-04 3.846603e-04 3.599691e-04
5.427667e+01 3.817120e-04 4.080506e-04 3.799355e-04 3.571501e-04
5.432867e+01 3.775655e-04 4.008845e-04 3.765126e-04 3.552992e-04
5.438067e+01 3.741840e-04 3.938448e-04 3.744516e-04 3.542557e-04
5.443267e+01 3.716159e-04 3.874158e-04 3.736527e-04 3.537792e-04
5.448467e+01 3.698196e-04 3.818785e-04 3.738932e-04 3.536872e-04
5.453667e+01 3.687100e-04 3.772819e-04 3.749079e-04 3.539403e-04
5.458867e+01 3.681889e-04 3.734560e-04 3.764731e-04 3.546375e-04
5.464067e+01 3.681462e-04 3.700600e-04 3.784501e-04 3.559283e-04
5.469267e+01 3.684410e-04 3.666612e-04 3.807722e-04 3.578897e-04
5.474467e+01 3.688861e-04 3.628354e-04 3.833856e-04 3.604372e-04
5.479667e+01 3.692584e-04 3.582754e-04 3.861824e-04 3.633174e-04
5.484867e+01 3.693442e-04 3.528833e-04 3.889624e-04 3.661869e-04
5.490067e+01 3.689978e-04 3.468159e-04 3.914405e-04 3.687370e-04
5.495267e+01 3.681864e-04 3.404629e-04 3.932973e-04 3.707991e-04
5.500467e+01 3.669944e-04 3.343544e-04 3.942483e-04 3.723806e-04
5.505667e+01 3.655851e-04 3.290238e-04 3.941072e-04 3.736244e-04
5.510867e+01 3.641408e-04 3.248723e-04 3.928236e-04 3.747266e-04
5.516067e+01 3.628127e-04 3.220822e-04 3.904874e-04 3.758684e-04
5.521267e+01 3.617014e-04 3.206067e-04 3.873006e-04 3.771970e-04
5.526467e+01 3.608687e-04 3.202314e-04 3.835239e-04 3.788509e-04
5.531667e+01 3.603581e-04 3.206748e-04 3.794146e-04 3.809848e-04
5.536867e+01 3.601987e-04 3.216803e-04 3.751710e-04 3.837448e-04
5.542067e+01 3.603814e-04 3.230610e-04 3.709028e-04 3.871805e-04
5.547267e+01 3.608152e-04 3.246845e-04 3.666330e-04 3.911280e-04
5.552467e+01 3.612889e-04 3.264115e-04 3.623234e-04 3.951318e-04
5.557667e+01 3.614642e-04 3.280257e-04 3.579010e-04 3.984661e-04
5.562867e+01 3.609107e-04 3.291939e-04 3.532674e-04 4.002708e-04
5.568067e+01 3.591752e-04 3.294859e-04 3.482827e-04 3.997568e-04
