7.708751e+00 0.000000e+00 0.000000e+00 0.000000e+00 0.000000e+00
7.757722e+00 0.000000e+00 0.000000e+00 0.000000e+00 0.000000e+00
7.806693e+00 0.000000e+00 0.000000e+00 0.000000e+00 0.000000e+00
7.855663e+00 0.000000e+00 0.000000e+00 0.000000e+00 0.000000e+00
7.904634e+00 0.000000e+00 0.000000e+00 0.000000e+00 0.000000e+00
7.953604e+00 0.000000e+00 0.000000e+00 0.000000e+00 0.000000e+00
8.002575e+00 0.000000e+00 0.000000e+00 0.000000e+00 0.000000e+00
8.051546e+00 0.000000e+00 0.000000e+00 0.000000e+00 0.000000e+00
8.100516e+00 0.000000e+00 0.000000e+00 0.000000e+00 0.000000e+00
8.149487e+00 0.000000e+00 0.000000e+00 0.000000e+00 0.000000e+00
8.198457e+00 0.000000e+00 0.000000e+00 0.000000e+00 0.000000e+00
8.247428e+00 0.000000e+00 0.000000e+00 0.000000e+00 0.000000e+00
8.296399e+00 0.000000e+00 0.000000e+00 0.000000e+00 0.000000e+00
8.345369e+00 0.000000e+00 0.000000e+00 0.000000e+00 0.000000e+00
8.394340e+00 0.000000e+00 0.000000e+00 0.000000e+00 0.000000e+00
8.443310e+00 0.000000e+00 0.000000e+00 0.000000e+00 0.000000e+00
8.492281e+00 0.000000e+00 0.000000e+00 0.000000e+00 0.000000e+00
8.541252e+00 0.000000e+00 0.000000e+00 0.000000e+00 0.000000e+00
8.590222e+00 0.000000e+00 0.000000e+00 0.000000e+00 0.000000e+00
8.639193e+00 0.000000e+00 0.000000e+00 0.000000e+00 0.000000e+00
8.688163e+00 0.000000e+00 0.000000e+00 0.000000e+00 0.000000e+00
8.737134e+00 0.000000e+00 0.000000e+00 0.000000e+00 0.000000e+00
8.786105e+00 0.000000e+00 0.000000e+00 0.000000e+00 0.000000e+00
8.835075e+00 0.000000e+00 0.000000e+00 0.000000e+00 0.000000e+00
8.884046e+00 0.000000e+00 0.000000e+00 0.000000e+00 0.000000e+00
8.933016e+00 0.000000e+00 0.000000e+00 0.000000e+00 0.000000e+00
8.981987e+00 0.000000e+00 0.000000e+00 0.000000e+00 0.000000e+00
9.030958e+00 0.000000e+00 0.000000e+00 0.000000e+00 0.000000e+00
9.079928e+00 0.000000e+00 0.000000e+00 0.000000e+00 0.000000e+00
9.128899e+00 0.000000e+00 0.000000e+00 0.000000e+00 0.000000e+00
9.177869e+00 0.000000e+00 0.000000e+00 0.000000e+00 0.000000e+00
9.226840e+00 0.000000e+00 0.000000e+00 0.000000e+00 0.000000e+00
9.275811e+00 0.000000e+00 0.000000e+00 0.000000e+00 0.000000e+00
9.324781e+00 0.000000e+00 0.000000e+00 0.000000e+00 0.000000e+00
9.373752e+00 0.000000e+00 0.000000e+00 0.000000e+00 0.000000e+00
9.422722e+00 0.000000e+00 0.000000e+00 0.000000e+00 0.000000e+00
9.471693e+00 0.000000e+00 0.000000e+00 0.000000e+00 0.000000e+00
9.520664e+00 0.000000e+00 0.000000e+00 0.000000e+00 0.000000e+00
9.569634e+00 0.000000e+00 0.000000e+00 0.000000e+00 0.000000e+00
9.618605e+00 0.000000e+00 0.000000e+00 0.000000e+00 0.000000e+00
9.667575e+00 0.000000e+00 0.000000e+00 0.000000e+00 0.000000e+00
9.716546e+00 0.000000e+00 0.000000e+00 0.000000e+00 0.000000e+00
9.765517e+00 0.000000e+00 0.000000e+00 0.000000e+00 0.000000e+00
9.814487e+00 0.000000e+00 0.000000e+00 0.000000e+00 0.000000e+00
9.863458e+00 0.000000e+00 0.000000e+00 0.000000e+00 0.000000e+00
9.912428e+00 0.000000e+00 0.000000e+00 0.000000e+00 0.000000e+00
9.961399e+00 0.000000e+00 0.000000e+00 0.000000e+00 0.000000e+00
1.001037e+01 0.000000e+00 0.000000e+00 0.000000e+00 0.000000e+00
1.005934e+01 0.000000e+00 0.000000e+00 0.000000e+00 0.000000e+00
1.010831e+01 0.000000e+00 0.000000e+00 0.000000e+00 0.000000e+00
1.015728e+01 0.000000e+00 0.000000e+00 0.000000e+00 0.000000e+00
1.020625e+01 0.000000e+00 0.000000e+00 0.000000e+00 0.000000e+00
1.025522e+01 0.000000e+00 0.000000e+00 0.000000e+00 0.000000e+00
1.030419e+01 0.000000e+00 0.000000e+00 0.000000e+00 0.000000e+00
1.035316e+01 0.000000e+00 0.000000e+00 0.000000e+00 0.000000e+00
1.040213e+01 0.000000e+00 0.000000e+00 0.000000e+00 0.000000e+00
1.045111e+01 0.000000e+00 0.000000e+00 0.000000e+00 0.000000e+00
1.050008e+01 0.000000e+00 0.000000e+00 0.000000e+00 0.000000e+00
1.054905e+01 0.000000e+00 0.000000e+00 0.000000e+00 0.000000e+00
1.059802e+01 0.000000e+00 0.000000e+00 0.000000e+00 0.000000e+00
1.064699e+01 0.000000e+00 0.000000e+00 0.000000e+00 0.000000e+00
1.069596e+01 0.000000e+00 0.000000e+00 0.000000e+00 0.000000e+00
1.074493e+01 0.000000e+00 0.000000e+00 0.000000e+00 0.000000e+00
1.079390e+01 0.000000e+00 0.000000e+00 0.000000e+00 0.000000e+00
1.084287e+01 0.000000e+00 0.000000e+00 0.000000e+00 0.000000e+00
1.089184e+01 0.000000e+00 0.000000e+00 0.000000e+00 0.000000e+00
1.094081e+01 0.000000e+00 0.000000e+00 0.000000e+00 0.000000e+00
1.098978e+01 0.000000e+00 0.000000e+00 0.000000e+00 0.000000e+00
1.103875e+01 0.000000e+00 0.000000e+00 0.000000e+00 0.000000e+00
1.108772e+01 0.000000e+00 0.000000e+00 0.000000e+00 0.000000e+00
1.113669e+01 0.000000e+00 0.000000e+00 0.000000e+00 0.000000e+00
1.118566e+01 0.000000e+00 0.000000e+00 0.000000e+00 0.000000e+00
1.123463e+01 0.000000e+00 0.000000e+00 0.000000e+00 0.000000e+00
1.128361e+01 0.000000e+00 0.000000e+00 0.000000e+00 0.000000e+00
1.133258e+01 0.000000e+00 0.000000e+00 0.000000e+00 0.000000e+00
1.138155e+01 0.000000e+00 0.000000e+00 0.000000e+00 0.000000e+00
1.143052e+01 0.000000e+00 0.000000e+00 0.000000e+00 0.000000e+00
1.147949e+01 0.000000e+00 0.000000e+00 0.000000e+00 0.000000e+00
1.152846e+01 0.000000e+00 0.000000e+00 0.000000e+00 0.000000e+00
1.157743e+01 1.248714e-14 2.195506e-16 3.215746e-16 3.692029e-14
1.162640e+01 1.022344e-13 1.588579e-14 1.440052e-14 2.764168e-13
1.167537e+01 4.141340e-13 6.732680e-14 6.060020e-14 1.114475e-12
1.172434e+01 1.891060e-12 3.831548e-13 3.304390e-13 4.959587e-12
1.177331e+01 7.152306e-12 1.547129e-12 1.314403e-12 1.859539e-11
1.182228e+01 2.518410e-11 5.694611e-12 4.804069e-12 6.505361e-11
1.187125e+01 8.444842e-11 1.988226e-11 1.665126e-11 2.168117e-10
1.192022e+01 2.667866e-10 6.532491e-11 5.426148e-11 6.807734e-10
1.196919e+01 7.996419e-10 2.027655e-10 1.671373e-10 2.029023e-09
1.201816e+01 2.270479e-09 5.947862e-10 4.866935e-10 5.729956e-09
1.206713e+01 6.117261e-09 1.649887e-09 1.340364e-09 1.536153e-08
1.211611e+01 1.564786e-08 4.329267e-09 3.492239e-09 3.912207e-08
1.216508e+01 3.802676e-08 1.074987e-08 8.610861e-09 9.471955e-08
1.221405e+01 8.785767e-08 2.527001e-08 2.010097e-08 2.182020e-07
1.226302e+01 1.931468e-07 5.626422e-08 4.444290e-08 4.787333e-07
1.231199e+01 4.044025e-07 1.187195e-07 9.311332e-08 1.001375e-06
1.236096e+01 8.072190e-07 2.375425e-07 1.849592e-07 1.999155e-06
1.240993e+01 1.537695e-06 4.510070e-07 3.485347e-07 3.813544e-06
1.245890e+01 2.798316e-06 8.131389e-07 6.234343e-07 6.958374e-06
1.250787e+01 4.869516e-06 1.393220e-06 1.059233e-06 1.215610e-05
1.255684e+01 8.109414e-06 2.270336e-06 1.710546e-06 2.034736e-05
1.260581e+01 1.293198e-05 3.521375e-06 2.627262e-06 3.264729e-05
1.265478e+01 1.975365e-05 5.202374e-06 3.840284e-06 5.021829e-05
1.270375e+01 2.890234e-05 7.325462e-06 5.345053e-06 7.403652e-05
1.275272e+01 4.049260e-05 9.836411e-06 7.087048e-06 1.045543e-04
1.280169e+01 5.428709e-05 1.259989e-05 8.954654e-06 1.413067e-04
1.285066e+01 6.958405e-05 1.540021e-05 1.078440e-05 1.825675e-04
1.289964e+01 8.518341e-05 1.796364e-05 1.238132e-05 2.252053e-04
1.294861e+01 9.948144e-05 2.000432e-05 1.355342e-05 2.648866e-04
1.299758e+01 1.107148e-04 2.129109e-05 1.415559e-05 2.966977e-04
1.304655e+01 1.173254e-04 2.172795e-05 1.413614e-05 3.161120e-04
1.309552e+01 1.183651e-04 2.144078e-05 1.358108e-05 3.200733e-04
1.314449e+01 1.138311e-04 2.086580e-05 1.275664e-05 3.078707e-04
1.319346e+01 1.048389e-04 2.084066e-05 1.215808e-05 2.815178e-04
1.324243e+01 9.359746e-05 2.269946e-05 1.257667e-05 2.455162e-04
1.329140e+01 8.322131e-05 2.836179e-05 1.519062e-05 2.061115e-04
1.334037e+01 7.745647e-05 4.038066e-05 2.166532e-05 1.703234e-04
1.338934e+01 8.038617e-05 6.188257e-05 3.421619e-05 1.450597e-04
1.343831e+01 9.612354e-05 9.631603e-05 5.555596e-05 1.364986e-04
1.348728e+01 1.284394e-04 1.469473e-04 8.864235e-05 1.497285e-04
1.353625e+01 1.802636e-04 2.161205e-04 1.361817e-04 1.884886e-04
1.358522e+01 2.530717e-04 3.044202e-04 1.999400e-04 2.548550e-04
1.363419e+01 3.462989e-04 4.099970e-04 2.800368e-04 3.488629e-04
1.368316e+01 4.570374e-04 5.283654e-04 3.744949e-04 4.682518e-04
1.373214e+01 5.802822e-04 6.529110e-04 4.793137e-04 6.086219e-04
1.378111e+01 7.098382e-04 7.761299e-04 5.891925e-04 7.641924e-04
1.383008e+01 8.397299e-04 8.913394e-04 6.987772e-04 9.290732e-04
1.387905e+01 9.656895e-04 9.943617e-04 8.040547e-04 1.098652e-03
1.392802e+01 1.086194e-03 1.084618e-03 9.034042e-04 1.270560e-03
1.397699e+01 1.202676e-03 1.165260e-03 9.979326e-04 1.444834e-03
1.402596e+01 1.318888e-03 1.242337e-03 1.091019e-03 1.623308e-03
1.407493e+01 1.439788e-03 1.323388e-03 1.187342e-03 1.808634e-03
1.412390e+01 1.570482e-03 1.416082e-03 1.291846e-03 2.003519e-03
1.417287e+01 1.715649e-03 1.527393e-03 1.409059e-03 2.210494e-03
1.422184e+01 1.879480e-03 1.663444e-03 1.542911e-03 2.432086e-03
1.427081e+01 2.065808e-03 1.829690e-03 1.696865e-03 2.670870e-03
1.431978e+01 2.277915e-03 2.030848e-03 1.874051e-03 2.928847e-03
1.436875e+01 2.517693e-03 2.270067e-03 2.077032e-03 3.205979e-03
1.441772e+01 2.784196e-03 2.547230e-03 2.307040e-03 3.498317e-03
1.446669e+01 3.072029e-03 2.856810e-03 2.562710e-03 3.796568e-03
1.451566e+01 3.370235e-03 3.186075e-03 2.838595e-03 4.086034e-03
1.456464e+01 3.662301e-03 3.514600e-03 3.123923e-03 4.348380e-03
1.461361e+01 3.927680e-03 3.815775e-03 3.402252e-03 4.565014e-03
1.466258e+01 4.144768e-03 4.060495e-03 3.652643e-03 4.721167e-03
1.471155e+01 4.294843e-03 4.222519e-03 3.852620e-03 4.809391e-03
1.476052e+01 4.366052e-03 4.284295e-03 3.982558e-03 4.831303e-03
1.480949e+01 4.356330e-03 4.241643e-03 4.030359e-03 4.796989e-03
1.485846e+01 4.274310e-03 4.105788e-03 3.994854e-03 4.722288e-03
1.490743e+01 4.137784e-03 3.901879e-03 3.886581e-03 4.624893e-03
1.495640e+01 3.970051e-03 3.664150e-03 3.725480e-03 4.520523e-03
1.500537e+01 3.795108e-03 3.428900e-03 3.536207e-03 4.420217e-03
1.505434e+01 3.633054e-03 3.227171e-03 3.342680e-03 4.329312e-03
1.510331e+01 3.496953e-03 3.079024e-03 3.163685e-03 4.248149e-03
1.515228e+01 3.391974e-03 2.990893e-03 3.010794e-03 4.174237e-03
1.520125e+01 3.316937e-03 2.956568e-03 2.888827e-03 4.105417e-03
1.525022e+01 3.267604e-03 2.961347e-03 2.798143e-03 4.043324e-03
1.529919e+01 3.240521e-03 2.987982e-03 2.737456e-03 3.996124e-03
1.534817e+01 3.235932e-03 3.022546e-03 2.705975e-03 3.979275e-03
1.539714e+01 3.258614e-03 3.058419e-03 2.704108e-03 4.013315e-03
1.544611e+01 3.316219e-03 3.097344e-03 2.732744e-03 4.118568e-03
1.549508e+01 3.415720e-03 3.147528e-03 2.791718e-03 4.307914e-03
1.554405e+01 3.559348e-03 3.219826e-03 2.878338e-03 4.579881e-03
1.559302e+01 3.741631e-03 3.323517e-03 2.986763e-03 4.914612e-03
1.564199e+01 3.948739e-03 3.463074e-03 3.108552e-03 5.274590e-03
1.569096e+01 4.160446e-03 3.636694e-03 3.234136e-03 5.610508e-03
1.573993e+01 4.354053e-03 3.836595e-03 3.354561e-03 5.871003e-03
1.578890e+01 4.508986e-03 4.050602e-03 3.462742e-03 6.013613e-03
1.583787e+01 4.610680e-03 4.264349e-03 3.553760e-03 6.013931e-03
1.588684e+01 4.652746e-03 4.463550e-03 3.624246e-03 5.870442e-03
1.593581e+01 4.637065e-03 4.635956e-03 3.671358e-03 5.603880e-03
1.598478e+01 4.572168e-03 4.772767e-03 3.692077e-03 5.251662e-03
1.603375e+01 4.470655e-03 4.869351e-03 3.683353e-03 4.859262e-03
1.608272e+01 4.346505e-03 4.925228e-03 3.643210e-03 4.471078e-03
1.613169e+01 4.212898e-03 4.943344e-03 3.572374e-03 4.122977e-03
1.618067e+01 4.080774e-03 4.928786e-03 3.475713e-03 3.837823e-03
1.622964e+01 3.958029e-03 4.887153e-03 3.362778e-03 3.624158e-03
1.627861e+01 3.849135e-03 4.822905e-03 3.247018e-03 3.477480e-03
1.632758e+01 3.755020e-03 4.738072e-03 3.143708e-03 3.383279e-03
1.637655e+01 3.673254e-03 4.631733e-03 3.066931e-03 3.321097e-03
1.642552e+01 3.598634e-03 4.500564e-03 3.026314e-03 3.269025e-03
1.647449e+01 3.524287e-03 4.340443e-03 3.024314e-03 3.208102e-03
1.652346e+01 3.443202e-03 4.148715e-03 3.054936e-03 3.125955e-03
1.657243e+01 3.349987e-03 3.926387e-03 3.104560e-03 3.019014e-03
1.662140e+01 3.242424e-03 3.679454e-03 3.155043e-03 2.892774e-03
1.667037e+01 3.122427e-03 3.418822e-03 3.188461e-03 2.759998e-03
1.671934e+01 2.996035e-03 3.158775e-03 3.192086e-03 2.637245e-03
1.676831e+01 2.872331e-03 2.914483e-03 3.161906e-03 2.540603e-03
1.681728e+01 2.761468e-03 2.699334e-03 3.103408e-03 2.481661e-03
1.686625e+01 2.672360e-03 2.522914e-03 3.029414e-03 2.464751e-03
1.691522e+01 2.610726e-03 2.390146e-03 2.955918e-03 2.486115e-03
1.696419e+01 2.578124e-03 2.301651e-03 2.897550e-03 2.535170e-03
1.701317e+01 2.572230e-03 2.255033e-03 2.864201e-03 2.597455e-03
1.706214e+01 2.588199e-03 2.246492e-03 2.859659e-03 2.658446e-03
1.711111e+01 2.620563e-03 2.272266e-03 2.882210e-03 2.707214e-03
1.716008e+01 2.665065e-03 2.329535e-03 2.926621e-03 2.739039e-03
1.720905e+01 2.719984e-03 2.416766e-03 2.986720e-03 2.756466e-03
1.725802e+01 2.786779e-03 2.533672e-03 3.057908e-03 2.768758e-03
1.730699e+01 2.870080e-03 2.681033e-03 3.139125e-03 2.790082e-03
1.735596e+01 2.977109e-03 2.860521e-03 3.233894e-03 2.836912e-03
1.740493e+01 3.116611e-03 3.074486e-03 3.350212e-03 2.925135e-03
1.745390e+01 3.297327e-03 3.325527e-03 3.499289e-03 3.067164e-03
1.750287e+01 3.526081e-03 3.615606e-03 3.693384e-03 3.269254e-03
1.755184e+01 3.805659e-03 3.944616e-03 3.943181e-03 3.529181e-03
1.760081e+01 4.132716e-03 4.308437e-03 4.255113e-03 3.834598e-03
1.764978e+01 4.496046e-03 4.696801e-03 4.628796e-03 4.162540e-03
1.769875e+01 4.875578e-03 5.091452e-03 5.054617e-03 4.480665e-03
1.774772e+01 5.242566e-03 5.465378e-03 5.511669e-03 4.750650e-03
1.779670e+01 5.561432e-03 5.783908e-03 5.966739e-03 4.933651e-03
1.784567e+01 5.793630e-03 6.008307e-03 6.375531e-03 4.997051e-03
1.789464e+01 5.903355e-03 6.101856e-03 6.687225e-03 4.920983e-03
1.794361e+01 5.864254e-03 6.037399e-03 6.852502e-03 4.702860e-03
1.799258e+01 5.665484e-03 5.804409e-03 6.833600e-03 4.358444e-03
1.804155e+01 5.315241e-03 5.413195e-03 6.613568e-03 3.918958e-03
1.809052e+01 4.840318e-03 4.894486e-03 6.201516e-03 3.424952e-03
1.813949e+01 4.281518e-03 4.294091e-03 5.631812e-03 2.918651e-03
1.818846e+01 3.686125e-03 3.664135e-03 4.957330e-03 2.436911e-03
1.823743e+01 3.099695e-03 3.053575e-03 4.238982e-03 2.006528e-03
1.828640e+01 2.559472e-03 2.500810e-03 3.534900e-03 1.642706e-03
1.833537e+01 2.090949e-03 2.030126e-03 2.892272e-03 1.350448e-03
1.838434e+01 1.707780e-03 1.652163e-03 2.343368e-03 1.127810e-03
1.843331e+01 1.414182e-03 1.367223e-03 1.905611e-03 9.697119e-04
1.848228e+01 1.208361e-03 1.169634e-03 1.584311e-03 8.711371e-04
1.853125e+01 1.085681e-03 1.051614e-03 1.376354e-03 8.290754e-04
1.858022e+01 1.040725e-03 1.005700e-03 1.273468e-03 8.430064e-04
1.862920e+01 1.068007e-03 1.025566e-03 1.264368e-03 9.140875e-04
1.867817e+01 1.161503e-03 1.105507e-03 1.335640e-03 1.043361e-03
1.872714e+01 1.313390e-03 1.239105e-03 1.471686e-03 1.229379e-03
1.877611e+01 1.512554e-03 1.417648e-03 1.654265e-03 1.465751e-03
1.882508e+01 1.743467e-03 1.628862e-03 1.862268e-03 1.739270e-03
1.887405e+01 1.986074e-03 1.856464e-03 2.072358e-03 2.029399e-03
1.892302e+01 2.217135e-03 2.080894e-03 2.260809e-03 2.309702e-03
1.897199e+01 2.413056e-03 2.281333e-03 2.406462e-03 2.551375e-03
1.902096e+01 2.553687e-03 2.438708e-03 2.494114e-03 2.728238e-03
1.906993e+01 2.626064e-03 2.539031e-03 2.517292e-03 2.821870e-03
1.911890e+01 2.626929e-03 2.576134e-03 2.479347e-03 2.825305e-03
1.916787e+01 2.563095e-03 2.552909e-03 2.392290e-03 2.744087e-03
1.921684e+01 2.449500e-03 2.480531e-03 2.273581e-03 2.594388e-03
1.926581e+01 2.305496e-03 2.375745e-03 2.141817e-03 2.398926e-03
1.931478e+01 2.150561e-03 2.256934e-03 2.012660e-03 2.182088e-03
1.936375e+01 2.000672e-03 2.140114e-03 1.896180e-03 1.965721e-03
1.941272e+01 1.866233e-03 2.035995e-03 1.796193e-03 1.766510e-03
1.946170e+01 1.751792e-03 1.948819e-03 1.711448e-03 1.595108e-03
1.951067e+01 1.657201e-03 1.877058e-03 1.637945e-03 1.456601e-03
1.955964e+01 1.579506e-03 1.815479e-03 1.571428e-03 1.351612e-03
1.960861e+01 1.514836e-03 1.757729e-03 1.509246e-03 1.277534e-03
1.965758e+01 1.459813e-03 1.698685e-03 1.451157e-03 1.229599e-03
1.970655e+01 1.412283e-03 1.635996e-03 1.399073e-03 1.201781e-03
1.975552e+01 1.371450e-03 1.570650e-03 1.356082e-03 1.187619e-03
1.980449e+01 1.337600e-03 1.506612e-03 1.325194e-03 1.180993e-03
1.985346e+01 1.311609e-03 1.449745e-03 1.308275e-03 1.176809e-03
1.990243e+01 1.294398e-03 1.406325e-03 1.305406e-03 1.171462e-03
1.995140e+01 1.286400e-03 1.381448e-03 1.314777e-03 1.162975e-03
2.000037e+01 1.287156e-03 1.377661e-03 1.333028e-03 1.150781e-03
2.004934e+01 1.295092e-03 1.394141e-03 1.355894e-03 1.135239e-03
2.009831e+01 1.307548e-03 1.426596e-03 1.378994e-03 1.117056e-03
2.014728e+01 1.321103e-03 1.467951e-03 1.398567e-03 1.096792e-03
2.019625e+01 1.332102e-03 1.509655e-03 1.412063e-03 1.074587e-03
2.024523e+01 1.337278e-03 1.543280e-03 1.418422e-03 1.050130e-03
2.029420e+01 1.334289e-03 1.562013e-03 1.418033e-03 1.022821e-03
2.034317e+01 1.322018e-03 1.561690e-03 1.412350e-03 9.920151e-04
2.039214e+01 1.300583e-03 1.541172e-03 1.403309e-03 9.572682e-04
2.044111e+01 1.271085e-03 1.502041e-03 1.392688e-03 9.185271e-04
2.049008e+01 1.235223e-03 1.447813e-03 1.381617e-03 8.762406e-04
2.053905e+01 1.194883e-03 1.382917e-03 1.370345e-03 8.313878e-04
2.058802e+01 1.151822e-03 1.311748e-03 1.358305e-03 7.854117e-04
2.063699e+01 1.107476e-03 1.237977e-03 1.344397e-03 7.400547e-04
2.068596e+01 1.062907e-03 1.164222e-03 1.327380e-03 6.971182e-04
2.073493e+01 1.018837e-03 1.092061e-03 1.306244e-03 6.582052e-04
2.078390e+01 9.757566e-04 1.022300e-03 1.280441e-03 6.245288e-04
2.083287e+01 9.340547e-04 9.553661e-04 1.249948e-03 5.968499e-04
2.088184e+01 8.941342e-04 8.916986e-04 1.215142e-03 5.755624e-04
2.093081e+01 8.564876e-04 8.320233e-04 1.176568e-03 5.608717e-04
2.097978e+01 8.217054e-04 7.774399e-04 1.134698e-03 5.529786e-04
2.102875e+01 7.904212e-04 7.292995e-04 1.089785e-03 5.521792e-04
2.107773e+01 7.632130e-04 6.889092e-04 1.041895e-03 5.588346e-04
2.112670e+01 7.404951e-04 6.571579e-04 9.911032e-04 5.732240e-04
2.117567e+01 7.224329e-04 6.341850e-04 9.377720e-04 5.953416e-04
2.122464e+01 7.089014e-04 6.192101e-04 8.827812e-04 6.247130e-04
2.127361e+01 6.994979e-04 6.106006e-04 8.275908e-04 6.603023e-04
2.132258e+01 6.936095e-04 6.061790e-04 7.741011e-04 7.005484e-04
2.137155e+01 6.905298e-04 6.036931e-04 7.243595e-04 7.435367e-04
2.142052e+01 6.896069e-04 6.013140e-04 6.802271e-04 7.872795e-04
2.146949e+01 6.903900e-04 5.980085e-04 6.431193e-04 8.300422e-04
2.151846e+01 6.927295e-04 5.936746e-04 6.138825e-04 8.706315e-04
2.156743e+01 6.967854e-04 5.890066e-04 5.927999e-04 9.085496e-04
2.161640e+01 7.029222e-04 5.851463e-04 5.796755e-04 9.439446e-04
2.166537e+01 7.115109e-04 5.832464e-04 5.739389e-04 9.773474e-04
2.171434e+01 7.227038e-04 5.840922e-04 5.747497e-04 1.009270e-03
2.176331e+01 7.362767e-04 5.879018e-04 5.811127e-04 1.039816e-03
2.181228e+01 7.516213e-04 5.943549e-04 5.920302e-04 1.068479e-03
2.186125e+01 7.679164e-04 6.028269e-04 6.066982e-04 1.094224e-03
2.191023e+01 7.844309e-04 6.127339e-04 6.247145e-04 1.115844e-03
2.195920e+01 8.008455e-04 6.238691e-04 6.462338e-04 1.132434e-03
2.200817e+01 8.174624e-04 6.366200e-04 6.720056e-04 1.143762e-03
2.205714e+01 8.352143e-04 6.520029e-04 7.032568e-04 1.150383e-03
2.210611e+01 8.554639e-04 6.715140e-04 7.414391e-04 1.153439e-03
2.215508e+01 8.796715e-04 6.968485e-04 7.879053e-04 1.154261e-03
2.220405e+01 9.090508e-04 7.295609e-04 8.436050e-04 1.153987e-03
2.225302e+01 9.443208e-04 7.707380e-04 9.088766e-04 1.153348e-03
2.230199e+01 9.856036e-04 8.207372e-04 9.833723e-04 1.152701e-03
2.235096e+01 1.032451e-03 8.790242e-04 1.066101e-03 1.152228e-03
2.239993e+01 1.083935e-03 9.441441e-04 1.155540e-03 1.152121e-03
2.244890e+01 1.138749e-03 1.013855e-03 1.249755e-03 1.152635e-03
2.249787e+01 1.195284e-03 1.085442e-03 1.346490e-03 1.153921e-03
2.254684e+01 1.251717e-03 1.156174e-03 1.443232e-03 1.155747e-03
2.259581e+01 1.306122e-03 1.223823e-03 1.537288e-03 1.157256e-03
2.264478e+01 1.356647e-03 1.287078e-03 1.625920e-03 1.156942e-03
2.269376e+01 1.401715e-03 1.345687e-03 1.706557e-03 1.152902e-03
2.274273e+01 1.440202e-03 1.400229e-03 1.777056e-03 1.143319e-03
2.279170e+01 1.471504e-03 1.451535e-03 1.835950e-03 1.127027e-03
2.284067e+01 1.495487e-03 1.499927e-03 1.882594e-03 1.103939e-03
2.288964e+01 1.512323e-03 1.544554e-03 1.917200e-03 1.075215e-03
2.293861e+01 1.522315e-03 1.583113e-03 1.940755e-03 1.043078e-03
2.298758e+01 1.525771e-03 1.612112e-03 1.954858e-03 1.010344e-03
2.303655e+01 1.522981e-03 1.627642e-03 1.961530e-03 9.797726e-04
2.308552e+01 1.514282e-03 1.626452e-03 1.962970e-03 9.534227e-04
2.313449e+01 1.500135e-03 1.606952e-03 1.961251e-03 9.322013e-04
2.318346e+01 1.481170e-03 1.569821e-03 1.957963e-03 9.157262e-04
2.323243e+01 1.458147e-03 1.518021e-03 1.953869e-03 9.025492e-04
2.328140e+01 1.431867e-03 1.456231e-03 1.948708e-03 8.906631e-04
2.333037e+01 1.403093e-03 1.389904e-03 1.941258e-03 8.781171e-04
2.337934e+01 1.372498e-03 1.324270e-03 1.929688e-03 8.635362e-04
2.342831e+01 1.340687e-03 1.263564e-03 1.912112e-03 8.463844e-04
2.347728e+01 1.308240e-03 1.210629e-03 1.887168e-03 8.269215e-04
2.352626e+01 1.275745e-03 1.166911e-03 1.854398e-03 8.059264e-04
2.357523e+01 1.243791e-03 1.132704e-03 1.814334e-03 7.843358e-04
2.362420e+01 1.212906e-03 1.107491e-03 1.768271e-03 7.629560e-04
2.367317e+01 1.183479e-03 1.090222e-03 1.717876e-03 7.423387e-04
2.372214e+01 1.155702e-03 1.079488e-03 1.664792e-03 7.228261e-04
2.377111e+01 1.129567e-03 1.073612e-03 1.610403e-03 7.046849e-04
2.382008e+01 1.104914e-03 1.070734e-03 1.555788e-03 6.882207e-04
2.386905e+01 1.081518e-03 1.068957e-03 1.501812e-03 6.737849e-04
2.391802e+01 1.059148e-03 1.066573e-03 1.449218e-03 6.616530e-04
2.396699e+01 1.037580e-03 1.062326e-03 1.398589e-03 6.518250e-04
2.401596e+01 1.016548e-03 1.055620e-03 1.350171e-03 6.438533e-04
2.406493e+01 9.956691e-04 1.046588e-03 1.303616e-03 6.368033e-04
2.411390e+01 9.744066e-04 1.035998e-03 1.257819e-03 6.294027e-04
2.416287e+01 9.521182e-04 1.025005e-03 1.210999e-03 6.203507e-04
2.421184e+01 9.281987e-04 1.014845e-03 1.161071e-03 6.086803e-04
2.426081e+01 9.022699e-04 1.006521e-03 1.106255e-03 5.940343e-04
2.430978e+01 8.743309e-04 1.000545e-03 1.045707e-03 5.767416e-04
2.435876e+01 8.447923e-04 9.967633e-04 9.799501e-04 5.576634e-04
2.440773e+01 8.143611e-04 9.942862e-04 9.109270e-04 5.378701e-04
2.445670e+01 7.838163e-04 9.915459e-04 8.416234e-04 5.182795e-04
2.450567e+01 7.537565e-04 9.865054e-04 7.753735e-04 4.993906e-04
2.455464e+01 7.244147e-04 9.769948e-04 7.150524e-04 4.811969e-04
2.460361e+01 6.956005e-04 9.611128e-04 6.624054e-04 4.632834e-04
2.465258e+01 6.667831e-04 9.375997e-04 6.177105e-04 4.450390e-04
2.470155e+01 6.372794e-04 9.060923e-04 5.798554e-04 4.258906e-04
2.475052e+01 6.064919e-04 8.672153e-04 5.467826e-04 4.054778e-04
2.479949e+01 5.741282e-04 8.225072e-04 5.161391e-04 3.837385e-04
2.484846e+01 5.403469e-04 7.742070e-04 4.859218e-04 3.609119e-04
2.489743e+01 5.057881e-04 7.249367e-04 4.549340e-04 3.374935e-04
2.494640e+01 4.714764e-04 6.773160e-04 4.229472e-04 3.141659e-04
2.499537e+01 4.386173e-04 6.335599e-04 3.905740e-04 2.917180e-04
2.504434e+01 4.083403e-04 5.951322e-04 3.589414e-04 2.709472e-04
2.509331e+01 3.814605e-04 5.625398e-04 3.292966e-04 2.525452e-04
2.514229e+01 3.583247e-04 5.353292e-04 3.026686e-04 2.369764e-04
2.519126e+01 3.387795e-04 5.122960e-04 2.796628e-04 2.243798e-04
2.524023e+01 3.222616e-04 4.918471e-04 2.604111e-04 2.145266e-04
2.528920e+01 3.079728e-04 4.724081e-04 2.446532e-04 2.068571e-04
2.533817e+01 2.950852e-04 4.527603e-04 2.318960e-04 2.005995e-04
2.538714e+01 2.829197e-04 4.322265e-04 2.215939e-04 1.949388e-04
2.543611e+01 2.710571e-04 4.106845e-04 2.132974e-04 1.891893e-04
2.548508e+01 2.593664e-04 3.884447e-04 2.067377e-04 1.829167e-04
2.553405e+01 2.479588e-04 3.660636e-04 2.018358e-04 1.759770e-04
2.558302e+01 2.370931e-04 3.441621e-04 1.986464e-04 1.684708e-04
2.563199e+01 2.270684e-04 3.232982e-04 1.972644e-04 1.606425e-04
2.568096e+01 2.181360e-04 3.039096e-04 1.977261e-04 1.527724e-04
2.572993e+01 2.104508e-04 2.863132e-04 1.999376e-04 1.451016e-04
2.577890e+01 2.040666e-04 2.707416e-04 2.036475e-04 1.378108e-04
2.582787e+01 1.989691e-04 2.573933e-04 2.084717e-04 1.310422e-04
2.587684e+01 1.951303e-04 2.464861e-04 2.139628e-04 1.249420e-04
2.592581e+01 1.925666e-04 2.383017e-04 2.197063e-04 1.196918e-04
2.597479e+01 1.913784e-04 2.332087e-04 2.254130e-04 1.155135e-04
2.602376e+01 1.917527e-04 2.316432e-04 2.309717e-04 1.126432e-04
2.607273e+01 1.939136e-04 2.340328e-04 2.364271e-04 1.112808e-04
2.612170e+01 1.980208e-04 2.406611e-04 2.418728e-04 1.115286e-04
2.617067e+01 2.040395e-04 2.515036e-04 2.472825e-04 1.133323e-04
2.621964e+01 2.116221e-04 2.660815e-04 2.523444e-04 1.164403e-04
2.626861e+01 2.200538e-04 2.833899e-04 2.563766e-04 1.203948e-04
2.631758e+01 2.282946e-04 3.019319e-04 2.583849e-04 1.245670e-04
2.636655e+01 2.351204e-04 3.198593e-04 2.572665e-04 1.282355e-04
2.641552e+01 2.393288e-04 3.351874e-04 2.521053e-04 1.306936e-04
2.646449e+01 2.399527e-04 3.460408e-04 2.424569e-04 1.313605e-04
2.651346e+01 2.364306e-04 3.508920e-04 2.285299e-04 1.298698e-04
2.656243e+01 2.286994e-04 3.487724e-04 2.112067e-04 1.261190e-04
2.661140e+01 2.172067e-04 3.394364e-04 1.919061e-04 1.202777e-04
2.666037e+01 2.028528e-04 3.234568e-04 1.723375e-04 1.127640e-04
2.670934e+01 1.868752e-04 3.022137e-04 1.542154e-04 1.041967e-04
2.675831e+01 1.706897e-04 2.777474e-04 1.389944e-04 9.532716e-05
2.680729e+01 1.556962e-04 2.524709e-04 1.276665e-04 8.695116e-05
2.685626e+01 1.430751e-04 2.287842e-04 1.206399e-04 7.980118e-05
2.690523e+01 1.336041e-04 2.086716e-04 1.177083e-04 7.443254e-05
2.695420e+01 1.275369e-04 1.933759e-04 1.181102e-04 7.112462e-05
2.700317e+01 1.245737e-04 1.832250e-04 1.206726e-04 6.982341e-05
2.705214e+01 1.239384e-04 1.776453e-04 1.240233e-04 7.014644e-05
2.710111e+01 1.245524e-04 1.753548e-04 1.268436e-04 7.145865e-05
2.715008e+01 1.252745e-04 1.746931e-04 1.281198e-04 7.301072e-05
2.719905e+01 1.251629e-04 1.740233e-04 1.273504e-04 7.411505e-05
2.724802e+01 1.237038e-04 1.721254e-04 1.246653e-04 7.432079e-05
2.729699e+01 1.209567e-04 1.684968e-04 1.208291e-04 7.354408e-05
2.734596e+01 1.175732e-04 1.634890e-04 1.171155e-04 7.211510e-05
2.739493e+01 1.146752e-04 1.582385e-04 1.150656e-04 7.072158e-05
2.744390e+01 1.136074e-04 1.544018e-04 1.161647e-04 7.025570e-05
2.749287e+01 1.156166e-04 1.537553e-04 1.214963e-04 7.159828e-05
2.754184e+01 1.215308e-04 1.577524e-04 1.314467e-04 7.539317e-05
2.759082e+01 1.315154e-04 1.671430e-04 1.455356e-04 8.186751e-05
2.763979e+01 1.449694e-04 1.817376e-04 1.624296e-04 9.074096e-05
2.768876e+01 1.605885e-04 2.003684e-04 1.801531e-04 1.012440e-04
2.773773e+01 1.765845e-04 2.210543e-04 1.964591e-04 1.122400e-04
2.778670e+01 1.910116e-04 2.413380e-04 2.092736e-04 1.224233e-04
2.783567e+01 2.021258e-04 2.587258e-04 2.170992e-04 1.305525e-04
2.788464e+01 2.086925e-04 2.711347e-04 2.192737e-04 1.356692e-04
2.793361e+01 2.101759e-04 2.772457e-04 2.160219e-04 1.372602e-04
2.798258e+01 2.067725e-04 2.766840e-04 2.083056e-04 1.353278e-04
2.803155e+01 1.992942e-04 2.699927e-04 1.975333e-04 1.303566e-04
2.808052e+01 1.889466e-04 2.584237e-04 1.852286e-04 1.231875e-04
2.812949e+01 1.770665e-04 2.436176e-04 1.727487e-04 1.148332e-04
2.817846e+01 1.648853e-04 2.272620e-04 1.611131e-04 1.062807e-04
2.822743e+01 1.533635e-04 2.108137e-04 1.509494e-04 9.832751e-05
2.827640e+01 1.431147e-04 1.953316e-04 1.425280e-04 9.148440e-05
2.832537e+01 1.344081e-04 1.814311e-04 1.358393e-04 8.595395e-05
2.837434e+01 1.272283e-04 1.693345e-04 1.306763e-04 8.167420e-05
2.842332e+01 1.213614e-04 1.589766e-04 1.267062e-04 7.840142e-05
2.847229e+01 1.164884e-04 1.501271e-04 1.235341e-04 7.580383e-05
2.852126e+01 1.122704e-04 1.425001e-04 1.207670e-04 7.354403e-05
2.857023e+01 1.084195e-04 1.358391e-04 1.180805e-04 7.133891e-05
2.861920e+01 1.047486e-04 1.299734e-04 1.152774e-04 6.899487e-05
2.866817e+01 1.011959e-04 1.248444e-04 1.123222e-04 6.642105e-05
2.871714e+01 9.782029e-05 1.205007e-04 1.093356e-04 6.362459e-05
2.876611e+01 9.476851e-05 1.170636e-04 1.065504e-04 6.069155e-05
2.881508e+01 9.222427e-05 1.146714e-04 1.042431e-04 5.775836e-05
2.886405e+01 9.035545e-05 1.134179e-04 1.026678e-04 5.498070e-05
2.891302e+01 8.927761e-05 1.133083e-04 1.020165e-04 5.250803e-05
2.896199e+01 8.904520e-05 1.142477e-04 1.024176e-04 5.047023e-05
2.901096e+01 8.967053e-05 1.160673e-04 1.039660e-04 4.897834e-05
2.905993e+01 9.115829e-05 1.185779e-04 1.067618e-04 4.813515e-05
2.910890e+01 9.353770e-05 1.216337e-04 1.109324e-04 4.804696e-05
2.915787e+01 9.687686e-05 1.251850e-04 1.166178e-04 4.882780e-05
2.920684e+01 1.012721e-04 1.293075e-04 1.239183e-04 5.059041e-05
2.925582e+01 1.068147e-04 1.342002e-04 1.328203e-04 5.342349e-05
2.930479e+01 1.135450e-04 1.401483e-04 1.431269e-04 5.735978e-05
2.935376e+01 1.214044e-04 1.474521e-04 1.544182e-04 6.234301e-05
2.940273e+01 1.301983e-04 1.563301e-04 1.660615e-04 6.820335e-05
2.945170e+01 1.395794e-04 1.668159e-04 1.772714e-04 7.465095e-05
2.950067e+01 1.490614e-04 1.786779e-04 1.872120e-04 8.129429e-05
2.954964e+01 1.580662e-04 1.913919e-04 1.951226e-04 8.768416e-05
2.959861e+01 1.660001e-04 2.041840e-04 2.004400e-04 9.337634e-05
2.964758e+01 1.723423e-04 2.161351e-04 2.028938e-04 9.799804e-05
2.969655e+01 1.767224e-04 2.263178e-04 2.025488e-04 1.013007e-04
2.974552e+01 1.789641e-04 2.339283e-04 1.997795e-04 1.031845e-04
2.979449e+01 1.790829e-04 2.383800e-04 1.951771e-04 1.036916e-04
2.984346e+01 1.772452e-04 2.393519e-04 1.894103e-04 1.029735e-04
2.989243e+01 1.737088e-04 2.367985e-04 1.830780e-04 1.012501e-04
2.994140e+01 1.687697e-04 2.309374e-04 1.765990e-04 9.877266e-05
2.999037e+01 1.627338e-04 2.222270e-04 1.701723e-04 9.580198e-05
3.003935e+01 1.559148e-04 2.113301e-04 1.638156e-04 9.259859e-05
3.008832e+01 1.486462e-04 1.990586e-04 1.574617e-04 8.941838e-05
3.013729e+01 1.412888e-04 1.862926e-04 1.510693e-04 8.650462e-05
3.018626e+01 1.342175e-04 1.738795e-04 1.447020e-04 8.407110e-05
3.023523e+01 1.277839e-04 1.625298e-04 1.385449e-04 8.227687e-05
3.028420e+01 1.222604e-04 1.527281e-04 1.328552e-04 8.119785e-05
3.033317e+01 1.177844e-04 1.446797e-04 1.278701e-04 8.080354e-05
3.038214e+01 1.143218e-04 1.383047e-04 1.237122e-04 8.094857e-05
3.043111e+01 1.116680e-04 1.332838e-04 1.203325e-04 8.138771e-05
3.048008e+01 1.094946e-04 1.291505e-04 1.175145e-04 8.181885e-05
3.052905e+01 1.074335e-04 1.254116e-04 1.149388e-04 8.195004e-05
3.057802e+01 1.051775e-04 1.216699e-04 1.122862e-04 8.157626e-05
3.062699e+01 1.025673e-04 1.177163e-04 1.093419e-04 8.064366e-05
3.067596e+01 9.963877e-05 1.135685e-04 1.060691e-04 7.927869e-05
3.072493e+01 9.661460e-05 1.094455e-04 1.026296e-04 7.776872e-05
3.077390e+01 9.384461e-05 1.056887e-04 9.934860e-05 7.649652e-05
3.082287e+01 9.171423e-05 1.026574e-04 9.663796e-05 7.584737e-05
3.087185e+01 9.054966e-05 1.006316e-04 9.490039e-05 7.611699e-05
3.092082e+01 9.054816e-05 9.975300e-05 9.444341e-05 7.744809e-05
3.096979e+01 9.175196e-05 1.000180e-04 9.542533e-05 7.981254e-05
3.101876e+01 9.406957e-05 1.013220e-04 9.784564e-05 8.304106e-05
3.106773e+01 9.733235e-05 1.035343e-04 1.015765e-04 8.688626e-05
3.111670e+01 1.013623e-04 1.065732e-04 1.064175e-04 9.109615e-05
3.116567e+01 1.060241e-04 1.104508e-04 1.121475e-04 9.547414e-05
3.121464e+01 1.112422e-04 1.152643e-04 1.185520e-04 9.991020e-05
3.126361e+01 1.169790e-04 1.211372e-04 1.254185e-04 1.043813e-04
3.131258e+01 1.231907e-04 1.281288e-04 1.325123e-04 1.089310e-04
3.136155e+01 1.297862e-04 1.361555e-04 1.395590e-04 1.136442e-04
3.141052e+01 1.366128e-04 1.449575e-04 1.462558e-04 1.186252e-04
3.145949e+01 1.434765e-04 1.541304e-04 1.523176e-04 1.239814e-04
3.150846e+01 1.501829e-04 1.632069e-04 1.575415e-04 1.298002e-04
3.155743e+01 1.565729e-04 1.717524e-04 1.618544e-04 1.361120e-04
3.160640e+01 1.625283e-04 1.794279e-04 1.653152e-04 1.428416e-04
3.165537e+01 1.679420e-04 1.859974e-04 1.680617e-04 1.497669e-04
3.170435e+01 1.726730e-04 1.912852e-04 1.702223e-04 1.565116e-04
3.175332e+01 1.765175e-04 1.951198e-04 1.718349e-04 1.625978e-04
3.180229e+01 1.792265e-04 1.973081e-04 1.728144e-04 1.675571e-04
3.185126e+01 1.805776e-04 1.976660e-04 1.729900e-04 1.710768e-04
3.190023e+01 1.804767e-04 1.960976e-04 1.721996e-04 1.731327e-04
3.194920e+01 1.790478e-04 1.926877e-04 1.703992e-04 1.740565e-04
3.199817e+01 1.766653e-04 1.877563e-04 1.677353e-04 1.745043e-04
3.204714e+01 1.739033e-04 1.818439e-04 1.645437e-04 1.753223e-04
3.209611e+01 1.714122e-04 1.756219e-04 1.612711e-04 1.773435e-04
3.214508e+01 1.697616e-04 1.697579e-04 1.583509e-04 1.811760e-04
3.219405e+01 1.693065e-04 1.647827e-04 1.560882e-04 1.870487e-04
3.224302e+01 1.701239e-04 1.610026e-04 1.546008e-04 1.947683e-04
3.229199e+01 1.720398e-04 1.584840e-04 1.538369e-04 2.037986e-04
3.234096e+01 1.747322e-04 1.571070e-04 1.536538e-04 2.134356e-04
3.238993e+01 1.778658e-04 1.566667e-04 1.539149e-04 2.230159e-04
3.243890e+01 1.812094e-04 1.569825e-04 1.545604e-04 2.320853e-04
3.248788e+01 1.846953e-04 1.579832e-04 1.556235e-04 2.404792e-04
3.253685e+01 1.884117e-04 1.597415e-04 1.571967e-04 2.482969e-04
3.258582e+01 1.925427e-04 1.624542e-04 1.593749e-04 2.557990e-04
3.263479e+01 1.972887e-04 1.663802e-04 1.622089e-04 2.632770e-04
3.268376e+01 2.028001e-04 1.717603e-04 1.656934e-04 2.709465e-04
3.273273e+01 2.091402e-04 1.787402e-04 1.697857e-04 2.788947e-04
3.278170e+01 2.162756e-04 1.873124e-04 1.744315e-04 2.870828e-04
3.283067e+01 2.240765e-04 1.972786e-04 1.795705e-04 2.953806e-04
3.287964e+01 2.323124e-04 2.082321e-04 1.851053e-04 3.035997e-04
3.292861e+01 2.406401e-04 2.195629e-04 1.908476e-04 3.115099e-04
3.297758e+01 2.486056e-04 2.304964e-04 1.964798e-04 3.188405e-04
3.302655e+01 2.556861e-04 2.401836e-04 2.015790e-04 3.252959e-04
3.307552e+01 2.613976e-04 2.478497e-04 2.057248e-04 3.306183e-04
3.312449e+01 2.654572e-04 2.529848e-04 2.086757e-04 3.347110e-04
3.317346e+01 2.679601e-04 2.555318e-04 2.105496e-04 3.377988e-04
3.322243e+01 2.694984e-04 2.560045e-04 2.119259e-04 3.405649e-04
3.327140e+01 2.711559e-04 2.554773e-04 2.138049e-04 3.441854e-04
3.332038e+01 2.743453e-04 2.554200e-04 2.174098e-04 3.502062e-04
3.336935e+01 2.805169e-04 2.574070e-04 2.238824e-04 3.602613e-04
3.341832e+01 2.908130e-04 2.627772e-04 2.339669e-04 3.756950e-04
3.346729e+01 3.057742e-04 2.723414e-04 2.477853e-04 3.971960e-04
3.351626e+01 3.251808e-04 2.862160e-04 2.647747e-04 4.245516e-04
3.356523e+01 3.480722e-04 3.038207e-04 2.838013e-04 4.565946e-04
3.361420e+01 3.729309e-04 3.240217e-04 3.034097e-04 4.913612e-04
3.366317e+01 3.979757e-04 3.453694e-04 3.221337e-04 5.264240e-04
3.371214e+01 4.214938e-04 3.663651e-04 3.387865e-04 5.593299e-04
3.376111e+01 4.421394e-04 3.857015e-04 3.526631e-04 5.880535e-04
3.381008e+01 4.591441e-04 4.024407e-04 3.636173e-04 6.113742e-04
3.385905e+01 4.724060e-04 4.161118e-04 3.720108e-04 6.290953e-04
3.390802e+01 4.824473e-04 4.267255e-04 3.785621e-04 6.420544e-04
3.395699e+01 4.902579e-04 4.347084e-04 3.841447e-04 6.519208e-04
3.400596e+01 4.970651e-04 4.407723e-04 3.895954e-04 6.608276e-04
3.405493e+01 5.040850e-04 4.457459e-04 3.955787e-04 6.709304e-04
3.410390e+01 5.123117e-04 4.504102e-04 4.025306e-04 6.839944e-04
3.415288e+01 5.223847e-04 4.553826e-04 4.106725e-04 7.010990e-04
3.420185e+01 5.345497e-04 4.610785e-04 4.200656e-04 7.225050e-04
3.425082e+01 5.487015e-04 4.677480e-04 4.306678e-04 7.476888e-04
3.429979e+01 5.644761e-04 4.755497e-04 4.423713e-04 7.755071e-04
3.434876e+01 5.813552e-04 4.846106e-04 4.550157e-04 8.044393e-04
3.439773e+01 5.987566e-04 4.950316e-04 4.683914e-04 8.328468e-04
3.444670e+01 6.160984e-04 5.068399e-04 4.822526e-04 8.592026e-04
3.449567e+01 6.328421e-04 5.199231e-04 4.963471e-04 8.822561e-04
3.454464e+01 6.485246e-04 5.339941e-04 5.104575e-04 9.011223e-04
3.459361e+01 6.627804e-04 5.486162e-04 5.244261e-04 9.152988e-04
3.464258e+01 6.753490e-04 5.632792e-04 5.381374e-04 9.246303e-04
3.469155e+01 6.860593e-04 5.774896e-04 5.514439e-04 9.292444e-04
3.474052e+01 6.947889e-04 5.908300e-04 5.640554e-04 9.294812e-04
3.478949e+01 7.014155e-04 6.029720e-04 5.754425e-04 9.258321e-04
3.483846e+01 7.057881e-04 6.136561e-04 5.848181e-04 9.188902e-04
3.488743e+01 7.077409e-04 6.226701e-04 5.912415e-04 9.093112e-04
3.493641e+01 7.071596e-04 6.298551e-04 5.938411e-04 8.977826e-04
3.498538e+01 7.040799e-04 6.351374e-04 5.920938e-04 8.850086e-04
3.503435e+01 6.987832e-04 6.385624e-04 5.860639e-04 8.717233e-04
3.508332e+01 6.918473e-04 6.403000e-04 5.765100e-04 8.587320e-04
3.513229e+01 6.841235e-04 6.406031e-04 5.648072e-04 8.469602e-04
3.518126e+01 6.766317e-04 6.397347e-04 5.527006e-04 8.374598e-04
3.523023e+01 6.703895e-04 6.378961e-04 5.419547e-04 8.313177e-04
3.527920e+01 6.662091e-04 6.351916e-04 5.339970e-04 8.294387e-04
3.532817e+01 6.645108e-04 6.316447e-04 5.296462e-04 8.322414e-04
3.537714e+01 6.652040e-04 6.272566e-04 5.289889e-04 8.393664e-04
3.542611e+01 6.676782e-04 6.220773e-04 5.314254e-04 8.495319e-04
3.547508e+01 6.709190e-04 6.162572e-04 5.358622e-04 8.606374e-04
3.552405e+01 6.737287e-04 6.100583e-04 5.409985e-04 8.701295e-04
3.557302e+01 6.749932e-04 6.038157e-04 5.456293e-04 8.755347e-04
3.562199e+01 6.739127e-04 5.978592e-04 5.488871e-04 8.749917e-04
3.567096e+01 6.701280e-04 5.924142e-04 5.503582e-04 8.676115e-04
3.571993e+01 6.637119e-04 5.875181e-04 5.500496e-04 8.535679e-04
3.576891e+01 6.550522e-04 5.829906e-04 5.482313e-04 8.339346e-04
3.581788e+01 6.446940e-04 5.784864e-04 5.452243e-04 8.103714e-04
3.586685e+01 6.332133e-04 5.736239e-04 5.412208e-04 7.847953e-04
3.591582e+01 6.211605e-04 5.681506e-04 5.362068e-04 7.591239e-04
3.596479e+01 6.090609e-04 5.620743e-04 5.300048e-04 7.351037e-04
3.601376e+01 5.974252e-04 5.556996e-04 5.224029e-04 7.141733e-04
3.606273e+01 5.867220e-04 5.495463e-04 5.133036e-04 6.973160e-04
3.611170e+01 5.773034e-04 5.441771e-04 5.028287e-04 6.849044e-04
3.616067e+01 5.693172e-04 5.400037e-04 4.913454e-04 6.766025e-04
3.620964e+01 5.626601e-04 5.371470e-04 4.794200e-04 6.714131e-04
3.625861e+01 5.570143e-04 5.354034e-04 4.677267e-04 6.679127e-04
3.630758e+01 5.519661e-04 5.343245e-04 4.569425e-04 6.646313e-04
3.635655e+01 5.471603e-04 5.333735e-04 4.476523e-04 6.604552e-04
3.640552e+01 5.424247e-04 5.320954e-04 4.402717e-04 6.549070e-04
3.645449e+01 5.378128e-04 5.302404e-04 4.349965e-04 6.482014e-04
3.650346e+01 5.335541e-04 5.277991e-04 4.317876e-04 6.410755e-04
3.655243e+01 5.299454e-04 5.249522e-04 4.304022e-04 6.344817e-04
3.660141e+01 5.272447e-04 5.219700e-04 4.304737e-04 6.292905e-04
3.665038e+01 5.256257e-04 5.191197e-04 4.316279e-04 6.261294e-04
3.669935e+01 5.252164e-04 5.166292e-04 4.336041e-04 6.254158e-04
3.674832e+01 5.262020e-04 5.147208e-04 4.363475e-04 6.275376e-04
3.679729e+01 5.289310e-04 5.136884e-04 4.400432e-04 6.330613e-04
3.684626e+01 5.339558e-04 5.139641e-04 4.450808e-04 6.428224e-04
3.689523e+01 5.419624e-04 5.161223e-04 4.519620e-04 6.578027e-04
3.694420e+01 5.535933e-04 5.208058e-04 4.611774e-04 6.787965e-04
3.699317e+01 5.692177e-04 5.285922e-04 4.730879e-04 7.059730e-04
3.704214e+01 5.887334e-04 5.398526e-04 4.878434e-04 7.385042e-04
3.709111e+01 6.114789e-04 5.546541e-04 5.053590e-04 7.744237e-04
3.714008e+01 6.363007e-04 5.727414e-04 5.253499e-04 8.108107e-04
3.718905e+01 6.617688e-04 5.936059e-04 5.474125e-04 8.442881e-04
3.723802e+01 6.864876e-04 6.166311e-04 5.711182e-04 8.717137e-04
3.728699e+01 7.094142e-04 6.412815e-04 5.960815e-04 8.908797e-04
3.733596e+01 7.300940e-04 6.672910e-04 6.219719e-04 9.010192e-04
3.738494e+01 7.487417e-04 6.947923e-04 6.484627e-04 9.029700e-04
3.743391e+01 7.661424e-04 7.243304e-04 6.751518e-04 8.989451e-04
3.748288e+01 7.834053e-04 7.567255e-04 7.015152e-04 8.919752e-04
3.753185e+01 8.016487e-04 7.927987e-04 7.269551e-04 8.851921e-04
3.758082e+01 8.217174e-04 8.330288e-04 7.509591e-04 8.811642e-04
3.762979e+01 8.440119e-04 8.772506e-04 7.733135e-04 8.814715e-04
3.767876e+01 8.684612e-04 9.245015e-04 7.942656e-04 8.866164e-04
3.772773e+01 8.946161e-04 9.730766e-04 8.145234e-04 8.962482e-04
3.777670e+01 9.218027e-04 1.020777e-03 8.350535e-04 9.095779e-04
3.782567e+01 9.492729e-04 1.065266e-03 8.567353e-04 9.258173e-04
3.787464e+01 9.763136e-04 1.104429e-03 8.800094e-04 9.445020e-04
3.792361e+01 1.002313e-03 1.136639e-03 9.046716e-04 9.656296e-04
3.797258e+01 1.026807e-03 1.160894e-03 9.298971e-04 9.896295e-04
3.802155e+01 1.049518e-03 1.176852e-03 9.544777e-04 1.017224e-03
3.807052e+01 1.070394e-03 1.184777e-03 9.771647e-04 1.049242e-03
3.811949e+01 1.089607e-03 1.185441e-03 9.969778e-04 1.086402e-03
3.816846e+01 1.107479e-03 1.179995e-03 1.013371e-03 1.129071e-03
3.821744e+01 1.124330e-03 1.169783e-03 1.026225e-03 1.176983e-03
3.826641e+01 1.140285e-03 1.156164e-03 1.035704e-03 1.228989e-03
3.831538e+01 1.155120e-03 1.140358e-03 1.042077e-03 1.282927e-03
3.836435e+01 1.168247e-03 1.123409e-03 1.045586e-03 1.335747e-03
3.841332e+01 1.178869e-03 1.106269e-03 1.046417e-03 1.383922e-03
3.846229e+01 1.186268e-03 1.089969e-03 1.044760e-03 1.424075e-03
3.851126e+01 1.190095e-03 1.075756e-03 1.040906e-03 1.453624e-03
3.856023e+01 1.190526e-03 1.065069e-03 1.035295e-03 1.471213e-03
3.860920e+01 1.188186e-03 1.059292e-03 1.028488e-03 1.476778e-03
3.865817e+01 1.183879e-03 1.059322e-03 1.021049e-03 1.471266e-03
3.870714e+01 1.178237e-03 1.065140e-03 1.013403e-03 1.456168e-03
3.875611e+01 1.171458e-03 1.075568e-03 1.005720e-03 1.433085e-03
3.880508e+01 1.163260e-03 1.088357e-03 9.979032e-04 1.403519e-03
3.885405e+01 1.153055e-03 1.100602e-03 9.896726e-04 1.368889e-03
3.890302e+01 1.140266e-03 1.109357e-03 9.807305e-04 1.330709e-03
3.895199e+01 1.124640e-03 1.112229e-03 9.709445e-04 1.290746e-03
3.900096e+01 1.106445e-03 1.107788e-03 9.604825e-04 1.251065e-03
3.904994e+01 1.086483e-03 1.095702e-03 9.498509e-04 1.213896e-03
3.909891e+01 1.065936e-03 1.076609e-03 9.398148e-04 1.181385e-03
3.914788e+01 1.046111e-03 1.051838e-03 9.312198e-04 1.155274e-03
3.919685e+01 1.028150e-03 1.023065e-03 9.247658e-04 1.136620e-03
3.924582e+01 1.012799e-03 9.920069e-04 9.208039e-04 1.125585e-03
3.929479e+01 1.000256e-03 9.602012e-04 9.192233e-04 1.121343e-03
3.934376e+01 9.901664e-04 9.288863e-04 9.194737e-04 1.122139e-03
3.939273e+01 9.817457e-04 8.989840e-04 9.207253e-04 1.125528e-03
3.944170e+01 9.740168e-04 8.711492e-04 9.221278e-04 1.128773e-03
3.949067e+01 9.661087e-04 8.458456e-04 9.230892e-04 1.129391e-03
3.953964e+01 9.575364e-04 8.234023e-04 9.234852e-04 1.125722e-03
3.958861e+01 9.483851e-04 8.040299e-04 9.237297e-04 1.117396e-03
3.963758e+01 9.393397e-04 7.878012e-04 9.246743e-04 1.105544e-03
3.968655e+01 9.315417e-04 7.746282e-04 9.273660e-04 1.092631e-03
3.973552e+01 9.263037e-04 7.642662e-04 9.327289e-04 1.081916e-03
3.978449e+01 9.247533e-04 7.563599e-04 9.412616e-04 1.076638e-03
3.983347e+01 9.275020e-04 7.505141e-04 9.528283e-04 1.079164e-03
3.988244e+01 9.344313e-04 7.463611e-04 9.665895e-04 1.090343e-03
3.993141e+01 9.446539e-04 7.435956e-04 9.810837e-04 1.109282e-03
3.998038e+01 9.566615e-04 7.419731e-04 9.944343e-04 1.133577e-03
4.002935e+01 9.686129e-04 7.412883e-04 1.004642e-03 1.159908e-03
4.007832e+01 9.786805e-04 7.413625e-04 1.009911e-03 1.184768e-03
4.012729e+01 9.853648e-04 7.420578e-04 1.008952e-03 1.205085e-03
4.017626e+01 9.877051e-04 7.433175e-04 1.001201e-03 1.218597e-03
4.022523e+01 9.853574e-04 7.452098e-04 9.869168e-04 1.223946e-03
4.027420e+01 9.785475e-04 7.479387e-04 9.671088e-04 1.220595e-03
4.032317e+01 9.679376e-04 7.518006e-04 9.433314e-04 1.208681e-03
4.037214e+01 9.544500e-04 7.570800e-04 9.173800e-04 1.188890e-03
4.042111e+01 9.390866e-04 7.639084e-04 8.909734e-04 1.162378e-03
4.047008e+01 9.227670e-04 7.721297e-04 8.654918e-04 1.130680e-03
4.051905e+01 9.062023e-04 7.812171e-04 8.418186e-04 1.095571e-03
4.056802e+01 8.898138e-04 7.902774e-04 8.202957e-04 1.058868e-03
4.061699e+01 8.737098e-04 7.981522e-04 8.007776e-04 1.022200e-03
4.066597e+01 8.577244e-04 8.035978e-04 7.827531e-04 9.868223e-04
4.071494e+01 8.415126e-04 8.054992e-04 7.655067e-04 9.535319e-04
4.076391e+01 8.246806e-04 8.030616e-04 7.482943e-04 9.226858e-04
4.081288e+01 8.069153e-04 7.959279e-04 7.305074e-04 8.943106e-04
4.086185e+01 7.880798e-04 7.841934e-04 7.118042e-04 8.682418e-04
4.091082e+01 7.682510e-04 7.683256e-04 6.921823e-04 8.442452e-04
4.095979e+01 7.476973e-04 7.490287e-04 6.719755e-04 8.220877e-04
4.100876e+01 7.268122e-04 7.271118e-04 6.517725e-04 8.015523e-04
4.105773e+01 7.060312e-04 7.034072e-04 6.322733e-04 7.824132e-04
4.110670e+01 6.857572e-04 6.787573e-04 6.141209e-04 7.643934e-04
4.115567e+01 6.663145e-04 6.540488e-04 5.977565e-04 7.471384e-04
4.120464e+01 6.479407e-04 6.302467e-04 5.833459e-04 7.302295e-04
4.125361e+01 6.308091e-04 6.083759e-04 5.707989e-04 7.132526e-04
4.130258e+01 6.150675e-04 5.894217e-04 5.598718e-04 6.959089e-04
4.135155e+01 6.008673e-04 5.741620e-04 5.503075e-04 6.781323e-04
4.140052e+01 5.883614e-04 5.629795e-04 5.419501e-04 6.601547e-04
4.144949e+01 5.776621e-04 5.557269e-04 5.347809e-04 6.424784e-04
4.149847e+01 5.687707e-04 5.517080e-04 5.288601e-04 6.257439e-04
4.154744e+01 5.615134e-04 5.498018e-04 5.241989e-04 6.105394e-04
4.159641e+01 5.555174e-04 5.487020e-04 5.206248e-04 5.972255e-04
4.164538e+01 5.502508e-04 5.471971e-04 5.177030e-04 5.858521e-04
4.169435e+01 5.451180e-04 5.443953e-04 5.147569e-04 5.762019e-04
4.174332e+01 5.395813e-04 5.398190e-04 5.109864e-04 5.679386e-04
4.179229e+01 5.332629e-04 5.333493e-04 5.056489e-04 5.607906e-04
4.184126e+01 5.259996e-04 5.250641e-04 4.982447e-04 5.546899e-04
4.189023e+01 5.178379e-04 5.150561e-04 4.886487e-04 5.498088e-04
4.193920e+01 5.089860e-04 5.033195e-04 4.771510e-04 5.464875e-04
4.198817e+01 4.997458e-04 4.897514e-04 4.643952e-04 5.450908e-04
4.203714e+01 4.904476e-04 4.742543e-04 4.512325e-04 5.458561e-04
4.208611e+01 4.814011e-04 4.568800e-04 4.385343e-04 5.487890e-04
4.213508e+01 4.728621e-04 4.379376e-04 4.270127e-04 5.536361e-04
4.218405e+01 4.650120e-04 4.180118e-04 4.170937e-04 5.599305e-04
4.223302e+01 4.579429e-04 3.978821e-04 4.088672e-04 5.670794e-04
4.228200e+01 4.516471e-04 3.783743e-04 4.021139e-04 5.744530e-04
4.233097e+01 4.460105e-04 3.602003e-04 3.963894e-04 5.814419e-04
4.237994e+01 4.408140e-04 3.438363e-04 3.911388e-04 5.874668e-04
4.242891e+01 4.357459e-04 3.294708e-04 3.858135e-04 5.919535e-04
4.247788e+01 4.304325e-04 3.170218e-04 3.799742e-04 5.943016e-04
4.252685e+01 4.244863e-04 3.062057e-04 3.733666e-04 5.938865e-04
4.257582e+01 4.175713e-04 2.966305e-04 3.659638e-04 5.901195e-04
4.262479e+01 4.094736e-04 2.878879e-04 3.579698e-04 5.825630e-04
4.267376e+01 4.001599e-04 2.796276e-04 3.497837e-04 5.710683e-04
4.272273e+01 3.898046e-04 2.716043e-04 3.419287e-04 5.558807e-04
4.277170e+01 3.787735e-04 2.636958e-04 3.349588e-04 5.376659e-04
4.282067e+01 3.675630e-04 2.558937e-04 3.293611e-04 5.174341e-04
4.286964e+01 3.567088e-04 2.482741e-04 3.254742e-04 4.963780e-04
4.291861e+01 3.466876e-04 2.409589e-04 3.234344e-04 4.756695e-04
4.296758e+01 3.378361e-04 2.340797e-04 3.231537e-04 4.562749e-04
4.301655e+01 3.303068e-04 2.277536e-04 3.243279e-04 4.388389e-04
4.306552e+01 3.240677e-04 2.220761e-04 3.264647e-04 4.236623e-04
4.311450e+01 3.189400e-04 2.171249e-04 3.289307e-04 4.107644e-04
4.316347e+01 3.146587e-04 2.129658e-04 3.310161e-04 3.999943e-04
4.321244e+01 3.109372e-04 2.096501e-04 3.320177e-04 3.911439e-04
4.326141e+01 3.075175e-04 2.071987e-04 3.313352e-04 3.840187e-04
4.331038e+01 3.041963e-04 2.055786e-04 3.285638e-04 3.784464e-04
4.335935e+01 3.008243e-04 2.046824e-04 3.235625e-04 3.742282e-04
4.340832e+01 2.972872e-04 2.043245e-04 3.164755e-04 3.710616e-04
4.345729e+01 2.934788e-04 2.042610e-04 3.076998e-04 3.684755e-04
4.350626e+01 2.892820e-04 2.042300e-04 2.978045e-04 3.658116e-04
4.355523e+01 2.845674e-04 2.040019e-04 2.874247e-04 3.622757e-04
4.360420e+01 2.792110e-04 2.034251e-04 2.771552e-04 3.570528e-04
4.365317e+01 2.731269e-04 2.024518e-04 2.674669e-04 3.494619e-04
4.370214e+01 2.663016e-04 2.011395e-04 2.586591e-04 3.391061e-04
4.375111e+01 2.588163e-04 1.996258e-04 2.508483e-04 3.259749e-04
4.380008e+01 2.508471e-04 1.980858e-04 2.439884e-04 3.104673e-04
4.384905e+01 2.426419e-04 1.966841e-04 2.379116e-04 2.933301e-04
4.389802e+01 2.344815e-04 1.955357e-04 2.323793e-04 2.755295e-04
4.394700e+01 2.266370e-04 1.946859e-04 2.271342e-04 2.580908e-04
4.399597e+01 2.193358e-04 1.941140e-04 2.219467e-04 2.419467e-04
4.404494e+01 2.127416e-04 1.937534e-04 2.166509e-04 2.278205e-04
4.409391e+01 2.069480e-04 1.935192e-04 2.111665e-04 2.161584e-04
4.414288e+01 2.019801e-04 1.933287e-04 2.055041e-04 2.071076e-04
4.419185e+01 1.977986e-04 1.931091e-04 1.997536e-04 2.005332e-04
4.424082e+01 1.943057e-04 1.927944e-04 1.940579e-04 1.960648e-04
4.428979e+01 1.913533e-04 1.923185e-04 1.885760e-04 1.931655e-04
4.433876e+01 1.887592e-04 1.916156e-04 1.834432e-04 1.912189e-04
4.438773e+01 1.863312e-04 1.906325e-04 1.787358e-04 1.896252e-04
4.443670e+01 1.838956e-04 1.893466e-04 1.744497e-04 1.878906e-04
4.448567e+01 1.813237e-04 1.877804e-04 1.704980e-04 1.856926e-04
4.453464e+01 1.785439e-04 1.859980e-04 1.667285e-04 1.829053e-04
4.458361e+01 1.755391e-04 1.840816e-04 1.629592e-04 1.795765e-04
4.463258e+01 1.723281e-04 1.820951e-04 1.590213e-04 1.758680e-04
4.468155e+01 1.689435e-04 1.800534e-04 1.547993e-04 1.719779e-04
4.473053e+01 1.654157e-04 1.779162e-04 1.502588e-04 1.680722e-04
4.477950e+01 1.617711e-04 1.756128e-04 1.454531e-04 1.642473e-04
4.482847e+01 1.580442e-04 1.730929e-04 1.405127e-04 1.605270e-04
4.487744e+01 1.542952e-04 1.703785e-04 1.356193e-04 1.568878e-04
4.492641e+01 1.506192e-04 1.675929e-04 1.309729e-04 1.532920e-04
4.497538e+01 1.471378e-04 1.649463e-04 1.267564e-04 1.497105e-04
4.502435e+01 1.439694e-04 1.626781e-04 1.231026e-04 1.461273e-04
4.507332e+01 1.411879e-04 1.609718e-04 1.200646e-04 1.425273e-04
4.512229e+01 1.387839e-04 1.598753e-04 1.175959e-04 1.388803e-04
4.517126e+01 1.366461e-04 1.592570e-04 1.155475e-04 1.351338e-04
4.522023e+01 1.345748e-04 1.588164e-04 1.136868e-04 1.312212e-04
4.526920e+01 1.323250e-04 1.581495e-04 1.117408e-04 1.270846e-04
4.531817e+01 1.296679e-04 1.568461e-04 1.094550e-04 1.227025e-04
4.536714e+01 1.264494e-04 1.545884e-04 1.066505e-04 1.181094e-04
4.541611e+01 1.226267e-04 1.512178e-04 1.032625e-04 1.133997e-04
4.546508e+01 1.182700e-04 1.467528e-04 9.934722e-05 1.087101e-04
4.551405e+01 1.135331e-04 1.413554e-04 9.505594e-05 1.041881e-04
4.556303e+01 1.086032e-04 1.352660e-04 9.058777e-05 9.995580e-05
4.561200e+01 1.036503e-04 1.287319e-04 8.613722e-05 9.608181e-05
4.566097e+01 9.879295e-05 1.219546e-04 8.185335e-05 9.257092e-05
4.570994e+01 9.408859e-05 1.150711e-04 7.782053e-05 8.937414e-05
4.575891e+01 8.954849e-05 1.081673e-04 7.406246e-05 8.641568e-05
4.580788e+01 8.516879e-05 1.013124e-04 7.056502e-05 8.362894e-05
4.585685e+01 8.096599e-05 9.459591e-05 6.730940e-05 8.099267e-05
4.590582e+01 7.700725e-05 8.815477e-05 6.430681e-05 7.856017e-05
4.595479e+01 7.342923e-05 8.218447e-05 6.162673e-05 7.647648e-05
4.600376e+01 7.044326e-05 7.693688e-05 5.941281e-05 7.498009e-05
4.605273e+01 6.832579e-05 7.271035e-05 5.788162e-05 7.438541e-05
4.610170e+01 6.739252e-05 6.983357e-05 5.730163e-05 7.504237e-05
4.615067e+01 6.795318e-05 6.863818e-05 5.795079e-05 7.727056e-05
4.619964e+01 7.024506e-05 6.940973e-05 6.005426e-05 8.127121e-05
4.624861e+01 7.434880e-05 7.230937e-05 6.370844e-05 8.702858e-05
4.629758e+01 8.009993e-05 7.727166e-05 6.880439e-05 9.422375e-05
4.634655e+01 8.702213e-05 8.390388e-05 7.497143e-05 1.021911e-04
4.639553e+01 9.431420e-05 9.142974e-05 8.156561e-05 1.099472e-04
4.644450e+01 1.009183e-04 9.872342e-05 8.772272e-05 1.163088e-04
4.649347e+01 1.056759e-04 1.044595e-04 9.247965e-05 1.200886e-04
4.654244e+01 1.075464e-04 1.073630e-04 9.494472e-05 1.203314e-04
4.659141e+01 1.058333e-04 1.064980e-04 9.447582e-05 1.165261e-04
4.664038e+01 1.003505e-04 1.015033e-04 9.081619e-05 1.087320e-04
4.668935e+01 9.147185e-05 9.269214e-05 8.414793e-05 9.757548e-05
4.673832e+01 8.004772e-05 8.097730e-05 7.504861e-05 8.411726e-05
4.678729e+01 6.721413e-05 6.764579e-05 6.436699e-05 6.962963e-05
4.683626e+01 5.415594e-05 5.406108e-05 5.305652e-05 5.535021e-05
4.688523e+01 4.189340e-05 4.138903e-05 4.201179e-05 4.227940e-05
4.693420e+01 3.114396e-05 3.042228e-05 3.194419e-05 3.106541e-05
4.698317e+01 2.227820e-05 2.153169e-05 2.331567e-05 2.198723e-05
4.703214e+01 1.535699e-05 1.472530e-05 1.633093e-05 1.501475e-05
4.708111e+01 1.021735e-05 9.767252e-06 1.097499e-05 9.909815e-06
4.713008e+01 6.571283e-06 6.305399e-06 7.076886e-06 6.331563e-06
4.717906e+01 4.091090e-06 3.972138e-06 4.379996e-06 3.921134e-06
4.722803e+01 2.468091e-06 2.444817e-06 2.603877e-06 2.355580e-06
4.727700e+01 1.443685e-06 1.469587e-06 1.488657e-06 1.372810e-06
4.732597e+01 8.188124e-07 8.609992e-07 8.197602e-07 7.756778e-07
4.737494e+01 4.500352e-07 4.901059e-07 4.356166e-07 4.243831e-07
4.742391e+01 2.394178e-07 2.700297e-07 2.238018e-07 2.244219e-07
4.747288e+01 1.230829e-07 1.434438e-07 1.113365e-07 1.144684e-07
4.752185e+01 6.102356e-08 7.320461e-08 5.367822e-08 5.618786e-08
4.757082e+01 2.911323e-08 3.577888e-08 2.507786e-08 2.648294e-08
4.761979e+01 1.333459e-08 1.670417e-08 1.133934e-08 1.196027e-08
4.766876e+01 5.850478e-09 7.434134e-09 4.951539e-09 5.165762e-09
4.771773e+01 2.453601e-09 3.148660e-09 2.082055e-09 2.130087e-09
4.776670e+01 9.816471e-10 1.267433e-09 8.402695e-10 8.372387e-10
4.781567e+01 3.739747e-10 4.843075e-10 3.243527e-10 3.132640e-10
4.786464e+01 1.354424e-10 1.754646e-10 1.194647e-10 1.113978e-10
4.791361e+01 4.658407e-11 6.029713e-11 4.182251e-11 3.763259e-11
4.796258e+01 1.521235e-11 1.963955e-11 1.392021e-11 1.207728e-11
4.801156e+01 4.669798e-12 6.050072e-12 4.300344e-12 3.658977e-12
4.806053e+01 1.364665e-12 1.761322e-12 1.277480e-12 1.055194e-12
4.810950e+01 3.749056e-13 4.831501e-13 3.618303e-13 2.797363e-13
4.815847e+01 9.673034e-14 1.229665e-13 9.570420e-14 7.152030e-14
4.820744e+01 1.885548e-14 2.091065e-14 2.378125e-14 1.187455e-14
4.825641e+01 4.544179e-15 5.078630e-15 5.682028e-15 2.871880e-15
4.830538e+01 0.000000e+00 0.000000e+00 0.000000e+00 0.000000e+00
4.835435e+01 0.000000e+00 0.000000e+00 0.000000e+00 0.000000e+00
4.840332e+01 0.000000e+00 0.000000e+00 0.000000e+00 0.000000e+00
4.845229e+01 0.000000e+00 0.000000e+00 0.000000e+00 0.000000e+00
4.850126e+01 0.000000e+00 0.000000e+00 0.000000e+00 0.000000e+00
4.855023e+01 0.000000e+00 0.000000e+00 0.000000e+00 0.000000e+00
4.859920e+01 0.000000e+00 0.000000e+00 0.000000e+00 0.000000e+00
4.864817e+01 0.000000e+00 0.000000e+00 0.000000e+00 0.000000e+00
4.869714e+01 0.000000e+00 0.000000e+00 0.000000e+00 0.000000e+00
4.874611e+01 0.000000e+00 0.000000e+00 0.000000e+00 0.000000e+00
4.879508e+01 0.000000e+00 0.000000e+00 0.000000e+00 0.000000e+00
4.884406e+01 0.000000e+00 0.000000e+00 0.000000e+00 0.000000e+00
4.889303e+01 0.000000e+00 0.000000e+00 0.000000e+00 0.000000e+00
4.894200e+01 0.000000e+00 0.000000e+00 0.000000e+00 0.000000e+00
4.899097e+01 0.000000e+00 0.000000e+00 0.000000e+00 0.000000e+00
4.903994e+01 0.000000e+00 0.000000e+00 0.000000e+00 0.000000e+00
4.908891e+01 0.000000e+00 0.000000e+00 0.000000e+00 0.000000e+00
4.913788e+01 0.000000e+00 0.000000e+00 0.000000e+00 0.000000e+00
4.918685e+01 0.000000e+00 0.000000e+00 0.000000e+00 0.000000e+00
4.923582e+01 0.000000e+00 0.000000e+00 0.000000e+00 0.000000e+00
4.928479e+01 0.000000e+00 0.000000e+00 0.000000e+00 0.000000e+00
4.933376e+01 0.000000e+00 0.000000e+00 0.000000e+00 0.000000e+00
4.938273e+01 0.000000e+00 0.000000e+00 0.000000e+00 0.000000e+00
4.943170e+01 0.000000e+00 0.000000e+00 0.000000e+00 0.000000e+00
4.948067e+01 0.000000e+00 0.000000e+00 0.000000e+00 0.000000e+00
4.952964e+01 0.000000e+00 0.000000e+00 0.000000e+00 0.000000e+00
4.957861e+01 0.000000e+00 0.000000e+00 0.000000e+00 0.000000e+00
4.962759e+01 0.000000e+00 0.000000e+00 0.000000e+00 0.000000e+00
4.967656e+01 0.000000e+00 0.000000e+00 0.000000e+00 0.000000e+00
4.972553e+01 0.000000e+00 0.000000e+00 0.000000e+00 0.000000e+00
4.977450e+01 0.000000e+00 0.000000e+00 0.000000e+00 0.000000e+00
4.982347e+01 0.000000e+00 0.000000e+00 0.000000e+00 0.000000e+00
4.987244e+01 0.000000e+00 0.000000e+00 0.000000e+00 0.000000e+00
4.992141e+01 0.000000e+00 0.000000e+00 0.000000e+00 0.000000e+00
4.997038e+01 0.000000e+00 0.000000e+00 0.000000e+00 0.000000e+00
5.001935e+01 0.000000e+00 0.000000e+00 0.000000e+00 0.000000e+00
5.006832e+01 0.000000e+00 0.000000e+00 0.000000e+00 0.000000e+00
5.011729e+01 0.000000e+00 0.000000e+00 0.000000e+00 0.000000e+00
5.016626e+01 0.000000e+00 0.000000e+00 0.000000e+00 0.000000e+00
5.021523e+01 0.000000e+00 0.000000e+00 0.000000e+00 0.000000e+00
5.026420e+01 0.000000e+00 0.000000e+00 0.000000e+00 0.000000e+00
5.031317e+01 0.000000e+00 0.000000e+00 0.000000e+00 0.000000e+00
5.036214e+01 0.000000e+00 0.000000e+00 0.000000e+00 0.000000e+00
5.041111e+01 0.000000e+00 0.000000e+00 0.000000e+00 0.000000e+00
5.046009e+01 0.000000e+00 0.000000e+00 0.000000e+00 0.000000e+00
5.050906e+01 0.000000e+00 0.000000e+00 0.000000e+00 0.000000e+00
5.055803e+01 0.000000e+00 0.000000e+00 0.000000e+00 0.000000e+00
5.060700e+01 0.000000e+00 0.000000e+00 0.000000e+00 0.000000e+00
5.065597e+01 0.000000e+00 0.000000e+00 0.000000e+00 0.000000e+00
5.070494e+01 0.000000e+00 0.000000e+00 0.000000e+00 0.000000e+00
5.075391e+01 0.000000e+00 0.000000e+00 0.000000e+00 0.000000e+00
5.080288e+01 0.000000e+00 0.000000e+00 0.000000e+00 0.000000e+00
5.085185e+01 0.000000e+00 0.000000e+00 0.000000e+00 0.000000e+00
5.090082e+01 0.000000e+00 0.000000e+00 0.000000e+00 0.000000e+00
5.094979e+01 0.000000e+00 0.000000e+00 0.000000e+00 0.000000e+00
5.099876e+01 0.000000e+00 0.000000e+00 0.000000e+00 0.000000e+00
5.104773e+01 0.000000e+00 0.000000e+00 0.000000e+00 0.000000e+00
5.109670e+01 0.000000e+00 0.000000e+00 0.000000e+00 0.000000e+00
5.114567e+01 0.000000e+00 0.000000e+00 0.000000e+00 0.000000e+00
5.119464e+01 0.000000e+00 0.000000e+00 0.000000e+00 0.000000e+00
5.124361e+01 0.000000e+00 0.000000e+00 0.000000e+00 0.000000e+00
5.129259e+01 0.000000e+00 0.000000e+00 0.000000e+00 0.000000e+00
5.134156e+01 0.000000e+00 0.000000e+00 0.000000e+00 0.000000e+00
5.139053e+01 0.000000e+00 0.000000e+00 0.000000e+00 0.000000e+00
5.143950e+01 0.000000e+00 0.000000e+00 0.000000e+00 0.000000e+00
5.148847e+01 0.000000e+00 0.000000e+00 0.000000e+00 0.000000e+00
5.153744e+01 0.000000e+00 0.000000e+00 0.000000e+00 0.000000e+00
5.158641e+01 0.000000e+00 0.000000e+00 0.000000e+00 0.000000e+00
5.163538e+01 0.000000e+00 0.000000e+00 0.000000e+00 0.000000e+00
5.168435e+01 0.000000e+00 0.000000e+00 0.000000e+00 0.000000e+00
5.173332e+01 0.000000e+00 0.000000e+00 0.000000e+00 0.000000e+00
5.178229e+01 0.000000e+00 0.000000e+00 0.000000e+00 0.000000e+00
5.183126e+01 0.000000e+00 0.000000e+00 0.000000e+00 0.000000e+00
5.188023e+01 0.000000e+00 0.000000e+00 0.000000e+00 0.000000e+00
5.192920e+01 0.000000e+00 0.000000e+00 0.000000e+00 0.000000e+00
5.197817e+01 0.000000e+00 0.000000e+00 0.000000e+00 0.000000e+00
5.202714e+01 0.000000e+00 0.000000e+00 0.000000e+00 0.000000e+00
5.207612e+01 0.000000e+00 0.000000e+00 0.000000e+00 0.000000e+00
5.212509e+01 0.000000e+00 0.000000e+00 0.000000e+00 0.000000e+00
5.217406e+01 0.000000e+00 0.000000e+00 0.000000e+00 0.000000e+00
5.222303e+01 0.000000e+00 0.000000e+00 0.000000e+00 0.000000e+00
5.227200e+01 0.000000e+00 0.000000e+00 0.000000e+00 0.000000e+00
5.232097e+01 0.000000e+00 0.000000e+00 0.000000e+00 0.000000e+00
5.236994e+01 0.000000e+00 0.000000e+00 0.000000e+00 0.000000e+00
5.241891e+01 0.000000e+00 0.000000e+00 0.000000e+00 0.000000e+00
5.246788e+01 0.000000e+00 0.000000e+00 0.000000e+00 0.000000e+00
5.251685e+01 0.000000e+00 0.000000e+00 0.000000e+00 0.000000e+00
5.256582e+01 0.000000e+00 0.000000e+00 0.000000e+00 0.000000e+00
5.261479e+01 0.000000e+00 0.000000e+00 0.000000e+00 0.000000e+00
5.266376e+01 0.000000e+00 0.000000e+00 0.000000e+00 0.000000e+00
5.271273e+01 0.000000e+00 0.000000e+00 0.000000e+00 0.000000e+00
5.276170e+01 0.000000e+00 0.000000e+00 0.000000e+00 0.000000e+00
5.281067e+01 0.000000e+00 0.000000e+00 0.000000e+00 0.000000e+00
5.285964e+01 0.000000e+00 0.000000e+00 0.000000e+00 0.000000e+00
5.290862e+01 0.000000e+00 0.000000e+00 0.000000e+00 0.000000e+00
5.295759e+01 0.000000e+00 0.000000e+00 0.000000e+00 0.000000e+00
5.300656e+01 0.000000e+00 0.000000e+00 0.000000e+00 0.000000e+00
5.305553e+01 0.000000e+00 0.000000e+00 0.000000e+00 0.000000e+00
5.310450e+01 0.000000e+00 0.000000e+00 0.000000e+00 0.000000e+00
5.315347e+01 0.000000e+00 0.000000e+00 0.000000e+00 0.000000e+00
5.320244e+01 0.000000e+00 0.000000e+00 0.000000e+00 0.000000e+00
5.325141e+01 0.000000e+00 0.000000e+00 0.000000e+00 0.000000e+00
5.330038e+01 0.000000e+00 0.000000e+00 0.000000e+00 0.000000e+00
5.334935e+01 0.000000e+00 0.000000e+00 0.000000e+00 0.000000e+00
5.339832e+01 0.000000e+00 0.000000e+00 0.000000e+00 0.000000e+00
5.344729e+01 0.000000e+00 0.000000e+00 0.000000e+00 0.000000e+00
5.349626e+01 0.000000e+00 0.000000e+00 0.000000e+00 0.000000e+00
5.354523e+01 0.000000e+00 0.000000e+00 0.000000e+00 0.000000e+00
5.359420e+01 0.000000e+00 0.000000e+00 0.000000e+00 0.000000e+00
5.364317e+01 0.000000e+00 0.000000e+00 0.000000e+00 0.000000e+00
5.369214e+01 0.000000e+00 0.000000e+00 0.000000e+00 0.000000e+00
5.374112e+01 0.000000e+00 0.000000e+00 0.000000e+00 0.000000e+00
5.379009e+01 0.000000e+00 0.000000e+00 0.000000e+00 0.000000e+00
5.383906e+01 0.000000e+00 0.000000e+00 0.000000e+00 0.000000e+00
5.388803e+01 0.000000e+00 0.000000e+00 0.000000e+00 0.000000e+00
5.393700e+01 0.000000e+00 0.000000e+00 0.000000e+00 0.000000e+00
5.398597e+01 0.000000e+00 0.000000e+00 0.000000e+00 0.000000e+00
5.403494e+01 0.000000e+00 0.000000e+00 0.000000e+00 0.000000e+00
5.408391e+01 0.000000e+00 0.000000e+00 0.000000e+00 0.000000e+00
5.413288e+01 0.000000e+00 0.000000e+00 0.000000e+00 0.000000e+00
5.418185e+01 0.000000e+00 0.000000e+00 0.000000e+00 0.000000e+00
5.423082e+01 0.000000e+00 0.000000e+00 0.000000e+00 0.000000e+00
5.427979e+01 0.000000e+00 0.000000e+00 0.000000e+00 0.000000e+00
5.432876e+01 0.000000e+00 0.000000e+00 0.000000e+00 0.000000e+00
5.437773e+01 0.000000e+00 0.000000e+00 0.000000e+00 0.000000e+00
5.442670e+01 0.000000e+00 0.000000e+00 0.000000e+00 0.000000e+00
5.447567e+01 0.000000e+00 0.000000e+00 0.000000e+00 0.000000e+00
5.452465e+01 0.000000e+00 0.000000e+00 0.000000e+00 0.000000e+00
5.457362e+01 0.000000e+00 0.000000e+00 0.000000e+00 0.000000e+00
5.462259e+01 0.000000e+00 0.000000e+00 0.000000e+00 0.000000e+00
5.467156e+01 0.000000e+00 0.000000e+00 0.000000e+00 0.000000e+00
5.472053e+01 0.000000e+00 0.000000e+00 0.000000e+00 0.000000e+00
5.476950e+01 0.000000e+00 0.000000e+00 0.000000e+00 0.000000e+00
5.481847e+01 0.000000e+00 0.000000e+00 0.000000e+00 0.000000e+00
5.486744e+01 0.000000e+00 0.000000e+00 0.000000e+00 0.000000e+00
5.491641e+01 0.000000e+00 0.000000e+00 0.000000e+00 0.000000e+00
5.496538e+01 0.000000e+00 0.000000e+00 0.000000e+00 0.000000e+00
5.501435e+01 0.000000e+00 0.000000e+00 0.000000e+00 0.000000e+00
5.506332e+01 0.000000e+00 0.000000e+00 0.000000e+00 0.000000e+00
5.511229e+01 0.000000e+00 0.000000e+00 0.000000e+00 0.000000e+00
5.516126e+01 0.000000e+00 0.000000e+00 0.000000e+00 0.000000e+00
5.521023e+01 0.000000e+00 0.000000e+00 0.000000e+00 0.000000e+00
5.525920e+01 0.000000e+00 0.000000e+00 0.000000e+00 0.000000e+00
5.530817e+01 0.000000e+00 0.000000e+00 0.000000e+00 0.000000e+00
5.535715e+01 0.000000e+00 0.000000e+00 0.000000e+00 0.000000e+00
5.540612e+01 0.000000e+00 0.000000e+00 0.000000e+00 0.000000e+00
5.545509e+01 0.000000e+00 0.000000e+00 0.000000e+00 0.000000e+00
5.550406e+01 0.000000e+00 0.000000e+00 0.000000e+00 0.000000e+00
5.555303e+01 0.000000e+00 0.000000e+00 0.000000e+00 0.000000e+00
5.560200e+01 0.000000e+00 0.000000e+00 0.000000e+00 0.000000e+00
5.565097e+01 0.000000e+00 0.000000e+00 0.000000e+00 0.000000e+00
5.569994e+01 0.000000e+00 0.000000e+00 0.000000e+00 0.000000e+00
5.574891e+01 0.000000e+00 0.000000e+00 0.000000e+00 0.000000e+00
5.579788e+01 0.000000e+00 0.000000e+00 0.000000e+00 0.000000e+00
5.584685e+01 0.000000e+00 0.000000e+00 0.000000e+00 0.000000e+00
5.589582e+01 0.000000e+00 0.000000e+00 0.000000e+00 0.000000e+00
5.594479e+01 0.000000e+00 0.000000e+00 0.000000e+00 0.000000e+00
5.599376e+01 0.000000e+00 0.000000e+00 0.000000e+00 0.000000e+00
5.604273e+01 0.000000e+00 0.000000e+00 0.000000e+00 0.000000e+00
5.609170e+01 0.000000e+00 0.000000e+00 0.000000e+00 0.000000e+00
5.614067e+01 0.000000e+00 0.000000e+00 0.000000e+00 0.000000e+00
5.618965e+01 0.000000e+00 0.000000e+00 0.000000e+00 0.000000e+00
5.623862e+01 0.000000e+00 0.000000e+00 0.000000e+00 0.000000e+00
5.628759e+01 0.000000e+00 0.000000e+00 0.000000e+00 0.000000e+00
5.633656e+01 0.000000e+00 0.000000e+00 0.000000e+00 0.000000e+00
5.638553e+01 0.000000e+00 0.000000e+00 0.000000e+00 0.000000e+00
5.643450e+01 0.000000e+00 0.000000e+00 0.000000e+00 0.000000e+00
5.648347e+01 0.000000e+00 0.000000e+00 0.000000e+00 0.000000e+00
5.653244e+01 0.000000e+00 0.000000e+00 0.000000e+00 0.000000e+00
5.658141e+01 0.000000e+00 0.000000e+00 0.000000e+00 0.000000e+00
5.663038e+01 0.000000e+00 0.000000e+00 0.000000e+00 0.000000e+00
5.667935e+01 0.000000e+00 0.000000e+00 0.000000e+00 0.000000e+00
5.672832e+01 0.000000e+00 0.000000e+00 0.000000e+00 0.000000e+00
