7.240124e+00 0.000000e+00 0.000000e+00 0.000000e+00 0.000000e+00
7.289095e+00 0.000000e+00 0.000000e+00 0.000000e+00 0.000000e+00
7.338065e+00 0.000000e+00 0.000000e+00 0.000000e+00 0.000000e+00
7.387036e+00 0.000000e+00 0.000000e+00 0.000000e+00 0.000000e+00
7.436006e+00 0.000000e+00 0.000000e+00 0.000000e+00 0.000000e+00
7.484977e+00 0.000000e+00 0.000000e+00 0.000000e+00 0.000000e+00
7.533948e+00 0.000000e+00 0.000000e+00 0.000000e+00 0.000000e+00
7.582918e+00 0.000000e+00 0.000000e+00 0.000000e+00 0.000000e+00
7.631889e+00 0.000000e+00 0.000000e+00 0.000000e+00 0.000000e+00
7.680859e+00 0.000000e+00 0.000000e+00 0.000000e+00 0.000000e+00
7.729830e+00 0.000000e+00 0.000000e+00 0.000000e+00 0.000000e+00
7.778801e+00 0.000000e+00 0.000000e+00 0.000000e+00 0.000000e+00
7.827771e+00 0.000000e+00 0.000000e+00 0.000000e+00 0.000000e+00
7.876742e+00 0.000000e+00 0.000000e+00 0.000000e+00 0.000000e+00
7.925712e+00 0.000000e+00 0.000000e+00 0.000000e+00 0.000000e+00
7.974683e+00 0.000000e+00 0.000000e+00 0.000000e+00 0.000000e+00
8.023654e+00 0.000000e+00 0.000000e+00 0.000000e+00 0.000000e+00
8.072624e+00 0.000000e+00 0.000000e+00 0.000000e+00 0.000000e+00
8.121595e+00 0.000000e+00 0.000000e+00 0.000000e+00 0.000000e+00
8.170565e+00 0.000000e+00 0.000000e+00 0.000000e+00 0.000000e+00
8.219536e+00 0.000000e+00 0.000000e+00 0.000000e+00 0.000000e+00
8.268507e+00 0.000000e+00 0.000000e+00 0.000000e+00 0.000000e+00
8.317477e+00 0.000000e+00 0.000000e+00 0.000000e+00 0.000000e+00
8.366448e+00 0.000000e+00 0.000000e+00 0.000000e+00 0.000000e+00
8.415418e+00 0.000000e+00 0.000000e+00 0.000000e+00 0.000000e+00
8.464389e+00 0.000000e+00 0.000000e+00 0.000000e+00 0.000000e+00
8.513360e+00 0.000000e+00 0.000000e+00 0.000000e+00 0.000000e+00
8.562330e+00 0.000000e+00 0.000000e+00 0.000000e+00 0.000000e+00
8.611301e+00 0.000000e+00 0.000000e+00 0.000000e+00 0.000000e+00
8.660271e+00 0.000000e+00 0.000000e+00 0.000000e+00 0.000000e+00
8.709242e+00 0.000000e+00 0.000000e+00 0.000000e+00 0.000000e+00
8.758213e+00 0.000000e+00 0.000000e+00 0.000000e+00 0.000000e+00
8.807183e+00 0.000000e+00 0.000000e+00 0.000000e+00 0.000000e+00
8.856154e+00 0.000000e+00 0.000000e+00 0.000000e+00 0.000000e+00
8.905124e+00 0.000000e+00 0.000000e+00 0.000000e+00 0.000000e+00
8.954095e+00 0.000000e+00 0.000000e+00 0.000000e+00 0.000000e+00
9.003066e+00 0.000000e+00 0.000000e+00 0.000000e+00 0.000000e+00
9.052036e+00 0.000000e+00 0.000000e+00 0.000000e+00 0.000000e+00
9.101007e+00 0.000000e+00 0.000000e+00 0.000000e+00 0.000000e+00
9.149977e+00 0.000000e+00 0.000000e+00 0.000000e+00 0.000000e+00
9.198948e+00 0.000000e+00 0.000000e+00 0.000000e+00 0.000000e+00
9.247919e+00 0.000000e+00 0.000000e+00 0.000000e+00 0.000000e+00
9.296889e+00 0.000000e+00 0.000000e+00 0.000000e+00 0.000000e+00
9.345860e+00 0.000000e+00 0.000000e+00 0.000000e+00 0.000000e+00
9.394830e+00 0.000000e+00 0.000000e+00 0.000000e+00 0.000000e+00
9.443801e+00 0.000000e+00 0.000000e+00 0.000000e+00 0.000000e+00
9.492772e+00 0.000000e+00 0.000000e+00 0.000000e+00 0.000000e+00
9.541742e+00 0.000000e+00 0.000000e+00 0.000000e+00 0.000000e+00
9.590713e+00 0.000000e+00 0.000000e+00 0.000000e+00 0.000000e+00
9.639683e+00 0.000000e+00 0.000000e+00 0.000000e+00 0.000000e+00
9.688654e+00 0.000000e+00 0.000000e+00 0.000000e+00 0.000000e+00
9.737625e+00 0.000000e+00 0.000000e+00 0.000000e+00 0.000000e+00
9.786595e+00 0.000000e+00 0.000000e+00 0.000000e+00 0.000000e+00
9.835566e+00 0.000000e+00 0.000000e+00 0.000000e+00 0.000000e+00
9.884536e+00 0.000000e+00 0.000000e+00 0.000000e+00 0.000000e+00
9.933507e+00 0.000000e+00 0.000000e+00 0.000000e+00 0.000000e+00
9.982478e+00 0.000000e+00 0.000000e+00 0.000000e+00 0.000000e+00
1.003145e+01 0.000000e+00 0.000000e+00 0.000000e+00 0.000000e+00
1.008042e+01 0.000000e+00 0.000000e+00 0.000000e+00 0.000000e+00
1.012939e+01 0.000000e+00 0.000000e+00 0.000000e+00 0.000000e+00
1.017836e+01 0.000000e+00 0.000000e+00 0.000000e+00 0.000000e+00
1.022733e+01 0.000000e+00 0.000000e+00 0.000000e+00 0.000000e+00
1.027630e+01 0.000000e+00 0.000000e+00 0.000000e+00 0.000000e+00
1.032527e+01 0.000000e+00 0.000000e+00 0.000000e+00 0.000000e+00
1.037424e+01 0.000000e+00 0.000000e+00 0.000000e+00 0.000000e+00
1.042321e+01 0.000000e+00 0.000000e+00 0.000000e+00 0.000000e+00
1.047218e+01 0.000000e+00 0.000000e+00 0.000000e+00 0.000000e+00
1.052115e+01 0.000000e+00 0.000000e+00 0.000000e+00 0.000000e+00
1.057012e+01 0.000000e+00 0.000000e+00 0.000000e+00 0.000000e+00
1.061910e+01 0.000000e+00 0.000000e+00 0.000000e+00 0.000000e+00
1.066807e+01 0.000000e+00 0.000000e+00 0.000000e+00 0.000000e+00
1.071704e+01 0.000000e+00 0.000000e+00 0.000000e+00 0.000000e+00
1.076601e+01 0.000000e+00 0.000000e+00 0.000000e+00 0.000000e+00
1.081498e+01 0.000000e+00 0.000000e+00 0.000000e+00 0.000000e+00
1.086395e+01 0.000000e+00 0.000000e+00 0.000000e+00 0.000000e+00
1.091292e+01 0.000000e+00 0.000000e+00 0.000000e+00 0.000000e+00
1.096189e+01 0.000000e+00 0.000000e+00 0.000000e+00 0.000000e+00
1.101086e+01 0.000000e+00 0.000000e+00 0.000000e+00 0.000000e+00
1.105983e+01 0.000000e+00 0.000000e+00 0.000000e+00 0.000000e+00
1.110880e+01 8.775200e-15 2.068642e-14 2.049755e-15 3.589429e-15
1.115777e+01 7.522145e-14 1.548498e-13 2.708968e-14 4.372488e-14
1.120674e+01 3.053151e-13 6.246557e-13 1.114350e-13 1.798547e-13
1.125571e+01 1.406803e-12 2.779972e-12 5.478536e-13 8.925835e-13
1.130468e+01 5.331679e-12 1.042043e-11 2.113143e-12 3.461458e-12
1.135365e+01 1.879689e-11 3.641568e-11 7.565384e-12 1.240960e-11
1.140263e+01 6.303987e-11 1.211211e-10 2.569889e-11 4.229958e-11
1.145160e+01 1.994937e-10 3.803367e-10 8.223125e-11 1.359132e-10
1.150057e+01 5.980400e-10 1.131788e-09 2.489938e-10 4.133380e-10
1.154954e+01 1.698157e-09 3.191121e-09 7.135632e-10 1.189787e-09
1.159851e+01 4.572666e-09 8.536429e-09 1.936508e-09 3.245060e-09
1.164748e+01 1.168131e-08 2.167635e-08 4.978243e-09 8.389344e-09
1.169645e+01 2.832446e-08 5.227926e-08 1.212687e-08 2.056725e-08
1.174542e+01 6.522781e-08 1.198403e-07 2.800303e-08 4.784012e-08
1.179439e+01 1.427572e-07 2.613045e-07 6.132484e-08 1.056422e-07
1.184336e+01 2.971606e-07 5.424347e-07 1.274264e-07 2.216208e-07
1.189233e+01 5.888268e-07 1.073084e-06 2.513708e-07 4.420260e-07
1.194130e+01 1.111722e-06 2.025201e-06 4.710512e-07 8.389152e-07
1.199027e+01 2.001940e-06 3.650333e-06 8.390824e-07 1.516404e-06
1.203924e+01 3.441847e-06 6.290759e-06 1.421754e-06 2.613027e-06
1.208821e+01 5.655106e-06 1.037577e-05 2.293161e-06 4.296388e-06
1.213718e+01 8.887423e-06 1.639282e-05 3.523190e-06 6.746263e-06
1.218615e+01 1.336897e-05 2.482368e-05 5.159549e-06 1.012369e-05
1.223513e+01 1.925771e-05 3.604019e-05 7.206272e-06 1.452668e-05
1.228410e+01 2.656862e-05 5.016416e-05 9.603574e-06 1.993811e-05
1.233307e+01 3.510195e-05 6.691324e-05 1.221568e-05 2.617694e-05
1.238204e+01 4.439227e-05 8.547434e-05 1.483328e-05 3.286919e-05
1.243101e+01 5.370495e-05 1.044630e-04 1.719499e-05 3.945683e-05
1.247998e+01 6.210442e-05 1.220264e-04 1.902787e-05 4.525899e-05
1.252895e+01 6.860363e-05 1.361205e-04 2.010154e-05 4.958885e-05
1.257792e+01 7.238085e-05 1.449417e-04 2.028616e-05 5.191464e-05
1.262689e+01 7.302444e-05 1.474292e-04 1.960416e-05 5.203998e-05
1.267586e+01 7.075317e-05 1.437141e-04 1.826994e-05 5.027545e-05
1.272483e+01 6.656632e-05 1.353938e-04 1.672149e-05 4.758367e-05
1.277380e+01 6.230336e-05 1.255544e-04 1.565777e-05 4.569792e-05
1.282277e+01 6.062077e-05 1.185373e-04 1.609991e-05 4.722507e-05
1.287174e+01 6.490443e-05 1.194985e-04 1.948515e-05 5.572966e-05
1.292071e+01 7.911772e-05 1.338238e-04 2.777708e-05 7.575228e-05
1.296968e+01 1.075472e-04 1.664444e-04 4.353826e-05 1.126591e-04
1.301865e+01 1.543811e-04 2.210753e-04 6.987749e-05 1.721905e-04
1.306763e+01 2.230728e-04 2.994192e-04 1.101785e-04 2.596208e-04
1.311660e+01 3.155276e-04 4.004430e-04 1.675611e-04 3.785788e-04
1.316557e+01 4.312754e-04 5.199203e-04 2.441283e-04 5.297777e-04
1.321454e+01 5.669108e-04 6.504753e-04 3.401814e-04 7.100757e-04
1.326351e+01 7.161061e-04 7.823119e-04 4.536829e-04 9.123236e-04
1.331248e+01 8.703926e-04 9.046495e-04 5.802438e-04 1.126285e-03
1.336145e+01 1.020660e-03 1.007646e-03 7.137758e-04 1.340559e-03
1.341042e+01 1.159045e-03 1.084365e-03 8.477187e-04 1.545050e-03
1.345939e+01 1.280666e-03 1.132236e-03 9.765336e-04 1.733229e-03
1.350836e+01 1.384689e-03 1.153531e-03 1.097050e-03 1.903487e-03
1.355733e+01 1.474382e-03 1.154688e-03 1.209326e-03 2.059133e-03
1.360630e+01 1.556199e-03 1.144650e-03 1.316841e-03 2.207105e-03
1.365527e+01 1.638253e-03 1.132780e-03 1.426064e-03 2.355916e-03
1.370424e+01 1.728718e-03 1.126991e-03 1.545496e-03 2.513667e-03
1.375321e+01 1.834652e-03 1.132663e-03 1.684383e-03 2.686910e-03
1.380218e+01 1.961519e-03 1.152545e-03 1.851255e-03 2.880756e-03
1.385116e+01 2.113346e-03 1.187496e-03 2.052540e-03 3.100001e-03
1.390013e+01 2.293162e-03 1.237613e-03 2.291534e-03 3.350338e-03
1.394910e+01 2.503206e-03 1.303203e-03 2.567971e-03 3.638443e-03
1.399807e+01 2.744477e-03 1.385190e-03 2.878244e-03 3.969996e-03
1.404704e+01 3.015520e-03 1.484794e-03 3.216013e-03 4.345754e-03
1.409601e+01 3.310800e-03 1.602653e-03 3.572709e-03 4.757037e-03
1.414498e+01 3.619383e-03 1.737817e-03 3.937437e-03 5.182895e-03
1.419395e+01 3.924757e-03 1.887117e-03 4.296185e-03 5.590968e-03
1.424292e+01 4.206271e-03 2.045285e-03 4.630860e-03 5.942668e-03
1.429189e+01 4.442116e-03 2.205881e-03 4.919153e-03 6.201314e-03
1.434086e+01 4.613127e-03 2.362718e-03 5.136240e-03 6.340424e-03
1.438983e+01 4.706374e-03 2.511217e-03 5.258696e-03 6.349208e-03
1.443880e+01 4.717558e-03 2.649114e-03 5.269916e-03 6.233644e-03
1.448777e+01 4.651649e-03 2.776210e-03 5.165323e-03 6.013415e-03
1.453674e+01 4.521703e-03 2.893248e-03 4.955333e-03 5.716529e-03
1.458571e+01 4.346281e-03 3.000396e-03 4.664635e-03 5.373811e-03
1.463468e+01 4.146174e-03 3.096046e-03 4.327674e-03 5.014801e-03
1.468366e+01 3.941264e-03 3.176571e-03 3.981689e-03 4.665533e-03
1.473263e+01 3.748244e-03 3.237371e-03 3.659564e-03 4.347797e-03
1.478160e+01 3.579644e-03 3.275028e-03 3.384731e-03 4.079174e-03
1.483057e+01 3.444170e-03 3.289891e-03 3.169414e-03 3.873207e-03
1.487954e+01 3.347867e-03 3.288089e-03 3.016229e-03 3.739283e-03
1.492851e+01 3.295352e-03 3.282016e-03 2.921996e-03 3.682044e-03
1.497748e+01 3.290441e-03 3.288788e-03 2.882109e-03 3.700426e-03
1.502645e+01 3.335881e-03 3.326885e-03 2.893959e-03 3.786798e-03
1.507542e+01 3.432407e-03 3.411860e-03 2.958518e-03 3.926843e-03
1.512439e+01 3.577658e-03 3.552337e-03 3.079896e-03 4.100740e-03
1.517336e+01 3.765434e-03 3.747387e-03 3.263208e-03 4.285707e-03
1.522233e+01 3.985525e-03 3.985895e-03 3.511410e-03 4.459269e-03
1.527130e+01 4.224037e-03 4.247968e-03 3.821859e-03 4.602284e-03
1.532027e+01 4.464113e-03 4.507986e-03 4.183496e-03 4.700858e-03
1.536924e+01 4.687060e-03 4.738724e-03 4.575549e-03 4.746909e-03
1.541821e+01 4.874052e-03 4.915853e-03 4.968534e-03 4.737768e-03
1.546718e+01 5.008441e-03 5.022032e-03 5.327805e-03 4.675485e-03
1.551616e+01 5.078360e-03 5.049734e-03 5.619114e-03 4.566232e-03
1.556513e+01 5.078873e-03 5.002031e-03 5.814860e-03 4.419728e-03
1.561410e+01 5.012812e-03 4.890958e-03 5.899223e-03 4.248255e-03
1.566307e+01 4.889796e-03 4.733824e-03 5.870634e-03 4.064931e-03
1.571204e+01 4.723590e-03 4.548521e-03 5.740878e-03 3.881372e-03
1.576101e+01 4.528649e-03 4.349305e-03 5.531233e-03 3.705409e-03
1.580998e+01 4.317003e-03 4.144341e-03 5.266990e-03 3.539678e-03
1.585895e+01 4.096430e-03 3.935584e-03 4.972018e-03 3.381687e-03
1.590792e+01 3.870301e-03 3.720726e-03 4.664774e-03 3.225402e-03
1.595689e+01 3.638878e-03 3.496276e-03 4.356540e-03 3.063817e-03
1.600586e+01 3.401391e-03 3.260618e-03 4.051862e-03 2.891692e-03
1.605483e+01 3.158149e-03 3.016115e-03 3.750695e-03 2.707637e-03
1.610380e+01 2.912044e-03 2.769768e-03 3.451342e-03 2.515021e-03
1.615277e+01 2.669094e-03 2.532411e-03 3.153306e-03 2.321565e-03
1.620174e+01 2.437942e-03 2.316777e-03 2.859210e-03 2.137837e-03
1.625071e+01 2.228485e-03 2.135025e-03 2.575309e-03 1.975121e-03
1.629969e+01 2.050053e-03 1.996418e-03 2.310515e-03 1.843227e-03
1.634866e+01 1.909645e-03 1.905786e-03 2.074365e-03 1.748785e-03
1.639763e+01 1.810745e-03 1.863193e-03 1.874683e-03 1.694357e-03
1.644660e+01 1.753019e-03 1.864789e-03 1.715771e-03 1.678496e-03
1.649557e+01 1.732910e-03 1.904460e-03 1.597718e-03 1.696552e-03
1.654454e+01 1.744827e-03 1.975596e-03 1.516943e-03 1.741940e-03
1.659351e+01 1.782518e-03 2.072353e-03 1.467657e-03 1.807543e-03
1.664248e+01 1.840291e-03 2.190132e-03 1.443671e-03 1.887071e-03
1.669145e+01 1.913926e-03 2.325434e-03 1.439980e-03 1.976364e-03
1.674042e+01 2.001299e-03 2.475542e-03 1.453750e-03 2.074606e-03
1.678939e+01 2.102770e-03 2.638461e-03 1.484579e-03 2.185270e-03
1.683836e+01 2.221231e-03 2.813262e-03 1.534063e-03 2.316368e-03
1.688733e+01 2.361630e-03 3.000605e-03 1.604842e-03 2.479442e-03
1.693630e+01 2.529768e-03 3.203009e-03 1.699350e-03 2.686944e-03
1.698527e+01 2.730448e-03 3.424531e-03 1.818580e-03 2.948232e-03
1.703424e+01 2.965349e-03 3.669752e-03 1.961235e-03 3.265061e-03
1.708321e+01 3.231276e-03 3.942240e-03 2.123597e-03 3.627990e-03
1.713219e+01 3.519396e-03 4.242766e-03 2.300319e-03 4.015103e-03
1.718116e+01 3.815789e-03 4.567477e-03 2.486021e-03 4.393870e-03
1.723013e+01 4.103159e-03 4.906228e-03 2.677237e-03 4.726012e-03
1.727910e+01 4.363209e-03 5.241359e-03 2.874015e-03 4.974254e-03
1.732807e+01 4.579027e-03 5.547481e-03 3.080359e-03 5.109240e-03
1.737704e+01 4.736927e-03 5.792993e-03 3.302938e-03 5.114851e-03
1.742601e+01 4.827491e-03 5.943843e-03 3.547978e-03 4.990652e-03
1.747498e+01 4.845770e-03 5.969321e-03 3.816929e-03 4.751062e-03
1.752395e+01 4.790872e-03 5.848731e-03 4.102187e-03 4.421698e-03
1.757292e+01 4.665211e-03 5.577000e-03 4.384584e-03 4.034048e-03
1.762189e+01 4.473781e-03 5.167322e-03 4.634144e-03 3.619877e-03
1.767086e+01 4.223713e-03 4.649726e-03 4.814755e-03 3.206658e-03
1.771983e+01 3.924243e-03 4.065843e-03 4.892037e-03 2.814850e-03
1.776880e+01 3.586977e-03 3.461410e-03 4.842307e-03 2.457212e-03
1.781777e+01 3.226132e-03 2.878665e-03 4.659914e-03 2.139818e-03
1.786674e+01 2.858403e-03 2.350572e-03 4.360568e-03 1.864069e-03
1.791571e+01 2.502198e-03 1.897993e-03 3.979636e-03 1.628966e-03
1.796469e+01 2.176293e-03 1.529843e-03 3.566033e-03 1.433003e-03
1.801366e+01 1.898134e-03 1.245506e-03 3.173542e-03 1.275353e-03
1.806263e+01 1.682130e-03 1.038377e-03 2.851770e-03 1.156244e-03
1.811160e+01 1.538176e-03 8.994481e-04 2.638406e-03 1.076672e-03
1.816057e+01 1.470518e-03 8.201810e-04 2.553694e-03 1.037679e-03
1.820954e+01 1.477068e-03 7.942783e-04 2.597436e-03 1.039491e-03
1.825851e+01 1.549281e-03 8.182753e-04 2.748817e-03 1.080750e-03
1.830748e+01 1.672811e-03 8.910648e-04 2.969343e-03 1.158026e-03
1.835645e+01 1.829096e-03 1.012545e-03 3.209074e-03 1.265669e-03
1.840542e+01 1.997719e-03 1.181644e-03 3.415525e-03 1.395988e-03
1.845439e+01 2.159116e-03 1.394104e-03 3.543572e-03 1.539672e-03
1.850336e+01 2.296954e-03 1.640573e-03 3.563932e-03 1.686355e-03
1.855233e+01 2.399631e-03 1.905714e-03 3.467888e-03 1.825290e-03
1.860130e+01 2.460708e-03 2.168960e-03 3.267028e-03 1.946136e-03
1.865027e+01 2.478488e-03 2.407163e-03 2.988434e-03 2.039867e-03
1.869924e+01 2.455191e-03 2.598689e-03 2.667128e-03 2.099754e-03
1.874822e+01 2.396104e-03 2.727848e-03 2.338219e-03 2.122243e-03
1.879719e+01 2.308821e-03 2.788212e-03 2.030752e-03 2.107499e-03
1.884616e+01 2.202449e-03 2.783617e-03 1.764321e-03 2.059409e-03
1.889513e+01 2.086636e-03 2.726490e-03 1.548436e-03 1.984983e-03
1.894410e+01 1.970432e-03 2.634107e-03 1.383941e-03 1.893249e-03
1.899307e+01 1.861193e-03 2.524142e-03 1.265544e-03 1.793892e-03
1.904204e+01 1.763821e-03 2.410930e-03 1.184628e-03 1.695904e-03
1.909101e+01 1.680529e-03 2.303422e-03 1.131718e-03 1.606447e-03
1.913998e+01 1.611113e-03 2.205025e-03 1.098237e-03 1.530075e-03
1.918895e+01 1.553547e-03 2.114853e-03 1.077405e-03 1.468384e-03
1.923792e+01 1.504682e-03 2.029610e-03 1.064329e-03 1.420107e-03
1.928689e+01 1.460879e-03 1.945426e-03 1.055542e-03 1.381668e-03
1.933586e+01 1.418549e-03 1.859208e-03 1.048302e-03 1.348135e-03
1.938483e+01 1.374608e-03 1.769410e-03 1.040029e-03 1.314386e-03
1.943380e+01 1.326867e-03 1.676278e-03 1.028064e-03 1.276260e-03
1.948277e+01 1.274330e-03 1.581726e-03 1.009845e-03 1.231419e-03
1.953174e+01 1.217341e-03 1.488952e-03 9.833696e-04 1.179702e-03
1.958072e+01 1.157541e-03 1.401916e-03 9.477821e-04 1.122926e-03
1.962969e+01 1.097613e-03 1.324745e-03 9.038485e-04 1.064244e-03
1.967866e+01 1.040848e-03 1.261127e-03 8.541591e-04 1.007258e-03
1.972763e+01 9.906220e-04 1.213753e-03 8.029499e-04 9.551633e-04
1.977660e+01 9.498384e-04 1.183869e-03 7.555345e-04 9.101115e-04
1.982557e+01 9.204489e-04 1.170997e-03 7.174339e-04 8.729160e-04
1.987454e+01 9.031165e-04 1.172880e-03 6.933683e-04 8.431013e-04
1.992351e+01 8.970810e-04 1.185691e-03 6.863234e-04 8.192289e-04
1.997248e+01 9.002480e-04 1.204474e-03 6.968992e-04 7.993706e-04
2.002145e+01 9.094918e-04 1.223773e-03 7.231011e-04 7.816009e-04
2.007042e+01 9.211330e-04 1.238357e-03 7.606423e-04 7.644001e-04
2.011939e+01 9.315263e-04 1.243947e-03 8.037124e-04 7.469193e-04
2.016836e+01 9.376716e-04 1.237860e-03 8.460516e-04 7.291033e-04
2.021733e+01 9.377443e-04 1.219440e-03 8.820882e-04 7.117044e-04
2.026630e+01 9.314316e-04 1.190203e-03 9.078759e-04 6.962158e-04
2.031527e+01 9.199863e-04 1.153599e-03 9.216222e-04 6.847372e-04
2.036424e+01 9.059696e-04 1.114414e-03 9.237264e-04 6.797681e-04
2.041322e+01 8.927359e-04 1.077903e-03 9.163845e-04 6.839201e-04
2.046219e+01 8.837830e-04 1.048859e-03 9.029320e-04 6.995585e-04
2.051116e+01 8.821205e-04 1.030832e-03 8.871272e-04 7.284025e-04
2.056013e+01 8.897748e-04 1.025666e-03 8.725304e-04 7.711279e-04
2.060910e+01 9.074818e-04 1.033379e-03 8.620455e-04 8.270210e-04
2.065807e+01 9.345603e-04 1.052325e-03 8.576180e-04 8.937384e-04
2.070704e+01 9.689376e-04 1.079510e-03 8.600552e-04 9.672479e-04
2.075601e+01 1.007328e-03 1.110984e-03 8.689649e-04 1.042035e-03
2.080498e+01 1.045595e-03 1.142290e-03 8.828493e-04 1.111644e-03
2.085395e+01 1.079319e-03 1.169011e-03 8.993989e-04 1.169548e-03
2.090292e+01 1.104535e-03 1.187405e-03 9.159853e-04 1.210213e-03
2.095189e+01 1.118476e-03 1.195051e-03 9.302643e-04 1.230114e-03
2.100086e+01 1.120152e-03 1.191336e-03 9.407280e-04 1.228394e-03
2.104983e+01 1.110540e-03 1.177627e-03 9.470283e-04 1.206964e-03
2.109880e+01 1.092342e-03 1.157070e-03 9.499605e-04 1.169996e-03
2.114777e+01 1.069384e-03 1.134061e-03 9.511176e-04 1.122974e-03
2.119675e+01 1.045835e-03 1.113539e-03 9.523460e-04 1.071618e-03
2.124572e+01 1.025469e-03 1.100264e-03 9.552014e-04 1.020941e-03
2.129469e+01 1.011134e-03 1.098171e-03 9.605879e-04 9.746426e-04
2.134366e+01 1.004455e-03 1.109840e-03 9.686718e-04 9.348531e-04
2.139263e+01 1.005775e-03 1.136104e-03 9.790468e-04 9.021757e-04
2.144160e+01 1.014264e-03 1.175831e-03 9.910347e-04 8.759282e-04
2.149057e+01 1.028157e-03 1.225966e-03 1.003974e-03 8.545312e-04
2.153954e+01 1.045104e-03 1.281925e-03 1.017390e-03 8.359964e-04
2.158851e+01 1.062601e-03 1.338334e-03 1.031010e-03 8.184596e-04
2.163748e+01 1.078457e-03 1.390012e-03 1.044696e-03 8.006617e-04
2.168645e+01 1.091204e-03 1.432976e-03 1.058370e-03 7.822656e-04
2.173542e+01 1.100379e-03 1.465195e-03 1.072021e-03 7.639217e-04
2.178439e+01 1.106580e-03 1.486885e-03 1.085783e-03 7.470716e-04
2.183336e+01 1.111278e-03 1.500256e-03 1.100016e-03 7.335609e-04
2.188233e+01 1.116422e-03 1.508809e-03 1.115273e-03 7.251823e-04
2.193130e+01 1.123923e-03 1.516405e-03 1.132090e-03 7.232737e-04
2.198027e+01 1.135146e-03 1.526352e-03 1.150640e-03 7.284479e-04
2.202925e+01 1.150542e-03 1.540745e-03 1.170402e-03 7.404796e-04
2.207822e+01 1.169505e-03 1.560165e-03 1.190019e-03 7.583316e-04
2.212719e+01 1.190505e-03 1.583743e-03 1.207478e-03 7.802950e-04
2.217616e+01 1.211448e-03 1.609524e-03 1.220597e-03 8.042231e-04
2.222513e+01 1.230185e-03 1.635035e-03 1.227670e-03 8.278503e-04
2.227410e+01 1.245040e-03 1.657897e-03 1.228046e-03 8.491771e-04
2.232307e+01 1.255227e-03 1.676367e-03 1.222441e-03 8.668741e-04
2.237204e+01 1.261053e-03 1.689637e-03 1.212901e-03 8.806211e-04
2.242101e+01 1.263844e-03 1.697814e-03 1.202443e-03 8.912752e-04
2.246998e+01 1.265614e-03 1.701557e-03 1.194508e-03 9.007761e-04
2.251895e+01 1.268544e-03 1.701522e-03 1.192354e-03 9.117571e-04
2.256792e+01 1.274410e-03 1.697809e-03 1.198508e-03 9.269144e-04
2.261689e+01 1.284102e-03 1.689693e-03 1.214336e-03 9.482776e-04
2.266586e+01 1.297359e-03 1.675753e-03 1.239751e-03 9.765735e-04
2.271483e+01 1.312791e-03 1.654383e-03 1.273122e-03 1.010868e-03
2.276380e+01 1.328167e-03 1.624485e-03 1.311416e-03 1.048600e-03
2.281277e+01 1.340901e-03 1.586051e-03 1.350642e-03 1.086012e-03
2.286175e+01 1.348605e-03 1.540387e-03 1.386555e-03 1.118874e-03
2.291072e+01 1.349566e-03 1.489886e-03 1.415509e-03 1.143301e-03
2.295969e+01 1.343047e-03 1.437446e-03 1.435228e-03 1.156466e-03
2.300866e+01 1.329339e-03 1.385759e-03 1.445226e-03 1.157032e-03
2.305763e+01 1.309562e-03 1.336742e-03 1.446711e-03 1.145233e-03
2.310660e+01 1.285297e-03 1.291285e-03 1.441955e-03 1.122651e-03
2.315557e+01 1.258161e-03 1.249354e-03 1.433339e-03 1.091789e-03
2.320454e+01 1.229449e-03 1.210351e-03 1.422406e-03 1.055591e-03
2.325351e+01 1.199945e-03 1.173554e-03 1.409269e-03 1.017011e-03
2.330248e+01 1.169906e-03 1.138454e-03 1.392593e-03 9.786729e-04
2.335145e+01 1.139215e-03 1.104904e-03 1.370125e-03 9.426162e-04
2.340042e+01 1.107585e-03 1.073072e-03 1.339567e-03 9.101152e-04
2.344939e+01 1.074757e-03 1.043262e-03 1.299437e-03 8.815733e-04
2.349836e+01 1.040630e-03 1.015741e-03 1.249623e-03 8.565258e-04
2.354733e+01 1.005296e-03 9.906427e-04 1.191455e-03 8.337909e-04
2.359630e+01 9.690293e-04 9.679751e-04 1.127343e-03 8.117699e-04
2.364528e+01 9.322418e-04 9.477140e-04 1.060160e-03 7.888510e-04
2.369425e+01 8.954484e-04 9.298916e-04 9.926378e-04 7.638157e-04
2.374322e+01 8.592350e-04 9.146197e-04 9.269528e-04 7.361323e-04
2.379219e+01 8.242192e-04 9.020124e-04 8.645984e-04 7.060466e-04
2.384116e+01 7.909844e-04 8.920310e-04 8.064778e-04 6.744443e-04
2.389013e+01 7.599839e-04 8.843132e-04 7.531001e-04 6.425385e-04
2.393910e+01 7.314350e-04 8.780625e-04 7.047491e-04 6.114934e-04
2.398807e+01 7.052394e-04 8.720522e-04 6.615537e-04 5.821124e-04
2.403704e+01 6.809698e-04 8.647603e-04 6.234625e-04 5.546868e-04
2.408601e+01 6.579400e-04 8.546072e-04 5.901774e-04 5.290353e-04
2.413498e+01 6.353488e-04 8.402340e-04 5.611168e-04 5.046955e-04
2.418395e+01 6.124585e-04 8.207440e-04 5.354523e-04 4.811794e-04
2.423292e+01 5.887557e-04 7.958442e-04 5.122276e-04 4.581953e-04
2.428189e+01 5.640488e-04 7.658520e-04 4.905262e-04 4.357682e-04
2.433086e+01 5.384835e-04 7.315753e-04 4.696438e-04 4.142314e-04
2.437983e+01 5.124794e-04 6.941111e-04 4.492151e-04 3.941120e-04
2.442880e+01 4.866168e-04 6.546266e-04 4.292647e-04 3.759593e-04
2.447778e+01 4.615078e-04 6.141840e-04 4.101656e-04 3.601737e-04
2.452675e+01 4.376806e-04 5.736464e-04 3.925130e-04 3.468823e-04
2.457572e+01 4.154990e-04 5.336695e-04 3.769413e-04 3.358862e-04
2.462469e+01 3.951249e-04 4.947594e-04 3.639319e-04 3.266834e-04
2.467366e+01 3.765247e-04 4.573555e-04 3.536632e-04 3.185555e-04
2.472263e+01 3.595147e-04 4.219009e-04 3.459486e-04 3.106945e-04
2.477160e+01 3.438313e-04 3.888722e-04 3.402797e-04 3.023419e-04
2.482057e+01 3.292098e-04 3.587591e-04 3.359580e-04 2.929122e-04
2.486954e+01 3.154496e-04 3.320022e-04 3.322670e-04 2.820798e-04
2.491851e+01 3.024494e-04 3.089120e-04 3.286233e-04 2.698130e-04
2.496748e+01 2.902039e-04 2.895946e-04 3.246613e-04 2.563559e-04
2.501645e+01 2.787675e-04 2.739067e-04 3.202320e-04 2.421637e-04
2.506542e+01 2.682006e-04 2.614545e-04 3.153367e-04 2.278106e-04
2.511439e+01 2.585217e-04 2.516396e-04 3.100366e-04 2.138888e-04
2.516336e+01 2.496804e-04 2.437420e-04 3.043810e-04 2.009180e-04
2.521233e+01 2.415587e-04 2.370222e-04 2.983764e-04 1.892776e-04
2.526130e+01 2.339949e-04 2.308200e-04 2.919912e-04 1.791736e-04
2.531028e+01 2.268146e-04 2.246296e-04 2.851758e-04 1.706385e-04
2.535925e+01 2.198586e-04 2.181381e-04 2.778758e-04 1.635620e-04
2.540822e+01 2.129994e-04 2.112263e-04 2.700311e-04 1.577408e-04
2.545719e+01 2.061474e-04 2.039393e-04 2.615708e-04 1.529320e-04
2.550616e+01 1.992523e-04 1.964394e-04 2.524206e-04 1.488969e-04
2.555513e+01 1.923025e-04 1.889522e-04 2.425298e-04 1.454256e-04
2.560410e+01 1.853254e-04 1.817159e-04 2.319168e-04 1.423436e-04
2.565307e+01 1.783887e-04 1.749414e-04 2.207171e-04 1.395074e-04
2.570204e+01 1.716030e-04 1.687890e-04 2.092180e-04 1.368020e-04
2.575101e+01 1.651264e-04 1.633646e-04 1.978674e-04 1.341470e-04
2.579998e+01 1.591655e-04 1.587317e-04 1.872529e-04 1.315118e-04
2.584895e+01 1.539685e-04 1.549277e-04 1.780460e-04 1.289319e-04
2.589792e+01 1.497995e-04 1.519718e-04 1.709146e-04 1.265121e-04
2.594689e+01 1.468907e-04 1.498558e-04 1.664091e-04 1.244074e-04
2.599586e+01 1.453797e-04 1.485216e-04 1.648378e-04 1.227797e-04
2.604483e+01 1.452467e-04 1.478380e-04 1.661616e-04 1.217404e-04
2.609381e+01 1.462758e-04 1.475923e-04 1.699389e-04 1.212962e-04
2.614278e+01 1.480586e-04 1.475071e-04 1.753513e-04 1.213175e-04
2.619175e+01 1.500453e-04 1.472775e-04 1.813147e-04 1.215436e-04
2.624072e+01 1.516357e-04 1.466188e-04 1.866603e-04 1.216281e-04
2.628969e+01 1.522886e-04 1.453095e-04 1.903428e-04 1.212134e-04
2.633866e+01 1.516222e-04 1.432236e-04 1.916270e-04 1.200162e-04
2.638763e+01 1.494853e-04 1.403472e-04 1.902103e-04 1.178985e-04
2.643660e+01 1.459812e-04 1.367814e-04 1.862579e-04 1.149044e-04
2.648557e+01 1.414434e-04 1.327281e-04 1.803503e-04 1.112517e-04
2.653454e+01 1.363672e-04 1.284576e-04 1.733610e-04 1.072831e-04
2.658351e+01 1.313135e-04 1.242585e-04 1.662917e-04 1.033903e-04
2.663248e+01 1.268010e-04 1.203777e-04 1.600916e-04 9.993361e-05
2.668145e+01 1.232087e-04 1.169662e-04 1.554871e-04 9.717283e-05
2.673042e+01 1.207053e-04 1.140487e-04 1.528446e-04 9.522258e-05
2.677939e+01 1.192192e-04 1.115304e-04 1.520905e-04 9.403675e-05
2.682836e+01 1.184607e-04 1.092463e-04 1.527120e-04 9.342398e-05
2.687733e+01 1.179977e-04 1.070424e-04 1.538556e-04 9.309503e-05
2.692631e+01 1.173787e-04 1.048749e-04 1.545224e-04 9.273878e-05
2.697528e+01 1.162813e-04 1.028985e-04 1.538303e-04 9.211501e-05
2.702425e+01 1.146470e-04 1.015168e-04 1.512831e-04 9.114111e-05
2.707322e+01 1.127594e-04 1.013665e-04 1.469687e-04 8.994302e-05
2.712219e+01 1.112279e-04 1.032216e-04 1.416159e-04 8.884624e-05
2.717116e+01 1.108675e-04 1.078244e-04 1.364766e-04 8.830158e-05
2.722013e+01 1.124979e-04 1.156769e-04 1.330518e-04 8.876502e-05
2.726910e+01 1.167154e-04 1.268473e-04 1.327295e-04 9.056948e-05
2.731807e+01 1.237042e-04 1.408509e-04 1.364324e-04 9.382915e-05
2.736704e+01 1.331408e-04 1.566523e-04 1.443673e-04 9.840268e-05
2.741601e+01 1.442192e-04 1.727992e-04 1.559398e-04 1.039186e-04
2.746498e+01 1.557875e-04 1.876621e-04 1.698534e-04 1.098470e-04
2.751395e+01 1.665591e-04 1.997226e-04 1.843634e-04 1.155913e-04
2.756292e+01 1.753463e-04 2.078387e-04 1.976205e-04 1.205799e-04
2.761189e+01 1.812641e-04 2.114284e-04 2.080218e-04 1.243422e-04
2.766086e+01 1.838610e-04 2.105322e-04 2.144854e-04 1.265654e-04
2.770983e+01 1.831568e-04 2.057535e-04 2.165901e-04 1.271268e-04
2.775881e+01 1.795857e-04 1.980977e-04 2.145633e-04 1.260961e-04
2.780778e+01 1.738651e-04 1.887545e-04 2.091344e-04 1.237064e-04
2.785675e+01 1.668260e-04 1.788734e-04 2.013117e-04 1.202929e-04
2.790572e+01 1.592467e-04 1.693790e-04 1.921460e-04 1.162151e-04
2.795469e+01 1.517282e-04 1.608593e-04 1.825400e-04 1.117854e-04
2.800366e+01 1.446346e-04 1.535401e-04 1.731371e-04 1.072266e-04
2.805263e+01 1.381017e-04 1.473371e-04 1.642976e-04 1.026704e-04
2.810160e+01 1.320982e-04 1.419584e-04 1.561460e-04 9.819028e-05
2.815057e+01 1.265105e-04 1.370241e-04 1.486611e-04 9.384627e-05
2.819954e+01 1.212215e-04 1.321730e-04 1.417749e-04 8.971674e-05
2.824851e+01 1.161649e-04 1.271399e-04 1.354531e-04 8.590174e-05
2.829748e+01 1.113451e-04 1.217989e-04 1.297347e-04 8.250177e-05
2.834645e+01 1.068303e-04 1.161772e-04 1.247253e-04 7.958844e-05
2.839542e+01 1.027265e-04 1.104411e-04 1.205520e-04 7.718630e-05
2.844439e+01 9.914574e-05 1.048584e-04 1.173037e-04 7.527516e-05
2.849336e+01 9.617814e-05 9.974028e-05 1.149848e-04 7.380933e-05
2.854234e+01 9.387556e-05 9.537717e-05 1.135079e-04 7.274159e-05
2.859131e+01 9.225343e-05 9.198784e-05 1.127320e-04 7.204043e-05
2.864028e+01 9.131052e-05 8.970146e-05 1.125343e-04 7.169575e-05
2.868925e+01 9.106028e-05 8.857912e-05 1.128853e-04 7.171644e-05
2.873822e+01 9.156130e-05 8.866283e-05 1.138944e-04 7.212666e-05
2.878719e+01 9.293245e-05 9.002579e-05 1.158056e-04 7.296595e-05
2.883616e+01 9.534386e-05 9.279660e-05 1.189412e-04 7.429382e-05
2.888513e+01 9.898297e-05 9.714239e-05 1.236123e-04 7.619427e-05
2.893410e+01 1.040045e-04 1.032152e-04 1.300249e-04 7.877342e-05
2.898307e+01 1.104777e-04 1.110818e-04 1.382072e-04 8.214390e-05
2.903204e+01 1.183432e-04 1.206614e-04 1.479741e-04 8.639424e-05
2.908101e+01 1.273912e-04 1.316924e-04 1.589331e-04 9.154799e-05
2.912998e+01 1.372618e-04 1.437345e-04 1.705265e-04 9.752452e-05
2.917895e+01 1.474720e-04 1.562022e-04 1.820976e-04 1.041161e-04
2.922792e+01 1.574590e-04 1.684172e-04 1.929666e-04 1.109931e-04
2.927689e+01 1.666356e-04 1.796658e-04 2.025015e-04 1.177394e-04
2.932586e+01 1.744446e-04 1.892529e-04 2.101704e-04 1.239105e-04
2.937484e+01 1.804076e-04 1.965510e-04 2.155721e-04 1.290996e-04
2.942381e+01 1.841643e-04 2.010481e-04 2.184489e-04 1.329959e-04
2.947278e+01 1.855068e-04 2.023989e-04 2.186931e-04 1.354284e-04
2.952175e+01 1.844084e-04 2.004786e-04 2.163566e-04 1.363899e-04
2.957072e+01 1.810436e-04 1.954276e-04 2.116613e-04 1.360418e-04
2.961969e+01 1.757892e-04 1.876709e-04 2.049981e-04 1.346988e-04
2.966866e+01 1.691942e-04 1.778947e-04 1.968993e-04 1.327886e-04
2.971763e+01 1.619138e-04 1.669731e-04 1.879780e-04 1.307903e-04
2.976660e+01 1.546164e-04 1.558518e-04 1.788430e-04 1.291545e-04
2.981557e+01 1.478823e-04 1.454117e-04 1.700117e-04 1.282233e-04
2.986454e+01 1.421188e-04 1.363425e-04 1.618470e-04 1.281669e-04
2.991351e+01 1.375141e-04 1.290534e-04 1.545327e-04 1.289563e-04
2.996248e+01 1.340370e-04 1.236435e-04 1.480898e-04 1.303776e-04
3.001145e+01 1.314824e-04 1.199362e-04 1.424235e-04 1.320876e-04
3.006042e+01 1.295488e-04 1.175672e-04 1.373832e-04 1.336960e-04
3.010939e+01 1.279261e-04 1.161018e-04 1.328211e-04 1.348554e-04
3.015836e+01 1.263764e-04 1.151513e-04 1.286363e-04 1.353417e-04
3.020734e+01 1.247889e-04 1.144592e-04 1.248001e-04 1.351075e-04
3.025631e+01 1.232019e-04 1.139423e-04 1.213599e-04 1.343034e-04
3.030528e+01 1.217933e-04 1.136868e-04 1.184292e-04 1.332638e-04
3.035425e+01 1.208466e-04 1.139133e-04 1.161664e-04 1.324600e-04
3.040322e+01 1.207029e-04 1.149280e-04 1.147497e-04 1.324310e-04
3.045219e+01 1.217088e-04 1.170712e-04 1.143534e-04 1.337019e-04
3.050116e+01 1.241667e-04 1.206677e-04 1.151251e-04 1.367072e-04
3.055013e+01 1.282917e-04 1.259729e-04 1.171669e-04 1.417352e-04
3.059910e+01 1.341776e-04 1.331136e-04 1.205164e-04 1.489029e-04
3.064807e+01 1.417734e-04 1.420289e-04 1.251280e-04 1.581632e-04
3.069704e+01 1.508720e-04 1.524278e-04 1.308546e-04 1.693336e-04
3.074601e+01 1.611170e-04 1.637875e-04 1.374345e-04 1.821289e-04
3.079498e+01 1.720293e-04 1.754112e-04 1.444930e-04 1.961835e-04
3.084395e+01 1.830587e-04 1.865495e-04 1.515679e-04 2.110586e-04
3.089292e+01 1.936567e-04 1.965646e-04 1.581635e-04 2.262421e-04
3.094189e+01 2.033609e-04 2.050947e-04 1.638272e-04 2.411609e-04
3.099087e+01 2.118717e-04 2.121609e-04 1.682322e-04 2.552219e-04
3.103984e+01 2.191002e-04 2.181705e-04 1.712430e-04 2.678870e-04
3.108881e+01 2.251690e-04 2.237976e-04 1.729404e-04 2.787689e-04
3.113778e+01 2.303603e-04 2.297660e-04 1.735967e-04 2.877184e-04
3.118675e+01 2.350255e-04 2.366002e-04 1.736046e-04 2.948717e-04
3.123572e+01 2.394826e-04 2.444288e-04 1.733812e-04 3.006378e-04
3.128469e+01 2.439385e-04 2.529115e-04 1.732762e-04 3.056279e-04
3.133366e+01 2.484619e-04 2.613220e-04 1.735130e-04 3.105507e-04
3.138263e+01 2.530128e-04 2.687586e-04 1.741774e-04 3.161024e-04
3.143160e+01 2.575127e-04 2.744120e-04 1.752498e-04 3.228764e-04
3.148057e+01 2.619190e-04 2.777970e-04 1.766622e-04 3.312979e-04
3.152954e+01 2.662663e-04 2.788736e-04 1.783517e-04 3.415736e-04
3.157851e+01 2.706527e-04 2.780256e-04 1.802876e-04 3.536448e-04
3.162748e+01 2.751759e-04 2.759153e-04 1.824675e-04 3.671451e-04
3.167645e+01 2.798515e-04 2.732768e-04 1.848922e-04 3.813855e-04
3.172542e+01 2.845561e-04 2.707222e-04 1.875403e-04 3.954058e-04
3.177439e+01 2.890339e-04 2.686227e-04 1.903617e-04 4.081174e-04
3.182337e+01 2.929742e-04 2.670928e-04 1.932962e-04 4.185335e-04
3.187234e+01 2.961380e-04 2.660677e-04 1.963087e-04 4.260376e-04
3.192131e+01 2.984867e-04 2.654313e-04 1.994197e-04 4.306091e-04
3.197028e+01 3.002621e-04 2.651443e-04 2.027150e-04 4.329269e-04
3.201925e+01 3.019841e-04 2.653267e-04 2.063240e-04 4.343017e-04
3.206822e+01 3.043610e-04 2.662672e-04 2.103753e-04 4.364405e-04
3.211719e+01 3.081331e-04 2.683593e-04 2.149466e-04 4.410935e-04
3.216616e+01 3.138945e-04 2.719841e-04 2.200311e-04 4.496684e-04
3.221513e+01 3.219368e-04 2.773768e-04 2.255329e-04 4.629008e-04
3.226410e+01 3.321588e-04 2.845234e-04 2.312939e-04 4.806592e-04
3.231307e+01 3.440654e-04 2.931227e-04 2.371378e-04 5.019357e-04
3.236204e+01 3.568596e-04 3.026338e-04 2.429131e-04 5.250320e-04
3.241101e+01 3.696089e-04 3.123987e-04 2.485196e-04 5.479084e-04
3.245998e+01 3.814484e-04 3.218090e-04 2.539159e-04 5.686205e-04
3.250895e+01 3.917749e-04 3.304671e-04 2.591152e-04 5.857425e-04
3.255792e+01 4.003881e-04 3.383013e-04 2.641854e-04 5.986777e-04
3.260689e+01 4.075494e-04 3.456021e-04 2.692621e-04 6.077840e-04
3.265587e+01 4.139456e-04 3.529763e-04 2.745706e-04 6.142898e-04
3.270484e+01 4.205685e-04 3.612338e-04 2.804425e-04 6.200291e-04
3.275381e+01 4.285358e-04 3.712391e-04 2.873064e-04 6.270619e-04
3.280278e+01 4.388908e-04 3.837619e-04 2.956434e-04 6.372671e-04
3.285175e+01 4.524204e-04 3.993561e-04 3.059091e-04 6.519959e-04
3.290072e+01 4.695231e-04 4.182804e-04 3.184434e-04 6.718457e-04
3.294969e+01 4.901467e-04 4.404577e-04 3.333947e-04 6.965876e-04
3.299866e+01 5.137958e-04 4.654660e-04 3.506849e-04 7.252364e-04
3.304763e+01 5.396025e-04 4.925584e-04 3.700243e-04 7.562247e-04
3.309660e+01 5.664416e-04 5.207213e-04 3.909738e-04 7.876297e-04
3.314557e+01 5.930765e-04 5.487869e-04 4.130315e-04 8.174111e-04
3.319454e+01 6.183205e-04 5.756030e-04 4.357183e-04 8.436403e-04
3.324351e+01 6.411967e-04 6.002327e-04 4.586351e-04 8.647223e-04
3.329248e+01 6.610731e-04 6.221275e-04 4.814803e-04 8.796115e-04
3.334145e+01 6.777449e-04 6.412087e-04 5.040245e-04 8.880016e-04
3.339042e+01 6.914373e-04 6.578159e-04 5.260564e-04 8.904397e-04
3.343940e+01 7.027165e-04 6.725354e-04 5.473165e-04 8.882978e-04
3.348837e+01 7.123224e-04 6.859706e-04 5.674399e-04 8.835566e-04
3.353734e+01 7.209614e-04 6.985402e-04 5.859265e-04 8.784174e-04
3.358631e+01 7.291221e-04 7.103728e-04 6.021595e-04 8.748340e-04
3.363528e+01 7.369751e-04 7.213281e-04 6.154840e-04 8.741132e-04
3.368425e+01 7.444001e-04 7.311246e-04 6.253480e-04 8.767279e-04
3.373322e+01 7.511395e-04 7.395218e-04 6.314837e-04 8.824130e-04
3.378219e+01 7.570242e-04 7.464928e-04 6.340827e-04 8.904971e-04
3.383116e+01 7.621823e-04 7.523270e-04 6.339026e-04 9.003172e-04
3.388013e+01 7.671371e-04 7.576278e-04 6.322533e-04 9.115302e-04
3.392910e+01 7.727399e-04 7.631985e-04 6.308373e-04 9.241838e-04
3.397807e+01 7.799480e-04 7.698452e-04 6.314712e-04 9.385277e-04
3.402704e+01 7.895218e-04 7.781496e-04 6.357511e-04 9.546645e-04
3.407601e+01 8.017454e-04 7.882761e-04 6.447476e-04 9.722124e-04
3.412498e+01 8.162685e-04 7.998686e-04 6.588015e-04 9.901355e-04
3.417395e+01 8.321221e-04 8.120731e-04 6.774653e-04 1.006828e-03
3.422292e+01 8.479045e-04 8.236904e-04 6.995894e-04 1.020434e-03
3.427190e+01 8.620833e-04 8.334272e-04 7.235203e-04 1.029302e-03
3.432087e+01 8.733226e-04 8.401833e-04 7.473556e-04 1.032429e-03
3.436984e+01 8.807401e-04 8.432900e-04 7.691993e-04 1.029731e-03
3.441881e+01 8.840215e-04 8.426226e-04 7.873776e-04 1.022064e-03
3.446778e+01 8.833686e-04 8.385476e-04 8.005983e-04 1.010960e-03
3.451675e+01 8.793196e-04 8.317280e-04 8.080634e-04 9.981675e-04
3.456572e+01 8.725253e-04 8.228673e-04 8.095456e-04 9.851630e-04
3.461469e+01 8.635762e-04 8.124924e-04 8.054322e-04 9.728039e-04
3.466366e+01 8.529399e-04 8.008577e-04 7.967097e-04 9.612522e-04
3.471263e+01 8.410087e-04 7.879918e-04 7.848574e-04 9.501770e-04
3.476160e+01 8.282009e-04 7.738496e-04 7.716282e-04 9.391250e-04
3.481057e+01 8.150400e-04 7.584957e-04 7.587398e-04 9.278844e-04
3.485954e+01 8.021526e-04 7.422414e-04 7.475412e-04 9.166753e-04
3.490851e+01 7.901747e-04 7.256848e-04 7.387454e-04 9.060939e-04
3.495748e+01 7.795983e-04 7.096419e-04 7.323060e-04 8.968469e-04
3.500645e+01 7.706235e-04 6.949924e-04 7.274698e-04 8.894082e-04
3.505542e+01 7.630781e-04 6.824887e-04 7.229918e-04 8.837537e-04
3.510440e+01 7.564438e-04 6.725874e-04 7.174557e-04 8.792883e-04
3.515337e+01 7.499908e-04 6.653540e-04 7.096265e-04 8.749919e-04
3.520234e+01 7.429847e-04 6.604701e-04 6.987638e-04 8.697203e-04
3.525131e+01 7.349030e-04 6.573361e-04 6.848304e-04 8.625425e-04
3.530028e+01 7.255949e-04 6.552335e-04 6.685587e-04 8.529926e-04
3.534925e+01 7.153362e-04 6.534899e-04 6.513575e-04 8.411613e-04
3.539822e+01 7.047639e-04 6.515978e-04 6.350820e-04 8.276119e-04
3.544719e+01 6.947127e-04 6.492587e-04 6.217124e-04 8.131670e-04
3.549616e+01 6.860026e-04 6.463595e-04 6.130089e-04 7.986393e-04
3.554513e+01 6.792360e-04 6.429108e-04 6.102080e-04 7.845892e-04
3.559410e+01 6.746610e-04 6.389891e-04 6.138159e-04 7.711779e-04
3.564307e+01 6.721334e-04 6.347087e-04 6.235331e-04 7.581585e-04
3.569204e+01 6.711888e-04 6.302304e-04 6.383221e-04 7.450139e-04
3.574101e+01 6.711978e-04 6.257881e-04 6.566014e-04 7.312038e-04
3.578998e+01 6.715552e-04 6.217042e-04 6.765219e-04 7.164394e-04
3.583895e+01 6.718370e-04 6.183692e-04 6.962574e-04 7.008844e-04
3.588793e+01 6.718730e-04 6.161823e-04 7.142411e-04 6.851955e-04
3.593690e+01 6.717172e-04 6.154704e-04 7.293020e-04 6.703791e-04
3.598587e+01 6.715417e-04 6.164171e-04 7.406977e-04 6.575102e-04
3.603484e+01 6.715104e-04 6.190273e-04 7.480819e-04 6.474220e-04
3.608381e+01 6.716900e-04 6.231328e-04 7.514619e-04 6.404752e-04
3.613278e+01 6.720267e-04 6.284260e-04 7.511799e-04 6.364743e-04
3.618175e+01 6.723818e-04 6.344970e-04 7.479162e-04 6.347323e-04
3.623072e+01 6.725913e-04 6.408655e-04 7.426769e-04 6.342315e-04
3.627969e+01 6.725217e-04 6.470191e-04 7.367241e-04 6.338218e-04
3.632866e+01 6.721108e-04 6.524864e-04 7.314311e-04 6.324150e-04
3.637763e+01 6.714010e-04 6.569621e-04 7.280815e-04 6.291594e-04
3.642660e+01 6.705700e-04 6.604601e-04 7.276612e-04 6.235889e-04
3.647557e+01 6.699496e-04 6.634336e-04 7.306932e-04 6.157221e-04
3.652454e+01 6.700060e-04 6.667840e-04 7.371533e-04 6.060807e-04
3.657351e+01 6.712623e-04 6.717089e-04 7.464773e-04 5.956009e-04
3.662248e+01 6.741699e-04 6.794081e-04 7.576508e-04 5.854509e-04
3.667145e+01 6.789645e-04 6.907331e-04 7.693595e-04 5.768009e-04
3.672043e+01 6.855644e-04 7.059038e-04 7.801766e-04 5.706127e-04
3.676940e+01 6.935558e-04 7.244017e-04 7.887642e-04 5.675016e-04
3.681837e+01 7.022794e-04 7.450842e-04 7.940686e-04 5.676856e-04
3.686734e+01 7.109935e-04 7.664851e-04 7.954872e-04 5.710083e-04
3.691631e+01 7.190599e-04 7.872002e-04 7.929776e-04 5.770019e-04
3.696528e+01 7.260936e-04 8.062312e-04 7.870801e-04 5.849696e-04
3.701425e+01 7.320294e-04 8.231806e-04 7.788314e-04 5.940761e-04
3.706322e+01 7.370911e-04 8.382467e-04 7.695734e-04 6.034533e-04
3.711219e+01 7.416811e-04 8.520301e-04 7.606928e-04 6.123203e-04
3.716116e+01 7.462332e-04 8.652269e-04 7.533618e-04 6.201109e-04
3.721013e+01 7.510858e-04 8.783189e-04 7.483533e-04 6.265854e-04
3.725910e+01 7.564159e-04 8.913703e-04 7.459870e-04 6.318905e-04
3.730807e+01 7.622517e-04 9.040077e-04 7.462092e-04 6.365383e-04
3.735704e+01 7.685428e-04 9.155847e-04 7.487569e-04 6.412867e-04
3.740601e+01 7.752419e-04 9.254601e-04 7.533221e-04 6.469436e-04
3.745498e+01 7.823483e-04 9.332636e-04 7.596370e-04 6.541443e-04
3.750395e+01 7.898839e-04 9.390325e-04 7.674430e-04 6.631763e-04
3.755293e+01 7.978120e-04 9.431591e-04 7.763668e-04 6.739101e-04
3.760190e+01 8.059403e-04 9.461860e-04 7.857737e-04 6.858613e-04
3.765087e+01 8.138664e-04 9.485550e-04 7.946888e-04 6.983553e-04
3.769984e+01 8.210037e-04 9.504320e-04 8.018485e-04 7.107307e-04
3.774881e+01 8.266981e-04 9.516834e-04 8.058965e-04 7.225144e-04
3.779778e+01 8.304012e-04 9.519999e-04 8.056819e-04 7.335219e-04
3.784675e+01 8.318482e-04 9.510969e-04 8.005704e-04 7.438772e-04
3.789572e+01 8.311813e-04 9.488993e-04 7.906704e-04 7.539740e-04
3.794469e+01 8.289787e-04 9.456406e-04 7.768923e-04 7.644032e-04
3.799366e+01 8.261747e-04 9.418533e-04 7.608051e-04 7.758656e-04
3.804263e+01 8.238865e-04 9.382705e-04 7.443187e-04 7.890703e-04
3.809160e+01 8.231930e-04 9.356802e-04 7.292758e-04 8.046230e-04
3.814057e+01 8.249240e-04 9.347804e-04 7.170751e-04 8.229165e-04
3.818954e+01 8.295197e-04 9.360728e-04 7.084358e-04 8.440505e-04
3.823851e+01 8.369940e-04 9.398106e-04 7.033668e-04 8.678048e-04
3.828748e+01 8.469948e-04 9.459937e-04 7.013237e-04 8.936671e-04
3.833646e+01 8.589139e-04 9.543795e-04 7.014714e-04 9.208909e-04
3.838543e+01 8.719883e-04 9.644796e-04 7.029415e-04 9.485437e-04
3.843440e+01 8.853548e-04 9.755349e-04 7.050021e-04 9.755273e-04
3.848337e+01 8.980677e-04 9.865002e-04 7.071163e-04 1.000587e-03
3.853234e+01 9.091271e-04 9.960977e-04 7.089251e-04 1.022359e-03
3.858131e+01 9.175702e-04 1.002981e-03 7.102196e-04 1.039510e-03
3.863028e+01 9.226425e-04 1.006001e-03 7.109516e-04 1.050975e-03
3.867925e+01 9.240053e-04 1.004501e-03 7.112886e-04 1.056227e-03
3.872822e+01 9.218980e-04 9.985165e-04 7.116764e-04 1.055501e-03
3.877719e+01 9.171715e-04 9.888076e-04 7.128530e-04 1.049854e-03
3.882616e+01 9.111574e-04 9.766717e-04 7.157743e-04 1.041026e-03
3.887513e+01 9.054038e-04 9.636182e-04 7.214520e-04 1.031141e-03
3.892410e+01 9.013628e-04 9.510058e-04 7.307479e-04 1.022335e-03
3.897307e+01 9.001270e-04 9.397651e-04 7.441889e-04 1.016427e-03
3.902204e+01 9.022834e-04 9.302805e-04 7.618581e-04 1.014712e-03
3.907101e+01 9.078995e-04 9.224411e-04 7.833773e-04 1.017880e-03
3.911998e+01 9.166097e-04 9.158181e-04 8.079653e-04 1.026046e-03
3.916896e+01 9.277486e-04 9.098930e-04 8.345304e-04 1.038822e-03
3.921793e+01 9.404837e-04 9.042606e-04 8.617738e-04 1.055417e-03
3.926690e+01 9.539272e-04 8.987490e-04 8.883019e-04 1.074731e-03
3.931587e+01 9.672228e-04 8.934297e-04 9.127672e-04 1.095472e-03
3.936484e+01 9.796167e-04 8.885315e-04 9.340469e-04 1.116271e-03
3.941381e+01 9.905136e-04 8.843091e-04 9.514388e-04 1.135793e-03
3.946278e+01 9.995192e-04 8.809338e-04 9.648172e-04 1.152806e-03
3.951175e+01 1.006462e-03 8.784692e-04 9.746818e-04 1.166236e-03
3.956072e+01 1.011399e-03 8.769453e-04 9.820581e-04 1.175192e-03
3.960969e+01 1.014594e-03 8.764955e-04 9.882587e-04 1.179028e-03
3.965866e+01 1.016489e-03 8.774687e-04 9.945699e-04 1.177427e-03
3.970763e+01 1.017625e-03 8.804328e-04 1.001951e-03 1.170491e-03
3.975660e+01 1.018546e-03 8.860253e-04 1.010828e-03 1.158785e-03
3.980557e+01 1.019659e-03 8.946831e-04 1.021016e-03 1.143278e-03
3.985454e+01 1.021102e-03 9.063488e-04 1.031779e-03 1.125179e-03
3.990351e+01 1.022658e-03 9.202766e-04 1.041983e-03 1.105716e-03
3.995248e+01 1.023758e-03 9.350340e-04 1.050305e-03 1.085934e-03
4.000146e+01 1.023597e-03 9.487235e-04 1.055476e-03 1.066592e-03
4.005043e+01 1.021347e-03 9.593686e-04 1.056515e-03 1.048156e-03
4.009940e+01 1.016386e-03 9.653507e-04 1.052937e-03 1.030871e-03
4.014837e+01 1.008493e-03 9.657629e-04 1.044891e-03 1.014825e-03
4.019734e+01 9.979182e-04 9.605808e-04 1.033197e-03 9.999767e-04
4.024631e+01 9.853251e-04 9.506093e-04 1.019240e-03 9.861261e-04
4.029528e+01 9.716227e-04 9.372333e-04 1.004734e-03 9.729012e-04
4.034425e+01 9.577496e-04 9.220538e-04 9.913949e-04 9.598002e-04
4.039322e+01 9.444738e-04 9.065125e-04 9.805960e-04 9.463130e-04
4.044219e+01 9.322503e-04 8.915926e-04 9.730752e-04 9.320830e-04
4.049116e+01 9.211551e-04 8.776573e-04 9.687780e-04 9.170299e-04
4.054013e+01 9.108946e-04 8.644419e-04 9.668726e-04 9.013694e-04
4.058910e+01 9.008864e-04 8.511869e-04 9.659508e-04 8.855216e-04
4.063807e+01 8.904037e-04 8.368735e-04 9.643800e-04 8.699575e-04
4.068704e+01 8.787687e-04 8.205072e-04 9.607320e-04 8.550668e-04
4.073601e+01 8.655561e-04 8.013836e-04 9.541780e-04 8.411066e-04
4.078499e+01 8.507481e-04 7.792743e-04 9.447358e-04 8.282344e-04
4.083396e+01 8.347852e-04 7.544901e-04 9.332860e-04 8.165796e-04
4.088293e+01 8.184790e-04 7.278120e-04 9.213370e-04 8.062879e-04
4.093190e+01 8.028072e-04 7.003191e-04 9.106041e-04 7.974982e-04
4.098087e+01 7.886549e-04 6.731727e-04 9.025262e-04 7.902659e-04
4.102984e+01 7.765908e-04 6.474196e-04 8.978688e-04 7.844840e-04
4.107881e+01 7.667546e-04 6.238605e-04 8.965353e-04 7.798680e-04
4.112778e+01 7.588903e-04 6.030027e-04 8.976355e-04 7.760326e-04
4.117675e+01 7.525023e-04 5.850839e-04 8.997834e-04 7.726394e-04
4.122572e+01 7.470706e-04 5.701418e-04 9.015229e-04 7.695470e-04
4.127469e+01 7.422395e-04 5.580883e-04 9.017450e-04 7.668853e-04
4.132366e+01 7.379114e-04 5.487610e-04 8.999676e-04 7.650057e-04
4.137263e+01 7.342156e-04 5.419323e-04 8.963978e-04 7.643166e-04
4.142160e+01 7.313729e-04 5.372842e-04 8.917688e-04 7.650657e-04
4.147057e+01 7.295159e-04 5.343718e-04 8.870175e-04 7.671583e-04
4.151954e+01 7.285371e-04 5.326094e-04 8.829197e-04 7.700820e-04
4.156851e+01 7.280243e-04 5.313018e-04 8.798050e-04 7.729662e-04
4.161749e+01 7.273023e-04 5.297205e-04 8.774353e-04 7.747510e-04
4.166646e+01 7.255592e-04 5.272019e-04 8.750705e-04 7.744053e-04
4.171543e+01 7.220116e-04 5.232351e-04 8.716752e-04 7.711246e-04
4.176440e+01 7.160522e-04 5.175097e-04 8.661861e-04 7.644606e-04
4.181337e+01 7.073437e-04 5.099183e-04 8.577491e-04 7.543637e-04
4.186234e+01 6.958456e-04 5.005213e-04 8.458703e-04 7.411452e-04
4.191131e+01 6.817819e-04 4.894974e-04 8.304627e-04 7.253856e-04
4.196028e+01 6.655745e-04 4.770963e-04 8.118129e-04 7.078144e-04
4.200925e+01 6.477663e-04 4.636077e-04 7.905043e-04 6.891870e-04
4.205822e+01 6.289519e-04 4.493455e-04 7.673326e-04 6.701775e-04
4.210719e+01 6.097210e-04 4.346417e-04 7.432222e-04 6.512992e-04
4.215616e+01 5.906134e-04 4.198407e-04 7.191381e-04 6.328614e-04
4.220513e+01 5.720766e-04 4.052866e-04 6.959804e-04 6.149629e-04
4.225410e+01 5.544281e-04 3.913028e-04 6.744614e-04 5.975200e-04
4.230307e+01 5.378266e-04 3.781667e-04 6.549868e-04 5.803263e-04
4.235204e+01 5.222667e-04 3.660858e-04 6.375811e-04 5.631332e-04
4.240101e+01 5.076060e-04 3.551840e-04 6.218951e-04 5.457388e-04
4.244999e+01 4.936248e-04 3.455000e-04 6.073125e-04 5.280619e-04
4.249896e+01 4.801051e-04 3.369977e-04 5.931380e-04 5.101795e-04
4.254793e+01 4.669044e-04 3.295851e-04 5.788141e-04 4.923139e-04
4.259690e+01 4.540019e-04 3.231368e-04 5.640962e-04 4.747727e-04
4.264587e+01 4.415021e-04 3.175157e-04 5.491235e-04 4.578670e-04
4.269484e+01 4.295968e-04 3.125887e-04 5.343617e-04 4.418400e-04
4.274381e+01 4.185015e-04 3.082359e-04 5.204330e-04 4.268355e-04
4.279278e+01 4.083860e-04 3.043484e-04 5.078964e-04 4.129133e-04
4.284175e+01 3.993237e-04 3.008195e-04 4.970537e-04 4.000980e-04
4.289072e+01 3.912714e-04 2.975330e-04 4.878486e-04 3.884326e-04
4.293969e+01 3.840853e-04 2.943575e-04 4.798863e-04 3.780120e-04
4.298866e+01 3.775658e-04 2.911540e-04 4.725621e-04 3.689813e-04
4.303763e+01 3.715159e-04 2.877972e-04 4.652451e-04 3.615054e-04
4.308660e+01 3.657936e-04 2.842065e-04 4.574525e-04 3.557218e-04
4.313557e+01 3.603414e-04 2.803758e-04 4.489557e-04 3.516929e-04
4.318454e+01 3.551823e-04 2.763897e-04 4.397889e-04 3.493683e-04
4.323352e+01 3.503830e-04 2.724194e-04 4.301676e-04 3.485621e-04
4.328249e+01 3.459983e-04 2.686952e-04 4.203519e-04 3.489477e-04
4.333146e+01 3.420161e-04 2.654638e-04 4.105118e-04 3.500726e-04
4.338043e+01 3.383258e-04 2.629376e-04 4.006407e-04 3.513990e-04
4.342940e+01 3.347228e-04 2.612501e-04 3.905509e-04 3.523673e-04
4.347837e+01 3.309485e-04 2.604228e-04 3.799472e-04 3.524755e-04
4.352734e+01 3.267535e-04 2.603528e-04 3.685523e-04 3.513553e-04
4.357631e+01 3.219625e-04 2.608222e-04 3.562410e-04 3.488242e-04
4.362528e+01 3.165232e-04 2.615307e-04 3.431380e-04 3.449009e-04
4.367425e+01 3.105262e-04 2.621497e-04 3.296498e-04 3.397792e-04
4.372322e+01 3.041917e-04 2.623849e-04 3.164170e-04 3.337731e-04
4.377219e+01 2.978283e-04 2.620354e-04 3.041992e-04 3.272504e-04
4.382116e+01 2.917748e-04 2.610310e-04 2.937210e-04 3.205723e-04
4.387013e+01 2.863353e-04 2.594364e-04 2.855195e-04 3.140502e-04
4.391910e+01 2.817271e-04 2.574238e-04 2.798344e-04 3.079231e-04
4.396807e+01 2.780492e-04 2.552240e-04 2.765696e-04 3.023540e-04
4.401704e+01 2.752818e-04 2.530746e-04 2.753315e-04 2.974394e-04
4.406602e+01 2.733113e-04 2.511829e-04 2.755263e-04 2.932248e-04
4.411499e+01 2.719692e-04 2.497079e-04 2.764813e-04 2.897184e-04
4.416396e+01 2.710679e-04 2.487573e-04 2.775530e-04 2.868935e-04
4.421293e+01 2.704204e-04 2.483870e-04 2.781987e-04 2.846754e-04
4.426190e+01 2.698392e-04 2.485925e-04 2.780074e-04 2.829175e-04
4.431087e+01 2.691250e-04 2.492920e-04 2.767022e-04 2.813807e-04
4.435984e+01 2.680615e-04 2.503137e-04 2.741327e-04 2.797381e-04
4.440881e+01 2.664302e-04 2.514004e-04 2.702702e-04 2.776199e-04
4.445778e+01 2.640473e-04 2.522425e-04 2.652031e-04 2.746963e-04
4.450675e+01 2.608091e-04 2.525318e-04 2.591250e-04 2.707706e-04
4.455572e+01 2.567220e-04 2.520183e-04 2.523044e-04 2.658434e-04
4.460469e+01 2.518989e-04 2.505485e-04 2.450353e-04 2.601130e-04
4.465366e+01 2.465180e-04 2.480734e-04 2.375794e-04 2.539012e-04
4.470263e+01 2.407587e-04 2.446289e-04 2.301161e-04 2.475311e-04
4.475160e+01 2.347420e-04 2.403032e-04 2.227176e-04 2.412053e-04
4.480057e+01 2.284980e-04 2.352062e-04 2.153541e-04 2.349337e-04
4.484954e+01 2.219715e-04 2.294486e-04 2.079247e-04 2.285410e-04
4.489852e+01 2.150579e-04 2.231291e-04 2.003004e-04 2.217443e-04
4.494749e+01 2.076510e-04 2.163237e-04 1.923644e-04 2.142651e-04
4.499646e+01 1.996820e-04 2.090763e-04 1.840401e-04 2.059296e-04
4.504543e+01 1.911407e-04 2.013951e-04 1.753049e-04 1.967221e-04
4.509440e+01 1.820772e-04 1.932616e-04 1.661918e-04 1.867782e-04
4.514337e+01 1.725915e-04 1.846560e-04 1.567852e-04 1.763334e-04
4.519234e+01 1.628185e-04 1.755911e-04 1.472118e-04 1.656525e-04
4.524131e+01 1.529133e-04 1.661413e-04 1.376292e-04 1.549693e-04
4.529028e+01 1.430385e-04 1.564508e-04 1.282094e-04 1.444552e-04
4.533925e+01 1.333541e-04 1.467167e-04 1.191230e-04 1.342225e-04
4.538822e+01 1.240118e-04 1.371542e-04 1.105261e-04 1.243550e-04
4.543719e+01 1.151567e-04 1.279606e-04 1.025572e-04 1.149524e-04
4.548616e+01 1.069393e-04 1.192969e-04 9.534769e-05 1.061733e-04
4.553513e+01 9.953399e-05 1.112940e-04 8.904371e-05 9.826423e-05
4.558410e+01 9.315979e-05 1.040810e-04 8.383121e-05 9.156719e-05
4.563307e+01 8.809174e-05 9.782100e-05 7.995159e-05 8.650264e-05
4.568205e+01 8.465307e-05 9.273640e-05 7.769515e-05 8.352765e-05
4.573102e+01 8.318004e-05 8.910689e-05 7.736337e-05 8.306987e-05
4.577999e+01 8.395654e-05 8.723153e-05 7.919897e-05 8.543913e-05
4.582896e+01 8.712313e-05 8.735365e-05 8.329277e-05 9.072295e-05
4.587793e+01 9.257525e-05 8.955852e-05 8.948617e-05 9.868107e-05
4.592690e+01 9.987556e-05 9.366575e-05 9.729563e-05 1.086653e-04
4.597587e+01 1.082123e-04 9.914956e-05 1.058883e-04 1.195990e-04
4.602484e+01 1.164348e-04 1.051243e-04 1.141328e-04 1.300473e-04
4.607381e+01 1.231836e-04 1.104244e-04 1.207339e-04 1.383925e-04
4.612278e+01 1.271054e-04 1.137824e-04 1.244374e-04 1.430963e-04
4.617175e+01 1.271127e-04 1.140760e-04 1.242663e-04 1.429958e-04
4.622072e+01 1.226217e-04 1.105801e-04 1.197287e-04 1.375565e-04
4.626969e+01 1.136976e-04 1.031478e-04 1.109390e-04 1.270060e-04
4.631866e+01 1.010575e-04 9.226068e-05 9.861092e-05 1.123009e-04
4.636763e+01 8.592491e-05 7.892539e-05 8.391890e-05 9.493043e-05
4.641660e+01 6.977466e-05 6.444924e-05 6.826366e-05 7.661107e-05
4.646557e+01 5.404314e-05 5.016295e-05 5.300705e-05 5.895944e-05
4.651455e+01 3.988301e-05 3.717263e-05 3.924639e-05 4.322999e-05
4.656352e+01 2.801933e-05 2.620332e-05 2.767989e-05 3.017479e-05
4.661249e+01 1.872529e-05 1.755810e-05 1.858055e-05 2.003723e-05
4.666146e+01 1.189668e-05 1.117741e-05 1.186203e-05 1.265061e-05
4.671043e+01 7.181470e-06 6.756873e-06 7.197469e-06 7.590068e-06
4.675940e+01 4.117047e-06 3.877250e-06 4.148291e-06 4.325602e-06
4.680837e+01 2.240601e-06 2.111228e-06 2.269884e-06 2.340690e-06
4.685734e+01 1.157156e-06 1.090589e-06 1.178652e-06 1.202228e-06
4.690631e+01 5.669310e-07 5.343186e-07 5.805505e-07 5.859240e-07
4.695528e+01 2.634245e-07 2.482367e-07 2.711510e-07 2.708860e-07
4.700425e+01 1.160541e-07 1.093409e-07 1.200497e-07 1.187718e-07
4.705322e+01 4.846685e-08 4.565450e-08 5.036939e-08 4.937666e-08
4.710219e+01 1.918312e-08 1.806799e-08 2.002244e-08 1.945892e-08
4.715116e+01 7.194519e-09 6.776539e-09 7.538980e-09 7.268038e-09
4.720013e+01 2.556294e-09 2.408370e-09 2.688181e-09 2.572330e-09
4.724910e+01 8.603216e-10 8.109536e-10 9.075172e-10 8.624941e-10
4.729807e+01 2.741759e-10 2.586674e-10 2.899851e-10 2.738752e-10
4.734705e+01 8.265304e-11 7.808945e-11 8.761075e-11 8.225893e-11
4.739602e+01 2.352229e-11 2.225415e-11 2.497822e-11 2.333451e-11
4.744499e+01 6.257901e-12 5.905776e-12 6.695337e-12 6.172590e-12
4.749396e+01 1.511265e-12 1.439562e-12 1.612515e-12 1.481719e-12
4.754293e+01 2.979422e-13 2.980486e-13 3.049407e-13 2.908373e-13
4.759190e+01 4.255539e-14 3.809636e-14 4.760070e-14 4.196912e-14
4.764087e+01 5.618563e-15 8.781917e-15 4.104839e-15 3.968933e-15
4.768984e+01 0.000000e+00 0.000000e+00 0.000000e+00 0.000000e+00
4.773881e+01 0.000000e+00 0.000000e+00 0.000000e+00 0.000000e+00
4.778778e+01 0.000000e+00 0.000000e+00 0.000000e+00 0.000000e+00
4.783675e+01 0.000000e+00 0.000000e+00 0.000000e+00 0.000000e+00
4.788572e+01 0.000000e+00 0.000000e+00 0.000000e+00 0.000000e+00
4.793469e+01 0.000000e+00 0.000000e+00 0.000000e+00 0.000000e+00
4.798366e+01 0.000000e+00 0.000000e+00 0.000000e+00 0.000000e+00
4.803263e+01 0.000000e+00 0.000000e+00 0.000000e+00 0.000000e+00
4.808160e+01 0.000000e+00 0.000000e+00 0.000000e+00 0.000000e+00
4.813058e+01 0.000000e+00 0.000000e+00 0.000000e+00 0.000000e+00
4.817955e+01 0.000000e+00 0.000000e+00 0.000000e+00 0.000000e+00
4.822852e+01 0.000000e+00 0.000000e+00 0.000000e+00 0.000000e+00
4.827749e+01 0.000000e+00 0.000000e+00 0.000000e+00 0.000000e+00
4.832646e+01 0.000000e+00 0.000000e+00 0.000000e+00 0.000000e+00
4.837543e+01 0.000000e+00 0.000000e+00 0.000000e+00 0.000000e+00
4.842440e+01 0.000000e+00 0.000000e+00 0.000000e+00 0.000000e+00
4.847337e+01 0.000000e+00 0.000000e+00 0.000000e+00 0.000000e+00
4.852234e+01 0.000000e+00 0.000000e+00 0.000000e+00 0.000000e+00
4.857131e+01 0.000000e+00 0.000000e+00 0.000000e+00 0.000000e+00
4.862028e+01 0.000000e+00 0.000000e+00 0.000000e+00 0.000000e+00
4.866925e+01 0.000000e+00 0.000000e+00 0.000000e+00 0.000000e+00
4.871822e+01 0.000000e+00 0.000000e+00 0.000000e+00 0.000000e+00
4.876719e+01 0.000000e+00 0.000000e+00 0.000000e+00 0.000000e+00
4.881616e+01 0.000000e+00 0.000000e+00 0.000000e+00 0.000000e+00
4.886513e+01 0.000000e+00 0.000000e+00 0.000000e+00 0.000000e+00
4.891410e+01 0.000000e+00 0.000000e+00 0.000000e+00 0.000000e+00
4.896308e+01 0.000000e+00 0.000000e+00 0.000000e+00 0.000000e+00
4.901205e+01 0.000000e+00 0.000000e+00 0.000000e+00 0.000000e+00
4.906102e+01 0.000000e+00 0.000000e+00 0.000000e+00 0.000000e+00
4.910999e+01 0.000000e+00 0.000000e+00 0.000000e+00 0.000000e+00
4.915896e+01 0.000000e+00 0.000000e+00 0.000000e+00 0.000000e+00
4.920793e+01 0.000000e+00 0.000000e+00 0.000000e+00 0.000000e+00
4.925690e+01 0.000000e+00 0.000000e+00 0.000000e+00 0.000000e+00
4.930587e+01 0.000000e+00 0.000000e+00 0.000000e+00 0.000000e+00
4.935484e+01 0.000000e+00 0.000000e+00 0.000000e+00 0.000000e+00
4.940381e+01 0.000000e+00 0.000000e+00 0.000000e+00 0.000000e+00
4.945278e+01 0.000000e+00 0.000000e+00 0.000000e+00 0.000000e+00
4.950175e+01 0.000000e+00 0.000000e+00 0.000000e+00 0.000000e+00
4.955072e+01 0.000000e+00 0.000000e+00 0.000000e+00 0.000000e+00
4.959969e+01 0.000000e+00 0.000000e+00 0.000000e+00 0.000000e+00
4.964866e+01 0.000000e+00 0.000000e+00 0.000000e+00 0.000000e+00
4.969763e+01 0.000000e+00 0.000000e+00 0.000000e+00 0.000000e+00
4.974660e+01 0.000000e+00 0.000000e+00 0.000000e+00 0.000000e+00
4.979558e+01 0.000000e+00 0.000000e+00 0.000000e+00 0.000000e+00
4.984455e+01 0.000000e+00 0.000000e+00 0.000000e+00 0.000000e+00
4.989352e+01 0.000000e+00 0.000000e+00 0.000000e+00 0.000000e+00
4.994249e+01 0.000000e+00 0.000000e+00 0.000000e+00 0.000000e+00
4.999146e+01 0.000000e+00 0.000000e+00 0.000000e+00 0.000000e+00
5.004043e+01 0.000000e+00 0.000000e+00 0.000000e+00 0.000000e+00
5.008940e+01 0.000000e+00 0.000000e+00 0.000000e+00 0.000000e+00
5.013837e+01 0.000000e+00 0.000000e+00 0.000000e+00 0.000000e+00
5.018734e+01 0.000000e+00 0.000000e+00 0.000000e+00 0.000000e+00
5.023631e+01 0.000000e+00 0.000000e+00 0.000000e+00 0.000000e+00
5.028528e+01 0.000000e+00 0.000000e+00 0.000000e+00 0.000000e+00
5.033425e+01 0.000000e+00 0.000000e+00 0.000000e+00 0.000000e+00
5.038322e+01 0.000000e+00 0.000000e+00 0.000000e+00 0.000000e+00
5.043219e+01 0.000000e+00 0.000000e+00 0.000000e+00 0.000000e+00
5.048116e+01 0.000000e+00 0.000000e+00 0.000000e+00 0.000000e+00
5.053013e+01 0.000000e+00 0.000000e+00 0.000000e+00 0.000000e+00
5.057911e+01 0.000000e+00 0.000000e+00 0.000000e+00 0.000000e+00
5.062808e+01 0.000000e+00 0.000000e+00 0.000000e+00 0.000000e+00
5.067705e+01 0.000000e+00 0.000000e+00 0.000000e+00 0.000000e+00
5.072602e+01 0.000000e+00 0.000000e+00 0.000000e+00 0.000000e+00
5.077499e+01 0.000000e+00 0.000000e+00 0.000000e+00 0.000000e+00
5.082396e+01 0.000000e+00 0.000000e+00 0.000000e+00 0.000000e+00
5.087293e+01 0.000000e+00 0.000000e+00 0.000000e+00 0.000000e+00
5.092190e+01 0.000000e+00 0.000000e+00 0.000000e+00 0.000000e+00
5.097087e+01 0.000000e+00 0.000000e+00 0.000000e+00 0.000000e+00
5.101984e+01 0.000000e+00 0.000000e+00 0.000000e+00 0.000000e+00
5.106881e+01 0.000000e+00 0.000000e+00 0.000000e+00 0.000000e+00
5.111778e+01 0.000000e+00 0.000000e+00 0.000000e+00 0.000000e+00
5.116675e+01 0.000000e+00 0.000000e+00 0.000000e+00 0.000000e+00
5.121572e+01 0.000000e+00 0.000000e+00 0.000000e+00 0.000000e+00
5.126469e+01 0.000000e+00 0.000000e+00 0.000000e+00 0.000000e+00
5.131366e+01 0.000000e+00 0.000000e+00 0.000000e+00 0.000000e+00
5.136263e+01 0.000000e+00 0.000000e+00 0.000000e+00 0.000000e+00
5.141161e+01 0.000000e+00 0.000000e+00 0.000000e+00 0.000000e+00
5.146058e+01 0.000000e+00 0.000000e+00 0.000000e+00 0.000000e+00
5.150955e+01 0.000000e+00 0.000000e+00 0.000000e+00 0.000000e+00
5.155852e+01 0.000000e+00 0.000000e+00 0.000000e+00 0.000000e+00
5.160749e+01 0.000000e+00 0.000000e+00 0.000000e+00 0.000000e+00
5.165646e+01 0.000000e+00 0.000000e+00 0.000000e+00 0.000000e+00
5.170543e+01 0.000000e+00 0.000000e+00 0.000000e+00 0.000000e+00
5.175440e+01 0.000000e+00 0.000000e+00 0.000000e+00 0.000000e+00
5.180337e+01 0.000000e+00 0.000000e+00 0.000000e+00 0.000000e+00
5.185234e+01 0.000000e+00 0.000000e+00 0.000000e+00 0.000000e+00
5.190131e+01 0.000000e+00 0.000000e+00 0.000000e+00 0.000000e+00
5.195028e+01 0.000000e+00 0.000000e+00 0.000000e+00 0.000000e+00
5.199925e+01 0.000000e+00 0.000000e+00 0.000000e+00 0.000000e+00
5.204822e+01 0.000000e+00 0.000000e+00 0.000000e+00 0.000000e+00
5.209719e+01 0.000000e+00 0.000000e+00 0.000000e+00 0.000000e+00
5.214616e+01 0.000000e+00 0.000000e+00 0.000000e+00 0.000000e+00
5.219513e+01 0.000000e+00 0.000000e+00 0.000000e+00 0.000000e+00
5.224411e+01 0.000000e+00 0.000000e+00 0.000000e+00 0.000000e+00
5.229308e+01 0.000000e+00 0.000000e+00 0.000000e+00 0.000000e+00
5.234205e+01 0.000000e+00 0.000000e+00 0.000000e+00 0.000000e+00
5.239102e+01 0.000000e+00 0.000000e+00 0.000000e+00 0.000000e+00
5.243999e+01 0.000000e+00 0.000000e+00 0.000000e+00 0.000000e+00
5.248896e+01 0.000000e+00 0.000000e+00 0.000000e+00 0.000000e+00
5.253793e+01 0.000000e+00 0.000000e+00 0.000000e+00 0.000000e+00
5.258690e+01 0.000000e+00 0.000000e+00 0.000000e+00 0.000000e+00
5.263587e+01 0.000000e+00 0.000000e+00 0.000000e+00 0.000000e+00
5.268484e+01 0.000000e+00 0.000000e+00 0.000000e+00 0.000000e+00
5.273381e+01 0.000000e+00 0.000000e+00 0.000000e+00 0.000000e+00
5.278278e+01 0.000000e+00 0.000000e+00 0.000000e+00 0.000000e+00
5.283175e+01 0.000000e+00 0.000000e+00 0.000000e+00 0.000000e+00
5.288072e+01 0.000000e+00 0.000000e+00 0.000000e+00 0.000000e+00
5.292969e+01 0.000000e+00 0.000000e+00 0.000000e+00 0.000000e+00
5.297866e+01 0.000000e+00 0.000000e+00 0.000000e+00 0.000000e+00
5.302764e+01 0.000000e+00 0.000000e+00 0.000000e+00 0.000000e+00
5.307661e+01 0.000000e+00 0.000000e+00 0.000000e+00 0.000000e+00
5.312558e+01 0.000000e+00 0.000000e+00 0.000000e+00 0.000000e+00
5.317455e+01 0.000000e+00 0.000000e+00 0.000000e+00 0.000000e+00
5.322352e+01 0.000000e+00 0.000000e+00 0.000000e+00 0.000000e+00
5.327249e+01 0.000000e+00 0.000000e+00 0.000000e+00 0.000000e+00
5.332146e+01 0.000000e+00 0.000000e+00 0.000000e+00 0.000000e+00
5.337043e+01 0.000000e+00 0.000000e+00 0.000000e+00 0.000000e+00
5.341940e+01 0.000000e+00 0.000000e+00 0.000000e+00 0.000000e+00
5.346837e+01 0.000000e+00 0.000000e+00 0.000000e+00 0.000000e+00
5.351734e+01 0.000000e+00 0.000000e+00 0.000000e+00 0.000000e+00
5.356631e+01 0.000000e+00 0.000000e+00 0.000000e+00 0.000000e+00
5.361528e+01 0.000000e+00 0.000000e+00 0.000000e+00 0.000000e+00
5.366425e+01 0.000000e+00 0.000000e+00 0.000000e+00 0.000000e+00
5.371322e+01 0.000000e+00 0.000000e+00 0.000000e+00 0.000000e+00
5.376219e+01 0.000000e+00 0.000000e+00 0.000000e+00 0.000000e+00
5.381116e+01 0.000000e+00 0.000000e+00 0.000000e+00 0.000000e+00
5.386014e+01 0.000000e+00 0.000000e+00 0.000000e+00 0.000000e+00
5.390911e+01 0.000000e+00 0.000000e+00 0.000000e+00 0.000000e+00
5.395808e+01 0.000000e+00 0.000000e+00 0.000000e+00 0.000000e+00
5.400705e+01 0.000000e+00 0.000000e+00 0.000000e+00 0.000000e+00
5.405602e+01 0.000000e+00 0.000000e+00 0.000000e+00 0.000000e+00
5.410499e+01 0.000000e+00 0.000000e+00 0.000000e+00 0.000000e+00
5.415396e+01 0.000000e+00 0.000000e+00 0.000000e+00 0.000000e+00
5.420293e+01 0.000000e+00 0.000000e+00 0.000000e+00 0.000000e+00
5.425190e+01 0.000000e+00 0.000000e+00 0.000000e+00 0.000000e+00
5.430087e+01 0.000000e+00 0.000000e+00 0.000000e+00 0.000000e+00
5.434984e+01 0.000000e+00 0.000000e+00 0.000000e+00 0.000000e+00
5.439881e+01 0.000000e+00 0.000000e+00 0.000000e+00 0.000000e+00
5.444778e+01 0.000000e+00 0.000000e+00 0.000000e+00 0.000000e+00
5.449675e+01 0.000000e+00 0.000000e+00 0.000000e+00 0.000000e+00
5.454572e+01 0.000000e+00 0.000000e+00 0.000000e+00 0.000000e+00
5.459469e+01 0.000000e+00 0.000000e+00 0.000000e+00 0.000000e+00
5.464366e+01 0.000000e+00 0.000000e+00 0.000000e+00 0.000000e+00
5.469264e+01 0.000000e+00 0.000000e+00 0.000000e+00 0.000000e+00
5.474161e+01 0.000000e+00 0.000000e+00 0.000000e+00 0.000000e+00
5.479058e+01 0.000000e+00 0.000000e+00 0.000000e+00 0.000000e+00
5.483955e+01 0.000000e+00 0.000000e+00 0.000000e+00 0.000000e+00
5.488852e+01 0.000000e+00 0.000000e+00 0.000000e+00 0.000000e+00
5.493749e+01 0.000000e+00 0.000000e+00 0.000000e+00 0.000000e+00
5.498646e+01 0.000000e+00 0.000000e+00 0.000000e+00 0.000000e+00
5.503543e+01 0.000000e+00 0.000000e+00 0.000000e+00 0.000000e+00
5.508440e+01 0.000000e+00 0.000000e+00 0.000000e+00 0.000000e+00
5.513337e+01 0.000000e+00 0.000000e+00 0.000000e+00 0.000000e+00
5.518234e+01 0.000000e+00 0.000000e+00 0.000000e+00 0.000000e+00
5.523131e+01 0.000000e+00 0.000000e+00 0.000000e+00 0.000000e+00
5.528028e+01 0.000000e+00 0.000000e+00 0.000000e+00 0.000000e+00
5.532925e+01 0.000000e+00 0.000000e+00 0.000000e+00 0.000000e+00
5.537822e+01 0.000000e+00 0.000000e+00 0.000000e+00 0.000000e+00
5.542719e+01 0.000000e+00 0.000000e+00 0.000000e+00 0.000000e+00
5.547617e+01 0.000000e+00 0.000000e+00 0.000000e+00 0.000000e+00
5.552514e+01 0.000000e+00 0.000000e+00 0.000000e+00 0.000000e+00
5.557411e+01 0.000000e+00 0.000000e+00 0.000000e+00 0.000000e+00
5.562308e+01 0.000000e+00 0.000000e+00 0.000000e+00 0.000000e+00
5.567205e+01 0.000000e+00 0.000000e+00 0.000000e+00 0.000000e+00
5.572102e+01 0.000000e+00 0.000000e+00 0.000000e+00 0.000000e+00
5.576999e+01 0.000000e+00 0.000000e+00 0.000000e+00 0.000000e+00
5.581896e+01 0.000000e+00 0.000000e+00 0.000000e+00 0.000000e+00
5.586793e+01 0.000000e+00 0.000000e+00 0.000000e+00 0.000000e+00
5.591690e+01 0.000000e+00 0.000000e+00 0.000000e+00 0.000000e+00
5.596587e+01 0.000000e+00 0.000000e+00 0.000000e+00 0.000000e+00
5.601484e+01 0.000000e+00 0.000000e+00 0.000000e+00 0.000000e+00
5.606381e+01 0.000000e+00 0.000000e+00 0.000000e+00 0.000000e+00
5.611278e+01 0.000000e+00 0.000000e+00 0.000000e+00 0.000000e+00
5.616175e+01 0.000000e+00 0.000000e+00 0.000000e+00 0.000000e+00
5.621072e+01 0.000000e+00 0.000000e+00 0.000000e+00 0.000000e+00
5.625969e+01 0.000000e+00 0.000000e+00 0.000000e+00 0.000000e+00
