4.585299e+00 0.000000e+00 0.000000e+00 0.000000e+00 0.000000e+00
4.637299e+00 0.000000e+00 0.000000e+00 0.000000e+00 0.000000e+00
4.689299e+00 0.000000e+00 0.000000e+00 0.000000e+00 0.000000e+00
4.741299e+00 0.000000e+00 0.000000e+00 0.000000e+00 0.000000e+00
4.793299e+00 0.000000e+00 0.000000e+00 0.000000e+00 0.000000e+00
4.845299e+00 0.000000e+00 0.000000e+00 0.000000e+00 0.000000e+00
4.897299e+00 0.000000e+00 0.000000e+00 0.000000e+00 0.000000e+00
4.949299e+00 0.000000e+00 0.000000e+00 0.000000e+00 0.000000e+00
5.001299e+00 0.000000e+00 0.000000e+00 0.000000e+00 0.000000e+00
5.053299e+00 0.000000e+00 0.000000e+00 0.000000e+00 0.000000e+00
5.105299e+00 0.000000e+00 0.000000e+00 0.000000e+00 0.000000e+00
5.157299e+00 0.000000e+00 0.000000e+00 0.000000e+00 0.000000e+00
5.209299e+00 0.000000e+00 0.000000e+00 0.000000e+00 0.000000e+00
5.261299e+00 0.000000e+00 0.000000e+00 0.000000e+00 0.000000e+00
5.313299e+00 0.000000e+00 0.000000e+00 0.000000e+00 0.000000e+00
5.365299e+00 0.000000e+00 0.000000e+00 0.000000e+00 0.000000e+00
5.417299e+00 0.000000e+00 0.000000e+00 0.000000e+00 0.000000e+00
5.469299e+00 0.000000e+00 0.000000e+00 0.000000e+00 0.000000e+00
5.521299e+00 0.000000e+00 0.000000e+00 0.000000e+00 0.000000e+00
5.573299e+00 0.000000e+00 0.000000e+00 0.000000e+00 0.000000e+00
5.625299e+00 0.000000e+00 0.000000e+00 0.000000e+00 0.000000e+00
5.677299e+00 0.000000e+00 0.000000e+00 0.000000e+00 0.000000e+00
5.729299e+00 0.000000e+00 0.000000e+00 0.000000e+00 0.000000e+00
5.781299e+00 0.000000e+00 0.000000e+00 0.000000e+00 0.000000e+00
5.833299e+00 0.000000e+00 0.000000e+00 0.000000e+00 0.000000e+00
5.885299e+00 0.000000e+00 0.000000e+00 0.000000e+00 0.000000e+00
5.937299e+00 0.000000e+00 0.000000e+00 0.000000e+00 0.000000e+00
5.989299e+00 0.000000e+00 0.000000e+00 0.000000e+00 0.000000e+00
6.041299e+00 0.000000e+00 0.000000e+00 0.000000e+00 0.000000e+00
6.093299e+00 0.000000e+00 0.000000e+00 0.000000e+00 0.000000e+00
6.145299e+00 0.000000e+00 0.000000e+00 0.000000e+00 0.000000e+00
6.197299e+00 0.000000e+00 0.000000e+00 0.000000e+00 0.000000e+00
6.249299e+00 0.000000e+00 0.000000e+00 0.000000e+00 0.000000e+00
6.301299e+00 0.000000e+00 0.000000e+00 0.000000e+00 0.000000e+00
6.353299e+00 0.000000e+00 0.000000e+00 0.000000e+00 0.000000e+00
6.405299e+00 0.000000e+00 0.000000e+00 0.000000e+00 0.000000e+00
6.457299e+00 0.000000e+00 0.000000e+00 0.000000e+00 0.000000e+00
6.509299e+00 0.000000e+00 0.000000e+00 0.000000e+00 0.000000e+00
6.561299e+00 0.000000e+00 0.000000e+00 0.000000e+00 0.000000e+00
6.613299e+00 0.000000e+00 0.000000e+00 0.000000e+00 0.000000e+00
6.665299e+00 0.000000e+00 0.000000e+00 0.000000e+00 0.000000e+00
6.717299e+00 0.000000e+00 0.000000e+00 0.000000e+00 0.000000e+00
6.769299e+00 0.000000e+00 0.000000e+00 0.000000e+00 0.000000e+00
6.821299e+00 0.000000e+00 0.000000e+00 0.000000e+00 0.000000e+00
6.873299e+00 0.000000e+00 0.000000e+00 0.000000e+00 0.000000e+00
6.925299e+00 0.000000e+00 0.000000e+00 0.000000e+00 0.000000e+00
6.977299e+00 0.000000e+00 0.000000e+00 0.000000e+00 0.000000e+00
7.029299e+00 0.000000e+00 0.000000e+00 0.000000e+00 0.000000e+00
7.081299e+00 0.000000e+00 0.000000e+00 0.000000e+00 0.000000e+00
7.133299e+00 0.000000e+00 0.000000e+00 0.000000e+00 0.000000e+00
7.185299e+00 0.000000e+00 0.000000e+00 0.000000e+00 0.000000e+00
7.237299e+00 0.000000e+00 0.000000e+00 0.000000e+00 0.000000e+00
7.289299e+00 0.000000e+00 0.000000e+00 0.000000e+00 0.000000e+00
7.341299e+00 0.000000e+00 0.000000e+00 0.000000e+00 0.000000e+00
7.393299e+00 0.000000e+00 0.000000e+00 0.000000e+00 0.000000e+00
7.445299e+00 0.000000e+00 0.000000e+00 0.000000e+00 0.000000e+00
7.497299e+00 0.000000e+00 0.000000e+00 0.000000e+00 0.000000e+00
7.549299e+00 0.000000e+00 0.000000e+00 0.000000e+00 0.000000e+00
7.601299e+00 0.000000e+00 0.000000e+00 0.000000e+00 0.000000e+00
7.653299e+00 0.000000e+00 0.000000e+00 0.000000e+00 0.000000e+00
7.705299e+00 0.000000e+00 0.000000e+00 0.000000e+00 0.000000e+00
7.757299e+00 0.000000e+00 0.000000e+00 0.000000e+00 0.000000e+00
7.809299e+00 0.000000e+00 0.000000e+00 0.000000e+00 0.000000e+00
7.861299e+00 0.000000e+00 0.000000e+00 0.000000e+00 0.000000e+00
7.913299e+00 0.000000e+00 0.000000e+00 0.000000e+00 0.000000e+00
7.965299e+00 0.000000e+00 0.000000e+00 0.000000e+00 0.000000e+00
8.017299e+00 0.000000e+00 0.000000e+00 0.000000e+00 0.000000e+00
8.069299e+00 0.000000e+00 0.000000e+00 0.000000e+00 0.000000e+00
8.121299e+00 0.000000e+00 0.000000e+00 0.000000e+00 0.000000e+00
8.173299e+00 0.000000e+00 0.000000e+00 0.000000e+00 0.000000e+00
8.225299e+00 0.000000e+00 0.000000e+00 0.000000e+00 0.000000e+00
8.277299e+00 0.000000e+00 0.000000e+00 0.000000e+00 0.000000e+00
8.329299e+00 0.000000e+00 0.000000e+00 0.000000e+00 0.000000e+00
8.381299e+00 0.000000e+00 0.000000e+00 0.000000e+00 0.000000e+00
8.433299e+00 1.503138e-14 5.157419e-15 1.336104e-14 2.657568e-14
8.485299e+00 1.471697e-13 5.618195e-14 1.315203e-13 2.538068e-13
8.537299e+00 6.593974e-13 2.526912e-13 5.894472e-13 1.136054e-12
8.589299e+00 3.434450e-12 1.368308e-12 3.077070e-12 5.857973e-12
8.641299e+00 1.440239e-11 5.802816e-12 1.290965e-11 2.449470e-11
8.693299e+00 5.548050e-11 2.250205e-11 4.973909e-11 9.420038e-11
8.745299e+00 1.997226e-10 8.153678e-11 1.791022e-10 3.385289e-10
8.797299e+00 6.744915e-10 2.770630e-10 6.050144e-10 1.141397e-09
8.849299e+00 2.143755e-09 8.858214e-10 1.923341e-09 3.622101e-09
8.901299e+00 6.413501e-09 2.665055e-09 5.755045e-09 1.082040e-08
8.953299e+00 1.807783e-08 7.551334e-09 1.622324e-08 3.045892e-08
9.005299e+00 4.803961e-08 2.016222e-08 4.311109e-08 8.084553e-08
9.057299e+00 1.204456e-07 5.076305e-08 1.080764e-07 2.024974e-07
9.109299e+00 2.851557e-07 1.206075e-07 2.558091e-07 4.790506e-07
9.161299e+00 6.380692e-07 2.706281e-07 5.721779e-07 1.071402e-06
9.213299e+00 1.350738e-06 5.740216e-07 1.210571e-06 2.267621e-06
9.265299e+00 2.707922e-06 1.151991e-06 2.425097e-06 4.546678e-06
9.317299e+00 5.146561e-06 2.189579e-06 4.604623e-06 8.645480e-06
9.369299e+00 9.282454e-06 3.945399e-06 8.295213e-06 1.560675e-05
9.421299e+00 1.590376e-05 6.746177e-06 1.419226e-05 2.677285e-05
9.473299e+00 2.590680e-05 1.095598e-05 2.308072e-05 4.368369e-05
9.525299e+00 4.015413e-05 1.691285e-05 3.570649e-05 6.784304e-05
9.577299e+00 5.925174e-05 2.483360e-05 5.257758e-05 1.003440e-04
9.629299e+00 8.327101e-05 3.470033e-05 7.371980e-05 1.413929e-04
9.681299e+00 1.114780e-04 4.615688e-05 9.844416e-05 1.898331e-04
9.733299e+00 1.421636e-04 5.845422e-05 1.252092e-04 2.428274e-04
9.785299e+00 1.726755e-04 7.048447e-05 1.516666e-04 2.958753e-04
9.837299e+00 1.997254e-04 8.092848e-05 1.749513e-04 3.432964e-04
9.889299e+00 2.199715e-04 8.851344e-05 1.922111e-04 3.791900e-04
9.941299e+00 2.307852e-04 9.234345e-05 2.012936e-04 3.987186e-04
9.993299e+00 2.310314e-04 9.224053e-05 2.014363e-04 3.994173e-04
1.004530e+01 2.216638e-04 8.902949e-05 1.937854e-04 3.821766e-04
1.009730e+01 2.059806e-04 8.471714e-05 1.816041e-04 3.516205e-04
1.014930e+01 1.894801e-04 8.254307e-05 1.701142e-04 3.157829e-04
1.020130e+01 1.793609e-04 8.689574e-05 1.660012e-04 2.851858e-04
1.025330e+01 1.837742e-04 1.030839e-04 1.766787e-04 2.715599e-04
1.030530e+01 2.109424e-04 1.369392e-04 2.094263e-04 2.864617e-04
1.035730e+01 2.682389e-04 1.942315e-04 2.705147e-04 3.399705e-04
1.040930e+01 3.613035e-04 2.799233e-04 3.644239e-04 4.395633e-04
1.046130e+01 4.932963e-04 3.973763e-04 4.932665e-04 5.892460e-04
1.051330e+01 6.644305e-04 5.476974e-04 6.565308e-04 7.890633e-04
1.056530e+01 8.719386e-04 7.294254e-04 8.512313e-04 1.035159e-03
1.061730e+01 1.110563e-03 9.386798e-04 1.072488e-03 1.320520e-03
1.066930e+01 1.373523e-03 1.169753e-03 1.314442e-03 1.636374e-03
1.072130e+01 1.653759e-03 1.415991e-03 1.571306e-03 1.973979e-03
1.077330e+01 1.945128e-03 1.670765e-03 1.838280e-03 2.326338e-03
1.082530e+01 2.243266e-03 1.928359e-03 2.112093e-03 2.689347e-03
1.087730e+01 2.545953e-03 2.184706e-03 2.391062e-03 3.062090e-03
1.092930e+01 2.852972e-03 2.437951e-03 2.674734e-03 3.446233e-03
1.098130e+01 3.165605e-03 2.688815e-03 2.963241e-03 3.844760e-03
1.103330e+01 3.485798e-03 2.940585e-03 3.256524e-03 4.260287e-03
1.108530e+01 3.815019e-03 3.198490e-03 3.553433e-03 4.693133e-03
1.113730e+01 4.152751e-03 3.468206e-03 3.850745e-03 5.139301e-03
1.118930e+01 4.494824e-03 3.753541e-03 4.142231e-03 5.588702e-03
1.124130e+01 4.832097e-03 4.053811e-03 4.418205e-03 6.024274e-03
1.129330e+01 5.150263e-03 4.361976e-03 4.666061e-03 6.422753e-03
1.134530e+01 5.431447e-03 4.664672e-03 4.872150e-03 6.757520e-03
1.139730e+01 5.657593e-03 4.944793e-03 5.024819e-03 7.003166e-03
1.144930e+01 5.814834e-03 5.186101e-03 5.117811e-03 7.140588e-03
1.150130e+01 5.897363e-03 5.378142e-03 5.152853e-03 7.161093e-03
1.155330e+01 5.909299e-03 5.519213e-03 5.140341e-03 7.068344e-03
1.160530e+01 5.863752e-03 5.615825e-03 5.097623e-03 6.877808e-03
1.165730e+01 5.779376e-03 5.678817e-03 5.045178e-03 6.614132e-03
1.170930e+01 5.675640e-03 5.717988e-03 5.001739e-03 6.307194e-03
1.176130e+01 5.568363e-03 5.737847e-03 4.979750e-03 5.987492e-03
1.181330e+01 5.466702e-03 5.736290e-03 4.982418e-03 5.681397e-03
1.186530e+01 5.372088e-03 5.706304e-03 5.003096e-03 5.406864e-03
1.191730e+01 5.278908e-03 5.639305e-03 5.026948e-03 5.170470e-03
1.196930e+01 5.176407e-03 5.528199e-03 5.034263e-03 4.966760e-03
1.202130e+01 5.051263e-03 5.368967e-03 5.004385e-03 4.780439e-03
1.207330e+01 4.890368e-03 5.160688e-03 4.919338e-03 4.591078e-03
1.212530e+01 4.683491e-03 4.904825e-03 4.766623e-03 4.379024e-03
1.217730e+01 4.425502e-03 4.604734e-03 4.541041e-03 4.130730e-03
1.222930e+01 4.117842e-03 4.265900e-03 4.245659e-03 3.841968e-03
1.228130e+01 3.768946e-03 3.896702e-03 3.891888e-03 3.518248e-03
1.233330e+01 3.393390e-03 3.509017e-03 3.498451e-03 3.172701e-03
1.238530e+01 3.009789e-03 3.117928e-03 3.088974e-03 2.822465e-03
1.243730e+01 2.637764e-03 2.740154e-03 2.688350e-03 2.484789e-03
1.248930e+01 2.294651e-03 2.391459e-03 2.318589e-03 2.173906e-03
1.254130e+01 1.992821e-03 2.083849e-03 1.995354e-03 1.899261e-03
1.259330e+01 1.738313e-03 1.823544e-03 1.726232e-03 1.665161e-03
1.264530e+01 1.531054e-03 1.610471e-03 1.511189e-03 1.471500e-03
1.269730e+01 1.366403e-03 1.439431e-03 1.344727e-03 1.315052e-03
1.274930e+01 1.237327e-03 1.302418e-03 1.218739e-03 1.190824e-03
1.280130e+01 1.136455e-03 1.191243e-03 1.124942e-03 1.093180e-03
1.285330e+01 1.057481e-03 1.099566e-03 1.056258e-03 1.016619e-03
1.290530e+01 9.957143e-04 1.023826e-03 1.007054e-03 9.562631e-04
1.295730e+01 9.479295e-04 9.630159e-04 9.726686e-04 9.081039e-04
1.300930e+01 9.118197e-04 9.176415e-04 9.487606e-04 8.690571e-04
1.306130e+01 8.853965e-04 8.883972e-04 9.309336e-04 8.368589e-04
1.311330e+01 8.665886e-04 8.750576e-04 9.148436e-04 8.098648e-04
1.316530e+01 8.531665e-04 8.759205e-04 8.967271e-04 7.868520e-04
1.321730e+01 8.429793e-04 8.879129e-04 8.741101e-04 7.669150e-04
1.326930e+01 8.343729e-04 9.072603e-04 8.463781e-04 7.494803e-04
1.332130e+01 8.265887e-04 9.304516e-04 8.149343e-04 7.343801e-04
1.337330e+01 8.199506e-04 9.551431e-04 7.828241e-04 7.218847e-04
1.342530e+01 8.157262e-04 9.806545e-04 7.539063e-04 7.126177e-04
1.347730e+01 8.156739e-04 1.007842e-03 7.318200e-04 7.073600e-04
1.352930e+01 8.214095e-04 1.038354e-03 7.190680e-04 7.068063e-04
1.358130e+01 8.337890e-04 1.073530e-03 7.164796e-04 7.113574e-04
1.363330e+01 8.524987e-04 1.113349e-03 7.231576e-04 7.209892e-04
1.368530e+01 8.759695e-04 1.155867e-03 7.368477e-04 7.351938e-04
1.373730e+01 9.016322e-04 1.197380e-03 7.545456e-04 7.529708e-04
1.378930e+01 9.264391e-04 1.233319e-03 7.731373e-04 7.728609e-04
1.384130e+01 9.475239e-04 1.259584e-03 7.899338e-04 7.930536e-04
1.389330e+01 9.628629e-04 1.273913e-03 8.030575e-04 8.116187e-04
1.394530e+01 9.718318e-04 1.276866e-03 8.117313e-04 8.268985e-04
1.399730e+01 9.755958e-04 1.272172e-03 8.165622e-04 8.380531e-04
1.404930e+01 9.773158e-04 1.266366e-03 8.198995e-04 8.456819e-04
1.410130e+01 9.821641e-04 1.267834e-03 8.262879e-04 8.523705e-04
1.415330e+01 9.971275e-04 1.285485e-03 8.429375e-04 8.629604e-04
1.420530e+01 1.030553e-03 1.327285e-03 8.800292e-04 8.843445e-04
1.425730e+01 1.091386e-03 1.398894e-03 9.505891e-04 9.246745e-04
1.430930e+01 1.188109e-03 1.502654e-03 1.069636e-03 9.920376e-04
1.436130e+01 1.327470e-03 1.637183e-03 1.252373e-03 1.092852e-03
1.441330e+01 1.513189e-03 1.797836e-03 1.511371e-03 1.230361e-03
1.446530e+01 1.744879e-03 1.978049e-03 1.852997e-03 1.403590e-03
1.451730e+01 2.017370e-03 2.171351e-03 2.273751e-03 1.607008e-03
1.456930e+01 2.320601e-03 2.373356e-03 2.757542e-03 1.830904e-03
1.462130e+01 2.640108e-03 2.582912e-03 3.275056e-03 2.062357e-03
1.467330e+01 2.958104e-03 2.801622e-03 3.786077e-03 2.286613e-03
1.472530e+01 3.254994e-03 3.031491e-03 4.244792e-03 2.488698e-03
1.477730e+01 3.511142e-03 3.271193e-03 4.607139e-03 2.655095e-03
1.482930e+01 3.708655e-03 3.512253e-03 4.838443e-03 2.775270e-03
1.488130e+01 3.833028e-03 3.736859e-03 4.919414e-03 2.842810e-03
1.493330e+01 3.874622e-03 3.918821e-03 4.849095e-03 2.855951e-03
1.498530e+01 3.829961e-03 4.028243e-03 4.644194e-03 2.817445e-03
1.503730e+01 3.702695e-03 4.038983e-03 4.335220e-03 2.733881e-03
1.508930e+01 3.503906e-03 3.936555e-03 3.960477e-03 2.614686e-03
1.514130e+01 3.251340e-03 3.723602e-03 3.559355e-03 2.471064e-03
1.519330e+01 2.967360e-03 3.420725e-03 3.166384e-03 2.314972e-03
1.524530e+01 2.675857e-03 3.062207e-03 2.807205e-03 2.158158e-03
1.529730e+01 2.398797e-03 2.688132e-03 2.497038e-03 2.011222e-03
1.534930e+01 2.153265e-03 2.335638e-03 2.241460e-03 1.882696e-03
1.540130e+01 1.949664e-03 2.032071e-03 2.038695e-03 1.778226e-03
1.545330e+01 1.791370e-03 1.791746e-03 1.882355e-03 1.700009e-03
1.550530e+01 1.675668e-03 1.616519e-03 1.763820e-03 1.646664e-03
1.555730e+01 1.595590e-03 1.499158e-03 1.673967e-03 1.613645e-03
1.560930e+01 1.542178e-03 1.427934e-03 1.604387e-03 1.594213e-03
1.566130e+01 1.506728e-03 1.390884e-03 1.548425e-03 1.580874e-03
1.571330e+01 1.482628e-03 1.378715e-03 1.502153e-03 1.567015e-03
1.576530e+01 1.466452e-03 1.385888e-03 1.465065e-03 1.548403e-03
1.581730e+01 1.458052e-03 1.410024e-03 1.440025e-03 1.524108e-03
1.586930e+01 1.459612e-03 1.450169e-03 1.432133e-03 1.496535e-03
1.592130e+01 1.473886e-03 1.504694e-03 1.446515e-03 1.470448e-03
1.597330e+01 1.502159e-03 1.569652e-03 1.485600e-03 1.451225e-03
1.602530e+01 1.542607e-03 1.638189e-03 1.546795e-03 1.442837e-03
1.607730e+01 1.589653e-03 1.701224e-03 1.621511e-03 1.446225e-03
1.612930e+01 1.634618e-03 1.749152e-03 1.696098e-03 1.458604e-03
1.618130e+01 1.667489e-03 1.773918e-03 1.754594e-03 1.473956e-03
1.623330e+01 1.679248e-03 1.770707e-03 1.782486e-03 1.484552e-03
1.628530e+01 1.664004e-03 1.738704e-03 1.770276e-03 1.483032e-03
1.633730e+01 1.620287e-03 1.680789e-03 1.715689e-03 1.464382e-03
1.638930e+01 1.551183e-03 1.602469e-03 1.623893e-03 1.427187e-03
1.644130e+01 1.463399e-03 1.510556e-03 1.505825e-03 1.373815e-03
1.649330e+01 1.365655e-03 1.412078e-03 1.375348e-03 1.309539e-03
1.654530e+01 1.266906e-03 1.313597e-03 1.246204e-03 1.240916e-03
1.659730e+01 1.174832e-03 1.220890e-03 1.129611e-03 1.173995e-03
1.664930e+01 1.094851e-03 1.138752e-03 1.032897e-03 1.112903e-03
1.670130e+01 1.029717e-03 1.070752e-03 9.591949e-04 1.059203e-03
1.675330e+01 9.796452e-04 1.018888e-03 9.079275e-04 1.012120e-03
1.680530e+01 9.428224e-04 9.832741e-04 8.757588e-04 9.694343e-04
1.685730e+01 9.161350e-04 9.620455e-04 8.577252e-04 9.286344e-04
1.690930e+01 8.959514e-04 9.516187e-04 8.483464e-04 8.878891e-04
1.696130e+01 8.788117e-04 9.473212e-04 8.425718e-04 8.465421e-04
1.701330e+01 8.619224e-04 9.442531e-04 8.364550e-04 8.050592e-04
1.706530e+01 8.434100e-04 9.381550e-04 8.274948e-04 7.645803e-04
1.711730e+01 8.223406e-04 9.260518e-04 8.146387e-04 7.263312e-04
1.716930e+01 7.985630e-04 9.065300e-04 7.980184e-04 6.911406e-04
1.722130e+01 7.724605e-04 8.796418e-04 7.785417e-04 6.591979e-04
1.727330e+01 7.447013e-04 8.465491e-04 7.574808e-04 6.300740e-04
1.732530e+01 7.160661e-04 8.090909e-04 7.361656e-04 6.029419e-04
1.737730e+01 6.873937e-04 7.694404e-04 7.158336e-04 5.769071e-04
1.742930e+01 6.596417e-04 7.299410e-04 6.976246e-04 5.513595e-04
1.748130e+01 6.340166e-04 6.931080e-04 6.826636e-04 5.262781e-04
1.753330e+01 6.120992e-04 6.617041e-04 6.721623e-04 5.024311e-04
1.758530e+01 5.958886e-04 6.387625e-04 6.674725e-04 4.814308e-04
1.763730e+01 5.877042e-04 6.274494e-04 6.700469e-04 4.656162e-04
1.768930e+01 5.899204e-04 6.307113e-04 6.812874e-04 4.577624e-04
1.774130e+01 6.045510e-04 6.507275e-04 7.022930e-04 4.606324e-04
1.779330e+01 6.327456e-04 6.882687e-04 7.335490e-04 4.764191e-04
1.784530e+01 6.743033e-04 7.421278e-04 7.746257e-04 5.061564e-04
1.789730e+01 7.273329e-04 8.088151e-04 8.239586e-04 5.492249e-04
1.794930e+01 7.881838e-04 8.826738e-04 8.787766e-04 6.031011e-04
1.800130e+01 8.517236e-04 9.564676e-04 9.352184e-04 6.634848e-04
1.805330e+01 9.119513e-04 1.022355e-03 9.886493e-04 7.248492e-04
1.810530e+01 9.628435e-04 1.073049e-03 1.034158e-03 7.813228e-04
1.815730e+01 9.992528e-04 1.102902e-03 1.067176e-03 8.276804e-04
1.820930e+01 1.017661e-03 1.108692e-03 1.084121e-03 8.601705e-04
1.826130e+01 1.016631e-03 1.089975e-03 1.082956e-03 8.769628e-04
1.831330e+01 9.968929e-04 1.048988e-03 1.063538e-03 8.781522e-04
1.836530e+01 9.610928e-04 9.901607e-04 1.027698e-03 8.654200e-04
1.841730e+01 9.133233e-04 9.193855e-04 9.790377e-04 8.415465e-04
1.846930e+01 8.585508e-04 8.431905e-04 9.225065e-04 8.099553e-04
1.852130e+01 8.020488e-04 7.679547e-04 8.638241e-04 7.743676e-04
1.857330e+01 7.488781e-04 6.992770e-04 8.088286e-04 7.385286e-04
1.862530e+01 7.034182e-04 6.415482e-04 7.627955e-04 7.059108e-04
1.867730e+01 6.689468e-04 5.977265e-04 7.297771e-04 6.793368e-04
1.872930e+01 6.472905e-04 5.692754e-04 7.120357e-04 6.605604e-04
1.878130e+01 6.386080e-04 5.562105e-04 7.096728e-04 6.499407e-04
1.883330e+01 6.413819e-04 5.572174e-04 7.205600e-04 6.463683e-04
1.888530e+01 6.526650e-04 5.698268e-04 7.406336e-04 6.475348e-04
1.893730e+01 6.685660e-04 5.906565e-04 7.645381e-04 6.505034e-04
1.898930e+01 6.848846e-04 6.157282e-04 7.865174e-04 6.524081e-04
1.904130e+01 6.977642e-04 6.408581e-04 8.013851e-04 6.510493e-04
1.909330e+01 7.042266e-04 6.620969e-04 8.053810e-04 6.452020e-04
1.914530e+01 7.024978e-04 6.761792e-04 7.967339e-04 6.345802e-04
1.919730e+01 6.920970e-04 6.809262e-04 7.758149e-04 6.195500e-04
1.924930e+01 6.737244e-04 6.755369e-04 7.448621e-04 6.007743e-04
1.930130e+01 6.490124e-04 6.607003e-04 7.073708e-04 5.789662e-04
1.935330e+01 6.202152e-04 6.384785e-04 6.673291e-04 5.548379e-04
1.940530e+01 5.898906e-04 6.119523e-04 6.285091e-04 5.292103e-04
1.945730e+01 5.606104e-04 5.846873e-04 5.939789e-04 5.031650e-04
1.950930e+01 5.347205e-04 5.601421e-04 5.659088e-04 4.781107e-04
1.956130e+01 5.141705e-04 5.411724e-04 5.456418e-04 4.556973e-04
1.961330e+01 5.004286e-04 5.297579e-04 5.339271e-04 4.376009e-04
1.966530e+01 4.944865e-04 5.269954e-04 5.311934e-04 4.252707e-04
1.971730e+01 4.969312e-04 5.332992e-04 5.377582e-04 4.197361e-04
1.976930e+01 5.080357e-04 5.486696e-04 5.539104e-04 4.215270e-04
1.982130e+01 5.278062e-04 5.728795e-04 5.798428e-04 4.306964e-04
1.987330e+01 5.559395e-04 6.054795e-04 6.154488e-04 4.468901e-04
1.992530e+01 5.916844e-04 6.456171e-04 6.600288e-04 4.694071e-04
1.997730e+01 6.336554e-04 6.917558e-04 7.119891e-04 4.972214e-04
2.002930e+01 6.796891e-04 7.414404e-04 7.686526e-04 5.289744e-04
2.008130e+01 7.268487e-04 7.912594e-04 8.263115e-04 5.629753e-04
2.013330e+01 7.716582e-04 8.371108e-04 8.806084e-04 5.972555e-04
2.018530e+01 8.105814e-04 8.747866e-04 9.272365e-04 6.297211e-04
2.023730e+01 8.406726e-04 9.007799e-04 9.628122e-04 6.584256e-04
2.028930e+01 8.602417e-04 9.131162e-04 9.856701e-04 6.819386e-04
2.034130e+01 8.693306e-04 9.119589e-04 9.963082e-04 6.997248e-04
2.039330e+01 8.698185e-04 8.997658e-04 9.972964e-04 7.123932e-04
2.044530e+01 8.650647e-04 8.808869e-04 9.926321e-04 7.216751e-04
2.049730e+01 8.591400e-04 8.606604e-04 9.867020e-04 7.300577e-04
2.054930e+01 8.558341e-04 8.442293e-04 9.831442e-04 7.401288e-04
2.060130e+01 8.577213e-04 8.354077e-04 9.839382e-04 7.538179e-04
2.065330e+01 8.655698e-04 8.359289e-04 9.889952e-04 7.717853e-04
2.070530e+01 8.782833e-04 8.452907e-04 9.963798e-04 7.931793e-04
2.075730e+01 8.933964e-04 8.612252e-04 1.003107e-03 8.158565e-04
2.080930e+01 9.079602e-04 8.806067e-04 1.006269e-03 8.370049e-04
2.086130e+01 9.195168e-04 9.004749e-04 1.004103e-03 8.539722e-04
2.091330e+01 9.268384e-04 9.188266e-04 9.966447e-04 8.650439e-04
2.096530e+01 9.301976e-04 9.349438e-04 9.857117e-04 8.699374e-04
2.101730e+01 9.311143e-04 9.492104e-04 9.742591e-04 8.698733e-04
2.106930e+01 9.317073e-04 9.625529e-04 9.653485e-04 8.672205e-04
2.112130e+01 9.339050e-04 9.757504e-04 9.611193e-04 8.648452e-04
2.117330e+01 9.387837e-04 9.888651e-04 9.621034e-04 8.653825e-04
2.122530e+01 9.462357e-04 1.000972e-03 9.670720e-04 8.706630e-04
2.127730e+01 9.550351e-04 1.010243e-03 9.734021e-04 8.814598e-04
2.132930e+01 9.632427e-04 1.014337e-03 9.777977e-04 8.975930e-04
2.138130e+01 9.687916e-04 1.010953e-03 9.771264e-04 9.182957e-04
2.143330e+01 9.700597e-04 9.983892e-04 9.691336e-04 9.426561e-04
2.148530e+01 9.662538e-04 9.759647e-04 9.528609e-04 9.699358e-04
2.153730e+01 9.575023e-04 9.441847e-04 9.286885e-04 9.996335e-04
2.158930e+01 9.446520e-04 9.046423e-04 8.980344e-04 1.031279e-03
2.164130e+01 9.288656e-04 8.596919e-04 8.628384e-04 1.064066e-03
2.169330e+01 9.111761e-04 8.120034e-04 8.250155e-04 1.096509e-03
2.174530e+01 8.921598e-04 7.641235e-04 7.860495e-04 1.126306e-03
2.179730e+01 8.718286e-04 7.181516e-04 7.468248e-04 1.150509e-03
2.184930e+01 8.497505e-04 6.755770e-04 7.076933e-04 1.165981e-03
2.190130e+01 8.253186e-04 6.372665e-04 6.686939e-04 1.169996e-03
2.195330e+01 7.980508e-04 6.035457e-04 6.298111e-04 1.160796e-03
2.200530e+01 7.678144e-04 5.743206e-04 5.911832e-04 1.137939e-03
2.205730e+01 7.349211e-04 5.492033e-04 5.532153e-04 1.102345e-03
2.210930e+01 7.000922e-04 5.276346e-04 5.165912e-04 1.056051e-03
2.216130e+01 6.643300e-04 5.089960e-04 4.822004e-04 1.001794e-03
2.221330e+01 6.287421e-04 4.926969e-04 4.509979e-04 9.425314e-04
2.226530e+01 5.943613e-04 4.782149e-04 4.238208e-04 8.810483e-04
2.231730e+01 5.619919e-04 4.650786e-04 4.011948e-04 8.197024e-04
2.236930e+01 5.321058e-04 4.528106e-04 3.831780e-04 7.603287e-04
2.242130e+01 5.048065e-04 4.408770e-04 3.692916e-04 7.042509e-04
2.247330e+01 4.798691e-04 4.286905e-04 3.585707e-04 6.523461e-04
2.252530e+01 4.568520e-04 4.156914e-04 3.497386e-04 6.051259e-04
2.257730e+01 4.352600e-04 4.014889e-04 3.414678e-04 5.628231e-04
2.262930e+01 4.147216e-04 3.860082e-04 3.326664e-04 5.254903e-04
2.268130e+01 3.951339e-04 3.695795e-04 3.227142e-04 4.931079e-04
2.273330e+01 3.767327e-04 3.529259e-04 3.115878e-04 4.656842e-04
2.278530e+01 3.600679e-04 3.370455e-04 2.998407e-04 4.433175e-04
2.283730e+01 3.458915e-04 3.230272e-04 2.884472e-04 4.262001e-04
2.288930e+01 3.349948e-04 3.118643e-04 2.785558e-04 4.145643e-04
2.294130e+01 3.280464e-04 3.043205e-04 2.712238e-04 4.085948e-04
2.299330e+01 3.254721e-04 3.008734e-04 2.672049e-04 4.083380e-04
2.304530e+01 3.274038e-04 3.017278e-04 2.668406e-04 4.136430e-04
2.309730e+01 3.336965e-04 3.068618e-04 2.700683e-04 4.241596e-04
2.314930e+01 3.440022e-04 3.160769e-04 2.765248e-04 4.394051e-04
2.320130e+01 3.578787e-04 3.290387e-04 2.857023e-04 4.588951e-04
2.325330e+01 3.749115e-04 3.453172e-04 2.971130e-04 4.823043e-04
2.330530e+01 3.948229e-04 3.644446e-04 3.104305e-04 5.095935e-04
2.335730e+01 4.175384e-04 3.860008e-04 3.255898e-04 5.410245e-04
2.340930e+01 4.431813e-04 4.097151e-04 3.428312e-04 5.769977e-04
2.346130e+01 4.719776e-04 4.355524e-04 3.626764e-04 6.177039e-04
2.351330e+01 5.040783e-04 4.637371e-04 3.858250e-04 6.626728e-04
2.356530e+01 5.393495e-04 4.946836e-04 4.129852e-04 7.103797e-04
2.361730e+01 5.772104e-04 5.288324e-04 4.446893e-04 7.581096e-04
2.366930e+01 6.166137e-04 5.664403e-04 4.811765e-04 8.022244e-04
2.372130e+01 6.562289e-04 6.074150e-04 5.224248e-04 8.388469e-04
2.377330e+01 6.948163e-04 6.512823e-04 5.683562e-04 8.648103e-04
2.382530e+01 7.316885e-04 6.973294e-04 6.191425e-04 8.785934e-04
2.387730e+01 7.670898e-04 7.448854e-04 6.754466e-04 8.809373e-04
2.392930e+01 8.023169e-04 7.936158e-04 7.384082e-04 8.749268e-04
2.398130e+01 8.394747e-04 8.436778e-04 8.092600e-04 8.654863e-04
2.403330e+01 8.808877e-04 8.956152e-04 8.886254e-04 8.584226e-04
2.408530e+01 9.283256e-04 9.499744e-04 9.757318e-04 8.592707e-04
2.413730e+01 9.822879e-04 1.006751e-03 1.067876e-03 8.722372e-04
2.418930e+01 1.041594e-03 1.064874e-03 1.160429e-03 8.994778e-04
2.424130e+01 1.103424e-03 1.121966e-03 1.247479e-03 9.408252e-04
2.429330e+01 1.163809e-03 1.174529e-03 1.322943e-03 9.939557e-04
2.434530e+01 1.218408e-03 1.218554e-03 1.381779e-03 1.054891e-03
2.439730e+01 1.263323e-03 1.250365e-03 1.420908e-03 1.118697e-03
2.444930e+01 1.295742e-03 1.267403e-03 1.439555e-03 1.180270e-03
2.450130e+01 1.314245e-03 1.268653e-03 1.438990e-03 1.235091e-03
2.455330e+01 1.318781e-03 1.254619e-03 1.421841e-03 1.279883e-03
2.460530e+01 1.310406e-03 1.226898e-03 1.391278e-03 1.313040e-03
2.465730e+01 1.290900e-03 1.187622e-03 1.350360e-03 1.334719e-03
2.470930e+01 1.262414e-03 1.139014e-03 1.301683e-03 1.346546e-03
2.476130e+01 1.227194e-03 1.083217e-03 1.247374e-03 1.350991e-03
2.481330e+01 1.187434e-03 1.022382e-03 1.189316e-03 1.350602e-03
2.486530e+01 1.145211e-03 9.588495e-04 1.129433e-03 1.347350e-03
2.491730e+01 1.102469e-03 8.952559e-04 1.069868e-03 1.342284e-03
2.496930e+01 1.060971e-03 8.344172e-04 1.012938e-03 1.335558e-03
2.502130e+01 1.022191e-03 7.790004e-04 9.608534e-04 1.326719e-03
2.507330e+01 9.871593e-04 7.310850e-04 9.153100e-04 1.315083e-03
2.512530e+01 9.563226e-04 6.917866e-04 8.771230e-04 1.300058e-03
2.517730e+01 9.295146e-04 6.610917e-04 8.460773e-04 1.281375e-03
2.522930e+01 9.061124e-04 6.379760e-04 8.210760e-04 1.259285e-03
2.528130e+01 8.853785e-04 6.207762e-04 8.005499e-04 1.234809e-03
2.533330e+01 8.669075e-04 6.077038e-04 7.829914e-04 1.210027e-03
2.538530e+01 8.510360e-04 5.973575e-04 7.674422e-04 1.188308e-03
2.543730e+01 8.390669e-04 5.891134e-04 7.538092e-04 1.174278e-03
2.548930e+01 8.331964e-04 5.833183e-04 7.429528e-04 1.173318e-03
2.554130e+01 8.361104e-04 5.812699e-04 7.365536e-04 1.190508e-03
2.559330e+01 8.503116e-04 5.850012e-04 7.367915e-04 1.229142e-03
2.564530e+01 8.773354e-04 5.969157e-04 7.458812e-04 1.289209e-03
2.569730e+01 9.170865e-04 6.193381e-04 7.655326e-04 1.366389e-03
2.574930e+01 9.675434e-04 6.540661e-04 7.964511e-04 1.452113e-03
2.580130e+01 1.024995e-03 7.020157e-04 8.380374e-04 1.534933e-03
2.585330e+01 1.084811e-03 7.630386e-04 8.884241e-04 1.602970e-03
2.590530e+01 1.142523e-03 8.359432e-04 9.448903e-04 1.646737e-03
2.595730e+01 1.194875e-03 9.186908e-04 1.004538e-03 1.661395e-03
2.600930e+01 1.240455e-03 1.008687e-03 1.064997e-03 1.647680e-03
2.606130e+01 1.279728e-03 1.103074e-03 1.124900e-03 1.611210e-03
2.611330e+01 1.314501e-03 1.198967e-03 1.183965e-03 1.560573e-03
2.616530e+01 1.347094e-03 1.293606e-03 1.242700e-03 1.504976e-03
2.621730e+01 1.379555e-03 1.384479e-03 1.301852e-03 1.452332e-03
2.626930e+01 1.413183e-03 1.469430e-03 1.361805e-03 1.408314e-03
2.632130e+01 1.448438e-03 1.546790e-03 1.422097e-03 1.376428e-03
2.637330e+01 1.485129e-03 1.615505e-03 1.481180e-03 1.358701e-03
2.642530e+01 1.522707e-03 1.675188e-03 1.536469e-03 1.356463e-03
2.647730e+01 1.560489e-03 1.726047e-03 1.584669e-03 1.370750e-03
2.652930e+01 1.597737e-03 1.768674e-03 1.622338e-03 1.402198e-03
2.658130e+01 1.633624e-03 1.803726e-03 1.646559e-03 1.450585e-03
2.663330e+01 1.667176e-03 1.831583e-03 1.655602e-03 1.514341e-03
2.668530e+01 1.697296e-03 1.852114e-03 1.649425e-03 1.590351e-03
2.673730e+01 1.722916e-03 1.864629e-03 1.629924e-03 1.674196e-03
2.678930e+01 1.743244e-03 1.868117e-03 1.600866e-03 1.760748e-03
2.684130e+01 1.758031e-03 1.861729e-03 1.567472e-03 1.844893e-03
2.689330e+01 1.767743e-03 1.845421e-03 1.535702e-03 1.922108e-03
2.694530e+01 1.773550e-03 1.820536e-03 1.511358e-03 1.988756e-03
2.699730e+01 1.777122e-03 1.790089e-03 1.499176e-03 2.042101e-03
2.704930e+01 1.780270e-03 1.758545e-03 1.502100e-03 2.080166e-03
2.710130e+01 1.784530e-03 1.731079e-03 1.520901e-03 2.101610e-03
2.715330e+01 1.790802e-03 1.712479e-03 1.554182e-03 2.105745e-03
2.720530e+01 1.799143e-03 1.706015e-03 1.598726e-03 2.092690e-03
2.725730e+01 1.808759e-03 1.712620e-03 1.650090e-03 2.063566e-03
2.730930e+01 1.818171e-03 1.730639e-03 1.703290e-03 2.020583e-03
2.736130e+01 1.825520e-03 1.756201e-03 1.753490e-03 1.966869e-03
2.741330e+01 1.828914e-03 1.784092e-03 1.796613e-03 1.906038e-03
2.746530e+01 1.826763e-03 1.808880e-03 1.829843e-03 1.841567e-03
2.751730e+01 1.818051e-03 1.826004e-03 1.851935e-03 1.776214e-03
2.756930e+01 1.802507e-03 1.832567e-03 1.863285e-03 1.711669e-03
2.762130e+01 1.780640e-03 1.827690e-03 1.865668e-03 1.648563e-03
2.767330e+01 1.753611e-03 1.812374e-03 1.861661e-03 1.586798e-03
2.772530e+01 1.722951e-03 1.788963e-03 1.853863e-03 1.526027e-03
2.777730e+01 1.690197e-03 1.760391e-03 1.844135e-03 1.466065e-03
2.782930e+01 1.656559e-03 1.729455e-03 1.833125e-03 1.407096e-03
2.788130e+01 1.622719e-03 1.698298e-03 1.820217e-03 1.349643e-03
2.793330e+01 1.588844e-03 1.668219e-03 1.803914e-03 1.294399e-03
2.798530e+01 1.554741e-03 1.639739e-03 1.782466e-03 1.242018e-03
2.803730e+01 1.520098e-03 1.612833e-03 1.754489e-03 1.192971e-03
2.808930e+01 1.484669e-03 1.587155e-03 1.719366e-03 1.147485e-03
2.814130e+01 1.448360e-03 1.562190e-03 1.677341e-03 1.105549e-03
2.819330e+01 1.411213e-03 1.537306e-03 1.629362e-03 1.066970e-03
2.824530e+01 1.373325e-03 1.511758e-03 1.576784e-03 1.031434e-03
2.829730e+01 1.334768e-03 1.484688e-03 1.521070e-03 9.985444e-04
2.834930e+01 1.295525e-03 1.455178e-03 1.463553e-03 9.678453e-04
2.840130e+01 1.255484e-03 1.422363e-03 1.405275e-03 9.388134e-04
2.845330e+01 1.214459e-03 1.385579e-03 1.346920e-03 9.108768e-04
2.850530e+01 1.172274e-03 1.344509e-03 1.288827e-03 8.834863e-04
2.855730e+01 1.128877e-03 1.299269e-03 1.231101e-03 8.562596e-04
2.860930e+01 1.084464e-03 1.250423e-03 1.173806e-03 8.291633e-04
2.866130e+01 1.039580e-03 1.198919e-03 1.117162e-03 8.026578e-04
2.871330e+01 9.951347e-04 1.145987e-03 1.061693e-03 7.777233e-04
2.876530e+01 9.523221e-04 1.093019e-03 1.008225e-03 7.557225e-04
2.881730e+01 9.124375e-04 1.041448e-03 9.577417e-04 7.381230e-04
2.886930e+01 8.766394e-04 9.926218e-04 9.111379e-04 7.261584e-04
2.892130e+01 8.457171e-04 9.476468e-04 8.689740e-04 7.205305e-04
2.897330e+01 8.199283e-04 9.072295e-04 8.313223e-04 7.212330e-04
2.902530e+01 7.989505e-04 8.715542e-04 7.977657e-04 7.275315e-04
2.907730e+01 7.819582e-04 8.402516e-04 7.675455e-04 7.380775e-04
2.912930e+01 7.678002e-04 8.124900e-04 7.398010e-04 7.511095e-04
2.918130e+01 7.552274e-04 7.871773e-04 7.138217e-04 7.646831e-04
2.923330e+01 7.431116e-04 7.632146e-04 6.892317e-04 7.768886e-04
2.928530e+01 7.306052e-04 7.397237e-04 6.660580e-04 7.860339e-04
2.933730e+01 7.172125e-04 7.161892e-04 6.446708e-04 7.907776e-04
2.938930e+01 7.027728e-04 6.924941e-04 6.256181e-04 7.902060e-04
2.944130e+01 6.873714e-04 6.688626e-04 6.093991e-04 7.838524e-04
2.949330e+01 6.712163e-04 6.457463e-04 5.962381e-04 7.716646e-04
2.954530e+01 6.545171e-04 6.236888e-04 5.859203e-04 7.539422e-04
2.959730e+01 6.374020e-04 6.031932e-04 5.777431e-04 7.312698e-04
2.964930e+01 6.198961e-04 5.846161e-04 5.706089e-04 7.044633e-04
2.970130e+01 6.019618e-04 5.681072e-04 5.632408e-04 6.745374e-04
2.975330e+01 5.835861e-04 5.536105e-04 5.544635e-04 6.426844e-04
2.980530e+01 5.648816e-04 5.409299e-04 5.434666e-04 6.102482e-04
2.985730e+01 5.461618e-04 5.298348e-04 5.299765e-04 5.786742e-04
2.990930e+01 5.279575e-04 5.201601e-04 5.142966e-04 5.494157e-04
2.996130e+01 5.109558e-04 5.118549e-04 4.972228e-04 5.237899e-04
3.001330e+01 4.958728e-04 5.049535e-04 4.798685e-04 5.027964e-04
3.006530e+01 4.832936e-04 4.994865e-04 4.634557e-04 4.869387e-04
3.011730e+01 4.735354e-04 4.953788e-04 4.491162e-04 4.761113e-04
3.016930e+01 4.665787e-04 4.923900e-04 4.377370e-04 4.696092e-04
3.022130e+01 4.620893e-04 4.901263e-04 4.298634e-04 4.662782e-04
3.027330e+01 4.595147e-04 4.881131e-04 4.256605e-04 4.647703e-04
3.032530e+01 4.582130e-04 4.858899e-04 4.249268e-04 4.638223e-04
3.037730e+01 4.575688e-04 4.830888e-04 4.271492e-04 4.624685e-04
3.042930e+01 4.570681e-04 4.794775e-04 4.315917e-04 4.601350e-04
3.048130e+01 4.563327e-04 4.749759e-04 4.374062e-04 4.566159e-04
3.053330e+01 4.551341e-04 4.696640e-04 4.437565e-04 4.519817e-04
3.058530e+01 4.534047e-04 4.637924e-04 4.499402e-04 4.464813e-04
3.063730e+01 4.512503e-04 4.577851e-04 4.554886e-04 4.404773e-04
3.068930e+01 4.489498e-04 4.522143e-04 4.602195e-04 4.344157e-04
3.074130e+01 4.469173e-04 4.477331e-04 4.642188e-04 4.288000e-04
3.079330e+01 4.456170e-04 4.449695e-04 4.677449e-04 4.241366e-04
3.084530e+01 4.454424e-04 4.444134e-04 4.710717e-04 4.208420e-04
3.089730e+01 4.465951e-04 4.463279e-04 4.743223e-04 4.191351e-04
3.094930e+01 4.490090e-04 4.507087e-04 4.773565e-04 4.189619e-04
3.100130e+01 4.523510e-04 4.572899e-04 4.797684e-04 4.199948e-04
3.105330e+01 4.561026e-04 4.655795e-04 4.810119e-04 4.217164e-04
3.110530e+01 4.596949e-04 4.749081e-04 4.806186e-04 4.235580e-04
3.115730e+01 4.626539e-04 4.844903e-04 4.784328e-04 4.250387e-04
3.120930e+01 4.647115e-04 4.935133e-04 4.747696e-04 4.258515e-04
3.126130e+01 4.658549e-04 5.012601e-04 4.704279e-04 4.258768e-04
3.131330e+01 4.663086e-04 5.072484e-04 4.665372e-04 4.251401e-04
3.136530e+01 4.664569e-04 5.113392e-04 4.642785e-04 4.237529e-04
3.141730e+01 4.667317e-04 5.137565e-04 4.645665e-04 4.218720e-04
3.146930e+01 4.674902e-04 5.149911e-04 4.677919e-04 4.196877e-04
3.152130e+01 4.689151e-04 5.156140e-04 4.737080e-04 4.174234e-04
3.157330e+01 4.709640e-04 5.160783e-04 4.814937e-04 4.153200e-04
3.162530e+01 4.733880e-04 5.166018e-04 4.899719e-04 4.135905e-04
3.167730e+01 4.758172e-04 5.171849e-04 4.979126e-04 4.123543e-04
3.172930e+01 4.778865e-04 5.177485e-04 5.043279e-04 4.115830e-04
3.178130e+01 4.793563e-04 5.183067e-04 5.086719e-04 4.110904e-04
3.183330e+01 4.801835e-04 5.190727e-04 5.108963e-04 4.105814e-04
3.188530e+01 4.805139e-04 5.204328e-04 5.113608e-04 4.097482e-04
3.193730e+01 4.806075e-04 5.228005e-04 5.106465e-04 4.083754e-04
3.198930e+01 4.807285e-04 5.264295e-04 5.093447e-04 4.064115e-04
3.204130e+01 4.810495e-04 5.312826e-04 5.078927e-04 4.039731e-04
3.209330e+01 4.816003e-04 5.370173e-04 5.065008e-04 4.012827e-04
3.214530e+01 4.822761e-04 5.430831e-04 5.051766e-04 3.985686e-04
3.219730e+01 4.828904e-04 5.488740e-04 5.038192e-04 3.959780e-04
3.224930e+01 4.832476e-04 5.538640e-04 5.023316e-04 3.935471e-04
3.230130e+01 4.832079e-04 5.576826e-04 5.006997e-04 3.912412e-04
3.235330e+01 4.827221e-04 5.601233e-04 4.990051e-04 3.890379e-04
3.240530e+01 4.818283e-04 5.611154e-04 4.973688e-04 3.870006e-04
3.245730e+01 4.806191e-04 5.606971e-04 4.958626e-04 3.852976e-04
3.250930e+01 4.792054e-04 5.590215e-04 4.944384e-04 3.841562e-04
3.256130e+01 4.777066e-04 5.564068e-04 4.929278e-04 3.837853e-04
3.261330e+01 4.762847e-04 5.534078e-04 4.911299e-04 3.843166e-04
3.266530e+01 4.752109e-04 5.508657e-04 4.889673e-04 3.857997e-04
3.271730e+01 4.749255e-04 5.498812e-04 4.866494e-04 3.882459e-04
3.276930e+01 4.760418e-04 5.516779e-04 4.847670e-04 3.916806e-04
3.282130e+01 4.792659e-04 5.573756e-04 4.842578e-04 3.961643e-04
3.287330e+01 4.852465e-04 5.677383e-04 4.862319e-04 4.017694e-04
3.292530e+01 4.944085e-04 5.829898e-04 4.917008e-04 4.085349e-04
3.297730e+01 5.068365e-04 6.027593e-04 5.013058e-04 4.164443e-04
3.302930e+01 5.222542e-04 6.261608e-04 5.151462e-04 4.254557e-04
3.308130e+01 5.400994e-04 6.519464e-04 5.327711e-04 4.355806e-04
3.313330e+01 5.596552e-04 6.786596e-04 5.533311e-04 4.469749e-04
3.318530e+01 5.801827e-04 7.047414e-04 5.758149e-04 4.599919e-04
3.323730e+01 6.010072e-04 7.286052e-04 5.992589e-04 4.751575e-04
3.328930e+01 6.215437e-04 7.487327e-04 6.228443e-04 4.930539e-04
3.334130e+01 6.412745e-04 7.638338e-04 6.458596e-04 5.141302e-04
3.339330e+01 6.597099e-04 7.730582e-04 6.675880e-04 5.384834e-04
3.344530e+01 6.763637e-04 7.761893e-04 6.872226e-04 5.656793e-04
3.349730e+01 6.907688e-04 7.737304e-04 7.038938e-04 5.946821e-04
3.354930e+01 7.025342e-04 7.668257e-04 7.168260e-04 6.239510e-04
3.360130e+01 7.114350e-04 7.570322e-04 7.255618e-04 6.517109e-04
3.365330e+01 7.175054e-04 7.460176e-04 7.301538e-04 6.763448e-04
3.370530e+01 7.211072e-04 7.352862e-04 7.312381e-04 6.967973e-04
3.375730e+01 7.229442e-04 7.260078e-04 7.299659e-04 7.128591e-04
3.380930e+01 7.240071e-04 7.189692e-04 7.278215e-04 7.252306e-04
3.386130e+01 7.254464e-04 7.146192e-04 7.263881e-04 7.353319e-04
3.391330e+01 7.283888e-04 7.131482e-04 7.271111e-04 7.449073e-04
3.396530e+01 7.337298e-04 7.145577e-04 7.310898e-04 7.555418e-04
3.401730e+01 7.419461e-04 7.186957e-04 7.389147e-04 7.682279e-04
3.406930e+01 7.529799e-04 7.252662e-04 7.505685e-04 7.831049e-04
3.412130e+01 7.662269e-04 7.338305e-04 7.654173e-04 7.994329e-04
3.417330e+01 7.806395e-04 7.438208e-04 7.823080e-04 8.157896e-04
3.422530e+01 7.949193e-04 7.545759e-04 7.997678e-04 8.304142e-04
3.427730e+01 8.077528e-04 7.654045e-04 8.162642e-04 8.415898e-04
3.432930e+01 8.180376e-04 7.756765e-04 8.304659e-04 8.479703e-04
3.438130e+01 8.250582e-04 7.849375e-04 8.414450e-04 8.487921e-04
3.443330e+01 8.285907e-04 7.930268e-04 8.487846e-04 8.439609e-04
3.448530e+01 8.289256e-04 8.001599e-04 8.525904e-04 8.340264e-04
3.453730e+01 8.268087e-04 8.069312e-04 8.534302e-04 8.200646e-04
3.458930e+01 8.233047e-04 8.142028e-04 8.522261e-04 8.034852e-04
3.464130e+01 8.196002e-04 8.228904e-04 8.501171e-04 7.857930e-04
3.469330e+01 8.167837e-04 8.337027e-04 8.482988e-04 7.683497e-04
3.474530e+01 8.156583e-04 8.469163e-04 8.478539e-04 7.522046e-04
3.479730e+01 8.166362e-04 8.622671e-04 8.495997e-04 7.380418e-04
3.484930e+01 8.197427e-04 8.789915e-04 8.539893e-04 7.262474e-04
3.490130e+01 8.247095e-04 8.960031e-04 8.610889e-04 7.170363e-04
3.495330e+01 8.311057e-04 9.121420e-04 8.706271e-04 7.105479e-04
3.500530e+01 8.384452e-04 9.264121e-04 8.820804e-04 7.068431e-04
3.505730e+01 8.462298e-04 9.381358e-04 8.947510e-04 7.058025e-04
3.510930e+01 8.539321e-04 9.469873e-04 9.078136e-04 7.069955e-04
3.516130e+01 8.609594e-04 9.529188e-04 9.203397e-04 7.096195e-04
3.521330e+01 8.666497e-04 9.560349e-04 9.313381e-04 7.125761e-04
3.526530e+01 8.703333e-04 9.564811e-04 9.398390e-04 7.146799e-04
3.531730e+01 8.714480e-04 9.543895e-04 9.450261e-04 7.149282e-04
3.536930e+01 8.696616e-04 9.498776e-04 9.463735e-04 7.127338e-04
3.542130e+01 8.649448e-04 9.430648e-04 9.437283e-04 7.080414e-04
3.547330e+01 8.575576e-04 9.340722e-04 9.372974e-04 7.013033e-04
3.552530e+01 8.479574e-04 9.229978e-04 9.275406e-04 6.933337e-04
3.557730e+01 8.366707e-04 9.098956e-04 9.150221e-04 6.850944e-04
3.562930e+01 8.241828e-04 8.947922e-04 9.002844e-04 6.774716e-04
3.568130e+01 8.108793e-04 8.777527e-04 8.837906e-04 6.710946e-04
3.573330e+01 7.970487e-04 8.589734e-04 8.659338e-04 6.662389e-04
3.578530e+01 7.829252e-04 8.388586e-04 8.470848e-04 6.628323e-04
3.583730e+01 7.687498e-04 8.180474e-04 8.276421e-04 6.605598e-04
3.588930e+01 7.548249e-04 7.973745e-04 8.080675e-04 6.590328e-04
3.594130e+01 7.415520e-04 7.777787e-04 7.889099e-04 6.579675e-04
3.599330e+01 7.294371e-04 7.601772e-04 7.708218e-04 6.573125e-04
3.604530e+01 7.190575e-04 7.453327e-04 7.545625e-04 6.572772e-04
3.609730e+01 7.109836e-04 7.337337e-04 7.409670e-04 6.582502e-04
3.614930e+01 7.056687e-04 7.255133e-04 7.308621e-04 6.606306e-04
3.620130e+01 7.033284e-04 7.204265e-04 7.249258e-04 6.646329e-04
3.625330e+01 7.038495e-04 7.178996e-04 7.235121e-04 6.701369e-04
3.630530e+01 7.067574e-04 7.171490e-04 7.264871e-04 6.766362e-04
3.635730e+01 7.112590e-04 7.173421e-04 7.331300e-04 6.833050e-04
3.640930e+01 7.163574e-04 7.177594e-04 7.421557e-04 6.891572e-04
3.646130e+01 7.210153e-04 7.179076e-04 7.518891e-04 6.932492e-04
3.651330e+01 7.243337e-04 7.175489e-04 7.605813e-04 6.948709e-04
3.656530e+01 7.257095e-04 7.166402e-04 7.668045e-04 6.936837e-04
3.661730e+01 7.249359e-04 7.152129e-04 7.698125e-04 6.897823e-04
3.666930e+01 7.222160e-04 7.132449e-04 7.697352e-04 6.836678e-04
3.672130e+01 7.180763e-04 7.105777e-04 7.675158e-04 6.761354e-04
3.677330e+01 7.131958e-04 7.069072e-04 7.645818e-04 6.680984e-04
3.682530e+01 7.081917e-04 7.018438e-04 7.623463e-04 6.603849e-04
3.687730e+01 7.034292e-04 6.950144e-04 7.617134e-04 6.535597e-04
3.692930e+01 6.989163e-04 6.861721e-04 7.627626e-04 6.478141e-04
3.698130e+01 6.943184e-04 6.752863e-04 7.647216e-04 6.429474e-04
3.703330e+01 6.890815e-04 6.625979e-04 7.662131e-04 6.384334e-04
3.708530e+01 6.826129e-04 6.486299e-04 7.656587e-04 6.335501e-04
3.713730e+01 6.744536e-04 6.341419e-04 7.616774e-04 6.275413e-04
3.718930e+01 6.643861e-04 6.200256e-04 7.533490e-04 6.197839e-04
3.724130e+01 6.524605e-04 6.071457e-04 7.403036e-04 6.099322e-04
3.729330e+01 6.389505e-04 5.961594e-04 7.226770e-04 5.980152e-04
3.734530e+01 6.242772e-04 5.873608e-04 7.010134e-04 5.844574e-04
3.739730e+01 6.089289e-04 5.806031e-04 6.761743e-04 5.700094e-04
3.744930e+01 5.933958e-04 5.753271e-04 6.492670e-04 5.555935e-04
3.750130e+01 5.781187e-04 5.706913e-04 6.215642e-04 5.421007e-04
3.755330e+01 5.634460e-04 5.657606e-04 5.943852e-04 5.301922e-04
3.760530e+01 5.495969e-04 5.596952e-04 5.689342e-04 5.201612e-04
3.765730e+01 5.366397e-04 5.518897e-04 5.461336e-04 5.118959e-04
3.770930e+01 5.244978e-04 5.420377e-04 5.265055e-04 5.049500e-04
3.776130e+01 5.129931e-04 5.301296e-04 5.101490e-04 4.987007e-04
3.781330e+01 5.019249e-04 5.164118e-04 4.968194e-04 4.925436e-04
3.786530e+01 4.911590e-04 5.013366e-04 4.860773e-04 4.860632e-04
3.791730e+01 4.806960e-04 4.855153e-04 4.774487e-04 4.791241e-04
3.796930e+01 4.706882e-04 4.696686e-04 4.705419e-04 4.718540e-04
3.802130e+01 4.613966e-04 4.545568e-04 4.650989e-04 4.645341e-04
3.807330e+01 4.531063e-04 4.408813e-04 4.609899e-04 4.574477e-04
3.812530e+01 4.460364e-04 4.291696e-04 4.581812e-04 4.507584e-04
3.817730e+01 4.402811e-04 4.196752e-04 4.566972e-04 4.444710e-04
3.822930e+01 4.357993e-04 4.123317e-04 4.565810e-04 4.384851e-04
3.828130e+01 4.324434e-04 4.067811e-04 4.578430e-04 4.327061e-04
3.833330e+01 4.300050e-04 4.024750e-04 4.603923e-04 4.271476e-04
3.838530e+01 4.282518e-04 3.988169e-04 4.639676e-04 4.219708e-04
3.843730e+01 4.269495e-04 3.953051e-04 4.681048e-04 4.174387e-04
3.848930e+01 4.258753e-04 3.916379e-04 4.721784e-04 4.138097e-04
3.854130e+01 4.248358e-04 3.877562e-04 4.755251e-04 4.112262e-04
3.859330e+01 4.236976e-04 3.838221e-04 4.776149e-04 4.096559e-04
3.864530e+01 4.224204e-04 3.801435e-04 4.782020e-04 4.089156e-04
3.869730e+01 4.210748e-04 3.770698e-04 4.773875e-04 4.087670e-04
3.874930e+01 4.198268e-04 3.748869e-04 4.755609e-04 4.090327e-04
3.880130e+01 4.188836e-04 3.737344e-04 4.732444e-04 4.096719e-04
3.885330e+01 4.184150e-04 3.735655e-04 4.709068e-04 4.107725e-04
3.890530e+01 4.184821e-04 3.741547e-04 4.688251e-04 4.124665e-04
3.895730e+01 4.190040e-04 3.751519e-04 4.670480e-04 4.148119e-04
3.900930e+01 4.197800e-04 3.761672e-04 4.654621e-04 4.177105e-04
3.906130e+01 4.205624e-04 3.768651e-04 4.639198e-04 4.209023e-04
3.911330e+01 4.211477e-04 3.770431e-04 4.623583e-04 4.240416e-04
3.916530e+01 4.214475e-04 3.766735e-04 4.608548e-04 4.268143e-04
3.921730e+01 4.215115e-04 3.758982e-04 4.595932e-04 4.290430e-04
3.926930e+01 4.214950e-04 3.749809e-04 4.587670e-04 4.307372e-04
3.932130e+01 4.215945e-04 3.742346e-04 4.584709e-04 4.320781e-04
3.937330e+01 4.219782e-04 3.739460e-04 4.586371e-04 4.333514e-04
3.942530e+01 4.227396e-04 3.743148e-04 4.590434e-04 4.348605e-04
3.947730e+01 4.238822e-04 3.754151e-04 4.593823e-04 4.368490e-04
3.952930e+01 4.253297e-04 3.771760e-04 4.593513e-04 4.394620e-04
3.958130e+01 4.269526e-04 3.793791e-04 4.587227e-04 4.427560e-04
3.963330e+01 4.286027e-04 3.816791e-04 4.573746e-04 4.467542e-04
3.968530e+01 4.301544e-04 3.836557e-04 4.552868e-04 4.515208e-04
3.973730e+01 4.315481e-04 3.849019e-04 4.525241e-04 4.572183e-04
3.978930e+01 4.328245e-04 3.851345e-04 4.492207e-04 4.641181e-04
3.984130e+01 4.341365e-04 3.842898e-04 4.455668e-04 4.725529e-04
3.989330e+01 4.357234e-04 3.825621e-04 4.417882e-04 4.828199e-04
3.994530e+01 4.378460e-04 3.803594e-04 4.381142e-04 4.950644e-04
3.999730e+01 4.406981e-04 3.781818e-04 4.347405e-04 5.091721e-04
4.004930e+01 4.443223e-04 3.764636e-04 4.318013e-04 5.247020e-04
4.010130e+01 4.485626e-04 3.754394e-04 4.293656e-04 5.408830e-04
4.015330e+01 4.530729e-04 3.750805e-04 4.274525e-04 5.566858e-04
4.020530e+01 4.573808e-04 3.751219e-04 4.260556e-04 5.709649e-04
4.025730e+01 4.609848e-04 3.751600e-04 4.251554e-04 5.826390e-04
4.030930e+01 4.634516e-04 3.747814e-04 4.247129e-04 5.908605e-04
4.036130e+01 4.644826e-04 3.736758e-04 4.246481e-04 5.951239e-04
4.041330e+01 4.639372e-04 3.717045e-04 4.248191e-04 5.952880e-04
4.046530e+01 4.618191e-04 3.689164e-04 4.250185e-04 5.915223e-04
4.051730e+01 4.582463e-04 3.655229e-04 4.249939e-04 5.842220e-04
4.056930e+01 4.534230e-04 3.618460e-04 4.244879e-04 5.739351e-04
4.062130e+01 4.476199e-04 3.582544e-04 4.232820e-04 5.613233e-04
4.067330e+01 4.411568e-04 3.550994e-04 4.212295e-04 5.471417e-04
4.072530e+01 4.343775e-04 3.526596e-04 4.182710e-04 5.322019e-04
4.077730e+01 4.276125e-04 3.511053e-04 4.144363e-04 5.172958e-04
4.082930e+01 4.211402e-04 3.504881e-04 4.098426e-04 5.030899e-04
4.088130e+01 4.151602e-04 3.507534e-04 4.046929e-04 4.900344e-04
4.093330e+01 4.097916e-04 3.517660e-04 3.992732e-04 4.783355e-04
4.098530e+01 4.050944e-04 3.533372e-04 3.939341e-04 4.680120e-04
4.103730e+01 4.011054e-04 3.552526e-04 3.890502e-04 4.590135e-04
4.108930e+01 3.978689e-04 3.573051e-04 3.849593e-04 4.513424e-04
4.114130e+01 3.954511e-04 3.593378e-04 3.818979e-04 4.451175e-04
4.119330e+01 3.939323e-04 3.612898e-04 3.799562e-04 4.405511e-04
4.124530e+01 3.933813e-04 3.632237e-04 3.790672e-04 4.378530e-04
4.129730e+01 3.938212e-04 3.653131e-04 3.790342e-04 4.371164e-04
4.134930e+01 3.952019e-04 3.677811e-04 3.795818e-04 4.382429e-04
4.140130e+01 3.973899e-04 3.708105e-04 3.804157e-04 4.409434e-04
4.145330e+01 4.001810e-04 3.744597e-04 3.812772e-04 4.448062e-04
4.150530e+01 4.033339e-04 3.786241e-04 3.819850e-04 4.493927e-04
4.155730e+01 4.066107e-04 3.830590e-04 3.824594e-04 4.543137e-04
4.160930e+01 4.098122e-04 3.874525e-04 3.827239e-04 4.592602e-04
4.166130e+01 4.127984e-04 3.915168e-04 3.828805e-04 4.639980e-04
4.171330e+01 4.154943e-04 3.950601e-04 3.830665e-04 4.683562e-04
4.176530e+01 4.178883e-04 3.980177e-04 3.834100e-04 4.722371e-04
4.181730e+01 4.200326e-04 4.004377e-04 3.840085e-04 4.756517e-04
4.186930e+01 4.220462e-04 4.024403e-04 3.849394e-04 4.787589e-04
4.192130e+01 4.241163e-04 4.041739e-04 3.862952e-04 4.818798e-04
4.197330e+01 4.264885e-04 4.057861e-04 3.882149e-04 4.854645e-04
4.202530e+01 4.294385e-04 4.074147e-04 3.908864e-04 4.900143e-04
4.207730e+01 4.332248e-04 4.091897e-04 3.945088e-04 4.959757e-04
4.212930e+01 4.380336e-04 4.112344e-04 3.992310e-04 5.036353e-04
4.218130e+01 4.439318e-04 4.136588e-04 4.050953e-04 5.130413e-04
4.223330e+01 4.508489e-04 4.165547e-04 4.120128e-04 5.239791e-04
4.228530e+01 4.585991e-04 4.200021e-04 4.197833e-04 5.360121e-04
4.233730e+01 4.669408e-04 4.240930e-04 4.281467e-04 5.485827e-04
4.238930e+01 4.756493e-04 4.289594e-04 4.368459e-04 5.611427e-04
4.244130e+01 4.845713e-04 4.347770e-04 4.456743e-04 5.732626e-04
4.249330e+01 4.936324e-04 4.417229e-04 4.544967e-04 5.846775e-04
4.254530e+01 5.027931e-04 4.498836e-04 4.632408e-04 5.952548e-04
4.259730e+01 5.119735e-04 4.591448e-04 4.718666e-04 6.049091e-04
4.264930e+01 5.209856e-04 4.691153e-04 4.803247e-04 6.135167e-04
4.270130e+01 5.295099e-04 4.791338e-04 4.885158e-04 6.208800e-04
4.275330e+01 5.371339e-04 4.883761e-04 4.962680e-04 6.267576e-04
4.280530e+01 5.434411e-04 4.960352e-04 5.033480e-04 6.309401e-04
4.285730e+01 5.481185e-04 5.015107e-04 5.095155e-04 6.333293e-04
4.290930e+01 5.510447e-04 5.045398e-04 5.146107e-04 6.339836e-04
4.296130e+01 5.523299e-04 5.052296e-04 5.186404e-04 6.331198e-04
4.301330e+01 5.522984e-04 5.039948e-04 5.218172e-04 6.310831e-04
4.306530e+01 5.514214e-04 5.014406e-04 5.245181e-04 6.283054e-04
4.311730e+01 5.502199e-04 4.982383e-04 5.271627e-04 6.252588e-04
4.316930e+01 5.491601e-04 4.950272e-04 5.300521e-04 6.224010e-04
4.322130e+01 5.485613e-04 4.923453e-04 5.332361e-04 6.201024e-04
4.327330e+01 5.485368e-04 4.905801e-04 5.364664e-04 6.185641e-04
4.332530e+01 5.489825e-04 4.899316e-04 5.392626e-04 6.177533e-04
4.337730e+01 5.496178e-04 4.903943e-04 5.410640e-04 6.173951e-04
4.342930e+01 5.500738e-04 4.917695e-04 5.414078e-04 6.170441e-04
4.348130e+01 5.500024e-04 4.937154e-04 5.400653e-04 6.162264e-04
4.353330e+01 5.491757e-04 4.958272e-04 5.370939e-04 6.146061e-04
4.358530e+01 5.475453e-04 4.977254e-04 5.327993e-04 6.121113e-04
4.363730e+01 5.452479e-04 4.991344e-04 5.276434e-04 6.089660e-04
4.368930e+01 5.425622e-04 4.999325e-04 5.221396e-04 6.056145e-04
4.374130e+01 5.398373e-04 5.001666e-04 5.167744e-04 6.025709e-04
4.379330e+01 5.374164e-04 5.000273e-04 5.119667e-04 6.002551e-04
4.384530e+01 5.355721e-04 4.997865e-04 5.080540e-04 5.988758e-04
4.389730e+01 5.344626e-04 4.997100e-04 5.052847e-04 5.983931e-04
4.394930e+01 5.341069e-04 4.999672e-04 5.037984e-04 5.985551e-04
4.400130e+01 5.343795e-04 5.005664e-04 5.035940e-04 5.989779e-04
4.405330e+01 5.350241e-04 5.013412e-04 5.045019e-04 5.992293e-04
4.410530e+01 5.356893e-04 5.019948e-04 5.061830e-04 5.988900e-04
4.415730e+01 5.359843e-04 5.021930e-04 5.081715e-04 5.975884e-04
4.420930e+01 5.355485e-04 5.016717e-04 5.099540e-04 5.950196e-04
4.426130e+01 5.341154e-04 5.003175e-04 5.110611e-04 5.909676e-04
4.431330e+01 5.315528e-04 4.981831e-04 5.111374e-04 5.853380e-04
4.436530e+01 5.278636e-04 4.954278e-04 5.099703e-04 5.781929e-04
4.441730e+01 5.231505e-04 4.922072e-04 5.074756e-04 5.697686e-04
4.446930e+01 5.175616e-04 4.885656e-04 5.036629e-04 5.604563e-04
4.452130e+01 5.112440e-04 4.843853e-04 4.986036e-04 5.507431e-04
4.457330e+01 5.043230e-04 4.794192e-04 4.924177e-04 5.411320e-04
4.462530e+01 4.969129e-04 4.733912e-04 4.852794e-04 5.320680e-04
4.467730e+01 4.891439e-04 4.661126e-04 4.774234e-04 5.238957e-04
4.472930e+01 4.811832e-04 4.575616e-04 4.691394e-04 5.168486e-04
4.478130e+01 4.732319e-04 4.478938e-04 4.607446e-04 5.110574e-04
4.483330e+01 4.654953e-04 4.373910e-04 4.525399e-04 5.065552e-04
4.488530e+01 4.581406e-04 4.263825e-04 4.447662e-04 5.032730e-04
4.493730e+01 4.512624e-04 4.151773e-04 4.375748e-04 5.010351e-04
4.498930e+01 4.448758e-04 4.040340e-04 4.310227e-04 4.995705e-04
4.504130e+01 4.389365e-04 3.931645e-04 4.250932e-04 4.985519e-04
4.509330e+01 4.333781e-04 3.827515e-04 4.197334e-04 4.976493e-04
4.514530e+01 4.281441e-04 3.729555e-04 4.148986e-04 4.965781e-04
4.519730e+01 4.232026e-04 3.638988e-04 4.105867e-04 4.951222e-04
4.524930e+01 4.185394e-04 3.556378e-04 4.068502e-04 4.931302e-04
4.530130e+01 4.141389e-04 3.481453e-04 4.037735e-04 4.904978e-04
4.535330e+01 4.099637e-04 3.413239e-04 4.014151e-04 4.871520e-04
4.540530e+01 4.059423e-04 3.350499e-04 3.997306e-04 4.830463e-04
4.545730e+01 4.019654e-04 3.292245e-04 3.985102e-04 4.781615e-04
4.550930e+01 3.978901e-04 3.238015e-04 3.973642e-04 4.725047e-04
4.556130e+01 3.935517e-04 3.187730e-04 3.957774e-04 4.661046e-04
4.561330e+01 3.887817e-04 3.141198e-04 3.932193e-04 4.590061e-04
4.566530e+01 3.834338e-04 3.097585e-04 3.892709e-04 4.512721e-04
4.571730e+01 3.774111e-04 3.055219e-04 3.837187e-04 4.429928e-04
4.576930e+01 3.706892e-04 3.011882e-04 3.765809e-04 4.342986e-04
4.582130e+01 3.633293e-04 2.965490e-04 3.680691e-04 4.253696e-04
4.587330e+01 3.554784e-04 2.914846e-04 3.585151e-04 4.164356e-04
4.592530e+01 3.473616e-04 2.860118e-04 3.483075e-04 4.077656e-04
4.597730e+01 3.392660e-04 2.802864e-04 3.378645e-04 3.996471e-04
4.602930e+01 3.315176e-04 2.745632e-04 3.276370e-04 3.923526e-04
4.608130e+01 3.244474e-04 2.691319e-04 3.181134e-04 3.860969e-04
4.613330e+01 3.183429e-04 2.642513e-04 3.097879e-04 3.809895e-04
4.618530e+01 3.133923e-04 2.601013e-04 3.030812e-04 3.769945e-04
4.623730e+01 3.096347e-04 2.567600e-04 2.982309e-04 3.739133e-04
4.628930e+01 3.069340e-04 2.542069e-04 2.951966e-04 3.713985e-04
4.634130e+01 3.049910e-04 2.523419e-04 2.936290e-04 3.690021e-04
4.639330e+01 3.033946e-04 2.510088e-04 2.929273e-04 3.662476e-04
4.644530e+01 3.016997e-04 2.500135e-04 2.923765e-04 3.627093e-04
4.649730e+01 2.995112e-04 2.491357e-04 2.913183e-04 3.580796e-04
4.654930e+01 2.965495e-04 2.481404e-04 2.892987e-04 3.522092e-04
4.660130e+01 2.926845e-04 2.467948e-04 2.861453e-04 3.451132e-04
4.665330e+01 2.879348e-04 2.448962e-04 2.819608e-04 3.369474e-04
4.670530e+01 2.824408e-04 2.423048e-04 2.770508e-04 3.279669e-04
4.675730e+01 2.764254e-04 2.389688e-04 2.718245e-04 3.184829e-04
4.680930e+01 2.701553e-04 2.349317e-04 2.667051e-04 3.088289e-04
4.686130e+01 2.639078e-04 2.303164e-04 2.620684e-04 2.993386e-04
4.691330e+01 2.579424e-04 2.252919e-04 2.582077e-04 2.903275e-04
4.696530e+01 2.524732e-04 2.200361e-04 2.553139e-04 2.820697e-04
4.701730e+01 2.476428e-04 2.147077e-04 2.534586e-04 2.747622e-04
4.706930e+01 2.435013e-04 2.094373e-04 2.525819e-04 2.684848e-04
4.712130e+01 2.400009e-04 2.043364e-04 2.524934e-04 2.631728e-04
4.717330e+01 2.370128e-04 1.995167e-04 2.528988e-04 2.586230e-04
4.722530e+01 2.343675e-04 1.951065e-04 2.534567e-04 2.545393e-04
4.727730e+01 2.319051e-04 1.912529e-04 2.538516e-04 2.506106e-04
4.732930e+01 2.295189e-04 1.881042e-04 2.538611e-04 2.465914e-04
4.738130e+01 2.271733e-04 1.857756e-04 2.533863e-04 2.423579e-04
4.743330e+01 2.248871e-04 1.843105e-04 2.524328e-04 2.379182e-04
4.748530e+01 2.226941e-04 1.836531e-04 2.510493e-04 2.333799e-04
4.753730e+01 2.205995e-04 1.836493e-04 2.492561e-04 2.288931e-04
4.758930e+01 2.185600e-04 1.840796e-04 2.470036e-04 2.245969e-04
4.764130e+01 2.164969e-04 1.847186e-04 2.441830e-04 2.205890e-04
4.769330e+01 2.143358e-04 1.853974e-04 2.406860e-04 2.169240e-04
4.774530e+01 2.120498e-04 1.860449e-04 2.364779e-04 2.136266e-04
4.779730e+01 2.096787e-04 1.866875e-04 2.316439e-04 2.107046e-04
4.784930e+01 2.073132e-04 1.874095e-04 2.263829e-04 2.081474e-04
4.790130e+01 2.050522e-04 1.882914e-04 2.209534e-04 2.059117e-04
4.795330e+01 2.029556e-04 1.893584e-04 2.156022e-04 2.039064e-04
4.800530e+01 2.010220e-04 1.905616e-04 2.105134e-04 2.019911e-04
4.805730e+01 1.991995e-04 1.918006e-04 2.058004e-04 1.999976e-04
4.810930e+01 1.974277e-04 1.929752e-04 2.015383e-04 1.977696e-04
4.816130e+01 1.956860e-04 1.940380e-04 1.978125e-04 1.952074e-04
4.821330e+01 1.940243e-04 1.950214e-04 1.947507e-04 1.923008e-04
4.826530e+01 1.925576e-04 1.960201e-04 1.925157e-04 1.891371e-04
4.831730e+01 1.914227e-04 1.971337e-04 1.912556e-04 1.858790e-04
4.836930e+01 1.907131e-04 1.983914e-04 1.910297e-04 1.827183e-04
4.842130e+01 1.904188e-04 1.996956e-04 1.917408e-04 1.798199e-04
4.847330e+01 1.903985e-04 2.008141e-04 1.931066e-04 1.772748e-04
4.852530e+01 1.903995e-04 2.014351e-04 1.946860e-04 1.750774e-04
4.857730e+01 1.901186e-04 2.012654e-04 1.959571e-04 1.731334e-04
4.862930e+01 1.892819e-04 2.001314e-04 1.964222e-04 1.712920e-04
4.868130e+01 1.877087e-04 1.980357e-04 1.957038e-04 1.693866e-04
4.873330e+01 1.853376e-04 1.951441e-04 1.936024e-04 1.672663e-04
4.878530e+01 1.822070e-04 1.917071e-04 1.901041e-04 1.648098e-04
4.883730e+01 1.784071e-04 1.879540e-04 1.853447e-04 1.619225e-04
4.888930e+01 1.740281e-04 1.840057e-04 1.795502e-04 1.585285e-04
4.894130e+01 1.691285e-04 1.798398e-04 1.729772e-04 1.545686e-04
4.899330e+01 1.637316e-04 1.753174e-04 1.658672e-04 1.500101e-04
4.904530e+01 1.578453e-04 1.702511e-04 1.584208e-04 1.448638e-04
4.909730e+01 1.514898e-04 1.644829e-04 1.507888e-04 1.391977e-04
4.914930e+01 1.447179e-04 1.579429e-04 1.430758e-04 1.331349e-04
4.920130e+01 1.376202e-04 1.506722e-04 1.353526e-04 1.268357e-04
4.925330e+01 1.303173e-04 1.428104e-04 1.276728e-04 1.204687e-04
4.930530e+01 1.229467e-04 1.345599e-04 1.200932e-04 1.141870e-04
4.935730e+01 1.156523e-04 1.261451e-04 1.126928e-04 1.081190e-04
4.940930e+01 1.085815e-04 1.177800e-04 1.055858e-04 1.023786e-04
4.946130e+01 1.018848e-04 1.096496e-04 9.892119e-05 9.708369e-05
4.951330e+01 9.571076e-05 1.019027e-04 9.286455e-05 9.236503e-05
4.956530e+01 9.018513e-05 9.464705e-05 8.755938e-05 8.834898e-05
4.961730e+01 8.537444e-05 8.793901e-05 8.307612e-05 8.510817e-05
4.966930e+01 8.124195e-05 8.176736e-05 7.936316e-05 8.259534e-05
4.972130e+01 7.761639e-05 7.603876e-05 7.622019e-05 8.059022e-05
4.977330e+01 7.419431e-05 7.057835e-05 7.331094e-05 7.869365e-05
4.982530e+01 7.058786e-05 6.515583e-05 7.022027e-05 7.638747e-05
4.987730e+01 6.641105e-05 5.953755e-05 6.654385e-05 7.315175e-05
4.992930e+01 6.137973e-05 5.355164e-05 6.198439e-05 6.860316e-05
4.998130e+01 5.539146e-05 4.714447e-05 5.642416e-05 6.260576e-05
5.003330e+01 4.855793e-05 4.040724e-05 4.995212e-05 5.531445e-05
5.008530e+01 4.117983e-05 3.356162e-05 4.283999e-05 4.713789e-05
5.013730e+01 3.367522e-05 2.690917e-05 3.547881e-05 3.863770e-05
5.018930e+01 2.648655e-05 2.076170e-05 2.829703e-05 3.040093e-05
5.024130e+01 1.999454e-05 1.537525e-05 2.168255e-05 2.292581e-05
5.029330e+01 1.445974e-05 1.090600e-05 1.592485e-05 1.654838e-05
5.034530e+01 1.000036e-05 7.396292e-06 1.118544e-05 1.141934e-05
5.039730e+01 6.602865e-06 4.788211e-06 7.496740e-06 7.523642e-06
5.044930e+01 4.154951e-06 2.954571e-06 4.783912e-06 4.726371e-06
5.050130e+01 2.487541e-06 1.735206e-06 2.900510e-06 2.826907e-06
5.055330e+01 1.414518e-06 9.685613e-07 1.667598e-06 1.607396e-06
5.060530e+01 7.627239e-07 5.131139e-07 9.075075e-07 8.675502e-07
5.065730e+01 3.893762e-07 2.576399e-07 4.667085e-07 4.437802e-07
5.070930e+01 1.879254e-07 1.224461e-07 2.264923e-07 2.148379e-07
5.076130e+01 8.563298e-08 5.501145e-08 1.035925e-07 9.829500e-08
5.081330e+01 3.679760e-08 2.333539e-08 4.460648e-08 4.245092e-08
5.086530e+01 1.489574e-08 9.335633e-09 1.806580e-08 1.728579e-08
5.091730e+01 5.674993e-09 3.518784e-09 6.876357e-09 6.629839e-09
5.096930e+01 2.033190e-09 1.248417e-09 2.458127e-09 2.393025e-09
5.102130e+01 6.845195e-10 4.165499e-10 8.247790e-10 8.122297e-10
5.107330e+01 2.164156e-10 1.305996e-10 2.596017e-10 2.590456e-10
5.112530e+01 6.419151e-11 3.843550e-11 7.658651e-11 7.755253e-11
5.117730e+01 1.784927e-11 1.060297e-11 2.116548e-11 2.177935e-11
5.122930e+01 4.628997e-12 2.721427e-12 5.460888e-12 5.704675e-12
5.128130e+01 1.114814e-12 6.459443e-13 1.308476e-12 1.390021e-12
5.133330e+01 2.401634e-13 1.367251e-13 2.738881e-13 3.098772e-13
5.138530e+01 3.655679e-14 2.266148e-14 3.594784e-14 5.106105e-14
5.143730e+01 1.289769e-15 1.335518e-16 3.783320e-16 3.357424e-15
5.148930e+01 0.000000e+00 0.000000e+00 0.000000e+00 0.000000e+00
5.154130e+01 0.000000e+00 0.000000e+00 0.000000e+00 0.000000e+00
5.159330e+01 0.000000e+00 0.000000e+00 0.000000e+00 0.000000e+00
5.164530e+01 0.000000e+00 0.000000e+00 0.000000e+00 0.000000e+00
5.169730e+01 0.000000e+00 0.000000e+00 0.000000e+00 0.000000e+00
5.174930e+01 0.000000e+00 0.000000e+00 0.000000e+00 0.000000e+00
5.180130e+01 0.000000e+00 0.000000e+00 0.000000e+00 0.000000e+00
5.185330e+01 0.000000e+00 0.000000e+00 0.000000e+00 0.000000e+00
5.190530e+01 0.000000e+00 0.000000e+00 0.000000e+00 0.000000e+00
5.195730e+01 0.000000e+00 0.000000e+00 0.000000e+00 0.000000e+00
5.200930e+01 0.000000e+00 0.000000e+00 0.000000e+00 0.000000e+00
5.206130e+01 0.000000e+00 0.000000e+00 0.000000e+00 0.000000e+00
5.211330e+01 0.000000e+00 0.000000e+00 0.000000e+00 0.000000e+00
5.216530e+01 0.000000e+00 0.000000e+00 0.000000e+00 0.000000e+00
5.221730e+01 0.000000e+00 0.000000e+00 0.000000e+00 0.000000e+00
5.226930e+01 0.000000e+00 0.000000e+00 0.000000e+00 0.000000e+00
5.232130e+01 0.000000e+00 0.000000e+00 0.000000e+00 0.000000e+00
5.237330e+01 0.000000e+00 0.000000e+00 0.000000e+00 0.000000e+00
5.242530e+01 0.000000e+00 0.000000e+00 0.000000e+00 0.000000e+00
5.247730e+01 0.000000e+00 0.000000e+00 0.000000e+00 0.000000e+00
5.252930e+01 0.000000e+00 0.000000e+00 0.000000e+00 0.000000e+00
5.258130e+01 0.000000e+00 0.000000e+00 0.000000e+00 0.000000e+00
5.263330e+01 0.000000e+00 0.000000e+00 0.000000e+00 0.000000e+00
5.268530e+01 0.000000e+00 0.000000e+00 0.000000e+00 0.000000e+00
5.273730e+01 0.000000e+00 0.000000e+00 0.000000e+00 0.000000e+00
5.278930e+01 0.000000e+00 0.000000e+00 0.000000e+00 0.000000e+00
5.284130e+01 0.000000e+00 0.000000e+00 0.000000e+00 0.000000e+00
5.289330e+01 0.000000e+00 0.000000e+00 0.000000e+00 0.000000e+00
5.294530e+01 0.000000e+00 0.000000e+00 0.000000e+00 0.000000e+00
5.299730e+01 0.000000e+00 0.000000e+00 0.000000e+00 0.000000e+00
5.304930e+01 0.000000e+00 0.000000e+00 0.000000e+00 0.000000e+00
5.310130e+01 0.000000e+00 0.000000e+00 0.000000e+00 0.000000e+00
5.315330e+01 0.000000e+00 0.000000e+00 0.000000e+00 0.000000e+00
5.320530e+01 0.000000e+00 0.000000e+00 0.000000e+00 0.000000e+00
5.325730e+01 0.000000e+00 0.000000e+00 0.000000e+00 0.000000e+00
5.330930e+01 0.000000e+00 0.000000e+00 0.000000e+00 0.000000e+00
5.336130e+01 0.000000e+00 0.000000e+00 0.000000e+00 0.000000e+00
5.341330e+01 0.000000e+00 0.000000e+00 0.000000e+00 0.000000e+00
5.346530e+01 0.000000e+00 0.000000e+00 0.000000e+00 0.000000e+00
5.351730e+01 0.000000e+00 0.000000e+00 0.000000e+00 0.000000e+00
5.356930e+01 0.000000e+00 0.000000e+00 0.000000e+00 0.000000e+00
5.362130e+01 0.000000e+00 0.000000e+00 0.000000e+00 0.000000e+00
5.367330e+01 0.000000e+00 0.000000e+00 0.000000e+00 0.000000e+00
5.372530e+01 0.000000e+00 0.000000e+00 0.000000e+00 0.000000e+00
5.377730e+01 0.000000e+00 0.000000e+00 0.000000e+00 0.000000e+00
5.382930e+01 0.000000e+00 0.000000e+00 0.000000e+00 0.000000e+00
5.388130e+01 0.000000e+00 0.000000e+00 0.000000e+00 0.000000e+00
5.393330e+01 0.000000e+00 0.000000e+00 0.000000e+00 0.000000e+00
5.398530e+01 0.000000e+00 0.000000e+00 0.000000e+00 0.000000e+00
5.403730e+01 0.000000e+00 0.000000e+00 0.000000e+00 0.000000e+00
5.408930e+01 0.000000e+00 0.000000e+00 0.000000e+00 0.000000e+00
5.414130e+01 0.000000e+00 0.000000e+00 0.000000e+00 0.000000e+00
5.419330e+01 0.000000e+00 0.000000e+00 0.000000e+00 0.000000e+00
5.424530e+01 0.000000e+00 0.000000e+00 0.000000e+00 0.000000e+00
5.429730e+01 0.000000e+00 0.000000e+00 0.000000e+00 0.000000e+00
5.434930e+01 0.000000e+00 0.000000e+00 0.000000e+00 0.000000e+00
5.440130e+01 0.000000e+00 0.000000e+00 0.000000e+00 0.000000e+00
5.445330e+01 0.000000e+00 0.000000e+00 0.000000e+00 0.000000e+00
5.450530e+01 0.000000e+00 0.000000e+00 0.000000e+00 0.000000e+00
5.455730e+01 0.000000e+00 0.000000e+00 0.000000e+00 0.000000e+00
5.460930e+01 0.000000e+00 0.000000e+00 0.000000e+00 0.000000e+00
5.466130e+01 0.000000e+00 0.000000e+00 0.000000e+00 0.000000e+00
5.471330e+01 0.000000e+00 0.000000e+00 0.000000e+00 0.000000e+00
5.476530e+01 0.000000e+00 0.000000e+00 0.000000e+00 0.000000e+00
5.481730e+01 0.000000e+00 0.000000e+00 0.000000e+00 0.000000e+00
5.486930e+01 0.000000e+00 0.000000e+00 0.000000e+00 0.000000e+00
5.492130e+01 0.000000e+00 0.000000e+00 0.000000e+00 0.000000e+00
5.497330e+01 0.000000e+00 0.000000e+00 0.000000e+00 0.000000e+00
5.502530e+01 0.000000e+00 0.000000e+00 0.000000e+00 0.000000e+00
5.507730e+01 0.000000e+00 0.000000e+00 0.000000e+00 0.000000e+00
5.512930e+01 0.000000e+00 0.000000e+00 0.000000e+00 0.000000e+00
5.518130e+01 0.000000e+00 0.000000e+00 0.000000e+00 0.000000e+00
5.523330e+01 0.000000e+00 0.000000e+00 0.000000e+00 0.000000e+00
5.528530e+01 0.000000e+00 0.000000e+00 0.000000e+00 0.000000e+00
5.533730e+01 0.000000e+00 0.000000e+00 0.000000e+00 0.000000e+00
5.538930e+01 0.000000e+00 0.000000e+00 0.000000e+00 0.000000e+00
5.544130e+01 0.000000e+00 0.000000e+00 0.000000e+00 0.000000e+00
5.549330e+01 0.000000e+00 0.000000e+00 0.000000e+00 0.000000e+00
5.554530e+01 0.000000e+00 0.000000e+00 0.000000e+00 0.000000e+00
5.559730e+01 0.000000e+00 0.000000e+00 0.000000e+00 0.000000e+00
5.564930e+01 0.000000e+00 0.000000e+00 0.000000e+00 0.000000e+00
5.570130e+01 0.000000e+00 0.000000e+00 0.000000e+00 0.000000e+00
5.575330e+01 0.000000e+00 0.000000e+00 0.000000e+00 0.000000e+00
5.580530e+01 0.000000e+00 0.000000e+00 0.000000e+00 0.000000e+00
5.585730e+01 0.000000e+00 0.000000e+00 0.000000e+00 0.000000e+00
5.590930e+01 0.000000e+00 0.000000e+00 0.000000e+00 0.000000e+00
5.596130e+01 0.000000e+00 0.000000e+00 0.000000e+00 0.000000e+00
5.601330e+01 0.000000e+00 0.000000e+00 0.000000e+00 0.000000e+00
5.606530e+01 0.000000e+00 0.000000e+00 0.000000e+00 0.000000e+00
5.611730e+01 0.000000e+00 0.000000e+00 0.000000e+00 0.000000e+00
5.616930e+01 0.000000e+00 0.000000e+00 0.000000e+00 0.000000e+00
5.622130e+01 0.000000e+00 0.000000e+00 0.000000e+00 0.000000e+00
5.627330e+01 0.000000e+00 0.000000e+00 0.000000e+00 0.000000e+00
5.632530e+01 0.000000e+00 0.000000e+00 0.000000e+00 0.000000e+00
5.637730e+01 0.000000e+00 0.000000e+00 0.000000e+00 0.000000e+00
5.642930e+01 0.000000e+00 0.000000e+00 0.000000e+00 0.000000e+00
5.648130e+01 0.000000e+00 0.000000e+00 0.000000e+00 0.000000e+00
5.653330e+01 0.000000e+00 0.000000e+00 0.000000e+00 0.000000e+00
5.658530e+01 0.000000e+00 0.000000e+00 0.000000e+00 0.000000e+00
5.663730e+01 0.000000e+00 0.000000e+00 0.000000e+00 0.000000e+00
