7.427558e+00 0.000000e+00 0.000000e+00 0.000000e+00 0.000000e+00
7.476529e+00 0.000000e+00 0.000000e+00 0.000000e+00 0.000000e+00
7.525500e+00 0.000000e+00 0.000000e+00 0.000000e+00 0.000000e+00
7.574470e+00 0.000000e+00 0.000000e+00 0.000000e+00 0.000000e+00
7.623441e+00 0.000000e+00 0.000000e+00 0.000000e+00 0.000000e+00
7.672411e+00 0.000000e+00 0.000000e+00 0.000000e+00 0.000000e+00
7.721382e+00 0.000000e+00 0.000000e+00 0.000000e+00 0.000000e+00
7.770353e+00 0.000000e+00 0.000000e+00 0.000000e+00 0.000000e+00
7.819323e+00 0.000000e+00 0.000000e+00 0.000000e+00 0.000000e+00
7.868294e+00 0.000000e+00 0.000000e+00 0.000000e+00 0.000000e+00
7.917264e+00 0.000000e+00 0.000000e+00 0.000000e+00 0.000000e+00
7.966235e+00 0.000000e+00 0.000000e+00 0.000000e+00 0.000000e+00
8.015206e+00 0.000000e+00 0.000000e+00 0.000000e+00 0.000000e+00
8.064176e+00 0.000000e+00 0.000000e+00 0.000000e+00 0.000000e+00
8.113147e+00 0.000000e+00 0.000000e+00 0.000000e+00 0.000000e+00
8.162117e+00 0.000000e+00 0.000000e+00 0.000000e+00 0.000000e+00
8.211088e+00 0.000000e+00 0.000000e+00 0.000000e+00 0.000000e+00
8.260059e+00 0.000000e+00 0.000000e+00 0.000000e+00 0.000000e+00
8.309029e+00 0.000000e+00 0.000000e+00 0.000000e+00 0.000000e+00
8.358000e+00 0.000000e+00 0.000000e+00 0.000000e+00 0.000000e+00
8.406970e+00 0.000000e+00 0.000000e+00 0.000000e+00 0.000000e+00
8.455941e+00 0.000000e+00 0.000000e+00 0.000000e+00 0.000000e+00
8.504912e+00 0.000000e+00 0.000000e+00 0.000000e+00 0.000000e+00
8.553882e+00 0.000000e+00 0.000000e+00 0.000000e+00 0.000000e+00
8.602853e+00 0.000000e+00 0.000000e+00 0.000000e+00 0.000000e+00
8.651823e+00 0.000000e+00 0.000000e+00 0.000000e+00 0.000000e+00
8.700794e+00 0.000000e+00 0.000000e+00 0.000000e+00 0.000000e+00
8.749765e+00 0.000000e+00 0.000000e+00 0.000000e+00 0.000000e+00
8.798735e+00 0.000000e+00 0.000000e+00 0.000000e+00 0.000000e+00
8.847706e+00 0.000000e+00 0.000000e+00 0.000000e+00 0.000000e+00
8.896676e+00 0.000000e+00 0.000000e+00 0.000000e+00 0.000000e+00
8.945647e+00 0.000000e+00 0.000000e+00 0.000000e+00 0.000000e+00
8.994618e+00 0.000000e+00 0.000000e+00 0.000000e+00 0.000000e+00
9.043588e+00 0.000000e+00 0.000000e+00 0.000000e+00 0.000000e+00
9.092559e+00 0.000000e+00 0.000000e+00 0.000000e+00 0.000000e+00
9.141529e+00 0.000000e+00 0.000000e+00 0.000000e+00 0.000000e+00
9.190500e+00 0.000000e+00 0.000000e+00 0.000000e+00 0.000000e+00
9.239471e+00 0.000000e+00 0.000000e+00 0.000000e+00 0.000000e+00
9.288441e+00 0.000000e+00 0.000000e+00 0.000000e+00 0.000000e+00
9.337412e+00 0.000000e+00 0.000000e+00 0.000000e+00 0.000000e+00
9.386382e+00 0.000000e+00 0.000000e+00 0.000000e+00 0.000000e+00
9.435353e+00 0.000000e+00 0.000000e+00 0.000000e+00 0.000000e+00
9.484324e+00 0.000000e+00 0.000000e+00 0.000000e+00 0.000000e+00
9.533294e+00 0.000000e+00 0.000000e+00 0.000000e+00 0.000000e+00
9.582265e+00 0.000000e+00 0.000000e+00 0.000000e+00 0.000000e+00
9.631235e+00 0.000000e+00 0.000000e+00 0.000000e+00 0.000000e+00
9.680206e+00 0.000000e+00 0.000000e+00 0.000000e+00 0.000000e+00
9.729177e+00 0.000000e+00 0.000000e+00 0.000000e+00 0.000000e+00
9.778147e+00 0.000000e+00 0.000000e+00 0.000000e+00 0.000000e+00
9.827118e+00 0.000000e+00 0.000000e+00 0.000000e+00 0.000000e+00
9.876088e+00 0.000000e+00 0.000000e+00 0.000000e+00 0.000000e+00
9.925059e+00 0.000000e+00 0.000000e+00 0.000000e+00 0.000000e+00
9.974030e+00 0.000000e+00 0.000000e+00 0.000000e+00 0.000000e+00
1.002300e+01 0.000000e+00 0.000000e+00 0.000000e+00 0.000000e+00
1.007197e+01 0.000000e+00 0.000000e+00 0.000000e+00 0.000000e+00
1.012094e+01 0.000000e+00 0.000000e+00 0.000000e+00 0.000000e+00
1.016991e+01 0.000000e+00 0.000000e+00 0.000000e+00 0.000000e+00
1.021888e+01 0.000000e+00 0.000000e+00 0.000000e+00 0.000000e+00
1.026785e+01 0.000000e+00 0.000000e+00 0.000000e+00 0.000000e+00
1.031682e+01 0.000000e+00 0.000000e+00 0.000000e+00 0.000000e+00
1.036579e+01 0.000000e+00 0.000000e+00 0.000000e+00 0.000000e+00
1.041476e+01 0.000000e+00 0.000000e+00 0.000000e+00 0.000000e+00
1.046374e+01 0.000000e+00 0.000000e+00 0.000000e+00 0.000000e+00
1.051271e+01 0.000000e+00 0.000000e+00 0.000000e+00 0.000000e+00
1.056168e+01 0.000000e+00 0.000000e+00 0.000000e+00 0.000000e+00
1.061065e+01 0.000000e+00 0.000000e+00 0.000000e+00 0.000000e+00
1.065962e+01 0.000000e+00 0.000000e+00 0.000000e+00 0.000000e+00
1.070859e+01 0.000000e+00 0.000000e+00 0.000000e+00 0.000000e+00
1.075756e+01 0.000000e+00 0.000000e+00 0.000000e+00 0.000000e+00
1.080653e+01 0.000000e+00 0.000000e+00 0.000000e+00 0.000000e+00
1.085550e+01 0.000000e+00 0.000000e+00 0.000000e+00 0.000000e+00
1.090447e+01 0.000000e+00 0.000000e+00 0.000000e+00 0.000000e+00
1.095344e+01 0.000000e+00 0.000000e+00 0.000000e+00 0.000000e+00
1.100241e+01 0.000000e+00 0.000000e+00 0.000000e+00 0.000000e+00
1.105138e+01 0.000000e+00 0.000000e+00 0.000000e+00 0.000000e+00
1.110035e+01 0.000000e+00 0.000000e+00 0.000000e+00 0.000000e+00
1.114932e+01 0.000000e+00 0.000000e+00 0.000000e+00 0.000000e+00
1.119829e+01 0.000000e+00 0.000000e+00 0.000000e+00 0.000000e+00
1.124727e+01 0.000000e+00 0.000000e+00 0.000000e+00 0.000000e+00
1.129624e+01 2.633121e-14 1.981951e-14 5.748773e-14 1.686395e-15
1.134521e+01 2.149463e-13 1.681338e-13 4.514916e-13 2.521343e-14
1.139418e+01 1.013397e-12 8.043440e-13 2.105668e-12 1.301797e-13
1.144315e+01 4.127888e-12 3.264112e-12 8.556186e-12 5.633666e-13
1.149212e+01 1.539841e-11 1.220557e-11 3.183202e-11 2.157653e-12
1.154109e+01 5.472117e-11 4.345495e-11 1.129032e-10 7.805319e-12
1.159006e+01 1.825660e-10 1.452052e-10 3.760029e-10 2.648980e-11
1.163903e+01 5.763326e-10 4.590973e-10 1.184980e-09 8.492076e-11
1.168800e+01 1.721683e-09 1.373416e-09 3.534190e-09 2.574429e-10
1.173697e+01 4.879286e-09 3.897494e-09 1.000170e-08 7.386665e-10
1.178594e+01 1.312572e-08 1.049765e-08 2.687305e-08 2.006463e-09
1.183491e+01 3.353643e-08 2.685237e-08 6.859562e-08 5.161305e-09
1.188388e+01 8.143673e-08 6.527352e-08 1.664596e-07 1.257708e-08
1.193285e+01 1.880753e-07 1.508869e-07 3.842952e-07 2.904385e-08
1.198182e+01 4.133871e-07 3.319172e-07 8.446585e-07 6.358581e-08
1.203079e+01 8.653615e-07 6.953000e-07 1.768750e-06 1.320347e-07
1.207977e+01 1.726385e-06 1.387915e-06 3.531082e-06 2.601589e-07
1.212874e+01 3.284184e-06 2.641510e-06 6.724390e-06 4.866508e-07
1.217771e+01 5.960268e-06 4.795589e-06 1.222059e-05 8.646280e-07
1.222668e+01 1.032251e-05 8.307450e-06 2.120035e-05 1.459725e-06
1.227565e+01 1.706237e-05 1.373372e-05 3.511067e-05 2.342734e-06
1.232462e+01 2.691509e-05 2.166592e-05 5.550384e-05 3.575519e-06
1.237359e+01 4.050752e-05 3.260788e-05 8.372381e-05 5.190870e-06
1.242256e+01 5.813794e-05 4.679858e-05 1.204455e-04 7.169760e-06
1.247153e+01 7.952433e-05 6.400990e-05 1.651406e-04 9.422458e-06
1.252050e+01 1.035944e-04 8.337809e-05 2.156237e-04 1.178150e-05
1.256947e+01 1.284143e-04 1.033469e-04 2.678825e-04 1.401350e-05
1.261844e+01 1.513418e-04 1.217909e-04 3.163823e-04 1.585232e-05
1.266741e+01 1.694348e-04 1.363437e-04 3.549116e-04 1.704907e-05
1.271638e+01 1.800502e-04 1.448777e-04 3.778450e-04 1.742771e-05
1.276535e+01 1.814802e-04 1.460139e-04 3.814955e-04 1.693102e-05
1.281432e+01 1.734245e-04 1.394971e-04 3.651317e-04 1.564483e-05
1.286329e+01 1.571390e-04 1.263099e-04 3.313098e-04 1.379729e-05
1.291227e+01 1.352140e-04 1.084889e-04 2.854096e-04 1.174362e-05
1.296124e+01 1.110845e-04 8.872633e-05 2.345683e-04 9.958805e-06
1.301021e+01 8.847331e-05 6.992971e-05 1.864243e-04 9.065873e-06
1.305918e+01 7.098770e-05 5.492823e-05 1.481144e-04 9.920481e-06
1.310815e+01 6.199820e-05 4.645044e-05 1.257926e-04 1.375154e-05
1.315712e+01 6.478700e-05 4.737598e-05 1.246611e-04 2.232395e-05
1.320609e+01 8.280822e-05 6.113159e-05 1.492421e-04 3.805092e-05
1.325506e+01 1.198227e-04 9.200150e-05 2.035115e-04 6.395513e-05
1.330403e+01 1.796860e-04 1.450936e-04 2.905826e-04 1.033819e-04
1.335300e+01 2.656840e-04 2.257728e-04 4.118550e-04 1.594241e-04
1.340197e+01 3.795040e-04 3.385506e-04 5.658309e-04 2.341305e-04
1.345094e+01 5.201407e-04 4.856744e-04 7.470446e-04 3.277032e-04
1.349991e+01 6.831841e-04 6.659053e-04 9.456585e-04 4.379887e-04
1.354888e+01 8.609304e-04 8.740740e-04 1.148172e-03 5.605453e-04
1.359785e+01 1.043545e-03 1.101849e-03 1.339375e-03 6.894108e-04
1.364682e+01 1.221128e-03 1.339733e-03 1.505231e-03 8.184211e-04
1.369580e+01 1.386130e-03 1.579792e-03 1.635919e-03 9.426774e-04
1.374477e+01 1.535323e-03 1.818223e-03 1.728086e-03 1.059660e-03
1.379374e+01 1.670655e-03 2.056881e-03 1.785480e-03 1.169604e-03
1.384271e+01 1.798676e-03 2.303281e-03 1.817687e-03 1.275059e-03
1.389168e+01 1.928802e-03 2.569125e-03 1.837410e-03 1.379872e-03
1.394065e+01 2.071081e-03 2.867924e-03 1.857274e-03 1.488044e-03
1.398962e+01 2.234172e-03 3.212322e-03 1.887338e-03 1.602856e-03
1.403859e+01 2.424055e-03 3.611588e-03 1.934063e-03 1.726514e-03
1.408756e+01 2.643518e-03 4.069385e-03 2.000844e-03 1.860326e-03
1.413653e+01 2.892183e-03 4.581804e-03 2.089463e-03 2.005282e-03
1.418550e+01 3.166688e-03 5.135762e-03 2.201474e-03 2.162828e-03
1.423447e+01 3.460781e-03 5.708147e-03 2.338661e-03 2.335534e-03
1.428344e+01 3.765278e-03 6.266354e-03 2.502223e-03 2.527259e-03
1.433241e+01 4.068074e-03 6.770797e-03 2.691033e-03 2.742390e-03
1.438138e+01 4.354433e-03 7.179562e-03 2.899837e-03 2.983900e-03
1.443035e+01 4.607835e-03 7.454653e-03 3.118385e-03 3.250466e-03
1.447932e+01 4.811457e-03 7.568558e-03 3.332232e-03 3.533582e-03
1.452830e+01 4.950262e-03 7.509472e-03 3.525250e-03 3.816065e-03
1.457727e+01 5.013398e-03 7.283716e-03 3.683218e-03 4.073260e-03
1.462624e+01 4.996436e-03 6.914679e-03 3.797273e-03 4.277357e-03
1.467521e+01 4.902821e-03 6.438675e-03 3.865905e-03 4.403884e-03
1.472418e+01 4.743940e-03 5.898986e-03 3.894596e-03 4.438238e-03
1.477315e+01 4.537522e-03 5.339675e-03 3.893059e-03 4.379830e-03
1.482212e+01 4.304562e-03 4.800496e-03 3.871012e-03 4.242178e-03
1.487109e+01 4.065554e-03 4.313548e-03 3.834155e-03 4.048959e-03
1.492006e+01 3.837152e-03 3.901684e-03 3.782131e-03 3.827639e-03
1.496903e+01 3.630347e-03 3.578277e-03 3.709597e-03 3.603167e-03
1.501800e+01 3.450718e-03 3.347907e-03 3.610283e-03 3.393965e-03
1.506697e+01 3.300508e-03 3.207679e-03 3.482626e-03 3.211220e-03
1.511594e+01 3.181583e-03 3.149062e-03 3.334668e-03 3.061019e-03
1.516491e+01 3.097985e-03 3.160182e-03 3.186029e-03 2.947746e-03
1.521388e+01 3.056989e-03 3.228365e-03 3.065727e-03 2.876876e-03
1.526285e+01 3.068179e-03 3.342475e-03 3.006203e-03 2.855858e-03
1.531182e+01 3.140793e-03 3.494374e-03 3.035268e-03 2.892736e-03
1.536080e+01 3.280171e-03 3.678845e-03 3.168457e-03 2.993211e-03
1.540977e+01 3.484415e-03 3.891768e-03 3.404072e-03 3.157404e-03
1.545874e+01 3.742287e-03 4.127026e-03 3.722227e-03 3.377608e-03
1.550771e+01 4.033060e-03 4.373342e-03 4.088003e-03 3.637833e-03
1.555668e+01 4.328521e-03 4.612573e-03 4.457714e-03 3.915275e-03
1.560565e+01 4.596842e-03 4.820613e-03 4.786638e-03 4.183274e-03
1.565462e+01 4.807555e-03 4.971113e-03 5.036482e-03 4.415069e-03
1.570359e+01 4.936606e-03 5.041022e-03 5.181110e-03 4.587685e-03
1.575256e+01 4.970399e-03 5.016149e-03 5.209652e-03 4.685396e-03
1.580153e+01 4.907969e-03 4.894839e-03 5.126742e-03 4.702325e-03
1.585050e+01 4.760834e-03 4.688547e-03 4.950230e-03 4.643725e-03
1.589947e+01 4.550610e-03 4.419207e-03 4.707129e-03 4.525494e-03
1.594844e+01 4.304918e-03 4.114357e-03 4.428726e-03 4.371670e-03
1.599741e+01 4.052403e-03 3.801533e-03 4.145650e-03 4.210026e-03
1.604638e+01 3.817791e-03 3.503395e-03 3.883512e-03 4.066467e-03
1.609535e+01 3.617829e-03 3.234557e-03 3.659522e-03 3.959408e-03
1.614433e+01 3.458830e-03 3.000497e-03 3.480454e-03 3.895539e-03
1.619330e+01 3.336310e-03 2.798389e-03 3.342357e-03 3.868184e-03
1.624227e+01 3.236898e-03 2.619445e-03 3.232322e-03 3.858926e-03
1.629124e+01 3.142244e-03 2.452203e-03 3.132259e-03 3.842270e-03
1.634021e+01 3.034128e-03 2.286093e-03 3.024005e-03 3.792285e-03
1.638918e+01 2.899514e-03 2.114543e-03 2.894520e-03 3.689479e-03
1.643815e+01 2.734185e-03 1.936908e-03 2.739675e-03 3.525973e-03
1.648712e+01 2.543894e-03 1.758685e-03 2.565470e-03 3.307527e-03
1.653609e+01 2.342741e-03 1.589951e-03 2.386366e-03 3.051906e-03
1.658506e+01 2.149369e-03 1.442477e-03 2.221375e-03 2.784256e-03
1.663403e+01 1.982253e-03 1.326435e-03 2.089257e-03 2.531067e-03
1.668300e+01 1.855532e-03 1.247723e-03 2.004278e-03 2.314594e-03
1.673197e+01 1.776513e-03 1.206706e-03 1.973642e-03 2.149192e-03
1.678094e+01 1.745265e-03 1.198620e-03 1.996982e-03 2.040193e-03
1.682991e+01 1.756006e-03 1.215333e-03 2.067653e-03 1.985033e-03
1.687888e+01 1.799537e-03 1.247711e-03 2.175181e-03 1.975718e-03
1.692785e+01 1.865831e-03 1.287772e-03 2.308101e-03 2.001619e-03
1.697683e+01 1.946141e-03 1.330034e-03 2.456557e-03 2.051833e-03
1.702580e+01 2.034326e-03 1.371847e-03 2.614291e-03 2.116841e-03
1.707477e+01 2.127461e-03 1.412946e-03 2.779848e-03 2.189588e-03
1.712374e+01 2.225956e-03 1.454686e-03 2.956929e-03 2.266252e-03
1.717271e+01 2.333378e-03 1.499414e-03 3.153829e-03 2.346891e-03
1.722168e+01 2.455999e-03 1.550265e-03 3.381855e-03 2.435878e-03
1.727065e+01 2.601976e-03 1.611399e-03 3.652668e-03 2.541859e-03
1.731962e+01 2.780024e-03 1.688466e-03 3.974685e-03 2.676921e-03
1.736859e+01 2.997625e-03 1.789027e-03 4.349025e-03 2.854823e-03
1.741756e+01 3.258984e-03 1.922646e-03 4.765879e-03 3.088426e-03
1.746653e+01 3.563146e-03 2.100382e-03 5.202379e-03 3.386677e-03
1.751550e+01 3.902677e-03 2.333469e-03 5.622990e-03 3.751573e-03
1.756447e+01 4.263177e-03 2.630975e-03 5.983035e-03 4.175520e-03
1.761344e+01 4.623695e-03 2.996466e-03 6.235150e-03 4.639468e-03
1.766241e+01 4.958009e-03 3.424083e-03 6.337625e-03 5.112319e-03
1.771138e+01 5.236705e-03 3.895049e-03 6.262793e-03 5.552273e-03
1.776035e+01 5.430045e-03 4.376099e-03 6.003301e-03 5.910735e-03
1.780933e+01 5.511598e-03 4.821340e-03 5.574498e-03 6.138956e-03
1.785830e+01 5.462344e-03 5.178297e-03 5.012104e-03 6.196633e-03
1.790727e+01 5.274588e-03 5.397454e-03 4.365703e-03 6.060607e-03
1.795624e+01 4.954665e-03 5.443040e-03 3.689829e-03 5.731127e-03
1.800521e+01 4.523418e-03 5.301832e-03 3.034956e-03 5.233465e-03
1.805418e+01 4.013873e-03 4.987052e-03 2.440595e-03 4.613971e-03
1.810315e+01 3.466432e-03 4.535992e-03 1.931780e-03 3.931524e-03
1.815212e+01 2.922737e-03 4.002173e-03 1.519152e-03 3.246886e-03
1.820109e+01 2.419849e-03 3.444684e-03 1.201862e-03 2.613001e-03
1.825006e+01 1.986203e-03 2.917969e-03 9.720076e-04 2.068634e-03
1.829903e+01 1.640061e-03 2.464639e-03 8.192384e-04 1.636306e-03
1.834800e+01 1.390248e-03 2.112317e-03 7.344811e-04 1.323945e-03
1.839697e+01 1.238252e-03 1.873938e-03 7.121141e-04 1.128705e-03
1.844594e+01 1.180532e-03 1.750010e-03 7.503357e-04 1.041252e-03
1.849491e+01 1.210115e-03 1.731295e-03 8.497965e-04 1.049253e-03
1.854388e+01 1.317138e-03 1.801014e-03 1.010874e-03 1.139527e-03
1.859286e+01 1.488555e-03 1.936471e-03 1.230283e-03 1.298911e-03
1.864183e+01 1.707616e-03 2.110603e-03 1.498006e-03 1.514239e-03
1.869080e+01 1.953850e-03 2.294053e-03 1.795627e-03 1.771870e-03
1.873977e+01 2.204055e-03 2.458079e-03 2.096948e-03 2.057137e-03
1.878874e+01 2.434408e-03 2.578043e-03 2.371169e-03 2.354013e-03
1.883771e+01 2.623363e-03 2.636781e-03 2.588056e-03 2.645251e-03
1.888668e+01 2.754617e-03 2.626936e-03 2.723758e-03 2.913156e-03
1.893565e+01 2.819378e-03 2.551542e-03 2.765586e-03 3.141004e-03
1.898462e+01 2.817266e-03 2.422618e-03 2.714328e-03 3.314851e-03
1.903359e+01 2.755619e-03 2.258128e-03 2.583492e-03 3.425237e-03
1.908256e+01 2.647390e-03 2.078099e-03 2.395839e-03 3.468233e-03
1.913153e+01 2.508225e-03 1.900849e-03 2.178364e-03 3.445463e-03
1.918050e+01 2.353494e-03 1.740157e-03 1.957168e-03 3.363156e-03
1.922947e+01 2.195967e-03 1.603830e-03 1.753445e-03 3.230624e-03
1.927844e+01 2.044579e-03 1.493714e-03 1.581273e-03 3.058750e-03
1.932741e+01 1.904327e-03 1.406860e-03 1.447237e-03 2.858882e-03
1.937638e+01 1.777033e-03 1.337355e-03 1.351484e-03 2.642258e-03
1.942536e+01 1.662523e-03 1.278270e-03 1.289574e-03 2.419727e-03
1.947433e+01 1.559777e-03 1.223324e-03 1.254523e-03 2.201482e-03
1.952330e+01 1.467741e-03 1.167987e-03 1.238618e-03 1.996618e-03
1.957227e+01 1.385742e-03 1.109958e-03 1.234756e-03 1.812511e-03
1.962124e+01 1.313537e-03 1.049102e-03 1.237273e-03 1.654238e-03
1.967021e+01 1.251183e-03 9.870219e-04 1.242289e-03 1.524237e-03
1.971918e+01 1.198821e-03 9.264428e-04 1.247669e-03 1.422352e-03
1.976815e+01 1.156500e-03 8.705644e-04 1.252687e-03 1.346248e-03
1.981712e+01 1.124026e-03 8.224717e-04 1.257530e-03 1.292077e-03
1.986609e+01 1.100879e-03 7.846533e-04 1.262780e-03 1.255204e-03
1.991506e+01 1.086170e-03 7.586591e-04 1.268984e-03 1.230868e-03
1.996403e+01 1.078659e-03 7.449165e-04 1.276397e-03 1.214662e-03
2.001300e+01 1.076821e-03 7.427132e-04 1.284910e-03 1.202840e-03
2.006197e+01 1.078949e-03 7.503273e-04 1.294077e-03 1.192442e-03
2.011094e+01 1.083248e-03 7.652595e-04 1.303181e-03 1.181304e-03
2.015991e+01 1.087913e-03 7.845130e-04 1.311255e-03 1.167971e-03
2.020888e+01 1.091169e-03 8.048793e-04 1.317052e-03 1.151574e-03
2.025786e+01 1.091308e-03 8.232177e-04 1.319021e-03 1.131685e-03
2.030683e+01 1.086760e-03 8.367376e-04 1.315356e-03 1.108187e-03
2.035580e+01 1.076222e-03 8.432867e-04 1.304200e-03 1.081179e-03
2.040477e+01 1.058836e-03 8.416210e-04 1.284002e-03 1.050885e-03
2.045374e+01 1.034386e-03 8.315999e-04 1.253956e-03 1.017603e-03
2.050271e+01 1.003421e-03 8.142298e-04 1.214367e-03 9.816674e-04
2.055168e+01 9.672511e-04 7.915082e-04 1.166797e-03 9.434480e-04
2.060065e+01 9.277941e-04 7.660712e-04 1.113905e-03 9.034065e-04
2.064962e+01 8.873018e-04 7.407166e-04 1.059002e-03 8.621867e-04
2.069859e+01 8.480363e-04 7.179247e-04 1.005475e-03 8.207098e-04
2.074756e+01 8.119864e-04 6.994976e-04 9.562431e-04 7.802183e-04
2.079653e+01 7.806824e-04 6.864009e-04 9.134240e-04 7.422224e-04
2.084550e+01 7.551287e-04 6.788123e-04 8.782349e-04 7.083390e-04
2.089447e+01 7.358278e-04 6.763213e-04 8.511034e-04 6.800588e-04
2.094344e+01 7.228548e-04 6.781841e-04 8.318759e-04 6.585043e-04
2.099241e+01 7.159428e-04 6.835544e-04 8.200255e-04 6.442486e-04
2.104139e+01 7.145626e-04 6.916440e-04 8.148066e-04 6.372373e-04
2.109036e+01 7.179954e-04 7.018197e-04 8.153440e-04 6.368227e-04
2.113933e+01 7.254104e-04 7.136629e-04 8.206798e-04 6.418885e-04
2.118830e+01 7.359518e-04 7.270231e-04 8.298037e-04 6.510286e-04
2.123727e+01 7.488322e-04 7.420679e-04 8.416848e-04 6.627438e-04
2.128624e+01 7.634186e-04 7.593116e-04 8.553171e-04 6.756270e-04
2.133521e+01 7.792970e-04 7.795886e-04 8.697866e-04 6.885159e-04
2.138418e+01 7.963063e-04 8.039493e-04 8.843659e-04 7.006036e-04
2.143315e+01 8.145418e-04 8.334822e-04 8.986312e-04 7.115119e-04
2.148212e+01 8.343368e-04 8.690888e-04 9.125786e-04 7.213431e-04
2.153109e+01 8.562226e-04 9.112421e-04 9.266955e-04 7.307302e-04
2.158006e+01 8.808555e-04 9.597527e-04 9.419290e-04 7.408849e-04
2.162903e+01 9.088923e-04 1.013558e-03 9.595107e-04 7.536084e-04
2.167800e+01 9.408013e-04 1.070570e-03 9.806364e-04 7.711970e-04
2.172697e+01 9.766325e-04 1.127661e-03 1.006066e-03 7.961704e-04
2.177594e+01 1.015808e-03 1.180874e-03 1.035752e-03 8.307974e-04
2.182491e+01 1.057018e-03 1.225933e-03 1.068637e-03 8.764830e-04
2.187389e+01 1.098299e-03 1.259005e-03 1.102708e-03 9.331836e-04
2.192286e+01 1.137311e-03 1.277515e-03 1.135346e-03 9.990711e-04
2.197183e+01 1.171761e-03 1.280751e-03 1.163890e-03 1.070643e-03
2.202080e+01 1.199876e-03 1.270012e-03 1.186276e-03 1.143341e-03
2.206977e+01 1.220787e-03 1.248222e-03 1.201566e-03 1.212574e-03
2.211874e+01 1.234724e-03 1.219139e-03 1.210204e-03 1.274828e-03
2.216771e+01 1.242966e-03 1.186468e-03 1.213900e-03 1.328529e-03
2.221668e+01 1.247554e-03 1.153161e-03 1.215176e-03 1.374325e-03
2.226565e+01 1.250837e-03 1.121112e-03 1.216714e-03 1.414684e-03
2.231462e+01 1.254970e-03 1.091243e-03 1.220720e-03 1.452947e-03
2.236359e+01 1.261497e-03 1.063834e-03 1.228531e-03 1.492125e-03
2.241256e+01 1.271104e-03 1.038890e-03 1.240572e-03 1.533849e-03
2.246153e+01 1.283601e-03 1.016415e-03 1.256626e-03 1.577764e-03
2.251050e+01 1.298092e-03 9.965046e-04 1.276248e-03 1.621523e-03
2.255947e+01 1.313249e-03 9.793429e-04 1.299088e-03 1.661315e-03
2.260844e+01 1.327619e-03 9.651481e-04 1.324949e-03 1.692761e-03
2.265741e+01 1.339867e-03 9.541617e-04 1.353558e-03 1.711881e-03
2.270639e+01 1.348925e-03 9.466791e-04 1.384173e-03 1.715923e-03
2.275536e+01 1.354055e-03 9.430740e-04 1.415243e-03 1.703847e-03
2.280433e+01 1.354814e-03 9.437385e-04 1.444312e-03 1.676391e-03
2.285330e+01 1.350970e-03 9.488849e-04 1.468258e-03 1.635768e-03
2.290227e+01 1.342383e-03 9.582293e-04 1.483820e-03 1.585099e-03
2.295124e+01 1.328888e-03 9.706555e-04 1.488243e-03 1.527765e-03
2.300021e+01 1.310234e-03 9.840154e-04 1.479825e-03 1.466862e-03
2.304918e+01 1.286103e-03 9.952048e-04 1.458220e-03 1.404883e-03
2.309815e+01 1.256217e-03 1.000577e-03 1.424411e-03 1.343662e-03
2.314712e+01 1.220532e-03 9.966283e-04 1.380429e-03 1.284538e-03
2.319609e+01 1.179437e-03 9.807811e-04 1.328954e-03 1.228576e-03
2.324506e+01 1.133889e-03 9.520170e-04 1.272922e-03 1.176729e-03
2.329403e+01 1.085418e-03 9.111642e-04 1.215271e-03 1.129818e-03
2.334300e+01 1.035968e-03 8.607368e-04 1.158817e-03 1.088349e-03
2.339197e+01 9.876185e-04 8.043844e-04 1.106201e-03 1.052271e-03
2.344094e+01 9.422551e-04 7.461283e-04 1.059816e-03 1.020821e-03
2.348992e+01 9.012828e-04 6.896138e-04 1.021640e-03 9.925943e-04
2.353889e+01 8.654526e-04 6.375690e-04 9.929510e-04 9.658377e-04
2.358786e+01 8.348247e-04 5.915613e-04 9.740236e-04 9.388891e-04
2.363683e+01 8.088536e-04 5.520363e-04 9.639289e-04 9.105958e-04
2.368580e+01 7.865565e-04 5.185478e-04 9.605625e-04 8.805593e-04
2.373477e+01 7.667204e-04 4.900715e-04 9.609587e-04 8.491311e-04
2.378374e+01 7.481083e-04 4.653132e-04 9.618253e-04 8.171864e-04
2.383271e+01 7.296271e-04 4.429637e-04 9.601398e-04 7.857779e-04
2.388168e+01 7.104323e-04 4.218835e-04 9.536178e-04 7.557957e-04
2.393065e+01 6.899571e-04 4.012181e-04 9.409216e-04 7.277318e-04
2.397962e+01 6.678845e-04 3.804502e-04 9.216046e-04 7.015988e-04
2.402859e+01 6.440976e-04 3.593972e-04 8.958971e-04 6.769985e-04
2.407756e+01 6.186507e-04 3.381654e-04 8.644892e-04 6.532977e-04
2.412653e+01 5.917820e-04 3.170738e-04 8.284215e-04 6.298507e-04
2.417550e+01 5.639527e-04 2.965635e-04 7.890927e-04 6.062020e-04
2.422447e+01 5.358709e-04 2.771020e-04 7.482931e-04 5.822177e-04
2.427344e+01 5.084525e-04 2.590946e-04 7.081440e-04 5.581188e-04
2.432242e+01 4.826980e-04 2.428110e-04 6.708673e-04 5.344156e-04
2.437139e+01 4.595075e-04 2.283382e-04 6.384095e-04 5.117747e-04
2.442036e+01 4.394882e-04 2.155705e-04 6.120368e-04 4.908572e-04
2.446933e+01 4.228229e-04 2.042423e-04 5.920545e-04 4.721718e-04
2.451830e+01 4.092457e-04 1.939976e-04 5.777676e-04 4.559718e-04
2.456727e+01 3.981308e-04 1.844772e-04 5.677063e-04 4.422089e-04
2.461624e+01 3.886598e-04 1.753965e-04 5.600344e-04 4.305485e-04
2.466521e+01 3.800080e-04 1.665914e-04 5.529959e-04 4.204368e-04
2.471418e+01 3.714930e-04 1.580210e-04 5.452493e-04 4.112088e-04
2.476315e+01 3.626506e-04 1.497349e-04 5.360053e-04 4.022117e-04
2.481212e+01 3.532376e-04 1.418263e-04 5.249683e-04 3.929183e-04
2.486109e+01 3.431825e-04 1.343937e-04 5.121561e-04 3.829976e-04
2.491006e+01 3.325191e-04 1.275258e-04 4.977029e-04 3.723287e-04
2.495903e+01 3.213326e-04 1.213086e-04 4.817293e-04 3.609598e-04
2.500800e+01 3.097297e-04 1.158396e-04 4.643124e-04 3.490371e-04
2.505697e+01 2.978352e-04 1.112316e-04 4.455382e-04 3.367358e-04
2.510594e+01 2.857986e-04 1.075934e-04 4.255836e-04 3.242190e-04
2.515492e+01 2.737980e-04 1.049895e-04 4.047750e-04 3.116296e-04
2.520389e+01 2.620277e-04 1.033927e-04 3.835894e-04 2.991011e-04
2.525286e+01 2.506694e-04 1.026499e-04 3.625941e-04 2.867640e-04
2.530183e+01 2.398544e-04 1.024799e-04 3.423474e-04 2.747360e-04
2.535080e+01 2.296335e-04 1.025089e-04 3.232972e-04 2.630944e-04
2.539977e+01 2.199672e-04 1.023375e-04 3.057128e-04 2.518514e-04
2.544874e+01 2.107482e-04 1.016187e-04 2.896711e-04 2.409549e-04
2.549771e+01 2.018522e-04 1.001272e-04 2.751004e-04 2.303291e-04
2.554668e+01 1.932066e-04 9.780107e-05 2.618660e-04 2.199526e-04
2.559565e+01 1.848562e-04 9.475164e-05 2.498686e-04 2.099483e-04
2.564462e+01 1.770051e-04 9.124434e-05 2.391240e-04 2.006469e-04
2.569359e+01 1.700155e-04 8.766056e-05 2.297998e-04 1.925862e-04
2.574256e+01 1.643581e-04 8.444895e-05 2.221966e-04 1.864286e-04
2.579153e+01 1.605189e-04 8.207039e-05 2.166776e-04 1.828089e-04
2.584050e+01 1.588866e-04 8.093750e-05 2.135654e-04 1.821570e-04
2.588947e+01 1.596453e-04 8.135010e-05 2.130314e-04 1.845545e-04
2.593845e+01 1.627041e-04 8.343340e-05 2.150055e-04 1.896733e-04
2.598742e+01 1.676773e-04 8.709184e-05 2.191271e-04 1.968131e-04
2.603639e+01 1.739182e-04 9.199405e-05 2.247465e-04 2.050141e-04
2.608536e+01 1.805913e-04 9.759978e-05 2.309742e-04 2.131999e-04
2.613433e+01 1.867670e-04 1.032296e-04 2.367682e-04 2.203032e-04
2.618330e+01 1.915236e-04 1.081661e-04 2.410488e-04 2.253560e-04
2.623227e+01 1.940504e-04 1.117652e-04 2.428320e-04 2.275539e-04
2.628124e+01 1.937487e-04 1.135560e-04 2.413710e-04 2.263190e-04
2.633021e+01 1.903237e-04 1.133080e-04 2.362852e-04 2.213781e-04
2.637918e+01 1.838503e-04 1.110547e-04 2.276508e-04 2.128455e-04
2.642815e+01 1.747912e-04 1.070734e-04 2.160219e-04 2.012783e-04
2.647712e+01 1.639519e-04 1.018258e-04 2.023679e-04 1.876619e-04
2.652609e+01 1.523719e-04 9.587759e-05 1.879328e-04 1.733051e-04
2.657506e+01 1.411687e-04 8.980979e-05 1.740465e-04 1.596497e-04
2.662403e+01 1.313631e-04 8.413866e-05 1.619228e-04 1.480280e-04
2.667300e+01 1.237165e-04 7.925142e-05 1.524771e-04 1.394211e-04
2.672197e+01 1.186056e-04 7.536288e-05 1.461840e-04 1.342701e-04
2.677095e+01 1.159585e-04 7.249568e-05 1.429952e-04 1.323847e-04
2.681992e+01 1.152690e-04 7.048897e-05 1.423382e-04 1.329799e-04
2.686889e+01 1.157008e-04 6.904017e-05 1.432173e-04 1.348450e-04
2.691786e+01 1.162753e-04 6.778119e-05 1.444227e-04 1.366220e-04
2.696683e+01 1.161114e-04 6.637997e-05 1.448175e-04 1.371368e-04
2.701580e+01 1.146615e-04 6.464641e-05 1.436348e-04 1.357034e-04
2.706477e+01 1.118780e-04 6.261449e-05 1.406989e-04 1.323207e-04
2.711374e+01 1.082590e-04 6.057422e-05 1.364982e-04 1.277045e-04
2.716271e+01 1.047563e-04 5.904024e-05 1.320850e-04 1.231436e-04
2.721168e+01 1.025703e-04 5.866088e-05 1.288314e-04 1.202186e-04
2.726065e+01 1.028856e-04 6.008713e-05 1.281159e-04 1.204536e-04
2.730962e+01 1.066092e-04 6.382863e-05 1.310170e-04 1.249820e-04
2.735859e+01 1.141627e-04 7.012416e-05 1.380765e-04 1.342876e-04
2.740756e+01 1.253585e-04 7.884997e-05 1.491614e-04 1.480641e-04
2.745653e+01 1.393762e-04 8.948484e-05 1.634347e-04 1.652089e-04
2.750550e+01 1.548460e-04 1.011455e-04 1.794371e-04 1.839553e-04
2.755447e+01 1.700373e-04 1.126975e-04 1.952817e-04 2.021327e-04
2.760345e+01 1.831357e-04 1.229315e-04 2.089523e-04 2.175233e-04
2.765242e+01 1.925653e-04 1.307757e-04 2.186652e-04 2.282549e-04
2.770139e+01 1.972886e-04 1.354964e-04 2.232218e-04 2.331477e-04
2.775036e+01 1.970030e-04 1.368315e-04 2.222523e-04 2.319253e-04
2.779933e+01 1.921719e-04 1.350162e-04 2.162699e-04 2.252295e-04
2.784830e+01 1.838734e-04 1.306889e-04 2.065031e-04 2.144281e-04
2.789727e+01 1.735103e-04 1.247038e-04 1.945539e-04 2.012730e-04
2.794624e+01 1.624682e-04 1.179109e-04 1.819878e-04 1.875059e-04
2.799521e+01 1.518269e-04 1.109718e-04 1.699861e-04 1.745228e-04
2.804418e+01 1.422024e-04 1.042652e-04 1.591622e-04 1.631797e-04
2.809315e+01 1.337470e-04 9.789997e-05 1.495764e-04 1.537646e-04
2.814212e+01 1.262775e-04 9.181158e-05 1.409121e-04 1.461087e-04
2.819109e+01 1.194640e-04 8.589162e-05 1.327275e-04 1.397730e-04
2.824006e+01 1.130061e-04 8.009437e-05 1.246843e-04 1.342395e-04
2.828903e+01 1.067415e-04 7.448387e-05 1.166824e-04 1.290582e-04
2.833800e+01 1.006741e-04 6.921573e-05 1.088762e-04 1.239304e-04
2.838698e+01 9.493465e-05 6.447594e-05 1.015926e-04 1.187354e-04
2.843595e+01 8.971024e-05 6.041216e-05 9.520200e-05 1.135166e-04
2.848492e+01 8.517561e-05 5.708814e-05 8.999466e-05 1.084440e-04
2.853389e+01 8.144715e-05 5.447550e-05 8.610377e-05 1.037622e-04
2.858286e+01 7.856532e-05 5.247810e-05 8.348944e-05 9.972843e-05
2.863183e+01 7.650104e-05 5.097312e-05 8.197612e-05 9.655388e-05
2.868080e+01 7.517773e-05 4.985111e-05 8.132166e-05 9.436042e-05
2.872977e+01 7.450213e-05 4.904372e-05 8.129278e-05 9.316989e-05
2.877874e+01 7.439804e-05 4.853604e-05 8.172713e-05 9.293094e-05
2.882771e+01 7.483752e-05 4.836675e-05 8.257072e-05 9.357508e-05
2.887668e+01 7.586321e-05 4.862086e-05 8.388776e-05 9.508101e-05
2.892565e+01 7.759538e-05 4.941814e-05 8.584494e-05 9.752308e-05
2.897462e+01 8.021952e-05 5.089794e-05 8.867469e-05 1.010859e-04
2.902359e+01 8.395397e-05 5.319965e-05 9.262325e-05 1.060390e-04
2.907256e+01 8.900105e-05 5.643796e-05 9.789105e-05 1.126741e-04
2.912153e+01 9.548858e-05 6.067399e-05 1.045753e-04 1.212165e-04
2.917050e+01 1.034115e-04 6.588558e-05 1.126259e-04 1.317230e-04
2.921948e+01 1.125862e-04 7.194239e-05 1.218255e-04 1.439908e-04
2.926845e+01 1.226318e-04 7.859330e-05 1.317995e-04 1.575027e-04
2.931742e+01 1.329895e-04 8.547370e-05 1.420550e-04 1.714396e-04
2.936639e+01 1.429843e-04 9.213724e-05 1.520416e-04 1.847740e-04
2.941536e+01 1.519192e-04 9.811158e-05 1.612156e-04 1.964304e-04
2.946433e+01 1.591796e-04 1.029691e-04 1.690970e-04 2.054727e-04
2.951330e+01 1.643204e-04 1.063974e-04 1.753040e-04 2.112596e-04
2.956227e+01 1.671145e-04 1.082510e-04 1.795682e-04 2.135242e-04
2.961124e+01 1.675547e-04 1.085681e-04 1.817339e-04 2.123621e-04
2.966021e+01 1.658169e-04 1.075473e-04 1.817552e-04 2.081484e-04
2.970918e+01 1.622047e-04 1.054910e-04 1.796968e-04 2.014263e-04
2.975815e+01 1.570941e-04 1.027346e-04 1.757415e-04 1.928063e-04
2.980712e+01 1.508939e-04 9.958467e-05 1.701953e-04 1.829017e-04
2.985609e+01 1.440236e-04 9.628547e-05 1.634821e-04 1.723033e-04
2.990506e+01 1.369052e-04 9.301844e-05 1.561179e-04 1.615793e-04
2.995403e+01 1.299564e-04 8.992567e-05 1.486623e-04 1.512814e-04
3.000300e+01 1.235743e-04 8.713783e-05 1.416484e-04 1.419368e-04
3.005198e+01 1.181014e-04 8.478830e-05 1.355034e-04 1.340123e-04
3.010095e+01 1.137758e-04 8.300507e-05 1.304729e-04 1.278495e-04
3.014992e+01 1.106808e-04 8.188518e-05 1.265716e-04 1.235857e-04
3.019889e+01 1.087129e-04 8.146571e-05 1.235803e-04 1.210925e-04
3.024786e+01 1.075910e-04 8.170556e-05 1.211012e-04 1.199664e-04
3.029683e+01 1.069159e-04 8.248615e-05 1.186666e-04 1.195950e-04
3.034580e+01 1.062672e-04 8.363013e-05 1.158768e-04 1.192948e-04
3.039477e+01 1.053146e-04 8.493265e-05 1.125261e-04 1.184852e-04
3.044374e+01 1.039069e-04 8.619947e-05 1.086789e-04 1.168424e-04
3.049271e+01 1.021143e-04 8.728877e-05 1.046721e-04 1.143821e-04
3.054168e+01 1.002133e-04 8.815344e-05 1.010436e-04 1.114429e-04
3.059065e+01 9.862294e-05 8.887697e-05 9.841185e-05 1.085800e-04
3.063962e+01 9.781260e-05 8.968996e-05 9.733875e-05 1.064091e-04
3.068859e+01 9.820449e-05 9.095282e-05 9.820840e-05 1.054523e-04
3.073756e+01 1.000908e-04 9.309663e-05 1.011459e-04 1.060300e-04
3.078653e+01 1.035801e-04 9.652932e-05 1.059898e-04 1.082210e-04
3.083551e+01 1.085809e-04 1.015298e-04 1.123258e-04 1.118873e-04
3.088448e+01 1.148259e-04 1.081607e-04 1.195765e-04 1.167405e-04
3.093345e+01 1.219286e-04 1.162279e-04 1.271338e-04 1.224239e-04
3.098242e+01 1.294602e-04 1.252983e-04 1.344988e-04 1.285834e-04
3.103139e+01 1.370263e-04 1.347716e-04 1.413912e-04 1.349161e-04
3.108036e+01 1.443265e-04 1.439898e-04 1.477919e-04 1.411977e-04
3.112933e+01 1.511888e-04 1.523606e-04 1.539090e-04 1.472968e-04
3.117830e+01 1.575809e-04 1.594743e-04 1.600826e-04 1.531859e-04
3.122727e+01 1.636018e-04 1.651902e-04 1.666669e-04 1.589483e-04
3.127624e+01 1.694584e-04 1.696726e-04 1.739295e-04 1.647731e-04
3.132521e+01 1.754230e-04 1.733567e-04 1.819901e-04 1.709222e-04
3.137418e+01 1.817662e-04 1.768392e-04 1.908019e-04 1.776573e-04
3.142315e+01 1.886685e-04 1.807112e-04 2.001605e-04 1.851336e-04
3.147212e+01 1.961291e-04 1.853786e-04 2.097252e-04 1.932835e-04
3.152109e+01 2.039047e-04 1.909313e-04 2.190486e-04 2.017342e-04
3.157006e+01 2.115154e-04 1.971197e-04 2.276205e-04 2.098059e-04
3.161903e+01 2.183383e-04 2.034625e-04 2.349369e-04 2.166155e-04
3.166801e+01 2.237779e-04 2.094584e-04 2.405953e-04 2.212799e-04
3.171698e+01 2.274627e-04 2.148254e-04 2.443987e-04 2.231640e-04
3.176595e+01 2.293982e-04 2.196674e-04 2.464350e-04 2.220921e-04
3.181492e+01 2.300085e-04 2.244918e-04 2.470932e-04 2.184406e-04
3.186389e+01 2.300405e-04 2.300559e-04 2.469979e-04 2.130679e-04
3.191286e+01 2.303543e-04 2.370933e-04 2.468700e-04 2.070996e-04
3.196183e+01 2.316736e-04 2.460233e-04 2.473557e-04 2.016417e-04
3.201080e+01 2.343861e-04 2.567562e-04 2.488804e-04 1.975218e-04
3.205977e+01 2.384637e-04 2.686702e-04 2.515755e-04 1.951454e-04
3.210874e+01 2.435252e-04 2.807722e-04 2.553016e-04 1.945017e-04
3.215771e+01 2.490117e-04 2.919863e-04 2.597539e-04 1.952948e-04
3.220668e+01 2.544063e-04 3.014712e-04 2.646114e-04 1.971362e-04
3.225565e+01 2.594184e-04 3.088596e-04 2.696764e-04 1.997191e-04
3.230462e+01 2.640738e-04 3.143430e-04 2.749595e-04 2.029188e-04
3.235359e+01 2.686869e-04 3.185798e-04 2.806821e-04 2.067988e-04
3.240256e+01 2.737358e-04 3.224676e-04 2.871992e-04 2.115405e-04
3.245153e+01 2.796927e-04 3.268671e-04 2.948731e-04 2.173380e-04
3.250051e+01 2.868732e-04 3.323804e-04 3.039440e-04 2.242953e-04
3.254948e+01 2.953509e-04 3.392539e-04 3.144428e-04 2.323559e-04
3.259845e+01 3.049534e-04 3.474228e-04 3.261668e-04 2.412707e-04
3.264742e+01 3.153192e-04 3.566461e-04 3.387088e-04 2.506026e-04
3.269639e+01 3.259764e-04 3.666513e-04 3.515154e-04 2.597624e-04
3.274536e+01 3.364158e-04 3.772189e-04 3.639500e-04 2.680786e-04
3.279433e+01 3.461519e-04 3.881893e-04 3.753634e-04 2.749029e-04
3.284330e+01 3.547922e-04 3.994302e-04 3.851966e-04 2.797497e-04
3.289227e+01 3.621394e-04 4.108355e-04 3.931356e-04 2.824470e-04
3.294124e+01 3.683229e-04 4.224003e-04 3.993073e-04 2.832612e-04
3.299021e+01 3.739197e-04 4.343620e-04 4.044495e-04 2.829477e-04
3.303918e+01 3.799947e-04 4.473321e-04 4.099617e-04 2.826904e-04
3.308815e+01 3.879980e-04 4.623205e-04 4.177525e-04 2.839210e-04
3.313712e+01 3.994993e-04 4.805832e-04 4.298686e-04 2.880462e-04
3.318609e+01 4.158106e-04 5.033029e-04 4.479835e-04 2.961455e-04
3.323506e+01 4.376002e-04 5.311919e-04 4.728910e-04 3.087175e-04
3.328404e+01 4.646241e-04 5.641565e-04 5.041694e-04 3.255463e-04
3.333301e+01 4.956672e-04 6.011450e-04 5.401259e-04 3.457308e-04
3.338198e+01 5.287197e-04 6.402385e-04 5.780462e-04 3.678743e-04
3.343095e+01 5.613410e-04 6.789585e-04 6.146784e-04 3.903861e-04
3.347992e+01 5.911143e-04 7.146998e-04 6.468273e-04 4.118158e-04
3.352889e+01 6.160786e-04 7.451830e-04 6.719241e-04 4.311286e-04
3.357786e+01 6.350508e-04 7.688360e-04 6.884617e-04 4.478546e-04
3.362683e+01 6.477883e-04 7.850550e-04 6.962288e-04 4.620809e-04
3.367580e+01 6.549821e-04 7.943242e-04 6.963157e-04 4.743065e-04
3.372477e+01 6.580984e-04 7.981760e-04 6.909023e-04 4.852170e-04
3.377374e+01 6.590999e-04 7.989786e-04 6.828692e-04 4.954518e-04
3.382271e+01 6.600925e-04 7.995429e-04 6.753001e-04 5.054345e-04
3.387168e+01 6.629503e-04 8.025890e-04 6.709564e-04 5.153055e-04
3.392065e+01 6.689828e-04 8.101682e-04 6.718143e-04 5.249660e-04
3.396962e+01 6.787123e-04 8.231909e-04 6.787410e-04 5.342050e-04
3.401859e+01 6.918138e-04 8.412162e-04 6.913678e-04 5.428576e-04
3.406756e+01 7.072416e-04 8.625989e-04 7.081905e-04 5.509354e-04
3.411654e+01 7.235191e-04 8.849849e-04 7.268897e-04 5.586828e-04
3.416551e+01 7.391285e-04 9.060269e-04 7.448205e-04 5.665381e-04
3.421448e+01 7.529020e-04 9.241099e-04 7.595797e-04 5.750164e-04
3.426345e+01 7.643139e-04 9.388642e-04 7.695227e-04 5.845547e-04
3.431242e+01 7.735945e-04 9.513028e-04 7.741041e-04 5.953766e-04
3.436139e+01 7.816357e-04 9.635376e-04 7.739472e-04 6.074221e-04
3.441036e+01 7.897163e-04 9.781620e-04 7.706195e-04 6.203675e-04
3.445933e+01 7.991302e-04 9.974972e-04 7.661711e-04 6.337223e-04
3.450830e+01 8.108237e-04 1.022939e-03 7.625700e-04 6.469621e-04
3.455727e+01 8.251455e-04 1.054599e-03 7.611955e-04 6.596417e-04
3.460624e+01 8.417686e-04 1.091325e-03 7.625332e-04 6.714479e-04
3.465521e+01 8.597884e-04 1.131039e-03 7.661443e-04 6.821820e-04
3.470418e+01 8.779464e-04 1.171246e-03 7.708875e-04 6.917051e-04
3.475315e+01 8.948993e-04 1.209508e-03 7.752957e-04 6.998942e-04
3.480212e+01 9.094561e-04 1.243749e-03 7.779703e-04 7.066487e-04
3.485109e+01 9.207298e-04 1.272363e-03 7.778812e-04 7.119452e-04
3.490006e+01 9.281908e-04 1.294162e-03 7.745097e-04 7.159004e-04
3.494904e+01 9.316376e-04 1.308290e-03 7.678405e-04 7.187823e-04
3.499801e+01 9.311230e-04 1.314181e-03 7.582540e-04 7.209343e-04
3.504698e+01 9.268705e-04 1.311608e-03 7.463829e-04 7.226207e-04
3.509595e+01 9.192095e-04 1.300778e-03 7.329926e-04 7.238574e-04
3.514492e+01 9.085385e-04 1.282404e-03 7.189096e-04 7.243022e-04
3.519389e+01 8.953123e-04 1.257672e-03 7.049955e-04 7.232691e-04
3.524286e+01 8.800387e-04 1.228099e-03 6.921389e-04 7.198786e-04
3.529183e+01 8.632738e-04 1.195286e-03 6.812255e-04 7.133095e-04
3.534080e+01 8.456069e-04 1.160677e-03 6.730629e-04 7.030811e-04
3.538977e+01 8.276338e-04 1.125366e-03 6.682562e-04 6.892789e-04
3.543874e+01 8.099150e-04 1.090035e-03 6.670612e-04 6.726487e-04
3.548771e+01 7.929193e-04 1.054982e-03 6.692625e-04 6.545134e-04
3.553668e+01 7.769590e-04 1.020227e-03 6.741301e-04 6.365194e-04
3.558565e+01 7.621411e-04 9.856512e-04 6.804914e-04 6.202807e-04
3.563462e+01 7.483647e-04 9.511306e-04 6.869305e-04 6.070329e-04
3.568359e+01 7.353916e-04 9.166784e-04 6.920797e-04 5.974167e-04
3.573257e+01 7.229820e-04 8.825591e-04 6.949303e-04 5.914567e-04
3.578154e+01 7.110472e-04 8.493555e-04 6.950664e-04 5.887197e-04
3.583051e+01 6.997492e-04 8.179458e-04 6.927429e-04 5.885590e-04
3.587948e+01 6.894938e-04 7.893775e-04 6.887792e-04 5.903248e-04
3.592845e+01 6.808107e-04 7.646634e-04 6.843125e-04 5.934563e-04
3.597742e+01 6.741744e-04 7.445677e-04 6.805060e-04 5.974496e-04
3.602639e+01 6.698468e-04 7.294578e-04 6.783186e-04 6.017640e-04
3.607536e+01 6.678110e-04 7.192726e-04 6.784055e-04 6.057548e-04
3.612433e+01 6.678202e-04 7.136070e-04 6.811555e-04 6.086982e-04
3.617330e+01 6.695339e-04 7.118702e-04 6.868162e-04 6.099154e-04
3.622227e+01 6.726798e-04 7.134501e-04 6.956335e-04 6.089560e-04
3.627124e+01 6.771792e-04 7.178267e-04 7.079397e-04 6.057713e-04
3.632021e+01 6.831899e-04 7.245973e-04 7.241546e-04 6.008176e-04
3.636918e+01 6.910538e-04 7.334147e-04 7.446936e-04 5.950529e-04
3.641815e+01 7.011690e-04 7.438730e-04 7.698060e-04 5.898279e-04
3.646712e+01 7.138307e-04 7.554046e-04 7.993859e-04 5.867017e-04
3.651609e+01 7.290981e-04 7.672513e-04 8.328109e-04 5.872320e-04
3.656507e+01 7.467322e-04 7.785449e-04 8.688659e-04 5.927859e-04
3.661404e+01 7.662236e-04 7.884779e-04 9.057936e-04 6.043994e-04
3.666301e+01 7.868877e-04 7.964952e-04 9.414806e-04 6.226872e-04
3.671198e+01 8.079851e-04 8.024226e-04 9.737466e-04 6.477860e-04
3.676095e+01 8.288213e-04 8.064740e-04 1.000669e-03 6.793209e-04
3.680992e+01 8.488010e-04 8.091443e-04 1.020861e-03 7.163976e-04
3.685889e+01 8.674406e-04 8.110474e-04 1.033634e-03 7.576404e-04
3.690786e+01 8.843650e-04 8.127833e-04 1.039020e-03 8.012916e-04
3.695683e+01 8.993136e-04 8.148938e-04 1.037675e-03 8.453719e-04
3.700580e+01 9.121727e-04 8.179138e-04 1.030728e-03 8.878766e-04
3.705477e+01 9.230303e-04 8.224753e-04 1.019639e-03 9.269766e-04
3.710374e+01 9.322343e-04 8.293931e-04 1.006113e-03 9.611967e-04
3.715271e+01 9.404246e-04 8.396746e-04 9.920372e-04 9.895619e-04
3.720168e+01 9.485091e-04 8.544249e-04 9.794012e-04 1.011701e-03
3.725065e+01 9.575610e-04 8.746593e-04 9.701326e-04 1.027891e-03
3.729962e+01 9.686352e-04 9.010607e-04 9.658337e-04 1.039011e-03
3.734859e+01 9.825294e-04 9.337308e-04 9.674718e-04 1.046386e-03
3.739757e+01 9.995462e-04 9.719885e-04 9.751268e-04 1.051523e-03
3.744654e+01 1.019330e-03 1.014271e-03 9.879057e-04 1.055813e-03
3.749551e+01 1.040843e-03 1.058197e-03 1.004078e-03 1.060255e-03
3.754448e+01 1.062526e-03 1.100847e-03 1.021407e-03 1.065323e-03
3.759345e+01 1.082604e-03 1.139266e-03 1.037578e-03 1.070968e-03
3.764242e+01 1.099494e-03 1.171113e-03 1.050598e-03 1.076770e-03
3.769139e+01 1.112180e-03 1.195329e-03 1.059072e-03 1.082138e-03
3.774036e+01 1.120464e-03 1.212579e-03 1.062307e-03 1.086506e-03
3.778933e+01 1.125015e-03 1.225323e-03 1.060256e-03 1.089466e-03
3.783830e+01 1.127199e-03 1.237402e-03 1.053361e-03 1.090835e-03
3.788727e+01 1.128748e-03 1.253238e-03 1.042353e-03 1.090654e-03
3.793624e+01 1.131364e-03 1.276850e-03 1.028081e-03 1.089162e-03
3.798521e+01 1.136377e-03 1.310967e-03 1.011419e-03 1.086746e-03
3.803418e+01 1.144534e-03 1.356464e-03 9.932601e-04 1.083877e-03
3.808315e+01 1.155953e-03 1.412233e-03 9.745907e-04 1.081034e-03
3.813212e+01 1.170220e-03 1.475450e-03 9.565824e-04 1.078629e-03
3.818110e+01 1.186553e-03 1.542073e-03 9.406340e-04 1.076953e-03
3.823007e+01 1.203974e-03 1.607437e-03 9.283121e-04 1.076172e-03
3.827904e+01 1.221451e-03 1.666800e-03 9.211810e-04 1.076372e-03
3.832801e+01 1.238009e-03 1.715812e-03 9.205587e-04 1.077656e-03
3.837698e+01 1.252805e-03 1.750915e-03 9.272609e-04 1.080240e-03
3.842595e+01 1.265185e-03 1.769695e-03 9.413942e-04 1.084466e-03
3.847492e+01 1.274703e-03 1.771173e-03 9.622332e-04 1.090704e-03
3.852389e+01 1.281090e-03 1.755974e-03 9.881939e-04 1.099103e-03
3.857286e+01 1.284173e-03 1.726318e-03 1.016908e-03 1.109292e-03
3.862183e+01 1.283776e-03 1.685763e-03 1.045413e-03 1.120153e-03
3.867080e+01 1.279662e-03 1.638718e-03 1.070472e-03 1.129796e-03
3.871977e+01 1.271540e-03 1.589790e-03 1.089015e-03 1.135815e-03
3.876874e+01 1.259164e-03 1.543085e-03 1.098642e-03 1.135766e-03
3.881771e+01 1.242476e-03 1.501626e-03 1.098068e-03 1.127734e-03
3.886668e+01 1.221736e-03 1.467023e-03 1.087383e-03 1.110802e-03
3.891565e+01 1.197584e-03 1.439455e-03 1.068006e-03 1.085291e-03
3.896462e+01 1.171005e-03 1.417956e-03 1.042358e-03 1.052702e-03
3.901360e+01 1.143206e-03 1.400874e-03 1.013308e-03 1.015436e-03
3.906257e+01 1.115451e-03 1.386370e-03 9.836028e-04 9.763798e-04
3.911154e+01 1.088900e-03 1.372802e-03 9.554075e-04 9.384893e-04
3.916051e+01 1.064498e-03 1.358955e-03 9.300710e-04 9.044683e-04
3.920948e+01 1.042930e-03 1.344108e-03 9.081144e-04 8.765683e-04
3.925845e+01 1.024636e-03 1.328029e-03 8.893779e-04 8.564999e-04
3.930742e+01 1.009856e-03 1.310923e-03 8.732378e-04 8.454057e-04
3.935639e+01 9.986796e-04 1.293368e-03 8.588268e-04 8.438439e-04
3.940536e+01 9.910631e-04 1.276205e-03 8.452267e-04 8.517576e-04
3.945433e+01 9.868086e-04 1.260358e-03 8.316305e-04 8.684368e-04
3.950330e+01 9.855258e-04 1.246584e-03 8.174751e-04 8.925180e-04
3.955227e+01 9.866027e-04 1.235207e-03 8.025365e-04 9.220649e-04
3.960124e+01 9.892166e-04 1.225923e-03 7.869683e-04 9.547588e-04
3.965021e+01 9.924046e-04 1.217767e-03 7.712698e-04 9.881771e-04
3.969918e+01 9.951844e-04 1.209271e-03 7.561840e-04 1.020098e-03
3.974815e+01 9.966979e-04 1.198794e-03 7.425502e-04 1.048749e-03
3.979712e+01 9.963371e-04 1.184934e-03 7.311472e-04 1.072930e-03
3.984610e+01 9.938200e-04 1.166906e-03 7.225662e-04 1.091988e-03
3.989507e+01 9.891993e-04 1.144778e-03 7.171407e-04 1.105680e-03
3.994404e+01 9.828115e-04 1.119506e-03 7.149405e-04 1.113988e-03
3.999301e+01 9.751879e-04 1.092784e-03 7.158160e-04 1.116964e-03
4.004198e+01 9.669532e-04 1.066737e-03 7.194702e-04 1.114653e-03
4.009095e+01 9.587310e-04 1.043559e-03 7.255276e-04 1.107107e-03
4.013992e+01 9.510624e-04 1.025157e-03 7.335832e-04 1.094447e-03
4.018889e+01 9.443414e-04 1.012856e-03 7.432211e-04 1.076947e-03
4.023786e+01 9.387672e-04 1.007208e-03 7.540111e-04 1.055083e-03
4.028683e+01 9.343191e-04 1.007923e-03 7.654907e-04 1.029543e-03
4.033580e+01 9.307607e-04 1.013928e-03 7.771444e-04 1.001209e-03
4.038477e+01 9.276738e-04 1.023530e-03 7.883867e-04 9.711048e-04
4.043374e+01 9.245152e-04 1.034658e-03 7.985528e-04 9.403344e-04
4.048271e+01 9.206831e-04 1.045131e-03 8.068999e-04 9.100189e-04
4.053168e+01 9.155819e-04 1.052894e-03 8.126283e-04 8.812229e-04
4.058065e+01 9.086815e-04 1.056223e-03 8.149358e-04 8.548860e-04
4.062963e+01 8.995776e-04 1.053857e-03 8.131171e-04 8.317590e-04
4.067860e+01 8.880550e-04 1.045105e-03 8.067056e-04 8.123539e-04
4.072757e+01 8.741470e-04 1.029905e-03 7.956298e-04 7.969063e-04
4.077654e+01 8.581670e-04 1.008823e-03 7.803318e-04 7.853459e-04
4.082551e+01 8.406795e-04 9.829852e-04 7.617836e-04 7.772697e-04
4.087448e+01 8.223941e-04 9.538974e-04 7.413635e-04 7.719214e-04
4.092345e+01 8.039949e-04 9.231929e-04 7.206004e-04 7.681914e-04
4.097242e+01 7.859551e-04 8.923467e-04 7.008515e-04 7.646672e-04
4.102139e+01 7.684037e-04 8.624404e-04 6.830131e-04 7.597576e-04
4.107036e+01 7.511001e-04 8.340409e-04 6.673573e-04 7.519021e-04
4.111933e+01 7.335324e-04 8.072168e-04 6.535430e-04 7.398373e-04
4.116830e+01 7.151056e-04 7.816680e-04 6.407852e-04 7.228637e-04
4.121727e+01 6.953522e-04 7.569073e-04 6.281179e-04 7.010315e-04
4.126624e+01 6.740929e-04 7.324327e-04 6.146637e-04 6.751824e-04
4.131521e+01 6.515027e-04 7.078496e-04 5.998425e-04 6.468160e-04
4.136418e+01 6.280753e-04 6.829331e-04 5.834835e-04 6.178093e-04
4.141315e+01 6.045155e-04 6.576449e-04 5.658457e-04 5.900559e-04
4.146213e+01 5.816028e-04 6.321273e-04 5.475642e-04 5.651170e-04
4.151110e+01 5.600653e-04 6.066867e-04 5.295462e-04 5.439629e-04
4.156007e+01 5.404853e-04 5.817700e-04 5.128261e-04 5.268598e-04
4.160904e+01 5.232434e-04 5.579280e-04 4.983909e-04 5.134114e-04
4.165801e+01 5.084958e-04 5.357596e-04 4.869932e-04 5.027346e-04
4.170698e+01 4.961796e-04 5.158363e-04 4.789870e-04 4.937156e-04
4.175595e+01 4.860416e-04 4.986154e-04 4.742323e-04 4.852770e-04
4.180492e+01 4.776840e-04 4.843563e-04 4.721051e-04 4.765907e-04
4.185389e+01 4.706227e-04 4.730607e-04 4.716223e-04 4.671853e-04
4.190286e+01 4.643456e-04 4.644504e-04 4.716486e-04 4.569379e-04
4.195183e+01 4.583648e-04 4.579956e-04 4.711259e-04 4.459728e-04
4.200080e+01 4.522560e-04 4.529902e-04 4.692591e-04 4.345189e-04
4.204977e+01 4.456864e-04 4.486640e-04 4.656116e-04 4.227837e-04
4.209874e+01 4.384313e-04 4.443054e-04 4.601042e-04 4.108843e-04
4.214771e+01 4.303830e-04 4.393668e-04 4.529368e-04 3.988453e-04
4.219668e+01 4.215466e-04 4.335226e-04 4.444735e-04 3.866439e-04
4.224565e+01 4.120207e-04 4.266681e-04 4.351266e-04 3.742674e-04
4.229463e+01 4.019591e-04 4.188625e-04 4.252632e-04 3.617515e-04
4.234360e+01 3.915244e-04 4.102434e-04 4.151440e-04 3.491857e-04
4.239257e+01 3.808466e-04 4.009482e-04 4.048982e-04 3.366932e-04
4.244154e+01 3.700035e-04 3.910719e-04 3.945340e-04 3.244047e-04
4.249051e+01 3.590301e-04 3.806681e-04 3.839794e-04 3.124430e-04
4.253948e+01 3.479492e-04 3.697793e-04 3.731450e-04 3.009234e-04
4.258845e+01 3.368075e-04 3.584693e-04 3.619908e-04 2.899624e-04
4.263742e+01 3.256971e-04 3.468343e-04 3.505749e-04 2.796819e-04
4.268639e+01 3.147532e-04 3.349908e-04 3.390689e-04 2.701998e-04
4.273536e+01 3.041316e-04 3.230531e-04 3.277316e-04 2.616100e-04
4.278433e+01 2.939790e-04 3.111221e-04 3.168531e-04 2.539617e-04
4.283330e+01 2.844126e-04 2.992967e-04 3.066921e-04 2.472491e-04
4.288227e+01 2.755184e-04 2.877030e-04 2.974324e-04 2.414198e-04
4.293124e+01 2.673641e-04 2.765232e-04 2.891745e-04 2.363945e-04
4.298021e+01 2.600193e-04 2.660025e-04 2.819630e-04 2.320926e-04
4.302918e+01 2.535674e-04 2.564240e-04 2.758316e-04 2.284466e-04
4.307816e+01 2.481007e-04 2.480566e-04 2.708419e-04 2.254037e-04
4.312713e+01 2.437002e-04 2.410939e-04 2.670952e-04 2.229115e-04
4.317610e+01 2.404040e-04 2.356072e-04 2.647077e-04 2.208970e-04
4.322507e+01 2.381768e-04 2.315269e-04 2.637553e-04 2.192482e-04
4.327404e+01 2.368904e-04 2.286547e-04 2.642095e-04 2.178071e-04
4.332301e+01 2.363216e-04 2.266989e-04 2.658869e-04 2.163788e-04
4.337198e+01 2.361699e-04 2.253186e-04 2.684361e-04 2.147551e-04
4.342095e+01 2.360932e-04 2.241631e-04 2.713697e-04 2.127468e-04
4.346992e+01 2.357518e-04 2.229045e-04 2.741357e-04 2.102152e-04
4.351889e+01 2.348540e-04 2.212621e-04 2.762072e-04 2.070928e-04
4.356786e+01 2.331922e-04 2.190244e-04 2.771646e-04 2.033877e-04
4.361683e+01 2.306658e-04 2.160723e-04 2.767511e-04 1.991739e-04
4.366580e+01 2.272890e-04 2.123997e-04 2.748929e-04 1.945745e-04
4.371477e+01 2.231868e-04 2.081254e-04 2.716881e-04 1.897468e-04
4.376374e+01 2.185773e-04 2.034833e-04 2.673733e-04 1.848753e-04
4.381271e+01 2.137460e-04 1.987888e-04 2.622780e-04 1.801712e-04
4.386168e+01 2.090082e-04 1.943795e-04 2.567762e-04 1.758689e-04
4.391066e+01 2.046669e-04 1.905468e-04 2.512423e-04 1.722115e-04
4.395963e+01 2.009716e-04 1.874761e-04 2.460198e-04 1.694188e-04
4.400860e+01 1.980878e-04 1.852127e-04 2.414077e-04 1.676431e-04
4.405757e+01 1.960853e-04 1.836648e-04 2.376648e-04 1.669263e-04
4.410654e+01 1.949452e-04 1.826370e-04 2.350236e-04 1.671750e-04
4.415551e+01 1.945832e-04 1.818828e-04 2.336993e-04 1.681676e-04
4.420448e+01 1.948765e-04 1.811584e-04 2.338788e-04 1.695923e-04
4.425345e+01 1.956846e-04 1.802632e-04 2.356819e-04 1.711088e-04
4.430242e+01 1.968589e-04 1.790632e-04 2.391034e-04 1.724101e-04
4.435139e+01 1.982419e-04 1.774981e-04 2.439568e-04 1.732708e-04
4.440036e+01 1.996635e-04 1.755767e-04 2.498470e-04 1.735669e-04
4.444933e+01 2.009434e-04 1.733647e-04 2.561950e-04 1.732705e-04
4.449830e+01 2.019035e-04 1.709654e-04 2.623207e-04 1.724245e-04
4.454727e+01 2.023905e-04 1.684952e-04 2.675666e-04 1.711098e-04
4.459624e+01 2.022997e-04 1.660569e-04 2.714290e-04 1.694133e-04
4.464521e+01 2.015925e-04 1.637203e-04 2.736536e-04 1.674037e-04
4.469418e+01 2.002991e-04 1.615176e-04 2.742621e-04 1.651176e-04
4.474316e+01 1.985057e-04 1.594569e-04 2.735017e-04 1.625586e-04
4.479213e+01 1.963294e-04 1.575464e-04 2.717350e-04 1.597067e-04
4.484110e+01 1.938889e-04 1.558170e-04 2.693124e-04 1.565373e-04
4.489007e+01 1.912796e-04 1.543265e-04 2.664694e-04 1.530430e-04
4.493904e+01 1.885584e-04 1.531416e-04 2.632815e-04 1.492522e-04
4.498801e+01 1.857395e-04 1.523009e-04 2.596785e-04 1.452389e-04
4.503698e+01 1.827986e-04 1.517781e-04 2.554993e-04 1.411183e-04
4.508595e+01 1.796821e-04 1.514610e-04 2.505571e-04 1.370283e-04
4.513492e+01 1.763170e-04 1.511593e-04 2.446906e-04 1.331012e-04
4.518389e+01 1.726197e-04 1.506362e-04 2.377896e-04 1.294333e-04
4.523286e+01 1.685059e-04 1.496540e-04 2.298029e-04 1.260608e-04
4.528183e+01 1.639012e-04 1.480159e-04 2.207374e-04 1.229504e-04
4.533080e+01 1.587538e-04 1.455939e-04 2.106583e-04 1.200091e-04
4.537977e+01 1.530472e-04 1.423396e-04 1.996920e-04 1.171101e-04
4.542874e+01 1.468110e-04 1.382799e-04 1.880249e-04 1.141281e-04
4.547771e+01 1.401243e-04 1.335064e-04 1.758942e-04 1.109723e-04
4.552669e+01 1.331108e-04 1.281585e-04 1.635687e-04 1.076053e-04
4.557566e+01 1.259241e-04 1.224055e-04 1.513233e-04 1.040434e-04
4.562463e+01 1.187272e-04 1.164273e-04 1.394159e-04 1.003384e-04
4.567360e+01 1.116732e-04 1.103955e-04 1.280724e-04 9.655157e-05
4.572257e+01 1.048923e-04 1.044614e-04 1.174822e-04 9.273323e-05
4.577154e+01 9.849054e-05 9.875067e-05 1.078028e-04 8.891816e-05
4.582051e+01 9.256013e-05 9.336803e-05 9.917052e-05 8.514184e-05
4.586948e+01 8.719605e-05 8.840585e-05 9.171165e-05 8.147066e-05
4.591845e+01 8.251091e-05 8.395141e-05 8.554981e-05 7.803150e-05
4.596742e+01 7.863767e-05 8.008652e-05 8.080417e-05 7.502232e-05
4.601639e+01 7.571299e-05 7.687673e-05 7.757280e-05 7.268943e-05
4.606536e+01 7.383933e-05 7.435148e-05 7.589852e-05 7.126800e-05
4.611433e+01 7.303240e-05 7.247979e-05 7.572066e-05 7.089676e-05
4.616330e+01 7.316823e-05 7.114856e-05 7.682476e-05 7.153138e-05
4.621227e+01 7.394958e-05 7.015128e-05 7.880932e-05 7.288814e-05
4.626124e+01 7.491041e-05 6.919462e-05 8.109060e-05 7.444601e-05
4.631021e+01 7.546912e-05 6.792819e-05 8.295901e-05 7.552015e-05
4.635919e+01 7.502633e-05 6.599699e-05 8.368495e-05 7.539705e-05
4.640816e+01 7.308652e-05 6.310843e-05 8.265335e-05 7.349777e-05
4.645713e+01 6.937009e-05 5.909775e-05 7.949111e-05 6.952141e-05
4.650610e+01 6.388154e-05 5.397214e-05 7.414923e-05 6.352324e-05
4.655507e+01 5.691103e-05 4.791797e-05 6.691299e-05 5.590213e-05
4.660404e+01 4.896842e-05 4.126653e-05 5.833623e-05 4.730251e-05
4.665301e+01 4.067070e-05 3.442776e-05 4.911993e-05 3.846441e-05
4.670198e+01 3.261765e-05 2.781163e-05 3.997146e-05 3.006985e-05
4.675095e+01 2.529025e-05 2.175927e-05 3.148306e-05 2.262842e-05
4.679992e+01 1.899405e-05 1.649998e-05 2.405675e-05 1.642541e-05
4.684889e+01 1.385201e-05 1.213975e-05 1.788477e-05 1.153152e-05
4.689786e+01 9.835997e-06 8.676257e-06 1.297712e-05 7.854613e-06
4.694683e+01 6.817936e-06 6.029694e-06 9.216486e-06 5.207629e-06
4.699580e+01 4.622371e-06 4.077208e-06 6.419379e-06 3.370527e-06
4.704477e+01 3.067793e-06 2.682427e-06 4.386916e-06 2.134036e-06
4.709374e+01 1.992024e-06 1.715760e-06 2.937488e-06 1.322823e-06
4.714271e+01 1.262977e-06 1.065334e-06 1.921372e-06 8.022246e-07
4.719169e+01 7.793426e-07 6.407229e-07 1.222348e-06 4.749568e-07
4.724066e+01 4.661880e-07 3.722787e-07 7.526574e-07 2.736279e-07
4.728963e+01 2.691789e-07 2.083712e-07 4.463684e-07 1.527972e-07
4.733860e+01 1.494077e-07 1.120282e-07 2.538308e-07 8.236410e-08
4.738757e+01 7.942083e-08 5.769615e-08 1.378768e-07 4.268956e-08
4.743654e+01 4.030231e-08 2.839290e-08 7.131435e-08 2.119968e-08
4.748551e+01 1.947159e-08 1.332165e-08 3.503685e-08 1.005627e-08
4.753448e+01 8.937379e-09 5.947885e-09 1.631924e-08 4.545007e-09
4.758345e+01 3.890499e-09 2.523015e-09 7.195464e-09 1.953017e-09
4.763242e+01 1.603967e-09 1.015406e-09 2.999937e-09 7.965566e-10
4.768139e+01 6.255527e-10 3.872354e-10 1.181553e-09 3.078697e-10
4.773036e+01 2.306231e-10 1.398051e-10 4.394118e-10 1.126525e-10
4.777933e+01 8.031585e-11 4.776650e-11 1.541624e-10 3.901861e-11
4.782830e+01 2.639629e-11 1.540447e-11 5.102573e-11 1.275867e-11
4.787727e+01 8.186634e-12 4.693292e-12 1.592019e-11 3.946420e-12
4.792624e+01 2.389423e-12 1.350974e-12 4.674399e-12 1.142897e-12
4.797522e+01 6.597406e-13 3.662414e-13 1.297555e-12 3.154253e-13
4.802419e+01 1.687018e-13 8.849403e-14 3.373057e-13 8.030552e-14
4.807316e+01 3.995500e-14 2.094014e-14 8.098326e-14 1.794161e-14
4.812213e+01 2.037996e-15 5.186663e-16 3.975057e-15 1.620265e-15
4.817110e+01 0.000000e+00 0.000000e+00 0.000000e+00 0.000000e+00
4.822007e+01 0.000000e+00 0.000000e+00 0.000000e+00 0.000000e+00
4.826904e+01 0.000000e+00 0.000000e+00 0.000000e+00 0.000000e+00
4.831801e+01 0.000000e+00 0.000000e+00 0.000000e+00 0.000000e+00
4.836698e+01 0.000000e+00 0.000000e+00 0.000000e+00 0.000000e+00
4.841595e+01 0.000000e+00 0.000000e+00 0.000000e+00 0.000000e+00
4.846492e+01 0.000000e+00 0.000000e+00 0.000000e+00 0.000000e+00
4.851389e+01 0.000000e+00 0.000000e+00 0.000000e+00 0.000000e+00
4.856286e+01 0.000000e+00 0.000000e+00 0.000000e+00 0.000000e+00
4.861183e+01 0.000000e+00 0.000000e+00 0.000000e+00 0.000000e+00
4.866080e+01 0.000000e+00 0.000000e+00 0.000000e+00 0.000000e+00
4.870977e+01 0.000000e+00 0.000000e+00 0.000000e+00 0.000000e+00
4.875874e+01 0.000000e+00 0.000000e+00 0.000000e+00 0.000000e+00
4.880772e+01 0.000000e+00 0.000000e+00 0.000000e+00 0.000000e+00
4.885669e+01 0.000000e+00 0.000000e+00 0.000000e+00 0.000000e+00
4.890566e+01 0.000000e+00 0.000000e+00 0.000000e+00 0.000000e+00
4.895463e+01 0.000000e+00 0.000000e+00 0.000000e+00 0.000000e+00
4.900360e+01 0.000000e+00 0.000000e+00 0.000000e+00 0.000000e+00
4.905257e+01 0.000000e+00 0.000000e+00 0.000000e+00 0.000000e+00
4.910154e+01 0.000000e+00 0.000000e+00 0.000000e+00 0.000000e+00
4.915051e+01 0.000000e+00 0.000000e+00 0.000000e+00 0.000000e+00
4.919948e+01 0.000000e+00 0.000000e+00 0.000000e+00 0.000000e+00
4.924845e+01 0.000000e+00 0.000000e+00 0.000000e+00 0.000000e+00
4.929742e+01 0.000000e+00 0.000000e+00 0.000000e+00 0.000000e+00
4.934639e+01 0.000000e+00 0.000000e+00 0.000000e+00 0.000000e+00
4.939536e+01 0.000000e+00 0.000000e+00 0.000000e+00 0.000000e+00
4.944433e+01 0.000000e+00 0.000000e+00 0.000000e+00 0.000000e+00
4.949330e+01 0.000000e+00 0.000000e+00 0.000000e+00 0.000000e+00
4.954227e+01 0.000000e+00 0.000000e+00 0.000000e+00 0.000000e+00
4.959124e+01 0.000000e+00 0.000000e+00 0.000000e+00 0.000000e+00
4.964022e+01 0.000000e+00 0.000000e+00 0.000000e+00 0.000000e+00
4.968919e+01 0.000000e+00 0.000000e+00 0.000000e+00 0.000000e+00
4.973816e+01 0.000000e+00 0.000000e+00 0.000000e+00 0.000000e+00
4.978713e+01 0.000000e+00 0.000000e+00 0.000000e+00 0.000000e+00
4.983610e+01 0.000000e+00 0.000000e+00 0.000000e+00 0.000000e+00
4.988507e+01 0.000000e+00 0.000000e+00 0.000000e+00 0.000000e+00
4.993404e+01 0.000000e+00 0.000000e+00 0.000000e+00 0.000000e+00
4.998301e+01 0.000000e+00 0.000000e+00 0.000000e+00 0.000000e+00
5.003198e+01 0.000000e+00 0.000000e+00 0.000000e+00 0.000000e+00
5.008095e+01 0.000000e+00 0.000000e+00 0.000000e+00 0.000000e+00
5.012992e+01 0.000000e+00 0.000000e+00 0.000000e+00 0.000000e+00
5.017889e+01 0.000000e+00 0.000000e+00 0.000000e+00 0.000000e+00
5.022786e+01 0.000000e+00 0.000000e+00 0.000000e+00 0.000000e+00
5.027683e+01 0.000000e+00 0.000000e+00 0.000000e+00 0.000000e+00
5.032580e+01 0.000000e+00 0.000000e+00 0.000000e+00 0.000000e+00
5.037477e+01 0.000000e+00 0.000000e+00 0.000000e+00 0.000000e+00
5.042375e+01 0.000000e+00 0.000000e+00 0.000000e+00 0.000000e+00
5.047272e+01 0.000000e+00 0.000000e+00 0.000000e+00 0.000000e+00
5.052169e+01 0.000000e+00 0.000000e+00 0.000000e+00 0.000000e+00
5.057066e+01 0.000000e+00 0.000000e+00 0.000000e+00 0.000000e+00
5.061963e+01 0.000000e+00 0.000000e+00 0.000000e+00 0.000000e+00
5.066860e+01 0.000000e+00 0.000000e+00 0.000000e+00 0.000000e+00
5.071757e+01 0.000000e+00 0.000000e+00 0.000000e+00 0.000000e+00
5.076654e+01 0.000000e+00 0.000000e+00 0.000000e+00 0.000000e+00
5.081551e+01 0.000000e+00 0.000000e+00 0.000000e+00 0.000000e+00
5.086448e+01 0.000000e+00 0.000000e+00 0.000000e+00 0.000000e+00
5.091345e+01 0.000000e+00 0.000000e+00 0.000000e+00 0.000000e+00
5.096242e+01 0.000000e+00 0.000000e+00 0.000000e+00 0.000000e+00
5.101139e+01 0.000000e+00 0.000000e+00 0.000000e+00 0.000000e+00
5.106036e+01 0.000000e+00 0.000000e+00 0.000000e+00 0.000000e+00
5.110933e+01 0.000000e+00 0.000000e+00 0.000000e+00 0.000000e+00
5.115830e+01 0.000000e+00 0.000000e+00 0.000000e+00 0.000000e+00
5.120727e+01 0.000000e+00 0.000000e+00 0.000000e+00 0.000000e+00
5.125625e+01 0.000000e+00 0.000000e+00 0.000000e+00 0.000000e+00
5.130522e+01 0.000000e+00 0.000000e+00 0.000000e+00 0.000000e+00
5.135419e+01 0.000000e+00 0.000000e+00 0.000000e+00 0.000000e+00
5.140316e+01 0.000000e+00 0.000000e+00 0.000000e+00 0.000000e+00
5.145213e+01 0.000000e+00 0.000000e+00 0.000000e+00 0.000000e+00
5.150110e+01 0.000000e+00 0.000000e+00 0.000000e+00 0.000000e+00
5.155007e+01 0.000000e+00 0.000000e+00 0.000000e+00 0.000000e+00
5.159904e+01 0.000000e+00 0.000000e+00 0.000000e+00 0.000000e+00
5.164801e+01 0.000000e+00 0.000000e+00 0.000000e+00 0.000000e+00
5.169698e+01 0.000000e+00 0.000000e+00 0.000000e+00 0.000000e+00
5.174595e+01 0.000000e+00 0.000000e+00 0.000000e+00 0.000000e+00
5.179492e+01 0.000000e+00 0.000000e+00 0.000000e+00 0.000000e+00
5.184389e+01 0.000000e+00 0.000000e+00 0.000000e+00 0.000000e+00
5.189286e+01 0.000000e+00 0.000000e+00 0.000000e+00 0.000000e+00
5.194183e+01 0.000000e+00 0.000000e+00 0.000000e+00 0.000000e+00
5.199080e+01 0.000000e+00 0.000000e+00 0.000000e+00 0.000000e+00
5.203977e+01 0.000000e+00 0.000000e+00 0.000000e+00 0.000000e+00
5.208875e+01 0.000000e+00 0.000000e+00 0.000000e+00 0.000000e+00
5.213772e+01 0.000000e+00 0.000000e+00 0.000000e+00 0.000000e+00
5.218669e+01 0.000000e+00 0.000000e+00 0.000000e+00 0.000000e+00
5.223566e+01 0.000000e+00 0.000000e+00 0.000000e+00 0.000000e+00
5.228463e+01 0.000000e+00 0.000000e+00 0.000000e+00 0.000000e+00
5.233360e+01 0.000000e+00 0.000000e+00 0.000000e+00 0.000000e+00
5.238257e+01 0.000000e+00 0.000000e+00 0.000000e+00 0.000000e+00
5.243154e+01 0.000000e+00 0.000000e+00 0.000000e+00 0.000000e+00
5.248051e+01 0.000000e+00 0.000000e+00 0.000000e+00 0.000000e+00
5.252948e+01 0.000000e+00 0.000000e+00 0.000000e+00 0.000000e+00
5.257845e+01 0.000000e+00 0.000000e+00 0.000000e+00 0.000000e+00
5.262742e+01 0.000000e+00 0.000000e+00 0.000000e+00 0.000000e+00
5.267639e+01 0.000000e+00 0.000000e+00 0.000000e+00 0.000000e+00
5.272536e+01 0.000000e+00 0.000000e+00 0.000000e+00 0.000000e+00
5.277433e+01 0.000000e+00 0.000000e+00 0.000000e+00 0.000000e+00
5.282330e+01 0.000000e+00 0.000000e+00 0.000000e+00 0.000000e+00
5.287228e+01 0.000000e+00 0.000000e+00 0.000000e+00 0.000000e+00
5.292125e+01 0.000000e+00 0.000000e+00 0.000000e+00 0.000000e+00
5.297022e+01 0.000000e+00 0.000000e+00 0.000000e+00 0.000000e+00
5.301919e+01 0.000000e+00 0.000000e+00 0.000000e+00 0.000000e+00
5.306816e+01 0.000000e+00 0.000000e+00 0.000000e+00 0.000000e+00
5.311713e+01 0.000000e+00 0.000000e+00 0.000000e+00 0.000000e+00
5.316610e+01 0.000000e+00 0.000000e+00 0.000000e+00 0.000000e+00
5.321507e+01 0.000000e+00 0.000000e+00 0.000000e+00 0.000000e+00
5.326404e+01 0.000000e+00 0.000000e+00 0.000000e+00 0.000000e+00
5.331301e+01 0.000000e+00 0.000000e+00 0.000000e+00 0.000000e+00
5.336198e+01 0.000000e+00 0.000000e+00 0.000000e+00 0.000000e+00
5.341095e+01 0.000000e+00 0.000000e+00 0.000000e+00 0.000000e+00
5.345992e+01 0.000000e+00 0.000000e+00 0.000000e+00 0.000000e+00
5.350889e+01 0.000000e+00 0.000000e+00 0.000000e+00 0.000000e+00
5.355786e+01 0.000000e+00 0.000000e+00 0.000000e+00 0.000000e+00
5.360683e+01 0.000000e+00 0.000000e+00 0.000000e+00 0.000000e+00
5.365580e+01 0.000000e+00 0.000000e+00 0.000000e+00 0.000000e+00
5.370478e+01 0.000000e+00 0.000000e+00 0.000000e+00 0.000000e+00
5.375375e+01 0.000000e+00 0.000000e+00 0.000000e+00 0.000000e+00
5.380272e+01 0.000000e+00 0.000000e+00 0.000000e+00 0.000000e+00
5.385169e+01 0.000000e+00 0.000000e+00 0.000000e+00 0.000000e+00
5.390066e+01 0.000000e+00 0.000000e+00 0.000000e+00 0.000000e+00
5.394963e+01 0.000000e+00 0.000000e+00 0.000000e+00 0.000000e+00
5.399860e+01 0.000000e+00 0.000000e+00 0.000000e+00 0.000000e+00
5.404757e+01 0.000000e+00 0.000000e+00 0.000000e+00 0.000000e+00
5.409654e+01 0.000000e+00 0.000000e+00 0.000000e+00 0.000000e+00
5.414551e+01 0.000000e+00 0.000000e+00 0.000000e+00 0.000000e+00
5.419448e+01 0.000000e+00 0.000000e+00 0.000000e+00 0.000000e+00
5.424345e+01 0.000000e+00 0.000000e+00 0.000000e+00 0.000000e+00
5.429242e+01 0.000000e+00 0.000000e+00 0.000000e+00 0.000000e+00
5.434139e+01 0.000000e+00 0.000000e+00 0.000000e+00 0.000000e+00
5.439036e+01 0.000000e+00 0.000000e+00 0.000000e+00 0.000000e+00
5.443933e+01 0.000000e+00 0.000000e+00 0.000000e+00 0.000000e+00
5.448830e+01 0.000000e+00 0.000000e+00 0.000000e+00 0.000000e+00
5.453728e+01 0.000000e+00 0.000000e+00 0.000000e+00 0.000000e+00
5.458625e+01 0.000000e+00 0.000000e+00 0.000000e+00 0.000000e+00
5.463522e+01 0.000000e+00 0.000000e+00 0.000000e+00 0.000000e+00
5.468419e+01 0.000000e+00 0.000000e+00 0.000000e+00 0.000000e+00
5.473316e+01 0.000000e+00 0.000000e+00 0.000000e+00 0.000000e+00
5.478213e+01 0.000000e+00 0.000000e+00 0.000000e+00 0.000000e+00
5.483110e+01 0.000000e+00 0.000000e+00 0.000000e+00 0.000000e+00
5.488007e+01 0.000000e+00 0.000000e+00 0.000000e+00 0.000000e+00
5.492904e+01 0.000000e+00 0.000000e+00 0.000000e+00 0.000000e+00
5.497801e+01 0.000000e+00 0.000000e+00 0.000000e+00 0.000000e+00
5.502698e+01 0.000000e+00 0.000000e+00 0.000000e+00 0.000000e+00
5.507595e+01 0.000000e+00 0.000000e+00 0.000000e+00 0.000000e+00
5.512492e+01 0.000000e+00 0.000000e+00 0.000000e+00 0.000000e+00
5.517389e+01 0.000000e+00 0.000000e+00 0.000000e+00 0.000000e+00
5.522286e+01 0.000000e+00 0.000000e+00 0.000000e+00 0.000000e+00
5.527183e+01 0.000000e+00 0.000000e+00 0.000000e+00 0.000000e+00
5.532081e+01 0.000000e+00 0.000000e+00 0.000000e+00 0.000000e+00
5.536978e+01 0.000000e+00 0.000000e+00 0.000000e+00 0.000000e+00
5.541875e+01 0.000000e+00 0.000000e+00 0.000000e+00 0.000000e+00
5.546772e+01 0.000000e+00 0.000000e+00 0.000000e+00 0.000000e+00
5.551669e+01 0.000000e+00 0.000000e+00 0.000000e+00 0.000000e+00
5.556566e+01 0.000000e+00 0.000000e+00 0.000000e+00 0.000000e+00
5.561463e+01 0.000000e+00 0.000000e+00 0.000000e+00 0.000000e+00
5.566360e+01 0.000000e+00 0.000000e+00 0.000000e+00 0.000000e+00
5.571257e+01 0.000000e+00 0.000000e+00 0.000000e+00 0.000000e+00
5.576154e+01 0.000000e+00 0.000000e+00 0.000000e+00 0.000000e+00
5.581051e+01 0.000000e+00 0.000000e+00 0.000000e+00 0.000000e+00
5.585948e+01 0.000000e+00 0.000000e+00 0.000000e+00 0.000000e+00
5.590845e+01 0.000000e+00 0.000000e+00 0.000000e+00 0.000000e+00
5.595742e+01 0.000000e+00 0.000000e+00 0.000000e+00 0.000000e+00
5.600639e+01 0.000000e+00 0.000000e+00 0.000000e+00 0.000000e+00
5.605536e+01 0.000000e+00 0.000000e+00 0.000000e+00 0.000000e+00
5.610433e+01 0.000000e+00 0.000000e+00 0.000000e+00 0.000000e+00
5.615331e+01 0.000000e+00 0.000000e+00 0.000000e+00 0.000000e+00
5.620228e+01 0.000000e+00 0.000000e+00 0.000000e+00 0.000000e+00
5.625125e+01 0.000000e+00 0.000000e+00 0.000000e+00 0.000000e+00
5.630022e+01 0.000000e+00 0.000000e+00 0.000000e+00 0.000000e+00
5.634919e+01 0.000000e+00 0.000000e+00 0.000000e+00 0.000000e+00
5.639816e+01 0.000000e+00 0.000000e+00 0.000000e+00 0.000000e+00
5.644713e+01 0.000000e+00 0.000000e+00 0.000000e+00 0.000000e+00
