7.095501e+00 0.000000e+00 0.000000e+00 0.000000e+00 0.000000e+00
7.147501e+00 0.000000e+00 0.000000e+00 0.000000e+00 0.000000e+00
7.199501e+00 0.000000e+00 0.000000e+00 0.000000e+00 0.000000e+00
7.251501e+00 0.000000e+00 0.000000e+00 0.000000e+00 0.000000e+00
7.303501e+00 0.000000e+00 0.000000e+00 0.000000e+00 0.000000e+00
7.355501e+00 0.000000e+00 0.000000e+00 0.000000e+00 0.000000e+00
7.407501e+00 0.000000e+00 0.000000e+00 0.000000e+00 0.000000e+00
7.459501e+00 0.000000e+00 0.000000e+00 0.000000e+00 0.000000e+00
7.511501e+00 0.000000e+00 0.000000e+00 0.000000e+00 0.000000e+00
7.563501e+00 0.000000e+00 0.000000e+00 0.000000e+00 0.000000e+00
7.615501e+00 0.000000e+00 0.000000e+00 0.000000e+00 0.000000e+00
7.667501e+00 0.000000e+00 0.000000e+00 0.000000e+00 0.000000e+00
7.719501e+00 0.000000e+00 0.000000e+00 0.000000e+00 0.000000e+00
7.771501e+00 0.000000e+00 0.000000e+00 0.000000e+00 0.000000e+00
7.823501e+00 0.000000e+00 0.000000e+00 0.000000e+00 0.000000e+00
7.875501e+00 0.000000e+00 0.000000e+00 0.000000e+00 0.000000e+00
7.927501e+00 0.000000e+00 0.000000e+00 0.000000e+00 0.000000e+00
7.979501e+00 0.000000e+00 0.000000e+00 0.000000e+00 0.000000e+00
8.031501e+00 0.000000e+00 0.000000e+00 0.000000e+00 0.000000e+00
8.083501e+00 0.000000e+00 0.000000e+00 0.000000e+00 0.000000e+00
8.135501e+00 0.000000e+00 0.000000e+00 0.000000e+00 0.000000e+00
8.187501e+00 0.000000e+00 0.000000e+00 0.000000e+00 0.000000e+00
8.239501e+00 0.000000e+00 0.000000e+00 0.000000e+00 0.000000e+00
8.291501e+00 0.000000e+00 0.000000e+00 0.000000e+00 0.000000e+00
8.343501e+00 0.000000e+00 0.000000e+00 0.000000e+00 0.000000e+00
8.395501e+00 0.000000e+00 0.000000e+00 0.000000e+00 0.000000e+00
8.447501e+00 0.000000e+00 0.000000e+00 0.000000e+00 0.000000e+00
8.499501e+00 0.000000e+00 0.000000e+00 0.000000e+00 0.000000e+00
8.551501e+00 0.000000e+00 0.000000e+00 0.000000e+00 0.000000e+00
8.603501e+00 0.000000e+00 0.000000e+00 0.000000e+00 0.000000e+00
8.655501e+00 0.000000e+00 0.000000e+00 0.000000e+00 0.000000e+00
8.707501e+00 0.000000e+00 0.000000e+00 0.000000e+00 0.000000e+00
8.759501e+00 0.000000e+00 0.000000e+00 0.000000e+00 0.000000e+00
8.811501e+00 0.000000e+00 0.000000e+00 0.000000e+00 0.000000e+00
8.863501e+00 0.000000e+00 0.000000e+00 0.000000e+00 0.000000e+00
8.915501e+00 0.000000e+00 0.000000e+00 0.000000e+00 0.000000e+00
8.967501e+00 0.000000e+00 0.000000e+00 0.000000e+00 0.000000e+00
9.019501e+00 0.000000e+00 0.000000e+00 0.000000e+00 0.000000e+00
9.071501e+00 0.000000e+00 0.000000e+00 0.000000e+00 0.000000e+00
9.123501e+00 0.000000e+00 0.000000e+00 0.000000e+00 0.000000e+00
9.175501e+00 0.000000e+00 0.000000e+00 0.000000e+00 0.000000e+00
9.227501e+00 0.000000e+00 0.000000e+00 0.000000e+00 0.000000e+00
9.279501e+00 0.000000e+00 0.000000e+00 0.000000e+00 0.000000e+00
9.331501e+00 0.000000e+00 0.000000e+00 0.000000e+00 0.000000e+00
9.383501e+00 0.000000e+00 0.000000e+00 0.000000e+00 0.000000e+00
9.435501e+00 0.000000e+00 0.000000e+00 0.000000e+00 0.000000e+00
9.487501e+00 0.000000e+00 0.000000e+00 0.000000e+00 0.000000e+00
9.539501e+00 0.000000e+00 0.000000e+00 0.000000e+00 0.000000e+00
9.591501e+00 0.000000e+00 0.000000e+00 0.000000e+00 0.000000e+00
9.643501e+00 0.000000e+00 0.000000e+00 0.000000e+00 0.000000e+00
9.695501e+00 0.000000e+00 0.000000e+00 0.000000e+00 0.000000e+00
9.747501e+00 0.000000e+00 0.000000e+00 0.000000e+00 0.000000e+00
9.799501e+00 0.000000e+00 0.000000e+00 0.000000e+00 0.000000e+00
9.851501e+00 0.000000e+00 0.000000e+00 0.000000e+00 0.000000e+00
9.903501e+00 0.000000e+00 0.000000e+00 0.000000e+00 0.000000e+00
9.955501e+00 0.000000e+00 0.000000e+00 0.000000e+00 0.000000e+00
1.000750e+01 0.000000e+00 0.000000e+00 0.000000e+00 0.000000e+00
1.005950e+01 0.000000e+00 0.000000e+00 0.000000e+00 0.000000e+00
1.011150e+01 0.000000e+00 0.000000e+00 0.000000e+00 0.000000e+00
1.016350e+01 0.000000e+00 0.000000e+00 0.000000e+00 0.000000e+00
1.021550e+01 0.000000e+00 0.000000e+00 0.000000e+00 0.000000e+00
1.026750e+01 0.000000e+00 0.000000e+00 0.000000e+00 0.000000e+00
1.031950e+01 0.000000e+00 0.000000e+00 0.000000e+00 0.000000e+00
1.037150e+01 0.000000e+00 0.000000e+00 0.000000e+00 0.000000e+00
1.042350e+01 0.000000e+00 0.000000e+00 0.000000e+00 0.000000e+00
1.047550e+01 0.000000e+00 0.000000e+00 0.000000e+00 0.000000e+00
1.052750e+01 0.000000e+00 0.000000e+00 0.000000e+00 0.000000e+00
1.057950e+01 0.000000e+00 0.000000e+00 0.000000e+00 0.000000e+00
1.063150e+01 0.000000e+00 0.000000e+00 0.000000e+00 0.000000e+00
1.068350e+01 0.000000e+00 0.000000e+00 0.000000e+00 0.000000e+00
1.073550e+01 0.000000e+00 0.000000e+00 0.000000e+00 0.000000e+00
1.078750e+01 0.000000e+00 0.000000e+00 0.000000e+00 0.000000e+00
1.083950e+01 0.000000e+00 0.000000e+00 0.000000e+00 0.000000e+00
1.089150e+01 0.000000e+00 0.000000e+00 0.000000e+00 0.000000e+00
1.094350e+01 3.388468e-15 2.716167e-15 5.362868e-15 2.086369e-15
1.099550e+01 1.550834e-14 1.243135e-14 2.454477e-14 9.548895e-15
1.104750e+01 1.136669e-13 9.784763e-14 1.650602e-13 7.809296e-14
1.109950e+01 4.810442e-13 4.161350e-13 6.932144e-13 3.337833e-13
1.115150e+01 2.098385e-12 1.842568e-12 2.948381e-12 1.504208e-12
1.120350e+01 7.969316e-12 7.040106e-12 1.107772e-11 5.790126e-12
1.125550e+01 2.876831e-11 2.558107e-11 3.947961e-11 2.124424e-11
1.130750e+01 9.720750e-11 8.697927e-11 1.318111e-10 7.283209e-11
1.135950e+01 3.098191e-10 2.788709e-10 4.150404e-10 2.355459e-10
1.141150e+01 9.306834e-10 8.424770e-10 1.231604e-09 7.179697e-10
1.146350e+01 2.637050e-09 2.400054e-09 3.447264e-09 2.063833e-09
1.151550e+01 7.052549e-09 6.451689e-09 9.108018e-09 5.597940e-09
1.156750e+01 1.781053e-08 1.637180e-08 2.272779e-08 1.433201e-08
1.161950e+01 4.249394e-08 3.923744e-08 5.359679e-08 3.464760e-08
1.167150e+01 9.584563e-08 8.887110e-08 1.195339e-07 7.913192e-08
1.172350e+01 2.045189e-07 1.903697e-07 2.523370e-07 1.708498e-07
1.177550e+01 4.132417e-07 3.860205e-07 5.047187e-07 3.489860e-07
1.182750e+01 7.915315e-07 7.417980e-07 9.576965e-07 6.750999e-07
1.187950e+01 1.439181e-06 1.352751e-06 1.726459e-06 1.238334e-06
1.193150e+01 2.488032e-06 2.344871e-06 2.962072e-06 2.157155e-06
1.198350e+01 4.097538e-06 3.870971e-06 4.846540e-06 3.575103e-06
1.203550e+01 6.442610e-06 6.099025e-06 7.579856e-06 5.648949e-06
1.208750e+01 9.693871e-06 9.192936e-06 1.135931e-05 8.529367e-06
1.213950e+01 1.399184e-05 1.328718e-05 1.635243e-05 1.233592e-05
1.219150e+01 1.941691e-05 1.845725e-05 2.266466e-05 1.712881e-05
1.224350e+01 2.595633e-05 2.468742e-05 3.030203e-05 2.287953e-05
1.229550e+01 3.346972e-05 3.183784e-05 3.912910e-05 2.944223e-05
1.234750e+01 4.165736e-05 3.961534e-05 4.882700e-05 3.652976e-05
1.239950e+01 5.004155e-05 4.755815e-05 5.886374e-05 4.370275e-05
1.245150e+01 5.797684e-05 5.504914e-05 6.849676e-05 5.038462e-05
1.250350e+01 6.470528e-05 6.137254e-05 7.682833e-05 5.591497e-05
1.255550e+01 6.946292e-05 6.582013e-05 8.292374e-05 5.964488e-05
1.260750e+01 7.162658e-05 6.783742e-05 8.598071e-05 6.106161e-05
1.265950e+01 7.087197e-05 6.718484e-05 8.551624e-05 5.991482e-05
1.271150e+01 6.730601e-05 6.408230e-05 8.152466e-05 5.631106e-05
1.276350e+01 6.154418e-05 5.931121e-05 7.456717e-05 5.075417e-05
1.281550e+01 5.472403e-05 5.426201e-05 6.577762e-05 4.413247e-05
1.286750e+01 4.846828e-05 5.092609e-05 5.679940e-05 3.767935e-05
1.291950e+01 4.482062e-05 5.182879e-05 4.968816e-05 3.294492e-05
1.297150e+01 4.616546e-05 5.988417e-05 4.680926e-05 3.180295e-05
1.302350e+01 5.511375e-05 7.813733e-05 5.072681e-05 3.647711e-05
1.307550e+01 7.430994e-05 1.093703e-04 6.404038e-05 4.951916e-05
1.312750e+01 1.061151e-04 1.555980e-04 8.910728e-05 7.363996e-05
1.317950e+01 1.521655e-04 2.175607e-04 1.276209e-04 1.113148e-04
1.323150e+01 2.128858e-04 2.943780e-04 1.801032e-04 1.641762e-04
1.328350e+01 2.871141e-04 3.835218e-04 2.454736e-04 2.323469e-04
1.333550e+01 3.720218e-04 4.811574e-04 3.209177e-04 3.139902e-04
1.338750e+01 4.634562e-04 5.827643e-04 4.022318e-04 4.053726e-04
1.343950e+01 5.567045e-04 6.838504e-04 4.846646e-04 5.015984e-04
1.349150e+01 6.475286e-04 7.806124e-04 5.640710e-04 5.979024e-04
1.354350e+01 7.332144e-04 8.705085e-04 6.380327e-04 6.911019e-04
1.359550e+01 8.133485e-04 9.527972e-04 7.065863e-04 7.806621e-04
1.364750e+01 8.900990e-04 1.029032e-03 7.723325e-04 8.689325e-04
1.369950e+01 9.678895e-04 1.103309e-03 8.399212e-04 9.604387e-04
1.375150e+01 1.052508e-03 1.181913e-03 9.151015e-04 1.060510e-03
1.380350e+01 1.149829e-03 1.272110e-03 1.003600e-03 1.173777e-03
1.385550e+01 1.264422e-03 1.380192e-03 1.110035e-03 1.303037e-03
1.390750e+01 1.398357e-03 1.509396e-03 1.236966e-03 1.448711e-03
1.395950e+01 1.550510e-03 1.658575e-03 1.384139e-03 1.608817e-03
1.401150e+01 1.716563e-03 1.822376e-03 1.548084e-03 1.779230e-03
1.406350e+01 1.889837e-03 1.993051e-03 1.722324e-03 1.954136e-03
1.411550e+01 2.062861e-03 2.163330e-03 1.898478e-03 2.126775e-03
1.416750e+01 2.229334e-03 2.329190e-03 2.068257e-03 2.290556e-03
1.421950e+01 2.385928e-03 2.491441e-03 2.225885e-03 2.440459e-03
1.427150e+01 2.533296e-03 2.655501e-03 2.370080e-03 2.574307e-03
1.432350e+01 2.675955e-03 2.829593e-03 2.504745e-03 2.693528e-03
1.437550e+01 2.821131e-03 3.022090e-03 2.637990e-03 2.803314e-03
1.442750e+01 2.977002e-03 3.238812e-03 2.779781e-03 2.912412e-03
1.447950e+01 3.150842e-03 3.480722e-03 2.939028e-03 3.032776e-03
1.453150e+01 3.347295e-03 3.742191e-03 3.120940e-03 3.178754e-03
1.458350e+01 3.566765e-03 4.010059e-03 3.325188e-03 3.365047e-03
1.463550e+01 3.803948e-03 4.264075e-03 3.545029e-03 3.602739e-03
1.468750e+01 4.046895e-03 4.479447e-03 3.767416e-03 3.893823e-03
1.473950e+01 4.277307e-03 4.631675e-03 3.974197e-03 4.226050e-03
1.479150e+01 4.472730e-03 4.702708e-03 4.144555e-03 4.570926e-03
1.484350e+01 4.610724e-03 4.686402e-03 4.258660e-03 4.887111e-03
1.489550e+01 4.674196e-03 4.591061e-03 4.302020e-03 5.129507e-03
1.494750e+01 4.656337e-03 4.437853e-03 4.269492e-03 5.261667e-03
1.499950e+01 4.563496e-03 4.255587e-03 4.167652e-03 5.267248e-03
1.505150e+01 4.414842e-03 4.073832e-03 4.014545e-03 5.156150e-03
1.510350e+01 4.238746e-03 3.916824e-03 3.836565e-03 4.962850e-03
1.515550e+01 4.066838e-03 3.799849e-03 3.663194e-03 4.737472e-03
1.520750e+01 3.927420e-03 3.728471e-03 3.521009e-03 4.532781e-03
1.525950e+01 3.839919e-03 3.699736e-03 3.428537e-03 4.391485e-03
1.531150e+01 3.811602e-03 3.704135e-03 3.393125e-03 4.337547e-03
1.536350e+01 3.837062e-03 3.727516e-03 3.410333e-03 4.373337e-03
1.541550e+01 3.900362e-03 3.753006e-03 3.465738e-03 4.482342e-03
1.546750e+01 3.979264e-03 3.763501e-03 3.538561e-03 4.635731e-03
1.551950e+01 4.050642e-03 3.745107e-03 3.606338e-03 4.800480e-03
1.557150e+01 4.095883e-03 3.691020e-03 3.649708e-03 4.946921e-03
1.562350e+01 4.105006e-03 3.604478e-03 3.656330e-03 5.054211e-03
1.567550e+01 4.078422e-03 3.499130e-03 3.623105e-03 5.113032e-03
1.572750e+01 4.025961e-03 3.395972e-03 3.556239e-03 5.125671e-03
1.577950e+01 3.963599e-03 3.317362e-03 3.469285e-03 5.104148e-03
1.583150e+01 3.908977e-03 3.280018e-03 3.379819e-03 5.067095e-03
1.588350e+01 3.876958e-03 3.289465e-03 3.305654e-03 5.035756e-03
1.593550e+01 3.876153e-03 3.337882e-03 3.261347e-03 5.029229e-03
1.598750e+01 3.906920e-03 3.406048e-03 3.255415e-03 5.059298e-03
1.603950e+01 3.961000e-03 3.468599e-03 3.288455e-03 5.125946e-03
1.609150e+01 4.022841e-03 3.500803e-03 3.352431e-03 5.215290e-03
1.614350e+01 4.072588e-03 3.484714e-03 3.431539e-03 5.301510e-03
1.619550e+01 4.090339e-03 3.413059e-03 3.504971e-03 5.352986e-03
1.624750e+01 4.060803e-03 3.290070e-03 3.551391e-03 5.340947e-03
1.629950e+01 3.977015e-03 3.129484e-03 3.554081e-03 5.247480e-03
1.635150e+01 3.841878e-03 2.950651e-03 3.505178e-03 5.069806e-03
1.640350e+01 3.666986e-03 2.774032e-03 3.407492e-03 4.819434e-03
1.645550e+01 3.469256e-03 2.617258e-03 3.273318e-03 4.517192e-03
1.650750e+01 3.266752e-03 2.492555e-03 3.120823e-03 4.186879e-03
1.655950e+01 3.075236e-03 2.405850e-03 2.969438e-03 3.850422e-03
1.661150e+01 2.906407e-03 2.357351e-03 2.835813e-03 3.526056e-03
1.666350e+01 2.767857e-03 2.343118e-03 2.731330e-03 3.229124e-03
1.671550e+01 2.664011e-03 2.356941e-03 2.661313e-03 2.973779e-03
1.676750e+01 2.597079e-03 2.391968e-03 2.625504e-03 2.773765e-03
1.681950e+01 2.567412e-03 2.441679e-03 2.619210e-03 2.641346e-03
1.687150e+01 2.573162e-03 2.500146e-03 2.634681e-03 2.584659e-03
1.692350e+01 2.609664e-03 2.561775e-03 2.662580e-03 2.604638e-03
1.697550e+01 2.669103e-03 2.620941e-03 2.693509e-03 2.692858e-03
1.702750e+01 2.740935e-03 2.671942e-03 2.719506e-03 2.831355e-03
1.707950e+01 2.813213e-03 2.709532e-03 2.735294e-03 2.994811e-03
1.713150e+01 2.874571e-03 2.729930e-03 2.738969e-03 3.154813e-03
1.718350e+01 2.916302e-03 2.731856e-03 2.731869e-03 3.285181e-03
1.723550e+01 2.933801e-03 2.716967e-03 2.717555e-03 3.366880e-03
1.728750e+01 2.926803e-03 2.689236e-03 2.700131e-03 3.391041e-03
1.733950e+01 2.898329e-03 2.653356e-03 2.682429e-03 3.359202e-03
1.739150e+01 2.852828e-03 2.612811e-03 2.664757e-03 3.280916e-03
1.744350e+01 2.794428e-03 2.568593e-03 2.644771e-03 3.169921e-03
1.749550e+01 2.726094e-03 2.519283e-03 2.618568e-03 3.040430e-03
1.754750e+01 2.649925e-03 2.462531e-03 2.582536e-03 2.904707e-03
1.759950e+01 2.568133e-03 2.397170e-03 2.535095e-03 2.772135e-03
1.765150e+01 2.483861e-03 2.324862e-03 2.477514e-03 2.649207e-03
1.770350e+01 2.401206e-03 2.250400e-03 2.413496e-03 2.539721e-03
1.775550e+01 2.324420e-03 2.180525e-03 2.347842e-03 2.444894e-03
1.780750e+01 2.256816e-03 2.121870e-03 2.284911e-03 2.363668e-03
1.785950e+01 2.200072e-03 2.079037e-03 2.227561e-03 2.293619e-03
1.791150e+01 2.154328e-03 2.053610e-03 2.176919e-03 2.232456e-03
1.796350e+01 2.118938e-03 2.044407e-03 2.132854e-03 2.179554e-03
1.801550e+01 2.093371e-03 2.048630e-03 2.094833e-03 2.136651e-03
1.806750e+01 2.077723e-03 2.063238e-03 2.062738e-03 2.107193e-03
1.811950e+01 2.072571e-03 2.085900e-03 2.037336e-03 2.094476e-03
1.817150e+01 2.078300e-03 2.115199e-03 2.020266e-03 2.099435e-03
1.822350e+01 2.094292e-03 2.150202e-03 2.013519e-03 2.119155e-03
1.827550e+01 2.118409e-03 2.189812e-03 2.018573e-03 2.146842e-03
1.832750e+01 2.147064e-03 2.232329e-03 2.035523e-03 2.173340e-03
1.837950e+01 2.175871e-03 2.275499e-03 2.062547e-03 2.189568e-03
1.843150e+01 2.200637e-03 2.316968e-03 2.096007e-03 2.188934e-03
1.848350e+01 2.218325e-03 2.354877e-03 2.131227e-03 2.168871e-03
1.853550e+01 2.227652e-03 2.388231e-03 2.163679e-03 2.131045e-03
1.858750e+01 2.229109e-03 2.416853e-03 2.190158e-03 2.080315e-03
1.863950e+01 2.224466e-03 2.440953e-03 2.209540e-03 2.022906e-03
1.869150e+01 2.215986e-03 2.460559e-03 2.222927e-03 1.964472e-03
1.874350e+01 2.205705e-03 2.475139e-03 2.233314e-03 1.908661e-03
1.879550e+01 2.195102e-03 2.483679e-03 2.245052e-03 1.856576e-03
1.884750e+01 2.185279e-03 2.485244e-03 2.263400e-03 1.807194e-03
1.889950e+01 2.177508e-03 2.479853e-03 2.294199e-03 1.758473e-03
1.895150e+01 2.173841e-03 2.469307e-03 2.343532e-03 1.708685e-03
1.900350e+01 2.177409e-03 2.457604e-03 2.417178e-03 1.657443e-03
1.905550e+01 2.192221e-03 2.450732e-03 2.519806e-03 1.606126e-03
1.910750e+01 2.222510e-03 2.455817e-03 2.654110e-03 1.557603e-03
1.915950e+01 2.271808e-03 2.479836e-03 2.820134e-03 1.515454e-03
1.921150e+01 2.341996e-03 2.528157e-03 3.014855e-03 1.482975e-03
1.926350e+01 2.432430e-03 2.603177e-03 3.231811e-03 1.462302e-03
1.931550e+01 2.539198e-03 2.703252e-03 3.460500e-03 1.453842e-03
1.936750e+01 2.654613e-03 2.822094e-03 3.685628e-03 1.456118e-03
1.941950e+01 2.767235e-03 2.948870e-03 3.886843e-03 1.465994e-03
1.947150e+01 2.862808e-03 3.069221e-03 4.040004e-03 1.479200e-03
1.952350e+01 2.926343e-03 3.167328e-03 4.120649e-03 1.491052e-03
1.957550e+01 2.945113e-03 3.228764e-03 4.109332e-03 1.497244e-03
1.962750e+01 2.911778e-03 3.243515e-03 3.997233e-03 1.494586e-03
1.967950e+01 2.826547e-03 3.208255e-03 3.789827e-03 1.481559e-03
1.973150e+01 2.697501e-03 3.127067e-03 3.506903e-03 1.458535e-03
1.978350e+01 2.538833e-03 3.010302e-03 3.178648e-03 1.427550e-03
1.983550e+01 2.367583e-03 2.871946e-03 2.839145e-03 1.391657e-03
1.988750e+01 2.199954e-03 2.726344e-03 2.519544e-03 1.353975e-03
1.993950e+01 2.048332e-03 2.585276e-03 2.242986e-03 1.316734e-03
1.999150e+01 1.919689e-03 2.456113e-03 2.022313e-03 1.280642e-03
2.004350e+01 1.815501e-03 2.341306e-03 1.860392e-03 1.244805e-03
2.009550e+01 1.732833e-03 2.239069e-03 1.752158e-03 1.207273e-03
2.014750e+01 1.666089e-03 2.144893e-03 1.687384e-03 1.165990e-03
2.019950e+01 1.608956e-03 2.053461e-03 1.653611e-03 1.119795e-03
2.025150e+01 1.556227e-03 1.960609e-03 1.638963e-03 1.069110e-03
2.030350e+01 1.505258e-03 1.864975e-03 1.634725e-03 1.016075e-03
2.035550e+01 1.456842e-03 1.769060e-03 1.637290e-03 9.641759e-04
2.040750e+01 1.415295e-03 1.679389e-03 1.648945e-03 9.175513e-04
2.045950e+01 1.387598e-03 1.605580e-03 1.676960e-03 8.802539e-04
2.051150e+01 1.381632e-03 1.558321e-03 1.730920e-03 8.556535e-04
2.056350e+01 1.403830e-03 1.546582e-03 1.818851e-03 8.460573e-04
2.061550e+01 1.456847e-03 1.574714e-03 1.943292e-03 8.525345e-04
2.066750e+01 1.537950e-03 1.640293e-03 2.098646e-03 8.749109e-04
2.071950e+01 1.638753e-03 1.733513e-03 2.270838e-03 9.119088e-04
2.077150e+01 1.746514e-03 1.838546e-03 2.439597e-03 9.614006e-04
2.082350e+01 1.846706e-03 1.936669e-03 2.582737e-03 1.020713e-03
2.087550e+01 1.926110e-03 2.010336e-03 2.681111e-03 1.086882e-03
2.092750e+01 1.975462e-03 2.046971e-03 2.722654e-03 1.156761e-03
2.097950e+01 1.990859e-03 2.041310e-03 2.704299e-03 1.226969e-03
2.103150e+01 1.973603e-03 1.995660e-03 2.631374e-03 1.293775e-03
2.108350e+01 1.928770e-03 1.918227e-03 2.514995e-03 1.353089e-03
2.113550e+01 1.863234e-03 1.820338e-03 2.368619e-03 1.400746e-03
2.118750e+01 1.783916e-03 1.713638e-03 2.204999e-03 1.433111e-03
2.123950e+01 1.696791e-03 1.608129e-03 2.034379e-03 1.447866e-03
2.129150e+01 1.606709e-03 1.511354e-03 1.864122e-03 1.444649e-03
2.134350e+01 1.517701e-03 1.428494e-03 1.699355e-03 1.425254e-03
2.139550e+01 1.433361e-03 1.362881e-03 1.543980e-03 1.393222e-03
2.144750e+01 1.356959e-03 1.316448e-03 1.401436e-03 1.352992e-03
2.149950e+01 1.291253e-03 1.289892e-03 1.274925e-03 1.308941e-03
2.155150e+01 1.238128e-03 1.282545e-03 1.167151e-03 1.264688e-03
2.160350e+01 1.198274e-03 1.292135e-03 1.079840e-03 1.222846e-03
2.165550e+01 1.171029e-03 1.314636e-03 1.013332e-03 1.185119e-03
2.170750e+01 1.154449e-03 1.344409e-03 9.664377e-04 1.152502e-03
2.175950e+01 1.145547e-03 1.374729e-03 9.365895e-04 1.125323e-03
2.181150e+01 1.140661e-03 1.398676e-03 9.202089e-04 1.103097e-03
2.186350e+01 1.135912e-03 1.410224e-03 9.131746e-04 1.084339e-03
2.191550e+01 1.127719e-03 1.405249e-03 9.112937e-04 1.066614e-03
2.196750e+01 1.113299e-03 1.382201e-03 9.107215e-04 1.046975e-03
2.201950e+01 1.091098e-03 1.342251e-03 9.083151e-04 1.022728e-03
2.207150e+01 1.061028e-03 1.288932e-03 9.019007e-04 9.922520e-04
2.212350e+01 1.024436e-03 1.227366e-03 8.904218e-04 9.555196e-04
2.217550e+01 9.837748e-04 1.163302e-03 8.739190e-04 9.141039e-04
2.222750e+01 9.420461e-04 1.102137e-03 8.533161e-04 8.706850e-04
2.227950e+01 9.021517e-04 1.048113e-03 8.300479e-04 8.282943e-04
2.233150e+01 8.663408e-04 1.003778e-03 8.056370e-04 7.896072e-04
2.238350e+01 8.358862e-04 9.698016e-04 7.813551e-04 7.565017e-04
2.243550e+01 8.110349e-04 9.451141e-04 7.580614e-04 7.299292e-04
2.248750e+01 7.911792e-04 9.273169e-04 7.362248e-04 7.099958e-04
2.253950e+01 7.751394e-04 9.132484e-04 7.160512e-04 6.961185e-04
2.259150e+01 7.614631e-04 8.995987e-04 6.976157e-04 6.871751e-04
2.264350e+01 7.486906e-04 8.834786e-04 6.809382e-04 6.816550e-04
2.269550e+01 7.355784e-04 8.628729e-04 6.660097e-04 6.778527e-04
2.274750e+01 7.212846e-04 8.369182e-04 6.528117e-04 6.741239e-04
2.279950e+01 7.054942e-04 8.059609e-04 6.413623e-04 6.691594e-04
2.285150e+01 6.884492e-04 7.713787e-04 6.317745e-04 6.621944e-04
2.290350e+01 6.708520e-04 7.352042e-04 6.242782e-04 6.530736e-04
2.295550e+01 6.536534e-04 6.996512e-04 6.191595e-04 6.421495e-04
2.300750e+01 6.377796e-04 6.666701e-04 6.166165e-04 6.300521e-04
2.305950e+01 6.238812e-04 6.376448e-04 6.165857e-04 6.174132e-04
2.311150e+01 6.121770e-04 6.132752e-04 6.186238e-04 6.046321e-04
2.316350e+01 6.024275e-04 5.936157e-04 6.219160e-04 5.917506e-04
2.321550e+01 5.940297e-04 5.781993e-04 6.254256e-04 5.784643e-04
2.326750e+01 5.861893e-04 5.661762e-04 6.281334e-04 5.642583e-04
2.331950e+01 5.781106e-04 5.564370e-04 6.292713e-04 5.486236e-04
2.337150e+01 5.691537e-04 5.477277e-04 6.284491e-04 5.312844e-04
2.342350e+01 5.589216e-04 5.387766e-04 6.256239e-04 5.123643e-04
2.347550e+01 5.472666e-04 5.284410e-04 6.209274e-04 4.924314e-04
2.352750e+01 5.342298e-04 5.158527e-04 6.144333e-04 4.724033e-04
2.357950e+01 5.199475e-04 5.005243e-04 6.059770e-04 4.533413e-04
2.363150e+01 5.045689e-04 4.823843e-04 5.951172e-04 4.362054e-04
2.368350e+01 4.882190e-04 4.617306e-04 5.812720e-04 4.216543e-04
2.373550e+01 4.710185e-04 4.391212e-04 5.639839e-04 4.099503e-04
2.378750e+01 4.531437e-04 4.152374e-04 5.432111e-04 4.009826e-04
2.383950e+01 4.348892e-04 3.907653e-04 5.195249e-04 3.943774e-04
2.389150e+01 4.166963e-04 3.663242e-04 4.941280e-04 3.896368e-04
2.394350e+01 3.991295e-04 3.424538e-04 4.686774e-04 3.862572e-04
2.399550e+01 3.828039e-04 3.196446e-04 4.449666e-04 3.838006e-04
2.404750e+01 3.682897e-04 2.983824e-04 4.245665e-04 3.819202e-04
2.409950e+01 3.560200e-04 2.791706e-04 4.085276e-04 3.803619e-04
2.415150e+01 3.462305e-04 2.625175e-04 3.972118e-04 3.789623e-04
2.420350e+01 3.389436e-04 2.488912e-04 3.902814e-04 3.776582e-04
2.425550e+01 3.340022e-04 2.386678e-04 3.868301e-04 3.765087e-04
2.430750e+01 3.311442e-04 2.320985e-04 3.856147e-04 3.757193e-04
2.435950e+01 3.300971e-04 2.293060e-04 3.853327e-04 3.756526e-04
2.441150e+01 3.306665e-04 2.303041e-04 3.848809e-04 3.768147e-04
2.446350e+01 3.327910e-04 2.350201e-04 3.835364e-04 3.798164e-04
2.451550e+01 3.365500e-04 2.433038e-04 3.810226e-04 3.853237e-04
2.456750e+01 3.421277e-04 2.549145e-04 3.774544e-04 3.940142e-04
2.461950e+01 3.497452e-04 2.694876e-04 3.731951e-04 4.065529e-04
2.467150e+01 3.595852e-04 2.864923e-04 3.686787e-04 4.235845e-04
2.472350e+01 3.717240e-04 3.051893e-04 3.642553e-04 4.457273e-04
2.477550e+01 3.860887e-04 3.246080e-04 3.600960e-04 4.735620e-04
2.482750e+01 4.024527e-04 3.435663e-04 3.561708e-04 5.076211e-04
2.487950e+01 4.204845e-04 3.607588e-04 3.522850e-04 5.484097e-04
2.493150e+01 4.398527e-04 3.749215e-04 3.481513e-04 5.964852e-04
2.498350e+01 4.603699e-04 3.850486e-04 3.434715e-04 6.525895e-04
2.503550e+01 4.821272e-04 3.906011e-04 3.380097e-04 7.177709e-04
2.508750e+01 5.055493e-04 3.916297e-04 3.316462e-04 7.933721e-04
2.513950e+01 5.313039e-04 3.887544e-04 3.244076e-04 8.807497e-04
2.519150e+01 5.600413e-04 3.829987e-04 3.164703e-04 9.806548e-04
2.524350e+01 5.920098e-04 3.755310e-04 3.081408e-04 1.092358e-03
2.529550e+01 6.266676e-04 3.674066e-04 2.998145e-04 1.212781e-03
2.534750e+01 6.624502e-04 3.593874e-04 2.919186e-04 1.336045e-03
2.539950e+01 6.968314e-04 3.518755e-04 2.848421e-04 1.453776e-03
2.545150e+01 7.267210e-04 3.449446e-04 2.788645e-04 1.556354e-03
2.550350e+01 7.491151e-04 3.384206e-04 2.740934e-04 1.634831e-03
2.555550e+01 7.617962e-04 3.319733e-04 2.704300e-04 1.682985e-03
2.560750e+01 7.638462e-04 3.252022e-04 2.675776e-04 1.698759e-03
2.565950e+01 7.557916e-04 3.177256e-04 2.651012e-04 1.684548e-03
2.571150e+01 7.393427e-04 3.092831e-04 2.625291e-04 1.646216e-03
2.576350e+01 7.168420e-04 2.998400e-04 2.594702e-04 1.591216e-03
2.581550e+01 6.906395e-04 2.896603e-04 2.557113e-04 1.526547e-03
2.586750e+01 6.626113e-04 2.793083e-04 2.512584e-04 1.457267e-03
2.591950e+01 6.339517e-04 2.695615e-04 2.463107e-04 1.385983e-03
2.597150e+01 6.052399e-04 2.612548e-04 2.411788e-04 1.313286e-03
2.602350e+01 5.766794e-04 2.551077e-04 2.361824e-04 1.238748e-03
2.607550e+01 5.483694e-04 2.515926e-04 2.315671e-04 1.161948e-03
2.612750e+01 5.204961e-04 2.508748e-04 2.274640e-04 1.083150e-03
2.617950e+01 4.934021e-04 2.528248e-04 2.238961e-04 1.003485e-03
2.623150e+01 4.675472e-04 2.570728e-04 2.208145e-04 9.247542e-04
2.628350e+01 4.434119e-04 2.630730e-04 2.181451e-04 8.490177e-04
2.633550e+01 4.213911e-04 2.701584e-04 2.158298e-04 7.781852e-04
2.638750e+01 4.017154e-04 2.775889e-04 2.138565e-04 7.137009e-04
2.643950e+01 3.844258e-04 2.846058e-04 2.122765e-04 6.563951e-04
2.649150e+01 3.694181e-04 2.905119e-04 2.112140e-04 6.065284e-04
2.654350e+01 3.565540e-04 2.947819e-04 2.108699e-04 5.640102e-04
2.659550e+01 3.458064e-04 2.971920e-04 2.115230e-04 5.287041e-04
2.664750e+01 3.373785e-04 2.979346e-04 2.135299e-04 5.006709e-04
2.669950e+01 3.317280e-04 2.976703e-04 2.173201e-04 4.801937e-04
2.675150e+01 3.294567e-04 2.974748e-04 2.233769e-04 4.675185e-04
2.680350e+01 3.310830e-04 2.986671e-04 2.321935e-04 4.623885e-04
2.685550e+01 3.367783e-04 3.025469e-04 2.441977e-04 4.635903e-04
2.690750e+01 3.461769e-04 3.101095e-04 2.596501e-04 4.687713e-04
2.695950e+01 3.583491e-04 3.218198e-04 2.785349e-04 4.746926e-04
2.701150e+01 3.719589e-04 3.375067e-04 3.004766e-04 4.778933e-04
2.706350e+01 3.855507e-04 3.564012e-04 3.247102e-04 4.755409e-04
2.711550e+01 3.978578e-04 3.772974e-04 3.501307e-04 4.661454e-04
2.716750e+01 4.080306e-04 3.987948e-04 3.754257e-04 4.498713e-04
2.721950e+01 4.157363e-04 4.195722e-04 3.992805e-04 4.283562e-04
2.727150e+01 4.211418e-04 4.386510e-04 4.206262e-04 4.041484e-04
2.732350e+01 4.248295e-04 4.556078e-04 4.388786e-04 3.800021e-04
2.737550e+01 4.276892e-04 4.706937e-04 4.541035e-04 3.582702e-04
2.742750e+01 4.307987e-04 4.848140e-04 4.670411e-04 3.405411e-04
2.747950e+01 4.352781e-04 4.993392e-04 4.789516e-04 3.275434e-04
2.753150e+01 4.421004e-04 5.157557e-04 4.912948e-04 3.192507e-04
2.758350e+01 4.518746e-04 5.352194e-04 5.053154e-04 3.150890e-04
2.763550e+01 4.646478e-04 5.581272e-04 5.216532e-04 3.141630e-04
2.768750e+01 4.797993e-04 5.838442e-04 5.401063e-04 3.154473e-04
2.773950e+01 4.960865e-04 6.106989e-04 5.596366e-04 3.179240e-04
2.779150e+01 5.118630e-04 6.362840e-04 5.786372e-04 3.206678e-04
2.784350e+01 5.254260e-04 6.580008e-04 5.953848e-04 3.228925e-04
2.789550e+01 5.354018e-04 6.736956e-04 6.085276e-04 3.239823e-04
2.794750e+01 5.410506e-04 6.821951e-04 6.174324e-04 3.235243e-04
2.799950e+01 5.423943e-04 6.835760e-04 6.222578e-04 3.213491e-04
2.805150e+01 5.401292e-04 6.790889e-04 6.237304e-04 3.175682e-04
2.810350e+01 5.353607e-04 6.707710e-04 6.227283e-04 3.125827e-04
2.815550e+01 5.292609e-04 6.608773e-04 6.198674e-04 3.070379e-04
2.820750e+01 5.227719e-04 6.513120e-04 6.152878e-04 3.017160e-04
2.825950e+01 5.164553e-04 6.432319e-04 6.087447e-04 2.973894e-04
2.831150e+01 5.105242e-04 6.369326e-04 5.999589e-04 2.946811e-04
2.836350e+01 5.050243e-04 6.320341e-04 5.890549e-04 2.939837e-04
2.841550e+01 5.000796e-04 6.279002e-04 5.768740e-04 2.954646e-04
2.846750e+01 4.961066e-04 6.241619e-04 5.650128e-04 2.991451e-04
2.851950e+01 4.939292e-04 6.212054e-04 5.555699e-04 3.050123e-04
2.857150e+01 4.947738e-04 6.205012e-04 5.507056e-04 3.131145e-04
2.862350e+01 5.001620e-04 6.246932e-04 5.521777e-04 3.236152e-04
2.867550e+01 5.117357e-04 6.374078e-04 5.609923e-04 3.368070e-04
2.872750e+01 5.310415e-04 6.627832e-04 5.772365e-04 3.531048e-04
2.877950e+01 5.592954e-04 7.047677e-04 6.000962e-04 3.730224e-04
2.883150e+01 5.971441e-04 7.662953e-04 6.280227e-04 3.971143e-04
2.888350e+01 6.444568e-04 8.485054e-04 6.590089e-04 4.258562e-04
2.893550e+01 7.001935e-04 9.501992e-04 6.909250e-04 4.594561e-04
2.898750e+01 7.623983e-04 1.067694e-03 7.218552e-04 4.976458e-04
2.903950e+01 8.283475e-04 1.195142e-03 7.503591e-04 5.395416e-04
2.909150e+01 8.948412e-04 1.325257e-03 7.755958e-04 5.836706e-04
2.914350e+01 9.585915e-04 1.450289e-03 7.972914e-04 6.281939e-04
2.919550e+01 1.016633e-03 1.563039e-03 8.155909e-04 6.712709e-04
2.924750e+01 1.066684e-03 1.657745e-03 8.308785e-04 7.114284e-04
2.929950e+01 1.107390e-03 1.730730e-03 8.436449e-04 7.477940e-04
2.935150e+01 1.138423e-03 1.780725e-03 8.544291e-04 7.801162e-04
2.940350e+01 1.160420e-03 1.808857e-03 8.638039e-04 8.085977e-04
2.945550e+01 1.174750e-03 1.818259e-03 8.723469e-04 8.336451e-04
2.950750e+01 1.183181e-03 1.813318e-03 8.805703e-04 8.556562e-04
2.955950e+01 1.187478e-03 1.798678e-03 8.888381e-04 8.749168e-04
2.961150e+01 1.189061e-03 1.778224e-03 8.973434e-04 8.916164e-04
2.966350e+01 1.188829e-03 1.754345e-03 9.062009e-04 9.059407e-04
2.971550e+01 1.187187e-03 1.727729e-03 9.156416e-04 9.181916e-04
2.976750e+01 1.184306e-03 1.697801e-03 9.262220e-04 9.288953e-04
2.981950e+01 1.180475e-03 1.663629e-03 9.389245e-04 9.388700e-04
2.987150e+01 1.176408e-03 1.624948e-03 9.550551e-04 9.492198e-04
2.992350e+01 1.173336e-03 1.582864e-03 9.759268e-04 9.612174e-04
2.997550e+01 1.172799e-03 1.539919e-03 1.002414e-03 9.760623e-04
3.002750e+01 1.176177e-03 1.499445e-03 1.034533e-03 9.945521e-04
3.007950e+01 1.184148e-03 1.464462e-03 1.071212e-03 1.016769e-03
3.013150e+01 1.196282e-03 1.436553e-03 1.110379e-03 1.041915e-03
3.018350e+01 1.210977e-03 1.415199e-03 1.149339e-03 1.068394e-03
3.023550e+01 1.225794e-03 1.397865e-03 1.185356e-03 1.094160e-03
3.028750e+01 1.238093e-03 1.380835e-03 1.216212e-03 1.117231e-03
3.033950e+01 1.245743e-03 1.360463e-03 1.240574e-03 1.136193e-03
3.039150e+01 1.247659e-03 1.334368e-03 1.258100e-03 1.150509e-03
3.044350e+01 1.243984e-03 1.302119e-03 1.269311e-03 1.160522e-03
3.049550e+01 1.235915e-03 1.265210e-03 1.275379e-03 1.167156e-03
3.054750e+01 1.225263e-03 1.226418e-03 1.277922e-03 1.171447e-03
3.059950e+01 1.213936e-03 1.188844e-03 1.278846e-03 1.174117e-03
3.065150e+01 1.203493e-03 1.154992e-03 1.280134e-03 1.175353e-03
3.070350e+01 1.194853e-03 1.126179e-03 1.283509e-03 1.174872e-03
3.075550e+01 1.188169e-03 1.102352e-03 1.289938e-03 1.172216e-03
3.080750e+01 1.182840e-03 1.082265e-03 1.299141e-03 1.167114e-03
3.085950e+01 1.177646e-03 1.063884e-03 1.309309e-03 1.159747e-03
3.091150e+01 1.170984e-03 1.044847e-03 1.317286e-03 1.150819e-03
3.096350e+01 1.161185e-03 1.022895e-03 1.319249e-03 1.141412e-03
3.101550e+01 1.146880e-03 9.962240e-04 1.311714e-03 1.132703e-03
3.106750e+01 1.127321e-03 9.637615e-04 1.292543e-03 1.125657e-03
3.111950e+01 1.102585e-03 9.253794e-04 1.261556e-03 1.120821e-03
3.117150e+01 1.073607e-03 8.820006e-04 1.220543e-03 1.118276e-03
3.122350e+01 1.042019e-03 8.355556e-04 1.172714e-03 1.117786e-03
3.127550e+01 1.009880e-03 7.887532e-04 1.121837e-03 1.119050e-03
3.132750e+01 9.793539e-04 7.446882e-04 1.071409e-03 1.121964e-03
3.137950e+01 9.524156e-04 7.063690e-04 1.024132e-03 1.126746e-03
3.143150e+01 9.306261e-04 6.762717e-04 9.817574e-04 1.133849e-03
3.148350e+01 9.149704e-04 6.560063e-04 9.452317e-04 1.143673e-03
3.153550e+01 9.057570e-04 6.461326e-04 9.149450e-04 1.156193e-03
3.158750e+01 9.025863e-04 6.461307e-04 8.909393e-04 1.170689e-03
3.163950e+01 9.044165e-04 6.545146e-04 8.730149e-04 1.185720e-03
3.169150e+01 9.097474e-04 6.690756e-04 8.607660e-04 1.199401e-03
3.174350e+01 9.169084e-04 6.872306e-04 8.536206e-04 1.209874e-03
3.179550e+01 9.243841e-04 7.064153e-04 8.509363e-04 1.215800e-03
3.184750e+01 9.310868e-04 7.244396e-04 8.521455e-04 1.216675e-03
3.189950e+01 9.364908e-04 7.397147e-04 8.568930e-04 1.212865e-03
3.195150e+01 9.405968e-04 7.513061e-04 8.650919e-04 1.205392e-03
3.200350e+01 9.437600e-04 7.588302e-04 8.768495e-04 1.195600e-03
3.205550e+01 9.464584e-04 7.622757e-04 8.922699e-04 1.184829e-03
3.210750e+01 9.490862e-04 7.618518e-04 9.111970e-04 1.174210e-03
3.215950e+01 9.518329e-04 7.579356e-04 9.329939e-04 1.164569e-03
3.221150e+01 9.546604e-04 7.511245e-04 9.564559e-04 1.156401e-03
3.226350e+01 9.573649e-04 7.423315e-04 9.799151e-04 1.149848e-03
3.231550e+01 9.596839e-04 7.328310e-04 1.001529e-03 1.144692e-03
3.236750e+01 9.614113e-04 7.241817e-04 1.019671e-03 1.140382e-03
3.241950e+01 9.624832e-04 7.180144e-04 1.033298e-03 1.136138e-03
3.247150e+01 9.630114e-04 7.157422e-04 1.042157e-03 1.131135e-03
3.252350e+01 9.632578e-04 7.182872e-04 1.046767e-03 1.124719e-03
3.257550e+01 9.635632e-04 7.259140e-04 1.048194e-03 1.116582e-03
3.262750e+01 9.642633e-04 7.382122e-04 1.047729e-03 1.106848e-03
3.267950e+01 9.656262e-04 7.542144e-04 1.046610e-03 1.096054e-03
3.273150e+01 9.678320e-04 7.725954e-04 1.045862e-03 1.085039e-03
3.278350e+01 9.709949e-04 7.918953e-04 1.046276e-03 1.074814e-03
3.283550e+01 9.752060e-04 8.107318e-04 1.048436e-03 1.066450e-03
3.288750e+01 9.805697e-04 8.279929e-04 1.052719e-03 1.060997e-03
3.293950e+01 9.872107e-04 8.430074e-04 1.059207e-03 1.059418e-03
3.299150e+01 9.952466e-04 8.556731e-04 1.067568e-03 1.062498e-03
3.304350e+01 1.004743e-03 8.665085e-04 1.076995e-03 1.070726e-03
3.309550e+01 1.015683e-03 8.765912e-04 1.086287e-03 1.084172e-03
3.314750e+01 1.027980e-03 8.873806e-04 1.094121e-03 1.102437e-03
3.319950e+01 1.041532e-03 9.004583e-04 1.099416e-03 1.124721e-03
3.325150e+01 1.056290e-03 9.172400e-04 1.101663e-03 1.149967e-03
3.330350e+01 1.072265e-03 9.387098e-04 1.101066e-03 1.177018e-03
3.335550e+01 1.089424e-03 9.652027e-04 1.098415e-03 1.204653e-03
3.340750e+01 1.107494e-03 9.962477e-04 1.094739e-03 1.231494e-03
3.345950e+01 1.125752e-03 1.030488e-03 1.090888e-03 1.255880e-03
3.351150e+01 1.142934e-03 1.065713e-03 1.087221e-03 1.275869e-03
3.356350e+01 1.157358e-03 1.099032e-03 1.083527e-03 1.289514e-03
3.361550e+01 1.167248e-03 1.127227e-03 1.079169e-03 1.295347e-03
3.366750e+01 1.171161e-03 1.147242e-03 1.073356e-03 1.292885e-03
3.371950e+01 1.168338e-03 1.156727e-03 1.065418e-03 1.282868e-03
3.377150e+01 1.158860e-03 1.154525e-03 1.054971e-03 1.267084e-03
3.382350e+01 1.143580e-03 1.140932e-03 1.041974e-03 1.247834e-03
3.387550e+01 1.123865e-03 1.117657e-03 1.026671e-03 1.227269e-03
3.392750e+01 1.101266e-03 1.087456e-03 1.009473e-03 1.206868e-03
3.397950e+01 1.077190e-03 1.053534e-03 9.908183e-04 1.187216e-03
3.403150e+01 1.052666e-03 1.018892e-03 9.710468e-04 1.168058e-03
3.408350e+01 1.028235e-03 9.858084e-04 9.503480e-04 1.148549e-03
3.413550e+01 1.003998e-03 9.555978e-04 9.288082e-04 1.127588e-03
3.418750e+01 9.797952e-04 9.286713e-04 9.065319e-04 1.104182e-03
3.423950e+01 9.554648e-04 9.048413e-04 8.837607e-04 1.077792e-03
3.429150e+01 9.310683e-04 8.837131e-04 8.609059e-04 1.048586e-03
3.434350e+01 9.069890e-04 8.650055e-04 8.384589e-04 1.017503e-03
3.439550e+01 8.838602e-04 8.486875e-04 8.168253e-04 9.860676e-04
3.444750e+01 8.623624e-04 8.349117e-04 7.961847e-04 9.559909e-04
3.449950e+01 8.429939e-04 8.238171e-04 7.764650e-04 9.286997e-04
3.455150e+01 8.259213e-04 8.153244e-04 7.574544e-04 9.049850e-04
3.460350e+01 8.109689e-04 8.090319e-04 7.389899e-04 8.848848e-04
3.465550e+01 7.977306e-04 8.042539e-04 7.211201e-04 8.678177e-04
3.470750e+01 7.857372e-04 8.001718e-04 7.041585e-04 8.528814e-04
3.475950e+01 7.746048e-04 7.960202e-04 6.886040e-04 8.391903e-04
3.481150e+01 7.641174e-04 7.912349e-04 6.749741e-04 8.261431e-04
3.486350e+01 7.542352e-04 7.855267e-04 6.636279e-04 8.135509e-04
3.491550e+01 7.450454e-04 7.788837e-04 6.546472e-04 8.016054e-04
3.496750e+01 7.366818e-04 7.715240e-04 6.478168e-04 7.907046e-04
3.501950e+01 7.292395e-04 7.638172e-04 6.427047e-04 7.811965e-04
3.507150e+01 7.227117e-04 7.561826e-04 6.388216e-04 7.731310e-04
3.512350e+01 7.169676e-04 7.489688e-04 6.358148e-04 7.661191e-04
3.517550e+01 7.117798e-04 7.423351e-04 6.336409e-04 7.593633e-04
3.522750e+01 7.068915e-04 7.361692e-04 6.326484e-04 7.518570e-04
3.527950e+01 7.020889e-04 7.300768e-04 6.335146e-04 7.426751e-04
3.533150e+01 6.972387e-04 7.234569e-04 6.370225e-04 7.312367e-04
3.538350e+01 6.922648e-04 7.156390e-04 6.437256e-04 7.174297e-04
3.543550e+01 6.870641e-04 7.060310e-04 6.536088e-04 7.015526e-04
3.548750e+01 6.814029e-04 6.942176e-04 6.658777e-04 6.841134e-04
3.553950e+01 6.748489e-04 6.799783e-04 6.789754e-04 6.655930e-04
3.559150e+01 6.667913e-04 6.632363e-04 6.908452e-04 6.462926e-04
3.564350e+01 6.565625e-04 6.439916e-04 6.993608e-04 6.263350e-04
3.569550e+01 6.436278e-04 6.222989e-04 7.027836e-04 6.058008e-04
3.574750e+01 6.277740e-04 5.983249e-04 7.000972e-04 5.848999e-04
3.579950e+01 6.092183e-04 5.724644e-04 6.911302e-04 5.640602e-04
3.585150e+01 5.885936e-04 5.454531e-04 6.764636e-04 5.438640e-04
3.590350e+01 5.668184e-04 5.183993e-04 6.571986e-04 5.248572e-04
3.595550e+01 5.449059e-04 4.926879e-04 6.346894e-04 5.073406e-04
3.600750e+01 5.237871e-04 4.697626e-04 6.103314e-04 4.912675e-04
3.605950e+01 5.041988e-04 4.508460e-04 5.854355e-04 4.763149e-04
3.611150e+01 4.866512e-04 4.366807e-04 5.611736e-04 4.620992e-04
3.616350e+01 4.714480e-04 4.273688e-04 5.385497e-04 4.484256e-04
3.621550e+01 4.587239e-04 4.223544e-04 5.183670e-04 4.354503e-04
3.626750e+01 4.484731e-04 4.205519e-04 5.011855e-04 4.236821e-04
3.631950e+01 4.405695e-04 4.205855e-04 4.872881e-04 4.138348e-04
3.637150e+01 4.347877e-04 4.210761e-04 4.766773e-04 4.066097e-04
3.642350e+01 4.308360e-04 4.209062e-04 4.691031e-04 4.024986e-04
3.647550e+01 4.283923e-04 4.193972e-04 4.641111e-04 4.016686e-04
3.652750e+01 4.271329e-04 4.163667e-04 4.610959e-04 4.039361e-04
3.657950e+01 4.267427e-04 4.120682e-04 4.593568e-04 4.088030e-04
3.663150e+01 4.269155e-04 4.070493e-04 4.581717e-04 4.155256e-04
3.668350e+01 4.273652e-04 4.019868e-04 4.568999e-04 4.232087e-04
3.673550e+01 4.278635e-04 3.975486e-04 4.551105e-04 4.309315e-04
3.678750e+01 4.283096e-04 3.943114e-04 4.527057e-04 4.379117e-04
3.683950e+01 4.288063e-04 3.927391e-04 4.499971e-04 4.436828e-04
3.689150e+01 4.297104e-04 3.932002e-04 4.476959e-04 4.482351e-04
3.694350e+01 4.316222e-04 3.959978e-04 4.468059e-04 4.520628e-04
3.699550e+01 4.353013e-04 4.013864e-04 4.484349e-04 4.560827e-04
3.704750e+01 4.415222e-04 4.095640e-04 4.535703e-04 4.614322e-04
3.709950e+01 4.509033e-04 4.206359e-04 4.628747e-04 4.691993e-04
3.715150e+01 4.637575e-04 4.345620e-04 4.765530e-04 4.801574e-04
3.720350e+01 4.799995e-04 4.511008e-04 4.943207e-04 4.945770e-04
3.725550e+01 4.991329e-04 4.697686e-04 5.154656e-04 5.121645e-04
3.730750e+01 5.203148e-04 4.898305e-04 5.389676e-04 5.321461e-04
3.735950e+01 5.424837e-04 5.103399e-04 5.636318e-04 5.534792e-04
3.741150e+01 5.645235e-04 5.302295e-04 5.882025e-04 5.751385e-04
3.746350e+01 5.854323e-04 5.484442e-04 6.114592e-04 5.963936e-04
3.751550e+01 6.044606e-04 5.640843e-04 6.323108e-04 6.169866e-04
3.756750e+01 6.211852e-04 5.765185e-04 6.499006e-04 6.371366e-04
3.761950e+01 6.355008e-04 5.854350e-04 6.637105e-04 6.573567e-04
3.767150e+01 6.475336e-04 5.908247e-04 6.736317e-04 6.781445e-04
3.772350e+01 6.575161e-04 5.929194e-04 6.799624e-04 6.996665e-04
3.777550e+01 6.656731e-04 5.921248e-04 6.833190e-04 7.215756e-04
3.782750e+01 6.721690e-04 5.889763e-04 6.844798e-04 7.430508e-04
3.787950e+01 6.771275e-04 5.841171e-04 6.842058e-04 7.630596e-04
3.793150e+01 6.807039e-04 5.782718e-04 6.830950e-04 7.807449e-04
3.798350e+01 6.831601e-04 5.721837e-04 6.815128e-04 7.957838e-04
3.803550e+01 6.848992e-04 5.665089e-04 6.796153e-04 8.085734e-04
3.808750e+01 6.864400e-04 5.617024e-04 6.774517e-04 8.201659e-04
3.813950e+01 6.883431e-04 5.579550e-04 6.751015e-04 8.319727e-04
3.819150e+01 6.911179e-04 5.552265e-04 6.727891e-04 8.453380e-04
3.824350e+01 6.951393e-04 5.533721e-04 6.709205e-04 8.611252e-04
3.829550e+01 7.005881e-04 5.522982e-04 6.700144e-04 8.794518e-04
3.834750e+01 7.074209e-04 5.520572e-04 6.705393e-04 8.996662e-04
3.839950e+01 7.153729e-04 5.528188e-04 6.727154e-04 9.205844e-04
3.845150e+01 7.240032e-04 5.547234e-04 6.763619e-04 9.409243e-04
3.850350e+01 7.327845e-04 5.576930e-04 6.808681e-04 9.597925e-04
3.855550e+01 7.412197e-04 5.613025e-04 6.853193e-04 9.770372e-04
3.860750e+01 7.489438e-04 5.647842e-04 6.887472e-04 9.933000e-04
3.865950e+01 7.557594e-04 5.671714e-04 6.904104e-04 1.009696e-03
3.871150e+01 7.615757e-04 5.675268e-04 6.899996e-04 1.027201e-03
3.876350e+01 7.662713e-04 5.651699e-04 6.876900e-04 1.045954e-03
3.881550e+01 7.695471e-04 5.598318e-04 6.840346e-04 1.064775e-03
3.886750e+01 7.708539e-04 5.517019e-04 6.797549e-04 1.081105e-03
3.891950e+01 7.694518e-04 5.413715e-04 6.755153e-04 1.091469e-03
3.897150e+01 7.645963e-04 5.297058e-04 6.717516e-04 1.092332e-03
3.902350e+01 7.557853e-04 5.176842e-04 6.685893e-04 1.081082e-03
3.907550e+01 7.429644e-04 5.062439e-04 6.658528e-04 1.056796e-03
3.912750e+01 7.266084e-04 4.961476e-04 6.631517e-04 1.020526e-03
3.917950e+01 7.076432e-04 4.878839e-04 6.600260e-04 9.750199e-04
3.923150e+01 6.872411e-04 4.816033e-04 6.561193e-04 9.240006e-04
3.928350e+01 6.665693e-04 4.770973e-04 6.513365e-04 8.712741e-04
3.933550e+01 6.465827e-04 4.738320e-04 6.459275e-04 8.199887e-04
3.938750e+01 6.279229e-04 4.710510e-04 6.404568e-04 7.722610e-04
3.943950e+01 6.109399e-04 4.679488e-04 6.356565e-04 7.292145e-04
3.949150e+01 5.958007e-04 4.638935e-04 6.322106e-04 6.912980e-04
3.954350e+01 5.826202e-04 4.586429e-04 6.305509e-04 6.586668e-04
3.959550e+01 5.715511e-04 4.524834e-04 6.307407e-04 6.314291e-04
3.964750e+01 5.627960e-04 4.462280e-04 6.324837e-04 6.096761e-04
3.969950e+01 5.565445e-04 4.410499e-04 6.352430e-04 5.933405e-04
3.975150e+01 5.528723e-04 4.381930e-04 6.384084e-04 5.820155e-04
3.980350e+01 5.516514e-04 4.386485e-04 6.414395e-04 5.748661e-04
3.985550e+01 5.525137e-04 4.429070e-04 6.439310e-04 5.707032e-04
3.990750e+01 5.548856e-04 4.508671e-04 6.455908e-04 5.681989e-04
3.995950e+01 5.580832e-04 4.619185e-04 6.461711e-04 5.661601e-04
4.001150e+01 5.614413e-04 4.751496e-04 6.454185e-04 5.637558e-04
4.006350e+01 5.644379e-04 4.895901e-04 6.430938e-04 5.606297e-04
4.011550e+01 5.667836e-04 5.043978e-04 6.390769e-04 5.568762e-04
4.016750e+01 5.684563e-04 5.189420e-04 6.335121e-04 5.529146e-04
4.021950e+01 5.696720e-04 5.327845e-04 6.269192e-04 5.493121e-04
4.027150e+01 5.708008e-04 5.456050e-04 6.201910e-04 5.466065e-04
4.032350e+01 5.722430e-04 5.571245e-04 6.144422e-04 5.451622e-04
4.037550e+01 5.742919e-04 5.670679e-04 6.107305e-04 5.450772e-04
4.042750e+01 5.770214e-04 5.751735e-04 6.097344e-04 5.461563e-04
4.047950e+01 5.802326e-04 5.812391e-04 6.115019e-04 5.479567e-04
4.053150e+01 5.834852e-04 5.851778e-04 6.153781e-04 5.498996e-04
4.058350e+01 5.862136e-04 5.870636e-04 6.201653e-04 5.514120e-04
4.063550e+01 5.878905e-04 5.871477e-04 6.244789e-04 5.520450e-04
4.068750e+01 5.881798e-04 5.858334e-04 6.271826e-04 5.515234e-04
4.073950e+01 5.870202e-04 5.836081e-04 6.277395e-04 5.497129e-04
4.079150e+01 5.846105e-04 5.809437e-04 6.263434e-04 5.465444e-04
4.084350e+01 5.813121e-04 5.781956e-04 6.237840e-04 5.419565e-04
4.089550e+01 5.775224e-04 5.755408e-04 6.211145e-04 5.359119e-04
4.094750e+01 5.735828e-04 5.729851e-04 6.192695e-04 5.284938e-04
4.099950e+01 5.697592e-04 5.704432e-04 6.187950e-04 5.200395e-04
4.105150e+01 5.662924e-04 5.678587e-04 6.197843e-04 5.112341e-04
4.110350e+01 5.634729e-04 5.653107e-04 6.220128e-04 5.030953e-04
4.115550e+01 5.616854e-04 5.630583e-04 6.251762e-04 4.968217e-04
4.120750e+01 5.613825e-04 5.615034e-04 6.291083e-04 4.935357e-04
4.125950e+01 5.629910e-04 5.610930e-04 6.338804e-04 4.939997e-04
4.131150e+01 5.667882e-04 5.622059e-04 6.397566e-04 4.984021e-04
4.136350e+01 5.728004e-04 5.650746e-04 6.470391e-04 5.062874e-04
4.141550e+01 5.807645e-04 5.697672e-04 6.558760e-04 5.166503e-04
4.146750e+01 5.901619e-04 5.762240e-04 6.661081e-04 5.281535e-04
4.151950e+01 6.003070e-04 5.843162e-04 6.772112e-04 5.393935e-04
4.157150e+01 6.104626e-04 5.938915e-04 6.883624e-04 5.491338e-04
4.162350e+01 6.199583e-04 6.047917e-04 6.986236e-04 5.564597e-04
4.167550e+01 6.282988e-04 6.168506e-04 7.071974e-04 5.608485e-04
4.172750e+01 6.352493e-04 6.298940e-04 7.136792e-04 5.621748e-04
4.177950e+01 6.408796e-04 6.437507e-04 7.182121e-04 5.606759e-04
4.183150e+01 6.455416e-04 6.582647e-04 7.214714e-04 5.568888e-04
4.188350e+01 6.497663e-04 6.732778e-04 7.244602e-04 5.515610e-04
4.193550e+01 6.540929e-04 6.885657e-04 7.281704e-04 5.455425e-04
4.198750e+01 6.588767e-04 7.037356e-04 7.332218e-04 5.396727e-04
4.203950e+01 6.641406e-04 7.181283e-04 7.396092e-04 5.346842e-04
4.209150e+01 6.695237e-04 7.307822e-04 7.466515e-04 5.311375e-04
4.214350e+01 6.743512e-04 7.405055e-04 7.531609e-04 5.293870e-04
4.219550e+01 6.778040e-04 7.460674e-04 7.577706e-04 5.295741e-04
4.224750e+01 6.791398e-04 7.464680e-04 7.593082e-04 5.316431e-04
4.229950e+01 6.779012e-04 7.412138e-04 7.571049e-04 5.353851e-04
4.235150e+01 6.740614e-04 7.305073e-04 7.511712e-04 5.405058e-04
4.240350e+01 6.680708e-04 7.152877e-04 7.422245e-04 5.467002e-04
4.245550e+01 6.607990e-04 6.971056e-04 7.315933e-04 5.536982e-04
4.250750e+01 6.533861e-04 6.778725e-04 7.210273e-04 5.612586e-04
4.255950e+01 6.470379e-04 6.595620e-04 7.124371e-04 5.691147e-04
4.261150e+01 6.428157e-04 6.439402e-04 7.075919e-04 5.769151e-04
4.266350e+01 6.414673e-04 6.323769e-04 7.078168e-04 5.842081e-04
4.271550e+01 6.433337e-04 6.257489e-04 7.137577e-04 5.904947e-04
4.276750e+01 6.483410e-04 6.244198e-04 7.252789e-04 5.953242e-04
4.281950e+01 6.560601e-04 6.282731e-04 7.415248e-04 5.983825e-04
4.287150e+01 6.658084e-04 6.367779e-04 7.611188e-04 5.995283e-04
4.292350e+01 6.767617e-04 6.490807e-04 7.824281e-04 5.987761e-04
4.297550e+01 6.880617e-04 6.641173e-04 8.038109e-04 5.962569e-04
4.302750e+01 6.989116e-04 6.807423e-04 8.238001e-04 5.921923e-04
4.307950e+01 7.086618e-04 6.978667e-04 8.412291e-04 5.868895e-04
4.313150e+01 7.168849e-04 7.145938e-04 8.553311e-04 5.807299e-04
4.318350e+01 7.234294e-04 7.303312e-04 8.658303e-04 5.741268e-04
4.323550e+01 7.284336e-04 7.448524e-04 8.729964e-04 5.674520e-04
4.328750e+01 7.322824e-04 7.582805e-04 8.776009e-04 5.609657e-04
4.333950e+01 7.355035e-04 7.709842e-04 8.807298e-04 5.547965e-04
4.339150e+01 7.386234e-04 7.834113e-04 8.834702e-04 5.489888e-04
4.344350e+01 7.420226e-04 7.959197e-04 8.865585e-04 5.435897e-04
4.349550e+01 7.458377e-04 8.086747e-04 8.901163e-04 5.387222e-04
4.354750e+01 7.499420e-04 8.216560e-04 8.935715e-04 5.345985e-04
4.359950e+01 7.540096e-04 8.347609e-04 8.957998e-04 5.314681e-04
4.365150e+01 7.576365e-04 8.479369e-04 8.954397e-04 5.295331e-04
4.370350e+01 7.604733e-04 8.612595e-04 8.912824e-04 5.288779e-04
4.375550e+01 7.623180e-04 8.748992e-04 8.826127e-04 5.294422e-04
4.380750e+01 7.631386e-04 8.889834e-04 8.693964e-04 5.310361e-04
4.385950e+01 7.630202e-04 9.034211e-04 8.522612e-04 5.333782e-04
4.391150e+01 7.620674e-04 9.177759e-04 8.322877e-04 5.361385e-04
4.396350e+01 7.603103e-04 9.312538e-04 8.106970e-04 5.389800e-04
4.401550e+01 7.576574e-04 9.428144e-04 7.885514e-04 5.416064e-04
4.406750e+01 7.539191e-04 9.513715e-04 7.665682e-04 5.438176e-04
4.411950e+01 7.488908e-04 9.560275e-04 7.450874e-04 5.455574e-04
4.417150e+01 7.424616e-04 9.562920e-04 7.241632e-04 5.469296e-04
4.422350e+01 7.347040e-04 9.522411e-04 7.037086e-04 5.481624e-04
4.427550e+01 7.259040e-04 9.445691e-04 6.836164e-04 5.495265e-04
4.432750e+01 7.165141e-04 9.344864e-04 6.638118e-04 5.512440e-04
4.437950e+01 7.070398e-04 9.234468e-04 6.442406e-04 5.534321e-04
4.443150e+01 6.979016e-04 9.127623e-04 6.248299e-04 5.561126e-04
4.448350e+01 6.893270e-04 9.032363e-04 6.054711e-04 5.592736e-04
4.453550e+01 6.813241e-04 8.949754e-04 5.860554e-04 5.629413e-04
4.458750e+01 6.737491e-04 8.874707e-04 5.665630e-04 5.672137e-04
4.463950e+01 6.664435e-04 8.799164e-04 5.471733e-04 5.722408e-04
4.469150e+01 6.593777e-04 8.716113e-04 5.283514e-04 5.781705e-04
4.474350e+01 6.527382e-04 8.622529e-04 5.108662e-04 5.850956e-04
4.479550e+01 6.469154e-04 8.520059e-04 4.957222e-04 5.930182e-04
4.484750e+01 6.423924e-04 8.413470e-04 4.840091e-04 6.018212e-04
4.489950e+01 6.395746e-04 8.307998e-04 4.767002e-04 6.112238e-04
4.495150e+01 6.386223e-04 8.206990e-04 4.744446e-04 6.207232e-04
4.500350e+01 6.393488e-04 8.110802e-04 4.774008e-04 6.295652e-04
4.505550e+01 6.412262e-04 8.017159e-04 4.851570e-04 6.368059e-04
4.510750e+01 6.435051e-04 7.922535e-04 4.967696e-04 6.414920e-04
4.515950e+01 6.454149e-04 7.823933e-04 5.109270e-04 6.429243e-04
4.521150e+01 6.463828e-04 7.720437e-04 5.262032e-04 6.409016e-04
4.526350e+01 6.461932e-04 7.614133e-04 5.413327e-04 6.358335e-04
4.531550e+01 6.450279e-04 7.510092e-04 5.554154e-04 6.286591e-04
4.536750e+01 6.433716e-04 7.415336e-04 5.679846e-04 6.205965e-04
4.541950e+01 6.418168e-04 7.336984e-04 5.789315e-04 6.128204e-04
4.547150e+01 6.408472e-04 7.280078e-04 5.883464e-04 6.061873e-04
4.552350e+01 6.406808e-04 7.245796e-04 5.963693e-04 6.010934e-04
4.557550e+01 6.412245e-04 7.230741e-04 6.031193e-04 5.974802e-04
4.562750e+01 6.421389e-04 7.227631e-04 6.087077e-04 5.949458e-04
4.567950e+01 6.429649e-04 7.227235e-04 6.132783e-04 5.928928e-04
4.573150e+01 6.432537e-04 7.220892e-04 6.170063e-04 5.906654e-04
4.578350e+01 6.426551e-04 7.202732e-04 6.200327e-04 5.876592e-04
4.583550e+01 6.409546e-04 7.170811e-04 6.223695e-04 5.834133e-04
4.588750e+01 6.380747e-04 7.126845e-04 6.238496e-04 5.776898e-04
4.593950e+01 6.340580e-04 7.074774e-04 6.241699e-04 5.705267e-04
4.599150e+01 6.290435e-04 7.018805e-04 6.230186e-04 5.622313e-04
4.604350e+01 6.232275e-04 6.961671e-04 6.202210e-04 5.532944e-04
4.609550e+01 6.168076e-04 6.903632e-04 6.158258e-04 5.442336e-04
4.614750e+01 6.099142e-04 6.842361e-04 6.100901e-04 5.354164e-04
4.619950e+01 6.025551e-04 6.773603e-04 6.033719e-04 5.269331e-04
4.625150e+01 5.946010e-04 6.692344e-04 5.959890e-04 5.185795e-04
4.630350e+01 5.858298e-04 6.594198e-04 5.881064e-04 5.099633e-04
4.635550e+01 5.760219e-04 6.476721e-04 5.796988e-04 5.006949e-04
4.640750e+01 5.650688e-04 6.340287e-04 5.705974e-04 4.905804e-04
4.645950e+01 5.530515e-04 6.188228e-04 5.605963e-04 4.797352e-04
4.651150e+01 5.402548e-04 6.026124e-04 5.495751e-04 4.685768e-04
4.656350e+01 5.271154e-04 5.860456e-04 5.375876e-04 4.577129e-04
4.661550e+01 5.141291e-04 5.697170e-04 5.248878e-04 4.477825e-04
4.666750e+01 5.017595e-04 5.540771e-04 5.118888e-04 4.393127e-04
4.671950e+01 4.903807e-04 5.394318e-04 4.990837e-04 4.326265e-04
4.677150e+01 4.802651e-04 5.260259e-04 4.869660e-04 4.278033e-04
4.682350e+01 4.716033e-04 5.141531e-04 4.759812e-04 4.246756e-04
4.687550e+01 4.645248e-04 5.042185e-04 4.665088e-04 4.228470e-04
4.692750e+01 4.590936e-04 4.966931e-04 4.588553e-04 4.217324e-04
4.697950e+01 4.552689e-04 4.919554e-04 4.532265e-04 4.206249e-04
4.703150e+01 4.528491e-04 4.900829e-04 4.496715e-04 4.187928e-04
4.708350e+01 4.514381e-04 4.906993e-04 4.480179e-04 4.155970e-04
4.713550e+01 4.504760e-04 4.929764e-04 4.478445e-04 4.106073e-04
4.718750e+01 4.493500e-04 4.958224e-04 4.485332e-04 4.036944e-04
4.723950e+01 4.475587e-04 4.981946e-04 4.494098e-04 3.950717e-04
4.729150e+01 4.448697e-04 4.993996e-04 4.499379e-04 3.852714e-04
4.734350e+01 4.413983e-04 4.992507e-04 4.498914e-04 3.750527e-04
4.739550e+01 4.375695e-04 4.980203e-04 4.494325e-04 3.652557e-04
4.744750e+01 4.339731e-04 4.962352e-04 4.490531e-04 3.566311e-04
4.749950e+01 4.311693e-04 4.944303e-04 4.493923e-04 3.496851e-04
4.755150e+01 4.295150e-04 4.929763e-04 4.509914e-04 3.445773e-04
4.760350e+01 4.290653e-04 4.920299e-04 4.540700e-04 3.410962e-04
4.765550e+01 4.295666e-04 4.915770e-04 4.583999e-04 3.387229e-04
4.770750e+01 4.305280e-04 4.915009e-04 4.633176e-04 3.367654e-04
4.775950e+01 4.313401e-04 4.916214e-04 4.678694e-04 3.345295e-04
4.781150e+01 4.314060e-04 4.916991e-04 4.710396e-04 3.314793e-04
4.786350e+01 4.302549e-04 4.914368e-04 4.719860e-04 3.273419e-04
4.791550e+01 4.276198e-04 4.905153e-04 4.702128e-04 3.221313e-04
4.796750e+01 4.234703e-04 4.886732e-04 4.656399e-04 3.160979e-04
4.801950e+01 4.180042e-04 4.858049e-04 4.585716e-04 3.096361e-04
4.807150e+01 4.116097e-04 4.820365e-04 4.495989e-04 3.031938e-04
4.812350e+01 4.048103e-04 4.777398e-04 4.394768e-04 2.972145e-04
4.817550e+01 3.981975e-04 4.734726e-04 4.290064e-04 2.921136e-04
4.822750e+01 3.923509e-04 4.698559e-04 4.189296e-04 2.882671e-04
4.827950e+01 3.877456e-04 4.674203e-04 4.098352e-04 2.859813e-04
4.833150e+01 3.846581e-04 4.664630e-04 4.020805e-04 2.854308e-04
4.838350e+01 3.830957e-04 4.669546e-04 3.957499e-04 2.865828e-04
4.843550e+01 3.827835e-04 4.685237e-04 3.906778e-04 2.891491e-04
4.848750e+01 3.832288e-04 4.705277e-04 3.865507e-04 2.926080e-04
4.853950e+01 3.838580e-04 4.721925e-04 3.830718e-04 2.963096e-04
4.859150e+01 3.841850e-04 4.727850e-04 3.801318e-04 2.996382e-04
4.864350e+01 3.839525e-04 4.717698e-04 3.779133e-04 3.021744e-04
4.869550e+01 3.831940e-04 4.689111e-04 3.768745e-04 3.037965e-04
4.874750e+01 3.821983e-04 4.643027e-04 3.776100e-04 3.046823e-04
4.879950e+01 3.813977e-04 4.583304e-04 3.806442e-04 3.052185e-04
4.885150e+01 3.812332e-04 4.515967e-04 3.862477e-04 3.058552e-04
4.890350e+01 3.820501e-04 4.448334e-04 3.943518e-04 3.069651e-04
4.895550e+01 3.840549e-04 4.388261e-04 4.045816e-04 3.087571e-04
4.900750e+01 3.873297e-04 4.343513e-04 4.163708e-04 3.112669e-04
4.905950e+01 3.918738e-04 4.321206e-04 4.290862e-04 3.144145e-04
4.911150e+01 3.976383e-04 4.327175e-04 4.421082e-04 3.180892e-04
4.916350e+01 4.045294e-04 4.365219e-04 4.548489e-04 3.222173e-04
4.921550e+01 4.123822e-04 4.436281e-04 4.667339e-04 3.267844e-04
4.926750e+01 4.209243e-04 4.537777e-04 4.771849e-04 3.318103e-04
4.931950e+01 4.297587e-04 4.663344e-04 4.856345e-04 3.373072e-04
4.937150e+01 4.383879e-04 4.803265e-04 4.915823e-04 3.432548e-04
4.942350e+01 4.462881e-04 4.945658e-04 4.946843e-04 3.496140e-04
4.947550e+01 4.530174e-04 5.078258e-04 4.948561e-04 3.563702e-04
4.952750e+01 4.583270e-04 5.190409e-04 4.923630e-04 3.635770e-04
4.957950e+01 4.622348e-04 5.274772e-04 4.878587e-04 3.713684e-04
4.963150e+01 4.650307e-04 5.328339e-04 4.823354e-04 3.799227e-04
4.968350e+01 4.672044e-04 5.352579e-04 4.769678e-04 3.893875e-04
4.973550e+01 4.693146e-04 5.352791e-04 4.728722e-04 3.997924e-04
4.978750e+01 4.718387e-04 5.336857e-04 4.708498e-04 4.109805e-04
4.983950e+01 4.750498e-04 5.313658e-04 4.712015e-04 4.225822e-04
4.989150e+01 4.789554e-04 5.291383e-04 4.736876e-04 4.340402e-04
4.994350e+01 4.833100e-04 5.276002e-04 4.776447e-04 4.446851e-04
4.999550e+01 4.876937e-04 5.270218e-04 4.822115e-04 4.538478e-04
5.004750e+01 4.916297e-04 5.273214e-04 4.865769e-04 4.609908e-04
5.009950e+01 4.947105e-04 5.281368e-04 4.901661e-04 4.658286e-04
5.015150e+01 4.967039e-04 5.289811e-04 4.927254e-04 4.684053e-04
5.020350e+01 4.976156e-04 5.294352e-04 4.943107e-04 4.691010e-04
5.025550e+01 4.976915e-04 5.293056e-04 4.952139e-04 4.685550e-04
5.030750e+01 4.973590e-04 5.286890e-04 4.958640e-04 4.675241e-04
5.035950e+01 4.971215e-04 5.279168e-04 4.967269e-04 4.667208e-04
5.041150e+01 4.974361e-04 5.274110e-04 4.982162e-04 4.666812e-04
5.046350e+01 4.986122e-04 5.275174e-04 5.006235e-04 4.676957e-04
5.051550e+01 5.007569e-04 5.283902e-04 5.040783e-04 4.698023e-04
5.056750e+01 5.037761e-04 5.299709e-04 5.085436e-04 4.728138e-04
5.061950e+01 5.074174e-04 5.320553e-04 5.138417e-04 4.763552e-04
5.067150e+01 5.113358e-04 5.344011e-04 5.196999e-04 4.799065e-04
5.072350e+01 5.151616e-04 5.368158e-04 5.257992e-04 4.828697e-04
5.077550e+01 5.185613e-04 5.391858e-04 5.318217e-04 4.846762e-04
5.082750e+01 5.212862e-04 5.414418e-04 5.374948e-04 4.849221e-04
5.087950e+01 5.232037e-04 5.434907e-04 5.426365e-04 4.834840e-04
5.093150e+01 5.243070e-04 5.451660e-04 5.471927e-04 4.805624e-04
5.098350e+01 5.247039e-04 5.462380e-04 5.512521e-04 4.766216e-04
5.103550e+01 5.245908e-04 5.465030e-04 5.550217e-04 4.722475e-04
5.108750e+01 5.242240e-04 5.459287e-04 5.587607e-04 4.679825e-04
5.113950e+01 5.238963e-04 5.447991e-04 5.626832e-04 4.642065e-04
5.119150e+01 5.239176e-04 5.437870e-04 5.668605e-04 4.611053e-04
5.124350e+01 5.245905e-04 5.438979e-04 5.711502e-04 4.587233e-04
5.129550e+01 5.261719e-04 5.462746e-04 5.751808e-04 4.570602e-04
5.134750e+01 5.288243e-04 5.519098e-04 5.784060e-04 4.561569e-04
5.139950e+01 5.325729e-04 5.613542e-04 5.802322e-04 4.561324e-04
5.145150e+01 5.372902e-04 5.745158e-04 5.801964e-04 4.571585e-04
5.150350e+01 5.427195e-04 5.906125e-04 5.781529e-04 4.593932e-04
5.155550e+01 5.485289e-04 6.082859e-04 5.743986e-04 4.629021e-04
5.160750e+01 5.543698e-04 6.258331e-04 5.696770e-04 4.675992e-04
5.165950e+01 5.599127e-04 6.414875e-04 5.650276e-04 4.732229e-04
5.171150e+01 5.648488e-04 6.536839e-04 5.615145e-04 4.793479e-04
5.176350e+01 5.688678e-04 6.612620e-04 5.599175e-04 4.854240e-04
5.181550e+01 5.716396e-04 6.635852e-04 5.605015e-04 4.908320e-04
5.186750e+01 5.728235e-04 6.605709e-04 5.629467e-04 4.949528e-04
5.191950e+01 5.721152e-04 6.526385e-04 5.664585e-04 4.972486e-04
5.197150e+01 5.693163e-04 6.405969e-04 5.700018e-04 4.973504e-04
5.202350e+01 5.643988e-04 6.255022e-04 5.725601e-04 4.951342e-04
5.207550e+01 5.575375e-04 6.085222e-04 5.733272e-04 4.907631e-04
5.212750e+01 5.490989e-04 5.908342e-04 5.717897e-04 4.846728e-04
5.217950e+01 5.395933e-04 5.735628e-04 5.677149e-04 4.775023e-04
5.223150e+01 5.296123e-04 5.577461e-04 5.611008e-04 4.699900e-04
5.228350e+01 5.197697e-04 5.442975e-04 5.521400e-04 4.628717e-04
5.233550e+01 5.106561e-04 5.339405e-04 5.412196e-04 4.568083e-04
5.238750e+01 5.027973e-04 5.271077e-04 5.289330e-04 4.523513e-04
5.243950e+01 4.966061e-04 5.238273e-04 5.160623e-04 4.499285e-04
5.249150e+01 4.923203e-04 5.236421e-04 5.034930e-04 4.498259e-04
5.254350e+01 4.899413e-04 5.256137e-04 4.920617e-04 4.521484e-04
5.259550e+01 4.891951e-04 5.284421e-04 4.823769e-04 4.567663e-04
5.264750e+01 4.895444e-04 5.306911e-04 4.746731e-04 4.632689e-04
5.269950e+01 4.902608e-04 5.310653e-04 4.687579e-04 4.709591e-04
5.275150e+01 4.905494e-04 5.286591e-04 4.640743e-04 4.789147e-04
5.280350e+01 4.896978e-04 5.231037e-04 4.598645e-04 4.861251e-04
5.285550e+01 4.872149e-04 5.145755e-04 4.553839e-04 4.916853e-04
5.290750e+01 4.829271e-04 5.036805e-04 4.501003e-04 4.950005e-04
5.295950e+01 4.770059e-04 4.912659e-04 4.438188e-04 4.959328e-04
5.301150e+01 4.699156e-04 4.782262e-04 4.366988e-04 4.948219e-04
5.306350e+01 4.622893e-04 4.653547e-04 4.291637e-04 4.923494e-04
5.311550e+01 4.547618e-04 4.532667e-04 4.217379e-04 4.892808e-04
5.316750e+01 4.478125e-04 4.423857e-04 4.148707e-04 4.861812e-04
5.321950e+01 4.416674e-04 4.329689e-04 4.088061e-04 4.832272e-04
5.327150e+01 4.362943e-04 4.251400e-04 4.035429e-04 4.802001e-04
5.332350e+01 4.314861e-04 4.189088e-04 3.988916e-04 4.766579e-04
5.337550e+01 4.269903e-04 4.141695e-04 3.945989e-04 4.722026e-04
5.342750e+01 4.226291e-04 4.106876e-04 3.904859e-04 4.667140e-04
5.347950e+01 4.183614e-04 4.080927e-04 3.865430e-04 4.604486e-04
5.353150e+01 4.142723e-04 4.058933e-04 3.829463e-04 4.539773e-04
5.358350e+01 4.105077e-04 4.035258e-04 3.799918e-04 4.480054e-04
5.363550e+01 4.071934e-04 4.004350e-04 3.779802e-04 4.431649e-04
5.368750e+01 4.043754e-04 3.961733e-04 3.770955e-04 4.398574e-04
5.373950e+01 4.020014e-04 3.904913e-04 3.773211e-04 4.381919e-04
5.379150e+01 3.999402e-04 3.833918e-04 3.784139e-04 4.380149e-04
5.384350e+01 3.980179e-04 3.751231e-04 3.799335e-04 4.389971e-04
5.389550e+01 3.960510e-04 3.661082e-04 3.813124e-04 4.407323e-04
5.394750e+01 3.938630e-04 3.568307e-04 3.819473e-04 4.428109e-04
5.399950e+01 3.912889e-04 3.477174e-04 3.812958e-04 4.448536e-04
5.405150e+01 3.881775e-04 3.390563e-04 3.789642e-04 4.465122e-04
5.410350e+01 3.844008e-04 3.309746e-04 3.747668e-04 4.474609e-04
5.415550e+01 3.798713e-04 3.234681e-04 3.687444e-04 4.474012e-04
5.420750e+01 3.745604e-04 3.164566e-04 3.611335e-04 4.460911e-04
5.425950e+01 3.685067e-04 3.098347e-04 3.522993e-04 4.433860e-04
5.431150e+01 3.618078e-04 3.034972e-04 3.426570e-04 4.392692e-04
5.436350e+01 3.545980e-04 2.973422e-04 3.326060e-04 4.338457e-04
5.441550e+01 3.470176e-04 2.912648e-04 3.224927e-04 4.272952e-04
5.446750e+01 3.391852e-04 2.851567e-04 3.125999e-04 4.197991e-04
5.451950e+01 3.311822e-04 2.789174e-04 3.031506e-04 4.114787e-04
5.457150e+01 3.230557e-04 2.724761e-04 2.943137e-04 4.023774e-04
5.462350e+01 3.148399e-04 2.658138e-04 2.862059e-04 3.925000e-04
5.467550e+01 3.065883e-04 2.589788e-04 2.788925e-04 3.818937e-04
5.472750e+01 2.984019e-04 2.520874e-04 2.723891e-04 3.707291e-04
5.477950e+01 2.904380e-04 2.453100e-04 2.666666e-04 3.593374e-04
5.483150e+01 2.828915e-04 2.388428e-04 2.616569e-04 3.481748e-04
5.488350e+01 2.759493e-04 2.328730e-04 2.572574e-04 3.377175e-04
5.493550e+01 2.697350e-04 2.275425e-04 2.533361e-04 3.283264e-04
5.498750e+01 2.642643e-04 2.229193e-04 2.497415e-04 3.201319e-04
5.503950e+01 2.594306e-04 2.189804e-04 2.463220e-04 3.129894e-04
5.509150e+01 2.550283e-04 2.156105e-04 2.429501e-04 3.065244e-04
5.514350e+01 2.508063e-04 2.126210e-04 2.395460e-04 3.002519e-04
5.519550e+01 2.465325e-04 2.097861e-04 2.360871e-04 2.937242e-04
5.524750e+01 2.420478e-04 2.068918e-04 2.325982e-04 2.866533e-04
5.529950e+01 2.372917e-04 2.037852e-04 2.291269e-04 2.789631e-04
5.535150e+01 2.322941e-04 2.004082e-04 2.257124e-04 2.707619e-04
5.540350e+01 2.271405e-04 1.968033e-04 2.223625e-04 2.622556e-04
5.545550e+01 2.219268e-04 1.930914e-04 2.190427e-04 2.536463e-04
5.550750e+01 2.167223e-04 1.894297e-04 2.156788e-04 2.450583e-04
5.555950e+01 2.115517e-04 1.859673e-04 2.121687e-04 2.365189e-04
5.561150e+01 2.064001e-04 1.828114e-04 2.083997e-04 2.279891e-04
5.566350e+01 2.012348e-04 1.800105e-04 2.042726e-04 2.194213e-04
5.571550e+01 1.960313e-04 1.775529e-04 1.997280e-04 2.108129e-04
5.576750e+01 1.907932e-04 1.753754e-04 1.947720e-04 2.022323e-04
5.581950e+01 1.855593e-04 1.733783e-04 1.894882e-04 1.938113e-04
5.587150e+01 1.803948e-04 1.714466e-04 1.840261e-04 1.857117e-04
5.592350e+01 1.753732e-04 1.694722e-04 1.785641e-04 1.780832e-04
5.597550e+01 1.705523e-04 1.673736e-04 1.732537e-04 1.710296e-04
5.602750e+01 1.659543e-04 1.651035e-04 1.681675e-04 1.645919e-04
5.607950e+01 1.615542e-04 1.626410e-04 1.632708e-04 1.587508e-04
5.613150e+01 1.572812e-04 1.599704e-04 1.584310e-04 1.534423e-04
5.618350e+01 1.530322e-04 1.570574e-04 1.534616e-04 1.485778e-04
5.623550e+01 1.486920e-04 1.538350e-04 1.481815e-04 1.440594e-04
5.628750e+01 1.441544e-04 1.502065e-04 1.424693e-04 1.397875e-04
5.633950e+01 1.393391e-04 1.460665e-04 1.362916e-04 1.356592e-04
5.639150e+01 1.342004e-04 1.413327e-04 1.297026e-04 1.315660e-04
5.644350e+01 1.287304e-04 1.359764e-04 1.228201e-04 1.273947e-04
5.649550e+01 1.229572e-04 1.300421e-04 1.157930e-04 1.230365e-04
5.654750e+01 1.169409e-04 1.236477e-04 1.087717e-04 1.184032e-04
5.659950e+01 1.107672e-04 1.169663e-04 1.018907e-04 1.134446e-04
5.665150e+01 1.045387e-04 1.101935e-04 9.526236e-05 1.081603e-04
5.670350e+01 9.836280e-05 1.035102e-04 8.897925e-05 1.025990e-04
5.675550e+01 9.233573e-05 9.704988e-05 8.311377e-05 9.684353e-05
5.680750e+01 8.652490e-05 9.087834e-05 7.771038e-05 9.098598e-05
5.685950e+01 8.095100e-05 8.498789e-05 7.276772e-05 8.509740e-05
5.691150e+01 7.557435e-05 7.930373e-05 6.821707e-05 7.920225e-05
5.696350e+01 7.029175e-05 7.369954e-05 6.390981e-05 7.326592e-05
5.701550e+01 6.495031e-05 6.802079e-05 5.962746e-05 6.720267e-05
5.706750e+01 5.938136e-05 6.211600e-05 5.512167e-05 6.090641e-05
5.711950e+01 5.345041e-05 5.587478e-05 5.017819e-05 5.429827e-05
5.717150e+01 4.710948e-05 4.926623e-05 4.468593e-05 4.737627e-05
5.722350e+01 4.043297e-05 4.236620e-05 3.868495e-05 4.024775e-05
5.727550e+01 3.362072e-05 3.536052e-05 3.237268e-05 3.312897e-05
5.732750e+01 2.696296e-05 2.851790e-05 2.606279e-05 2.630819e-05
5.737950e+01 2.077706e-05 2.213736e-05 2.011014e-05 2.008367e-05
5.743150e+01 1.533730e-05 1.648595e-05 1.482798e-05 1.469796e-05
5.748350e+01 1.082070e-05 1.174637e-05 1.042476e-05 1.029096e-05
5.753550e+01 7.283776e-06 7.989890e-06 6.977186e-06 6.884253e-06
5.758750e+01 4.672190e-06 5.179153e-06 4.440716e-06 4.396702e-06
5.763950e+01 2.853530e-06 3.194767e-06 2.685864e-06 2.679959e-06
5.769150e+01 1.658441e-06 1.873163e-06 1.543133e-06 1.559027e-06
5.774350e+01 9.168782e-07 1.042897e-06 8.420457e-07 8.656923e-07
5.779550e+01 4.820552e-07 5.508864e-07 4.363830e-07 4.588962e-07
5.784750e+01 2.409582e-07 2.758650e-07 2.147912e-07 2.322185e-07
5.789950e+01 1.144750e-07 1.308642e-07 1.004151e-07 1.121458e-07
5.795150e+01 5.166829e-08 5.876494e-08 4.458678e-08 5.165315e-08
5.800350e+01 2.214339e-08 2.496173e-08 1.880090e-08 2.266755e-08
5.805550e+01 9.004742e-09 1.002250e-08 7.526464e-09 9.465264e-09
5.810750e+01 3.471723e-09 3.801069e-09 2.859170e-09 3.754929e-09
5.815950e+01 1.267813e-09 1.360668e-09 1.030023e-09 1.412749e-09
5.821150e+01 4.380760e-10 4.594075e-10 3.516025e-10 5.032180e-10
5.826350e+01 1.430643e-10 1.461919e-10 1.136064e-10 1.693946e-10
5.831550e+01 4.409058e-11 4.379146e-11 3.469411e-11 5.378619e-11
5.836750e+01 1.279317e-11 1.232990e-11 9.979440e-12 1.607015e-11
5.841950e+01 3.473660e-12 3.237114e-12 2.691238e-12 4.492627e-12
5.847150e+01 8.771600e-13 7.906402e-13 6.699295e-13 1.170910e-12
5.852350e+01 2.034398e-13 1.733051e-13 1.542369e-13 2.827773e-13
5.857550e+01 4.288076e-14 3.231248e-14 3.126102e-14 6.506877e-14
5.862750e+01 6.796669e-15 2.019738e-15 5.456296e-15 1.291397e-14
5.867950e+01 0.000000e+00 0.000000e+00 0.000000e+00 0.000000e+00
5.873150e+01 0.000000e+00 0.000000e+00 0.000000e+00 0.000000e+00
5.878350e+01 0.000000e+00 0.000000e+00 0.000000e+00 0.000000e+00
5.883550e+01 0.000000e+00 0.000000e+00 0.000000e+00 0.000000e+00
5.888750e+01 0.000000e+00 0.000000e+00 0.000000e+00 0.000000e+00
5.893950e+01 0.000000e+00 0.000000e+00 0.000000e+00 0.000000e+00
5.899150e+01 0.000000e+00 0.000000e+00 0.000000e+00 0.000000e+00
5.904350e+01 0.000000e+00 0.000000e+00 0.000000e+00 0.000000e+00
5.909550e+01 0.000000e+00 0.000000e+00 0.000000e+00 0.000000e+00
5.914750e+01 0.000000e+00 0.000000e+00 0.000000e+00 0.000000e+00
