7.640387e+00 0.000000e+00 0.000000e+00 0.000000e+00 0.000000e+00
7.689358e+00 0.000000e+00 0.000000e+00 0.000000e+00 0.000000e+00
7.738329e+00 0.000000e+00 0.000000e+00 0.000000e+00 0.000000e+00
7.787299e+00 0.000000e+00 0.000000e+00 0.000000e+00 0.000000e+00
7.836270e+00 0.000000e+00 0.000000e+00 0.000000e+00 0.000000e+00
7.885240e+00 0.000000e+00 0.000000e+00 0.000000e+00 0.000000e+00
7.934211e+00 0.000000e+00 0.000000e+00 0.000000e+00 0.000000e+00
7.983182e+00 0.000000e+00 0.000000e+00 0.000000e+00 0.000000e+00
8.032152e+00 0.000000e+00 0.000000e+00 0.000000e+00 0.000000e+00
8.081123e+00 0.000000e+00 0.000000e+00 0.000000e+00 0.000000e+00
8.130093e+00 0.000000e+00 0.000000e+00 0.000000e+00 0.000000e+00
8.179064e+00 0.000000e+00 0.000000e+00 0.000000e+00 0.000000e+00
8.228035e+00 0.000000e+00 0.000000e+00 0.000000e+00 0.000000e+00
8.277005e+00 0.000000e+00 0.000000e+00 0.000000e+00 0.000000e+00
8.325976e+00 0.000000e+00 0.000000e+00 0.000000e+00 0.000000e+00
8.374946e+00 0.000000e+00 0.000000e+00 0.000000e+00 0.000000e+00
8.423917e+00 0.000000e+00 0.000000e+00 0.000000e+00 0.000000e+00
8.472888e+00 0.000000e+00 0.000000e+00 0.000000e+00 0.000000e+00
8.521858e+00 0.000000e+00 0.000000e+00 0.000000e+00 0.000000e+00
8.570829e+00 0.000000e+00 0.000000e+00 0.000000e+00 0.000000e+00
8.619799e+00 0.000000e+00 0.000000e+00 0.000000e+00 0.000000e+00
8.668770e+00 0.000000e+00 0.000000e+00 0.000000e+00 0.000000e+00
8.717741e+00 0.000000e+00 0.000000e+00 0.000000e+00 0.000000e+00
8.766711e+00 0.000000e+00 0.000000e+00 0.000000e+00 0.000000e+00
8.815682e+00 0.000000e+00 0.000000e+00 0.000000e+00 0.000000e+00
8.864652e+00 0.000000e+00 0.000000e+00 0.000000e+00 0.000000e+00
8.913623e+00 0.000000e+00 0.000000e+00 0.000000e+00 0.000000e+00
8.962594e+00 0.000000e+00 0.000000e+00 0.000000e+00 0.000000e+00
9.011564e+00 0.000000e+00 0.000000e+00 0.000000e+00 0.000000e+00
9.060535e+00 0.000000e+00 0.000000e+00 0.000000e+00 0.000000e+00
9.109505e+00 0.000000e+00 0.000000e+00 0.000000e+00 0.000000e+00
9.158476e+00 0.000000e+00 0.000000e+00 0.000000e+00 0.000000e+00
9.207447e+00 0.000000e+00 0.000000e+00 0.000000e+00 0.000000e+00
9.256417e+00 0.000000e+00 0.000000e+00 0.000000e+00 0.000000e+00
9.305388e+00 0.000000e+00 0.000000e+00 0.000000e+00 0.000000e+00
9.354358e+00 0.000000e+00 0.000000e+00 0.000000e+00 0.000000e+00
9.403329e+00 0.000000e+00 0.000000e+00 0.000000e+00 0.000000e+00
9.452300e+00 0.000000e+00 0.000000e+00 0.000000e+00 0.000000e+00
9.501270e+00 0.000000e+00 0.000000e+00 0.000000e+00 0.000000e+00
9.550241e+00 0.000000e+00 0.000000e+00 0.000000e+00 0.000000e+00
9.599211e+00 0.000000e+00 0.000000e+00 0.000000e+00 0.000000e+00
9.648182e+00 0.000000e+00 0.000000e+00 0.000000e+00 0.000000e+00
9.697153e+00 0.000000e+00 0.000000e+00 0.000000e+00 0.000000e+00
9.746123e+00 0.000000e+00 0.000000e+00 0.000000e+00 0.000000e+00
9.795094e+00 0.000000e+00 0.000000e+00 0.000000e+00 0.000000e+00
9.844064e+00 0.000000e+00 0.000000e+00 0.000000e+00 0.000000e+00
9.893035e+00 0.000000e+00 0.000000e+00 0.000000e+00 0.000000e+00
9.942006e+00 0.000000e+00 0.000000e+00 0.000000e+00 0.000000e+00
9.990976e+00 0.000000e+00 0.000000e+00 0.000000e+00 0.000000e+00
1.003995e+01 0.000000e+00 0.000000e+00 0.000000e+00 0.000000e+00
1.008892e+01 0.000000e+00 0.000000e+00 0.000000e+00 0.000000e+00
1.013789e+01 0.000000e+00 0.000000e+00 0.000000e+00 0.000000e+00
1.018686e+01 0.000000e+00 0.000000e+00 0.000000e+00 0.000000e+00
1.023583e+01 0.000000e+00 0.000000e+00 0.000000e+00 0.000000e+00
1.028480e+01 0.000000e+00 0.000000e+00 0.000000e+00 0.000000e+00
1.033377e+01 0.000000e+00 0.000000e+00 0.000000e+00 0.000000e+00
1.038274e+01 0.000000e+00 0.000000e+00 0.000000e+00 0.000000e+00
1.043171e+01 0.000000e+00 0.000000e+00 0.000000e+00 0.000000e+00
1.048068e+01 0.000000e+00 0.000000e+00 0.000000e+00 0.000000e+00
1.052965e+01 0.000000e+00 0.000000e+00 0.000000e+00 0.000000e+00
1.057862e+01 0.000000e+00 0.000000e+00 0.000000e+00 0.000000e+00
1.062759e+01 0.000000e+00 0.000000e+00 0.000000e+00 0.000000e+00
1.067656e+01 0.000000e+00 0.000000e+00 0.000000e+00 0.000000e+00
1.072554e+01 0.000000e+00 0.000000e+00 0.000000e+00 0.000000e+00
1.077451e+01 0.000000e+00 0.000000e+00 0.000000e+00 0.000000e+00
1.082348e+01 0.000000e+00 0.000000e+00 0.000000e+00 0.000000e+00
1.087245e+01 0.000000e+00 0.000000e+00 0.000000e+00 0.000000e+00
1.092142e+01 0.000000e+00 0.000000e+00 0.000000e+00 0.000000e+00
1.097039e+01 0.000000e+00 0.000000e+00 0.000000e+00 0.000000e+00
1.101936e+01 0.000000e+00 0.000000e+00 0.000000e+00 0.000000e+00
1.106833e+01 0.000000e+00 0.000000e+00 0.000000e+00 0.000000e+00
1.111730e+01 0.000000e+00 0.000000e+00 0.000000e+00 0.000000e+00
1.116627e+01 0.000000e+00 0.000000e+00 0.000000e+00 0.000000e+00
1.121524e+01 0.000000e+00 0.000000e+00 0.000000e+00 0.000000e+00
1.126421e+01 0.000000e+00 0.000000e+00 0.000000e+00 0.000000e+00
1.131318e+01 0.000000e+00 0.000000e+00 0.000000e+00 0.000000e+00
1.136215e+01 0.000000e+00 0.000000e+00 0.000000e+00 0.000000e+00
1.141112e+01 0.000000e+00 0.000000e+00 0.000000e+00 0.000000e+00
1.146009e+01 0.000000e+00 0.000000e+00 0.000000e+00 0.000000e+00
1.150906e+01 3.788502e-14 4.334604e-14 6.997780e-14 3.312228e-16
1.155804e+01 3.319286e-13 3.735056e-13 6.001894e-13 2.209094e-14
1.160701e+01 1.679440e-12 1.879355e-12 3.015030e-12 1.439350e-13
1.165598e+01 6.805092e-12 7.602158e-12 1.219279e-11 6.203222e-13
1.170495e+01 2.584383e-11 2.883635e-11 4.628305e-11 2.412101e-12
1.175392e+01 9.292646e-11 1.035738e-10 1.663720e-10 8.833603e-12
1.180289e+01 3.116730e-10 3.470681e-10 5.577188e-10 3.023201e-11
1.185186e+01 9.869803e-10 1.098110e-09 1.765151e-09 9.767990e-11
1.190083e+01 2.964108e-09 3.295116e-09 5.299035e-09 2.981725e-10
1.194980e+01 8.446135e-09 9.382000e-09 1.509633e-08 8.600710e-10
1.199877e+01 2.284589e-08 2.535892e-08 4.083401e-08 2.344727e-09
1.204774e+01 5.868835e-08 6.510101e-08 1.049213e-07 6.042757e-09
1.209671e+01 1.432489e-07 1.588075e-07 2.562139e-07 1.472527e-08
1.214568e+01 3.323638e-07 3.682738e-07 5.948800e-07 3.393771e-08
1.219465e+01 7.333046e-07 8.121829e-07 1.313736e-06 7.399524e-08
1.224362e+01 1.538994e-06 1.703942e-06 2.760373e-06 1.526656e-07
1.229259e+01 3.073018e-06 3.401481e-06 5.519440e-06 2.981333e-07
1.234156e+01 5.838709e-06 6.461598e-06 1.050331e-05 5.512226e-07
1.239054e+01 1.055575e-05 1.168062e-05 1.902146e-05 9.651681e-07
1.243951e+01 1.815625e-05 2.009034e-05 3.277758e-05 1.600827e-06
1.248848e+01 2.970448e-05 3.286962e-05 5.372819e-05 2.515638e-06
1.253745e+01 4.620875e-05 5.113658e-05 8.374342e-05 3.746265e-06
1.258642e+01 6.831893e-05 7.561400e-05 1.240551e-04 5.287676e-06
1.263539e+01 9.595104e-05 1.062134e-04 1.745652e-04 7.074533e-06
1.268436e+01 1.279399e-04 1.416495e-04 2.331974e-04 8.972800e-06
1.273333e+01 1.618652e-04 1.792460e-04 2.955612e-04 1.078859e-05
1.278230e+01 1.941925e-04 2.150893e-04 3.551912e-04 1.229688e-05
1.283127e+01 2.207932e-04 2.446045e-04 4.044894e-04 1.328577e-05
1.288024e+01 2.377752e-04 2.634734e-04 4.362473e-04 1.360494e-05
1.292921e+01 2.424057e-04 2.686594e-04 4.453539e-04 1.320372e-05
1.297818e+01 2.338315e-04 2.592071e-04 4.301407e-04 1.214678e-05
1.302715e+01 2.133387e-04 2.365321e-04 3.928801e-04 1.060394e-05
1.307612e+01 1.840498e-04 2.040865e-04 3.392403e-04 8.822687e-06
1.312509e+01 1.501716e-04 1.665227e-04 2.768889e-04 7.103195e-06
1.317407e+01 1.160699e-04 1.286602e-04 2.137463e-04 5.803330e-06
1.322304e+01 8.550367e-05 9.462072e-05 1.564866e-04 5.403734e-06
1.327201e+01 6.126555e-05 6.740182e-05 1.097354e-04 6.659477e-06
1.332098e+01 4.531834e-05 4.898259e-05 7.611968e-05 1.085275e-05
1.336995e+01 3.934315e-05 4.086692e-05 5.702733e-05 2.013520e-05
1.341892e+01 4.549334e-05 4.483899e-05 5.373801e-05 3.790302e-05
1.346789e+01 6.708681e-05 6.365097e-05 6.852476e-05 6.908471e-05
1.351686e+01 1.089632e-04 1.013713e-04 1.053579e-04 1.201605e-04
1.356583e+01 1.772748e-04 1.631806e-04 1.699318e-04 1.987121e-04
1.361480e+01 2.785859e-04 2.545147e-04 2.688693e-04 3.123737e-04
1.366377e+01 4.183439e-04 3.796375e-04 4.081566e-04 4.672376e-04
1.371274e+01 5.990396e-04 5.399509e-04 5.911275e-04 6.660404e-04
1.376171e+01 8.186138e-04 7.325621e-04 8.165813e-04 9.066981e-04
1.381068e+01 1.069760e-03 9.496931e-04 1.077754e-03 1.181834e-03
1.385965e+01 1.340610e-03 1.179362e-03 1.362722e-03 1.479745e-03
1.390862e+01 1.616851e-03 1.407366e-03 1.656397e-03 1.786791e-03
1.395759e+01 1.884799e-03 1.620114e-03 1.943635e-03 2.090649e-03
1.400657e+01 2.134500e-03 1.807467e-03 2.212543e-03 2.383489e-03
1.405554e+01 2.361896e-03 1.964701e-03 2.456883e-03 2.664104e-03
1.410451e+01 2.569401e-03 2.093009e-03 2.676849e-03 2.938346e-03
1.415348e+01 2.764770e-03 2.198476e-03 2.878084e-03 3.217749e-03
1.420245e+01 2.958720e-03 2.290042e-03 3.069458e-03 3.516660e-03
1.425142e+01 3.161992e-03 2.377178e-03 3.260395e-03 3.848404e-03
1.430039e+01 3.382558e-03 2.468032e-03 3.458538e-03 4.221102e-03
1.434936e+01 3.623450e-03 2.568452e-03 3.668153e-03 4.633745e-03
1.439833e+01 3.881492e-03 2.681863e-03 3.889335e-03 5.073279e-03
1.444730e+01 4.147049e-03 2.809683e-03 4.117844e-03 5.513620e-03
1.449627e+01 4.404860e-03 2.951752e-03 4.345360e-03 5.917467e-03
1.454524e+01 4.635929e-03 3.106401e-03 4.560057e-03 6.241329e-03
1.459421e+01 4.820268e-03 3.270042e-03 4.747508e-03 6.443253e-03
1.464318e+01 4.940055e-03 3.436529e-03 4.891993e-03 6.491644e-03
1.469215e+01 4.982632e-03 3.596798e-03 4.978250e-03 6.372847e-03
1.474112e+01 4.942706e-03 3.739335e-03 4.993603e-03 6.095181e-03
1.479009e+01 4.823354e-03 3.851711e-03 4.930248e-03 5.688104e-03
1.483907e+01 4.635686e-03 3.923010e-03 4.787337e-03 5.196712e-03
1.488804e+01 4.397340e-03 3.946450e-03 4.572321e-03 4.673249e-03
1.493701e+01 4.130104e-03 3.921267e-03 4.301010e-03 4.168035e-03
1.498598e+01 3.857023e-03 3.853049e-03 3.995973e-03 3.722048e-03
1.503495e+01 3.599371e-03 3.752274e-03 3.683357e-03 3.362481e-03
1.508392e+01 3.373928e-03 3.631483e-03 3.388762e-03 3.101539e-03
1.513289e+01 3.191152e-03 3.502237e-03 3.133270e-03 2.937948e-03
1.518186e+01 3.054763e-03 3.373094e-03 2.930799e-03 2.860395e-03
1.523083e+01 2.963025e-03 3.249500e-03 2.787500e-03 2.852074e-03
1.527980e+01 2.911442e-03 3.135563e-03 2.703207e-03 2.895556e-03
1.532877e+01 2.896006e-03 3.036771e-03 2.674183e-03 2.977063e-03
1.537774e+01 2.915809e-03 2.962238e-03 2.696042e-03 3.089147e-03
1.542671e+01 2.973989e-03 2.925257e-03 2.765797e-03 3.230913e-03
1.547568e+01 3.076598e-03 2.941713e-03 2.882503e-03 3.405576e-03
1.552465e+01 3.229800e-03 3.026852e-03 3.046518e-03 3.616030e-03
1.557362e+01 3.436453e-03 3.191489e-03 3.257852e-03 3.860020e-03
1.562260e+01 3.693255e-03 3.438729e-03 3.514236e-03 4.126800e-03
1.567157e+01 3.989332e-03 3.761861e-03 3.809418e-03 4.396717e-03
1.572054e+01 4.306539e-03 4.143563e-03 4.131996e-03 4.644059e-03
1.576951e+01 4.621205e-03 4.556377e-03 4.465011e-03 4.842227e-03
1.581848e+01 4.906810e-03 4.964557e-03 4.786442e-03 4.969432e-03
1.586745e+01 5.137113e-03 5.327543e-03 5.070799e-03 5.012997e-03
1.591642e+01 5.289361e-03 5.605189e-03 5.291876e-03 4.971018e-03
1.596539e+01 5.347285e-03 5.764204e-03 5.426459e-03 4.851192e-03
1.601436e+01 5.303486e-03 5.784469e-03 5.458353e-03 4.667635e-03
1.606333e+01 5.160732e-03 5.663402e-03 5.381776e-03 4.437019e-03
1.611230e+01 4.931763e-03 5.416862e-03 5.203079e-03 4.175347e-03
1.616127e+01 4.637466e-03 5.076099e-03 4.940122e-03 3.896176e-03
1.621024e+01 4.303741e-03 4.681579e-03 4.619247e-03 3.610396e-03
1.625921e+01 3.957704e-03 4.275445e-03 4.270567e-03 3.327098e-03
1.630818e+01 3.623992e-03 3.894571e-03 3.922727e-03 3.054676e-03
1.635715e+01 3.321806e-03 3.565622e-03 3.598424e-03 2.801373e-03
1.640612e+01 3.063051e-03 3.302712e-03 3.311610e-03 2.574831e-03
1.645510e+01 2.851676e-03 3.107474e-03 3.066783e-03 2.380771e-03
1.650407e+01 2.684200e-03 2.970973e-03 2.860190e-03 2.221438e-03
1.655304e+01 2.551304e-03 2.876835e-03 2.682417e-03 2.094659e-03
1.660201e+01 2.440311e-03 2.805058e-03 2.521687e-03 1.994186e-03
1.665098e+01 2.338227e-03 2.736069e-03 2.367184e-03 1.911426e-03
1.669995e+01 2.234810e-03 2.654535e-03 2.211814e-03 1.838080e-03
1.674892e+01 2.125023e-03 2.552373e-03 2.053925e-03 1.768769e-03
1.679789e+01 2.010242e-03 2.430346e-03 1.897678e-03 1.702703e-03
1.684686e+01 1.897860e-03 2.297787e-03 1.751993e-03 1.643799e-03
1.689583e+01 1.799325e-03 2.170387e-03 1.628350e-03 1.599237e-03
1.694480e+01 1.727138e-03 2.066470e-03 1.537983e-03 1.576961e-03
1.699377e+01 1.691606e-03 2.002674e-03 1.489202e-03 1.582942e-03
1.704274e+01 1.698245e-03 1.990151e-03 1.485530e-03 1.619055e-03
1.709171e+01 1.746488e-03 2.032261e-03 1.525067e-03 1.682135e-03
1.714068e+01 1.829977e-03 2.124308e-03 1.601165e-03 1.764458e-03
1.718965e+01 1.938300e-03 2.255313e-03 1.704113e-03 1.855473e-03
1.723862e+01 2.059659e-03 2.411299e-03 1.823366e-03 1.944314e-03
1.728760e+01 2.183836e-03 2.579241e-03 1.949795e-03 2.022473e-03
1.733657e+01 2.304776e-03 2.750779e-03 2.077560e-03 2.085989e-03
1.738554e+01 2.422286e-03 2.924835e-03 2.205350e-03 2.136672e-03
1.743451e+01 2.542530e-03 3.108533e-03 2.336903e-03 2.182155e-03
1.748348e+01 2.677217e-03 3.316050e-03 2.480754e-03 2.234846e-03
1.753245e+01 2.841534e-03 3.565341e-03 2.649184e-03 2.310077e-03
1.758142e+01 3.051025e-03 3.873024e-03 2.856225e-03 2.423826e-03
1.763039e+01 3.317703e-03 4.248116e-03 3.114650e-03 2.590344e-03
1.767936e+01 3.645902e-03 4.685861e-03 3.432013e-03 2.819833e-03
1.772833e+01 4.028602e-03 5.163317e-03 3.806259e-03 3.116229e-03
1.777730e+01 4.445205e-03 5.638524e-03 4.221984e-03 3.475107e-03
1.782627e+01 4.861795e-03 6.054637e-03 4.648841e-03 3.881906e-03
1.787524e+01 5.234553e-03 6.349148e-03 5.043531e-03 4.310981e-03
1.792421e+01 5.516268e-03 6.466586e-03 5.355937e-03 4.726282e-03
1.797318e+01 5.664812e-03 6.371470e-03 5.538538e-03 5.084427e-03
1.802215e+01 5.651601e-03 6.057566e-03 5.556775e-03 5.340463e-03
1.807113e+01 5.467733e-03 5.550356e-03 5.397225e-03 5.455620e-03
1.812010e+01 5.125999e-03 4.901700e-03 5.070955e-03 5.405340e-03
1.816907e+01 4.658190e-03 4.178388e-03 4.610951e-03 5.185231e-03
1.821804e+01 4.108551e-03 3.448213e-03 4.064581e-03 4.812860e-03
1.826701e+01 3.525329e-03 2.767754e-03 3.483648e-03 4.324587e-03
1.831598e+01 2.952757e-03 2.174922e-03 2.915051e-03 3.768297e-03
1.836495e+01 2.425366e-03 1.687309e-03 2.394475e-03 3.194315e-03
1.841392e+01 1.965571e-03 1.305390e-03 1.944086e-03 2.647238e-03
1.846289e+01 1.584346e-03 1.018416e-03 1.573840e-03 2.160782e-03
1.851186e+01 1.284058e-03 8.107262e-04 1.285045e-03 1.756402e-03
1.856083e+01 1.062138e-03 6.668054e-04 1.074576e-03 1.445033e-03
1.860980e+01 9.144286e-04 5.743780e-04 9.384664e-04 1.230441e-03
1.865877e+01 8.374130e-04 5.256009e-04 8.741138e-04 1.112524e-03
1.870774e+01 8.290246e-04 5.168536e-04 8.808963e-04 1.089324e-03
1.875671e+01 8.880882e-04 5.477188e-04 9.593040e-04 1.157242e-03
1.880568e+01 1.012742e-03 6.196223e-04 1.108925e-03 1.309679e-03
1.885465e+01 1.198370e-03 7.344096e-04 1.325784e-03 1.534917e-03
1.890363e+01 1.435699e-03 8.929763e-04 1.599744e-03 1.814377e-03
1.895260e+01 1.709735e-03 1.093986e-03 1.912844e-03 2.122376e-03
1.900157e+01 2.000076e-03 1.332715e-03 2.239464e-03 2.428049e-03
1.905054e+01 2.282764e-03 1.600158e-03 2.548818e-03 2.699316e-03
1.909951e+01 2.533394e-03 1.882633e-03 2.809588e-03 2.907960e-03
1.914848e+01 2.730751e-03 2.162252e-03 2.995669e-03 3.034333e-03
1.919745e+01 2.860055e-03 2.418525e-03 3.091361e-03 3.070279e-03
1.924642e+01 2.914996e-03 2.631104e-03 3.094367e-03 3.019518e-03
1.929539e+01 2.898126e-03 2.783202e-03 3.015593e-03 2.895585e-03
1.934436e+01 2.819622e-03 2.864788e-03 2.875855e-03 2.718222e-03
1.939333e+01 2.694845e-03 2.874523e-03 2.700648e-03 2.509365e-03
1.944230e+01 2.541360e-03 2.819726e-03 2.514667e-03 2.289687e-03
1.949127e+01 2.376085e-03 2.714379e-03 2.337630e-03 2.076246e-03
1.954024e+01 2.213133e-03 2.575897e-03 2.182202e-03 1.881300e-03
1.958921e+01 2.062636e-03 2.421780e-03 2.054013e-03 1.712117e-03
1.963818e+01 1.930565e-03 2.267119e-03 1.953072e-03 1.571504e-03
1.968715e+01 1.819297e-03 2.123392e-03 1.875718e-03 1.458781e-03
1.973613e+01 1.728561e-03 1.998338e-03 1.816389e-03 1.370956e-03
1.978510e+01 1.656388e-03 1.896398e-03 1.768886e-03 1.303881e-03
1.983407e+01 1.599848e-03 1.819191e-03 1.727149e-03 1.253203e-03
1.988304e+01 1.555527e-03 1.765831e-03 1.685754e-03 1.214997e-03
1.993201e+01 1.519844e-03 1.733183e-03 1.640291e-03 1.186058e-03
1.998098e+01 1.489300e-03 1.716266e-03 1.587709e-03 1.163924e-03
2.002995e+01 1.460745e-03 1.708971e-03 1.526531e-03 1.146735e-03
2.007892e+01 1.431622e-03 1.704992e-03 1.456850e-03 1.133023e-03
2.012789e+01 1.400116e-03 1.698762e-03 1.380062e-03 1.121525e-03
2.017686e+01 1.365185e-03 1.686103e-03 1.298426e-03 1.111027e-03
2.022583e+01 1.326453e-03 1.664471e-03 1.214612e-03 1.100275e-03
2.027480e+01 1.284043e-03 1.632790e-03 1.131383e-03 1.087957e-03
2.032377e+01 1.238432e-03 1.591060e-03 1.051462e-03 1.072773e-03
2.037274e+01 1.190339e-03 1.539920e-03 9.774994e-04 1.053597e-03
2.042171e+01 1.140677e-03 1.480339e-03 9.120278e-04 1.029663e-03
2.047068e+01 1.090500e-03 1.413466e-03 8.572837e-04 1.000750e-03
2.051966e+01 1.040919e-03 1.340609e-03 8.148944e-04 9.672531e-04
2.056863e+01 9.929680e-04 1.263260e-03 7.855120e-04 9.301322e-04
2.061760e+01 9.474558e-04 1.183085e-03 7.685402e-04 8.907421e-04
2.066657e+01 9.048451e-04 1.101856e-03 7.620829e-04 8.505961e-04
2.071554e+01 8.652109e-04 1.021319e-03 7.631713e-04 8.111428e-04
2.076451e+01 8.282948e-04 9.430458e-04 7.682289e-04 7.736096e-04
2.081348e+01 7.936369e-04 8.683282e-04 7.736488e-04 7.389338e-04
2.086245e+01 7.607391e-04 7.981221e-04 7.763282e-04 7.077671e-04
2.091142e+01 7.292112e-04 7.330743e-04 7.740357e-04 6.805235e-04
2.096039e+01 6.988701e-04 6.736109e-04 7.655580e-04 6.574415e-04
2.100936e+01 6.697893e-04 6.200649e-04 7.506541e-04 6.386490e-04
2.105833e+01 6.423095e-04 5.728093e-04 7.298929e-04 6.242264e-04
2.110730e+01 6.170230e-04 5.323578e-04 7.044502e-04 6.142609e-04
2.115627e+01 5.947284e-04 4.994017e-04 6.759108e-04 6.088727e-04
2.120524e+01 5.763434e-04 4.747630e-04 6.460784e-04 6.081889e-04
2.125421e+01 5.627708e-04 4.592639e-04 6.167887e-04 6.122598e-04
2.130318e+01 5.547351e-04 4.535370e-04 5.897266e-04 6.209418e-04
2.135216e+01 5.526322e-04 4.578172e-04 5.662765e-04 6.338028e-04
2.140113e+01 5.564416e-04 4.717669e-04 5.474457e-04 6.501122e-04
2.145010e+01 5.657371e-04 4.943811e-04 5.338848e-04 6.689455e-04
2.149907e+01 5.797960e-04 5.240048e-04 5.260009e-04 6.893822e-04
2.154804e+01 5.977700e-04 5.584687e-04 5.241166e-04 7.107248e-04
2.159701e+01 6.188626e-04 5.953263e-04 5.286141e-04 7.326473e-04
2.164598e+01 6.424585e-04 6.321578e-04 5.400089e-04 7.552089e-04
2.169495e+01 6.681857e-04 6.669008e-04 5.589328e-04 7.787234e-04
2.174392e+01 6.959229e-04 6.981732e-04 5.860508e-04 8.035445e-04
2.179289e+01 7.257944e-04 7.255525e-04 6.219649e-04 8.298657e-04
2.184186e+01 7.581843e-04 7.497646e-04 6.671552e-04 8.576332e-04
2.189083e+01 7.937719e-04 7.727183e-04 7.219745e-04 8.866229e-04
2.193980e+01 8.335457e-04 7.973139e-04 7.866609e-04 9.166622e-04
2.198877e+01 8.787336e-04 8.269871e-04 8.613039e-04 9.479099e-04
2.203774e+01 9.305989e-04 8.650202e-04 9.457086e-04 9.810679e-04
2.208671e+01 9.901052e-04 9.137520e-04 1.039159e-03 1.017405e-03
2.213568e+01 1.057518e-03 9.738901e-04 1.140146e-03 1.058519e-03
2.218466e+01 1.132061e-03 1.044145e-03 1.246182e-03 1.105856e-03
2.223363e+01 1.211739e-03 1.121329e-03 1.353803e-03 1.160083e-03
2.228260e+01 1.293422e-03 1.200935e-03 1.458827e-03 1.220505e-03
2.233157e+01 1.373187e-03 1.278024e-03 1.556809e-03 1.284728e-03
2.238054e+01 1.446836e-03 1.348189e-03 1.643589e-03 1.348731e-03
2.242951e+01 1.510479e-03 1.408291e-03 1.715749e-03 1.407396e-03
2.247848e+01 1.561024e-03 1.456789e-03 1.770886e-03 1.455397e-03
2.252745e+01 1.596499e-03 1.493624e-03 1.807647e-03 1.488225e-03
2.257642e+01 1.616154e-03 1.519758e-03 1.825619e-03 1.503085e-03
2.262539e+01 1.620383e-03 1.536566e-03 1.825192e-03 1.499391e-03
2.267436e+01 1.610520e-03 1.545305e-03 1.807493e-03 1.478762e-03
2.272333e+01 1.588576e-03 1.546795e-03 1.774425e-03 1.444508e-03
2.277230e+01 1.556970e-03 1.541388e-03 1.728719e-03 1.400802e-03
2.282127e+01 1.518288e-03 1.529202e-03 1.673899e-03 1.351764e-03
2.287024e+01 1.475105e-03 1.510508e-03 1.614076e-03 1.300732e-03
2.291921e+01 1.429866e-03 1.486146e-03 1.553568e-03 1.249884e-03
2.296819e+01 1.384830e-03 1.457794e-03 1.496433e-03 1.200264e-03
2.301716e+01 1.342036e-03 1.427979e-03 1.445993e-03 1.152135e-03
2.306613e+01 1.303250e-03 1.399779e-03 1.404467e-03 1.105503e-03
2.311510e+01 1.269860e-03 1.376253e-03 1.372741e-03 1.060585e-03
2.316407e+01 1.242721e-03 1.359768e-03 1.350309e-03 1.018086e-03
2.321304e+01 1.221979e-03 1.351394e-03 1.335368e-03 9.791743e-04
2.326201e+01 1.206938e-03 1.350553e-03 1.325077e-03 9.451830e-04
2.331098e+01 1.196054e-03 1.355045e-03 1.315957e-03 9.171588e-04
2.335995e+01 1.187082e-03 1.361431e-03 1.304392e-03 8.954241e-04
2.340892e+01 1.177404e-03 1.365706e-03 1.287178e-03 8.793263e-04
2.345789e+01 1.164457e-03 1.364091e-03 1.262011e-03 8.672671e-04
2.350686e+01 1.146191e-03 1.353738e-03 1.227829e-03 8.570038e-04
2.355583e+01 1.121408e-03 1.333200e-03 1.184915e-03 8.461091e-04
2.360480e+01 1.089904e-03 1.302538e-03 1.134740e-03 8.324352e-04
2.365377e+01 1.052369e-03 1.263076e-03 1.079585e-03 8.144457e-04
2.370274e+01 1.010095e-03 1.216899e-03 1.022031e-03 7.913548e-04
2.375171e+01 9.646115e-04 1.166271e-03 9.644634e-04 7.630996e-04
2.380069e+01 9.173618e-04 1.113168e-03 9.087020e-04 7.302159e-04
2.384966e+01 8.695235e-04 1.059036e-03 8.558423e-04 6.936920e-04
2.389863e+01 8.219970e-04 1.004838e-03 8.063213e-04 6.548314e-04
2.394760e+01 7.755115e-04 9.512684e-04 7.601480e-04 6.151181e-04
2.399657e+01 7.307655e-04 8.990362e-04 7.172011e-04 5.760593e-04
2.404554e+01 6.885169e-04 8.490616e-04 6.774856e-04 5.390036e-04
2.409451e+01 6.495808e-04 8.025167e-04 6.412621e-04 5.049636e-04
2.414348e+01 6.147396e-04 7.607119e-04 6.090171e-04 4.744897e-04
2.419245e+01 5.846081e-04 7.248890e-04 5.812987e-04 4.476366e-04
2.424142e+01 5.595079e-04 6.960067e-04 5.584903e-04 4.240266e-04
2.429039e+01 5.393942e-04 6.745864e-04 5.406120e-04 4.029841e-04
2.433936e+01 5.238559e-04 6.606441e-04 5.272248e-04 3.836987e-04
2.438833e+01 5.121825e-04 6.536988e-04 5.174674e-04 3.653812e-04
2.443730e+01 5.034753e-04 6.528290e-04 5.102056e-04 3.473914e-04
2.448627e+01 4.967720e-04 6.567530e-04 5.042324e-04 3.293307e-04
2.453524e+01 4.911578e-04 6.639278e-04 4.984511e-04 3.110946e-04
2.458421e+01 4.858451e-04 6.726669e-04 4.919905e-04 2.928780e-04
2.463319e+01 4.802140e-04 6.812761e-04 4.842392e-04 2.751268e-04
2.468216e+01 4.738163e-04 6.881870e-04 4.748206e-04 2.584413e-04
2.473113e+01 4.663514e-04 6.920605e-04 4.635479e-04 2.434457e-04
2.478010e+01 4.576274e-04 6.918379e-04 4.503916e-04 2.306527e-04
2.482907e+01 4.475226e-04 6.867439e-04 4.354742e-04 2.203496e-04
2.487804e+01 4.359606e-04 6.762713e-04 4.190806e-04 2.125298e-04
2.492701e+01 4.229085e-04 6.601858e-04 4.016613e-04 2.068784e-04
2.497598e+01 4.083954e-04 6.385677e-04 3.838049e-04 2.028137e-04
2.502495e+01 3.925381e-04 6.118717e-04 3.661677e-04 1.995749e-04
2.507392e+01 3.755563e-04 5.809555e-04 3.493715e-04 1.963419e-04
2.512289e+01 3.577632e-04 5.470335e-04 3.338898e-04 1.923665e-04
2.517186e+01 3.395290e-04 5.115402e-04 3.199556e-04 1.870911e-04
2.522083e+01 3.212293e-04 4.759379e-04 3.075181e-04 1.802319e-04
2.526980e+01 3.031991e-04 4.415256e-04 2.962634e-04 1.718083e-04
2.531877e+01 2.857065e-04 4.093064e-04 2.856996e-04 1.621136e-04
2.536774e+01 2.689515e-04 3.799368e-04 2.752835e-04 1.516342e-04
2.541672e+01 2.530797e-04 3.537464e-04 2.645545e-04 1.409384e-04
2.546569e+01 2.381983e-04 3.307961e-04 2.532383e-04 1.305606e-04
2.551466e+01 2.243827e-04 3.109441e-04 2.412946e-04 1.209095e-04
2.556363e+01 2.116774e-04 2.939085e-04 2.289054e-04 1.122182e-04
2.561260e+01 2.001000e-04 2.793320e-04 2.164223e-04 1.045457e-04
2.566157e+01 1.896614e-04 2.668598e-04 2.043027e-04 9.782181e-05
2.571054e+01 1.804017e-04 2.562265e-04 1.930589e-04 9.191955e-05
2.575951e+01 1.724309e-04 2.473344e-04 1.832294e-04 8.672881e-05
2.580848e+01 1.659530e-04 2.402872e-04 1.753633e-04 8.220845e-05
2.585745e+01 1.612517e-04 2.353529e-04 1.699993e-04 7.840309e-05
2.590642e+01 1.586323e-04 2.328493e-04 1.676225e-04 7.542494e-05
2.595539e+01 1.583291e-04 2.329803e-04 1.685930e-04 7.341392e-05
2.600436e+01 1.604088e-04 2.356791e-04 1.730527e-04 7.249469e-05
2.605333e+01 1.647005e-04 2.405227e-04 1.808332e-04 7.274563e-05
2.610230e+01 1.707792e-04 2.467594e-04 1.913936e-04 7.418461e-05
2.615127e+01 1.780107e-04 2.534471e-04 2.038181e-04 7.676685e-05
2.620024e+01 1.856431e-04 2.596508e-04 2.168925e-04 8.038607e-05
2.624922e+01 1.929146e-04 2.646154e-04 2.292552e-04 8.487316e-05
2.629819e+01 1.991427e-04 2.678446e-04 2.395897e-04 8.999381e-05
2.634716e+01 2.037736e-04 2.690591e-04 2.468105e-04 9.545108e-05
2.639613e+01 2.063891e-04 2.680737e-04 2.501949e-04 1.008986e-04
2.644510e+01 2.066930e-04 2.646765e-04 2.494368e-04 1.059656e-04
2.649407e+01 2.045031e-04 2.585926e-04 2.446294e-04 1.102874e-04
2.654304e+01 1.997704e-04 2.495708e-04 2.362039e-04 1.135366e-04
2.659201e+01 1.926210e-04 2.375591e-04 2.248560e-04 1.154478e-04
2.664098e+01 1.833993e-04 2.228833e-04 2.114764e-04 1.158382e-04
2.668995e+01 1.726818e-04 2.063343e-04 1.970841e-04 1.146269e-04
2.673892e+01 1.612392e-04 1.891086e-04 1.827540e-04 1.118551e-04
2.678789e+01 1.499506e-04 1.726157e-04 1.695324e-04 1.077037e-04
2.683686e+01 1.396850e-04 1.582161e-04 1.583411e-04 1.024978e-04
2.688583e+01 1.311789e-04 1.469721e-04 1.498782e-04 9.668658e-05
2.693480e+01 1.249290e-04 1.394716e-04 1.445257e-04 9.078962e-05
2.698377e+01 1.211113e-04 1.357468e-04 1.422755e-04 8.531150e-05
2.703274e+01 1.195394e-04 1.352826e-04 1.426924e-04 8.064314e-05
2.708172e+01 1.196738e-04 1.371051e-04 1.449384e-04 7.697771e-05
2.713069e+01 1.207009e-04 1.399477e-04 1.478826e-04 7.427240e-05
2.717966e+01 1.216894e-04 1.424918e-04 1.503000e-04 7.227633e-05
2.722863e+01 1.218062e-04 1.436604e-04 1.511346e-04 7.062360e-05
2.727760e+01 1.205460e-04 1.429086e-04 1.497630e-04 6.896626e-05
2.732657e+01 1.179050e-04 1.404284e-04 1.461811e-04 6.710548e-05
2.737554e+01 1.144384e-04 1.371883e-04 1.410486e-04 6.507829e-05
2.742451e+01 1.111697e-04 1.347682e-04 1.355680e-04 6.317301e-05
2.747348e+01 1.093709e-04 1.350096e-04 1.312318e-04 6.187143e-05
2.752245e+01 1.102689e-04 1.395608e-04 1.295073e-04 6.173871e-05
2.757142e+01 1.147554e-04 1.494316e-04 1.315405e-04 6.329402e-05
2.762039e+01 1.231655e-04 1.646665e-04 1.379376e-04 6.689246e-05
2.766936e+01 1.351689e-04 1.842210e-04 1.486471e-04 7.263848e-05
2.771833e+01 1.497845e-04 2.060734e-04 1.629402e-04 8.033980e-05
2.776730e+01 1.655134e-04 2.275560e-04 1.794795e-04 8.950466e-05
2.781627e+01 1.805667e-04 2.458412e-04 1.964739e-04 9.938497e-05
2.786525e+01 1.931566e-04 2.584827e-04 2.119208e-04 1.090663e-04
2.791422e+01 2.018036e-04 2.638922e-04 2.239193e-04 1.175992e-04
2.796319e+01 2.056003e-04 2.616399e-04 2.310077e-04 1.241532e-04
2.801216e+01 2.043693e-04 2.525039e-04 2.324446e-04 1.281594e-04
2.806113e+01 1.986697e-04 2.382564e-04 2.283473e-04 1.294053e-04
2.811010e+01 1.896425e-04 2.212436e-04 2.196346e-04 1.280495e-04
2.815907e+01 1.787342e-04 2.038691e-04 2.077813e-04 1.245520e-04
2.820804e+01 1.673726e-04 1.881177e-04 1.944583e-04 1.195420e-04
2.825701e+01 1.566880e-04 1.752307e-04 1.811685e-04 1.136648e-04
2.830598e+01 1.473469e-04 1.655983e-04 1.689854e-04 1.074571e-04
2.835495e+01 1.395320e-04 1.588612e-04 1.584522e-04 1.012825e-04
2.840392e+01 1.330455e-04 1.541628e-04 1.496388e-04 9.533496e-05
2.845289e+01 1.274841e-04 1.504605e-04 1.423020e-04 8.968986e-05
2.850186e+01 1.224156e-04 1.468059e-04 1.360712e-04 8.436966e-05
2.855083e+01 1.175080e-04 1.425363e-04 1.305961e-04 7.939175e-05
2.859980e+01 1.125865e-04 1.373540e-04 1.256230e-04 7.478253e-05
2.864877e+01 1.076258e-04 1.313088e-04 1.210059e-04 7.056263e-05
2.869775e+01 1.027058e-04 1.247163e-04 1.166785e-04 6.672271e-05
2.874672e+01 9.796073e-05 1.180501e-04 1.126199e-04 6.321212e-05
2.879569e+01 9.354066e-05 1.118358e-04 1.088340e-04 5.995217e-05
2.884466e+01 8.959385e-05 1.065619e-04 1.053487e-04 5.687087e-05
2.889363e+01 8.626217e-05 1.026155e-04 1.022280e-04 5.394307e-05
2.894260e+01 8.368097e-05 1.002442e-04 9.958178e-05 5.121688e-05
2.899157e+01 8.197575e-05 9.954747e-05 9.756591e-05 4.881386e-05
2.904054e+01 8.125483e-05 1.004962e-04 9.636563e-05 4.690269e-05
2.908951e+01 8.160144e-05 1.029792e-04 9.616741e-05 4.565767e-05
2.913848e+01 8.307027e-05 1.068643e-04 9.712797e-05 4.521859e-05
2.918745e+01 8.569135e-05 1.120548e-04 9.935250e-05 4.566674e-05
2.923642e+01 8.947950e-05 1.185242e-04 1.028905e-04 4.702382e-05
2.928539e+01 9.444427e-05 1.263120e-04 1.077506e-04 4.927021e-05
2.933436e+01 1.005930e-04 1.354813e-04 1.139261e-04 5.237163e-05
2.938333e+01 1.079211e-04 1.460501e-04 1.214136e-04 5.629959e-05
2.943230e+01 1.163862e-04 1.579166e-04 1.302086e-04 6.103332e-05
2.948127e+01 1.258704e-04 1.708036e-04 1.402688e-04 6.653867e-05
2.953025e+01 1.361391e-04 1.842354e-04 1.514530e-04 7.272890e-05
2.957922e+01 1.468122e-04 1.975566e-04 1.634581e-04 7.942186e-05
2.962819e+01 1.573623e-04 2.099878e-04 1.757864e-04 8.631269e-05
2.967716e+01 1.671504e-04 2.207090e-04 1.877637e-04 9.297838e-05
2.972613e+01 1.754972e-04 2.289579e-04 1.986125e-04 9.892123e-05
2.977510e+01 1.817765e-04 2.341250e-04 2.075602e-04 1.036444e-04
2.982407e+01 1.855074e-04 2.358323e-04 2.139490e-04 1.067410e-04
2.987304e+01 1.864248e-04 2.339828e-04 2.173191e-04 1.079725e-04
2.992201e+01 1.845116e-04 2.287725e-04 2.174478e-04 1.073143e-04
2.997098e+01 1.799912e-04 2.206660e-04 2.143490e-04 1.049588e-04
3.001995e+01 1.732887e-04 2.103411e-04 2.082492e-04 1.012759e-04
3.006892e+01 1.649736e-04 1.986127e-04 1.995593e-04 9.674881e-05
3.011789e+01 1.556998e-04 1.863472e-04 1.888515e-04 9.190068e-05
3.016686e+01 1.461495e-04 1.743793e-04 1.768386e-04 8.723063e-05
3.021583e+01 1.369816e-04 1.634352e-04 1.643437e-04 8.316602e-05
3.026480e+01 1.287796e-04 1.540680e-04 1.522413e-04 8.002962e-05
3.031378e+01 1.219954e-04 1.466064e-04 1.413636e-04 7.801622e-05
3.036275e+01 1.168928e-04 1.411244e-04 1.323792e-04 7.717493e-05
3.041172e+01 1.135046e-04 1.374402e-04 1.256737e-04 7.739979e-05
3.046069e+01 1.116207e-04 1.351553e-04 1.212700e-04 7.843686e-05
3.050966e+01 1.108246e-04 1.337342e-04 1.188238e-04 7.991565e-05
3.055863e+01 1.105760e-04 1.326120e-04 1.177090e-04 8.140703e-05
3.060760e+01 1.103271e-04 1.313079e-04 1.171736e-04 8.249981e-05
3.065657e+01 1.096398e-04 1.295129e-04 1.165260e-04 8.288041e-05
3.070554e+01 1.082753e-04 1.271328e-04 1.152959e-04 8.239704e-05
3.075451e+01 1.062341e-04 1.242825e-04 1.133265e-04 8.109324e-05
3.080348e+01 1.037415e-04 1.212421e-04 1.107789e-04 7.920339e-05
3.085245e+01 1.011904e-04 1.183975e-04 1.080614e-04 7.711232e-05
3.090142e+01 9.906194e-05 1.161838e-04 1.057139e-04 7.528812e-05
3.095039e+01 9.784343e-05 1.150407e-04 1.042876e-04 7.420198e-05
3.099936e+01 9.795756e-05 1.153770e-04 1.042465e-04 7.424921e-05
3.104833e+01 9.970772e-05 1.175346e-04 1.059036e-04 7.568491e-05
3.109730e+01 1.032400e-04 1.217425e-04 1.093926e-04 7.858486e-05
3.114628e+01 1.085227e-04 1.280624e-04 1.146669e-04 8.283886e-05
3.119525e+01 1.153461e-04 1.363410e-04 1.215193e-04 8.817802e-05
3.124422e+01 1.233459e-04 1.461899e-04 1.296170e-04 9.423097e-05
3.129319e+01 1.320514e-04 1.570136e-04 1.385434e-04 1.005971e-04
3.134216e+01 1.409524e-04 1.680920e-04 1.478432e-04 1.069220e-04
3.139113e+01 1.495764e-04 1.787055e-04 1.570631e-04 1.129605e-04
3.144010e+01 1.575611e-04 1.882734e-04 1.657919e-04 1.186179e-04
3.148907e+01 1.647110e-04 1.964687e-04 1.737029e-04 1.239615e-04
3.153804e+01 1.710247e-04 2.032751e-04 1.805998e-04 1.291992e-04
3.158701e+01 1.766799e-04 2.089629e-04 1.864556e-04 1.346212e-04
3.163598e+01 1.819711e-04 2.139824e-04 1.914219e-04 1.405089e-04
3.168495e+01 1.872029e-04 2.187979e-04 1.957840e-04 1.470267e-04
3.173392e+01 1.925626e-04 2.237043e-04 1.998567e-04 1.541268e-04
3.178289e+01 1.980127e-04 2.286868e-04 2.038439e-04 1.615072e-04
3.183186e+01 2.032492e-04 2.333752e-04 2.077188e-04 1.686535e-04
3.188083e+01 2.077586e-04 2.371232e-04 2.111827e-04 1.749700e-04
3.192980e+01 2.109717e-04 2.392017e-04 2.137403e-04 1.799731e-04
3.197878e+01 2.124726e-04 2.390535e-04 2.148775e-04 1.834869e-04
3.202775e+01 2.121934e-04 2.365269e-04 2.142786e-04 1.857748e-04
3.207672e+01 2.105187e-04 2.320056e-04 2.119975e-04 1.875532e-04
3.212569e+01 2.082537e-04 2.263803e-04 2.085104e-04 1.898704e-04
3.217466e+01 2.064537e-04 2.208626e-04 2.046262e-04 1.938723e-04
3.222363e+01 2.061652e-04 2.166949e-04 2.012865e-04 2.005141e-04
3.227260e+01 2.081579e-04 2.148472e-04 1.993303e-04 2.102961e-04
3.232157e+01 2.127348e-04 2.157958e-04 1.993078e-04 2.231008e-04
3.237054e+01 2.196781e-04 2.194472e-04 2.014013e-04 2.381857e-04
3.241951e+01 2.283430e-04 2.252197e-04 2.054644e-04 2.543448e-04
3.246848e+01 2.378629e-04 2.322455e-04 2.111451e-04 2.701981e-04
3.251745e+01 2.473923e-04 2.396237e-04 2.180290e-04 2.845242e-04
3.256642e+01 2.563097e-04 2.466490e-04 2.257450e-04 2.965350e-04
3.261539e+01 2.643226e-04 2.529587e-04 2.339995e-04 3.060095e-04
3.266436e+01 2.714610e-04 2.585706e-04 2.425500e-04 3.132624e-04
3.271333e+01 2.779876e-04 2.638174e-04 2.511607e-04 3.189848e-04
3.276231e+01 2.842775e-04 2.692093e-04 2.595868e-04 3.240363e-04
3.281128e+01 2.907175e-04 2.752681e-04 2.676144e-04 3.292699e-04
3.286025e+01 2.976465e-04 2.823740e-04 2.751363e-04 3.354293e-04
3.290922e+01 3.053249e-04 2.906540e-04 2.822123e-04 3.431084e-04
3.295819e+01 3.139031e-04 2.999262e-04 2.890559e-04 3.527272e-04
3.300716e+01 3.233720e-04 3.097048e-04 2.959270e-04 3.644842e-04
3.305613e+01 3.335087e-04 3.192721e-04 3.029690e-04 3.782850e-04
3.310510e+01 3.438665e-04 3.278237e-04 3.100805e-04 3.936952e-04
3.315407e+01 3.538630e-04 3.346847e-04 3.169147e-04 4.099895e-04
3.320304e+01 3.629863e-04 3.395656e-04 3.230488e-04 4.263446e-04
3.325201e+01 3.710758e-04 3.427902e-04 3.282783e-04 4.421588e-04
3.330098e+01 3.785739e-04 3.453988e-04 3.329156e-04 4.574073e-04
3.334995e+01 3.866280e-04 3.490480e-04 3.379483e-04 4.728876e-04
3.339892e+01 3.969583e-04 3.556893e-04 3.449600e-04 4.902257e-04
3.344789e+01 4.114953e-04 3.670952e-04 3.558141e-04 5.115767e-04
3.349686e+01 4.318788e-04 3.843778e-04 3.721930e-04 5.390655e-04
3.354583e+01 4.589720e-04 4.076628e-04 3.951415e-04 5.741118e-04
3.359481e+01 4.925392e-04 4.360292e-04 4.247491e-04 6.168392e-04
3.364378e+01 5.311799e-04 4.677294e-04 4.600506e-04 6.657598e-04
3.369275e+01 5.725319e-04 5.005975e-04 4.991492e-04 7.178491e-04
3.374172e+01 6.136752e-04 5.324956e-04 5.395126e-04 7.690173e-04
3.379069e+01 6.516322e-04 5.616591e-04 5.783683e-04 8.148693e-04
3.383966e+01 6.838516e-04 5.868619e-04 6.131262e-04 8.515666e-04
3.388863e+01 7.085874e-04 6.074176e-04 6.417650e-04 8.765796e-04
3.393760e+01 7.251245e-04 6.230922e-04 6.631260e-04 8.891553e-04
3.398657e+01 7.338278e-04 6.340209e-04 6.770617e-04 8.904007e-04
3.403554e+01 7.360235e-04 6.406777e-04 6.844067e-04 8.829861e-04
3.408451e+01 7.337379e-04 6.438894e-04 6.867666e-04 8.705578e-04
3.413348e+01 7.293382e-04 6.448316e-04 6.861695e-04 8.570137e-04
3.418245e+01 7.251383e-04 6.449404e-04 6.846632e-04 8.458114e-04
3.423142e+01 7.230390e-04 6.457100e-04 6.839569e-04 8.394501e-04
3.428039e+01 7.242674e-04 6.484062e-04 6.851846e-04 8.392114e-04
3.432936e+01 7.292588e-04 6.537797e-04 6.888252e-04 8.451715e-04
3.437833e+01 7.376941e-04 6.618837e-04 6.947657e-04 8.564328e-04
3.442731e+01 7.486728e-04 6.720751e-04 7.024599e-04 8.714833e-04
3.447628e+01 7.609771e-04 6.832241e-04 7.111263e-04 8.885809e-04
3.452525e+01 7.733646e-04 6.940815e-04 7.199374e-04 9.060748e-04
3.457422e+01 7.848246e-04 7.036918e-04 7.281665e-04 9.226155e-04
3.462319e+01 7.947443e-04 7.117072e-04 7.352811e-04 9.372447e-04
3.467216e+01 8.029539e-04 7.184841e-04 7.409832e-04 9.493944e-04
3.472113e+01 8.096571e-04 7.249144e-04 7.452156e-04 9.588412e-04
3.477010e+01 8.152866e-04 7.320452e-04 7.481540e-04 9.656605e-04
3.481907e+01 8.203419e-04 7.406288e-04 7.502014e-04 9.701953e-04
3.486804e+01 8.252630e-04 7.507787e-04 7.519827e-04 9.730275e-04
3.491701e+01 8.303677e-04 7.618670e-04 7.543175e-04 9.749187e-04
3.496598e+01 8.358470e-04 7.727024e-04 7.581431e-04 9.766954e-04
3.501495e+01 8.417898e-04 7.819143e-04 7.643698e-04 9.790852e-04
3.506392e+01 8.482038e-04 7.883876e-04 7.736792e-04 9.825448e-04
3.511289e+01 8.550096e-04 7.915835e-04 7.863074e-04 9.871377e-04
3.516186e+01 8.620054e-04 7.916340e-04 8.018747e-04 9.925075e-04
3.521084e+01 8.688216e-04 7.891926e-04 8.193170e-04 9.979551e-04
3.525981e+01 8.748903e-04 7.851185e-04 8.369545e-04 1.002598e-03
3.530878e+01 8.794626e-04 7.801295e-04 8.526949e-04 1.005563e-03
3.535775e+01 8.816919e-04 7.745616e-04 8.643416e-04 1.006173e-03
3.540672e+01 8.807817e-04 7.683232e-04 8.699513e-04 1.004071e-03
3.545569e+01 8.761663e-04 7.610464e-04 8.681779e-04 9.992746e-04
3.550466e+01 8.676668e-04 7.523529e-04 8.585369e-04 9.921104e-04
3.555363e+01 8.555622e-04 7.421066e-04 8.415349e-04 9.830450e-04
3.560260e+01 8.405406e-04 7.305427e-04 8.186304e-04 9.724486e-04
3.565157e+01 8.235423e-04 7.182302e-04 7.920252e-04 9.603716e-04
3.570054e+01 8.055532e-04 7.059091e-04 7.643208e-04 9.464297e-04
3.574951e+01 7.874223e-04 6.942990e-04 7.381050e-04 9.298628e-04
3.579848e+01 7.697607e-04 6.839671e-04 7.155501e-04 9.097649e-04
3.584745e+01 7.529336e-04 6.752914e-04 6.980990e-04 8.854104e-04
3.589642e+01 7.371216e-04 6.684963e-04 6.863003e-04 8.565683e-04
3.594539e+01 7.224125e-04 6.637033e-04 6.798206e-04 8.237134e-04
3.599436e+01 7.088937e-04 6.609544e-04 6.776239e-04 7.881028e-04
3.604334e+01 6.967361e-04 6.602036e-04 6.782698e-04 7.517351e-04
3.609231e+01 6.862601e-04 6.612994e-04 6.802495e-04 7.172313e-04
3.614128e+01 6.779682e-04 6.639839e-04 6.822723e-04 6.876484e-04
3.619025e+01 6.725177e-04 6.679127e-04 6.834355e-04 6.662049e-04
3.623922e+01 6.706080e-04 6.726816e-04 6.832541e-04 6.558883e-04
3.628819e+01 6.727930e-04 6.778447e-04 6.815808e-04 6.589534e-04
3.633716e+01 6.792659e-04 6.829246e-04 6.784784e-04 6.763945e-04
3.638613e+01 6.896968e-04 6.874350e-04 6.741153e-04 7.075400e-04
3.643510e+01 7.031984e-04 6.909356e-04 6.687273e-04 7.499322e-04
3.648407e+01 7.184565e-04 6.931220e-04 6.626487e-04 7.995989e-04
3.653304e+01 7.340046e-04 6.939309e-04 6.563759e-04 8.517072e-04
3.658201e+01 7.485631e-04 6.936310e-04 6.506045e-04 9.014538e-04
3.663098e+01 7.613396e-04 6.928735e-04 6.461906e-04 9.449546e-04
3.667995e+01 7.721931e-04 6.926877e-04 6.440169e-04 9.798746e-04
3.672892e+01 7.816124e-04 6.944147e-04 6.447990e-04 1.005624e-03
3.677789e+01 7.905188e-04 6.995691e-04 6.489035e-04 1.023084e-03
3.682686e+01 7.999624e-04 7.096193e-04 6.562652e-04 1.034003e-03
3.687584e+01 8.108126e-04 7.256915e-04 6.664527e-04 1.040294e-03
3.692481e+01 8.235327e-04 7.482347e-04 6.788657e-04 1.043498e-03
3.697378e+01 8.380917e-04 7.767258e-04 6.929751e-04 1.044574e-03
3.702275e+01 8.540161e-04 8.095240e-04 7.084932e-04 1.044031e-03
3.707172e+01 8.705473e-04 8.439712e-04 7.253923e-04 1.042278e-03
3.712069e+01 8.868537e-04 8.767846e-04 7.437746e-04 1.040002e-03
3.716966e+01 9.022473e-04 9.046876e-04 7.636726e-04 1.038382e-03
3.721863e+01 9.163601e-04 9.251302e-04 7.848962e-04 1.039054e-03
3.726760e+01 9.292377e-04 9.368852e-04 8.070043e-04 1.043824e-03
3.731657e+01 9.413172e-04 9.403317e-04 8.294079e-04 1.054212e-03
3.736554e+01 9.532800e-04 9.373278e-04 8.515354e-04 1.070977e-03
3.741451e+01 9.658155e-04 9.307239e-04 8.729667e-04 1.093756e-03
3.746348e+01 9.793731e-04 9.236895e-04 8.934719e-04 1.120958e-03
3.751245e+01 9.940012e-04 9.190762e-04 9.129496e-04 1.149978e-03
3.756142e+01 1.009344e-03 9.189950e-04 9.313172e-04 1.177720e-03
3.761039e+01 1.024799e-03 9.246750e-04 9.484196e-04 1.201303e-03
3.765937e+01 1.039760e-03 9.365447e-04 9.640039e-04 1.218731e-03
3.770834e+01 1.053826e-03 9.544082e-04 9.777669e-04 1.229303e-03
3.775731e+01 1.066888e-03 9.775862e-04 9.894498e-04 1.233628e-03
3.780628e+01 1.079056e-03 1.004964e-03 9.989478e-04 1.233257e-03
3.785525e+01 1.090497e-03 1.034975e-03 1.006407e-03 1.230108e-03
3.790422e+01 1.101296e-03 1.065630e-03 1.012296e-03 1.225964e-03
3.795319e+01 1.111449e-03 1.094670e-03 1.017451e-03 1.222226e-03
3.800216e+01 1.120992e-03 1.119915e-03 1.023068e-03 1.219993e-03
3.805113e+01 1.130228e-03 1.139717e-03 1.030634e-03 1.220333e-03
3.810010e+01 1.139887e-03 1.153368e-03 1.041757e-03 1.224537e-03
3.814907e+01 1.151120e-03 1.161295e-03 1.057916e-03 1.234148e-03
3.819804e+01 1.165261e-03 1.164921e-03 1.080156e-03 1.250706e-03
3.824701e+01 1.183440e-03 1.166196e-03 1.108807e-03 1.275318e-03
3.829598e+01 1.206181e-03 1.166965e-03 1.143332e-03 1.308246e-03
3.834495e+01 1.233159e-03 1.168391e-03 1.182376e-03 1.348711e-03
3.839392e+01 1.263223e-03 1.170644e-03 1.224031e-03 1.394993e-03
3.844289e+01 1.294670e-03 1.172960e-03 1.266269e-03 1.444780e-03
3.849187e+01 1.325675e-03 1.174045e-03 1.307385e-03 1.495594e-03
3.854084e+01 1.354702e-03 1.172642e-03 1.346334e-03 1.545131e-03
3.858981e+01 1.380778e-03 1.168096e-03 1.382809e-03 1.591428e-03
3.863878e+01 1.403537e-03 1.160706e-03 1.417068e-03 1.632838e-03
3.868775e+01 1.423095e-03 1.151800e-03 1.449540e-03 1.667944e-03
3.873672e+01 1.439790e-03 1.143500e-03 1.480371e-03 1.695500e-03
3.878569e+01 1.453933e-03 1.138259e-03 1.509051e-03 1.714489e-03
3.883466e+01 1.465605e-03 1.138268e-03 1.534270e-03 1.724278e-03
3.888363e+01 1.474570e-03 1.144852e-03 1.554064e-03 1.724793e-03
3.893260e+01 1.480283e-03 1.158022e-03 1.566219e-03 1.716607e-03
3.898157e+01 1.481987e-03 1.176280e-03 1.568806e-03 1.700875e-03
3.903054e+01 1.478857e-03 1.196781e-03 1.560660e-03 1.679130e-03
3.907951e+01 1.470163e-03 1.215833e-03 1.541654e-03 1.653001e-03
3.912848e+01 1.455429e-03 1.229656e-03 1.512691e-03 1.623940e-03
3.917745e+01 1.434553e-03 1.235197e-03 1.475432e-03 1.593031e-03
3.922642e+01 1.407861e-03 1.230774e-03 1.431903e-03 1.560904e-03
3.927539e+01 1.376084e-03 1.216381e-03 1.384112e-03 1.527759e-03
3.932437e+01 1.340269e-03 1.193541e-03 1.333788e-03 1.493477e-03
3.937334e+01 1.301628e-03 1.164804e-03 1.282282e-03 1.457799e-03
3.942231e+01 1.261395e-03 1.133041e-03 1.230589e-03 1.420554e-03
3.947128e+01 1.220698e-03 1.100760e-03 1.179448e-03 1.381884e-03
3.952025e+01 1.180489e-03 1.069631e-03 1.129441e-03 1.342395e-03
3.956922e+01 1.141519e-03 1.040300e-03 1.081073e-03 1.303184e-03
3.961819e+01 1.104342e-03 1.012502e-03 1.034826e-03 1.265698e-03
3.966716e+01 1.069340e-03 9.853660e-04 9.911799e-04 1.231475e-03
3.971613e+01 1.036773e-03 9.578388e-04 9.506340e-04 1.201845e-03
3.976510e+01 1.006827e-03 9.290822e-04 9.137206e-04 1.177679e-03
3.981407e+01 9.796778e-04 8.987680e-04 8.810056e-04 1.159260e-03
3.986304e+01 9.555105e-04 8.671857e-04 8.530634e-04 1.146282e-03
3.991201e+01 9.345024e-04 8.351477e-04 8.304206e-04 1.137939e-03
3.996098e+01 9.167533e-04 8.037291e-04 8.134807e-04 1.133050e-03
4.000995e+01 9.022027e-04 7.739476e-04 8.024613e-04 1.130199e-03
4.005892e+01 8.905817e-04 7.465087e-04 7.973718e-04 1.127865e-03
4.010790e+01 8.814428e-04 7.217169e-04 7.980429e-04 1.124569e-03
4.015687e+01 8.742719e-04 6.995793e-04 8.041837e-04 1.119053e-03
4.020584e+01 8.686406e-04 6.800414e-04 8.154246e-04 1.110456e-03
4.025481e+01 8.643304e-04 6.632374e-04 8.313060e-04 1.098448e-03
4.030378e+01 8.613662e-04 6.496350e-04 8.512097e-04 1.083254e-03
4.035275e+01 8.599303e-04 6.400012e-04 8.742631e-04 1.065527e-03
4.040172e+01 8.601827e-04 6.351935e-04 8.992709e-04 1.046084e-03
4.045069e+01 8.620530e-04 6.358521e-04 9.247131e-04 1.025594e-03
4.049966e+01 8.650836e-04 6.421044e-04 9.488187e-04 1.004328e-03
4.054863e+01 8.683884e-04 6.533929e-04 9.696953e-04 9.820770e-04
4.059760e+01 8.707495e-04 6.684919e-04 9.854803e-04 9.582763e-04
4.064657e+01 8.708305e-04 6.857174e-04 9.944959e-04 9.322782e-04
4.069554e+01 8.674459e-04 7.032684e-04 9.954056e-04 9.036638e-04
4.074451e+01 8.598106e-04 7.195929e-04 9.873765e-04 8.724624e-04
4.079348e+01 8.477018e-04 7.336675e-04 9.702387e-04 8.391994e-04
4.084245e+01 8.314934e-04 7.451059e-04 9.446053e-04 8.047689e-04
4.089142e+01 8.120573e-04 7.540725e-04 9.119010e-04 7.701984e-04
4.094040e+01 7.905631e-04 7.610358e-04 8.742491e-04 7.364043e-04
4.098937e+01 7.682256e-04 7.664437e-04 8.342057e-04 7.040275e-04
4.103834e+01 7.460644e-04 7.704246e-04 7.943770e-04 6.733916e-04
4.108731e+01 7.247276e-04 7.726014e-04 7.570053e-04 6.445761e-04
4.113628e+01 7.044184e-04 7.720784e-04 7.236254e-04 6.175514e-04
4.118525e+01 6.849340e-04 7.676056e-04 6.948819e-04 5.923143e-04
4.123422e+01 6.657985e-04 7.578805e-04 6.705475e-04 5.689675e-04
4.128319e+01 6.464511e-04 7.419060e-04 6.497285e-04 5.477189e-04
4.133216e+01 6.264356e-04 7.193064e-04 6.311915e-04 5.288089e-04
4.138113e+01 6.055446e-04 6.905101e-04 6.137228e-04 5.124010e-04
4.143010e+01 5.838853e-04 6.567471e-04 5.964283e-04 4.984804e-04
4.147907e+01 5.618564e-04 6.198562e-04 5.789111e-04 4.868020e-04
4.152804e+01 5.400537e-04 5.819548e-04 5.612982e-04 4.769081e-04
4.157701e+01 5.191325e-04 5.450605e-04 5.441259e-04 4.682111e-04
4.162598e+01 4.996705e-04 5.107665e-04 5.281293e-04 4.601159e-04
4.167495e+01 4.820630e-04 4.800494e-04 5.139961e-04 4.521435e-04
4.172392e+01 4.664716e-04 4.532452e-04 5.021518e-04 4.440176e-04
4.177290e+01 4.528289e-04 4.301700e-04 4.926294e-04 4.356873e-04
4.182187e+01 4.408877e-04 4.103255e-04 4.850556e-04 4.272819e-04
4.187084e+01 4.302924e-04 3.931124e-04 4.787494e-04 4.190153e-04
4.191981e+01 4.206556e-04 3.779912e-04 4.729003e-04 4.110752e-04
4.196878e+01 4.116214e-04 3.645613e-04 4.667663e-04 4.035366e-04
4.201775e+01 4.029076e-04 3.525672e-04 4.598290e-04 3.963267e-04
4.206672e+01 3.943216e-04 3.418560e-04 4.518612e-04 3.892477e-04
4.211569e+01 3.857529e-04 3.323198e-04 4.428967e-04 3.820421e-04
4.216466e+01 3.771497e-04 3.238448e-04 4.331306e-04 3.744735e-04
4.221363e+01 3.684928e-04 3.162807e-04 4.228029e-04 3.663947e-04
4.226260e+01 3.597763e-04 3.094328e-04 4.121133e-04 3.577828e-04
4.231157e+01 3.510028e-04 3.030762e-04 4.011957e-04 3.487367e-04
4.236054e+01 3.421896e-04 2.969865e-04 3.901424e-04 3.394398e-04
4.240951e+01 3.333761e-04 2.909772e-04 3.790488e-04 3.301023e-04
4.245848e+01 3.246244e-04 2.849315e-04 3.680408e-04 3.209008e-04
4.250745e+01 3.160051e-04 2.788168e-04 3.572642e-04 3.119344e-04
4.255643e+01 3.075762e-04 2.726740e-04 3.468422e-04 3.032123e-04
4.260540e+01 2.993631e-04 2.665858e-04 3.368262e-04 2.946773e-04
4.265437e+01 2.913527e-04 2.606327e-04 3.271716e-04 2.862539e-04
4.270334e+01 2.835045e-04 2.548541e-04 3.177584e-04 2.779011e-04
4.275231e+01 2.757736e-04 2.492267e-04 3.084521e-04 2.696420e-04
4.280128e+01 2.681355e-04 2.436687e-04 2.991810e-04 2.615568e-04
4.285025e+01 2.606017e-04 2.380686e-04 2.899961e-04 2.537404e-04
4.289922e+01 2.532227e-04 2.323313e-04 2.810873e-04 2.462495e-04
4.294819e+01 2.460818e-04 2.264266e-04 2.727492e-04 2.390697e-04
4.299716e+01 2.392865e-04 2.204260e-04 2.653090e-04 2.321245e-04
4.304613e+01 2.329615e-04 2.145152e-04 2.590415e-04 2.253278e-04
4.309510e+01 2.272426e-04 2.089746e-04 2.540970e-04 2.186562e-04
4.314407e+01 2.222647e-04 2.041318e-04 2.504594e-04 2.122030e-04
4.319304e+01 2.181424e-04 2.002967e-04 2.479427e-04 2.061880e-04
4.324201e+01 2.149450e-04 1.976971e-04 2.462247e-04 2.009132e-04
4.329098e+01 2.126748e-04 1.964309e-04 2.449096e-04 1.966840e-04
4.333995e+01 2.112600e-04 1.964461e-04 2.436083e-04 1.937257e-04
4.338893e+01 2.105646e-04 1.975503e-04 2.420176e-04 1.921260e-04
4.343790e+01 2.104122e-04 1.994423e-04 2.399766e-04 1.918176e-04
4.348687e+01 2.106116e-04 2.017547e-04 2.374830e-04 1.925970e-04
4.353584e+01 2.109738e-04 2.040980e-04 2.346586e-04 1.941648e-04
4.358481e+01 2.113167e-04 2.061015e-04 2.316786e-04 1.961700e-04
4.363378e+01 2.114634e-04 2.074521e-04 2.286910e-04 1.982470e-04
4.368275e+01 2.112470e-04 2.079328e-04 2.257607e-04 2.000473e-04
4.373172e+01 2.105287e-04 2.074559e-04 2.228630e-04 2.012672e-04
4.378069e+01 2.092289e-04 2.060811e-04 2.199268e-04 2.016789e-04
4.382966e+01 2.073586e-04 2.040075e-04 2.169062e-04 2.011621e-04
4.387863e+01 2.050335e-04 2.015301e-04 2.138430e-04 1.997276e-04
4.392760e+01 2.024609e-04 1.989665e-04 2.108911e-04 1.975252e-04
4.397657e+01 1.998970e-04 1.965743e-04 2.082900e-04 1.948267e-04
4.402554e+01 1.975907e-04 1.944855e-04 2.063000e-04 1.919865e-04
4.407451e+01 1.957325e-04 1.926841e-04 2.051264e-04 1.893869e-04
4.412348e+01 1.944268e-04 1.910388e-04 2.048611e-04 1.873805e-04
4.417245e+01 1.936930e-04 1.893798e-04 2.054592e-04 1.862400e-04
4.422143e+01 1.934892e-04 1.875939e-04 2.067508e-04 1.861231e-04
4.427040e+01 1.937426e-04 1.856967e-04 2.084757e-04 1.870554e-04
4.431937e+01 1.943711e-04 1.838531e-04 2.103275e-04 1.889329e-04
4.436834e+01 1.952889e-04 1.823294e-04 2.119958e-04 1.915414e-04
4.441731e+01 1.963969e-04 1.813917e-04 2.132058e-04 1.945932e-04
4.446628e+01 1.975719e-04 1.811879e-04 2.137564e-04 1.977715e-04
4.451525e+01 1.986641e-04 1.816610e-04 2.135564e-04 2.007749e-04
4.456422e+01 1.995113e-04 1.825332e-04 2.126508e-04 2.033499e-04
4.461319e+01 1.999669e-04 1.833731e-04 2.112233e-04 2.053044e-04
4.466216e+01 1.999311e-04 1.837263e-04 2.095633e-04 2.065038e-04
4.471113e+01 1.993737e-04 1.832615e-04 2.079995e-04 2.068601e-04
4.476010e+01 1.983407e-04 1.818798e-04 2.068164e-04 2.063260e-04
4.480907e+01 1.969443e-04 1.797486e-04 2.061827e-04 2.049015e-04
4.485804e+01 1.953397e-04 1.772522e-04 2.061162e-04 2.026507e-04
4.490701e+01 1.936970e-04 1.748786e-04 2.064966e-04 1.997158e-04
4.495598e+01 1.921704e-04 1.730833e-04 2.071148e-04 1.963131e-04
4.500496e+01 1.908694e-04 1.721694e-04 2.077326e-04 1.927061e-04
4.505393e+01 1.898337e-04 1.722147e-04 2.081263e-04 1.891601e-04
4.510290e+01 1.890187e-04 1.730588e-04 2.081022e-04 1.858950e-04
4.515187e+01 1.882992e-04 1.743516e-04 2.074904e-04 1.830556e-04
4.520084e+01 1.874977e-04 1.756484e-04 2.061373e-04 1.807075e-04
4.524981e+01 1.864317e-04 1.765286e-04 2.039112e-04 1.788551e-04
4.529878e+01 1.849677e-04 1.767063e-04 2.007291e-04 1.774679e-04
4.534775e+01 1.830610e-04 1.760976e-04 1.965890e-04 1.764964e-04
4.539672e+01 1.807619e-04 1.748222e-04 1.915921e-04 1.758714e-04
4.544569e+01 1.781870e-04 1.731361e-04 1.859356e-04 1.754891e-04
4.549466e+01 1.754647e-04 1.713193e-04 1.798781e-04 1.751966e-04
4.554363e+01 1.726790e-04 1.695612e-04 1.736866e-04 1.747891e-04
4.559260e+01 1.698339e-04 1.678885e-04 1.675859e-04 1.740272e-04
4.564157e+01 1.668503e-04 1.661577e-04 1.617265e-04 1.726667e-04
4.569054e+01 1.635926e-04 1.641118e-04 1.561753e-04 1.704909e-04
4.573951e+01 1.599101e-04 1.614697e-04 1.509255e-04 1.673351e-04
4.578848e+01 1.556742e-04 1.580101e-04 1.459132e-04 1.630992e-04
4.583746e+01 1.508019e-04 1.536208e-04 1.410330e-04 1.577518e-04
4.588643e+01 1.452633e-04 1.483042e-04 1.361493e-04 1.513363e-04
4.593540e+01 1.390816e-04 1.421539e-04 1.311099e-04 1.439809e-04
4.598437e+01 1.323349e-04 1.353238e-04 1.257671e-04 1.359138e-04
4.603334e+01 1.251651e-04 1.280110e-04 1.200103e-04 1.274741e-04
4.608231e+01 1.177907e-04 1.204577e-04 1.138059e-04 1.191084e-04
4.613128e+01 1.105141e-04 1.129631e-04 1.072324e-04 1.113467e-04
4.618025e+01 1.037142e-04 1.058909e-04 1.004970e-04 1.047548e-04
4.622922e+01 9.781615e-05 9.965587e-05 9.392271e-05 9.986988e-05
4.627819e+01 9.323668e-05 9.468391e-05 8.790325e-05 9.712288e-05
4.632716e+01 9.031079e-05 9.134571e-05 8.282916e-05 9.675750e-05
4.637613e+01 8.920885e-05 8.987313e-05 7.900034e-05 9.875307e-05
4.642510e+01 8.986033e-05 9.027282e-05 7.654247e-05 1.027657e-04
4.647407e+01 9.190468e-05 9.225806e-05 7.534809e-05 1.081079e-04
4.652304e+01 9.469127e-05 9.522415e-05 7.506091e-05 1.137887e-04
4.657201e+01 9.734499e-05 9.829173e-05 7.511464e-05 1.186286e-04
4.662098e+01 9.889899e-05 1.004292e-04 7.482608e-05 1.214417e-04
4.666996e+01 9.847337e-05 1.006413e-04 7.352647e-05 1.212524e-04
4.671893e+01 9.545791e-05 9.818085e-05 7.070161e-05 1.174913e-04
4.676790e+01 8.964695e-05 9.272363e-05 6.610389e-05 1.101133e-04
4.681687e+01 8.128435e-05 8.444733e-05 5.980477e-05 9.960096e-05
4.686584e+01 7.100351e-05 7.398749e-05 5.217251e-05 8.685052e-05
4.691481e+01 5.968149e-05 6.228348e-05 4.378284e-05 7.297816e-05
4.696378e+01 4.825309e-05 5.036606e-05 3.529047e-05 5.910275e-05
4.701275e+01 3.753833e-05 3.915243e-05 2.729887e-05 4.616369e-05
4.706172e+01 2.812546e-05 2.930363e-05 2.026189e-05 3.481087e-05
4.711069e+01 2.032698e-05 2.116896e-05 1.443592e-05 2.537606e-05
4.715966e+01 1.420152e-05 1.481042e-05 9.883530e-06 1.791061e-05
4.720863e+01 9.618219e-06 1.007842e-05 6.514787e-06 1.226145e-05
4.725760e+01 6.335874e-06 6.704371e-06 4.146033e-06 8.157217e-06
4.730657e+01 4.074631e-06 4.382906e-06 2.557335e-06 5.283653e-06
4.735554e+01 2.567744e-06 2.829174e-06 1.536304e-06 3.337753e-06
4.740451e+01 1.590523e-06 1.808848e-06 9.038389e-07 2.058883e-06
4.745349e+01 9.701155e-07 1.146116e-06 5.235376e-07 1.240693e-06
4.750246e+01 5.825788e-07 7.179746e-07 2.997664e-07 7.299955e-07
4.755143e+01 3.437116e-07 4.425157e-07 1.699162e-07 4.187028e-07
4.760040e+01 1.984472e-07 2.666378e-07 9.518671e-08 2.335171e-07
4.764937e+01 1.115683e-07 1.560120e-07 5.246136e-08 1.262315e-07
4.769834e+01 6.075301e-08 8.808678e-08 2.826628e-08 6.590598e-08
4.774731e+01 3.188058e-08 4.773692e-08 1.478655e-08 3.311828e-08
4.779628e+01 1.605037e-08 2.472390e-08 7.461543e-09 1.596567e-08
4.784525e+01 7.723905e-09 1.219679e-08 3.612164e-09 7.362759e-09
4.789422e+01 3.542373e-09 5.716593e-09 1.670230e-09 3.240294e-09
4.794319e+01 1.544623e-09 2.540616e-09 7.351497e-10 1.358104e-09
4.799216e+01 6.392625e-10 1.069250e-09 3.072700e-10 5.412673e-10
4.804113e+01 2.507428e-10 4.256235e-10 1.217176e-10 2.048873e-10
4.809010e+01 9.311993e-11 1.601529e-10 4.563170e-11 7.357522e-11
4.813907e+01 3.271066e-11 5.691569e-11 1.617632e-11 2.503998e-11
4.818804e+01 1.082905e-11 1.906008e-11 5.406096e-12 8.020983e-12
4.823701e+01 3.401063e-12 6.037645e-12 1.711665e-12 2.453879e-12
4.828599e+01 1.008758e-12 1.804434e-12 5.114815e-13 7.103600e-13
4.833496e+01 2.821958e-13 5.084379e-13 1.441739e-13 1.939757e-13
4.838393e+01 7.145866e-14 1.313427e-13 3.691741e-14 4.611589e-14
4.843290e+01 1.672417e-14 3.202543e-14 9.118267e-15 9.028813e-15
4.848187e+01 3.979174e-15 7.613760e-15 2.170063e-15 2.153700e-15
4.853084e+01 0.000000e+00 0.000000e+00 0.000000e+00 0.000000e+00
4.857981e+01 0.000000e+00 0.000000e+00 0.000000e+00 0.000000e+00
4.862878e+01 0.000000e+00 0.000000e+00 0.000000e+00 0.000000e+00
4.867775e+01 0.000000e+00 0.000000e+00 0.000000e+00 0.000000e+00
4.872672e+01 0.000000e+00 0.000000e+00 0.000000e+00 0.000000e+00
4.877569e+01 0.000000e+00 0.000000e+00 0.000000e+00 0.000000e+00
4.882466e+01 0.000000e+00 0.000000e+00 0.000000e+00 0.000000e+00
4.887363e+01 0.000000e+00 0.000000e+00 0.000000e+00 0.000000e+00
4.892260e+01 0.000000e+00 0.000000e+00 0.000000e+00 0.000000e+00
4.897157e+01 0.000000e+00 0.000000e+00 0.000000e+00 0.000000e+00
4.902054e+01 0.000000e+00 0.000000e+00 0.000000e+00 0.000000e+00
4.906951e+01 0.000000e+00 0.000000e+00 0.000000e+00 0.000000e+00
4.911849e+01 0.000000e+00 0.000000e+00 0.000000e+00 0.000000e+00
4.916746e+01 0.000000e+00 0.000000e+00 0.000000e+00 0.000000e+00
4.921643e+01 0.000000e+00 0.000000e+00 0.000000e+00 0.000000e+00
4.926540e+01 0.000000e+00 0.000000e+00 0.000000e+00 0.000000e+00
4.931437e+01 0.000000e+00 0.000000e+00 0.000000e+00 0.000000e+00
4.936334e+01 0.000000e+00 0.000000e+00 0.000000e+00 0.000000e+00
4.941231e+01 0.000000e+00 0.000000e+00 0.000000e+00 0.000000e+00
4.946128e+01 0.000000e+00 0.000000e+00 0.000000e+00 0.000000e+00
4.951025e+01 0.000000e+00 0.000000e+00 0.000000e+00 0.000000e+00
4.955922e+01 0.000000e+00 0.000000e+00 0.000000e+00 0.000000e+00
4.960819e+01 0.000000e+00 0.000000e+00 0.000000e+00 0.000000e+00
4.965716e+01 0.000000e+00 0.000000e+00 0.000000e+00 0.000000e+00
4.970613e+01 0.000000e+00 0.000000e+00 0.000000e+00 0.000000e+00
4.975510e+01 0.000000e+00 0.000000e+00 0.000000e+00 0.000000e+00
4.980407e+01 0.000000e+00 0.000000e+00 0.000000e+00 0.000000e+00
4.985304e+01 0.000000e+00 0.000000e+00 0.000000e+00 0.000000e+00
4.990202e+01 0.000000e+00 0.000000e+00 0.000000e+00 0.000000e+00
4.995099e+01 0.000000e+00 0.000000e+00 0.000000e+00 0.000000e+00
4.999996e+01 0.000000e+00 0.000000e+00 0.000000e+00 0.000000e+00
5.004893e+01 0.000000e+00 0.000000e+00 0.000000e+00 0.000000e+00
5.009790e+01 0.000000e+00 0.000000e+00 0.000000e+00 0.000000e+00
5.014687e+01 0.000000e+00 0.000000e+00 0.000000e+00 0.000000e+00
5.019584e+01 0.000000e+00 0.000000e+00 0.000000e+00 0.000000e+00
5.024481e+01 0.000000e+00 0.000000e+00 0.000000e+00 0.000000e+00
5.029378e+01 0.000000e+00 0.000000e+00 0.000000e+00 0.000000e+00
5.034275e+01 0.000000e+00 0.000000e+00 0.000000e+00 0.000000e+00
5.039172e+01 0.000000e+00 0.000000e+00 0.000000e+00 0.000000e+00
5.044069e+01 0.000000e+00 0.000000e+00 0.000000e+00 0.000000e+00
5.048966e+01 0.000000e+00 0.000000e+00 0.000000e+00 0.000000e+00
5.053863e+01 0.000000e+00 0.000000e+00 0.000000e+00 0.000000e+00
5.058760e+01 0.000000e+00 0.000000e+00 0.000000e+00 0.000000e+00
5.063657e+01 0.000000e+00 0.000000e+00 0.000000e+00 0.000000e+00
5.068554e+01 0.000000e+00 0.000000e+00 0.000000e+00 0.000000e+00
5.073452e+01 0.000000e+00 0.000000e+00 0.000000e+00 0.000000e+00
5.078349e+01 0.000000e+00 0.000000e+00 0.000000e+00 0.000000e+00
5.083246e+01 0.000000e+00 0.000000e+00 0.000000e+00 0.000000e+00
5.088143e+01 0.000000e+00 0.000000e+00 0.000000e+00 0.000000e+00
5.093040e+01 0.000000e+00 0.000000e+00 0.000000e+00 0.000000e+00
5.097937e+01 0.000000e+00 0.000000e+00 0.000000e+00 0.000000e+00
5.102834e+01 0.000000e+00 0.000000e+00 0.000000e+00 0.000000e+00
5.107731e+01 0.000000e+00 0.000000e+00 0.000000e+00 0.000000e+00
5.112628e+01 0.000000e+00 0.000000e+00 0.000000e+00 0.000000e+00
5.117525e+01 0.000000e+00 0.000000e+00 0.000000e+00 0.000000e+00
5.122422e+01 0.000000e+00 0.000000e+00 0.000000e+00 0.000000e+00
5.127319e+01 0.000000e+00 0.000000e+00 0.000000e+00 0.000000e+00
5.132216e+01 0.000000e+00 0.000000e+00 0.000000e+00 0.000000e+00
5.137113e+01 0.000000e+00 0.000000e+00 0.000000e+00 0.000000e+00
5.142010e+01 0.000000e+00 0.000000e+00 0.000000e+00 0.000000e+00
5.146907e+01 0.000000e+00 0.000000e+00 0.000000e+00 0.000000e+00
5.151804e+01 0.000000e+00 0.000000e+00 0.000000e+00 0.000000e+00
5.156702e+01 0.000000e+00 0.000000e+00 0.000000e+00 0.000000e+00
5.161599e+01 0.000000e+00 0.000000e+00 0.000000e+00 0.000000e+00
5.166496e+01 0.000000e+00 0.000000e+00 0.000000e+00 0.000000e+00
5.171393e+01 0.000000e+00 0.000000e+00 0.000000e+00 0.000000e+00
5.176290e+01 0.000000e+00 0.000000e+00 0.000000e+00 0.000000e+00
5.181187e+01 0.000000e+00 0.000000e+00 0.000000e+00 0.000000e+00
5.186084e+01 0.000000e+00 0.000000e+00 0.000000e+00 0.000000e+00
5.190981e+01 0.000000e+00 0.000000e+00 0.000000e+00 0.000000e+00
5.195878e+01 0.000000e+00 0.000000e+00 0.000000e+00 0.000000e+00
5.200775e+01 0.000000e+00 0.000000e+00 0.000000e+00 0.000000e+00
5.205672e+01 0.000000e+00 0.000000e+00 0.000000e+00 0.000000e+00
5.210569e+01 0.000000e+00 0.000000e+00 0.000000e+00 0.000000e+00
5.215466e+01 0.000000e+00 0.000000e+00 0.000000e+00 0.000000e+00
5.220363e+01 0.000000e+00 0.000000e+00 0.000000e+00 0.000000e+00
5.225260e+01 0.000000e+00 0.000000e+00 0.000000e+00 0.000000e+00
5.230157e+01 0.000000e+00 0.000000e+00 0.000000e+00 0.000000e+00
5.235055e+01 0.000000e+00 0.000000e+00 0.000000e+00 0.000000e+00
5.239952e+01 0.000000e+00 0.000000e+00 0.000000e+00 0.000000e+00
5.244849e+01 0.000000e+00 0.000000e+00 0.000000e+00 0.000000e+00
5.249746e+01 0.000000e+00 0.000000e+00 0.000000e+00 0.000000e+00
5.254643e+01 0.000000e+00 0.000000e+00 0.000000e+00 0.000000e+00
5.259540e+01 0.000000e+00 0.000000e+00 0.000000e+00 0.000000e+00
5.264437e+01 0.000000e+00 0.000000e+00 0.000000e+00 0.000000e+00
5.269334e+01 0.000000e+00 0.000000e+00 0.000000e+00 0.000000e+00
5.274231e+01 0.000000e+00 0.000000e+00 0.000000e+00 0.000000e+00
5.279128e+01 0.000000e+00 0.000000e+00 0.000000e+00 0.000000e+00
5.284025e+01 0.000000e+00 0.000000e+00 0.000000e+00 0.000000e+00
5.288922e+01 0.000000e+00 0.000000e+00 0.000000e+00 0.000000e+00
5.293819e+01 0.000000e+00 0.000000e+00 0.000000e+00 0.000000e+00
5.298716e+01 0.000000e+00 0.000000e+00 0.000000e+00 0.000000e+00
5.303613e+01 0.000000e+00 0.000000e+00 0.000000e+00 0.000000e+00
5.308510e+01 0.000000e+00 0.000000e+00 0.000000e+00 0.000000e+00
5.313407e+01 0.000000e+00 0.000000e+00 0.000000e+00 0.000000e+00
5.318305e+01 0.000000e+00 0.000000e+00 0.000000e+00 0.000000e+00
5.323202e+01 0.000000e+00 0.000000e+00 0.000000e+00 0.000000e+00
5.328099e+01 0.000000e+00 0.000000e+00 0.000000e+00 0.000000e+00
5.332996e+01 0.000000e+00 0.000000e+00 0.000000e+00 0.000000e+00
5.337893e+01 0.000000e+00 0.000000e+00 0.000000e+00 0.000000e+00
5.342790e+01 0.000000e+00 0.000000e+00 0.000000e+00 0.000000e+00
5.347687e+01 0.000000e+00 0.000000e+00 0.000000e+00 0.000000e+00
5.352584e+01 0.000000e+00 0.000000e+00 0.000000e+00 0.000000e+00
5.357481e+01 0.000000e+00 0.000000e+00 0.000000e+00 0.000000e+00
5.362378e+01 0.000000e+00 0.000000e+00 0.000000e+00 0.000000e+00
5.367275e+01 0.000000e+00 0.000000e+00 0.000000e+00 0.000000e+00
5.372172e+01 0.000000e+00 0.000000e+00 0.000000e+00 0.000000e+00
5.377069e+01 0.000000e+00 0.000000e+00 0.000000e+00 0.000000e+00
5.381966e+01 0.000000e+00 0.000000e+00 0.000000e+00 0.000000e+00
5.386863e+01 0.000000e+00 0.000000e+00 0.000000e+00 0.000000e+00
5.391760e+01 0.000000e+00 0.000000e+00 0.000000e+00 0.000000e+00
5.396657e+01 0.000000e+00 0.000000e+00 0.000000e+00 0.000000e+00
5.401555e+01 0.000000e+00 0.000000e+00 0.000000e+00 0.000000e+00
5.406452e+01 0.000000e+00 0.000000e+00 0.000000e+00 0.000000e+00
5.411349e+01 0.000000e+00 0.000000e+00 0.000000e+00 0.000000e+00
5.416246e+01 0.000000e+00 0.000000e+00 0.000000e+00 0.000000e+00
5.421143e+01 0.000000e+00 0.000000e+00 0.000000e+00 0.000000e+00
5.426040e+01 0.000000e+00 0.000000e+00 0.000000e+00 0.000000e+00
5.430937e+01 0.000000e+00 0.000000e+00 0.000000e+00 0.000000e+00
5.435834e+01 0.000000e+00 0.000000e+00 0.000000e+00 0.000000e+00
5.440731e+01 0.000000e+00 0.000000e+00 0.000000e+00 0.000000e+00
5.445628e+01 0.000000e+00 0.000000e+00 0.000000e+00 0.000000e+00
5.450525e+01 0.000000e+00 0.000000e+00 0.000000e+00 0.000000e+00
5.455422e+01 0.000000e+00 0.000000e+00 0.000000e+00 0.000000e+00
5.460319e+01 0.000000e+00 0.000000e+00 0.000000e+00 0.000000e+00
5.465216e+01 0.000000e+00 0.000000e+00 0.000000e+00 0.000000e+00
5.470113e+01 0.000000e+00 0.000000e+00 0.000000e+00 0.000000e+00
5.475010e+01 0.000000e+00 0.000000e+00 0.000000e+00 0.000000e+00
5.479908e+01 0.000000e+00 0.000000e+00 0.000000e+00 0.000000e+00
5.484805e+01 0.000000e+00 0.000000e+00 0.000000e+00 0.000000e+00
5.489702e+01 0.000000e+00 0.000000e+00 0.000000e+00 0.000000e+00
5.494599e+01 0.000000e+00 0.000000e+00 0.000000e+00 0.000000e+00
5.499496e+01 0.000000e+00 0.000000e+00 0.000000e+00 0.000000e+00
5.504393e+01 0.000000e+00 0.000000e+00 0.000000e+00 0.000000e+00
5.509290e+01 0.000000e+00 0.000000e+00 0.000000e+00 0.000000e+00
5.514187e+01 0.000000e+00 0.000000e+00 0.000000e+00 0.000000e+00
5.519084e+01 0.000000e+00 0.000000e+00 0.000000e+00 0.000000e+00
5.523981e+01 0.000000e+00 0.000000e+00 0.000000e+00 0.000000e+00
5.528878e+01 0.000000e+00 0.000000e+00 0.000000e+00 0.000000e+00
5.533775e+01 0.000000e+00 0.000000e+00 0.000000e+00 0.000000e+00
5.538672e+01 0.000000e+00 0.000000e+00 0.000000e+00 0.000000e+00
5.543569e+01 0.000000e+00 0.000000e+00 0.000000e+00 0.000000e+00
5.548466e+01 0.000000e+00 0.000000e+00 0.000000e+00 0.000000e+00
5.553363e+01 0.000000e+00 0.000000e+00 0.000000e+00 0.000000e+00
5.558260e+01 0.000000e+00 0.000000e+00 0.000000e+00 0.000000e+00
5.563158e+01 0.000000e+00 0.000000e+00 0.000000e+00 0.000000e+00
5.568055e+01 0.000000e+00 0.000000e+00 0.000000e+00 0.000000e+00
5.572952e+01 0.000000e+00 0.000000e+00 0.000000e+00 0.000000e+00
5.577849e+01 0.000000e+00 0.000000e+00 0.000000e+00 0.000000e+00
5.582746e+01 0.000000e+00 0.000000e+00 0.000000e+00 0.000000e+00
5.587643e+01 0.000000e+00 0.000000e+00 0.000000e+00 0.000000e+00
5.592540e+01 0.000000e+00 0.000000e+00 0.000000e+00 0.000000e+00
5.597437e+01 0.000000e+00 0.000000e+00 0.000000e+00 0.000000e+00
5.602334e+01 0.000000e+00 0.000000e+00 0.000000e+00 0.000000e+00
5.607231e+01 0.000000e+00 0.000000e+00 0.000000e+00 0.000000e+00
5.612128e+01 0.000000e+00 0.000000e+00 0.000000e+00 0.000000e+00
5.617025e+01 0.000000e+00 0.000000e+00 0.000000e+00 0.000000e+00
5.621922e+01 0.000000e+00 0.000000e+00 0.000000e+00 0.000000e+00
5.626819e+01 0.000000e+00 0.000000e+00 0.000000e+00 0.000000e+00
5.631716e+01 0.000000e+00 0.000000e+00 0.000000e+00 0.000000e+00
5.636613e+01 0.000000e+00 0.000000e+00 0.000000e+00 0.000000e+00
5.641510e+01 0.000000e+00 0.000000e+00 0.000000e+00 0.000000e+00
5.646408e+01 0.000000e+00 0.000000e+00 0.000000e+00 0.000000e+00
5.651305e+01 0.000000e+00 0.000000e+00 0.000000e+00 0.000000e+00
5.656202e+01 0.000000e+00 0.000000e+00 0.000000e+00 0.000000e+00
5.661099e+01 0.000000e+00 0.000000e+00 0.000000e+00 0.000000e+00
5.665996e+01 0.000000e+00 0.000000e+00 0.000000e+00 0.000000e+00
