7.333016e+00 0.000000e+00 0.000000e+00 0.000000e+00 0.000000e+00
7.381986e+00 0.000000e+00 0.000000e+00 0.000000e+00 0.000000e+00
7.430957e+00 0.000000e+00 0.000000e+00 0.000000e+00 0.000000e+00
7.479927e+00 0.000000e+00 0.000000e+00 0.000000e+00 0.000000e+00
7.528898e+00 0.000000e+00 0.000000e+00 0.000000e+00 0.000000e+00
7.577869e+00 0.000000e+00 0.000000e+00 0.000000e+00 0.000000e+00
7.626839e+00 0.000000e+00 0.000000e+00 0.000000e+00 0.000000e+00
7.675810e+00 0.000000e+00 0.000000e+00 0.000000e+00 0.000000e+00
7.724780e+00 0.000000e+00 0.000000e+00 0.000000e+00 0.000000e+00
7.773751e+00 0.000000e+00 0.000000e+00 0.000000e+00 0.000000e+00
7.822722e+00 0.000000e+00 0.000000e+00 0.000000e+00 0.000000e+00
7.871692e+00 0.000000e+00 0.000000e+00 0.000000e+00 0.000000e+00
7.920663e+00 0.000000e+00 0.000000e+00 0.000000e+00 0.000000e+00
7.969633e+00 0.000000e+00 0.000000e+00 0.000000e+00 0.000000e+00
8.018604e+00 0.000000e+00 0.000000e+00 0.000000e+00 0.000000e+00
8.067575e+00 0.000000e+00 0.000000e+00 0.000000e+00 0.000000e+00
8.116545e+00 0.000000e+00 0.000000e+00 0.000000e+00 0.000000e+00
8.165516e+00 0.000000e+00 0.000000e+00 0.000000e+00 0.000000e+00
8.214486e+00 0.000000e+00 0.000000e+00 0.000000e+00 0.000000e+00
8.263457e+00 0.000000e+00 0.000000e+00 0.000000e+00 0.000000e+00
8.312428e+00 0.000000e+00 0.000000e+00 0.000000e+00 0.000000e+00
8.361398e+00 0.000000e+00 0.000000e+00 0.000000e+00 0.000000e+00
8.410369e+00 0.000000e+00 0.000000e+00 0.000000e+00 0.000000e+00
8.459339e+00 0.000000e+00 0.000000e+00 0.000000e+00 0.000000e+00
8.508310e+00 0.000000e+00 0.000000e+00 0.000000e+00 0.000000e+00
8.557281e+00 0.000000e+00 0.000000e+00 0.000000e+00 0.000000e+00
8.606251e+00 0.000000e+00 0.000000e+00 0.000000e+00 0.000000e+00
8.655222e+00 0.000000e+00 0.000000e+00 0.000000e+00 0.000000e+00
8.704192e+00 0.000000e+00 0.000000e+00 0.000000e+00 0.000000e+00
8.753163e+00 0.000000e+00 0.000000e+00 0.000000e+00 0.000000e+00
8.802134e+00 0.000000e+00 0.000000e+00 0.000000e+00 0.000000e+00
8.851104e+00 0.000000e+00 0.000000e+00 0.000000e+00 0.000000e+00
8.900075e+00 0.000000e+00 0.000000e+00 0.000000e+00 0.000000e+00
8.949045e+00 0.000000e+00 0.000000e+00 0.000000e+00 0.000000e+00
8.998016e+00 0.000000e+00 0.000000e+00 0.000000e+00 0.000000e+00
9.046987e+00 0.000000e+00 0.000000e+00 0.000000e+00 0.000000e+00
9.095957e+00 0.000000e+00 0.000000e+00 0.000000e+00 0.000000e+00
9.144928e+00 0.000000e+00 0.000000e+00 0.000000e+00 0.000000e+00
9.193898e+00 0.000000e+00 0.000000e+00 0.000000e+00 0.000000e+00
9.242869e+00 0.000000e+00 0.000000e+00 0.000000e+00 0.000000e+00
9.291840e+00 0.000000e+00 0.000000e+00 0.000000e+00 0.000000e+00
9.340810e+00 0.000000e+00 0.000000e+00 0.000000e+00 0.000000e+00
9.389781e+00 0.000000e+00 0.000000e+00 0.000000e+00 0.000000e+00
9.438751e+00 0.000000e+00 0.000000e+00 0.000000e+00 0.000000e+00
9.487722e+00 0.000000e+00 0.000000e+00 0.000000e+00 0.000000e+00
9.536693e+00 0.000000e+00 0.000000e+00 0.000000e+00 0.000000e+00
9.585663e+00 0.000000e+00 0.000000e+00 0.000000e+00 0.000000e+00
9.634634e+00 0.000000e+00 0.000000e+00 0.000000e+00 0.000000e+00
9.683604e+00 0.000000e+00 0.000000e+00 0.000000e+00 0.000000e+00
9.732575e+00 0.000000e+00 0.000000e+00 0.000000e+00 0.000000e+00
9.781546e+00 0.000000e+00 0.000000e+00 0.000000e+00 0.000000e+00
9.830516e+00 0.000000e+00 0.000000e+00 0.000000e+00 0.000000e+00
9.879487e+00 0.000000e+00 0.000000e+00 0.000000e+00 0.000000e+00
9.928457e+00 0.000000e+00 0.000000e+00 0.000000e+00 0.000000e+00
9.977428e+00 0.000000e+00 0.000000e+00 0.000000e+00 0.000000e+00
1.002640e+01 0.000000e+00 0.000000e+00 0.000000e+00 0.000000e+00
1.007537e+01 0.000000e+00 0.000000e+00 0.000000e+00 0.000000e+00
1.012434e+01 0.000000e+00 0.000000e+00 0.000000e+00 0.000000e+00
1.017331e+01 0.000000e+00 0.000000e+00 0.000000e+00 0.000000e+00
1.022228e+01 0.000000e+00 0.000000e+00 0.000000e+00 0.000000e+00
1.027125e+01 0.000000e+00 0.000000e+00 0.000000e+00 0.000000e+00
1.032022e+01 0.000000e+00 0.000000e+00 0.000000e+00 0.000000e+00
1.036919e+01 0.000000e+00 0.000000e+00 0.000000e+00 0.000000e+00
1.041816e+01 0.000000e+00 0.000000e+00 0.000000e+00 0.000000e+00
1.046713e+01 0.000000e+00 0.000000e+00 0.000000e+00 0.000000e+00
1.051610e+01 0.000000e+00 0.000000e+00 0.000000e+00 0.000000e+00
1.056508e+01 0.000000e+00 0.000000e+00 0.000000e+00 0.000000e+00
1.061405e+01 0.000000e+00 0.000000e+00 0.000000e+00 0.000000e+00
1.066302e+01 0.000000e+00 0.000000e+00 0.000000e+00 0.000000e+00
1.071199e+01 0.000000e+00 0.000000e+00 0.000000e+00 0.000000e+00
1.076096e+01 0.000000e+00 0.000000e+00 0.000000e+00 0.000000e+00
1.080993e+01 0.000000e+00 0.000000e+00 0.000000e+00 0.000000e+00
1.085890e+01 0.000000e+00 0.000000e+00 0.000000e+00 0.000000e+00
1.090787e+01 0.000000e+00 0.000000e+00 0.000000e+00 0.000000e+00
1.095684e+01 0.000000e+00 0.000000e+00 0.000000e+00 0.000000e+00
1.100581e+01 0.000000e+00 0.000000e+00 0.000000e+00 0.000000e+00
1.105478e+01 0.000000e+00 0.000000e+00 0.000000e+00 0.000000e+00
1.110375e+01 0.000000e+00 0.000000e+00 0.000000e+00 0.000000e+00
1.115272e+01 0.000000e+00 0.000000e+00 0.000000e+00 0.000000e+00
1.120169e+01 5.648300e-14 1.140970e-13 1.318763e-14 4.216436e-14
1.125066e+01 4.771580e-13 9.459601e-13 1.209633e-13 3.645506e-13
1.129963e+01 2.375075e-12 4.681449e-12 6.151361e-13 1.828640e-12
1.134860e+01 9.577663e-12 1.884761e-11 2.493952e-12 7.391424e-12
1.139758e+01 3.579676e-11 7.037363e-11 9.351452e-12 2.766521e-11
1.144655e+01 1.287267e-10 2.529539e-10 3.362336e-11 9.960290e-11
1.149552e+01 4.330167e-10 8.505268e-10 1.131332e-10 3.353902e-10
1.154449e+01 1.368428e-09 2.686213e-09 3.580110e-10 1.061061e-09
1.159346e+01 4.101559e-09 8.047375e-09 1.073868e-09 3.183433e-09
1.164243e+01 1.166543e-08 2.287981e-08 3.054476e-09 9.062008e-09
1.169140e+01 3.149937e-08 6.176840e-08 8.242269e-09 2.448742e-08
1.174037e+01 8.079412e-08 1.584274e-07 2.110969e-08 6.284529e-08
1.178934e+01 1.969515e-07 3.862547e-07 5.133875e-08 1.532612e-07
1.183831e+01 4.565141e-07 8.955992e-07 1.186144e-07 3.553287e-07
1.188728e+01 1.006599e-06 1.975802e-06 2.604639e-07 7.835321e-07
1.193625e+01 2.112165e-06 4.148797e-06 5.438097e-07 1.643890e-06
1.198522e+01 4.218795e-06 8.294032e-06 1.079888e-06 3.282465e-06
1.203419e+01 8.022483e-06 1.578837e-05 2.040091e-06 6.238992e-06
1.208316e+01 1.452459e-05 2.861814e-05 3.667097e-06 1.128854e-05
1.213213e+01 2.503400e-05 4.938817e-05 6.272079e-06 1.944175e-05
1.218110e+01 4.106634e-05 8.112733e-05 1.020655e-05 3.186515e-05
1.223008e+01 6.409384e-05 1.267960e-04 1.579924e-05 4.968625e-05
1.227905e+01 9.513054e-05 1.884624e-04 2.325658e-05 7.367261e-05
1.232802e+01 1.342021e-04 2.662412e-04 3.254087e-05 1.038242e-04
1.237699e+01 1.798337e-04 3.572598e-04 4.325877e-05 1.389825e-04
1.242596e+01 2.287582e-04 4.550563e-04 5.460640e-05 1.766120e-04
1.247493e+01 2.760534e-04 5.498308e-04 6.541620e-05 2.129130e-04
1.252390e+01 3.158203e-04 6.297849e-04 7.432610e-05 2.433500e-04
1.257287e+01 3.423330e-04 6.834124e-04 8.004907e-05 2.635375e-04
1.262184e+01 3.513716e-04 7.021767e-04 8.167473e-05 2.702633e-04
1.267081e+01 3.413226e-04 6.827323e-04 7.890834e-05 2.623273e-04
1.271978e+01 3.136557e-04 6.279015e-04 7.216422e-05 2.409014e-04
1.276875e+01 2.725945e-04 5.460272e-04 6.248094e-05 2.092754e-04
1.281772e+01 2.241019e-04 4.489227e-04 5.129550e-05 1.720874e-04
1.286669e+01 1.745540e-04 3.491562e-04 4.017163e-05 1.343341e-04
1.291566e+01 1.295772e-04 2.576038e-04 3.059832e-05 1.005294e-04
1.296463e+01 9.342085e-05 1.820093e-04 2.395007e-05 7.430319e-05
1.301361e+01 6.900892e-05 1.268398e-04 2.164156e-05 5.854537e-05
1.306258e+01 5.855402e-05 9.423346e-05 2.543673e-05 5.599186e-05
1.311155e+01 6.443125e-05 8.550510e-05 3.780355e-05 6.998510e-05
1.316052e+01 8.992909e-05 1.025705e-04 6.215515e-05 1.050616e-04
1.320949e+01 1.395245e-04 1.487408e-04 1.028007e-04 1.670321e-04
1.325846e+01 2.184485e-04 2.285500e-04 1.644661e-04 2.623295e-04
1.330743e+01 3.315060e-04 3.465598e-04 2.513551e-04 3.966030e-04
1.335640e+01 4.813766e-04 5.054024e-04 3.659038e-04 5.728236e-04
1.340537e+01 6.668878e-04 7.036378e-04 5.075777e-04 7.894479e-04
1.345434e+01 8.819242e-04 9.342193e-04 6.721869e-04 1.039366e-03
1.350331e+01 1.115582e-03 1.184339e-03 8.521310e-04 1.310277e-03
1.355228e+01 1.353849e-03 1.437087e-03 1.037713e-03 1.586747e-03
1.360125e+01 1.582537e-03 1.674736e-03 1.219246e-03 1.853630e-03
1.365022e+01 1.790657e-03 1.882773e-03 1.389305e-03 2.099893e-03
1.369919e+01 1.973131e-03 2.053379e-03 1.544359e-03 2.321654e-03
1.374816e+01 2.131888e-03 2.187108e-03 1.685212e-03 2.523343e-03
1.379713e+01 2.274959e-03 2.292140e-03 1.816170e-03 2.716567e-03
1.384611e+01 2.413917e-03 2.381374e-03 1.943336e-03 2.917041e-03
1.389508e+01 2.560595e-03 2.468452e-03 2.072733e-03 3.140601e-03
1.394405e+01 2.724191e-03 2.564124e-03 2.208935e-03 3.399514e-03
1.399302e+01 2.909525e-03 2.674113e-03 2.354546e-03 3.699916e-03
1.404199e+01 3.116640e-03 2.798874e-03 2.510474e-03 4.040572e-03
1.409096e+01 3.341354e-03 2.934854e-03 2.676631e-03 4.412577e-03
1.413993e+01 3.576128e-03 3.076322e-03 2.852577e-03 4.799486e-03
1.418890e+01 3.810805e-03 3.216892e-03 3.037749e-03 5.177775e-03
1.423787e+01 4.033190e-03 3.350289e-03 3.231137e-03 5.518143e-03
1.428684e+01 4.229837e-03 3.470529e-03 3.430499e-03 5.788482e-03
1.433581e+01 4.387451e-03 3.572018e-03 3.631413e-03 5.958923e-03
1.438478e+01 4.494953e-03 3.650006e-03 3.826563e-03 6.008289e-03
1.443375e+01 4.545742e-03 3.701456e-03 4.005654e-03 5.930116e-03
1.448272e+01 4.539339e-03 3.725910e-03 4.156256e-03 5.735851e-03
1.453169e+01 4.481659e-03 3.725807e-03 4.265628e-03 5.453542e-03
1.458066e+01 4.383684e-03 3.705892e-03 4.323230e-03 5.121931e-03
1.462963e+01 4.258922e-03 3.671817e-03 4.323273e-03 4.781676e-03
1.467861e+01 4.120508e-03 3.628467e-03 4.266473e-03 4.466583e-03
1.472758e+01 3.978831e-03 3.578645e-03 4.160298e-03 4.197549e-03
1.477655e+01 3.840285e-03 3.522596e-03 4.017470e-03 3.980790e-03
1.482552e+01 3.707332e-03 3.458514e-03 3.853195e-03 3.810287e-03
1.487449e+01 3.579724e-03 3.383864e-03 3.682132e-03 3.673177e-03
1.492346e+01 3.456553e-03 3.297168e-03 3.516329e-03 3.556162e-03
1.497243e+01 3.338629e-03 3.199876e-03 3.364877e-03 3.451135e-03
1.502140e+01 3.230607e-03 3.097882e-03 3.235274e-03 3.358665e-03
1.507037e+01 3.142182e-03 3.002258e-03 3.135669e-03 3.288619e-03
1.511934e+01 3.087774e-03 2.928810e-03 3.076711e-03 3.257801e-03
1.516831e+01 3.084470e-03 2.896275e-03 3.071955e-03 3.285179e-03
1.521728e+01 3.148517e-03 2.923325e-03 3.136380e-03 3.385846e-03
1.526625e+01 3.291190e-03 3.024884e-03 3.283370e-03 3.565315e-03
1.531522e+01 3.515113e-03 3.208521e-03 3.520981e-03 3.815836e-03
1.536419e+01 3.812034e-03 3.471670e-03 3.848472e-03 4.115959e-03
1.541316e+01 4.162585e-03 3.800222e-03 4.253851e-03 4.433681e-03
1.546214e+01 4.538055e-03 4.168846e-03 4.712941e-03 4.732376e-03
1.551111e+01 4.903777e-03 4.543162e-03 5.190336e-03 4.977835e-03
1.556008e+01 5.223536e-03 4.883755e-03 5.642458e-03 5.144395e-03
1.560905e+01 5.464359e-03 5.151753e-03 6.022766e-03 5.218558e-03
1.565802e+01 5.601075e-03 5.315206e-03 6.288604e-03 5.199414e-03
1.570699e+01 5.619931e-03 5.355027e-03 6.408506e-03 5.096262e-03
1.575596e+01 5.520573e-03 5.268929e-03 6.368200e-03 4.924588e-03
1.580493e+01 5.315799e-03 5.072059e-03 6.173503e-03 4.701835e-03
1.585390e+01 5.029000e-03 4.793829e-03 5.849048e-03 4.444122e-03
1.590287e+01 4.689753e-03 4.471674e-03 5.433036e-03 4.164548e-03
1.595184e+01 4.328639e-03 4.143395e-03 4.969486e-03 3.873038e-03
1.600081e+01 3.972517e-03 3.840170e-03 4.500169e-03 3.577211e-03
1.604978e+01 3.641227e-03 3.581861e-03 4.058273e-03 3.283548e-03
1.609875e+01 3.346179e-03 3.375386e-03 3.664978e-03 2.998171e-03
1.614772e+01 3.090654e-03 3.215948e-03 3.329099e-03 2.726914e-03
1.619669e+01 2.871382e-03 3.090287e-03 3.049093e-03 2.474765e-03
1.624566e+01 2.680837e-03 2.980957e-03 2.816436e-03 2.245118e-03
1.629464e+01 2.509840e-03 2.870725e-03 2.619437e-03 2.039358e-03
1.634361e+01 2.350091e-03 2.746385e-03 2.446754e-03 1.857136e-03
1.639258e+01 2.196293e-03 2.601446e-03 2.290141e-03 1.697293e-03
1.644155e+01 2.047463e-03 2.437272e-03 2.146061e-03 1.559055e-03
1.649052e+01 1.907138e-03 2.262494e-03 2.015987e-03 1.442931e-03
1.653949e+01 1.782375e-03 2.090836e-03 1.905433e-03 1.350856e-03
1.658846e+01 1.681794e-03 1.937890e-03 1.822016e-03 1.285477e-03
1.663743e+01 1.613195e-03 1.817666e-03 1.773085e-03 1.248834e-03
1.668640e+01 1.581436e-03 1.739790e-03 1.763538e-03 1.240979e-03
1.673537e+01 1.587152e-03 1.708000e-03 1.794333e-03 1.259124e-03
1.678434e+01 1.626628e-03 1.720192e-03 1.862005e-03 1.297688e-03
1.683331e+01 1.692791e-03 1.769828e-03 1.959215e-03 1.349330e-03
1.688228e+01 1.776992e-03 1.848189e-03 2.076123e-03 1.406665e-03
1.693125e+01 1.871080e-03 1.946801e-03 2.202281e-03 1.464159e-03
1.698022e+01 1.969245e-03 2.059440e-03 2.328653e-03 1.519642e-03
1.702919e+01 2.069246e-03 2.183292e-03 2.449441e-03 1.575005e-03
1.707816e+01 2.172823e-03 2.319120e-03 2.563434e-03 1.635916e-03
1.712714e+01 2.285285e-03 2.470548e-03 2.674628e-03 1.710679e-03
1.717611e+01 2.414455e-03 2.642785e-03 2.791975e-03 1.808605e-03
1.722508e+01 2.569239e-03 2.841197e-03 2.928172e-03 1.938350e-03
1.727405e+01 2.758079e-03 3.070079e-03 3.097548e-03 2.106611e-03
1.732302e+01 2.987445e-03 3.331753e-03 3.313236e-03 2.317345e-03
1.737199e+01 3.260363e-03 3.625822e-03 3.583895e-03 2.571373e-03
1.742096e+01 3.574874e-03 3.948239e-03 3.910340e-03 2.866044e-03
1.746993e+01 3.922348e-03 4.289901e-03 4.282559e-03 3.194583e-03
1.751890e+01 4.285903e-03 4.634911e-03 4.677791e-03 3.545005e-03
1.756787e+01 4.639585e-03 4.959239e-03 5.060577e-03 3.898941e-03
1.761684e+01 4.949291e-03 5.231025e-03 5.385714e-03 4.231134e-03
1.766581e+01 5.176280e-03 5.413642e-03 5.604574e-03 4.510624e-03
1.771478e+01 5.283393e-03 5.471802e-03 5.674137e-03 4.704240e-03
1.776375e+01 5.242875e-03 5.379566e-03 5.566787e-03 4.782271e-03
1.781272e+01 5.043610e-03 5.127882e-03 5.277918e-03 4.725031e-03
1.786169e+01 4.695245e-03 4.728838e-03 4.828580e-03 4.528315e-03
1.791067e+01 4.227432e-03 4.214766e-03 4.261821e-03 4.205708e-03
1.795964e+01 3.684138e-03 3.632126e-03 3.633630e-03 3.786658e-03
1.800861e+01 3.114757e-03 3.032146e-03 3.001360e-03 3.310764e-03
1.805758e+01 2.564911e-03 2.461263e-03 2.413299e-03 2.820172e-03
1.810655e+01 2.069692e-03 1.954228e-03 1.902293e-03 2.352556e-03
1.815552e+01 1.650892e-03 1.531397e-03 1.484537e-03 1.936742e-03
1.820449e+01 1.318157e-03 1.200046e-03 1.162701e-03 1.591723e-03
1.825346e+01 1.072702e-03 9.582643e-04 9.313869e-04 1.328454e-03
1.830243e+01 9.117017e-04 7.995716e-04 7.826855e-04 1.152848e-03
1.835140e+01 8.317640e-04 7.167141e-04 7.102699e-04 1.068308e-03
1.840037e+01 8.305756e-04 7.038278e-04 7.113053e-04 1.076594e-03
1.844934e+01 9.066038e-04 7.568459e-04 7.862076e-04 1.176758e-03
1.849831e+01 1.057298e-03 8.724940e-04 9.366861e-04 1.362714e-03
1.854728e+01 1.276594e-03 1.046441e-03 1.162697e-03 1.620643e-03
1.859625e+01 1.552650e-03 1.271251e-03 1.459081e-03 1.927617e-03
1.864522e+01 1.866702e-03 1.534776e-03 1.812792e-03 2.252538e-03
1.869419e+01 2.193650e-03 1.819558e-03 2.201670e-03 2.559724e-03
1.874317e+01 2.504544e-03 2.103615e-03 2.595503e-03 2.814515e-03
1.879214e+01 2.770552e-03 2.362679e-03 2.959573e-03 2.989404e-03
1.884111e+01 2.967514e-03 2.573559e-03 3.260088e-03 3.068896e-03
1.889008e+01 3.079920e-03 2.717935e-03 3.470194e-03 3.051632e-03
1.893905e+01 3.103272e-03 2.785638e-03 3.574891e-03 2.949289e-03
1.898802e+01 3.044221e-03 2.776488e-03 3.573407e-03 2.782770e-03
1.903699e+01 2.918478e-03 2.700076e-03 3.478341e-03 2.577018e-03
1.908596e+01 2.747106e-03 2.573419e-03 3.311924e-03 2.355974e-03
1.913493e+01 2.552207e-03 2.417098e-03 3.100623e-03 2.138900e-03
1.918390e+01 2.353104e-03 2.250968e-03 2.869727e-03 1.938616e-03
1.923287e+01 2.163877e-03 2.090669e-03 2.639374e-03 1.761588e-03
1.928184e+01 1.992633e-03 1.945826e-03 2.422786e-03 1.609285e-03
1.933081e+01 1.842302e-03 1.820165e-03 2.226658e-03 1.480083e-03
1.937978e+01 1.712362e-03 1.713103e-03 2.052946e-03 1.371036e-03
1.942875e+01 1.600691e-03 1.621923e-03 1.901058e-03 1.279091e-03
1.947772e+01 1.504945e-03 1.543656e-03 1.769556e-03 1.201623e-03
1.952669e+01 1.423161e-03 1.476097e-03 1.656955e-03 1.136429e-03
1.957567e+01 1.353689e-03 1.417908e-03 1.561694e-03 1.081466e-03
1.962464e+01 1.294805e-03 1.368119e-03 1.481680e-03 1.034616e-03
1.967361e+01 1.244365e-03 1.325522e-03 1.413911e-03 9.936620e-04
1.972258e+01 1.199779e-03 1.288356e-03 1.354519e-03 9.564629e-04
1.977155e+01 1.158317e-03 1.254428e-03 1.299284e-03 9.212385e-04
1.982052e+01 1.117608e-03 1.221596e-03 1.244439e-03 8.867895e-04
1.986949e+01 1.076115e-03 1.188358e-03 1.187427e-03 8.525613e-04
1.991846e+01 1.033376e-03 1.154252e-03 1.127331e-03 8.185446e-04
1.996743e+01 9.899477e-04 1.119915e-03 1.064846e-03 7.850825e-04
2.001640e+01 9.470866e-04 1.086750e-03 1.001834e-03 7.526761e-04
2.006537e+01 9.062819e-04 1.056347e-03 9.406553e-04 7.218433e-04
2.011434e+01 8.688002e-04 1.029879e-03 8.834838e-04 6.930379e-04
2.016331e+01 8.353646e-04 1.007684e-03 8.318063e-04 6.666035e-04
2.021228e+01 8.060380e-04 9.891912e-04 7.861792e-04 6.427436e-04
2.026125e+01 7.803134e-04 9.731745e-04 7.462513e-04 6.215143e-04
2.031022e+01 7.573558e-04 9.582149e-04 7.109834e-04 6.028692e-04
2.035920e+01 7.363120e-04 9.431751e-04 6.789756e-04 5.867853e-04
2.040817e+01 7.165987e-04 9.275136e-04 6.488153e-04 5.734671e-04
2.045714e+01 6.981062e-04 9.113573e-04 6.193811e-04 5.635802e-04
2.050611e+01 6.812838e-04 8.953632e-04 5.900634e-04 5.584247e-04
2.055508e+01 6.670978e-04 8.804714e-04 5.608823e-04 5.599396e-04
2.060405e+01 6.568715e-04 8.676572e-04 5.324962e-04 5.704610e-04
2.065302e+01 6.520237e-04 8.577462e-04 5.061036e-04 5.922215e-04
2.070199e+01 6.537383e-04 8.512901e-04 4.832495e-04 6.266754e-04
2.075096e+01 6.626183e-04 8.484774e-04 4.655610e-04 6.738166e-04
2.079993e+01 6.784045e-04 8.490602e-04 4.544499e-04 7.317034e-04
2.084890e+01 6.998447e-04 8.523190e-04 4.508330e-04 7.963822e-04
2.089787e+01 7.247819e-04 8.571163e-04 4.549236e-04 8.623059e-04
2.094684e+01 7.504741e-04 8.620761e-04 4.661412e-04 9.232052e-04
2.099581e+01 7.740912e-04 8.658813e-04 4.831715e-04 9.732207e-04
2.104478e+01 7.932684e-04 8.676126e-04 5.041805e-04 1.008012e-03
2.109375e+01 8.065726e-04 8.670117e-04 5.271511e-04 1.025555e-03
2.114272e+01 8.137567e-04 8.645600e-04 5.502771e-04 1.026433e-03
2.119170e+01 8.157490e-04 8.613271e-04 5.723209e-04 1.013599e-03
2.124067e+01 8.143988e-04 8.586370e-04 5.928402e-04 9.917193e-04
2.128964e+01 8.120703e-04 8.576771e-04 6.122179e-04 9.663158e-04
2.133861e+01 8.112010e-04 8.592087e-04 6.314854e-04 9.429088e-04
2.138758e+01 8.139284e-04 8.634962e-04 6.519987e-04 9.262903e-04
2.143655e+01 8.218456e-04 8.704796e-04 6.750766e-04 9.199805e-04
2.148552e+01 8.358988e-04 8.801070e-04 7.017227e-04 9.258667e-04
2.153449e+01 8.564035e-04 8.926673e-04 7.325107e-04 9.440325e-04
2.158346e+01 8.831340e-04 9.089567e-04 7.676419e-04 9.728033e-04
2.163243e+01 9.154418e-04 9.301835e-04 8.070992e-04 1.009043e-03
2.168140e+01 9.523671e-04 9.576304e-04 8.507805e-04 1.048690e-03
2.173037e+01 9.927218e-04 9.921994e-04 8.985020e-04 1.087464e-03
2.177934e+01 1.035141e-03 1.034017e-03 9.498300e-04 1.121577e-03
2.182831e+01 1.078119e-03 1.082252e-03 1.003798e-03 1.148308e-03
2.187728e+01 1.120054e-03 1.135209e-03 1.058647e-03 1.166306e-03
2.192625e+01 1.159342e-03 1.190669e-03 1.111767e-03 1.175589e-03
2.197522e+01 1.194541e-03 1.246351e-03 1.159948e-03 1.177324e-03
2.202420e+01 1.224606e-03 1.300362e-03 1.199965e-03 1.173490e-03
2.207317e+01 1.249138e-03 1.351507e-03 1.229341e-03 1.166566e-03
2.212214e+01 1.268577e-03 1.399382e-03 1.247059e-03 1.159290e-03
2.217111e+01 1.284231e-03 1.444236e-03 1.253973e-03 1.154485e-03
2.222008e+01 1.298091e-03 1.486626e-03 1.252764e-03 1.154884e-03
2.226905e+01 1.312433e-03 1.526968e-03 1.247448e-03 1.162884e-03
2.231802e+01 1.329312e-03 1.565102e-03 1.242593e-03 1.180242e-03
2.236699e+01 1.350089e-03 1.600038e-03 1.242486e-03 1.207742e-03
2.241596e+01 1.375135e-03 1.630011e-03 1.250448e-03 1.244947e-03
2.246493e+01 1.403802e-03 1.652885e-03 1.268409e-03 1.290112e-03
2.251390e+01 1.434635e-03 1.666838e-03 1.296761e-03 1.340304e-03
2.256287e+01 1.465748e-03 1.671111e-03 1.334416e-03 1.391717e-03
2.261184e+01 1.495232e-03 1.666554e-03 1.379013e-03 1.440130e-03
2.266081e+01 1.521467e-03 1.655719e-03 1.427232e-03 1.481449e-03
2.270978e+01 1.543269e-03 1.642403e-03 1.475171e-03 1.512233e-03
2.275875e+01 1.559873e-03 1.630725e-03 1.518768e-03 1.530127e-03
2.280773e+01 1.570771e-03 1.624006e-03 1.554217e-03 1.534089e-03
2.285670e+01 1.575486e-03 1.623802e-03 1.578325e-03 1.524332e-03
2.290567e+01 1.573384e-03 1.629395e-03 1.588773e-03 1.501985e-03
2.295464e+01 1.563582e-03 1.637890e-03 1.584277e-03 1.468580e-03
2.300361e+01 1.545033e-03 1.644878e-03 1.564674e-03 1.425546e-03
2.305258e+01 1.516765e-03 1.645439e-03 1.530943e-03 1.373914e-03
2.310155e+01 1.478224e-03 1.635184e-03 1.485169e-03 1.314320e-03
2.315052e+01 1.429584e-03 1.611076e-03 1.430387e-03 1.247290e-03
2.319949e+01 1.371923e-03 1.571848e-03 1.370283e-03 1.173637e-03
2.324846e+01 1.307179e-03 1.518033e-03 1.308730e-03 1.094774e-03
2.329743e+01 1.237901e-03 1.451663e-03 1.249224e-03 1.012817e-03
2.334640e+01 1.166862e-03 1.375794e-03 1.194365e-03 9.304264e-04
2.339537e+01 1.096667e-03 1.293989e-03 1.145528e-03 8.504828e-04
2.344434e+01 1.029466e-03 1.209862e-03 1.102838e-03 7.756971e-04
2.349331e+01 9.668108e-04 1.126718e-03 1.065436e-03 7.082789e-04
2.354228e+01 9.096583e-04 1.047328e-03 1.031933e-03 6.497147e-04
2.359125e+01 8.584413e-04 9.738077e-04 1.000850e-03 6.006665e-04
2.364023e+01 8.131502e-04 9.075780e-04 9.708966e-04 5.609759e-04
2.368920e+01 7.733848e-04 8.493713e-04 9.410276e-04 5.297556e-04
2.373817e+01 7.383897e-04 7.992742e-04 9.103376e-04 5.055572e-04
2.378714e+01 7.071139e-04 7.568007e-04 8.779422e-04 4.865989e-04
2.383611e+01 6.783359e-04 7.210106e-04 8.429723e-04 4.710248e-04
2.388508e+01 6.508549e-04 6.906790e-04 8.047378e-04 4.571479e-04
2.393405e+01 6.237116e-04 6.645054e-04 7.630003e-04 4.436290e-04
2.398302e+01 5.963692e-04 6.413254e-04 7.182210e-04 4.295612e-04
2.403199e+01 5.687936e-04 6.202753e-04 6.716463e-04 4.144590e-04
2.408096e+01 5.414029e-04 6.008693e-04 6.251596e-04 3.981797e-04
2.412993e+01 5.149040e-04 5.829707e-04 5.809259e-04 3.808154e-04
2.417890e+01 4.900686e-04 5.666720e-04 5.409417e-04 3.625922e-04
2.422787e+01 4.675165e-04 5.521232e-04 5.066329e-04 3.437933e-04
2.427684e+01 4.475618e-04 5.393579e-04 4.786189e-04 3.247088e-04
2.432581e+01 4.301533e-04 5.281612e-04 4.566947e-04 3.056039e-04
2.437478e+01 4.149076e-04 5.180119e-04 4.400098e-04 2.867010e-04
2.442375e+01 4.012135e-04 5.081084e-04 4.273608e-04 2.681713e-04
2.447273e+01 3.883704e-04 4.974720e-04 4.174985e-04 2.501406e-04
2.452170e+01 3.757227e-04 4.851052e-04 4.093558e-04 2.327070e-04
2.457067e+01 3.627635e-04 4.701706e-04 4.021499e-04 2.159701e-04
2.461964e+01 3.491909e-04 4.521545e-04 3.953589e-04 2.000592e-04
2.466861e+01 3.349181e-04 4.309798e-04 3.886221e-04 1.851524e-04
2.471758e+01 3.200481e-04 4.070396e-04 3.816303e-04 1.714746e-04
2.476655e+01 3.048282e-04 3.811419e-04 3.740694e-04 1.592732e-04
2.481552e+01 2.895957e-04 3.543707e-04 3.656410e-04 1.487754e-04
2.486449e+01 2.747240e-04 3.278944e-04 3.561421e-04 1.401356e-04
2.491346e+01 2.605688e-04 3.027654e-04 3.455521e-04 1.333890e-04
2.496243e+01 2.474170e-04 2.797575e-04 3.340681e-04 1.284254e-04
2.501140e+01 2.354409e-04 2.592753e-04 3.220557e-04 1.249916e-04
2.506037e+01 2.246671e-04 2.413501e-04 3.099262e-04 1.227249e-04
2.510934e+01 2.149707e-04 2.257131e-04 2.979892e-04 1.212097e-04
2.515831e+01 2.061037e-04 2.119204e-04 2.863487e-04 1.200421e-04
2.520728e+01 1.977586e-04 1.994970e-04 2.748905e-04 1.188883e-04
2.525626e+01 1.896545e-04 1.880700e-04 2.633711e-04 1.175223e-04
2.530523e+01 1.816252e-04 1.774643e-04 2.515707e-04 1.158407e-04
2.535420e+01 1.736823e-04 1.677452e-04 2.394462e-04 1.138556e-04
2.540317e+01 1.660334e-04 1.592027e-04 2.272235e-04 1.116739e-04
2.545214e+01 1.590482e-04 1.522839e-04 2.153927e-04 1.094681e-04
2.550111e+01 1.531814e-04 1.474865e-04 2.046151e-04 1.074425e-04
2.555008e+01 1.488717e-04 1.452365e-04 1.955797e-04 1.057989e-04
2.559905e+01 1.464470e-04 1.457724e-04 1.888645e-04 1.047041e-04
2.564802e+01 1.460577e-04 1.490609e-04 1.848439e-04 1.042682e-04
2.569699e+01 1.476526e-04 1.547638e-04 1.836565e-04 1.045375e-04
2.574596e+01 1.509975e-04 1.622680e-04 1.852213e-04 1.055032e-04
2.579493e+01 1.557206e-04 1.707710e-04 1.892727e-04 1.071179e-04
2.584390e+01 1.613652e-04 1.793981e-04 1.953894e-04 1.093081e-04
2.589287e+01 1.674312e-04 1.873123e-04 2.030099e-04 1.119716e-04
2.594184e+01 1.733980e-04 1.937847e-04 2.114483e-04 1.149611e-04
2.599081e+01 1.787352e-04 1.982142e-04 2.199264e-04 1.180651e-04
2.603978e+01 1.829155e-04 2.001119e-04 2.276342e-04 1.210003e-04
2.608876e+01 1.854415e-04 1.990897e-04 2.338077e-04 1.234269e-04
2.613773e+01 1.858921e-04 1.948855e-04 2.378035e-04 1.249872e-04
2.618670e+01 1.839801e-04 1.874317e-04 2.391520e-04 1.253567e-04
2.623567e+01 1.796087e-04 1.769440e-04 2.375853e-04 1.242970e-04
2.628464e+01 1.729113e-04 1.639816e-04 2.330541e-04 1.216981e-04
2.633361e+01 1.642648e-04 1.494400e-04 2.257488e-04 1.176055e-04
2.638258e+01 1.542717e-04 1.344575e-04 2.161290e-04 1.122287e-04
2.643155e+01 1.437091e-04 1.202560e-04 2.049425e-04 1.059289e-04
2.648052e+01 1.334466e-04 1.079533e-04 1.932010e-04 9.918556e-05
2.652949e+01 1.243400e-04 9.839523e-05 1.820846e-04 9.254022e-05
2.657846e+01 1.171094e-04 9.203992e-05 1.727668e-04 8.652147e-05
2.662743e+01 1.122173e-04 8.890809e-05 1.661845e-04 8.155921e-05
2.667640e+01 1.097692e-04 8.859911e-05 1.628064e-04 7.790197e-05
2.672537e+01 1.094634e-04 9.036427e-05 1.624689e-04 7.555688e-05
2.677434e+01 1.106153e-04 9.322889e-05 1.643431e-04 7.427397e-05
2.682331e+01 1.122728e-04 9.615464e-05 1.670724e-04 7.359130e-05
2.687228e+01 1.134139e-04 9.822704e-05 1.690718e-04 7.294285e-05
2.692126e+01 1.131922e-04 9.884130e-05 1.689248e-04 7.181047e-05
2.697023e+01 1.111678e-04 9.784927e-05 1.657725e-04 6.988160e-05
2.701920e+01 1.074569e-04 9.562773e-05 1.595768e-04 6.716618e-05
2.706817e+01 1.027502e-04 9.304063e-05 1.511751e-04 6.403493e-05
2.711714e+01 9.818807e-05 9.129008e-05 1.421097e-04 6.116443e-05
2.716611e+01 9.512189e-05 9.167835e-05 1.342845e-04 5.940287e-05
2.721508e+01 9.482258e-05 9.532469e-05 1.295514e-04 5.959162e-05
2.726405e+01 9.820348e-05 1.028929e-04 1.293333e-04 6.238423e-05
2.731302e+01 1.056139e-04 1.143866e-04 1.343573e-04 6.809770e-05
2.736199e+01 1.167360e-04 1.290594e-04 1.445303e-04 7.661817e-05
2.741096e+01 1.305979e-04 1.454710e-04 1.589495e-04 8.737313e-05
2.745993e+01 1.456986e-04 1.616926e-04 1.760257e-04 9.937736e-05
2.750890e+01 1.602311e-04 1.756356e-04 1.937016e-04 1.113562e-04
2.755787e+01 1.723759e-04 1.854437e-04 2.097450e-04 1.219392e-04
2.760684e+01 1.806185e-04 1.898638e-04 2.220936e-04 1.298980e-04
2.765581e+01 1.840298e-04 1.885060e-04 2.292025e-04 1.343809e-04
2.770479e+01 1.824420e-04 1.819196e-04 2.303250e-04 1.350814e-04
2.775376e+01 1.764656e-04 1.714596e-04 2.256479e-04 1.322892e-04
2.780273e+01 1.673333e-04 1.589715e-04 2.162286e-04 1.267998e-04
2.785170e+01 1.566044e-04 1.463755e-04 2.037329e-04 1.197049e-04
2.790067e+01 1.458071e-04 1.352603e-04 1.900363e-04 1.121247e-04
2.794964e+01 1.361187e-04 1.265919e-04 1.768035e-04 1.049606e-04
2.799861e+01 1.281696e-04 1.206035e-04 1.651666e-04 9.873885e-05
2.804758e+01 1.220147e-04 1.168790e-04 1.555867e-04 9.357835e-05
2.809655e+01 1.172587e-04 1.145839e-04 1.479167e-04 8.927556e-05
2.814552e+01 1.132780e-04 1.127623e-04 1.416109e-04 8.546077e-05
2.819449e+01 1.094545e-04 1.106083e-04 1.359904e-04 8.176479e-05
2.824346e+01 1.053532e-04 1.076441e-04 1.304735e-04 7.794189e-05
2.829243e+01 1.008025e-04 1.037739e-04 1.247142e-04 7.391935e-05
2.834140e+01 9.587975e-05 9.922659e-05 1.186372e-04 6.977543e-05
2.839037e+01 9.083246e-05 9.442906e-05 1.123963e-04 6.567207e-05
2.843934e+01 8.597690e-05 8.985980e-05 1.062917e-04 6.177925e-05
2.848831e+01 8.160970e-05 8.592588e-05 1.006819e-04 5.822132e-05
2.853729e+01 7.795058e-05 8.288657e-05 9.590605e-05 5.505912e-05
2.858626e+01 7.511922e-05 8.082963e-05 9.222455e-05 5.230347e-05
2.863523e+01 7.313921e-05 7.969292e-05 8.978087e-05 4.994386e-05
2.868420e+01 7.196083e-05 7.931798e-05 8.858858e-05 4.797593e-05
2.873317e+01 7.149560e-05 7.951951e-05 8.854921e-05 4.641808e-05
2.878214e+01 7.165785e-05 8.015447e-05 8.950186e-05 4.531721e-05
2.883111e+01 7.240691e-05 8.117586e-05 9.129531e-05 4.474957e-05
2.888008e+01 7.378156e-05 8.265989e-05 9.386286e-05 4.482193e-05
2.892905e+01 7.591632e-05 8.480093e-05 9.727480e-05 4.567323e-05
2.897802e+01 7.903102e-05 8.787562e-05 1.017471e-04 4.747035e-05
2.902699e+01 8.338990e-05 9.218346e-05 1.075967e-04 5.038949e-05
2.907596e+01 8.923356e-05 9.797407e-05 1.151486e-04 5.457804e-05
2.912493e+01 9.669554e-05 1.053731e-04 1.246131e-04 6.010052e-05
2.917390e+01 1.057217e-04 1.143184e-04 1.359639e-04 6.688280e-05
2.922287e+01 1.160149e-04 1.245193e-04 1.488505e-04 7.467469e-05
2.927184e+01 1.270256e-04 1.354510e-04 1.625755e-04 8.305025e-05
2.932081e+01 1.380013e-04 1.463921e-04 1.761575e-04 9.145427e-05
2.936979e+01 1.480900e-04 1.565087e-04 1.884729e-04 9.928852e-05
2.941876e+01 1.564785e-04 1.649735e-04 1.984466e-04 1.060154e-04
2.946773e+01 1.625301e-04 1.710984e-04 2.052427e-04 1.112493e-04
2.951670e+01 1.658871e-04 1.744510e-04 2.084015e-04 1.148088e-04
2.956567e+01 1.665108e-04 1.749252e-04 2.078918e-04 1.167155e-04
2.961464e+01 1.646548e-04 1.727474e-04 2.040715e-04 1.171454e-04
2.966361e+01 1.607836e-04 1.684166e-04 1.975799e-04 1.163542e-04
2.971258e+01 1.554678e-04 1.625976e-04 1.891990e-04 1.146066e-04
2.976155e+01 1.492858e-04 1.559990e-04 1.797223e-04 1.121361e-04
2.981052e+01 1.427574e-04 1.492703e-04 1.698591e-04 1.091426e-04
2.985949e+01 1.363160e-04 1.429419e-04 1.601859e-04 1.058202e-04
2.990846e+01 1.303120e-04 1.374094e-04 1.511399e-04 1.023867e-04
2.995743e+01 1.250250e-04 1.329477e-04 1.430363e-04 9.909096e-05
3.000640e+01 1.206659e-04 1.297282e-04 1.360880e-04 9.618139e-05
3.005537e+01 1.173576e-04 1.278187e-04 1.304083e-04 9.384603e-05
3.010434e+01 1.151023e-04 1.271615e-04 1.259955e-04 9.214984e-05
3.015332e+01 1.137530e-04 1.275460e-04 1.227105e-04 9.100254e-05
3.020229e+01 1.130158e-04 1.285974e-04 1.202715e-04 9.017849e-05
3.025126e+01 1.124941e-04 1.298080e-04 1.182857e-04 8.938865e-05
3.030023e+01 1.117746e-04 1.306162e-04 1.163254e-04 8.838229e-05
3.034920e+01 1.105331e-04 1.305229e-04 1.140320e-04 8.704443e-05
3.039817e+01 1.086301e-04 1.292159e-04 1.112173e-04 8.545711e-05
3.044714e+01 1.061665e-04 1.266663e-04 1.079270e-04 8.390613e-05
3.049611e+01 1.034795e-04 1.231656e-04 1.044393e-04 8.283349e-05
3.054508e+01 1.010805e-04 1.192920e-04 1.011983e-04 8.275116e-05
3.059405e+01 9.955167e-05 1.158123e-04 9.870235e-05 8.414037e-05
3.064302e+01 9.943023e-05 1.135449e-04 9.738413e-05 8.736171e-05
3.069199e+01 1.011095e-04 1.132126e-04 9.752093e-05 9.259496e-05
3.074096e+01 1.047782e-04 1.153158e-04 9.920000e-05 9.981876e-05
3.078993e+01 1.104041e-04 1.200427e-04 1.023402e-04 1.088294e-04
3.083890e+01 1.177581e-04 1.272342e-04 1.067505e-04 1.192895e-04
3.088787e+01 1.264643e-04 1.364068e-04 1.121958e-04 1.307904e-04
3.093684e+01 1.360644e-04 1.468395e-04 1.184418e-04 1.429119e-04
3.098582e+01 1.460823e-04 1.577117e-04 1.252696e-04 1.552658e-04
3.103479e+01 1.560853e-04 1.682705e-04 1.324682e-04 1.675172e-04
3.108376e+01 1.657338e-04 1.779873e-04 1.398262e-04 1.793878e-04
3.113273e+01 1.748194e-04 1.866627e-04 1.471443e-04 1.906512e-04
3.118170e+01 1.832828e-04 1.944459e-04 1.542732e-04 2.011292e-04
3.123067e+01 1.912038e-04 2.017566e-04 1.611631e-04 2.106917e-04
3.127964e+01 1.987566e-04 2.091246e-04 1.678910e-04 2.192543e-04
3.132861e+01 2.061289e-04 2.169875e-04 1.746342e-04 2.267649e-04
3.137758e+01 2.134189e-04 2.255022e-04 1.815784e-04 2.331762e-04
3.142655e+01 2.205430e-04 2.344306e-04 1.887825e-04 2.384161e-04
3.147552e+01 2.271927e-04 2.431465e-04 1.960515e-04 2.423801e-04
3.152449e+01 2.328772e-04 2.507763e-04 2.028846e-04 2.449707e-04
3.157346e+01 2.370586e-04 2.564465e-04 2.085386e-04 2.461908e-04
3.162243e+01 2.393490e-04 2.595688e-04 2.122098e-04 2.462684e-04
3.167140e+01 2.397027e-04 2.600697e-04 2.132788e-04 2.457595e-04
3.172037e+01 2.385274e-04 2.584838e-04 2.115358e-04 2.455626e-04
3.176934e+01 2.366570e-04 2.558673e-04 2.073021e-04 2.468015e-04
3.181832e+01 2.351778e-04 2.535512e-04 2.014043e-04 2.505779e-04
3.186729e+01 2.351582e-04 2.528082e-04 1.950072e-04 2.576593e-04
3.191626e+01 2.373701e-04 2.545388e-04 1.893608e-04 2.682108e-04
3.196523e+01 2.420969e-04 2.590734e-04 1.855372e-04 2.816803e-04
3.201420e+01 2.490914e-04 2.661464e-04 1.842257e-04 2.969020e-04
3.206317e+01 2.576888e-04 2.750395e-04 1.856294e-04 3.123974e-04
3.211214e+01 2.670283e-04 2.848349e-04 1.894740e-04 3.267759e-04
3.216111e+01 2.763003e-04 2.946904e-04 1.951143e-04 3.390961e-04
3.221008e+01 2.849395e-04 3.040473e-04 2.017048e-04 3.490663e-04
3.225905e+01 2.927129e-04 3.127100e-04 2.083944e-04 3.570344e-04
3.230802e+01 2.996989e-04 3.207902e-04 2.145036e-04 3.638030e-04
3.235699e+01 3.061913e-04 3.285532e-04 2.196492e-04 3.703715e-04
3.240596e+01 3.125846e-04 3.362402e-04 2.237948e-04 3.777187e-04
3.245493e+01 3.192859e-04 3.439420e-04 2.272203e-04 3.866954e-04
3.250390e+01 3.266700e-04 3.515707e-04 2.304196e-04 3.980196e-04
3.255287e+01 3.350587e-04 3.589242e-04 2.339473e-04 4.123045e-04
3.260185e+01 3.446885e-04 3.657948e-04 2.382459e-04 4.300248e-04
3.265082e+01 3.556421e-04 3.720559e-04 2.434923e-04 4.513782e-04
3.269979e+01 3.677576e-04 3.776824e-04 2.495072e-04 4.760831e-04
3.274876e+01 3.805725e-04 3.827117e-04 2.557687e-04 5.032372e-04
3.279773e+01 3.933746e-04 3.871996e-04 2.615500e-04 5.313743e-04
3.284670e+01 4.053979e-04 3.912377e-04 2.661649e-04 5.587909e-04
3.289567e+01 4.161339e-04 3.950652e-04 2.692589e-04 5.840775e-04
3.294464e+01 4.256504e-04 3.992383e-04 2.710500e-04 6.066628e-04
3.299361e+01 4.347750e-04 4.047638e-04 2.724225e-04 6.271386e-04
3.304258e+01 4.450346e-04 4.130872e-04 2.748203e-04 6.471963e-04
3.309155e+01 4.583319e-04 4.258776e-04 2.799519e-04 6.691663e-04
3.314052e+01 4.764473e-04 4.446416e-04 2.893890e-04 6.953113e-04
3.318949e+01 5.005268e-04 4.702851e-04 3.041737e-04 7.271215e-04
3.323846e+01 5.307176e-04 5.027728e-04 3.245407e-04 7.648394e-04
3.328743e+01 5.660527e-04 5.410051e-04 3.498196e-04 8.073334e-04
3.333640e+01 6.045940e-04 5.829485e-04 3.785284e-04 8.523051e-04
3.338537e+01 6.437697e-04 6.259707e-04 4.086245e-04 8.967138e-04
3.343435e+01 6.808086e-04 6.672817e-04 4.378606e-04 9.372834e-04
3.348332e+01 7.131820e-04 7.043750e-04 4.641833e-04 9.709878e-04
3.353229e+01 7.389923e-04 7.353917e-04 4.861112e-04 9.954740e-04
3.358126e+01 7.572676e-04 7.593683e-04 5.030266e-04 1.009408e-03
3.363023e+01 7.681316e-04 7.763464e-04 5.153208e-04 1.012728e-03
3.367920e+01 7.728120e-04 7.873312e-04 5.243464e-04 1.006758e-03
3.372817e+01 7.734643e-04 7.940913e-04 5.321727e-04 9.941288e-04
3.377714e+01 7.728162e-04 7.988116e-04 5.411836e-04 9.784534e-04
3.382611e+01 7.736844e-04 8.036480e-04 5.536072e-04 9.637981e-04
3.387508e+01 7.784647e-04 8.102825e-04 5.710842e-04 9.540275e-04
3.392405e+01 7.887136e-04 8.195941e-04 5.943671e-04 9.521795e-04
3.397302e+01 8.049235e-04 8.315461e-04 6.232016e-04 9.600228e-04
3.402199e+01 8.265398e-04 8.453255e-04 6.563905e-04 9.779033e-04
3.407096e+01 8.521959e-04 8.596859e-04 6.920037e-04 1.004898e-03
3.411993e+01 8.800846e-04 8.733778e-04 7.276821e-04 1.039194e-03
3.416890e+01 9.083524e-04 8.855296e-04 7.609868e-04 1.078541e-03
3.421787e+01 9.354168e-04 8.958761e-04 7.897509e-04 1.120623e-03
3.426685e+01 9.601462e-04 9.047958e-04 8.123930e-04 1.163250e-03
3.431582e+01 9.818989e-04 9.131875e-04 8.281453e-04 1.204364e-03
3.436479e+01 1.000457e-03 9.222485e-04 8.371486e-04 1.241975e-03
3.441376e+01 1.015914e-03 9.332205e-04 8.403836e-04 1.274138e-03
3.446273e+01 1.028551e-03 9.471445e-04 8.394408e-04 1.299066e-03
3.451170e+01 1.038733e-03 9.646453e-04 8.361767e-04 1.315378e-03
3.456067e+01 1.046826e-03 9.857599e-04 8.323377e-04 1.322379e-03
3.460964e+01 1.053110e-03 1.009831e-03 8.292392e-04 1.320260e-03
3.465861e+01 1.057727e-03 1.035496e-03 8.275657e-04 1.310120e-03
3.470758e+01 1.060633e-03 1.060792e-03 8.273160e-04 1.293792e-03
3.475655e+01 1.061604e-03 1.083394e-03 8.278797e-04 1.273537e-03
3.480552e+01 1.060282e-03 1.100954e-03 8.282096e-04 1.251683e-03
3.485449e+01 1.056289e-03 1.111501e-03 8.270513e-04 1.230315e-03
3.490346e+01 1.049358e-03 1.113833e-03 8.231950e-04 1.211045e-03
3.495243e+01 1.039466e-03 1.107791e-03 8.157159e-04 1.194892e-03
3.500140e+01 1.026908e-03 1.094326e-03 8.041648e-04 1.182233e-03
3.505038e+01 1.012259e-03 1.075298e-03 7.886744e-04 1.172806e-03
3.509935e+01 9.962332e-04 1.053017e-03 7.699570e-04 1.165725e-03
3.514832e+01 9.794564e-04 1.029640e-03 7.491941e-04 1.159535e-03
3.519729e+01 9.622557e-04 1.006622e-03 7.278452e-04 1.152300e-03
3.524626e+01 9.445446e-04 9.844067e-04 7.074174e-04 1.141810e-03
3.529523e+01 9.258700e-04 9.624779e-04 6.892413e-04 1.125891e-03
3.534420e+01 9.056144e-04 9.397325e-04 6.742890e-04 1.102822e-03
3.539317e+01 8.832766e-04 9.150266e-04 6.630591e-04 1.071744e-03
3.544214e+01 8.587218e-04 8.876736e-04 6.555397e-04 1.032952e-03
3.549111e+01 8.323045e-04 8.577172e-04 6.512513e-04 9.879451e-04
3.554008e+01 8.048228e-04 8.259152e-04 6.493544e-04 9.391989e-04
3.558905e+01 7.773363e-04 7.934923e-04 6.488024e-04 8.897142e-04
3.563802e+01 7.509312e-04 7.618054e-04 6.485106e-04 8.424775e-04
3.568699e+01 7.265296e-04 7.320706e-04 6.475224e-04 7.999957e-04
3.573596e+01 7.048068e-04 7.052386e-04 6.451562e-04 7.640256e-04
3.578493e+01 6.862197e-04 6.820129e-04 6.411200e-04 7.355262e-04
3.583390e+01 6.710964e-04 6.629319e-04 6.355777e-04 7.147795e-04
3.588288e+01 6.597104e-04 6.484193e-04 6.291389e-04 7.015730e-04
3.593185e+01 6.522855e-04 6.387498e-04 6.227544e-04 6.953522e-04
3.598082e+01 6.489234e-04 6.339469e-04 6.175170e-04 6.953062e-04
3.602979e+01 6.495023e-04 6.336888e-04 6.144082e-04 7.004101e-04
3.607876e+01 6.536150e-04 6.373060e-04 6.140612e-04 7.094778e-04
3.612773e+01 6.605998e-04 6.439081e-04 6.166252e-04 7.212662e-04
3.617670e+01 6.696720e-04 6.526062e-04 6.217861e-04 7.346236e-04
3.622567e+01 6.801100e-04 6.627485e-04 6.289476e-04 7.486338e-04
3.627464e+01 6.914249e-04 6.740737e-04 6.375075e-04 7.626934e-04
3.632361e+01 7.034473e-04 6.867279e-04 6.471262e-04 7.764880e-04
3.637258e+01 7.163013e-04 7.011480e-04 6.578779e-04 7.898779e-04
3.642155e+01 7.302776e-04 7.178593e-04 6.702232e-04 8.027502e-04
3.647052e+01 7.456566e-04 7.372551e-04 6.848144e-04 8.149003e-04
3.651949e+01 7.625402e-04 7.594183e-04 7.022155e-04 8.259867e-04
3.656846e+01 7.807472e-04 7.840216e-04 7.226541e-04 8.355660e-04
3.661743e+01 7.997988e-04 8.103137e-04 7.459063e-04 8.431765e-04
3.666640e+01 8.189860e-04 8.371750e-04 7.713512e-04 8.484317e-04
3.671538e+01 8.374861e-04 8.632091e-04 7.981584e-04 8.510907e-04
3.676435e+01 8.544829e-04 8.868420e-04 8.255071e-04 8.510996e-04
3.681332e+01 8.692576e-04 9.064257e-04 8.527315e-04 8.486155e-04
3.686229e+01 8.812445e-04 9.203733e-04 8.793269e-04 8.440332e-04
3.691126e+01 8.900696e-04 9.273649e-04 9.048265e-04 8.380175e-04
3.696023e+01 8.955937e-04 9.266307e-04 9.286275e-04 8.315228e-04
3.700920e+01 8.979621e-04 9.182502e-04 9.498747e-04 8.257614e-04
3.705817e+01 8.976391e-04 9.033472e-04 9.674838e-04 8.220865e-04
3.710714e+01 8.953863e-04 8.840506e-04 9.803199e-04 8.217883e-04
3.715611e+01 8.921614e-04 8.631627e-04 9.874758e-04 8.258456e-04
3.720508e+01 8.889495e-04 8.435950e-04 9.885461e-04 8.347075e-04
3.725405e+01 8.865721e-04 8.277406e-04 9.838010e-04 8.481748e-04
3.730302e+01 8.855368e-04 8.169933e-04 9.742010e-04 8.654161e-04
3.735199e+01 8.859767e-04 8.115621e-04 9.612640e-04 8.851040e-04
3.740096e+01 8.876947e-04 8.106155e-04 9.468425e-04 9.056260e-04
3.744993e+01 8.902932e-04 8.126637e-04 9.328881e-04 9.253277e-04
3.749891e+01 8.933516e-04 8.160243e-04 9.212632e-04 9.427674e-04
3.754788e+01 8.966077e-04 8.192245e-04 9.136226e-04 9.569758e-04
3.759685e+01 9.001076e-04 8.212636e-04 9.113519e-04 9.677074e-04
3.764582e+01 9.043004e-04 8.217319e-04 9.155336e-04 9.756356e-04
3.769479e+01 9.100556e-04 8.208302e-04 9.269180e-04 9.824186e-04
3.774376e+01 9.185960e-04 8.193304e-04 9.458920e-04 9.905655e-04
3.779273e+01 9.313448e-04 8.184973e-04 9.724545e-04 1.003083e-03
3.784170e+01 9.497102e-04 8.199612e-04 1.006214e-03 1.022955e-03
3.789067e+01 9.748436e-04 8.255325e-04 1.046408e-03 1.052590e-03
3.793964e+01 1.007422e-03 8.369671e-04 1.091935e-03 1.093365e-03
3.798861e+01 1.047499e-03 8.557156e-04 1.141362e-03 1.145419e-03
3.803758e+01 1.094438e-03 8.827033e-04 1.192906e-03 1.207705e-03
3.808655e+01 1.146947e-03 9.181814e-04 1.244396e-03 1.278264e-03
3.813552e+01 1.203167e-03 9.616694e-04 1.293280e-03 1.354553e-03
3.818449e+01 1.260815e-03 1.011985e-03 1.336752e-03 1.433709e-03
3.823346e+01 1.317335e-03 1.067339e-03 1.372044e-03 1.512620e-03
3.828243e+01 1.370057e-03 1.125467e-03 1.396855e-03 1.587849e-03
3.833141e+01 1.416369e-03 1.183767e-03 1.409801e-03 1.655538e-03
3.838038e+01 1.453886e-03 1.239433e-03 1.410747e-03 1.711477e-03
3.842935e+01 1.480647e-03 1.289583e-03 1.400872e-03 1.751486e-03
3.847832e+01 1.495320e-03 1.331411e-03 1.382460e-03 1.772088e-03
3.852729e+01 1.497378e-03 1.362372e-03 1.358465e-03 1.771296e-03
3.857626e+01 1.487224e-03 1.380422e-03 1.332000e-03 1.749251e-03
3.862523e+01 1.466197e-03 1.384281e-03 1.305890e-03 1.708420e-03
3.867420e+01 1.436435e-03 1.373668e-03 1.282356e-03 1.653282e-03
3.872317e+01 1.400618e-03 1.349451e-03 1.262863e-03 1.589540e-03
3.877214e+01 1.361629e-03 1.313643e-03 1.248116e-03 1.523129e-03
3.882111e+01 1.322223e-03 1.269226e-03 1.238160e-03 1.459282e-03
3.887008e+01 1.284756e-03 1.219815e-03 1.232575e-03 1.401879e-03
3.891905e+01 1.251031e-03 1.169206e-03 1.230706e-03 1.353182e-03
3.896802e+01 1.222230e-03 1.120893e-03 1.231885e-03 1.313911e-03
3.901699e+01 1.198909e-03 1.077636e-03 1.235549e-03 1.283541e-03
3.906596e+01 1.181027e-03 1.041164e-03 1.241223e-03 1.260695e-03
3.911493e+01 1.167979e-03 1.012054e-03 1.248373e-03 1.243508e-03
3.916391e+01 1.158662e-03 9.898253e-04 1.256218e-03 1.229943e-03
3.921288e+01 1.151609e-03 9.731781e-04 1.263608e-03 1.218040e-03
3.926185e+01 1.145181e-03 9.603463e-04 1.269060e-03 1.206136e-03
3.931082e+01 1.137825e-03 9.494598e-04 1.270961e-03 1.193056e-03
3.935979e+01 1.128328e-03 9.388597e-04 1.267885e-03 1.178241e-03
3.940876e+01 1.116008e-03 9.273185e-04 1.258919e-03 1.161787e-03
3.945773e+01 1.100801e-03 9.141560e-04 1.243904e-03 1.144343e-03
3.950670e+01 1.083225e-03 8.992576e-04 1.223534e-03 1.126885e-03
3.955567e+01 1.064232e-03 8.830128e-04 1.199278e-03 1.110407e-03
3.960464e+01 1.044986e-03 8.661954e-04 1.173138e-03 1.095623e-03
3.965361e+01 1.026620e-03 8.498023e-04 1.147279e-03 1.082778e-03
3.970258e+01 1.010034e-03 8.348784e-04 1.123595e-03 1.071627e-03
3.975155e+01 9.957531e-04 8.223539e-04 1.103328e-03 1.061578e-03
3.980052e+01 9.839025e-04 8.129248e-04 1.086830e-03 1.051953e-03
3.984949e+01 9.742718e-04 8.069932e-04 1.073565e-03 1.042257e-03
3.989846e+01 9.664531e-04 8.046662e-04 1.062339e-03 1.032354e-03
3.994744e+01 9.599935e-04 8.057970e-04 1.051688e-03 1.022496e-03
3.999641e+01 9.545087e-04 8.100436e-04 1.040283e-03 1.013200e-03
4.004538e+01 9.497253e-04 8.169260e-04 1.027219e-03 1.005031e-03
4.009435e+01 9.454483e-04 8.258728e-04 1.012100e-03 9.983721e-04
4.014332e+01 9.414817e-04 8.362589e-04 9.949352e-04 9.932510e-04
4.019229e+01 9.375465e-04 8.474391e-04 9.759131e-04 9.892874e-04
4.024126e+01 9.332389e-04 8.587795e-04 9.551881e-04 9.857493e-04
4.029023e+01 9.280490e-04 8.696851e-04 9.327641e-04 9.816978e-04
4.033920e+01 9.214371e-04 8.796206e-04 9.085150e-04 9.761756e-04
4.038817e+01 9.129379e-04 8.881152e-04 8.823076e-04 9.683908e-04
4.043714e+01 9.022539e-04 8.947537e-04 8.541505e-04 9.578575e-04
4.048611e+01 8.893038e-04 8.991578e-04 8.242904e-04 9.444632e-04
4.053508e+01 8.742137e-04 9.009762e-04 7.932154e-04 9.284496e-04
4.058405e+01 8.572636e-04 8.999009e-04 7.615777e-04 9.103123e-04
4.063302e+01 8.388186e-04 8.957232e-04 7.300835e-04 8.906491e-04
4.068199e+01 8.192770e-04 8.884211e-04 6.994009e-04 8.700091e-04
4.073096e+01 7.990519e-04 8.782469e-04 6.701173e-04 8.487915e-04
4.077994e+01 7.785756e-04 8.657669e-04 6.427361e-04 8.272239e-04
4.082891e+01 7.583029e-04 8.518126e-04 6.176833e-04 8.054127e-04
4.087788e+01 7.386840e-04 8.373327e-04 5.952925e-04 7.834270e-04
4.092685e+01 7.201000e-04 8.231748e-04 5.757595e-04 7.613656e-04
4.097582e+01 7.027787e-04 8.098676e-04 5.590907e-04 7.393778e-04
4.102479e+01 6.867334e-04 7.974799e-04 5.450826e-04 7.176378e-04
4.107376e+01 6.717598e-04 7.856117e-04 5.333674e-04 6.963004e-04
4.112273e+01 6.575071e-04 7.735251e-04 5.235230e-04 6.754733e-04
4.117170e+01 6.436025e-04 7.603714e-04 5.152116e-04 6.552245e-04
4.122067e+01 6.297820e-04 7.454425e-04 5.082825e-04 6.356208e-04
4.126964e+01 6.159767e-04 7.283758e-04 5.027828e-04 6.167714e-04
4.131861e+01 6.023219e-04 7.092632e-04 4.988553e-04 5.988472e-04
4.136758e+01 5.890878e-04 6.886525e-04 4.965562e-04 5.820547e-04
4.141655e+01 5.765609e-04 6.674526e-04 4.956689e-04 5.665613e-04
4.146552e+01 5.649225e-04 6.467719e-04 4.955986e-04 5.523970e-04
4.151449e+01 5.541678e-04 6.277275e-04 4.954053e-04 5.393706e-04
4.156346e+01 5.440924e-04 6.112563e-04 4.939755e-04 5.270454e-04
4.161244e+01 5.343459e-04 5.979624e-04 4.902770e-04 5.147984e-04
4.166141e+01 5.245313e-04 5.880227e-04 4.836092e-04 5.019621e-04
4.171038e+01 5.143125e-04 5.811645e-04 4.737654e-04 4.880077e-04
4.175935e+01 5.034979e-04 5.767177e-04 4.610602e-04 4.727158e-04
4.180832e+01 4.920774e-04 5.737292e-04 4.462256e-04 4.562776e-04
4.185729e+01 4.802093e-04 5.711167e-04 4.302180e-04 4.392932e-04
4.190626e+01 4.681647e-04 5.678281e-04 4.140015e-04 4.226645e-04
4.195523e+01 4.562477e-04 5.629765e-04 3.983632e-04 4.074036e-04
4.200420e+01 4.447093e-04 5.559267e-04 3.837999e-04 3.944012e-04
4.205317e+01 4.336729e-04 5.463255e-04 3.704869e-04 3.842061e-04
4.210214e+01 4.230914e-04 5.340854e-04 3.583172e-04 3.768718e-04
4.215111e+01 4.127479e-04 5.193380e-04 3.469890e-04 3.719169e-04
4.220008e+01 4.023059e-04 5.023778e-04 3.361149e-04 3.684252e-04
4.224905e+01 3.914015e-04 4.836091e-04 3.253284e-04 3.652669e-04
4.229802e+01 3.797514e-04 4.635015e-04 3.143673e-04 3.613855e-04
4.234699e+01 3.672450e-04 4.425540e-04 3.031210e-04 3.560599e-04
4.239597e+01 3.539865e-04 4.212691e-04 2.916327e-04 3.490578e-04
4.244494e+01 3.402757e-04 4.001343e-04 2.800632e-04 3.406295e-04
4.249391e+01 3.265324e-04 3.796134e-04 2.686306e-04 3.313533e-04
4.254288e+01 3.131960e-04 3.601421e-04 2.575508e-04 3.218949e-04
4.259185e+01 3.006328e-04 3.421219e-04 2.470023e-04 3.127741e-04
4.264082e+01 2.890830e-04 3.259043e-04 2.371251e-04 3.042195e-04
4.268979e+01 2.786563e-04 3.117659e-04 2.280495e-04 2.961534e-04
4.273876e+01 2.693681e-04 2.998775e-04 2.199317e-04 2.882951e-04
4.278773e+01 2.611946e-04 2.902819e-04 2.129722e-04 2.803298e-04
4.283670e+01 2.541215e-04 2.828909e-04 2.074010e-04 2.720727e-04
4.288567e+01 2.481682e-04 2.775042e-04 2.034297e-04 2.635706e-04
4.293464e+01 2.433817e-04 2.738455e-04 2.011885e-04 2.551111e-04
4.298361e+01 2.398072e-04 2.716023e-04 2.006688e-04 2.471506e-04
4.303258e+01 2.374480e-04 2.704565e-04 2.016946e-04 2.401928e-04
4.308155e+01 2.362317e-04 2.701028e-04 2.039279e-04 2.346644e-04
4.313052e+01 2.359950e-04 2.702570e-04 2.069054e-04 2.308226e-04
4.317949e+01 2.364898e-04 2.706645e-04 2.100948e-04 2.287102e-04
4.322847e+01 2.374080e-04 2.711119e-04 2.129567e-04 2.281553e-04
4.327744e+01 2.384143e-04 2.714397e-04 2.150034e-04 2.287997e-04
4.332641e+01 2.391795e-04 2.715466e-04 2.158517e-04 2.301402e-04
4.337538e+01 2.394076e-04 2.713775e-04 2.152669e-04 2.315784e-04
4.342435e+01 2.388575e-04 2.708958e-04 2.131979e-04 2.324787e-04
4.347332e+01 2.373616e-04 2.700496e-04 2.097925e-04 2.322428e-04
4.352229e+01 2.348421e-04 2.687485e-04 2.053832e-04 2.303947e-04
4.357126e+01 2.313217e-04 2.668652e-04 2.004349e-04 2.266651e-04
4.362023e+01 2.269227e-04 2.642637e-04 1.954558e-04 2.210488e-04
4.366920e+01 2.218511e-04 2.608459e-04 1.908917e-04 2.138158e-04
4.371817e+01 2.163662e-04 2.565994e-04 1.870348e-04 2.054644e-04
4.376714e+01 2.107440e-04 2.516280e-04 1.839767e-04 1.966273e-04
4.381611e+01 2.052454e-04 2.461560e-04 1.816238e-04 1.879563e-04
4.386508e+01 2.000966e-04 2.405051e-04 1.797674e-04 1.800174e-04
4.391405e+01 1.954852e-04 2.350548e-04 1.781790e-04 1.732218e-04
4.396302e+01 1.915637e-04 2.301941e-04 1.766943e-04 1.678025e-04
4.401199e+01 1.884530e-04 2.262748e-04 1.752533e-04 1.638310e-04
4.406097e+01 1.862363e-04 2.235680e-04 1.738859e-04 1.612549e-04
4.410994e+01 1.849408e-04 2.222252e-04 1.726572e-04 1.599401e-04
4.415891e+01 1.845166e-04 2.222485e-04 1.716010e-04 1.597001e-04
4.420788e+01 1.848228e-04 2.234786e-04 1.706769e-04 1.603129e-04
4.425685e+01 1.856366e-04 2.256119e-04 1.697709e-04 1.615270e-04
4.430582e+01 1.866867e-04 2.282525e-04 1.687400e-04 1.630675e-04
4.435479e+01 1.877069e-04 2.309908e-04 1.674793e-04 1.646505e-04
4.440376e+01 1.884918e-04 2.334898e-04 1.659778e-04 1.660078e-04
4.445273e+01 1.889355e-04 2.355506e-04 1.643361e-04 1.669198e-04
4.450170e+01 1.890403e-04 2.371344e-04 1.627387e-04 1.672480e-04
4.455067e+01 1.888957e-04 2.383349e-04 1.613939e-04 1.669582e-04
4.459964e+01 1.886347e-04 2.393100e-04 1.604670e-04 1.661271e-04
4.464861e+01 1.883861e-04 2.402008e-04 1.600304e-04 1.649270e-04
4.469758e+01 1.882349e-04 2.410675e-04 1.600463e-04 1.635909e-04
4.474655e+01 1.882027e-04 2.418669e-04 1.603777e-04 1.623635e-04
4.479552e+01 1.882502e-04 2.424784e-04 1.608206e-04 1.614516e-04
4.484450e+01 1.882988e-04 2.427673e-04 1.611459e-04 1.609833e-04
4.489347e+01 1.882634e-04 2.426577e-04 1.611433e-04 1.609891e-04
4.494244e+01 1.880827e-04 2.421807e-04 1.606632e-04 1.614042e-04
4.499141e+01 1.877364e-04 2.414721e-04 1.596463e-04 1.620906e-04
4.504038e+01 1.872388e-04 2.407126e-04 1.581353e-04 1.628684e-04
4.508935e+01 1.866120e-04 2.400284e-04 1.562583e-04 1.635494e-04
4.513832e+01 1.858474e-04 2.393915e-04 1.541842e-04 1.639664e-04
4.518729e+01 1.848725e-04 2.385637e-04 1.520591e-04 1.639946e-04
4.523626e+01 1.835402e-04 2.371133e-04 1.499456e-04 1.635617e-04
4.528523e+01 1.816468e-04 2.345096e-04 1.477856e-04 1.626453e-04
4.533420e+01 1.789754e-04 2.302655e-04 1.454049e-04 1.612559e-04
4.538317e+01 1.753509e-04 2.240803e-04 1.425616e-04 1.594106e-04
4.543214e+01 1.706880e-04 2.159329e-04 1.390242e-04 1.571069e-04
4.548111e+01 1.650184e-04 2.060938e-04 1.346538e-04 1.543075e-04
4.553008e+01 1.584881e-04 1.950558e-04 1.294649e-04 1.509438e-04
4.557905e+01 1.513305e-04 1.834114e-04 1.236432e-04 1.469370e-04
4.562802e+01 1.438240e-04 1.717235e-04 1.175197e-04 1.422287e-04
4.567700e+01 1.362502e-04 1.604319e-04 1.115112e-04 1.368076e-04
4.572597e+01 1.288643e-04 1.498197e-04 1.060505e-04 1.307227e-04
4.577494e+01 1.218837e-04 1.400406e-04 1.015297e-04 1.240807e-04
4.582391e+01 1.154940e-04 1.311819e-04 9.826801e-05 1.170322e-04
4.587288e+01 1.098654e-04 1.233334e-04 9.650585e-05 1.097570e-04
4.592185e+01 1.051645e-04 1.166315e-04 9.640897e-05 1.024529e-04
4.597082e+01 1.015511e-04 1.112624e-04 9.806200e-05 9.532887e-05
4.601979e+01 9.915127e-05 1.074236e-04 1.014346e-04 8.859560e-05
4.606876e+01 9.800630e-05 1.052533e-04 1.063192e-04 8.244636e-05
4.611773e+01 9.801054e-05 1.047456e-04 1.122613e-04 7.702469e-05
4.616670e+01 9.886025e-05 1.056759e-04 1.185194e-04 7.238548e-05
4.621567e+01 1.000401e-04 1.075609e-04 1.240959e-04 6.846367e-05
4.626464e+01 1.008680e-04 1.096758e-04 1.278611e-04 6.506714e-05
4.631361e+01 1.006007e-04 1.111402e-04 1.287576e-04 6.190423e-05
4.636258e+01 9.858029e-05 1.110635e-04 1.260337e-04 5.864362e-05
4.641155e+01 9.438126e-05 1.087192e-04 1.194338e-04 5.499078e-05
4.646052e+01 8.791132e-05 1.036992e-04 1.092772e-04 5.075757e-05
4.650950e+01 7.943425e-05 9.600343e-05 9.639591e-05 4.590340e-05
4.655847e+01 6.950761e-05 8.603668e-05 8.194933e-05 4.053682e-05
4.660744e+01 5.885788e-05 7.451524e-05 6.717793e-05 3.488047e-05
4.665641e+01 4.823367e-05 6.231508e-05 5.317201e-05 2.921392e-05
4.670538e+01 3.827855e-05 5.030616e-05 4.071650e-05 2.381298e-05
4.675435e+01 2.945110e-05 3.921481e-05 3.023684e-05 1.890165e-05
4.680332e+01 2.199970e-05 2.954035e-05 2.183340e-05 1.462535e-05
4.685229e+01 1.598233e-05 2.153176e-05 1.536923e-05 1.104600e-05
4.690126e+01 1.131327e-05 1.521431e-05 1.057154e-05 8.153949e-06
4.695023e+01 7.818198e-06 1.044721e-05 7.118486e-06 5.888901e-06
4.699920e+01 5.284335e-06 6.991972e-06 4.698320e-06 4.162713e-06
4.704817e+01 3.498303e-06 4.575124e-06 3.041144e-06 2.878640e-06
4.709714e+01 2.269843e-06 2.934934e-06 1.930028e-06 1.944566e-06
4.714611e+01 1.442850e-06 1.848875e-06 1.199643e-06 1.280032e-06
4.719508e+01 8.970193e-07 1.143707e-06 7.288945e-07 8.184561e-07
4.724405e+01 5.438599e-07 6.933437e-07 4.317467e-07 5.064894e-07
4.729303e+01 3.203596e-07 4.103693e-07 2.484898e-07 3.022198e-07
4.734200e+01 1.825628e-07 2.359729e-07 1.384551e-07 1.732605e-07
4.739097e+01 1.002197e-07 1.311304e-07 7.440356e-08 9.512507e-08
4.743994e+01 5.278715e-08 7.006302e-08 3.842278e-08 4.987564e-08
4.748891e+01 2.658382e-08 3.583238e-08 1.900458e-08 2.491450e-08
4.753788e+01 1.276267e-08 1.747658e-08 8.977229e-09 1.183419e-08
4.758685e+01 5.827180e-09 8.105033e-09 4.040001e-09 5.336505e-09
4.763582e+01 2.525433e-09 3.566083e-09 1.728552e-09 2.281665e-09
4.768479e+01 1.037303e-09 1.485947e-09 7.019629e-10 9.240001e-10
4.773376e+01 4.033631e-10 5.856922e-10 2.702779e-10 3.541190e-10
4.778273e+01 1.483432e-10 2.181408e-10 9.853628e-11 1.283527e-10
4.783170e+01 5.155545e-11 7.670743e-11 3.399164e-11 4.396730e-11
4.788067e+01 1.689657e-11 2.541609e-11 1.106232e-11 1.421129e-11
4.792964e+01 5.231042e-12 7.954993e-12 3.397301e-12 4.340831e-12
4.797861e+01 1.530350e-12 2.350769e-12 9.901788e-13 1.250102e-12
4.802758e+01 4.231844e-13 6.557352e-13 2.727155e-13 3.411023e-13
4.807655e+01 1.041409e-13 1.689969e-13 6.382001e-14 7.960563e-14
4.812553e+01 2.579094e-14 4.199396e-14 1.583731e-14 1.954156e-14
4.817450e+01 1.314369e-15 2.522809e-15 8.959758e-16 5.243237e-16
4.822347e+01 0.000000e+00 0.000000e+00 0.000000e+00 0.000000e+00
4.827244e+01 0.000000e+00 0.000000e+00 0.000000e+00 0.000000e+00
4.832141e+01 0.000000e+00 0.000000e+00 0.000000e+00 0.000000e+00
4.837038e+01 0.000000e+00 0.000000e+00 0.000000e+00 0.000000e+00
4.841935e+01 0.000000e+00 0.000000e+00 0.000000e+00 0.000000e+00
4.846832e+01 0.000000e+00 0.000000e+00 0.000000e+00 0.000000e+00
4.851729e+01 0.000000e+00 0.000000e+00 0.000000e+00 0.000000e+00
4.856626e+01 0.000000e+00 0.000000e+00 0.000000e+00 0.000000e+00
4.861523e+01 0.000000e+00 0.000000e+00 0.000000e+00 0.000000e+00
4.866420e+01 0.000000e+00 0.000000e+00 0.000000e+00 0.000000e+00
4.871317e+01 0.000000e+00 0.000000e+00 0.000000e+00 0.000000e+00
4.876214e+01 0.000000e+00 0.000000e+00 0.000000e+00 0.000000e+00
4.881111e+01 0.000000e+00 0.000000e+00 0.000000e+00 0.000000e+00
4.886008e+01 0.000000e+00 0.000000e+00 0.000000e+00 0.000000e+00
4.890905e+01 0.000000e+00 0.000000e+00 0.000000e+00 0.000000e+00
4.895803e+01 0.000000e+00 0.000000e+00 0.000000e+00 0.000000e+00
4.900700e+01 0.000000e+00 0.000000e+00 0.000000e+00 0.000000e+00
4.905597e+01 0.000000e+00 0.000000e+00 0.000000e+00 0.000000e+00
4.910494e+01 0.000000e+00 0.000000e+00 0.000000e+00 0.000000e+00
4.915391e+01 0.000000e+00 0.000000e+00 0.000000e+00 0.000000e+00
4.920288e+01 0.000000e+00 0.000000e+00 0.000000e+00 0.000000e+00
4.925185e+01 0.000000e+00 0.000000e+00 0.000000e+00 0.000000e+00
4.930082e+01 0.000000e+00 0.000000e+00 0.000000e+00 0.000000e+00
4.934979e+01 0.000000e+00 0.000000e+00 0.000000e+00 0.000000e+00
4.939876e+01 0.000000e+00 0.000000e+00 0.000000e+00 0.000000e+00
4.944773e+01 0.000000e+00 0.000000e+00 0.000000e+00 0.000000e+00
4.949670e+01 0.000000e+00 0.000000e+00 0.000000e+00 0.000000e+00
4.954567e+01 0.000000e+00 0.000000e+00 0.000000e+00 0.000000e+00
4.959464e+01 0.000000e+00 0.000000e+00 0.000000e+00 0.000000e+00
4.964361e+01 0.000000e+00 0.000000e+00 0.000000e+00 0.000000e+00
4.969258e+01 0.000000e+00 0.000000e+00 0.000000e+00 0.000000e+00
4.974156e+01 0.000000e+00 0.000000e+00 0.000000e+00 0.000000e+00
4.979053e+01 0.000000e+00 0.000000e+00 0.000000e+00 0.000000e+00
4.983950e+01 0.000000e+00 0.000000e+00 0.000000e+00 0.000000e+00
4.988847e+01 0.000000e+00 0.000000e+00 0.000000e+00 0.000000e+00
4.993744e+01 0.000000e+00 0.000000e+00 0.000000e+00 0.000000e+00
4.998641e+01 0.000000e+00 0.000000e+00 0.000000e+00 0.000000e+00
5.003538e+01 0.000000e+00 0.000000e+00 0.000000e+00 0.000000e+00
5.008435e+01 0.000000e+00 0.000000e+00 0.000000e+00 0.000000e+00
5.013332e+01 0.000000e+00 0.000000e+00 0.000000e+00 0.000000e+00
5.018229e+01 0.000000e+00 0.000000e+00 0.000000e+00 0.000000e+00
5.023126e+01 0.000000e+00 0.000000e+00 0.000000e+00 0.000000e+00
5.028023e+01 0.000000e+00 0.000000e+00 0.000000e+00 0.000000e+00
5.032920e+01 0.000000e+00 0.000000e+00 0.000000e+00 0.000000e+00
5.037817e+01 0.000000e+00 0.000000e+00 0.000000e+00 0.000000e+00
5.042714e+01 0.000000e+00 0.000000e+00 0.000000e+00 0.000000e+00
5.047611e+01 0.000000e+00 0.000000e+00 0.000000e+00 0.000000e+00
5.052508e+01 0.000000e+00 0.000000e+00 0.000000e+00 0.000000e+00
5.057406e+01 0.000000e+00 0.000000e+00 0.000000e+00 0.000000e+00
5.062303e+01 0.000000e+00 0.000000e+00 0.000000e+00 0.000000e+00
5.067200e+01 0.000000e+00 0.000000e+00 0.000000e+00 0.000000e+00
5.072097e+01 0.000000e+00 0.000000e+00 0.000000e+00 0.000000e+00
5.076994e+01 0.000000e+00 0.000000e+00 0.000000e+00 0.000000e+00
5.081891e+01 0.000000e+00 0.000000e+00 0.000000e+00 0.000000e+00
5.086788e+01 0.000000e+00 0.000000e+00 0.000000e+00 0.000000e+00
5.091685e+01 0.000000e+00 0.000000e+00 0.000000e+00 0.000000e+00
5.096582e+01 0.000000e+00 0.000000e+00 0.000000e+00 0.000000e+00
5.101479e+01 0.000000e+00 0.000000e+00 0.000000e+00 0.000000e+00
5.106376e+01 0.000000e+00 0.000000e+00 0.000000e+00 0.000000e+00
5.111273e+01 0.000000e+00 0.000000e+00 0.000000e+00 0.000000e+00
5.116170e+01 0.000000e+00 0.000000e+00 0.000000e+00 0.000000e+00
5.121067e+01 0.000000e+00 0.000000e+00 0.000000e+00 0.000000e+00
5.125964e+01 0.000000e+00 0.000000e+00 0.000000e+00 0.000000e+00
5.130861e+01 0.000000e+00 0.000000e+00 0.000000e+00 0.000000e+00
5.135758e+01 0.000000e+00 0.000000e+00 0.000000e+00 0.000000e+00
5.140656e+01 0.000000e+00 0.000000e+00 0.000000e+00 0.000000e+00
5.145553e+01 0.000000e+00 0.000000e+00 0.000000e+00 0.000000e+00
5.150450e+01 0.000000e+00 0.000000e+00 0.000000e+00 0.000000e+00
5.155347e+01 0.000000e+00 0.000000e+00 0.000000e+00 0.000000e+00
5.160244e+01 0.000000e+00 0.000000e+00 0.000000e+00 0.000000e+00
5.165141e+01 0.000000e+00 0.000000e+00 0.000000e+00 0.000000e+00
5.170038e+01 0.000000e+00 0.000000e+00 0.000000e+00 0.000000e+00
5.174935e+01 0.000000e+00 0.000000e+00 0.000000e+00 0.000000e+00
5.179832e+01 0.000000e+00 0.000000e+00 0.000000e+00 0.000000e+00
5.184729e+01 0.000000e+00 0.000000e+00 0.000000e+00 0.000000e+00
5.189626e+01 0.000000e+00 0.000000e+00 0.000000e+00 0.000000e+00
5.194523e+01 0.000000e+00 0.000000e+00 0.000000e+00 0.000000e+00
5.199420e+01 0.000000e+00 0.000000e+00 0.000000e+00 0.000000e+00
5.204317e+01 0.000000e+00 0.000000e+00 0.000000e+00 0.000000e+00
5.209214e+01 0.000000e+00 0.000000e+00 0.000000e+00 0.000000e+00
5.214111e+01 0.000000e+00 0.000000e+00 0.000000e+00 0.000000e+00
5.219009e+01 0.000000e+00 0.000000e+00 0.000000e+00 0.000000e+00
5.223906e+01 0.000000e+00 0.000000e+00 0.000000e+00 0.000000e+00
5.228803e+01 0.000000e+00 0.000000e+00 0.000000e+00 0.000000e+00
5.233700e+01 0.000000e+00 0.000000e+00 0.000000e+00 0.000000e+00
5.238597e+01 0.000000e+00 0.000000e+00 0.000000e+00 0.000000e+00
5.243494e+01 0.000000e+00 0.000000e+00 0.000000e+00 0.000000e+00
5.248391e+01 0.000000e+00 0.000000e+00 0.000000e+00 0.000000e+00
5.253288e+01 0.000000e+00 0.000000e+00 0.000000e+00 0.000000e+00
5.258185e+01 0.000000e+00 0.000000e+00 0.000000e+00 0.000000e+00
5.263082e+01 0.000000e+00 0.000000e+00 0.000000e+00 0.000000e+00
5.267979e+01 0.000000e+00 0.000000e+00 0.000000e+00 0.000000e+00
5.272876e+01 0.000000e+00 0.000000e+00 0.000000e+00 0.000000e+00
5.277773e+01 0.000000e+00 0.000000e+00 0.000000e+00 0.000000e+00
5.282670e+01 0.000000e+00 0.000000e+00 0.000000e+00 0.000000e+00
5.287567e+01 0.000000e+00 0.000000e+00 0.000000e+00 0.000000e+00
5.292464e+01 0.000000e+00 0.000000e+00 0.000000e+00 0.000000e+00
5.297361e+01 0.000000e+00 0.000000e+00 0.000000e+00 0.000000e+00
5.302259e+01 0.000000e+00 0.000000e+00 0.000000e+00 0.000000e+00
5.307156e+01 0.000000e+00 0.000000e+00 0.000000e+00 0.000000e+00
5.312053e+01 0.000000e+00 0.000000e+00 0.000000e+00 0.000000e+00
5.316950e+01 0.000000e+00 0.000000e+00 0.000000e+00 0.000000e+00
5.321847e+01 0.000000e+00 0.000000e+00 0.000000e+00 0.000000e+00
5.326744e+01 0.000000e+00 0.000000e+00 0.000000e+00 0.000000e+00
5.331641e+01 0.000000e+00 0.000000e+00 0.000000e+00 0.000000e+00
5.336538e+01 0.000000e+00 0.000000e+00 0.000000e+00 0.000000e+00
5.341435e+01 0.000000e+00 0.000000e+00 0.000000e+00 0.000000e+00
5.346332e+01 0.000000e+00 0.000000e+00 0.000000e+00 0.000000e+00
5.351229e+01 0.000000e+00 0.000000e+00 0.000000e+00 0.000000e+00
5.356126e+01 0.000000e+00 0.000000e+00 0.000000e+00 0.000000e+00
5.361023e+01 0.000000e+00 0.000000e+00 0.000000e+00 0.000000e+00
5.365920e+01 0.000000e+00 0.000000e+00 0.000000e+00 0.000000e+00
5.370817e+01 0.000000e+00 0.000000e+00 0.000000e+00 0.000000e+00
5.375714e+01 0.000000e+00 0.000000e+00 0.000000e+00 0.000000e+00
5.380611e+01 0.000000e+00 0.000000e+00 0.000000e+00 0.000000e+00
5.385509e+01 0.000000e+00 0.000000e+00 0.000000e+00 0.000000e+00
5.390406e+01 0.000000e+00 0.000000e+00 0.000000e+00 0.000000e+00
5.395303e+01 0.000000e+00 0.000000e+00 0.000000e+00 0.000000e+00
5.400200e+01 0.000000e+00 0.000000e+00 0.000000e+00 0.000000e+00
5.405097e+01 0.000000e+00 0.000000e+00 0.000000e+00 0.000000e+00
5.409994e+01 0.000000e+00 0.000000e+00 0.000000e+00 0.000000e+00
5.414891e+01 0.000000e+00 0.000000e+00 0.000000e+00 0.000000e+00
5.419788e+01 0.000000e+00 0.000000e+00 0.000000e+00 0.000000e+00
5.424685e+01 0.000000e+00 0.000000e+00 0.000000e+00 0.000000e+00
5.429582e+01 0.000000e+00 0.000000e+00 0.000000e+00 0.000000e+00
5.434479e+01 0.000000e+00 0.000000e+00 0.000000e+00 0.000000e+00
5.439376e+01 0.000000e+00 0.000000e+00 0.000000e+00 0.000000e+00
5.444273e+01 0.000000e+00 0.000000e+00 0.000000e+00 0.000000e+00
5.449170e+01 0.000000e+00 0.000000e+00 0.000000e+00 0.000000e+00
5.454067e+01 0.000000e+00 0.000000e+00 0.000000e+00 0.000000e+00
5.458964e+01 0.000000e+00 0.000000e+00 0.000000e+00 0.000000e+00
5.463862e+01 0.000000e+00 0.000000e+00 0.000000e+00 0.000000e+00
5.468759e+01 0.000000e+00 0.000000e+00 0.000000e+00 0.000000e+00
5.473656e+01 0.000000e+00 0.000000e+00 0.000000e+00 0.000000e+00
5.478553e+01 0.000000e+00 0.000000e+00 0.000000e+00 0.000000e+00
5.483450e+01 0.000000e+00 0.000000e+00 0.000000e+00 0.000000e+00
5.488347e+01 0.000000e+00 0.000000e+00 0.000000e+00 0.000000e+00
5.493244e+01 0.000000e+00 0.000000e+00 0.000000e+00 0.000000e+00
5.498141e+01 0.000000e+00 0.000000e+00 0.000000e+00 0.000000e+00
5.503038e+01 0.000000e+00 0.000000e+00 0.000000e+00 0.000000e+00
5.507935e+01 0.000000e+00 0.000000e+00 0.000000e+00 0.000000e+00
5.512832e+01 0.000000e+00 0.000000e+00 0.000000e+00 0.000000e+00
5.517729e+01 0.000000e+00 0.000000e+00 0.000000e+00 0.000000e+00
5.522626e+01 0.000000e+00 0.000000e+00 0.000000e+00 0.000000e+00
5.527523e+01 0.000000e+00 0.000000e+00 0.000000e+00 0.000000e+00
5.532420e+01 0.000000e+00 0.000000e+00 0.000000e+00 0.000000e+00
5.537317e+01 0.000000e+00 0.000000e+00 0.000000e+00 0.000000e+00
5.542214e+01 0.000000e+00 0.000000e+00 0.000000e+00 0.000000e+00
5.547112e+01 0.000000e+00 0.000000e+00 0.000000e+00 0.000000e+00
5.552009e+01 0.000000e+00 0.000000e+00 0.000000e+00 0.000000e+00
5.556906e+01 0.000000e+00 0.000000e+00 0.000000e+00 0.000000e+00
5.561803e+01 0.000000e+00 0.000000e+00 0.000000e+00 0.000000e+00
5.566700e+01 0.000000e+00 0.000000e+00 0.000000e+00 0.000000e+00
5.571597e+01 0.000000e+00 0.000000e+00 0.000000e+00 0.000000e+00
5.576494e+01 0.000000e+00 0.000000e+00 0.000000e+00 0.000000e+00
5.581391e+01 0.000000e+00 0.000000e+00 0.000000e+00 0.000000e+00
5.586288e+01 0.000000e+00 0.000000e+00 0.000000e+00 0.000000e+00
5.591185e+01 0.000000e+00 0.000000e+00 0.000000e+00 0.000000e+00
5.596082e+01 0.000000e+00 0.000000e+00 0.000000e+00 0.000000e+00
5.600979e+01 0.000000e+00 0.000000e+00 0.000000e+00 0.000000e+00
5.605876e+01 0.000000e+00 0.000000e+00 0.000000e+00 0.000000e+00
5.610773e+01 0.000000e+00 0.000000e+00 0.000000e+00 0.000000e+00
5.615670e+01 0.000000e+00 0.000000e+00 0.000000e+00 0.000000e+00
5.620567e+01 0.000000e+00 0.000000e+00 0.000000e+00 0.000000e+00
5.625464e+01 0.000000e+00 0.000000e+00 0.000000e+00 0.000000e+00
5.630362e+01 0.000000e+00 0.000000e+00 0.000000e+00 0.000000e+00
5.635259e+01 0.000000e+00 0.000000e+00 0.000000e+00 0.000000e+00
