3.962966e+00 0.000000e+00 0.000000e+00 0.000000e+00 0.000000e+00
4.014966e+00 0.000000e+00 0.000000e+00 0.000000e+00 0.000000e+00
4.066966e+00 0.000000e+00 0.000000e+00 0.000000e+00 0.000000e+00
4.118966e+00 0.000000e+00 0.000000e+00 0.000000e+00 0.000000e+00
4.170966e+00 0.000000e+00 0.000000e+00 0.000000e+00 0.000000e+00
4.222966e+00 0.000000e+00 0.000000e+00 0.000000e+00 0.000000e+00
4.274966e+00 0.000000e+00 0.000000e+00 0.000000e+00 0.000000e+00
4.326966e+00 0.000000e+00 0.000000e+00 0.000000e+00 0.000000e+00
4.378966e+00 0.000000e+00 0.000000e+00 0.000000e+00 0.000000e+00
4.430966e+00 0.000000e+00 0.000000e+00 0.000000e+00 0.000000e+00
4.482966e+00 0.000000e+00 0.000000e+00 0.000000e+00 0.000000e+00
4.534966e+00 0.000000e+00 0.000000e+00 0.000000e+00 0.000000e+00
4.586966e+00 0.000000e+00 0.000000e+00 0.000000e+00 0.000000e+00
4.638966e+00 0.000000e+00 0.000000e+00 0.000000e+00 0.000000e+00
4.690966e+00 0.000000e+00 0.000000e+00 0.000000e+00 0.000000e+00
4.742966e+00 0.000000e+00 0.000000e+00 0.000000e+00 0.000000e+00
4.794966e+00 0.000000e+00 0.000000e+00 0.000000e+00 0.000000e+00
4.846966e+00 0.000000e+00 0.000000e+00 0.000000e+00 0.000000e+00
4.898966e+00 0.000000e+00 0.000000e+00 0.000000e+00 0.000000e+00
4.950966e+00 0.000000e+00 0.000000e+00 0.000000e+00 0.000000e+00
5.002966e+00 0.000000e+00 0.000000e+00 0.000000e+00 0.000000e+00
5.054966e+00 0.000000e+00 0.000000e+00 0.000000e+00 0.000000e+00
5.106966e+00 0.000000e+00 0.000000e+00 0.000000e+00 0.000000e+00
5.158966e+00 0.000000e+00 0.000000e+00 0.000000e+00 0.000000e+00
5.210966e+00 0.000000e+00 0.000000e+00 0.000000e+00 0.000000e+00
5.262966e+00 0.000000e+00 0.000000e+00 0.000000e+00 0.000000e+00
5.314966e+00 0.000000e+00 0.000000e+00 0.000000e+00 0.000000e+00
5.366966e+00 0.000000e+00 0.000000e+00 0.000000e+00 0.000000e+00
5.418966e+00 0.000000e+00 0.000000e+00 0.000000e+00 0.000000e+00
5.470966e+00 0.000000e+00 0.000000e+00 0.000000e+00 0.000000e+00
5.522966e+00 0.000000e+00 0.000000e+00 0.000000e+00 0.000000e+00
5.574966e+00 0.000000e+00 0.000000e+00 0.000000e+00 0.000000e+00
5.626966e+00 0.000000e+00 0.000000e+00 0.000000e+00 0.000000e+00
5.678966e+00 0.000000e+00 0.000000e+00 0.000000e+00 0.000000e+00
5.730966e+00 0.000000e+00 0.000000e+00 0.000000e+00 0.000000e+00
5.782966e+00 0.000000e+00 0.000000e+00 0.000000e+00 0.000000e+00
5.834966e+00 0.000000e+00 0.000000e+00 0.000000e+00 0.000000e+00
5.886966e+00 0.000000e+00 0.000000e+00 0.000000e+00 0.000000e+00
5.938966e+00 0.000000e+00 0.000000e+00 0.000000e+00 0.000000e+00
5.990966e+00 0.000000e+00 0.000000e+00 0.000000e+00 0.000000e+00
6.042966e+00 0.000000e+00 0.000000e+00 0.000000e+00 0.000000e+00
6.094966e+00 0.000000e+00 0.000000e+00 0.000000e+00 0.000000e+00
6.146966e+00 0.000000e+00 0.000000e+00 0.000000e+00 0.000000e+00
6.198966e+00 0.000000e+00 0.000000e+00 0.000000e+00 0.000000e+00
6.250966e+00 0.000000e+00 0.000000e+00 0.000000e+00 0.000000e+00
6.302966e+00 0.000000e+00 0.000000e+00 0.000000e+00 0.000000e+00
6.354966e+00 0.000000e+00 0.000000e+00 0.000000e+00 0.000000e+00
6.406966e+00 0.000000e+00 0.000000e+00 0.000000e+00 0.000000e+00
6.458966e+00 0.000000e+00 0.000000e+00 0.000000e+00 0.000000e+00
6.510966e+00 0.000000e+00 0.000000e+00 0.000000e+00 0.000000e+00
6.562966e+00 0.000000e+00 0.000000e+00 0.000000e+00 0.000000e+00
6.614966e+00 0.000000e+00 0.000000e+00 0.000000e+00 0.000000e+00
6.666966e+00 0.000000e+00 0.000000e+00 0.000000e+00 0.000000e+00
6.718966e+00 0.000000e+00 0.000000e+00 0.000000e+00 0.000000e+00
6.770966e+00 0.000000e+00 0.000000e+00 0.000000e+00 0.000000e+00
6.822966e+00 0.000000e+00 0.000000e+00 0.000000e+00 0.000000e+00
6.874966e+00 0.000000e+00 0.000000e+00 0.000000e+00 0.000000e+00
6.926966e+00 0.000000e+00 0.000000e+00 0.000000e+00 0.000000e+00
6.978966e+00 0.000000e+00 0.000000e+00 0.000000e+00 0.000000e+00
7.030966e+00 0.000000e+00 0.000000e+00 0.000000e+00 0.000000e+00
7.082966e+00 0.000000e+00 0.000000e+00 0.000000e+00 0.000000e+00
7.134966e+00 0.000000e+00 0.000000e+00 0.000000e+00 0.000000e+00
7.186966e+00 0.000000e+00 0.000000e+00 0.000000e+00 0.000000e+00
7.238966e+00 0.000000e+00 0.000000e+00 0.000000e+00 0.000000e+00
7.290966e+00 0.000000e+00 0.000000e+00 0.000000e+00 0.000000e+00
7.342966e+00 0.000000e+00 0.000000e+00 0.000000e+00 0.000000e+00
7.394966e+00 0.000000e+00 0.000000e+00 0.000000e+00 0.000000e+00
7.446966e+00 0.000000e+00 0.000000e+00 0.000000e+00 0.000000e+00
7.498966e+00 0.000000e+00 0.000000e+00 0.000000e+00 0.000000e+00
7.550966e+00 0.000000e+00 0.000000e+00 0.000000e+00 0.000000e+00
7.602966e+00 0.000000e+00 0.000000e+00 0.000000e+00 0.000000e+00
7.654966e+00 0.000000e+00 0.000000e+00 0.000000e+00 0.000000e+00
7.706966e+00 0.000000e+00 0.000000e+00 0.000000e+00 0.000000e+00
7.758966e+00 0.000000e+00 0.000000e+00 0.000000e+00 0.000000e+00
7.810966e+00 2.007121e-14 1.732909e-15 3.497080e-14 2.350991e-14
7.862966e+00 1.526230e-13 1.238608e-14 2.651265e-13 1.803563e-13
7.914966e+00 8.141352e-13 1.130824e-13 1.387691e-12 9.416324e-13
7.966966e+00 4.088951e-12 6.518887e-13 6.910580e-12 4.704386e-12
8.018966e+00 1.685155e-11 2.798020e-12 2.841074e-11 1.934589e-11
8.070966e+00 6.418230e-11 1.094283e-11 1.079830e-10 7.362105e-11
8.122966e+00 2.309818e-10 4.043364e-11 3.879110e-10 2.646008e-10
8.174966e+00 7.783725e-10 1.397998e-10 1.304804e-09 8.905138e-10
8.226966e+00 2.463550e-09 4.532986e-10 4.122388e-09 2.814963e-09
8.278966e+00 7.342223e-09 1.382741e-09 1.226500e-08 8.378926e-09
8.330966e+00 2.061274e-08 3.968678e-09 3.437631e-08 2.349323e-08
8.382966e+00 5.456033e-08 1.072490e-08 9.085082e-08 6.210526e-08
8.434966e+00 1.362707e-07 2.730469e-08 2.265901e-07 1.549173e-07
8.486966e+00 3.214447e-07 6.553441e-08 5.338315e-07 3.649682e-07
8.538966e+00 7.168555e-07 1.483964e-07 1.189262e-06 8.129082e-07
8.590966e+00 1.513107e-06 3.173044e-07 2.508234e-06 1.713782e-06
8.642966e+00 3.026592e-06 6.412780e-07 5.014473e-06 3.424023e-06
8.694966e+00 5.744463e-06 1.226278e-06 9.515445e-06 6.491665e-06
8.746966e+00 1.035942e-05 2.221199e-06 1.716209e-05 1.169498e-05
8.798966e+00 1.777388e-05 3.815374e-06 2.945957e-05 2.004670e-05
8.850966e+00 2.904841e-05 6.222006e-06 4.818729e-05 3.273593e-05
8.902966e+00 4.527123e-05 9.643542e-06 7.518832e-05 5.098183e-05
8.954966e+00 6.733721e-05 1.421948e-05 1.120060e-04 7.578616e-05
9.006966e+00 9.564906e-05 1.996408e-05 1.593844e-04 1.075987e-04
9.058966e+00 1.297890e-04 2.670985e-05 2.167085e-04 1.459486e-04
9.110966e+00 1.682491e-04 3.407955e-05 2.815275e-04 1.891401e-04
9.162966e+00 2.083364e-04 4.151277e-05 3.493563e-04 2.341402e-04
9.214966e+00 2.463681e-04 4.836854e-05 4.139494e-04 2.767865e-04
9.266966e+00 2.782168e-04 5.411215e-05 4.681584e-04 3.123798e-04
9.318966e+00 3.001695e-04 5.857232e-05 5.053164e-04 3.366197e-04
9.370966e+00 3.099394e-04 6.222798e-05 5.208909e-04 3.466992e-04
9.422966e+00 3.075699e-04 6.645821e-05 5.139806e-04 3.422708e-04
9.474966e+00 2.959488e-04 7.367205e-05 4.881994e-04 3.259750e-04
9.526966e+00 2.807194e-04 8.723646e-05 4.516144e-04 3.033074e-04
9.578966e+00 2.695314e-04 1.111492e-04 4.156612e-04 2.817837e-04
9.630966e+00 2.707602e-04 1.494648e-04 3.932512e-04 2.695645e-04
9.682966e+00 2.919816e-04 2.055671e-04 3.965109e-04 2.738669e-04
9.734966e+00 3.385704e-04 2.814694e-04 4.346832e-04 2.995587e-04
9.786966e+00 4.127763e-04 3.773647e-04 5.126775e-04 3.482867e-04
9.838966e+00 5.135236e-04 4.916164e-04 6.305950e-04 4.183593e-04
9.890966e+00 6.369992e-04 6.212534e-04 7.843333e-04 5.054111e-04
9.942966e+00 7.778788e-04 7.628567e-04 9.671012e-04 6.036784e-04
9.994966e+00 9.308417e-04 9.135661e-04 1.171414e-03 7.075450e-04
1.004697e+01 1.091915e-03 1.071872e-03 1.390944e-03 8.129302e-04
1.009897e+01 1.259223e-03 1.237934e-03 1.621605e-03 9.181309e-04
1.015097e+01 1.432927e-03 1.413378e-03 1.861504e-03 1.023899e-03
1.020297e+01 1.614487e-03 1.600766e-03 2.109890e-03 1.132805e-03
1.025497e+01 1.805683e-03 1.803080e-03 2.365750e-03 1.248219e-03
1.030697e+01 2.007951e-03 2.023561e-03 2.626911e-03 1.373381e-03
1.035897e+01 2.222394e-03 2.265930e-03 2.890252e-03 1.511000e-03
1.041097e+01 2.450389e-03 2.534698e-03 3.152920e-03 1.663550e-03
1.046297e+01 2.694235e-03 2.834964e-03 3.413671e-03 1.834070e-03
1.051497e+01 2.957124e-03 3.171163e-03 3.673239e-03 2.026968e-03
1.056697e+01 3.241982e-03 3.544637e-03 3.933121e-03 2.248187e-03
1.061897e+01 3.549344e-03 3.950608e-03 4.193179e-03 2.504246e-03
1.067097e+01 3.875095e-03 4.375797e-03 4.449417e-03 2.800070e-03
1.072297e+01 4.209192e-03 4.798167e-03 4.693377e-03 3.136033e-03
1.077497e+01 4.536269e-03 5.189752e-03 4.913813e-03 3.505241e-03
1.082697e+01 4.838211e-03 5.522369e-03 5.099958e-03 3.892307e-03
1.087897e+01 5.097988e-03 5.774560e-03 5.244769e-03 4.274634e-03
1.093097e+01 5.303382e-03 5.937263e-03 5.346493e-03 4.626392e-03
1.098297e+01 5.449367e-03 6.015945e-03 5.407951e-03 4.924206e-03
1.103497e+01 5.538418e-03 6.028335e-03 5.434241e-03 5.152677e-03
1.108697e+01 5.578929e-03 5.998774e-03 5.430291e-03 5.307723e-03
1.113897e+01 5.582489e-03 5.951452e-03 5.399479e-03 5.396537e-03
1.119097e+01 5.560964e-03 5.904955e-03 5.343595e-03 5.434341e-03
1.124297e+01 5.524106e-03 5.869462e-03 5.263540e-03 5.439316e-03
1.129497e+01 5.478007e-03 5.846537e-03 5.159939e-03 5.427544e-03
1.134697e+01 5.424369e-03 5.830456e-03 5.033223e-03 5.409427e-03
1.139897e+01 5.360450e-03 5.809888e-03 4.883329e-03 5.388132e-03
1.145097e+01 5.279539e-03 5.769377e-03 4.709488e-03 5.359752e-03
1.150297e+01 5.171976e-03 5.690930e-03 4.510445e-03 5.314554e-03
1.155497e+01 5.026804e-03 5.556411e-03 4.285194e-03 5.238806e-03
1.160697e+01 4.834088e-03 5.351149e-03 4.033967e-03 5.117147e-03
1.165897e+01 4.587675e-03 5.068219e-03 3.759166e-03 4.935639e-03
1.171097e+01 4.287752e-03 4.711965e-03 3.465864e-03 4.685427e-03
1.176297e+01 3.942333e-03 4.299029e-03 3.161658e-03 4.366312e-03
1.181497e+01 3.566895e-03 3.855922e-03 2.855824e-03 3.988939e-03
1.186697e+01 3.181965e-03 3.413578e-03 2.557997e-03 3.574319e-03
1.191897e+01 2.809220e-03 3.000670e-03 2.276780e-03 3.150209e-03
1.197097e+01 2.467301e-03 2.638008e-03 2.018699e-03 2.745196e-03
1.202297e+01 2.168656e-03 2.335753e-03 1.787743e-03 2.382472e-03
1.207497e+01 1.918291e-03 2.093917e-03 1.585455e-03 2.075503e-03
1.212697e+01 1.714561e-03 1.905314e-03 1.411398e-03 1.826971e-03
1.217897e+01 1.551383e-03 1.759442e-03 1.263768e-03 1.630938e-03
1.223097e+01 1.420924e-03 1.645861e-03 1.140028e-03 1.476885e-03
1.228297e+01 1.315841e-03 1.556199e-03 1.037483e-03 1.353842e-03
1.233497e+01 1.230534e-03 1.484691e-03 9.537434e-04 1.253168e-03
1.238697e+01 1.161353e-03 1.427619e-03 8.869755e-04 1.169464e-03
1.243897e+01 1.106052e-03 1.382297e-03 8.358953e-04 1.099965e-03
1.249097e+01 1.062982e-03 1.346158e-03 7.995413e-04 1.043246e-03
1.254297e+01 1.030440e-03 1.316319e-03 7.769556e-04 9.980458e-04
1.259497e+01 1.006455e-03 1.289735e-03 7.669389e-04 9.626918e-04
1.264697e+01 9.889677e-04 1.263769e-03 7.679890e-04 9.351451e-04
1.269897e+01 9.762229e-04 1.236856e-03 7.784098e-04 9.134033e-04
1.275097e+01 9.670692e-04 1.208849e-03 7.964704e-04 8.958880e-04
1.280297e+01 9.609546e-04 1.180833e-03 8.204547e-04 8.815760e-04
1.285497e+01 9.575838e-04 1.154400e-03 8.485102e-04 8.698411e-04
1.290697e+01 9.563934e-04 1.130699e-03 8.783341e-04 8.601474e-04
1.295897e+01 9.561074e-04 1.109663e-03 9.068787e-04 8.517808e-04
1.301097e+01 9.546040e-04 1.089762e-03 9.303108e-04 8.437389e-04
1.306297e+01 9.491800e-04 1.068375e-03 9.443910e-04 8.347739e-04
1.311497e+01 9.371205e-04 1.042599e-03 9.452507e-04 8.235123e-04
1.316697e+01 9.163540e-04 1.010157e-03 9.303335e-04 8.085717e-04
1.321897e+01 8.859591e-04 9.700611e-04 8.991523e-04 7.886640e-04
1.327097e+01 8.463841e-04 9.228572e-04 8.535618e-04 7.627332e-04
1.332297e+01 7.993825e-04 8.705115e-04 7.974514e-04 7.301845e-04
1.337497e+01 7.477938e-04 8.161532e-04 7.360164e-04 6.912118e-04
1.342697e+01 6.953387e-04 7.639166e-04 6.749375e-04 6.471620e-04
1.347897e+01 6.465535e-04 7.190141e-04 6.198100e-04 6.008363e-04
1.353097e+01 6.068827e-04 6.879825e-04 5.760198e-04 5.566457e-04
1.358297e+01 5.828331e-04 6.788681e-04 5.490441e-04 5.205872e-04
1.363497e+01 5.820156e-04 7.010432e-04 5.449545e-04 5.000491e-04
1.368697e+01 6.128777e-04 7.643889e-04 5.708036e-04 5.034406e-04
1.373897e+01 6.839759e-04 8.777525e-04 6.345761e-04 5.395990e-04
1.379097e+01 8.027358e-04 1.046829e-03 7.444802e-04 6.168984e-04
1.384297e+01 9.738044e-04 1.271879e-03 9.074916e-04 7.420423e-04
1.389497e+01 1.197282e-03 1.545917e-03 1.127251e-03 9.186791e-04
1.394697e+01 1.467287e-03 1.854028e-03 1.401657e-03 1.146177e-03
1.399897e+01 1.771372e-03 2.174350e-03 1.720776e-03 1.418991e-03
1.405097e+01 2.091219e-03 2.480793e-03 2.065896e-03 1.726967e-03
1.410297e+01 2.404721e-03 2.747050e-03 2.410547e-03 2.056566e-03
1.415497e+01 2.689170e-03 2.950979e-03 2.723887e-03 2.392644e-03
1.420697e+01 2.924816e-03 3.078217e-03 2.976119e-03 2.720113e-03
1.425897e+01 3.097934e-03 3.124164e-03 3.144700e-03 3.024939e-03
1.431097e+01 3.202601e-03 3.093952e-03 3.219534e-03 3.294317e-03
1.436297e+01 3.240788e-03 3.000630e-03 3.205330e-03 3.516405e-03
1.441497e+01 3.220859e-03 2.862188e-03 3.120131e-03 3.680257e-03
1.446697e+01 3.154960e-03 2.698157e-03 2.990222e-03 3.776501e-03
1.451897e+01 3.056058e-03 2.526445e-03 2.842975e-03 3.798753e-03
1.457097e+01 2.935365e-03 2.360870e-03 2.699917e-03 3.745309e-03
1.462297e+01 2.800777e-03 2.209736e-03 2.572251e-03 3.620343e-03
1.467497e+01 2.656620e-03 2.075648e-03 2.460162e-03 3.434049e-03
1.472697e+01 2.504634e-03 1.956518e-03 2.355782e-03 3.201602e-03
1.477897e+01 2.345705e-03 1.847479e-03 2.248414e-03 2.941220e-03
1.483097e+01 2.181644e-03 1.743141e-03 2.129924e-03 2.671867e-03
1.488297e+01 2.016370e-03 1.639598e-03 1.998435e-03 2.411078e-03
1.493497e+01 1.856128e-03 1.535725e-03 1.859373e-03 2.173286e-03
1.498697e+01 1.708829e-03 1.433588e-03 1.724048e-03 1.968850e-03
1.503897e+01 1.582876e-03 1.338057e-03 1.606713e-03 1.803857e-03
1.509097e+01 1.485911e-03 1.255872e-03 1.521232e-03 1.680629e-03
1.514297e+01 1.423764e-03 1.194389e-03 1.478179e-03 1.598724e-03
1.519497e+01 1.399670e-03 1.160224e-03 1.482712e-03 1.556076e-03
1.524697e+01 1.413712e-03 1.157937e-03 1.533320e-03 1.549878e-03
1.529897e+01 1.462467e-03 1.188918e-03 1.621576e-03 1.576907e-03
1.535097e+01 1.538998e-03 1.250652e-03 1.733118e-03 1.633225e-03
1.540297e+01 1.633360e-03 1.336600e-03 1.850033e-03 1.713446e-03
1.545497e+01 1.733712e-03 1.436791e-03 1.954368e-03 1.809977e-03
1.550697e+01 1.827921e-03 1.539149e-03 2.031919e-03 1.912696e-03
1.555897e+01 1.905269e-03 1.631302e-03 2.075077e-03 2.009428e-03
1.561097e+01 1.957831e-03 1.702504e-03 2.083679e-03 2.087309e-03
1.566297e+01 1.981199e-03 1.745238e-03 2.063535e-03 2.134822e-03
1.571497e+01 1.974479e-03 1.756167e-03 2.023301e-03 2.143969e-03
1.576697e+01 1.939734e-03 1.736287e-03 1.971016e-03 2.111899e-03
1.581897e+01 1.881148e-03 1.690328e-03 1.911675e-03 2.041440e-03
1.587097e+01 1.804151e-03 1.625595e-03 1.846575e-03 1.940283e-03
1.592297e+01 1.714631e-03 1.550493e-03 1.774304e-03 1.819095e-03
1.597497e+01 1.618266e-03 1.473003e-03 1.692592e-03 1.689204e-03
1.602697e+01 1.520014e-03 1.399383e-03 1.600063e-03 1.560597e-03
1.607897e+01 1.423781e-03 1.333324e-03 1.497243e-03 1.440776e-03
1.613097e+01 1.332322e-03 1.275731e-03 1.386695e-03 1.334540e-03
1.618297e+01 1.247360e-03 1.225172e-03 1.272495e-03 1.244413e-03
1.623497e+01 1.169826e-03 1.178811e-03 1.159447e-03 1.171220e-03
1.628697e+01 1.100107e-03 1.133534e-03 1.052313e-03 1.114476e-03
1.633897e+01 1.038194e-03 1.086912e-03 9.551750e-04 1.072494e-03
1.639097e+01 9.837054e-04 1.037766e-03 8.709696e-04 1.042381e-03
1.644297e+01 9.358701e-04 9.862385e-04 8.011771e-04 1.020195e-03
1.649497e+01 8.935497e-04 9.335232e-04 7.457093e-04 1.001417e-03
1.654697e+01 8.553922e-04 8.814238e-04 7.030387e-04 9.817140e-04
1.659897e+01 8.201146e-04 8.319597e-04 6.706015e-04 9.577826e-04
1.665097e+01 7.868532e-04 7.871149e-04 6.454442e-04 9.280006e-04
1.670297e+01 7.554791e-04 7.487420e-04 6.250148e-04 8.926804e-04
1.675497e+01 7.267867e-04 7.185588e-04 6.079369e-04 8.538643e-04
1.680697e+01 7.025007e-04 6.981491e-04 5.945812e-04 8.147718e-04
1.685897e+01 6.850912e-04 6.888953e-04 5.872676e-04 7.791106e-04
1.691097e+01 6.774202e-04 6.918038e-04 5.899867e-04 7.504701e-04
1.696297e+01 6.822610e-04 7.072329e-04 6.076227e-04 7.319274e-04
1.701497e+01 7.017429e-04 7.345841e-04 6.447780e-04 7.258667e-04
1.706697e+01 7.367903e-04 7.720482e-04 7.044190e-04 7.339037e-04
1.711897e+01 7.866460e-04 8.165037e-04 7.866547e-04 7.567797e-04
1.717097e+01 8.485877e-04 8.636322e-04 8.879793e-04 7.941517e-04
1.722297e+01 9.179361e-04 9.082612e-04 1.001228e-03 8.443192e-04
1.727497e+01 9.884127e-04 9.448966e-04 1.116318e-03 9.040239e-04
1.732697e+01 1.052830e-03 9.683699e-04 1.221646e-03 9.684755e-04
1.737897e+01 1.104022e-03 9.745203e-04 1.305849e-03 1.031696e-03
1.743097e+01 1.135853e-03 9.608213e-04 1.359573e-03 1.087164e-03
1.748297e+01 1.144136e-03 9.268548e-04 1.376907e-03 1.128645e-03
1.753497e+01 1.127278e-03 8.745244e-04 1.356249e-03 1.151061e-03
1.758697e+01 1.086538e-03 8.079220e-04 1.300444e-03 1.151248e-03
1.763897e+01 1.025833e-03 7.328199e-04 1.216191e-03 1.128488e-03
1.769097e+01 9.511439e-04 6.558609e-04 1.112828e-03 1.084743e-03
1.774297e+01 8.696449e-04 5.836114e-04 1.000797e-03 1.024526e-03
1.779497e+01 7.887270e-04 5.216840e-04 8.900950e-04 9.544019e-04
1.784697e+01 7.150959e-04 4.740994e-04 7.890557e-04 8.821325e-04
1.789897e+01 6.540513e-04 4.429627e-04 7.036082e-04 8.155828e-04
1.795097e+01 6.089973e-04 4.284276e-04 6.370371e-04 7.615273e-04
1.800297e+01 5.811917e-04 4.288657e-04 5.901254e-04 7.245839e-04
1.805497e+01 5.697365e-04 4.411712e-04 5.615446e-04 7.064937e-04
1.810697e+01 5.718245e-04 4.611754e-04 5.483776e-04 7.059206e-04
1.815897e+01 5.832401e-04 4.841793e-04 5.467026e-04 7.188384e-04
1.821097e+01 5.990632e-04 5.055902e-04 5.521785e-04 7.394211e-04
1.826297e+01 6.144581e-04 5.215788e-04 5.605715e-04 7.612240e-04
1.831497e+01 6.253828e-04 5.296150e-04 5.681680e-04 7.783653e-04
1.836697e+01 6.290747e-04 5.287325e-04 5.720494e-04 7.864421e-04
1.841897e+01 6.242372e-04 5.194505e-04 5.702424e-04 7.830186e-04
1.847097e+01 6.109487e-04 5.033967e-04 5.617830e-04 7.676665e-04
1.852297e+01 5.903866e-04 4.827805e-04 5.467186e-04 7.416607e-04
1.857497e+01 5.644752e-04 4.598946e-04 5.260415e-04 7.074894e-04
1.862697e+01 5.355397e-04 4.367733e-04 5.015230e-04 6.683227e-04
1.867897e+01 5.059977e-04 4.150400e-04 4.754273e-04 6.275259e-04
1.873097e+01 4.780913e-04 3.958959e-04 4.501317e-04 5.882463e-04
1.878297e+01 4.536638e-04 3.801705e-04 4.277376e-04 5.530835e-04
1.883497e+01 4.340109e-04 3.683802e-04 4.097862e-04 5.238663e-04
1.888697e+01 4.198439e-04 3.607884e-04 3.971641e-04 5.015793e-04
1.893897e+01 4.113856e-04 3.574813e-04 3.902087e-04 4.864668e-04
1.899097e+01 4.085603e-04 3.584644e-04 3.889328e-04 4.782838e-04
1.904297e+01 4.111941e-04 3.637461e-04 3.932386e-04 4.765976e-04
1.909497e+01 4.191274e-04 3.733615e-04 4.030115e-04 4.810092e-04
1.914697e+01 4.321935e-04 3.873122e-04 4.180626e-04 4.912057e-04
1.919897e+01 4.500925e-04 4.054438e-04 4.379846e-04 5.068491e-04
1.925097e+01 4.722512e-04 4.273260e-04 4.620321e-04 5.273954e-04
1.930297e+01 4.977635e-04 4.521982e-04 4.891233e-04 5.519689e-04
1.935497e+01 5.254525e-04 4.790032e-04 5.179832e-04 5.793712e-04
1.940697e+01 5.540247e-04 5.064876e-04 5.473675e-04 6.082191e-04
1.945897e+01 5.822482e-04 5.333291e-04 5.762709e-04 6.371446e-04
1.951097e+01 6.090984e-04 5.582698e-04 6.040476e-04 6.649777e-04
1.956297e+01 6.338591e-04 5.802641e-04 6.304354e-04 6.908777e-04
1.961497e+01 6.562005e-04 5.986590e-04 6.555287e-04 7.144137e-04
1.966697e+01 6.762470e-04 6.133801e-04 6.797463e-04 7.356147e-04
1.971897e+01 6.946084e-04 6.250497e-04 7.037953e-04 7.549803e-04
1.977097e+01 7.123092e-04 6.349324e-04 7.285789e-04 7.734163e-04
1.982297e+01 7.305620e-04 6.446457e-04 7.549892e-04 7.920510e-04
1.987497e+01 7.503925e-04 6.556690e-04 7.835865e-04 8.119218e-04
1.992697e+01 7.722142e-04 6.687984e-04 8.142587e-04 8.335855e-04
1.997897e+01 7.955126e-04 6.837534e-04 8.460199e-04 8.567646e-04
2.003097e+01 8.187952e-04 6.991199e-04 8.770856e-04 8.801802e-04
2.008297e+01 8.398799e-04 7.126993e-04 9.052509e-04 9.016894e-04
2.013497e+01 8.564674e-04 7.221787e-04 9.284599e-04 9.187635e-04
2.018697e+01 8.668229e-04 7.259083e-04 9.453599e-04 9.292005e-04
2.023897e+01 8.703387e-04 7.235170e-04 9.556472e-04 9.318517e-04
2.029097e+01 8.677824e-04 7.161496e-04 9.601125e-04 9.270852e-04
2.034297e+01 8.611489e-04 7.062394e-04 9.604199e-04 9.167875e-04
2.039497e+01 8.531665e-04 6.968928e-04 9.587338e-04 9.038729e-04
2.044697e+01 8.466223e-04 6.910929e-04 9.573054e-04 8.914687e-04
2.049897e+01 8.437094e-04 6.909756e-04 9.580783e-04 8.820742e-04
2.055097e+01 8.455691e-04 6.973892e-04 9.623330e-04 8.769851e-04
2.060297e+01 8.521216e-04 7.098248e-04 9.703936e-04 8.761463e-04
2.065497e+01 8.621844e-04 7.266771e-04 9.814580e-04 8.784181e-04
2.070697e+01 8.738073e-04 7.456941e-04 9.936335e-04 8.820942e-04
2.075897e+01 8.847132e-04 7.644598e-04 1.004221e-03 8.854590e-04
2.081097e+01 8.927323e-04 7.807867e-04 1.010206e-03 8.872044e-04
2.086297e+01 8.961394e-04 7.929636e-04 1.008837e-03 8.866172e-04
2.091497e+01 8.938426e-04 7.998506e-04 9.981419e-04 8.835353e-04
2.096697e+01 8.854115e-04 8.008428e-04 9.772589e-04 8.781327e-04
2.101897e+01 8.709713e-04 7.957397e-04 9.465543e-04 8.706200e-04
2.107097e+01 8.510188e-04 7.845763e-04 9.075220e-04 8.609581e-04
2.112297e+01 8.262290e-04 7.674918e-04 8.625151e-04 8.486801e-04
2.117497e+01 7.973208e-04 7.447005e-04 8.143629e-04 8.328991e-04
2.122697e+01 7.650191e-04 7.165839e-04 7.659425e-04 8.125309e-04
2.127897e+01 7.301064e-04 6.838494e-04 7.197865e-04 7.866833e-04
2.133097e+01 6.935128e-04 6.476513e-04 6.778024e-04 7.550845e-04
2.138297e+01 6.563697e-04 6.095798e-04 6.411467e-04 7.183825e-04
2.143497e+01 6.199707e-04 5.714856e-04 6.102491e-04 6.781773e-04
2.148697e+01 5.856293e-04 5.351951e-04 5.849429e-04 6.367499e-04
2.153897e+01 5.544782e-04 5.022184e-04 5.646471e-04 5.965690e-04
2.159097e+01 5.272818e-04 4.735451e-04 5.485572e-04 5.597431e-04
2.164297e+01 5.043280e-04 4.495712e-04 5.358189e-04 5.275940e-04
2.169497e+01 4.854272e-04 4.301448e-04 5.256670e-04 5.004699e-04
2.174697e+01 4.700099e-04 4.146876e-04 5.175175e-04 4.778248e-04
2.179897e+01 4.572884e-04 4.023504e-04 5.110064e-04 4.585085e-04
2.185097e+01 4.464457e-04 3.921792e-04 5.059894e-04 4.411684e-04
2.190297e+01 4.368178e-04 3.832735e-04 5.025291e-04 4.246509e-04
2.195497e+01 4.280397e-04 3.749244e-04 5.008902e-04 4.083046e-04
2.200697e+01 4.201226e-04 3.667078e-04 5.015407e-04 3.921194e-04
2.205897e+01 4.134418e-04 3.585184e-04 5.051314e-04 3.766757e-04
2.211097e+01 4.086343e-04 3.505397e-04 5.124305e-04 3.629327e-04
2.216297e+01 4.064395e-04 3.431690e-04 5.242202e-04 3.519293e-04
2.221497e+01 4.075361e-04 3.369213e-04 5.411922e-04 3.444947e-04
2.226697e+01 4.124239e-04 3.323370e-04 5.638826e-04 3.410519e-04
2.231897e+01 4.213681e-04 3.299044e-04 5.926442e-04 3.415556e-04
2.237097e+01 4.343902e-04 3.300034e-04 6.276109e-04 3.455562e-04
2.242297e+01 4.512721e-04 3.328764e-04 6.685949e-04 3.523450e-04
2.247497e+01 4.715510e-04 3.386290e-04 7.148976e-04 3.611263e-04
2.252697e+01 4.945080e-04 3.472609e-04 7.650925e-04 3.711706e-04
2.257897e+01 5.191723e-04 3.587101e-04 8.168850e-04 3.819217e-04
2.263097e+01 5.443633e-04 3.728935e-04 8.671484e-04 3.930479e-04
2.268297e+01 5.687802e-04 3.897356e-04 9.121671e-04 4.044379e-04
2.273497e+01 5.911324e-04 4.091964e-04 9.480501e-04 4.161507e-04
2.278697e+01 6.103034e-04 4.313233e-04 9.712456e-04 4.283414e-04
2.283897e+01 6.255363e-04 4.563286e-04 9.790920e-04 4.411885e-04
2.289097e+01 6.366231e-04 4.846616e-04 9.703526e-04 4.548551e-04
2.294297e+01 6.440550e-04 5.170115e-04 9.456510e-04 4.695025e-04
2.299497e+01 6.490727e-04 5.541865e-04 9.076757e-04 4.853558e-04
2.304697e+01 6.535647e-04 5.968792e-04 8.610138e-04 5.028011e-04
2.309897e+01 6.598076e-04 6.454038e-04 8.115497e-04 5.224693e-04
2.315097e+01 6.701090e-04 6.995356e-04 7.655295e-04 5.452620e-04
2.320297e+01 6.864567e-04 7.585477e-04 7.285399e-04 5.722825e-04
2.325497e+01 7.102655e-04 8.214346e-04 7.047015e-04 6.046604e-04
2.330697e+01 7.422565e-04 8.871937e-04 6.962783e-04 6.432976e-04
2.335897e+01 7.824331e-04 9.549738e-04 7.037231e-04 6.886025e-04
2.341097e+01 8.300888e-04 1.023958e-03 7.260101e-04 7.402988e-04
2.346297e+01 8.838030e-04 1.092986e-03 7.610424e-04 7.973803e-04
2.351497e+01 9.414404e-04 1.160106e-03 8.059810e-04 8.582338e-04
2.356697e+01 1.000216e-03 1.222304e-03 8.574614e-04 9.208811e-04
2.361897e+01 1.056889e-03 1.275664e-03 9.117619e-04 9.832423e-04
2.367097e+01 1.108116e-03 1.316007e-03 9.650222e-04 1.043320e-03
2.372297e+01 1.150888e-03 1.339843e-03 1.013561e-03 1.099259e-03
2.377497e+01 1.182970e-03 1.345324e-03 1.054271e-03 1.149314e-03
2.382697e+01 1.203210e-03 1.332823e-03 1.085005e-03 1.191803e-03
2.387897e+01 1.211643e-03 1.304938e-03 1.104856e-03 1.225134e-03
2.393097e+01 1.209362e-03 1.265912e-03 1.114248e-03 1.247926e-03
2.398297e+01 1.198223e-03 1.220682e-03 1.114797e-03 1.259191e-03
2.403497e+01 1.180460e-03 1.173907e-03 1.108952e-03 1.258522e-03
2.408697e+01 1.158311e-03 1.129239e-03 1.099482e-03 1.246212e-03
2.413897e+01 1.133748e-03 1.089020e-03 1.088913e-03 1.223310e-03
2.419097e+01 1.108343e-03 1.054353e-03 1.079080e-03 1.191597e-03
2.424297e+01 1.083264e-03 1.025414e-03 1.070897e-03 1.153481e-03
2.429497e+01 1.059341e-03 1.001799e-03 1.064421e-03 1.111803e-03
2.434697e+01 1.037153e-03 9.827738e-04 1.059148e-03 1.069538e-03
2.439897e+01 1.017078e-03 9.674064e-04 1.054423e-03 1.029405e-03
2.445097e+01 9.993061e-04 9.546335e-04 1.049806e-03 9.934788e-04
2.450297e+01 9.838717e-04 9.433955e-04 1.045325e-03 9.628948e-04
2.455497e+01 9.707552e-04 9.329094e-04 1.041609e-03 9.377476e-04
2.460697e+01 9.600957e-04 9.230637e-04 1.039982e-03 9.172418e-04
2.465897e+01 9.524926e-04 9.148124e-04 1.042586e-03 9.000790e-04
2.471097e+01 9.493117e-04 9.103925e-04 1.052534e-03 8.850084e-04
2.476297e+01 9.528653e-04 9.132206e-04 1.073961e-03 8.714146e-04
2.481497e+01 9.663346e-04 9.274295e-04 1.111789e-03 8.597850e-04
2.486697e+01 9.933405e-04 9.571218e-04 1.171008e-03 8.518914e-04
2.491897e+01 1.037161e-03 1.005510e-03 1.255405e-03 8.505686e-04
2.497097e+01 1.099729e-03 1.074144e-03 1.365976e-03 8.590679e-04
2.502297e+01 1.180672e-03 1.162404e-03 1.499496e-03 8.801145e-04
2.507497e+01 1.276738e-03 1.267389e-03 1.647882e-03 9.149420e-04
2.512697e+01 1.381910e-03 1.384223e-03 1.798851e-03 9.626556e-04
2.517897e+01 1.488295e-03 1.506712e-03 1.937957e-03 1.020214e-03
2.523097e+01 1.587612e-03 1.628174e-03 2.051548e-03 1.083114e-03
2.528297e+01 1.672855e-03 1.742248e-03 2.129739e-03 1.146579e-03
2.533497e+01 1.739613e-03 1.843538e-03 2.168472e-03 1.206828e-03
2.538697e+01 1.786655e-03 1.928026e-03 2.170007e-03 1.261932e-03
2.543897e+01 1.815698e-03 1.993308e-03 2.141794e-03 1.311991e-03
2.549097e+01 1.830503e-03 2.038706e-03 2.094195e-03 1.358608e-03
2.554297e+01 1.835680e-03 2.065231e-03 2.037827e-03 1.403982e-03
2.559497e+01 1.835555e-03 2.075372e-03 1.981309e-03 1.449984e-03
2.564697e+01 1.833366e-03 2.072640e-03 1.929944e-03 1.497513e-03
2.569897e+01 1.830893e-03 2.060921e-03 1.885515e-03 1.546242e-03
2.575097e+01 1.828501e-03 2.043773e-03 1.847045e-03 1.594684e-03
2.580297e+01 1.825505e-03 2.023887e-03 1.812129e-03 1.640500e-03
2.585497e+01 1.820720e-03 2.002863e-03 1.778346e-03 1.680952e-03
2.590697e+01 1.813045e-03 1.981353e-03 1.744316e-03 1.713466e-03
2.595897e+01 1.801934e-03 1.959460e-03 1.710118e-03 1.736223e-03
2.601097e+01 1.787659e-03 1.937230e-03 1.677077e-03 1.748669e-03
2.606297e+01 1.771317e-03 1.915050e-03 1.647097e-03 1.751803e-03
2.611497e+01 1.754629e-03 1.893854e-03 1.621888e-03 1.748146e-03
2.616697e+01 1.739617e-03 1.875112e-03 1.602386e-03 1.741352e-03
2.621897e+01 1.728238e-03 1.860648e-03 1.588523e-03 1.735542e-03
2.627097e+01 1.722048e-03 1.852322e-03 1.579347e-03 1.734474e-03
2.632297e+01 1.721914e-03 1.851643e-03 1.573344e-03 1.740754e-03
2.637497e+01 1.727805e-03 1.859371e-03 1.568785e-03 1.755259e-03
2.642697e+01 1.738716e-03 1.875202e-03 1.564018e-03 1.776927e-03
2.647897e+01 1.752753e-03 1.897639e-03 1.557655e-03 1.802966e-03
2.653097e+01 1.767410e-03 1.924102e-03 1.548692e-03 1.829436e-03
2.658297e+01 1.779966e-03 1.951276e-03 1.536582e-03 1.852040e-03
2.663497e+01 1.787923e-03 1.975618e-03 1.521217e-03 1.866936e-03
2.668697e+01 1.789344e-03 1.993882e-03 1.502781e-03 1.871368e-03
2.673897e+01 1.783026e-03 2.003593e-03 1.481483e-03 1.864002e-03
2.679097e+01 1.768515e-03 2.003370e-03 1.457255e-03 1.844921e-03
2.684297e+01 1.746006e-03 1.993062e-03 1.429589e-03 1.815367e-03
2.689497e+01 1.716204e-03 1.973660e-03 1.397629e-03 1.777321e-03
2.694697e+01 1.680191e-03 1.946943e-03 1.360543e-03 1.733086e-03
2.699897e+01 1.639296e-03 1.914932e-03 1.318002e-03 1.684952e-03
2.705097e+01 1.594949e-03 1.879289e-03 1.270548e-03 1.635009e-03
2.710297e+01 1.548516e-03 1.840863e-03 1.219642e-03 1.585042e-03
2.715497e+01 1.501128e-03 1.799548e-03 1.167365e-03 1.536472e-03
2.720697e+01 1.453552e-03 1.754494e-03 1.115898e-03 1.490264e-03
2.725897e+01 1.406130e-03 1.704544e-03 1.067035e-03 1.446812e-03
2.731097e+01 1.358830e-03 1.648726e-03 1.021916e-03 1.405849e-03
2.736297e+01 1.311393e-03 1.586643e-03 9.810492e-04 1.366486e-03
2.741497e+01 1.263553e-03 1.518708e-03 9.445360e-04 1.327415e-03
2.746697e+01 1.215282e-03 1.446215e-03 9.123345e-04 1.287298e-03
2.751897e+01 1.166982e-03 1.371291e-03 8.844242e-04 1.245232e-03
2.757097e+01 1.119548e-03 1.296699e-03 8.608127e-04 1.201133e-03
2.762297e+01 1.074260e-03 1.225455e-03 8.414269e-04 1.155898e-03
2.767497e+01 1.032519e-03 1.160318e-03 8.259857e-04 1.111253e-03
2.772697e+01 9.955042e-04 1.103245e-03 8.139497e-04 1.069318e-03
2.777897e+01 9.638867e-04 1.055012e-03 8.045958e-04 1.032053e-03
2.783097e+01 9.376920e-04 1.015125e-03 7.971971e-04 1.000754e-03
2.788297e+01 9.163624e-04 9.820817e-04 7.912325e-04 9.757730e-04
2.793497e+01 8.989643e-04 9.538559e-04 7.865267e-04 9.565104e-04
2.798697e+01 8.844418e-04 9.284490e-04 7.832381e-04 9.416384e-04
2.803897e+01 8.718145e-04 9.043245e-04 7.816773e-04 9.294419e-04
2.809097e+01 8.602691e-04 8.806293e-04 7.820157e-04 9.181624e-04
2.814297e+01 8.491606e-04 8.571979e-04 7.840137e-04 9.062702e-04
2.819497e+01 8.379873e-04 8.344059e-04 7.869067e-04 8.926493e-04
2.824697e+01 8.264017e-04 8.129632e-04 7.895325e-04 8.767094e-04
2.829897e+01 8.142760e-04 7.937115e-04 7.906741e-04 8.584422e-04
2.835097e+01 8.017826e-04 7.774491e-04 7.894815e-04 8.384171e-04
2.840297e+01 7.894164e-04 7.647689e-04 7.857844e-04 8.176960e-04
2.845497e+01 7.778971e-04 7.558996e-04 7.801453e-04 7.976463e-04
2.850697e+01 7.679476e-04 7.505670e-04 7.736136e-04 7.796622e-04
2.855897e+01 7.600179e-04 7.479256e-04 7.672813e-04 7.648468e-04
2.861097e+01 7.540620e-04 7.466184e-04 7.618252e-04 7.537424e-04
2.866297e+01 7.494739e-04 7.449832e-04 7.572310e-04 7.462076e-04
2.871497e+01 7.452222e-04 7.413620e-04 7.528052e-04 7.414994e-04
2.876697e+01 7.401414e-04 7.344183e-04 7.474593e-04 7.385466e-04
2.881897e+01 7.332693e-04 7.233568e-04 7.401341e-04 7.363171e-04
2.887097e+01 7.240998e-04 7.079849e-04 7.301882e-04 7.341265e-04
2.892297e+01 7.126636e-04 6.886292e-04 7.176032e-04 7.317584e-04
2.897497e+01 6.994256e-04 6.659725e-04 7.029534e-04 7.293510e-04
2.902697e+01 6.850669e-04 6.408931e-04 6.871839e-04 7.271239e-04
2.907897e+01 6.702540e-04 6.143576e-04 6.713045e-04 7.251000e-04
2.913097e+01 6.554855e-04 5.873668e-04 6.561138e-04 7.229759e-04
2.918297e+01 6.410485e-04 5.609216e-04 6.420236e-04 7.202004e-04
2.923497e+01 6.270606e-04 5.359758e-04 6.290013e-04 7.162047e-04
2.928697e+01 6.135397e-04 5.133634e-04 6.166133e-04 7.106423e-04
2.933897e+01 6.004557e-04 4.937181e-04 6.041431e-04 7.035060e-04
2.939097e+01 5.877498e-04 4.774143e-04 5.907629e-04 6.950723e-04
2.944297e+01 5.753390e-04 4.645535e-04 5.757398e-04 6.857238e-04
2.949497e+01 5.631349e-04 4.549970e-04 5.586436e-04 6.757642e-04
2.954697e+01 5.510871e-04 4.484338e-04 5.395041e-04 6.653235e-04
2.959897e+01 5.392368e-04 4.444603e-04 5.188614e-04 6.543888e-04
2.965097e+01 5.277521e-04 4.426579e-04 4.976778e-04 6.429208e-04
2.970297e+01 5.169221e-04 4.426605e-04 4.771267e-04 6.309790e-04
2.975497e+01 5.071098e-04 4.442111e-04 4.583263e-04 6.187918e-04
2.980697e+01 4.986883e-04 4.472052e-04 4.421112e-04 6.067485e-04
2.985897e+01 4.919869e-04 4.517077e-04 4.289185e-04 5.953345e-04
2.991097e+01 4.872624e-04 4.579213e-04 4.188152e-04 5.850508e-04
2.996297e+01 4.846868e-04 4.660863e-04 4.116303e-04 5.763437e-04
3.001497e+01 4.843286e-04 4.763171e-04 4.071139e-04 5.695547e-04
3.006697e+01 4.861138e-04 4.884165e-04 4.050458e-04 5.648792e-04
3.011897e+01 4.897745e-04 5.017400e-04 4.052539e-04 5.623297e-04
3.017097e+01 4.948163e-04 5.151831e-04 4.075535e-04 5.617124e-04
3.022297e+01 5.005388e-04 5.273235e-04 4.116590e-04 5.626340e-04
3.027497e+01 5.061218e-04 5.366880e-04 4.171243e-04 5.645530e-04
3.032697e+01 5.107584e-04 5.420595e-04 4.233509e-04 5.668646e-04
3.037897e+01 5.137956e-04 5.427254e-04 4.296663e-04 5.689952e-04
3.043097e+01 5.148422e-04 5.386047e-04 4.354459e-04 5.704761e-04
3.048297e+01 5.138207e-04 5.302411e-04 4.402392e-04 5.709819e-04
3.053497e+01 5.109624e-04 5.186934e-04 4.438570e-04 5.703368e-04
3.058697e+01 5.067535e-04 5.053655e-04 4.463884e-04 5.685068e-04
3.063897e+01 5.018438e-04 4.918035e-04 4.481388e-04 5.655891e-04
3.069097e+01 4.969286e-04 4.794794e-04 4.495029e-04 5.618036e-04
3.074297e+01 4.926261e-04 4.695805e-04 4.508185e-04 5.574792e-04
3.079497e+01 4.893782e-04 4.628386e-04 4.522603e-04 5.530358e-04
3.084697e+01 4.874103e-04 4.594408e-04 4.538268e-04 5.489634e-04
3.089897e+01 4.867643e-04 4.590483e-04 4.554369e-04 5.458079e-04
3.095097e+01 4.873932e-04 4.609209e-04 4.571024e-04 5.441564e-04
3.100297e+01 4.892733e-04 4.641143e-04 4.591001e-04 5.446053e-04
3.105497e+01 4.924792e-04 4.676993e-04 4.620513e-04 5.476872e-04
3.110697e+01 4.971832e-04 4.709526e-04 4.668482e-04 5.537488e-04
3.115897e+01 5.035737e-04 4.734837e-04 4.744277e-04 5.628098e-04
3.121097e+01 5.117307e-04 4.752749e-04 4.854613e-04 5.744560e-04
3.126297e+01 5.215106e-04 4.766322e-04 5.000718e-04 5.878277e-04
3.131497e+01 5.324909e-04 4.780540e-04 5.176835e-04 6.017351e-04
3.136697e+01 5.439927e-04 4.800437e-04 5.370586e-04 6.148757e-04
3.141897e+01 5.551684e-04 4.829090e-04 5.565098e-04 6.260865e-04
3.147097e+01 5.651188e-04 4.866025e-04 5.742182e-04 6.345358e-04
3.152297e+01 5.730029e-04 4.906576e-04 5.885640e-04 6.397871e-04
3.157497e+01 5.781177e-04 4.942489e-04 5.983864e-04 6.417177e-04
3.162697e+01 5.799459e-04 4.963681e-04 6.031216e-04 6.403480e-04
3.167897e+01 5.781836e-04 4.960654e-04 6.028062e-04 6.356792e-04
3.173097e+01 5.727644e-04 4.926903e-04 5.979677e-04 6.276350e-04
3.178297e+01 5.638940e-04 4.860719e-04 5.894560e-04 6.161539e-04
3.183497e+01 5.520934e-04 4.766072e-04 5.782800e-04 6.013928e-04
3.188697e+01 5.382357e-04 4.652570e-04 5.655052e-04 5.839449e-04
3.193897e+01 5.235509e-04 4.534626e-04 5.522348e-04 5.649552e-04
3.199097e+01 5.095665e-04 4.429935e-04 5.396452e-04 5.460608e-04
3.204297e+01 4.979632e-04 4.357287e-04 5.290065e-04 5.291543e-04
3.209497e+01 4.903431e-04 4.333767e-04 5.216136e-04 5.160391e-04
3.214697e+01 4.879427e-04 4.371607e-04 5.185925e-04 5.080749e-04
3.219897e+01 4.913563e-04 4.475348e-04 5.206270e-04 5.059072e-04
3.225097e+01 5.003569e-04 4.640155e-04 5.277127e-04 5.093426e-04
3.230297e+01 5.138896e-04 4.852062e-04 5.390670e-04 5.173956e-04
3.235497e+01 5.302657e-04 5.090380e-04 5.532651e-04 5.284940e-04
3.240697e+01 5.475178e-04 5.331794e-04 5.685736e-04 5.408004e-04
3.245897e+01 5.638117e-04 5.555035e-04 5.833578e-04 5.525738e-04
3.251097e+01 5.777934e-04 5.744856e-04 5.964103e-04 5.624842e-04
3.256297e+01 5.887757e-04 5.894265e-04 6.070932e-04 5.698074e-04
3.261497e+01 5.967339e-04 6.004590e-04 6.152804e-04 5.744624e-04
3.266697e+01 6.021467e-04 6.083545e-04 6.211760e-04 5.769095e-04
3.271897e+01 6.057602e-04 6.142048e-04 6.251164e-04 5.779594e-04
3.277097e+01 6.083595e-04 6.190781e-04 6.274455e-04 5.785549e-04
3.282297e+01 6.106053e-04 6.237516e-04 6.284929e-04 5.795713e-04
3.287497e+01 6.129612e-04 6.285877e-04 6.286315e-04 5.816645e-04
3.292697e+01 6.157044e-04 6.335744e-04 6.283583e-04 5.851807e-04
3.297897e+01 6.189912e-04 6.384876e-04 6.283409e-04 5.901450e-04
3.303097e+01 6.229422e-04 6.430973e-04 6.293955e-04 5.963338e-04
3.308297e+01 6.277119e-04 6.473299e-04 6.323863e-04 6.034197e-04
3.313497e+01 6.335129e-04 6.513259e-04 6.380708e-04 6.111420e-04
3.318697e+01 6.405814e-04 6.553810e-04 6.469296e-04 6.194335e-04
3.323897e+01 6.490889e-04 6.597989e-04 6.590293e-04 6.284385e-04
3.329097e+01 6.590281e-04 6.647197e-04 6.739597e-04 6.384048e-04
3.334297e+01 6.701148e-04 6.699894e-04 6.908668e-04 6.494883e-04
3.339497e+01 6.817549e-04 6.751252e-04 7.085775e-04 6.615620e-04
3.344697e+01 6.931008e-04 6.793976e-04 7.257902e-04 6.741145e-04
3.349897e+01 7.031950e-04 6.820162e-04 7.412875e-04 6.862812e-04
3.355097e+01 7.111583e-04 6.823631e-04 7.541242e-04 6.969877e-04
3.360297e+01 7.163646e-04 6.801967e-04 7.637516e-04 7.051455e-04
3.365497e+01 7.185494e-04 6.757500e-04 7.700531e-04 7.098452e-04
3.370697e+01 7.178330e-04 6.696838e-04 7.732915e-04 7.105238e-04
3.375897e+01 7.146697e-04 6.629114e-04 7.739915e-04 7.071060e-04
3.381097e+01 7.097621e-04 6.563655e-04 7.728018e-04 7.001190e-04
3.386297e+01 7.039766e-04 6.507980e-04 7.703855e-04 6.907462e-04
3.391497e+01 6.982768e-04 6.466853e-04 7.673773e-04 6.807679e-04
3.396697e+01 6.936678e-04 6.442523e-04 7.644105e-04 6.723405e-04
3.401897e+01 6.911253e-04 6.435717e-04 7.621813e-04 6.676230e-04
3.407097e+01 6.914901e-04 6.446576e-04 7.614882e-04 6.683245e-04
3.412297e+01 6.953235e-04 6.474859e-04 7.631842e-04 6.753004e-04
3.417497e+01 7.027532e-04 6.519178e-04 7.680122e-04 6.883295e-04
3.422697e+01 7.133553e-04 6.575659e-04 7.763494e-04 7.061505e-04
3.427897e+01 7.261278e-04 6.636825e-04 7.879469e-04 7.267539e-04
3.433097e+01 7.395885e-04 6.691545e-04 8.017791e-04 7.478320e-04
3.438297e+01 7.519981e-04 6.726473e-04 8.161011e-04 7.672460e-04
3.443497e+01 7.616666e-04 6.728745e-04 8.287500e-04 7.833753e-04
3.448697e+01 7.672698e-04 6.689108e-04 8.376273e-04 7.952712e-04
3.453897e+01 7.680930e-04 6.604381e-04 8.412213e-04 8.026198e-04
3.459097e+01 7.641398e-04 6.478407e-04 8.389950e-04 8.055837e-04
3.464297e+01 7.560813e-04 6.321227e-04 8.315044e-04 8.046168e-04
3.469497e+01 7.450742e-04 6.146904e-04 8.202056e-04 8.003266e-04
3.474697e+01 7.325035e-04 5.970804e-04 8.070238e-04 7.934064e-04
3.479897e+01 7.197202e-04 5.807167e-04 7.938320e-04 7.846118e-04
3.485097e+01 7.078288e-04 5.667456e-04 7.820093e-04 7.747316e-04
3.490297e+01 6.975591e-04 5.559567e-04 7.722006e-04 7.645198e-04
3.495497e+01 6.892294e-04 5.487715e-04 7.643157e-04 7.546011e-04
3.500697e+01 6.827950e-04 5.452661e-04 7.577244e-04 7.453947e-04
3.505897e+01 6.779563e-04 5.452088e-04 7.515534e-04 7.371068e-04
3.511097e+01 6.742975e-04 5.480997e-04 7.449842e-04 7.298087e-04
3.516297e+01 6.714202e-04 5.532172e-04 7.374793e-04 7.235641e-04
3.521497e+01 6.690414e-04 5.596801e-04 7.289029e-04 7.185414e-04
3.526697e+01 6.670414e-04 5.665388e-04 7.195368e-04 7.150487e-04
3.531897e+01 6.654578e-04 5.728938e-04 7.100075e-04 7.134721e-04
3.537097e+01 6.644400e-04 5.780284e-04 7.011501e-04 7.141414e-04
3.542297e+01 6.641826e-04 5.815195e-04 6.938404e-04 7.171878e-04
3.547497e+01 6.648582e-04 5.832911e-04 6.888269e-04 7.224565e-04
3.552697e+01 6.665657e-04 5.835861e-04 6.865961e-04 7.295148e-04
3.557897e+01 6.693055e-04 5.828651e-04 6.872927e-04 7.377586e-04
3.563097e+01 6.729800e-04 5.816665e-04 6.906979e-04 7.465755e-04
3.568297e+01 6.774099e-04 5.804715e-04 6.962550e-04 7.555032e-04
3.573497e+01 6.823479e-04 5.796044e-04 7.031239e-04 7.643154e-04
3.578697e+01 6.874744e-04 5.791744e-04 7.102521e-04 7.729969e-04
3.583897e+01 6.923764e-04 5.790538e-04 7.164651e-04 7.816103e-04
3.589097e+01 6.965290e-04 5.788907e-04 7.205848e-04 7.901114e-04
3.594297e+01 6.993129e-04 5.781636e-04 7.215777e-04 7.981974e-04
3.599497e+01 7.000907e-04 5.762843e-04 7.187167e-04 8.052709e-04
3.604697e+01 6.983355e-04 5.727342e-04 7.117154e-04 8.105568e-04
3.609897e+01 6.937719e-04 5.671918e-04 7.007861e-04 8.133378e-04
3.615097e+01 6.864684e-04 5.596046e-04 6.865858e-04 8.132148e-04
3.620297e+01 6.768342e-04 5.501781e-04 6.700503e-04 8.102741e-04
3.625497e+01 6.655119e-04 5.392948e-04 6.521653e-04 8.050757e-04
3.630697e+01 6.532051e-04 5.274070e-04 6.337549e-04 7.984533e-04
3.635897e+01 6.405060e-04 5.149535e-04 6.153659e-04 7.911987e-04
3.641097e+01 6.277865e-04 5.023192e-04 5.972847e-04 7.837556e-04
3.646297e+01 6.151785e-04 4.898309e-04 5.796611e-04 7.760436e-04
3.651497e+01 6.026326e-04 4.777563e-04 5.626622e-04 7.674794e-04
3.656697e+01 5.900143e-04 4.662879e-04 5.465748e-04 7.571803e-04
3.661897e+01 5.771948e-04 4.555088e-04 5.318102e-04 7.442655e-04
3.667097e+01 5.641120e-04 4.453674e-04 5.188251e-04 7.281433e-04
3.672297e+01 5.507969e-04 4.356891e-04 5.080139e-04 7.086878e-04
3.677497e+01 5.373770e-04 4.262366e-04 4.996277e-04 6.862667e-04
3.682697e+01 5.240625e-04 4.168039e-04 4.937466e-04 6.616368e-04
3.687897e+01 5.111188e-04 4.073026e-04 4.902884e-04 6.357653e-04
3.693097e+01 4.988214e-04 3.977999e-04 4.890238e-04 6.096404e-04
3.698297e+01 4.873987e-04 3.884908e-04 4.895784e-04 5.841269e-04
3.703497e+01 4.769818e-04 3.796231e-04 4.914316e-04 5.598907e-04
3.708697e+01 4.675873e-04 3.714180e-04 4.939462e-04 5.373978e-04
3.713897e+01 4.591496e-04 3.640319e-04 4.964513e-04 5.169656e-04
3.719097e+01 4.515945e-04 3.575757e-04 4.983741e-04 4.988337e-04
3.724297e+01 4.449206e-04 3.521742e-04 4.993764e-04 4.832111e-04
3.729497e+01 4.392424e-04 3.480162e-04 4.994358e-04 4.702752e-04
3.734697e+01 4.347674e-04 3.453527e-04 4.988272e-04 4.601224e-04
3.739897e+01 4.317103e-04 3.444255e-04 4.980060e-04 4.526993e-04
3.745097e+01 4.301834e-04 3.453509e-04 4.974411e-04 4.477582e-04
3.750297e+01 4.301188e-04 3.480155e-04 4.974723e-04 4.448687e-04
3.755497e+01 4.312583e-04 3.520386e-04 4.982506e-04 4.434856e-04
3.760697e+01 4.332174e-04 3.568326e-04 4.997748e-04 4.430446e-04
3.765897e+01 4.355914e-04 3.617456e-04 5.019831e-04 4.430455e-04
3.771097e+01 4.380556e-04 3.662375e-04 5.048362e-04 4.430929e-04
3.776297e+01 4.404204e-04 3.700248e-04 5.083421e-04 4.428942e-04
3.781497e+01 4.426295e-04 3.731398e-04 5.125122e-04 4.422365e-04
3.786697e+01 4.447157e-04 3.758862e-04 5.172877e-04 4.409731e-04
3.791897e+01 4.467424e-04 3.787067e-04 5.224869e-04 4.390335e-04
3.797097e+01 4.487596e-04 3.820133e-04 5.278145e-04 4.364509e-04
3.802297e+01 4.507854e-04 3.860425e-04 5.329331e-04 4.333805e-04
3.807497e+01 4.528116e-04 3.907831e-04 5.375666e-04 4.300851e-04
3.812697e+01 4.548227e-04 3.960002e-04 5.415876e-04 4.268805e-04
3.817897e+01 4.568163e-04 4.013377e-04 5.450563e-04 4.240551e-04
3.823097e+01 4.588184e-04 4.064579e-04 5.482007e-04 4.217965e-04
3.828297e+01 4.608902e-04 4.111650e-04 5.513551e-04 4.201507e-04
3.833497e+01 4.631267e-04 4.154693e-04 5.548860e-04 4.190249e-04
3.838697e+01 4.656442e-04 4.195774e-04 5.591348e-04 4.182206e-04
3.843897e+01 4.685602e-04 4.238144e-04 5.643917e-04 4.174744e-04
3.849097e+01 4.719680e-04 4.285138e-04 5.709009e-04 4.164893e-04
3.854297e+01 4.759155e-04 4.339108e-04 5.788795e-04 4.149562e-04
3.859497e+01 4.803935e-04 4.400734e-04 5.885237e-04 4.125835e-04
3.864697e+01 4.853375e-04 4.468880e-04 5.999767e-04 4.091478e-04
3.869897e+01 4.906371e-04 4.540967e-04 6.132503e-04 4.045643e-04
3.875097e+01 4.961467e-04 4.613707e-04 6.281169e-04 3.989526e-04
3.880297e+01 5.016902e-04 4.683910e-04 6.440151e-04 3.926644e-04
3.885497e+01 5.070608e-04 4.749118e-04 6.600237e-04 3.862470e-04
3.890697e+01 5.120237e-04 4.807824e-04 6.749401e-04 3.803486e-04
3.895897e+01 5.163273e-04 4.859233e-04 6.874661e-04 3.755925e-04
3.901097e+01 5.197289e-04 4.902667e-04 6.964566e-04 3.724634e-04
3.906297e+01 5.220281e-04 4.936920e-04 7.011575e-04 3.712348e-04
3.911497e+01 5.231015e-04 4.959930e-04 7.013599e-04 3.719516e-04
3.916697e+01 5.229266e-04 4.969006e-04 6.974232e-04 3.744561e-04
3.921897e+01 5.215905e-04 4.961600e-04 6.901709e-04 3.784407e-04
3.927097e+01 5.192819e-04 4.936327e-04 6.807042e-04 3.835089e-04
3.932297e+01 5.162691e-04 4.893754e-04 6.701962e-04 3.892356e-04
3.937497e+01 5.128676e-04 4.836601e-04 6.597204e-04 3.952221e-04
3.942697e+01 5.094000e-04 4.769242e-04 6.501349e-04 4.011410e-04
3.947897e+01 5.061493e-04 4.696707e-04 6.420140e-04 4.067632e-04
3.953097e+01 5.033085e-04 4.623569e-04 6.356096e-04 4.119591e-04
3.958297e+01 5.009369e-04 4.553083e-04 6.308330e-04 4.166696e-04
3.963497e+01 4.989351e-04 4.486761e-04 6.272732e-04 4.208560e-04
3.968697e+01 4.970545e-04 4.424402e-04 6.242733e-04 4.244498e-04
3.973897e+01 4.949493e-04 4.364448e-04 6.210735e-04 4.273295e-04
3.979097e+01 4.922626e-04 4.304513e-04 6.169931e-04 4.293433e-04
3.984297e+01 4.887220e-04 4.241985e-04 6.115930e-04 4.303745e-04
3.989497e+01 4.842112e-04 4.174605e-04 6.047555e-04 4.304175e-04
3.994697e+01 4.787896e-04 4.100958e-04 5.966511e-04 4.296219e-04
3.999897e+01 4.726571e-04 4.020817e-04 5.876187e-04 4.282708e-04
4.005097e+01 4.660814e-04 3.935263e-04 5.780276e-04 4.266902e-04
4.010297e+01 4.593242e-04 3.846565e-04 5.681928e-04 4.251234e-04
4.015497e+01 4.525927e-04 3.757830e-04 5.583719e-04 4.236232e-04
4.020697e+01 4.460267e-04 3.672525e-04 5.488215e-04 4.220061e-04
4.025897e+01 4.397155e-04 3.594005e-04 5.398559e-04 4.198901e-04
4.031097e+01 4.337258e-04 3.525164e-04 5.318567e-04 4.168042e-04
4.036297e+01 4.281267e-04 3.468271e-04 5.252179e-04 4.123352e-04
4.041497e+01 4.230019e-04 3.424935e-04 5.202472e-04 4.062650e-04
4.046697e+01 4.184444e-04 3.396102e-04 5.170640e-04 3.986590e-04
4.051897e+01 4.145363e-04 3.381972e-04 5.155313e-04 3.898803e-04
4.057097e+01 4.113200e-04 3.381870e-04 5.152455e-04 3.805275e-04
4.062297e+01 4.087741e-04 3.394176e-04 5.155835e-04 3.713212e-04
4.067497e+01 4.068055e-04 3.416490e-04 5.157950e-04 3.629724e-04
4.072697e+01 4.052642e-04 3.446076e-04 5.151164e-04 3.560687e-04
4.077897e+01 4.039774e-04 3.480483e-04 5.128863e-04 3.509975e-04
4.083097e+01 4.027903e-04 3.518076e-04 5.086510e-04 3.479122e-04
4.088297e+01 4.016056e-04 3.558251e-04 5.022562e-04 3.467356e-04
4.093497e+01 4.004118e-04 3.601239e-04 4.939153e-04 3.471962e-04
4.098697e+01 3.992955e-04 3.647646e-04 4.842310e-04 3.488910e-04
4.103897e+01 3.984348e-04 3.697975e-04 4.741395e-04 3.513674e-04
4.109097e+01 3.980692e-04 3.752387e-04 4.647585e-04 3.542102e-04
4.114297e+01 3.984519e-04 3.810801e-04 4.571638e-04 3.571118e-04
4.119497e+01 3.997967e-04 3.873242e-04 4.521575e-04 3.599085e-04
4.124697e+01 4.022386e-04 3.940239e-04 4.501165e-04 3.625754e-04
4.129897e+01 4.058230e-04 4.013054e-04 4.509752e-04 3.651884e-04
4.135097e+01 4.105257e-04 4.093610e-04 4.543438e-04 3.678724e-04
4.140297e+01 4.162898e-04 4.184131e-04 4.596970e-04 3.707594e-04
4.145497e+01 4.230596e-04 4.286602e-04 4.665508e-04 3.739679e-04
4.150697e+01 4.307976e-04 4.402278e-04 4.745624e-04 3.776025e-04
4.155897e+01 4.394820e-04 4.531394e-04 4.835419e-04 3.817648e-04
4.161097e+01 4.490948e-04 4.673165e-04 4.934049e-04 3.865631e-04
4.166297e+01 4.596064e-04 4.825993e-04 5.041055e-04 3.921143e-04
4.171497e+01 4.709598e-04 4.987700e-04 5.155728e-04 3.985368e-04
4.176697e+01 4.830485e-04 5.155587e-04 5.276516e-04 4.059354e-04
4.181897e+01 4.956815e-04 5.326228e-04 5.400417e-04 4.143799e-04
4.187097e+01 5.085454e-04 5.495080e-04 5.522496e-04 4.238786e-04
4.192297e+01 5.211825e-04 5.656161e-04 5.635793e-04 4.343521e-04
4.197497e+01 5.330066e-04 5.802084e-04 5.731911e-04 4.456202e-04
4.202697e+01 5.433694e-04 5.924646e-04 5.802319e-04 4.574118e-04
4.207897e+01 5.516700e-04 6.015978e-04 5.840038e-04 4.694084e-04
4.213097e+01 5.574786e-04 6.069988e-04 5.841203e-04 4.813166e-04
4.218297e+01 5.606413e-04 6.083709e-04 5.806046e-04 4.929484e-04
4.223497e+01 5.613325e-04 6.058102e-04 5.739112e-04 5.042761e-04
4.228697e+01 5.600367e-04 5.998048e-04 5.648746e-04 5.154307e-04
4.233897e+01 5.574599e-04 5.911511e-04 5.546001e-04 5.266285e-04
4.239097e+01 5.543883e-04 5.808144e-04 5.443073e-04 5.380432e-04
4.244297e+01 5.515315e-04 5.697814e-04 5.351421e-04 5.496710e-04
4.249497e+01 5.493931e-04 5.589447e-04 5.279832e-04 5.612515e-04
4.254697e+01 5.482095e-04 5.490455e-04 5.232930e-04 5.722901e-04
4.259897e+01 5.479704e-04 5.406628e-04 5.210609e-04 5.821874e-04
4.265097e+01 5.485049e-04 5.342219e-04 5.208666e-04 5.904263e-04
4.270297e+01 5.495887e-04 5.299890e-04 5.220448e-04 5.967324e-04
4.275497e+01 5.510197e-04 5.280394e-04 5.238886e-04 6.011311e-04
4.280697e+01 5.526342e-04 5.282145e-04 5.258181e-04 6.038702e-04
4.285897e+01 5.542717e-04 5.301025e-04 5.274611e-04 6.052514e-04
4.291097e+01 5.557264e-04 5.330758e-04 5.286420e-04 6.054614e-04
4.296297e+01 5.567359e-04 5.363968e-04 5.293156e-04 6.044954e-04
4.301497e+01 5.570284e-04 5.393687e-04 5.295001e-04 6.022163e-04
4.306697e+01 5.564149e-04 5.414801e-04 5.292493e-04 5.985154e-04
4.311897e+01 5.548806e-04 5.424888e-04 5.286653e-04 5.934876e-04
4.317097e+01 5.526210e-04 5.424157e-04 5.279219e-04 5.875254e-04
4.322297e+01 5.499984e-04 5.414578e-04 5.272582e-04 5.812792e-04
4.327497e+01 5.474276e-04 5.398657e-04 5.269230e-04 5.754940e-04
4.332697e+01 5.452365e-04 5.378393e-04 5.270830e-04 5.707872e-04
4.337897e+01 5.435551e-04 5.354755e-04 5.277372e-04 5.674525e-04
4.343097e+01 5.422722e-04 5.327683e-04 5.286846e-04 5.653638e-04
4.348297e+01 5.410743e-04 5.296401e-04 5.295693e-04 5.640133e-04
4.353497e+01 5.395480e-04 5.259797e-04 5.299927e-04 5.626715e-04
4.358697e+01 5.373140e-04 5.216789e-04 5.296501e-04 5.606130e-04
4.363897e+01 5.341483e-04 5.166744e-04 5.284425e-04 5.573279e-04
4.369097e+01 5.300536e-04 5.109975e-04 5.265220e-04 5.526413e-04
4.374297e+01 5.252587e-04 5.048180e-04 5.242574e-04 5.467005e-04
4.379497e+01 5.201453e-04 4.984562e-04 5.221364e-04 5.398434e-04
4.384697e+01 5.151272e-04 4.923338e-04 5.206370e-04 5.324109e-04
4.389897e+01 5.105232e-04 4.868688e-04 5.201080e-04 5.245927e-04
4.395097e+01 5.064709e-04 4.823482e-04 5.206874e-04 5.163770e-04
4.400297e+01 5.029122e-04 4.788371e-04 5.222728e-04 5.076267e-04
4.405497e+01 4.996528e-04 4.761678e-04 5.245451e-04 4.982455e-04
4.410697e+01 4.964683e-04 4.740182e-04 5.270339e-04 4.883527e-04
4.415897e+01 4.932104e-04 4.720409e-04 5.292109e-04 4.783793e-04
4.421097e+01 4.898675e-04 4.699833e-04 5.305888e-04 4.690304e-04
4.426297e+01 4.865556e-04 4.677470e-04 5.308043e-04 4.611154e-04
4.431497e+01 4.834486e-04 4.653702e-04 5.296658e-04 4.553097e-04
4.436697e+01 4.806823e-04 4.629539e-04 5.271556e-04 4.519375e-04
4.441897e+01 4.782774e-04 4.605777e-04 5.233940e-04 4.508604e-04
4.447097e+01 4.761118e-04 4.582436e-04 5.185837e-04 4.515081e-04
4.452297e+01 4.739533e-04 4.558669e-04 5.129607e-04 4.530322e-04
4.457497e+01 4.715320e-04 4.533073e-04 5.067673e-04 4.545213e-04
4.462697e+01 4.686230e-04 4.504184e-04 5.002501e-04 4.552003e-04
4.467897e+01 4.651066e-04 4.470929e-04 4.936681e-04 4.545587e-04
4.473097e+01 4.609877e-04 4.432897e-04 4.872874e-04 4.523860e-04
4.478297e+01 4.563725e-04 4.390389e-04 4.813476e-04 4.487308e-04
4.483497e+01 4.514164e-04 4.344293e-04 4.760021e-04 4.438179e-04
4.488697e+01 4.462666e-04 4.295836e-04 4.712554e-04 4.379609e-04
4.493897e+01 4.410189e-04 4.246304e-04 4.669328e-04 4.314935e-04
4.499097e+01 4.357022e-04 4.196728e-04 4.627076e-04 4.247262e-04
4.504297e+01 4.302907e-04 4.147602e-04 4.581896e-04 4.179222e-04
4.509497e+01 4.247344e-04 4.098679e-04 4.530486e-04 4.112866e-04
4.514697e+01 4.189950e-04 4.048931e-04 4.471277e-04 4.049643e-04
4.519897e+01 4.130749e-04 3.996761e-04 4.405058e-04 3.990428e-04
4.525097e+01 4.070301e-04 3.940477e-04 4.334872e-04 3.935553e-04
4.530297e+01 4.009638e-04 3.878894e-04 4.265227e-04 3.884792e-04
4.535497e+01 3.950017e-04 3.811871e-04 4.200898e-04 3.837281e-04
4.540697e+01 3.892561e-04 3.740531e-04 4.145663e-04 3.791489e-04
4.545897e+01 3.837915e-04 3.667038e-04 4.101352e-04 3.745355e-04
4.551097e+01 3.786058e-04 3.593998e-04 4.067449e-04 3.696727e-04
4.556297e+01 3.736362e-04 3.523682e-04 4.041363e-04 3.644042e-04
4.561497e+01 3.687914e-04 3.457411e-04 4.019291e-04 3.587039e-04
4.566697e+01 3.639959e-04 3.395308e-04 3.997383e-04 3.527186e-04
4.571897e+01 3.592296e-04 3.336529e-04 3.972803e-04 3.467557e-04
4.577097e+01 3.545419e-04 3.279833e-04 3.944321e-04 3.412104e-04
4.582297e+01 3.500341e-04 3.224265e-04 3.912215e-04 3.364544e-04
4.587497e+01 3.458182e-04 3.169686e-04 3.877601e-04 3.327259e-04
4.592697e+01 3.419718e-04 3.116970e-04 3.841522e-04 3.300661e-04
4.597897e+01 3.385133e-04 3.067837e-04 3.804272e-04 3.283289e-04
4.603097e+01 3.354101e-04 3.024456e-04 3.765248e-04 3.272599e-04
4.608297e+01 3.326159e-04 2.988982e-04 3.723396e-04 3.266099e-04
4.613497e+01 3.301155e-04 2.963211e-04 3.677967e-04 3.262287e-04
4.618697e+01 3.279511e-04 2.948391e-04 3.629170e-04 3.260970e-04
4.623897e+01 3.262103e-04 2.945138e-04 3.578387e-04 3.262783e-04
4.629097e+01 3.249779e-04 2.953365e-04 3.527816e-04 3.268155e-04
4.634297e+01 3.242710e-04 2.972181e-04 3.479738e-04 3.276211e-04
4.639497e+01 3.239894e-04 2.999811e-04 3.435718e-04 3.284154e-04
4.644697e+01 3.239057e-04 3.033650e-04 3.396071e-04 3.287449e-04
4.649897e+01 3.237021e-04 3.070504e-04 3.359763e-04 3.280797e-04
4.655097e+01 3.230410e-04 3.106994e-04 3.324728e-04 3.259508e-04
4.660297e+01 3.216410e-04 3.139981e-04 3.288459e-04 3.220791e-04
4.665497e+01 3.193365e-04 3.166875e-04 3.248717e-04 3.164505e-04
4.670697e+01 3.161044e-04 3.185787e-04 3.204168e-04 3.093176e-04
4.675897e+01 3.120573e-04 3.195573e-04 3.154799e-04 3.011347e-04
4.681097e+01 3.074110e-04 3.195858e-04 3.101959e-04 2.924514e-04
4.686297e+01 3.024340e-04 3.187094e-04 3.047978e-04 2.837947e-04
4.691497e+01 2.973923e-04 3.170595e-04 2.995467e-04 2.755705e-04
4.696697e+01 2.925007e-04 3.148437e-04 2.946536e-04 2.680047e-04
4.701897e+01 2.878910e-04 3.123120e-04 2.902238e-04 2.611371e-04
4.707097e+01 2.836037e-04 3.097008e-04 2.862437e-04 2.548667e-04
4.712297e+01 2.796012e-04 3.071671e-04 2.826054e-04 2.490312e-04
4.717497e+01 2.757925e-04 3.047352e-04 2.791515e-04 2.434909e-04
4.722697e+01 2.720585e-04 3.022784e-04 2.757130e-04 2.381842e-04
4.727897e+01 2.682699e-04 2.995462e-04 2.721278e-04 2.331355e-04
4.733097e+01 2.642967e-04 2.962336e-04 2.682394e-04 2.284172e-04
4.738297e+01 2.600165e-04 2.920710e-04 2.638932e-04 2.240851e-04
4.743497e+01 2.553262e-04 2.869097e-04 2.589454e-04 2.201235e-04
4.748697e+01 2.501624e-04 2.807735e-04 2.532914e-04 2.164222e-04
4.753897e+01 2.445216e-04 2.738602e-04 2.469053e-04 2.127992e-04
4.759097e+01 2.384718e-04 2.664852e-04 2.398727e-04 2.090574e-04
4.764297e+01 2.321423e-04 2.589828e-04 2.323948e-04 2.050493e-04
4.769497e+01 2.256917e-04 2.515960e-04 2.247569e-04 2.007223e-04
4.774697e+01 2.192622e-04 2.443955e-04 2.172655e-04 1.961256e-04
4.779897e+01 2.129384e-04 2.372615e-04 2.101764e-04 1.913772e-04
4.785097e+01 2.067283e-04 2.299405e-04 2.036374e-04 1.866070e-04
4.790297e+01 2.005722e-04 2.221526e-04 1.976666e-04 1.818973e-04
4.795497e+01 1.943731e-04 2.137076e-04 1.921678e-04 1.772437e-04
4.800697e+01 1.880330e-04 2.045789e-04 1.869733e-04 1.725470e-04
4.805897e+01 1.814802e-04 1.949101e-04 1.818941e-04 1.676363e-04
4.811097e+01 1.746782e-04 1.849573e-04 1.767603e-04 1.623169e-04
4.816297e+01 1.676214e-04 1.749994e-04 1.714398e-04 1.564251e-04
4.821497e+01 1.603250e-04 1.652584e-04 1.658398e-04 1.498769e-04
4.826697e+01 1.528170e-04 1.558579e-04 1.598974e-04 1.426958e-04
4.831897e+01 1.451377e-04 1.468282e-04 1.535728e-04 1.350120e-04
4.837097e+01 1.373423e-04 1.381412e-04 1.468507e-04 1.270349e-04
4.842297e+01 1.295028e-04 1.297518e-04 1.397483e-04 1.190082e-04
4.847497e+01 1.217060e-04 1.216289e-04 1.323238e-04 1.111654e-04
4.852697e+01 1.140485e-04 1.137687e-04 1.246773e-04 1.036995e-04
4.857897e+01 1.066319e-04 1.061979e-04 1.169401e-04 9.675779e-05
4.863097e+01 9.956361e-05 9.897625e-05 1.092550e-04 9.045956e-05
4.868297e+01 9.296145e-05 9.220126e-05 1.017574e-04 8.492567e-05
4.873497e+01 8.695837e-05 8.601251e-05 9.456125e-05 8.030134e-05
4.878697e+01 8.169790e-05 8.058512e-05 8.775336e-05 7.675521e-05
4.883897e+01 7.731281e-05 7.610303e-05 8.139095e-05 7.444446e-05
4.889097e+01 7.388490e-05 7.270961e-05 7.549588e-05 7.344923e-05
4.894297e+01 7.139338e-05 7.044362e-05 7.004335e-05 7.369318e-05
4.899497e+01 6.966939e-05 6.917930e-05 6.494990e-05 7.487898e-05
4.904697e+01 6.837868e-05 6.859445e-05 6.007147e-05 7.647011e-05
4.909897e+01 6.705034e-05 6.818731e-05 5.522204e-05 7.774168e-05
4.915097e+01 6.515572e-05 6.735057e-05 5.021448e-05 7.790210e-05
4.920297e+01 6.222210e-05 6.549134e-05 4.491422e-05 7.626074e-05
4.925497e+01 5.794963e-05 6.216741e-05 3.928680e-05 7.239467e-05
4.930697e+01 5.229375e-05 5.719936e-05 3.342047e-05 6.626141e-05
4.935897e+01 4.548464e-05 5.072207e-05 2.751340e-05 5.821847e-05
4.941097e+01 3.797567e-05 4.315673e-05 2.182876e-05 4.894150e-05
4.946297e+01 3.033728e-05 3.511139e-05 1.663315e-05 3.926731e-05
4.951497e+01 2.313062e-05 2.724133e-05 1.213859e-05 3.001193e-05
4.956697e+01 1.679850e-05 2.011264e-05 8.464942e-06 2.181794e-05
4.961897e+01 1.160179e-05 1.410698e-05 5.630274e-06 1.506813e-05
4.967097e+01 7.609710e-06 9.386957e-06 3.566141e-06 9.876033e-06
4.972297e+01 4.734821e-06 5.918985e-06 2.147995e-06 6.137483e-06
4.977497e+01 2.791893e-06 3.533353e-06 1.228842e-06 3.613483e-06
4.982697e+01 1.558719e-06 1.995225e-06 6.669448e-07 2.013988e-06
4.987897e+01 8.233046e-07 1.065018e-06 3.430393e-07 1.061857e-06
4.993097e+01 4.111058e-07 5.370495e-07 1.670347e-07 5.292332e-07
4.998297e+01 1.939305e-07 2.556963e-07 7.692062e-08 2.491745e-07
5.003497e+01 8.636848e-08 1.148864e-07 3.346813e-08 1.107509e-07
5.008697e+01 3.629234e-08 4.869048e-08 1.374576e-08 4.644077e-08
5.013897e+01 1.438048e-08 1.945625e-08 5.324381e-09 1.836081e-08
5.019097e+01 5.370228e-09 7.327072e-09 1.943409e-09 6.840203e-09
5.024297e+01 1.889064e-09 2.599438e-09 6.678935e-10 2.399860e-09
5.029497e+01 6.256317e-10 8.684226e-10 2.159502e-10 7.925222e-10
5.034697e+01 1.949687e-10 2.730755e-10 6.563690e-11 2.461935e-10
5.039897e+01 5.712129e-11 8.076113e-11 1.872260e-11 7.188013e-11
5.045097e+01 1.571844e-11 2.245124e-11 5.000998e-12 1.970307e-11
5.050297e+01 4.023684e-12 5.835134e-12 1.233039e-12 5.002880e-12
5.055497e+01 9.390948e-13 1.379696e-12 2.716588e-13 1.165930e-12
5.060697e+01 1.953415e-13 2.859332e-13 5.538680e-14 2.447045e-13
5.065897e+01 2.603203e-14 4.441217e-14 4.493621e-15 2.919030e-14
5.071097e+01 3.433195e-15 6.951673e-15 1.193229e-18 3.346718e-15
5.076297e+01 0.000000e+00 0.000000e+00 0.000000e+00 0.000000e+00
5.081497e+01 0.000000e+00 0.000000e+00 0.000000e+00 0.000000e+00
5.086697e+01 0.000000e+00 0.000000e+00 0.000000e+00 0.000000e+00
5.091897e+01 0.000000e+00 0.000000e+00 0.000000e+00 0.000000e+00
5.097097e+01 0.000000e+00 0.000000e+00 0.000000e+00 0.000000e+00
5.102297e+01 0.000000e+00 0.000000e+00 0.000000e+00 0.000000e+00
5.107497e+01 0.000000e+00 0.000000e+00 0.000000e+00 0.000000e+00
5.112697e+01 0.000000e+00 0.000000e+00 0.000000e+00 0.000000e+00
5.117897e+01 0.000000e+00 0.000000e+00 0.000000e+00 0.000000e+00
5.123097e+01 0.000000e+00 0.000000e+00 0.000000e+00 0.000000e+00
5.128297e+01 0.000000e+00 0.000000e+00 0.000000e+00 0.000000e+00
5.133497e+01 0.000000e+00 0.000000e+00 0.000000e+00 0.000000e+00
5.138697e+01 0.000000e+00 0.000000e+00 0.000000e+00 0.000000e+00
5.143897e+01 0.000000e+00 0.000000e+00 0.000000e+00 0.000000e+00
5.149097e+01 0.000000e+00 0.000000e+00 0.000000e+00 0.000000e+00
5.154297e+01 0.000000e+00 0.000000e+00 0.000000e+00 0.000000e+00
5.159497e+01 0.000000e+00 0.000000e+00 0.000000e+00 0.000000e+00
5.164697e+01 0.000000e+00 0.000000e+00 0.000000e+00 0.000000e+00
5.169897e+01 0.000000e+00 0.000000e+00 0.000000e+00 0.000000e+00
5.175097e+01 0.000000e+00 0.000000e+00 0.000000e+00 0.000000e+00
5.180297e+01 0.000000e+00 0.000000e+00 0.000000e+00 0.000000e+00
5.185497e+01 0.000000e+00 0.000000e+00 0.000000e+00 0.000000e+00
5.190697e+01 0.000000e+00 0.000000e+00 0.000000e+00 0.000000e+00
5.195897e+01 0.000000e+00 0.000000e+00 0.000000e+00 0.000000e+00
5.201097e+01 0.000000e+00 0.000000e+00 0.000000e+00 0.000000e+00
5.206297e+01 0.000000e+00 0.000000e+00 0.000000e+00 0.000000e+00
5.211497e+01 0.000000e+00 0.000000e+00 0.000000e+00 0.000000e+00
5.216697e+01 0.000000e+00 0.000000e+00 0.000000e+00 0.000000e+00
5.221897e+01 0.000000e+00 0.000000e+00 0.000000e+00 0.000000e+00
5.227097e+01 0.000000e+00 0.000000e+00 0.000000e+00 0.000000e+00
5.232297e+01 0.000000e+00 0.000000e+00 0.000000e+00 0.000000e+00
5.237497e+01 0.000000e+00 0.000000e+00 0.000000e+00 0.000000e+00
5.242697e+01 0.000000e+00 0.000000e+00 0.000000e+00 0.000000e+00
5.247897e+01 0.000000e+00 0.000000e+00 0.000000e+00 0.000000e+00
5.253097e+01 0.000000e+00 0.000000e+00 0.000000e+00 0.000000e+00
5.258297e+01 0.000000e+00 0.000000e+00 0.000000e+00 0.000000e+00
5.263497e+01 0.000000e+00 0.000000e+00 0.000000e+00 0.000000e+00
5.268697e+01 0.000000e+00 0.000000e+00 0.000000e+00 0.000000e+00
5.273897e+01 0.000000e+00 0.000000e+00 0.000000e+00 0.000000e+00
5.279097e+01 0.000000e+00 0.000000e+00 0.000000e+00 0.000000e+00
5.284297e+01 0.000000e+00 0.000000e+00 0.000000e+00 0.000000e+00
5.289497e+01 0.000000e+00 0.000000e+00 0.000000e+00 0.000000e+00
5.294697e+01 0.000000e+00 0.000000e+00 0.000000e+00 0.000000e+00
5.299897e+01 0.000000e+00 0.000000e+00 0.000000e+00 0.000000e+00
5.305097e+01 0.000000e+00 0.000000e+00 0.000000e+00 0.000000e+00
5.310297e+01 0.000000e+00 0.000000e+00 0.000000e+00 0.000000e+00
5.315497e+01 0.000000e+00 0.000000e+00 0.000000e+00 0.000000e+00
5.320697e+01 0.000000e+00 0.000000e+00 0.000000e+00 0.000000e+00
5.325897e+01 0.000000e+00 0.000000e+00 0.000000e+00 0.000000e+00
5.331097e+01 0.000000e+00 0.000000e+00 0.000000e+00 0.000000e+00
5.336297e+01 0.000000e+00 0.000000e+00 0.000000e+00 0.000000e+00
5.341497e+01 0.000000e+00 0.000000e+00 0.000000e+00 0.000000e+00
5.346697e+01 0.000000e+00 0.000000e+00 0.000000e+00 0.000000e+00
5.351897e+01 0.000000e+00 0.000000e+00 0.000000e+00 0.000000e+00
5.357097e+01 0.000000e+00 0.000000e+00 0.000000e+00 0.000000e+00
5.362297e+01 0.000000e+00 0.000000e+00 0.000000e+00 0.000000e+00
5.367497e+01 0.000000e+00 0.000000e+00 0.000000e+00 0.000000e+00
5.372697e+01 0.000000e+00 0.000000e+00 0.000000e+00 0.000000e+00
5.377897e+01 0.000000e+00 0.000000e+00 0.000000e+00 0.000000e+00
5.383097e+01 0.000000e+00 0.000000e+00 0.000000e+00 0.000000e+00
5.388297e+01 0.000000e+00 0.000000e+00 0.000000e+00 0.000000e+00
5.393497e+01 0.000000e+00 0.000000e+00 0.000000e+00 0.000000e+00
5.398697e+01 0.000000e+00 0.000000e+00 0.000000e+00 0.000000e+00
5.403897e+01 0.000000e+00 0.000000e+00 0.000000e+00 0.000000e+00
5.409097e+01 0.000000e+00 0.000000e+00 0.000000e+00 0.000000e+00
5.414297e+01 0.000000e+00 0.000000e+00 0.000000e+00 0.000000e+00
5.419497e+01 0.000000e+00 0.000000e+00 0.000000e+00 0.000000e+00
5.424697e+01 0.000000e+00 0.000000e+00 0.000000e+00 0.000000e+00
5.429897e+01 0.000000e+00 0.000000e+00 0.000000e+00 0.000000e+00
5.435097e+01 0.000000e+00 0.000000e+00 0.000000e+00 0.000000e+00
5.440297e+01 0.000000e+00 0.000000e+00 0.000000e+00 0.000000e+00
5.445497e+01 0.000000e+00 0.000000e+00 0.000000e+00 0.000000e+00
5.450697e+01 0.000000e+00 0.000000e+00 0.000000e+00 0.000000e+00
5.455897e+01 0.000000e+00 0.000000e+00 0.000000e+00 0.000000e+00
5.461097e+01 0.000000e+00 0.000000e+00 0.000000e+00 0.000000e+00
5.466297e+01 0.000000e+00 0.000000e+00 0.000000e+00 0.000000e+00
5.471497e+01 0.000000e+00 0.000000e+00 0.000000e+00 0.000000e+00
5.476697e+01 0.000000e+00 0.000000e+00 0.000000e+00 0.000000e+00
5.481897e+01 0.000000e+00 0.000000e+00 0.000000e+00 0.000000e+00
5.487097e+01 0.000000e+00 0.000000e+00 0.000000e+00 0.000000e+00
5.492297e+01 0.000000e+00 0.000000e+00 0.000000e+00 0.000000e+00
5.497497e+01 0.000000e+00 0.000000e+00 0.000000e+00 0.000000e+00
5.502697e+01 0.000000e+00 0.000000e+00 0.000000e+00 0.000000e+00
5.507897e+01 0.000000e+00 0.000000e+00 0.000000e+00 0.000000e+00
5.513097e+01 0.000000e+00 0.000000e+00 0.000000e+00 0.000000e+00
5.518297e+01 0.000000e+00 0.000000e+00 0.000000e+00 0.000000e+00
5.523497e+01 0.000000e+00 0.000000e+00 0.000000e+00 0.000000e+00
5.528697e+01 0.000000e+00 0.000000e+00 0.000000e+00 0.000000e+00
5.533897e+01 0.000000e+00 0.000000e+00 0.000000e+00 0.000000e+00
5.539097e+01 0.000000e+00 0.000000e+00 0.000000e+00 0.000000e+00
5.544297e+01 0.000000e+00 0.000000e+00 0.000000e+00 0.000000e+00
5.549497e+01 0.000000e+00 0.000000e+00 0.000000e+00 0.000000e+00
5.554697e+01 0.000000e+00 0.000000e+00 0.000000e+00 0.000000e+00
5.559897e+01 0.000000e+00 0.000000e+00 0.000000e+00 0.000000e+00
5.565097e+01 0.000000e+00 0.000000e+00 0.000000e+00 0.000000e+00
5.570297e+01 0.000000e+00 0.000000e+00 0.000000e+00 0.000000e+00
5.575497e+01 0.000000e+00 0.000000e+00 0.000000e+00 0.000000e+00
5.580697e+01 0.000000e+00 0.000000e+00 0.000000e+00 0.000000e+00
5.585897e+01 0.000000e+00 0.000000e+00 0.000000e+00 0.000000e+00
5.591097e+01 0.000000e+00 0.000000e+00 0.000000e+00 0.000000e+00
5.596297e+01 0.000000e+00 0.000000e+00 0.000000e+00 0.000000e+00
5.601497e+01 0.000000e+00 0.000000e+00 0.000000e+00 0.000000e+00
