4.630838e+00 0.000000e+00 0.000000e+00 0.000000e+00 0.000000e+00
4.682838e+00 0.000000e+00 0.000000e+00 0.000000e+00 0.000000e+00
4.734838e+00 0.000000e+00 0.000000e+00 0.000000e+00 0.000000e+00
4.786838e+00 0.000000e+00 0.000000e+00 0.000000e+00 0.000000e+00
4.838838e+00 0.000000e+00 0.000000e+00 0.000000e+00 0.000000e+00
4.890838e+00 0.000000e+00 0.000000e+00 0.000000e+00 0.000000e+00
4.942838e+00 0.000000e+00 0.000000e+00 0.000000e+00 0.000000e+00
4.994838e+00 0.000000e+00 0.000000e+00 0.000000e+00 0.000000e+00
5.046838e+00 0.000000e+00 0.000000e+00 0.000000e+00 0.000000e+00
5.098838e+00 0.000000e+00 0.000000e+00 0.000000e+00 0.000000e+00
5.150838e+00 0.000000e+00 0.000000e+00 0.000000e+00 0.000000e+00
5.202838e+00 0.000000e+00 0.000000e+00 0.000000e+00 0.000000e+00
5.254838e+00 0.000000e+00 0.000000e+00 0.000000e+00 0.000000e+00
5.306838e+00 0.000000e+00 0.000000e+00 0.000000e+00 0.000000e+00
5.358838e+00 0.000000e+00 0.000000e+00 0.000000e+00 0.000000e+00
5.410838e+00 0.000000e+00 0.000000e+00 0.000000e+00 0.000000e+00
5.462838e+00 0.000000e+00 0.000000e+00 0.000000e+00 0.000000e+00
5.514838e+00 0.000000e+00 0.000000e+00 0.000000e+00 0.000000e+00
5.566838e+00 0.000000e+00 0.000000e+00 0.000000e+00 0.000000e+00
5.618838e+00 0.000000e+00 0.000000e+00 0.000000e+00 0.000000e+00
5.670838e+00 0.000000e+00 0.000000e+00 0.000000e+00 0.000000e+00
5.722838e+00 0.000000e+00 0.000000e+00 0.000000e+00 0.000000e+00
5.774838e+00 0.000000e+00 0.000000e+00 0.000000e+00 0.000000e+00
5.826838e+00 0.000000e+00 0.000000e+00 0.000000e+00 0.000000e+00
5.878838e+00 0.000000e+00 0.000000e+00 0.000000e+00 0.000000e+00
5.930838e+00 0.000000e+00 0.000000e+00 0.000000e+00 0.000000e+00
5.982838e+00 0.000000e+00 0.000000e+00 0.000000e+00 0.000000e+00
6.034838e+00 0.000000e+00 0.000000e+00 0.000000e+00 0.000000e+00
6.086838e+00 0.000000e+00 0.000000e+00 0.000000e+00 0.000000e+00
6.138838e+00 0.000000e+00 0.000000e+00 0.000000e+00 0.000000e+00
6.190838e+00 0.000000e+00 0.000000e+00 0.000000e+00 0.000000e+00
6.242838e+00 0.000000e+00 0.000000e+00 0.000000e+00 0.000000e+00
6.294838e+00 0.000000e+00 0.000000e+00 0.000000e+00 0.000000e+00
6.346838e+00 0.000000e+00 0.000000e+00 0.000000e+00 0.000000e+00
6.398838e+00 0.000000e+00 0.000000e+00 0.000000e+00 0.000000e+00
6.450838e+00 0.000000e+00 0.000000e+00 0.000000e+00 0.000000e+00
6.502838e+00 0.000000e+00 0.000000e+00 0.000000e+00 0.000000e+00
6.554838e+00 0.000000e+00 0.000000e+00 0.000000e+00 0.000000e+00
6.606838e+00 0.000000e+00 0.000000e+00 0.000000e+00 0.000000e+00
6.658838e+00 0.000000e+00 0.000000e+00 0.000000e+00 0.000000e+00
6.710838e+00 0.000000e+00 0.000000e+00 0.000000e+00 0.000000e+00
6.762838e+00 0.000000e+00 0.000000e+00 0.000000e+00 0.000000e+00
6.814838e+00 0.000000e+00 0.000000e+00 0.000000e+00 0.000000e+00
6.866838e+00 0.000000e+00 0.000000e+00 0.000000e+00 0.000000e+00
6.918838e+00 0.000000e+00 0.000000e+00 0.000000e+00 0.000000e+00
6.970838e+00 0.000000e+00 0.000000e+00 0.000000e+00 0.000000e+00
7.022838e+00 0.000000e+00 0.000000e+00 0.000000e+00 0.000000e+00
7.074838e+00 0.000000e+00 0.000000e+00 0.000000e+00 0.000000e+00
7.126838e+00 0.000000e+00 0.000000e+00 0.000000e+00 0.000000e+00
7.178838e+00 0.000000e+00 0.000000e+00 0.000000e+00 0.000000e+00
7.230838e+00 0.000000e+00 0.000000e+00 0.000000e+00 0.000000e+00
7.282838e+00 0.000000e+00 0.000000e+00 0.000000e+00 0.000000e+00
7.334838e+00 0.000000e+00 0.000000e+00 0.000000e+00 0.000000e+00
7.386838e+00 0.000000e+00 0.000000e+00 0.000000e+00 0.000000e+00
7.438838e+00 0.000000e+00 0.000000e+00 0.000000e+00 0.000000e+00
7.490838e+00 0.000000e+00 0.000000e+00 0.000000e+00 0.000000e+00
7.542838e+00 0.000000e+00 0.000000e+00 0.000000e+00 0.000000e+00
7.594838e+00 0.000000e+00 0.000000e+00 0.000000e+00 0.000000e+00
7.646838e+00 0.000000e+00 0.000000e+00 0.000000e+00 0.000000e+00
7.698838e+00 0.000000e+00 0.000000e+00 0.000000e+00 0.000000e+00
7.750838e+00 0.000000e+00 0.000000e+00 0.000000e+00 0.000000e+00
7.802838e+00 0.000000e+00 0.000000e+00 0.000000e+00 0.000000e+00
7.854838e+00 0.000000e+00 0.000000e+00 0.000000e+00 0.000000e+00
7.906838e+00 0.000000e+00 0.000000e+00 0.000000e+00 0.000000e+00
7.958838e+00 0.000000e+00 0.000000e+00 0.000000e+00 0.000000e+00
8.010838e+00 0.000000e+00 0.000000e+00 0.000000e+00 0.000000e+00
8.062838e+00 0.000000e+00 0.000000e+00 0.000000e+00 0.000000e+00
8.114838e+00 0.000000e+00 0.000000e+00 0.000000e+00 0.000000e+00
8.166838e+00 0.000000e+00 0.000000e+00 0.000000e+00 0.000000e+00
8.218838e+00 0.000000e+00 0.000000e+00 0.000000e+00 0.000000e+00
8.270838e+00 0.000000e+00 0.000000e+00 0.000000e+00 0.000000e+00
8.322838e+00 0.000000e+00 0.000000e+00 0.000000e+00 0.000000e+00
8.374838e+00 0.000000e+00 0.000000e+00 0.000000e+00 0.000000e+00
8.426838e+00 0.000000e+00 0.000000e+00 0.000000e+00 0.000000e+00
8.478838e+00 8.307257e-15 1.401615e-14 8.837106e-15 2.068519e-15
8.530838e+00 3.802065e-14 6.414909e-14 4.044567e-14 9.467198e-15
8.582838e+00 2.785058e-13 4.460026e-13 2.957674e-13 9.374749e-14
8.634838e+00 1.171792e-12 1.869498e-12 1.244600e-12 4.012787e-13
8.686838e+00 5.158454e-12 8.098527e-12 5.483386e-12 1.893450e-12
8.738838e+00 1.965571e-11 3.065133e-11 2.090568e-11 7.410131e-12
8.790838e+00 7.009147e-11 1.086585e-10 7.457453e-11 2.704137e-11
8.842838e+00 2.353711e-10 3.626720e-10 2.505426e-10 9.289869e-11
8.894838e+00 7.437714e-10 1.139066e-09 7.921429e-10 3.001051e-10
8.946838e+00 2.214830e-09 3.371229e-09 2.360272e-09 9.129895e-10
8.998838e+00 6.218148e-09 9.407242e-09 6.630685e-09 2.616516e-09
9.050838e+00 1.646918e-08 2.476630e-08 1.757374e-08 7.067490e-09
9.102838e+00 4.117306e-08 6.155334e-08 4.396585e-08 1.800000e-08
9.154838e+00 9.722908e-08 1.445348e-07 1.039016e-07 4.325091e-08
9.206838e+00 2.170533e-07 3.209210e-07 2.321280e-07 9.811080e-08
9.258838e+00 4.584964e-07 6.744863e-07 4.907303e-07 2.102726e-07
9.310838e+00 9.174739e-07 1.343445e-06 9.827817e-07 4.261946e-07
9.362838e+00 1.741473e-06 2.539519e-06 1.867020e-06 8.178783e-07
9.414838e+00 3.140339e-06 4.563266e-06 3.369731e-06 1.488019e-06
9.466838e+00 5.389372e-06 7.808954e-06 5.788524e-06 2.570639e-06
9.518838e+00 8.819530e-06 1.275195e-05 9.482456e-06 4.224183e-06
9.570838e+00 1.379082e-05 1.991313e-05 1.484428e-05 6.615056e-06
9.622838e+00 2.064735e-05 2.979748e-05 2.225304e-05 9.891542e-06
9.674838e+00 2.965505e-05 4.280692e-05 3.200788e-05 1.415034e-05
9.726838e+00 4.092532e-05 5.913013e-05 4.424593e-05 1.939990e-05
9.778838e+00 5.433145e-05 7.861730e-05 5.885101e-05 2.552603e-05
9.830838e+00 6.943017e-05 1.006582e-04 7.536576e-05 3.226660e-05
9.882838e+00 8.541008e-05 1.240960e-04 9.293047e-05 3.920377e-05
9.934838e+00 1.010963e-04 1.472241e-04 1.102815e-04 4.578318e-05
9.986838e+00 1.150405e-04 1.679102e-04 1.258433e-04 5.136795e-05
1.003884e+01 1.257106e-04 1.838702e-04 1.379332e-04 5.532834e-05
1.009084e+01 1.317635e-04 1.930666e-04 1.450670e-04 5.715694e-05
1.014284e+01 1.323529e-04 1.941552e-04 1.463155e-04 5.658798e-05
1.019484e+01 1.274019e-04 1.868691e-04 1.416412e-04 5.369538e-05
1.024684e+01 1.177783e-04 1.722395e-04 1.321426e-04 4.895288e-05
1.029884e+01 1.053410e-04 1.525995e-04 1.201643e-04 4.325931e-05
1.035084e+01 9.287112e-05 1.313925e-04 1.092667e-04 3.795413e-05
1.040284e+01 8.392972e-05 1.128587e-04 1.040725e-04 3.485796e-05
1.045484e+01 8.267942e-05 1.016869e-04 1.099958e-04 3.635563e-05
1.050684e+01 9.366738e-05 1.026749e-04 1.328343e-04 4.549287e-05
1.055884e+01 1.215212e-04 1.203767e-04 1.781894e-04 6.599736e-05
1.061084e+01 1.704966e-04 1.586794e-04 2.507138e-04 1.020966e-04
1.066284e+01 2.438687e-04 2.202935e-04 3.532797e-04 1.580329e-04
1.071484e+01 3.432597e-04 3.062370e-04 4.862513e-04 2.372907e-04
1.076684e+01 4.680951e-04 4.154913e-04 6.470747e-04 3.417194e-04
1.081884e+01 6.153995e-04 5.450057e-04 8.303185e-04 4.708742e-04
1.087084e+01 7.800469e-04 6.901024e-04 1.028154e-03 6.218846e-04
1.092284e+01 9.554283e-04 8.451523e-04 1.231163e-03 7.899700e-04
1.097484e+01 1.134361e-03 1.004291e-03 1.429371e-03 9.694212e-04
1.102684e+01 1.310047e-03 1.162010e-03 1.613484e-03 1.154648e-03
1.107884e+01 1.476949e-03 1.313643e-03 1.776288e-03 1.340916e-03
1.113084e+01 1.631512e-03 1.455868e-03 1.914021e-03 1.524648e-03
1.118284e+01 1.772644e-03 1.587269e-03 2.027218e-03 1.703444e-03
1.123484e+01 1.901730e-03 1.708699e-03 2.120456e-03 1.876035e-03
1.128684e+01 2.022011e-03 1.823077e-03 2.200722e-03 2.042234e-03
1.133884e+01 2.137290e-03 1.934362e-03 2.274819e-03 2.202691e-03
1.139084e+01 2.250381e-03 2.045985e-03 2.346869e-03 2.358288e-03
1.144284e+01 2.361952e-03 2.159442e-03 2.417098e-03 2.509316e-03
1.149484e+01 2.470405e-03 2.273830e-03 2.482507e-03 2.654878e-03
1.154684e+01 2.572901e-03 2.386642e-03 2.539036e-03 2.793024e-03
1.159884e+01 2.667067e-03 2.495465e-03 2.584022e-03 2.921712e-03
1.165084e+01 2.752546e-03 2.599765e-03 2.617682e-03 3.040192e-03
1.170284e+01 2.831668e-03 2.701930e-03 2.642940e-03 3.150134e-03
1.175484e+01 2.908954e-03 2.807017e-03 2.663895e-03 3.255951e-03
1.180684e+01 2.989655e-03 2.921085e-03 2.683837e-03 3.364043e-03
1.185884e+01 3.077745e-03 3.048364e-03 2.703874e-03 3.480997e-03
1.191084e+01 3.173898e-03 3.187987e-03 2.722771e-03 3.610935e-03
1.196284e+01 3.274019e-03 3.331529e-03 2.737953e-03 3.752575e-03
1.201484e+01 3.368942e-03 3.462767e-03 2.747077e-03 3.896982e-03
1.206684e+01 3.445752e-03 3.560598e-03 2.749317e-03 4.027341e-03
1.211884e+01 3.490727e-03 3.604739e-03 2.745728e-03 4.121714e-03
1.217084e+01 3.493187e-03 3.582377e-03 2.738560e-03 4.158625e-03
1.222284e+01 3.448975e-03 3.493119e-03 2.729957e-03 4.123848e-03
1.227484e+01 3.362267e-03 3.350156e-03 2.720816e-03 4.015830e-03
1.232684e+01 3.245047e-03 3.177147e-03 2.710521e-03 3.847473e-03
1.237884e+01 3.114509e-03 3.002225e-03 2.697845e-03 3.643455e-03
1.243084e+01 2.989476e-03 2.851524e-03 2.682713e-03 3.434192e-03
1.248284e+01 2.887094e-03 2.744437e-03 2.667991e-03 3.248855e-03
1.253484e+01 2.820612e-03 2.691619e-03 2.660297e-03 3.109922e-03
1.258684e+01 2.798363e-03 2.695371e-03 2.669052e-03 3.030665e-03
1.263884e+01 2.823427e-03 2.751245e-03 2.703664e-03 3.015371e-03
1.269084e+01 2.893421e-03 2.849657e-03 2.769630e-03 3.060976e-03
1.274284e+01 3.000191e-03 2.976948e-03 2.865009e-03 3.158614e-03
1.279484e+01 3.129811e-03 3.116102e-03 2.978964e-03 3.294366e-03
1.284684e+01 3.263643e-03 3.247842e-03 3.093507e-03 3.449580e-03
1.289884e+01 3.381064e-03 3.352874e-03 3.188413e-03 3.601904e-03
1.295084e+01 3.463816e-03 3.415452e-03 3.247943e-03 3.728054e-03
1.300284e+01 3.501051e-03 3.427693e-03 3.267024e-03 3.808436e-03
1.305484e+01 3.493450e-03 3.393318e-03 3.254492e-03 3.832541e-03
1.310684e+01 3.454767e-03 3.329271e-03 3.231867e-03 3.803163e-03
1.315884e+01 3.409729e-03 3.264031e-03 3.227662e-03 3.737493e-03
1.321084e+01 3.388402e-03 3.232251e-03 3.268887e-03 3.664067e-03
1.326284e+01 3.418336e-03 3.266524e-03 3.372488e-03 3.615997e-03
1.331484e+01 3.516683e-03 3.388094e-03 3.539653e-03 3.622300e-03
1.336684e+01 3.684623e-03 3.599105e-03 3.754900e-03 3.699862e-03
1.341884e+01 3.905804e-03 3.878954e-03 3.990086e-03 3.848372e-03
1.347084e+01 4.149221e-03 4.186504e-03 4.211593e-03 4.049566e-03
1.352284e+01 4.375608e-03 4.468184e-03 4.387858e-03 4.270782e-03
1.357484e+01 4.545440e-03 4.669973e-03 4.494710e-03 4.471636e-03
1.362684e+01 4.626411e-03 4.749802e-03 4.517458e-03 4.611972e-03
1.367884e+01 4.598785e-03 4.686662e-03 4.450427e-03 4.659267e-03
1.373084e+01 4.457905e-03 4.483965e-03 4.295612e-03 4.594137e-03
1.378284e+01 4.213998e-03 4.166821e-03 4.061872e-03 4.413302e-03
1.383484e+01 3.889926e-03 3.774948e-03 3.764944e-03 4.129886e-03
1.388684e+01 3.517573e-03 3.353979e-03 3.427455e-03 3.771285e-03
1.393884e+01 3.133509e-03 2.947702e-03 3.077826e-03 3.375000e-03
1.399084e+01 2.774387e-03 2.592692e-03 2.747477e-03 2.982992e-03
1.404284e+01 2.472516e-03 2.315506e-03 2.466674e-03 2.635370e-03
1.409484e+01 2.252028e-03 2.131738e-03 2.259963e-03 2.364382e-03
1.414684e+01 2.126027e-03 2.046065e-03 2.142268e-03 2.189748e-03
1.419884e+01 2.095072e-03 2.052701e-03 2.116399e-03 2.116117e-03
1.425084e+01 2.147242e-03 2.136248e-03 2.172390e-03 2.133087e-03
1.430284e+01 2.259980e-03 2.273282e-03 2.288874e-03 2.217785e-03
1.435484e+01 2.403722e-03 2.435070e-03 2.436515e-03 2.339580e-03
1.440684e+01 2.546933e-03 2.591485e-03 2.583228e-03 2.466087e-03
1.445884e+01 2.661712e-03 2.715607e-03 2.700276e-03 2.569252e-03
1.451084e+01 2.728655e-03 2.788014e-03 2.767838e-03 2.630114e-03
1.456284e+01 2.739704e-03 2.799593e-03 2.778432e-03 2.641085e-03
1.461484e+01 2.698187e-03 2.752079e-03 2.737203e-03 2.605280e-03
1.466684e+01 2.616293e-03 2.656286e-03 2.659176e-03 2.533418e-03
1.471884e+01 2.511059e-03 2.528786e-03 2.564707e-03 2.439685e-03
1.477084e+01 2.400400e-03 2.388212e-03 2.474818e-03 2.338169e-03
1.482284e+01 2.300305e-03 2.252227e-03 2.407721e-03 2.240968e-03
1.487484e+01 2.223554e-03 2.135657e-03 2.376906e-03 2.158098e-03
1.492684e+01 2.179487e-03 2.049710e-03 2.390320e-03 2.098432e-03
1.497884e+01 2.174103e-03 2.001824e-03 2.449957e-03 2.070528e-03
1.503084e+01 2.209941e-03 1.995729e-03 2.551578e-03 2.082517e-03
1.508284e+01 2.285736e-03 2.031476e-03 2.684896e-03 2.140837e-03
1.513484e+01 2.396180e-03 2.105452e-03 2.834810e-03 2.248276e-03
1.518684e+01 2.532179e-03 2.210526e-03 2.983910e-03 2.402102e-03
1.523884e+01 2.681747e-03 2.336516e-03 3.115680e-03 2.593044e-03
1.529084e+01 2.831323e-03 2.471101e-03 3.217260e-03 2.805607e-03
1.534284e+01 2.967179e-03 2.601174e-03 3.280627e-03 3.019736e-03
1.539484e+01 3.076588e-03 2.714420e-03 3.301872e-03 3.213473e-03
1.544684e+01 3.148695e-03 2.800777e-03 3.279302e-03 3.366007e-03
1.549884e+01 3.175259e-03 2.853415e-03 3.211813e-03 3.460549e-03
1.555084e+01 3.151478e-03 2.869046e-03 3.098777e-03 3.486611e-03
1.560284e+01 3.076937e-03 2.847663e-03 2.941703e-03 3.441446e-03
1.565484e+01 2.956393e-03 2.792019e-03 2.746680e-03 3.330480e-03
1.570684e+01 2.799873e-03 2.707137e-03 2.525962e-03 3.166521e-03
1.575884e+01 2.621634e-03 2.599911e-03 2.297342e-03 2.967650e-03
1.581084e+01 2.437893e-03 2.478632e-03 2.081071e-03 2.753974e-03
1.586284e+01 2.263821e-03 2.352186e-03 1.895357e-03 2.543920e-03
1.591484e+01 2.110682e-03 2.228856e-03 1.752152e-03 2.351040e-03
1.596684e+01 1.984021e-03 2.114997e-03 1.654797e-03 2.182271e-03
1.601884e+01 1.883441e-03 2.014045e-03 1.598206e-03 2.038072e-03
1.607084e+01 1.803888e-03 1.926274e-03 1.571230e-03 1.914160e-03
1.612284e+01 1.737849e-03 1.849396e-03 1.560119e-03 1.804033e-03
1.617484e+01 1.677647e-03 1.779741e-03 1.551862e-03 1.701336e-03
1.622684e+01 1.617140e-03 1.713512e-03 1.536514e-03 1.601396e-03
1.627884e+01 1.552520e-03 1.647679e-03 1.508172e-03 1.501707e-03
1.633084e+01 1.482235e-03 1.580306e-03 1.464789e-03 1.401611e-03
1.638284e+01 1.406405e-03 1.510382e-03 1.407242e-03 1.301589e-03
1.643484e+01 1.326081e-03 1.437459e-03 1.338185e-03 1.202601e-03
1.648684e+01 1.242705e-03 1.361363e-03 1.261053e-03 1.105697e-03
1.653884e+01 1.157850e-03 1.282169e-03 1.179434e-03 1.011948e-03
1.659084e+01 1.073229e-03 1.200370e-03 1.096796e-03 9.225205e-04
1.664284e+01 9.907684e-04 1.117098e-03 1.016455e-03 8.387523e-04
1.669484e+01 9.126114e-04 1.034171e-03 9.415832e-04 7.620800e-04
1.674684e+01 8.409507e-04 9.538913e-04 8.751316e-04 6.938291e-04
1.679884e+01 7.777337e-04 8.786219e-04 8.196314e-04 6.349477e-04
1.685084e+01 7.243444e-04 8.103270e-04 7.769104e-04 5.857957e-04
1.690284e+01 6.813744e-04 7.502337e-04 7.478220e-04 5.460673e-04
1.695484e+01 6.485487e-04 6.987249e-04 7.320645e-04 5.148568e-04
1.700684e+01 6.248044e-04 6.554476e-04 7.281364e-04 4.908291e-04
1.705884e+01 6.084778e-04 6.195507e-04 7.334460e-04 4.724367e-04
1.711084e+01 5.975519e-04 5.899422e-04 7.445766e-04 4.581369e-04
1.716284e+01 5.899257e-04 5.654927e-04 7.577074e-04 4.465772e-04
1.721484e+01 5.836881e-04 5.451664e-04 7.691619e-04 4.367361e-04
1.726684e+01 5.773720e-04 5.281002e-04 7.760133e-04 4.280027e-04
1.731884e+01 5.701546e-04 5.136586e-04 7.766209e-04 4.201842e-04
1.737084e+01 5.619515e-04 5.014719e-04 7.709476e-04 4.134351e-04
1.742284e+01 5.533659e-04 4.914419e-04 7.605368e-04 4.081191e-04
1.747484e+01 5.454836e-04 4.836896e-04 7.481166e-04 4.046446e-04
1.752684e+01 5.395615e-04 4.784408e-04 7.369132e-04 4.033304e-04
1.757884e+01 5.366937e-04 4.758760e-04 7.298502e-04 4.043551e-04
1.763084e+01 5.375500e-04 4.759947e-04 7.288493e-04 4.078060e-04
1.768284e+01 5.422451e-04 4.785438e-04 7.344106e-04 4.137810e-04
1.773484e+01 5.503452e-04 4.830225e-04 7.455575e-04 4.224556e-04
1.778684e+01 5.609636e-04 4.887468e-04 7.601171e-04 4.340270e-04
1.783884e+01 5.728860e-04 4.949291e-04 7.752143e-04 4.485145e-04
1.789084e+01 5.846855e-04 5.007406e-04 7.878266e-04 4.654894e-04
1.794284e+01 5.948401e-04 5.053523e-04 7.952803e-04 4.838876e-04
1.799484e+01 6.018973e-04 5.079830e-04 7.956475e-04 5.020614e-04
1.804684e+01 6.047321e-04 5.079961e-04 7.880587e-04 5.181415e-04
1.809884e+01 6.028844e-04 5.050691e-04 7.729527e-04 5.306315e-04
1.815084e+01 5.968832e-04 4.994102e-04 7.522211e-04 5.390184e-04
1.820284e+01 5.883989e-04 4.919427e-04 7.291358e-04 5.441183e-04
1.825484e+01 5.800789e-04 4.843391e-04 7.079428e-04 5.479547e-04
1.830684e+01 5.750219e-04 4.788169e-04 6.930949e-04 5.531539e-04
1.835884e+01 5.760055e-04 4.776939e-04 6.882588e-04 5.620638e-04
1.841084e+01 5.847142e-04 4.828206e-04 6.953747e-04 5.759475e-04
1.846284e+01 6.012484e-04 4.950862e-04 7.140795e-04 5.945796e-04
1.851484e+01 6.240948e-04 5.141835e-04 7.417068e-04 6.163941e-04
1.856684e+01 6.505573e-04 5.387078e-04 7.738776e-04 6.390864e-04
1.861884e+01 6.774697e-04 5.665223e-04 8.054990e-04 6.603878e-04
1.867084e+01 7.019270e-04 5.952239e-04 8.318669e-04 6.786903e-04
1.872284e+01 7.218040e-04 6.225378e-04 8.495642e-04 6.933101e-04
1.877484e+01 7.359499e-04 6.465498e-04 8.569401e-04 7.043596e-04
1.882684e+01 7.440850e-04 6.657889e-04 8.541055e-04 7.123605e-04
1.887884e+01 7.465241e-04 6.792366e-04 8.425281e-04 7.178077e-04
1.893084e+01 7.438801e-04 6.863421e-04 8.244225e-04 7.208755e-04
1.898284e+01 7.368700e-04 6.870745e-04 8.021657e-04 7.213698e-04
1.903484e+01 7.262736e-04 6.819869e-04 7.779166e-04 7.189174e-04
1.908684e+01 7.130039e-04 6.722308e-04 7.534990e-04 7.132819e-04
1.913884e+01 6.981855e-04 6.594558e-04 7.304568e-04 7.046438e-04
1.919084e+01 6.831210e-04 6.455590e-04 7.101109e-04 6.936931e-04
1.924284e+01 6.690822e-04 6.323103e-04 6.934687e-04 6.814676e-04
1.929484e+01 6.569744e-04 6.209510e-04 6.809756e-04 6.689966e-04
1.934684e+01 6.470305e-04 6.119188e-04 6.722542e-04 6.569185e-04
1.939884e+01 6.387273e-04 6.048493e-04 6.660563e-04 6.452762e-04
1.945084e+01 6.310375e-04 5.989199e-04 6.605774e-04 6.336151e-04
1.950284e+01 6.229713e-04 5.934575e-04 6.540939e-04 6.213625e-04
1.955484e+01 6.141974e-04 5.885861e-04 6.456869e-04 6.083194e-04
1.960684e+01 6.054701e-04 5.856282e-04 6.357384e-04 5.950435e-04
1.965884e+01 5.986571e-04 5.870351e-04 6.259724e-04 5.829639e-04
1.971084e+01 5.963383e-04 5.957993e-04 6.190179e-04 5.741978e-04
1.976284e+01 6.011223e-04 6.145233e-04 6.176808e-04 5.711629e-04
1.981484e+01 6.149382e-04 6.444753e-04 6.242124e-04 5.761269e-04
1.986684e+01 6.385396e-04 6.849912e-04 6.398269e-04 5.908008e-04
1.991884e+01 6.713503e-04 7.334466e-04 6.645780e-04 6.160262e-04
1.997084e+01 7.116329e-04 7.857983e-04 6.975411e-04 6.515594e-04
2.002284e+01 7.568647e-04 8.374818e-04 7.371442e-04 6.959680e-04
2.007484e+01 8.041776e-04 8.843548e-04 7.814859e-04 7.466921e-04
2.012684e+01 8.507788e-04 9.234333e-04 8.285596e-04 8.003436e-04
2.017884e+01 8.943324e-04 9.533133e-04 8.764055e-04 8.532782e-04
2.023084e+01 9.333093e-04 9.742964e-04 9.232649e-04 9.023667e-04
2.028284e+01 9.672651e-04 9.882696e-04 9.677737e-04 9.457519e-04
2.033484e+01 9.969293e-04 9.983446e-04 1.009140e-03 9.833033e-04
2.038684e+01 1.023984e-03 1.008231e-03 1.047187e-03 1.016534e-03
2.043884e+01 1.050508e-03 1.021391e-03 1.082177e-03 1.047957e-03
2.049084e+01 1.078251e-03 1.040173e-03 1.114476e-03 1.080105e-03
2.054284e+01 1.108025e-03 1.065239e-03 1.144202e-03 1.114634e-03
2.059484e+01 1.139489e-03 1.095542e-03 1.171070e-03 1.151854e-03
2.064684e+01 1.171407e-03 1.128912e-03 1.194490e-03 1.190820e-03
2.069884e+01 1.202228e-03 1.162981e-03 1.213855e-03 1.229848e-03
2.075084e+01 1.230693e-03 1.196075e-03 1.228857e-03 1.267148e-03
2.080284e+01 1.256249e-03 1.227712e-03 1.239703e-03 1.301334e-03
2.085484e+01 1.279146e-03 1.258577e-03 1.247169e-03 1.331692e-03
2.090684e+01 1.300278e-03 1.290114e-03 1.252484e-03 1.358236e-03
2.095884e+01 1.320862e-03 1.323905e-03 1.257093e-03 1.381587e-03
2.101084e+01 1.342017e-03 1.361058e-03 1.262287e-03 1.402705e-03
2.106284e+01 1.364328e-03 1.401684e-03 1.268802e-03 1.422498e-03
2.111484e+01 1.387491e-03 1.444544e-03 1.276505e-03 1.441423e-03
2.116684e+01 1.410182e-03 1.486963e-03 1.284343e-03 1.459240e-03
2.121884e+01 1.430283e-03 1.525134e-03 1.290651e-03 1.475065e-03
2.127084e+01 1.445449e-03 1.554853e-03 1.293763e-03 1.487731e-03
2.132284e+01 1.453852e-03 1.572554e-03 1.292705e-03 1.496296e-03
2.137484e+01 1.454818e-03 1.576317e-03 1.287667e-03 1.500471e-03
2.142684e+01 1.449089e-03 1.566469e-03 1.280019e-03 1.500780e-03
2.147884e+01 1.438619e-03 1.545532e-03 1.271880e-03 1.498447e-03
2.153084e+01 1.426038e-03 1.517592e-03 1.265428e-03 1.495094e-03
2.158284e+01 1.414051e-03 1.487414e-03 1.262303e-03 1.492437e-03
2.163484e+01 1.405060e-03 1.459729e-03 1.263389e-03 1.492062e-03
2.168684e+01 1.401124e-03 1.438989e-03 1.269061e-03 1.495323e-03
2.173884e+01 1.404193e-03 1.429519e-03 1.279744e-03 1.503317e-03
2.179084e+01 1.416373e-03 1.435784e-03 1.296447e-03 1.516888e-03
2.184284e+01 1.439982e-03 1.462379e-03 1.320970e-03 1.536598e-03
2.189484e+01 1.477260e-03 1.513532e-03 1.355598e-03 1.562651e-03
2.194684e+01 1.529767e-03 1.592196e-03 1.402348e-03 1.594757e-03
2.199884e+01 1.597692e-03 1.699058e-03 1.462009e-03 1.632009e-03
2.205084e+01 1.679345e-03 1.831846e-03 1.533327e-03 1.672862e-03
2.210284e+01 1.771057e-03 1.985208e-03 1.612631e-03 1.715332e-03
2.215484e+01 1.867574e-03 2.151179e-03 1.694128e-03 1.757414e-03
2.220684e+01 1.962828e-03 2.320054e-03 1.770859e-03 1.797572e-03
2.225884e+01 2.050864e-03 2.481410e-03 1.836101e-03 1.835082e-03
2.231084e+01 2.126616e-03 2.625043e-03 1.884813e-03 1.869993e-03
2.236284e+01 2.186357e-03 2.741752e-03 1.914658e-03 1.902662e-03
2.241484e+01 2.227753e-03 2.824004e-03 1.926228e-03 1.933028e-03
2.246684e+01 2.249639e-03 2.866558e-03 1.922418e-03 1.959940e-03
2.251884e+01 2.251713e-03 2.867062e-03 1.907195e-03 1.980883e-03
2.257084e+01 2.234347e-03 2.826488e-03 1.884257e-03 1.992297e-03
2.262284e+01 2.198584e-03 2.749244e-03 1.856079e-03 1.990428e-03
2.267484e+01 2.146275e-03 2.642773e-03 1.823608e-03 1.972444e-03
2.272684e+01 2.080208e-03 2.516605e-03 1.786595e-03 1.937424e-03
2.277884e+01 2.004050e-03 2.381001e-03 1.744272e-03 1.886877e-03
2.283084e+01 1.922024e-03 2.245446e-03 1.696024e-03 1.824602e-03
2.288284e+01 1.838366e-03 2.117307e-03 1.641836e-03 1.755954e-03
2.293484e+01 1.756690e-03 2.000929e-03 1.582418e-03 1.686724e-03
2.298684e+01 1.679474e-03 1.897332e-03 1.519119e-03 1.621970e-03
2.303884e+01 1.607788e-03 1.804570e-03 1.453721e-03 1.565073e-03
2.309084e+01 1.541361e-03 1.718661e-03 1.388208e-03 1.517214e-03
2.314284e+01 1.478919e-03 1.634899e-03 1.324507e-03 1.477351e-03
2.319484e+01 1.418684e-03 1.549241e-03 1.264198e-03 1.442612e-03
2.324684e+01 1.358873e-03 1.459391e-03 1.208214e-03 1.409013e-03
2.329884e+01 1.298089e-03 1.365310e-03 1.156646e-03 1.372310e-03
2.335084e+01 1.235540e-03 1.269019e-03 1.108749e-03 1.328853e-03
2.340284e+01 1.171122e-03 1.173818e-03 1.063228e-03 1.276321e-03
2.345484e+01 1.105398e-03 1.083265e-03 1.018723e-03 1.214207e-03
2.350684e+01 1.039530e-03 1.000273e-03 9.743216e-04 1.143997e-03
2.355884e+01 9.751577e-04 9.266363e-04 9.298881e-04 1.068949e-03
2.361084e+01 9.142100e-04 8.630315e-04 8.860894e-04 9.935091e-04
2.366284e+01 8.586567e-04 8.093616e-04 8.441382e-04 9.224703e-04
2.371484e+01 8.102217e-04 7.651887e-04 8.053980e-04 8.600783e-04
2.376684e+01 7.701279e-04 7.300345e-04 7.710266e-04 8.093227e-04
2.381884e+01 7.389362e-04 7.034553e-04 7.417812e-04 7.715720e-04
2.387084e+01 7.165101e-04 6.849363e-04 7.179984e-04 7.465957e-04
2.392284e+01 7.020990e-04 6.737325e-04 6.996748e-04 7.328895e-04
2.397484e+01 6.944912e-04 6.687710e-04 6.865526e-04 7.281501e-04
2.402684e+01 6.921804e-04 6.686651e-04 6.781403e-04 7.297357e-04
2.407884e+01 6.934954e-04 6.718168e-04 6.736715e-04 7.349980e-04
2.413084e+01 6.966804e-04 6.765502e-04 6.720497e-04 7.414414e-04
2.418284e+01 6.999439e-04 6.812324e-04 6.718524e-04 7.467470e-04
2.423484e+01 7.015270e-04 6.843731e-04 6.714431e-04 7.487649e-04
2.428684e+01 6.998383e-04 6.847231e-04 6.691958e-04 7.455961e-04
2.433884e+01 6.936726e-04 6.813966e-04 6.637847e-04 7.358366e-04
2.439084e+01 6.824807e-04 6.740196e-04 6.544694e-04 7.189530e-04
2.444284e+01 6.666106e-04 6.628813e-04 6.413017e-04 6.956487e-04
2.449484e+01 6.474262e-04 6.490353e-04 6.252084e-04 6.680349e-04
2.454684e+01 6.272280e-04 6.342808e-04 6.079356e-04 6.394676e-04
2.459884e+01 6.089519e-04 6.209680e-04 5.918549e-04 6.140328e-04
2.465084e+01 5.956829e-04 6.116081e-04 5.796474e-04 5.957933e-04
2.470284e+01 5.900773e-04 6.083494e-04 5.738923e-04 5.879903e-04
2.475484e+01 5.938236e-04 6.124556e-04 5.766128e-04 5.924022e-04
2.480684e+01 6.072839e-04 6.239684e-04 5.888706e-04 6.090127e-04
2.485884e+01 6.294220e-04 6.416983e-04 6.105124e-04 6.360552e-04
2.491084e+01 6.580473e-04 6.635784e-04 6.401487e-04 6.704148e-04
2.496284e+01 6.903109e-04 6.872667e-04 6.753840e-04 7.082822e-04
2.501484e+01 7.233049e-04 7.107692e-04 7.132395e-04 7.459059e-04
2.506684e+01 7.545936e-04 7.328493e-04 7.506634e-04 7.802682e-04
2.511884e+01 7.825429e-04 7.530831e-04 7.850101e-04 8.095354e-04
2.517084e+01 8.063888e-04 7.715864e-04 8.143934e-04 8.331865e-04
2.522284e+01 8.260741e-04 7.885770e-04 8.378444e-04 8.518008e-04
2.527484e+01 8.419361e-04 8.039928e-04 8.552477e-04 8.665679e-04
2.532684e+01 8.543578e-04 8.173301e-04 8.670732e-04 8.786702e-04
2.537884e+01 8.634890e-04 8.277416e-04 8.739898e-04 8.887356e-04
2.543084e+01 8.691197e-04 8.343125e-04 8.764965e-04 8.965502e-04
2.548284e+01 8.707352e-04 8.363641e-04 8.747181e-04 9.011235e-04
2.553484e+01 8.677241e-04 8.336526e-04 8.684571e-04 9.010626e-04
2.558684e+01 8.596570e-04 8.264107e-04 8.574779e-04 8.950823e-04
2.563884e+01 8.465363e-04 8.152643e-04 8.418952e-04 8.824495e-04
2.569084e+01 8.289406e-04 8.011149e-04 8.224841e-04 8.632226e-04
2.574284e+01 8.080382e-04 7.850700e-04 8.007703e-04 8.382745e-04
2.579484e+01 7.854977e-04 7.684478e-04 7.788613e-04 8.091840e-04
2.584684e+01 7.633374e-04 7.528172e-04 7.590955e-04 7.780996e-04
2.589884e+01 7.437533e-04 7.399911e-04 7.436467e-04 7.476221e-04
2.595084e+01 7.289322e-04 7.319045e-04 7.342178e-04 7.206742e-04
2.600284e+01 7.208508e-04 7.303644e-04 7.318962e-04 7.002917e-04
2.605484e+01 7.210656e-04 7.367271e-04 7.371725e-04 6.892971e-04
2.610684e+01 7.305217e-04 7.516064e-04 7.500694e-04 6.898894e-04
2.615884e+01 7.494193e-04 7.747165e-04 7.703000e-04 7.032413e-04
2.621084e+01 7.771641e-04 8.049018e-04 7.973751e-04 7.292153e-04
2.626284e+01 8.124034e-04 8.403320e-04 8.306011e-04 7.662770e-04
2.631484e+01 8.531231e-04 8.787811e-04 8.689607e-04 8.116275e-04
2.636684e+01 8.967825e-04 9.178906e-04 9.109326e-04 8.615244e-04
2.641884e+01 9.404793e-04 9.553472e-04 9.543598e-04 9.117308e-04
2.647084e+01 9.811558e-04 9.889699e-04 9.964779e-04 9.580198e-04
2.652284e+01 1.015860e-03 1.016751e-03 1.034166e-03 9.966632e-04
2.657484e+01 1.042048e-03 1.036924e-03 1.064383e-03 1.024837e-03
2.662684e+01 1.057888e-03 1.048092e-03 1.084689e-03 1.040885e-03
2.667884e+01 1.062508e-03 1.049434e-03 1.093684e-03 1.044405e-03
2.673084e+01 1.056117e-03 1.040914e-03 1.091286e-03 1.036150e-03
2.678284e+01 1.039990e-03 1.023426e-03 1.078760e-03 1.017785e-03
2.683484e+01 1.016311e-03 9.987944e-04 1.058560e-03 9.915780e-04
2.688684e+01 9.879104e-04 9.696053e-04 1.034011e-03 9.601155e-04
2.693884e+01 9.579631e-04 9.388767e-04 1.008912e-03 9.261007e-04
2.699084e+01 9.296589e-04 9.096412e-04 9.870980e-04 8.922376e-04
2.704284e+01 9.058653e-04 8.845159e-04 9.719539e-04 8.611261e-04
2.709484e+01 8.887749e-04 8.653414e-04 9.659048e-04 8.350784e-04
2.714684e+01 8.795665e-04 8.529507e-04 9.699321e-04 8.158166e-04
2.719884e+01 8.781540e-04 8.471213e-04 9.832261e-04 8.041146e-04
2.725084e+01 8.831369e-04 8.467361e-04 1.003132e-03 7.995431e-04
2.730284e+01 8.920447e-04 8.501340e-04 1.025507e-03 8.004925e-04
2.735484e+01 9.018746e-04 8.555612e-04 1.045511e-03 8.045516e-04
2.740684e+01 9.097990e-04 8.615844e-04 1.058651e-03 8.091611e-04
2.745884e+01 9.138291e-04 8.673327e-04 1.061831e-03 8.123232e-04
2.751084e+01 9.132305e-04 8.725095e-04 1.054065e-03 8.131173e-04
2.756284e+01 9.085850e-04 8.772317e-04 1.036666e-03 8.118577e-04
2.761484e+01 9.015275e-04 8.818207e-04 1.012879e-03 8.098829e-04
2.766684e+01 8.942813e-04 8.866647e-04 9.870887e-04 8.090906e-04
2.771884e+01 8.891364e-04 8.921855e-04 9.638326e-04 8.113910e-04
2.777084e+01 8.879824e-04 8.988583e-04 9.468573e-04 8.182315e-04
2.782284e+01 8.919669e-04 9.072028e-04 9.384104e-04 8.302875e-04
2.787484e+01 9.013247e-04 9.177086e-04 9.389065e-04 8.473589e-04
2.792684e+01 9.154073e-04 9.307278e-04 9.470333e-04 8.684609e-04
2.797884e+01 9.329084e-04 9.464015e-04 9.602670e-04 8.920567e-04
2.803084e+01 9.522237e-04 9.646666e-04 9.756475e-04 9.163570e-04
2.808284e+01 9.718425e-04 9.853309e-04 9.905845e-04 9.396120e-04
2.813484e+01 9.906601e-04 1.008168e-03 1.003459e-03 9.603531e-04
2.818684e+01 1.008153e-03 1.032994e-03 1.013882e-03 9.775828e-04
2.823884e+01 1.024420e-03 1.059724e-03 1.022606e-03 9.909285e-04
2.829084e+01 1.040137e-03 1.088443e-03 1.031207e-03 1.000761e-03
2.834284e+01 1.056470e-03 1.119503e-03 1.041668e-03 1.008239e-03
2.839484e+01 1.074934e-03 1.153623e-03 1.055972e-03 1.015207e-03
2.844684e+01 1.097168e-03 1.191887e-03 1.075714e-03 1.023903e-03
2.849884e+01 1.124593e-03 1.235545e-03 1.101755e-03 1.036481e-03
2.855084e+01 1.157980e-03 1.285563e-03 1.133948e-03 1.054429e-03
2.860284e+01 1.197037e-03 1.342020e-03 1.171026e-03 1.078066e-03
2.865484e+01 1.240207e-03 1.403576e-03 1.210777e-03 1.106269e-03
2.870684e+01 1.284802e-03 1.467292e-03 1.250526e-03 1.136587e-03
2.875884e+01 1.327531e-03 1.528987e-03 1.287852e-03 1.165756e-03
2.881084e+01 1.365303e-03 1.584112e-03 1.321283e-03 1.190515e-03
2.886284e+01 1.396038e-03 1.628914e-03 1.350704e-03 1.208495e-03
2.891484e+01 1.419231e-03 1.661526e-03 1.377284e-03 1.218884e-03
2.896684e+01 1.436064e-03 1.682618e-03 1.402927e-03 1.222646e-03
2.901884e+01 1.449010e-03 1.695388e-03 1.429478e-03 1.222166e-03
2.907084e+01 1.461082e-03 1.704820e-03 1.457977e-03 1.220450e-03
2.912284e+01 1.474915e-03 1.716361e-03 1.488274e-03 1.220111e-03
2.917484e+01 1.491987e-03 1.734342e-03 1.519088e-03 1.222532e-03
2.922684e+01 1.512194e-03 1.760598e-03 1.548463e-03 1.227520e-03
2.927884e+01 1.533900e-03 1.793763e-03 1.574367e-03 1.233572e-03
2.933084e+01 1.554444e-03 1.829482e-03 1.595197e-03 1.238652e-03
2.938284e+01 1.570894e-03 1.861528e-03 1.610009e-03 1.241145e-03
2.943484e+01 1.580795e-03 1.883403e-03 1.618431e-03 1.240550e-03
2.948684e+01 1.582643e-03 1.889922e-03 1.620369e-03 1.237640e-03
2.953884e+01 1.575980e-03 1.878257e-03 1.615662e-03 1.234021e-03
2.959084e+01 1.561140e-03 1.848243e-03 1.603864e-03 1.231313e-03
2.964284e+01 1.538853e-03 1.802000e-03 1.584241e-03 1.230319e-03
2.969484e+01 1.509900e-03 1.743147e-03 1.555985e-03 1.230567e-03
2.974684e+01 1.474975e-03 1.675945e-03 1.518581e-03 1.230397e-03
2.979884e+01 1.434784e-03 1.604591e-03 1.472204e-03 1.227556e-03
2.985084e+01 1.390282e-03 1.532790e-03 1.418026e-03 1.220031e-03
2.990284e+01 1.342906e-03 1.463603e-03 1.358337e-03 1.206777e-03
2.995484e+01 1.294632e-03 1.399455e-03 1.296409e-03 1.188033e-03
3.000684e+01 1.247819e-03 1.342222e-03 1.236082e-03 1.165154e-03
3.005884e+01 1.204833e-03 1.293280e-03 1.181158e-03 1.140062e-03
3.011084e+01 1.167606e-03 1.253465e-03 1.134737e-03 1.114614e-03
3.016284e+01 1.137279e-03 1.222970e-03 1.098713e-03 1.090153e-03
3.021484e+01 1.114066e-03 1.201223e-03 1.073569e-03 1.067406e-03
3.026684e+01 1.097354e-03 1.186842e-03 1.058546e-03 1.046674e-03
3.031884e+01 1.085973e-03 1.177717e-03 1.052072e-03 1.028131e-03
3.037084e+01 1.078513e-03 1.171249e-03 1.052251e-03 1.012038e-03
3.042284e+01 1.073556e-03 1.164684e-03 1.057222e-03 9.987639e-04
3.047484e+01 1.069810e-03 1.155514e-03 1.065282e-03 9.886326e-04
3.052684e+01 1.066134e-03 1.141849e-03 1.074839e-03 9.817140e-04
3.057884e+01 1.061575e-03 1.122705e-03 1.084329e-03 9.776907e-04
3.063084e+01 1.055426e-03 1.098157e-03 1.092256e-03 9.758637e-04
3.068284e+01 1.047326e-03 1.069315e-03 1.097368e-03 9.752955e-04
3.073484e+01 1.037346e-03 1.038101e-03 1.098908e-03 9.750283e-04
3.078684e+01 1.025983e-03 1.006867e-03 1.096776e-03 9.743045e-04
3.083884e+01 1.014057e-03 9.779125e-04 1.091532e-03 9.727260e-04
3.089084e+01 1.002512e-03 9.530186e-04 1.084204e-03 9.703144e-04
3.094284e+01 9.921938e-04 9.331263e-04 1.076000e-03 9.674555e-04
3.099484e+01 9.836603e-04 9.182261e-04 1.068014e-03 9.647410e-04
3.104684e+01 9.770767e-04 9.074803e-04 1.060997e-03 9.627529e-04
3.109884e+01 9.722040e-04 8.995188e-04 1.055232e-03 9.618611e-04
3.115084e+01 9.684787e-04 8.928069e-04 1.050520e-03 9.621095e-04
3.120284e+01 9.651597e-04 8.859876e-04 1.046263e-03 9.632286e-04
3.125484e+01 9.615062e-04 8.781265e-04 1.041634e-03 9.647578e-04
3.130684e+01 9.569415e-04 8.688332e-04 1.035788e-03 9.662037e-04
3.135884e+01 9.511546e-04 8.582557e-04 1.028056e-03 9.671524e-04
3.141084e+01 9.441081e-04 8.469645e-04 1.018080e-03 9.672802e-04
3.146284e+01 9.359534e-04 8.357483e-04 1.005841e-03 9.662711e-04
3.151484e+01 9.268900e-04 8.253656e-04 9.916054e-04 9.636992e-04
3.156684e+01 9.170342e-04 8.163193e-04 9.758279e-04 9.589554e-04
3.161884e+01 9.063553e-04 8.087271e-04 9.590591e-04 9.512796e-04
3.167084e+01 8.947073e-04 8.023350e-04 9.418788e-04 9.399082e-04
3.172284e+01 8.819314e-04 7.966672e-04 9.248345e-04 9.242924e-04
3.177484e+01 8.679691e-04 7.912454e-04 9.083541e-04 9.043079e-04
3.182684e+01 8.529296e-04 7.857870e-04 8.926315e-04 8.803704e-04
3.187884e+01 8.370836e-04 7.803050e-04 8.775334e-04 8.534124e-04
3.193084e+01 8.208041e-04 7.750815e-04 8.626003e-04 8.247304e-04
3.198284e+01 8.044963e-04 7.705396e-04 8.471887e-04 7.957606e-04
3.203484e+01 7.885482e-04 7.670675e-04 8.307187e-04 7.678584e-04
3.208684e+01 7.733081e-04 7.648594e-04 8.129242e-04 7.421407e-04
3.213884e+01 7.590753e-04 7.638263e-04 7.939878e-04 7.194116e-04
3.219084e+01 7.460887e-04 7.636042e-04 7.744988e-04 7.001630e-04
3.224284e+01 7.345145e-04 7.636611e-04 7.552640e-04 6.846183e-04
3.229484e+01 7.244415e-04 7.634678e-04 7.370646e-04 6.727922e-04
3.234684e+01 7.158915e-04 7.626736e-04 7.204581e-04 6.645427e-04
3.239884e+01 7.088339e-04 7.612183e-04 7.056842e-04 6.595990e-04
3.245084e+01 7.031905e-04 7.593334e-04 6.926783e-04 6.575597e-04
3.250284e+01 6.988181e-04 7.574255e-04 6.811642e-04 6.578645e-04
3.255484e+01 6.954779e-04 7.558815e-04 6.707864e-04 6.597659e-04
3.260684e+01 6.928163e-04 7.548690e-04 6.612410e-04 6.623390e-04
3.265884e+01 6.903815e-04 7.542073e-04 6.523700e-04 6.645671e-04
3.271084e+01 6.876839e-04 7.533605e-04 6.441841e-04 6.655072e-04
3.276284e+01 6.842828e-04 7.515548e-04 6.368012e-04 6.644923e-04
3.281484e+01 6.798627e-04 7.479838e-04 6.303180e-04 6.612863e-04
3.286684e+01 6.742699e-04 7.420301e-04 6.246704e-04 6.561091e-04
3.291884e+01 6.674962e-04 7.334357e-04 6.195512e-04 6.495018e-04
3.297084e+01 6.596288e-04 7.223702e-04 6.144351e-04 6.420811e-04
3.302284e+01 6.507948e-04 7.093799e-04 6.087117e-04 6.342929e-04
3.307484e+01 6.411285e-04 6.952389e-04 6.018693e-04 6.262772e-04
3.312684e+01 6.307644e-04 6.807505e-04 5.936469e-04 6.178958e-04
3.317884e+01 6.198456e-04 6.665621e-04 5.840865e-04 6.088883e-04
3.323084e+01 6.085301e-04 6.530537e-04 5.734748e-04 5.990617e-04
3.328284e+01 5.969906e-04 6.403313e-04 5.622240e-04 5.884166e-04
3.333484e+01 5.854180e-04 6.283190e-04 5.507699e-04 5.771649e-04
3.338684e+01 5.740360e-04 6.169030e-04 5.395432e-04 5.656617e-04
3.343884e+01 5.631283e-04 6.060612e-04 5.290117e-04 5.543118e-04
3.349084e+01 5.530580e-04 5.959249e-04 5.197408e-04 5.435082e-04
3.354284e+01 5.442596e-04 5.867571e-04 5.123996e-04 5.336221e-04
3.359484e+01 5.371921e-04 5.788707e-04 5.076796e-04 5.250262e-04
3.364684e+01 5.322647e-04 5.725309e-04 5.061455e-04 5.181178e-04
3.369884e+01 5.297636e-04 5.678807e-04 5.080866e-04 5.133233e-04
3.375084e+01 5.298110e-04 5.649057e-04 5.134398e-04 5.110874e-04
3.380284e+01 5.323732e-04 5.634358e-04 5.218211e-04 5.118628e-04
3.385484e+01 5.373096e-04 5.631781e-04 5.326448e-04 5.161058e-04
3.390684e+01 5.444355e-04 5.637785e-04 5.452710e-04 5.242571e-04
3.395884e+01 5.535651e-04 5.649072e-04 5.591187e-04 5.366693e-04
3.401084e+01 5.645086e-04 5.663513e-04 5.737158e-04 5.534586e-04
3.406284e+01 5.770251e-04 5.680799e-04 5.886957e-04 5.742997e-04
3.411484e+01 5.907574e-04 5.702400e-04 6.037851e-04 5.982471e-04
3.416684e+01 6.051951e-04 5.730683e-04 6.188209e-04 6.236960e-04
3.421884e+01 6.197107e-04 5.767438e-04 6.338120e-04 6.485762e-04
3.427084e+01 6.336857e-04 5.812483e-04 6.490264e-04 6.707823e-04
3.432284e+01 6.466988e-04 5.863118e-04 6.650593e-04 6.887251e-04
3.437484e+01 6.587046e-04 5.914845e-04 6.828264e-04 7.018027e-04
3.442684e+01 6.701149e-04 5.963131e-04 7.034413e-04 7.105904e-04
3.447884e+01 6.817222e-04 6.005424e-04 7.279689e-04 7.166553e-04
3.453084e+01 6.944710e-04 6.042474e-04 7.571011e-04 7.220644e-04
3.458284e+01 7.091616e-04 6.078367e-04 7.908577e-04 7.287904e-04
3.463484e+01 7.262082e-04 6.119338e-04 8.284360e-04 7.382549e-04
3.468684e+01 7.455574e-04 6.172015e-04 8.683073e-04 7.511632e-04
3.473884e+01 7.667989e-04 6.241867e-04 9.085724e-04 7.676376e-04
3.479084e+01 7.894126e-04 6.332365e-04 9.474842e-04 7.875170e-04
3.484284e+01 8.130352e-04 6.444880e-04 9.839718e-04 8.106459e-04
3.489484e+01 8.376353e-04 6.579003e-04 1.017987e-03 8.370187e-04
3.494684e+01 8.635286e-04 6.732925e-04 1.050551e-03 8.667423e-04
3.499884e+01 8.912396e-04 6.903794e-04 1.083474e-03 8.998653e-04
3.505084e+01 9.212586e-04 7.088140e-04 1.118802e-03 9.361600e-04
3.510284e+01 9.537715e-04 7.282508e-04 1.158130e-03 9.749332e-04
3.515484e+01 9.884313e-04 7.484222e-04 1.201959e-03 1.014913e-03
3.520684e+01 1.024225e-03 7.691878e-04 1.249252e-03 1.054237e-03
3.525884e+01 1.059473e-03 7.905100e-04 1.297349e-03 1.090560e-03
3.531084e+01 1.091962e-03 8.123294e-04 1.342275e-03 1.121283e-03
3.536284e+01 1.119215e-03 8.343676e-04 1.379404e-03 1.143872e-03
3.541484e+01 1.138839e-03 8.559431e-04 1.404333e-03 1.156240e-03
3.546684e+01 1.148920e-03 8.759022e-04 1.413778e-03 1.157080e-03
3.551884e+01 1.148376e-03 8.927372e-04 1.406296e-03 1.146096e-03
3.557084e+01 1.137206e-03 9.048776e-04 1.382674e-03 1.124066e-03
3.562284e+01 1.116552e-03 9.110552e-04 1.345878e-03 1.092724e-03
3.567484e+01 1.088546e-03 9.106047e-04 1.300526e-03 1.054506e-03
3.572684e+01 1.055930e-03 9.035880e-04 1.251976e-03 1.012225e-03
3.577884e+01 1.021558e-03 8.907130e-04 1.205214e-03 9.687471e-04
3.583084e+01 9.878832e-04 8.731005e-04 1.163830e-03 9.267189e-04
3.588284e+01 9.565768e-04 8.519988e-04 1.129388e-03 8.883434e-04
3.593484e+01 9.283777e-04 8.285448e-04 1.101376e-03 8.552120e-04
3.598684e+01 9.031869e-04 8.036344e-04 1.077734e-03 8.281919e-04
3.603884e+01 8.803585e-04 7.779183e-04 1.055751e-03 8.074060e-04
3.609084e+01 8.590833e-04 7.518981e-04 1.033011e-03 7.923411e-04
3.614284e+01 8.387424e-04 7.260661e-04 1.008074e-03 7.820871e-04
3.619484e+01 8.191330e-04 7.010173e-04 9.807412e-04 7.756405e-04
3.624684e+01 8.005103e-04 6.774802e-04 9.518938e-04 7.721569e-04
3.629884e+01 7.834585e-04 6.562561e-04 9.230757e-04 7.710438e-04
3.635084e+01 7.686550e-04 6.381016e-04 8.959972e-04 7.718661e-04
3.640284e+01 7.566222e-04 6.236138e-04 8.721143e-04 7.741386e-04
3.645484e+01 7.475530e-04 6.131495e-04 8.523582e-04 7.771512e-04
3.650684e+01 7.412495e-04 6.067765e-04 8.370208e-04 7.799512e-04
3.655884e+01 7.371708e-04 6.042283e-04 8.257715e-04 7.815126e-04
3.661084e+01 7.345473e-04 6.048558e-04 8.177740e-04 7.810120e-04
3.666284e+01 7.325177e-04 6.076098e-04 8.118751e-04 7.780682e-04
3.671484e+01 7.302565e-04 6.111106e-04 8.068330e-04 7.728259e-04
3.676684e+01 7.270741e-04 6.138363e-04 8.015363e-04 7.658496e-04
3.681884e+01 7.224795e-04 6.143968e-04 7.951607e-04 7.578808e-04
3.687084e+01 7.161954e-04 6.118038e-04 7.872208e-04 7.495617e-04
3.692284e+01 7.081204e-04 6.056378e-04 7.775067e-04 7.412167e-04
3.697484e+01 6.982478e-04 5.960580e-04 7.659434e-04 7.327419e-04
3.702684e+01 6.865733e-04 5.836714e-04 7.524347e-04 7.236139e-04
3.707884e+01 6.730332e-04 5.693296e-04 7.367674e-04 7.130026e-04
3.713084e+01 6.575080e-04 5.539344e-04 7.186215e-04 6.999680e-04
3.718284e+01 6.398972e-04 5.383026e-04 6.976896e-04 6.836993e-04
3.723484e+01 6.202315e-04 5.230973e-04 6.738584e-04 6.637386e-04
3.728684e+01 5.987665e-04 5.088008e-04 6.473760e-04 6.401226e-04
3.733884e+01 5.760092e-04 4.956954e-04 6.189321e-04 6.134002e-04
3.739084e+01 5.526629e-04 4.838372e-04 5.896167e-04 5.845347e-04
3.744284e+01 5.295182e-04 4.730385e-04 5.607731e-04 5.547430e-04
3.749484e+01 5.073403e-04 4.628908e-04 5.337963e-04 5.253337e-04
3.754684e+01 4.867932e-04 4.528622e-04 5.099365e-04 4.975809e-04
3.759884e+01 4.684092e-04 4.424612e-04 4.901415e-04 4.726247e-04
3.765084e+01 4.525816e-04 4.314212e-04 4.749493e-04 4.513743e-04
3.770284e+01 4.395501e-04 4.198297e-04 4.644240e-04 4.343966e-04
3.775484e+01 4.293640e-04 4.081441e-04 4.581400e-04 4.218079e-04
3.780684e+01 4.218435e-04 3.970857e-04 4.552303e-04 4.132145e-04
3.785884e+01 4.165763e-04 3.874620e-04 4.545193e-04 4.077477e-04
3.791084e+01 4.129823e-04 3.799915e-04 4.547398e-04 4.042155e-04
3.796284e+01 4.104448e-04 3.751880e-04 4.547979e-04 4.013486e-04
3.801484e+01 4.084685e-04 3.733129e-04 4.540173e-04 3.980753e-04
3.806684e+01 4.067965e-04 3.743667e-04 4.522786e-04 3.937441e-04
3.811884e+01 4.054361e-04 3.780847e-04 4.499983e-04 3.882253e-04
3.817084e+01 4.045788e-04 3.839285e-04 4.479359e-04 3.818719e-04
3.822284e+01 4.044544e-04 3.911026e-04 4.468884e-04 3.753723e-04
3.827484e+01 4.051893e-04 3.986341e-04 4.473736e-04 3.695602e-04
3.832684e+01 4.067313e-04 4.055318e-04 4.494156e-04 3.652466e-04
3.837884e+01 4.088702e-04 4.109952e-04 4.525110e-04 3.631044e-04
3.843084e+01 4.113310e-04 4.146012e-04 4.557901e-04 3.636018e-04
3.848284e+01 4.138893e-04 4.163935e-04 4.583133e-04 3.669611e-04
3.853484e+01 4.164538e-04 4.168315e-04 4.594010e-04 3.731290e-04
3.858684e+01 4.190902e-04 4.166189e-04 4.588848e-04 3.817671e-04
3.863884e+01 4.219948e-04 4.164835e-04 4.572089e-04 3.922920e-04
3.869084e+01 4.254506e-04 4.169983e-04 4.553683e-04 4.039852e-04
3.874284e+01 4.297971e-04 4.185058e-04 4.547171e-04 4.161685e-04
3.879484e+01 4.354189e-04 4.211529e-04 4.567041e-04 4.283998e-04
3.884684e+01 4.427272e-04 4.249888e-04 4.625854e-04 4.406074e-04
3.889884e+01 4.520959e-04 4.300546e-04 4.731501e-04 4.530830e-04
3.895084e+01 4.637302e-04 4.364061e-04 4.884946e-04 4.662898e-04
3.900284e+01 4.774914e-04 4.440546e-04 5.078960e-04 4.805237e-04
3.905484e+01 4.927540e-04 4.528608e-04 5.298460e-04 4.955551e-04
3.910684e+01 5.083847e-04 4.624446e-04 5.522856e-04 5.104239e-04
3.915884e+01 5.229068e-04 4.721753e-04 5.730184e-04 5.235268e-04
3.921084e+01 5.348338e-04 4.812742e-04 5.902040e-04 5.330233e-04
3.926284e+01 5.430746e-04 4.890113e-04 6.027781e-04 5.374344e-04
3.931484e+01 5.472675e-04 4.949366e-04 6.106578e-04 5.362080e-04
3.936684e+01 5.479163e-04 4.990634e-04 6.146635e-04 5.300222e-04
3.941884e+01 5.462760e-04 5.019275e-04 6.161960e-04 5.207045e-04
3.947084e+01 5.440285e-04 5.044908e-04 6.167925e-04 5.108022e-04
3.952284e+01 5.428612e-04 5.079043e-04 6.177160e-04 5.029634e-04
3.957484e+01 5.440776e-04 5.131989e-04 6.196986e-04 4.993353e-04
3.962684e+01 5.483427e-04 5.209979e-04 6.228899e-04 5.011401e-04
3.967884e+01 5.556097e-04 5.313393e-04 6.269828e-04 5.085071e-04
3.973084e+01 5.652191e-04 5.436588e-04 6.314412e-04 5.205574e-04
3.978284e+01 5.761190e-04 5.569328e-04 6.357390e-04 5.356851e-04
3.983484e+01 5.871389e-04 5.699296e-04 6.395358e-04 5.519514e-04
3.988684e+01 5.972479e-04 5.814955e-04 6.427522e-04 5.674959e-04
3.993884e+01 6.057425e-04 5.908036e-04 6.455444e-04 5.808794e-04
3.999084e+01 6.123369e-04 5.975138e-04 6.482054e-04 5.912915e-04
4.004284e+01 6.171521e-04 6.018199e-04 6.510320e-04 5.986043e-04
4.009484e+01 6.206215e-04 6.043769e-04 6.541978e-04 6.032900e-04
4.014684e+01 6.233448e-04 6.061284e-04 6.576603e-04 6.062459e-04
4.019884e+01 6.259228e-04 6.080732e-04 6.611275e-04 6.085676e-04
4.025084e+01 6.288095e-04 6.110293e-04 6.640949e-04 6.113042e-04
4.030284e+01 6.322134e-04 6.154622e-04 6.659535e-04 6.152245e-04
4.035484e+01 6.360685e-04 6.214198e-04 6.661492e-04 6.206364e-04
4.040684e+01 6.400817e-04 6.285824e-04 6.643556e-04 6.273070e-04
4.045884e+01 6.438416e-04 6.363964e-04 6.606054e-04 6.345230e-04
4.051084e+01 6.469530e-04 6.442355e-04 6.553336e-04 6.412899e-04
4.056284e+01 6.491567e-04 6.515424e-04 6.493062e-04 6.466214e-04
4.061484e+01 6.503995e-04 6.579176e-04 6.434546e-04 6.498263e-04
4.066684e+01 6.508407e-04 6.631492e-04 6.386704e-04 6.507026e-04
4.071884e+01 6.508076e-04 6.671973e-04 6.356406e-04 6.495850e-04
4.077084e+01 6.507329e-04 6.701595e-04 6.347840e-04 6.472552e-04
4.082284e+01 6.511094e-04 6.722519e-04 6.363027e-04 6.447734e-04
4.087484e+01 6.524822e-04 6.738309e-04 6.403101e-04 6.433057e-04
4.092684e+01 6.554672e-04 6.754556e-04 6.469576e-04 6.439885e-04
4.097884e+01 6.607614e-04 6.779551e-04 6.564939e-04 6.478351e-04
4.103084e+01 6.691053e-04 6.824372e-04 6.692244e-04 6.556542e-04
4.108284e+01 6.811779e-04 6.901806e-04 6.853939e-04 6.679592e-04
4.113484e+01 6.974361e-04 7.023967e-04 7.050428e-04 6.848687e-04
4.118684e+01 7.179419e-04 7.199103e-04 7.278879e-04 7.060275e-04
4.123884e+01 7.422318e-04 7.428530e-04 7.532591e-04 7.305833e-04
4.129084e+01 7.692742e-04 7.704765e-04 7.801000e-04 7.572459e-04
4.134284e+01 7.975418e-04 8.011530e-04 8.070337e-04 7.844386e-04
4.139484e+01 8.251997e-04 8.325770e-04 8.324940e-04 8.105283e-04
4.144684e+01 8.503825e-04 8.621330e-04 8.549143e-04 8.341002e-04
4.149884e+01 8.715075e-04 8.873580e-04 8.729495e-04 8.542151e-04
4.155084e+01 8.875538e-04 9.064069e-04 8.856823e-04 8.705722e-04
4.160284e+01 8.982295e-04 9.184211e-04 8.927605e-04 8.835070e-04
4.165484e+01 9.039756e-04 9.236974e-04 8.944289e-04 8.938004e-04
4.170684e+01 9.057937e-04 9.235884e-04 8.914490e-04 9.023437e-04
4.175884e+01 9.049428e-04 9.201268e-04 8.849325e-04 9.097691e-04
4.181084e+01 9.025864e-04 9.154554e-04 8.761281e-04 9.161757e-04
4.186284e+01 8.994873e-04 9.112149e-04 8.661983e-04 9.210488e-04
4.191484e+01 8.958307e-04 9.080735e-04 8.560220e-04 9.233964e-04
4.196684e+01 8.912166e-04 9.055486e-04 8.460533e-04 9.220480e-04
4.201884e+01 8.848214e-04 9.021821e-04 8.362710e-04 9.160112e-04
4.207084e+01 8.756795e-04 8.960192e-04 8.262436e-04 9.047756e-04
4.212284e+01 8.630100e-04 8.852374e-04 8.153112e-04 8.884814e-04
4.217484e+01 8.464979e-04 8.687252e-04 8.028506e-04 8.679179e-04
4.222684e+01 8.264539e-04 8.464319e-04 7.885585e-04 8.443714e-04
4.227884e+01 8.038211e-04 8.194013e-04 7.726745e-04 8.193874e-04
4.233084e+01 7.800420e-04 7.895176e-04 7.560778e-04 7.945307e-04
4.238284e+01 7.568411e-04 7.590874e-04 7.402174e-04 7.712186e-04
4.243484e+01 7.359786e-04 7.304062e-04 7.268707e-04 7.506588e-04
4.248684e+01 7.190133e-04 7.054175e-04 7.177606e-04 7.338619e-04
4.253884e+01 7.070854e-04 6.854983e-04 7.141060e-04 7.216521e-04
4.259084e+01 7.007206e-04 6.713473e-04 7.162132e-04 7.146015e-04
4.264284e+01 6.996839e-04 6.629420e-04 7.232445e-04 7.128651e-04
4.269484e+01 7.029365e-04 6.595585e-04 7.332752e-04 7.159757e-04
4.274684e+01 7.087584e-04 6.598763e-04 7.436778e-04 7.227212e-04
4.279884e+01 7.150565e-04 6.621917e-04 7.517544e-04 7.312233e-04
4.285084e+01 7.198049e-04 6.647254e-04 7.554279e-04 7.392613e-04
4.290284e+01 7.214974e-04 6.659641e-04 7.537596e-04 7.447685e-04
4.295484e+01 7.194664e-04 6.649453e-04 7.471145e-04 7.463396e-04
4.300684e+01 7.139717e-04 6.614098e-04 7.369375e-04 7.435677e-04
4.305884e+01 7.060444e-04 6.557837e-04 7.252493e-04 7.371001e-04
4.311084e+01 6.971575e-04 6.490071e-04 7.140599e-04 7.284055e-04
4.316284e+01 6.888329e-04 6.422643e-04 7.048866e-04 7.193477e-04
4.321484e+01 6.822922e-04 6.366928e-04 6.984795e-04 7.117043e-04
4.326684e+01 6.782229e-04 6.331450e-04 6.947618e-04 7.067621e-04
4.331884e+01 6.766914e-04 6.320573e-04 6.929378e-04 7.050792e-04
4.337084e+01 6.772012e-04 6.334432e-04 6.917101e-04 7.064504e-04
4.342284e+01 6.788692e-04 6.369838e-04 6.895665e-04 7.100574e-04
4.347484e+01 6.806666e-04 6.421601e-04 6.850976e-04 7.147421e-04
4.352684e+01 6.816552e-04 6.483626e-04 6.772939e-04 7.193090e-04
4.357884e+01 6.811531e-04 6.549422e-04 6.657531e-04 7.227642e-04
4.363084e+01 6.787909e-04 6.612047e-04 6.507373e-04 7.244307e-04
4.368284e+01 6.744647e-04 6.663889e-04 6.330641e-04 7.239412e-04
4.373484e+01 6.682362e-04 6.696786e-04 6.138709e-04 7.211591e-04
4.378684e+01 6.602414e-04 6.702858e-04 5.943406e-04 7.160980e-04
4.383884e+01 6.506551e-04 6.676068e-04 5.754764e-04 7.088821e-04
4.389084e+01 6.397111e-04 6.614066e-04 5.579828e-04 6.997440e-04
4.394284e+01 6.277421e-04 6.519545e-04 5.422496e-04 6.890222e-04
4.399484e+01 6.151843e-04 6.400321e-04 5.284010e-04 6.771197e-04
4.404684e+01 6.025188e-04 6.267751e-04 5.163586e-04 6.644228e-04
4.409884e+01 5.901652e-04 6.133895e-04 5.058932e-04 6.512129e-04
4.415084e+01 5.783829e-04 6.008508e-04 4.966711e-04 6.376267e-04
4.420284e+01 5.672404e-04 5.897169e-04 4.883113e-04 6.236930e-04
4.425484e+01 5.566749e-04 5.801297e-04 4.804617e-04 6.094333e-04
4.430684e+01 5.466108e-04 5.719809e-04 4.728768e-04 5.949746e-04
4.435884e+01 5.370681e-04 5.651282e-04 4.654650e-04 5.806111e-04
4.441084e+01 5.281999e-04 5.595298e-04 4.582861e-04 5.667839e-04
4.446284e+01 5.202418e-04 5.552306e-04 4.515034e-04 5.539914e-04
4.451484e+01 5.134111e-04 5.522304e-04 4.453236e-04 5.426794e-04
4.456684e+01 5.078186e-04 5.503373e-04 4.399537e-04 5.331649e-04
4.461884e+01 5.034376e-04 5.491122e-04 4.355853e-04 5.256154e-04
4.467084e+01 5.001342e-04 5.479410e-04 4.323910e-04 5.200707e-04
4.472284e+01 4.977246e-04 5.461984e-04 4.305064e-04 5.164692e-04
4.477484e+01 4.960172e-04 5.434175e-04 4.299847e-04 5.146492e-04
4.482684e+01 4.948209e-04 5.393932e-04 4.307410e-04 5.143285e-04
4.487884e+01 4.939349e-04 5.341973e-04 4.325191e-04 5.150885e-04
4.493084e+01 4.931486e-04 5.281270e-04 4.349181e-04 5.164006e-04
4.498284e+01 4.922741e-04 5.216311e-04 4.374812e-04 5.177101e-04
4.503484e+01 4.912055e-04 5.152373e-04 4.398176e-04 5.185616e-04
4.508684e+01 4.899690e-04 5.094811e-04 4.416988e-04 5.187269e-04
4.513884e+01 4.887286e-04 5.048181e-04 4.430798e-04 5.182879e-04
4.519084e+01 4.877272e-04 5.015139e-04 4.440310e-04 5.176366e-04
4.524284e+01 4.871791e-04 4.995373e-04 4.446181e-04 5.173819e-04
4.529484e+01 4.871605e-04 4.985092e-04 4.447990e-04 5.181732e-04
4.534684e+01 4.875500e-04 4.977628e-04 4.444034e-04 5.204838e-04
4.539884e+01 4.880514e-04 4.965265e-04 4.432151e-04 5.244126e-04
4.545084e+01 4.882874e-04 4.941780e-04 4.411117e-04 5.295725e-04
4.550284e+01 4.879206e-04 4.904644e-04 4.381837e-04 5.351136e-04
4.555484e+01 4.867434e-04 4.855848e-04 4.347551e-04 5.398904e-04
4.560684e+01 4.847032e-04 4.800931e-04 4.312846e-04 5.427320e-04
4.565884e+01 4.818644e-04 4.746685e-04 4.281920e-04 5.427327e-04
4.571084e+01 4.783443e-04 4.698646e-04 4.256943e-04 5.394739e-04
4.576284e+01 4.742658e-04 4.659503e-04 4.237339e-04 5.331133e-04
4.581484e+01 4.697508e-04 4.628925e-04 4.220279e-04 5.243319e-04
4.586684e+01 4.649466e-04 4.604549e-04 4.202114e-04 5.141736e-04
4.591884e+01 4.600619e-04 4.583407e-04 4.180026e-04 5.038425e-04
4.597084e+01 4.553782e-04 4.563053e-04 4.153184e-04 4.945110e-04
4.602284e+01 4.512251e-04 4.542105e-04 4.122946e-04 4.871703e-04
4.607484e+01 4.479223e-04 4.520288e-04 4.092152e-04 4.825229e-04
4.612684e+01 4.457116e-04 4.498288e-04 4.063923e-04 4.809136e-04
4.617884e+01 4.447076e-04 4.477616e-04 4.040596e-04 4.823016e-04
4.623084e+01 4.448882e-04 4.460508e-04 4.023286e-04 4.862852e-04
4.628284e+01 4.461291e-04 4.449735e-04 4.012212e-04 4.921926e-04
4.633484e+01 4.482646e-04 4.448209e-04 4.007496e-04 4.992232e-04
4.638684e+01 4.511449e-04 4.458386e-04 4.009918e-04 5.066043e-04
4.643884e+01 4.546593e-04 4.481558e-04 4.021117e-04 5.137104e-04
4.649084e+01 4.587133e-04 4.517235e-04 4.043083e-04 5.201081e-04
4.654284e+01 4.631728e-04 4.562789e-04 4.077173e-04 5.255223e-04
4.659484e+01 4.678097e-04 4.613543e-04 4.123137e-04 5.297612e-04
4.664684e+01 4.722838e-04 4.663376e-04 4.178622e-04 5.326516e-04
4.669884e+01 4.761826e-04 4.705742e-04 4.239420e-04 5.340315e-04
4.675084e+01 4.791093e-04 4.734879e-04 4.300313e-04 5.338088e-04
4.680284e+01 4.807844e-04 4.746809e-04 4.356166e-04 5.320558e-04
4.685484e+01 4.811170e-04 4.739875e-04 4.402804e-04 5.290830e-04
4.690684e+01 4.802150e-04 4.714705e-04 4.437362e-04 5.254383e-04
4.695884e+01 4.783342e-04 4.673773e-04 4.458127e-04 5.218126e-04
4.701084e+01 4.757917e-04 4.620854e-04 4.464134e-04 5.188761e-04
4.706284e+01 4.728860e-04 4.560591e-04 4.454893e-04 5.171098e-04
4.711484e+01 4.698540e-04 4.498177e-04 4.430458e-04 5.166984e-04
4.716684e+01 4.668680e-04 4.439015e-04 4.391763e-04 5.175263e-04
4.721884e+01 4.640582e-04 4.388123e-04 4.340931e-04 5.192691e-04
4.727084e+01 4.615288e-04 4.349285e-04 4.281226e-04 5.215353e-04
4.732284e+01 4.593561e-04 4.324148e-04 4.216585e-04 5.239951e-04
4.737484e+01 4.575690e-04 4.311657e-04 4.150931e-04 5.264482e-04
4.742684e+01 4.561326e-04 4.308183e-04 4.087659e-04 5.288135e-04
4.747884e+01 4.549527e-04 4.308467e-04 4.029551e-04 5.310562e-04
4.753084e+01 4.539086e-04 4.307176e-04 3.979107e-04 5.330975e-04
4.758284e+01 4.529023e-04 4.300570e-04 3.938940e-04 5.347561e-04
4.763484e+01 4.519044e-04 4.287723e-04 3.911818e-04 5.357591e-04
4.768684e+01 4.509763e-04 4.270862e-04 3.900139e-04 5.358288e-04
4.773884e+01 4.502606e-04 4.254687e-04 3.904984e-04 5.348146e-04
4.779084e+01 4.499401e-04 4.244881e-04 3.925205e-04 5.328119e-04
4.784284e+01 4.501803e-04 4.246273e-04 3.957033e-04 5.302104e-04
4.789484e+01 4.510697e-04 4.261219e-04 3.994482e-04 5.276391e-04
4.794684e+01 4.525770e-04 4.288665e-04 4.030494e-04 5.258151e-04
4.799884e+01 4.545391e-04 4.324205e-04 4.058497e-04 5.253472e-04
4.805084e+01 4.566881e-04 4.361137e-04 4.073919e-04 5.265587e-04
4.810284e+01 4.587167e-04 4.392329e-04 4.075256e-04 5.293916e-04
4.815484e+01 4.603688e-04 4.412426e-04 4.064388e-04 5.334251e-04
4.820684e+01 4.615268e-04 4.419778e-04 4.046040e-04 5.379985e-04
4.825884e+01 4.622631e-04 4.417384e-04 4.026514e-04 5.423995e-04
4.831084e+01 4.628316e-04 4.412320e-04 4.012066e-04 5.460561e-04
4.836284e+01 4.635940e-04 4.413597e-04 4.007459e-04 5.486763e-04
4.841484e+01 4.649087e-04 4.429056e-04 4.015153e-04 5.503051e-04
4.846684e+01 4.670232e-04 4.462405e-04 4.035346e-04 5.512946e-04
4.851884e+01 4.700120e-04 4.511607e-04 4.066675e-04 5.522076e-04
4.857084e+01 4.737774e-04 4.569349e-04 4.107155e-04 5.536819e-04
4.862284e+01 4.781067e-04 4.625450e-04 4.154929e-04 5.562822e-04
4.867484e+01 4.827519e-04 4.670313e-04 4.208608e-04 5.603635e-04
4.872684e+01 4.875029e-04 4.698124e-04 4.267261e-04 5.659703e-04
4.877884e+01 4.922329e-04 4.708692e-04 4.330252e-04 5.728043e-04
4.883084e+01 4.969123e-04 4.707434e-04 4.397087e-04 5.802848e-04
4.888284e+01 5.015981e-04 4.703653e-04 4.467287e-04 5.877002e-04
4.893484e+01 5.064047e-04 4.707744e-04 4.540245e-04 5.944152e-04
4.898684e+01 5.114623e-04 4.728206e-04 4.615053e-04 6.000610e-04
4.903884e+01 5.168671e-04 4.769254e-04 4.690411e-04 6.046348e-04
4.909084e+01 5.226357e-04 4.829698e-04 4.764748e-04 6.084623e-04
4.914284e+01 5.286797e-04 4.903387e-04 4.836617e-04 6.120386e-04
4.919484e+01 5.348164e-04 4.981127e-04 4.905195e-04 6.158170e-04
4.924684e+01 5.408198e-04 5.053513e-04 4.970640e-04 6.200442e-04
4.929884e+01 5.465019e-04 5.113834e-04 5.034040e-04 6.247182e-04
4.935084e+01 5.517992e-04 5.160148e-04 5.096968e-04 6.296861e-04
4.940284e+01 5.568325e-04 5.195886e-04 5.160855e-04 6.348235e-04
4.945484e+01 5.619082e-04 5.228833e-04 5.226518e-04 6.401894e-04
4.950684e+01 5.674458e-04 5.268766e-04 5.294025e-04 6.460583e-04
4.955884e+01 5.738436e-04 5.324479e-04 5.362872e-04 6.527958e-04
4.961084e+01 5.813227e-04 5.401065e-04 5.432245e-04 6.606371e-04
4.966284e+01 5.898152e-04 5.498333e-04 5.501203e-04 6.694920e-04
4.971484e+01 5.989528e-04 5.610880e-04 5.568719e-04 6.788987e-04
4.976684e+01 6.081750e-04 5.729835e-04 5.633692e-04 6.881723e-04
4.981884e+01 6.169188e-04 5.845673e-04 5.695001e-04 6.966889e-04
4.987084e+01 6.248112e-04 5.951073e-04 5.751582e-04 7.041682e-04
4.992284e+01 6.317777e-04 6.042796e-04 5.802435e-04 7.108098e-04
4.997484e+01 6.380184e-04 6.121924e-04 5.846545e-04 7.172083e-04
5.002684e+01 6.438698e-04 6.192548e-04 5.882800e-04 7.240746e-04
5.007884e+01 6.496195e-04 6.259593e-04 5.910136e-04 7.318857e-04
5.013084e+01 6.553660e-04 6.326817e-04 5.927983e-04 7.406179e-04
5.018284e+01 6.609828e-04 6.395766e-04 5.936883e-04 7.496834e-04
5.023484e+01 6.661956e-04 6.465967e-04 5.938889e-04 7.581012e-04
5.028684e+01 6.707225e-04 6.535980e-04 5.937369e-04 7.648326e-04
5.033884e+01 6.744052e-04 6.604614e-04 5.936093e-04 7.691451e-04
5.039084e+01 6.772764e-04 6.671707e-04 5.937921e-04 7.708665e-04
5.044284e+01 6.795466e-04 6.738206e-04 5.943685e-04 7.704506e-04
5.049484e+01 6.815350e-04 6.805699e-04 5.951857e-04 7.688493e-04
5.054684e+01 6.835828e-04 6.875755e-04 5.959161e-04 7.672569e-04
5.059884e+01 6.859792e-04 6.949368e-04 5.961849e-04 7.668160e-04
5.065084e+01 6.889147e-04 7.026696e-04 5.957027e-04 7.683717e-04
5.070284e+01 6.924641e-04 7.107096e-04 5.943487e-04 7.723342e-04
5.075484e+01 6.965961e-04 7.189352e-04 5.921796e-04 7.786735e-04
5.080684e+01 7.012027e-04 7.271964e-04 5.893781e-04 7.870337e-04
5.085884e+01 7.061400e-04 7.353297e-04 5.861760e-04 7.969142e-04
5.091084e+01 7.112623e-04 7.431483e-04 5.827895e-04 8.078491e-04
5.096284e+01 7.164394e-04 7.504124e-04 5.793860e-04 8.195199e-04
5.101484e+01 7.215515e-04 7.568016e-04 5.760790e-04 8.317740e-04
5.106684e+01 7.264729e-04 7.619198e-04 5.729358e-04 8.445631e-04
5.111884e+01 7.310593e-04 7.653528e-04 5.699817e-04 8.578433e-04
5.117084e+01 7.351507e-04 7.667687e-04 5.671988e-04 8.714846e-04
5.122284e+01 7.385873e-04 7.660166e-04 5.645306e-04 8.852148e-04
5.127484e+01 7.412278e-04 7.631745e-04 5.619039e-04 8.986051e-04
5.132684e+01 7.429593e-04 7.585137e-04 5.592680e-04 9.110961e-04
5.137884e+01 7.436999e-04 7.524011e-04 5.566351e-04 9.220635e-04
5.143084e+01 7.434086e-04 7.452037e-04 5.540984e-04 9.309238e-04
5.148284e+01 7.421160e-04 7.372666e-04 5.518125e-04 9.372689e-04
5.153484e+01 7.399756e-04 7.289892e-04 5.499424e-04 9.409952e-04
5.158684e+01 7.373102e-04 7.209510e-04 5.486024e-04 9.423772e-04
5.163884e+01 7.346142e-04 7.139878e-04 5.478174e-04 9.420373e-04
5.169084e+01 7.324847e-04 7.091278e-04 5.475253e-04 9.408008e-04
5.174284e+01 7.314872e-04 7.073758e-04 5.476176e-04 9.394682e-04
5.179484e+01 7.320012e-04 7.094271e-04 5.479953e-04 9.385812e-04
5.184684e+01 7.341086e-04 7.154463e-04 5.486095e-04 9.382701e-04
5.189884e+01 7.375745e-04 7.250158e-04 5.494620e-04 9.382458e-04
5.195084e+01 7.419306e-04 7.372718e-04 5.505727e-04 9.379474e-04
5.200284e+01 7.466246e-04 7.511489e-04 5.519339e-04 9.367909e-04
5.205484e+01 7.511738e-04 7.656157e-04 5.534846e-04 9.344210e-04
5.210684e+01 7.552627e-04 7.798080e-04 5.551172e-04 9.308630e-04
5.215884e+01 7.587535e-04 7.930359e-04 5.567092e-04 9.265154e-04
5.221084e+01 7.616185e-04 8.047103e-04 5.581473e-04 9.219980e-04
5.226284e+01 7.638375e-04 8.142627e-04 5.593220e-04 9.179279e-04
5.231484e+01 7.653115e-04 8.211209e-04 5.600893e-04 9.147242e-04
5.236684e+01 7.658311e-04 8.247596e-04 5.602279e-04 9.125058e-04
5.241884e+01 7.651113e-04 8.248066e-04 5.594320e-04 9.110954e-04
5.247084e+01 7.628717e-04 8.211561e-04 5.573677e-04 9.100912e-04
5.252284e+01 7.589284e-04 8.140427e-04 5.537854e-04 9.089572e-04
5.257484e+01 7.532631e-04 8.040423e-04 5.486441e-04 9.071028e-04
5.262684e+01 7.460451e-04 7.919935e-04 5.421912e-04 9.039506e-04
5.267884e+01 7.376036e-04 7.788541e-04 5.349502e-04 8.990064e-04
5.273084e+01 7.283575e-04 7.655273e-04 5.276136e-04 8.919316e-04
5.278284e+01 7.187273e-04 7.527036e-04 5.208769e-04 8.826013e-04
5.283484e+01 7.090547e-04 7.407646e-04 5.152767e-04 8.711226e-04
5.288684e+01 6.995596e-04 7.297814e-04 5.110921e-04 8.578053e-04
5.293884e+01 6.903487e-04 7.196085e-04 5.083410e-04 8.430966e-04
5.299084e+01 6.814691e-04 7.100358e-04 5.068625e-04 8.275090e-04
5.304284e+01 6.729804e-04 7.009346e-04 5.064446e-04 8.115619e-04
5.309484e+01 6.650039e-04 6.923326e-04 5.069393e-04 7.957398e-04
5.314684e+01 6.577211e-04 6.843900e-04 5.083174e-04 7.804560e-04
5.319884e+01 6.513185e-04 6.772946e-04 5.106449e-04 7.660160e-04
5.325084e+01 6.459096e-04 6.711406e-04 5.139980e-04 7.525903e-04
5.330284e+01 6.414791e-04 6.658565e-04 5.183648e-04 7.402160e-04
5.335484e+01 6.378838e-04 6.612263e-04 5.235847e-04 7.288405e-04
5.340684e+01 6.349127e-04 6.569910e-04 5.293539e-04 7.183932e-04
5.345884e+01 6.323754e-04 6.529855e-04 5.352913e-04 7.088493e-04
5.351084e+01 6.301727e-04 6.492451e-04 5.410223e-04 7.002506e-04
5.356284e+01 6.283170e-04 6.460419e-04 5.462385e-04 6.926707e-04
5.361484e+01 6.268977e-04 6.438386e-04 5.507055e-04 6.861488e-04
5.366684e+01 6.260149e-04 6.431795e-04 5.542320e-04 6.806333e-04
5.371884e+01 6.257169e-04 6.445495e-04 5.566354e-04 6.759657e-04
5.377084e+01 6.259647e-04 6.482393e-04 5.577444e-04 6.719104e-04
5.382284e+01 6.266361e-04 6.542469e-04 5.574545e-04 6.682069e-04
5.387484e+01 6.275596e-04 6.622417e-04 5.558214e-04 6.646157e-04
5.392684e+01 6.285654e-04 6.716030e-04 5.531470e-04 6.609461e-04
5.397884e+01 6.295357e-04 6.815282e-04 5.500104e-04 6.570683e-04
5.403084e+01 6.304379e-04 6.911805e-04 5.472091e-04 6.529242e-04
5.408284e+01 6.313297e-04 6.998362e-04 5.456127e-04 6.485404e-04
5.413484e+01 6.323277e-04 7.069883e-04 5.459636e-04 6.440313e-04
5.418684e+01 6.335465e-04 7.123801e-04 5.486840e-04 6.395754e-04
5.423884e+01 6.350243e-04 7.159649e-04 5.537485e-04 6.353594e-04
5.429084e+01 6.366635e-04 7.178145e-04 5.606667e-04 6.315092e-04
5.434284e+01 6.382153e-04 7.180162e-04 5.685854e-04 6.280444e-04
5.439484e+01 6.393266e-04 7.166009e-04 5.764877e-04 6.248911e-04
5.444684e+01 6.396412e-04 7.135311e-04 5.834335e-04 6.219588e-04
5.449884e+01 6.389234e-04 7.087497e-04 5.887702e-04 6.192502e-04
5.455084e+01 6.371531e-04 7.022659e-04 5.922450e-04 6.169486e-04
5.460284e+01 6.345526e-04 6.942379e-04 5.939878e-04 6.154322e-04
5.465484e+01 6.315312e-04 6.850174e-04 5.943788e-04 6.151972e-04
5.470684e+01 6.285723e-04 6.751393e-04 5.938628e-04 6.167149e-04
5.475884e+01 6.261077e-04 6.652581e-04 5.927869e-04 6.202782e-04
5.481084e+01 6.244237e-04 6.560460e-04 5.913238e-04 6.259013e-04
5.486284e+01 6.236263e-04 6.480729e-04 5.894971e-04 6.333090e-04
5.491484e+01 6.236652e-04 6.416971e-04 5.872815e-04 6.420171e-04
5.496684e+01 6.243970e-04 6.369964e-04 5.847240e-04 6.514705e-04
5.501884e+01 6.256592e-04 6.337682e-04 5.820238e-04 6.611857e-04
5.507084e+01 6.273309e-04 6.316109e-04 5.795291e-04 6.708527e-04
5.512284e+01 6.293599e-04 6.300638e-04 5.776472e-04 6.803688e-04
5.517484e+01 6.317549e-04 6.287591e-04 5.767027e-04 6.898028e-04
5.522684e+01 6.345501e-04 6.275286e-04 5.768148e-04 6.993068e-04
5.527884e+01 6.377633e-04 6.264283e-04 5.778601e-04 7.090015e-04
5.533084e+01 6.413670e-04 6.256831e-04 5.795503e-04 7.188675e-04
5.538284e+01 6.452795e-04 6.255773e-04 5.815896e-04 7.286716e-04
5.543484e+01 6.493685e-04 6.263298e-04 5.838221e-04 7.379537e-04
5.548684e+01 6.534477e-04 6.279821e-04 5.862795e-04 7.460814e-04
5.553884e+01 6.572549e-04 6.303163e-04 5.890884e-04 7.523600e-04
5.559084e+01 6.604232e-04 6.328245e-04 5.922815e-04 7.561638e-04
5.564284e+01 6.624777e-04 6.347547e-04 5.956218e-04 7.570566e-04
5.569484e+01 6.628944e-04 6.352549e-04 5.985518e-04 7.548764e-04
5.574684e+01 6.612330e-04 6.336020e-04 6.003197e-04 7.497774e-04
5.579884e+01 6.573093e-04 6.294571e-04 6.002423e-04 7.422286e-04
5.585084e+01 6.513337e-04 6.230496e-04 5.979912e-04 7.329605e-04
5.590284e+01 6.439417e-04 6.152002e-04 5.937711e-04 7.228539e-04
5.595484e+01 6.360761e-04 6.071493e-04 5.883083e-04 7.127706e-04
5.600684e+01 6.287493e-04 6.002359e-04 5.826509e-04 7.033612e-04
5.605884e+01 6.227707e-04 5.955363e-04 5.778672e-04 6.949087e-04
5.611084e+01 6.185428e-04 5.935899e-04 5.747647e-04 6.872737e-04
5.616284e+01 6.160031e-04 5.942972e-04 5.737354e-04 6.799767e-04
5.621484e+01 6.147216e-04 5.970109e-04 5.747605e-04 6.723934e-04
5.626684e+01 6.140964e-04 6.007723e-04 5.775319e-04 6.639850e-04
5.631884e+01 6.135574e-04 6.046058e-04 5.815992e-04 6.544672e-04
5.637084e+01 6.126920e-04 6.077696e-04 5.864578e-04 6.438486e-04
5.642284e+01 6.112529e-04 6.098810e-04 5.915459e-04 6.323318e-04
5.647484e+01 6.090614e-04 6.108733e-04 5.961806e-04 6.201302e-04
5.652684e+01 6.058624e-04 6.108000e-04 5.995002e-04 6.072870e-04
5.657884e+01 6.011979e-04 6.095590e-04 6.004689e-04 5.935658e-04
5.663084e+01 5.943518e-04 6.066495e-04 5.979621e-04 5.784438e-04
5.668284e+01 5.843843e-04 6.010649e-04 5.908990e-04 5.611890e-04
