5.008006e+00 0.000000e+00 0.000000e+00 0.000000e+00 0.000000e+00
5.060006e+00 0.000000e+00 0.000000e+00 0.000000e+00 0.000000e+00
5.112006e+00 0.000000e+00 0.000000e+00 0.000000e+00 0.000000e+00
5.164006e+00 0.000000e+00 0.000000e+00 0.000000e+00 0.000000e+00
5.216006e+00 0.000000e+00 0.000000e+00 0.000000e+00 0.000000e+00
5.268006e+00 0.000000e+00 0.000000e+00 0.000000e+00 0.000000e+00
5.320006e+00 0.000000e+00 0.000000e+00 0.000000e+00 0.000000e+00
5.372006e+00 0.000000e+00 0.000000e+00 0.000000e+00 0.000000e+00
5.424006e+00 0.000000e+00 0.000000e+00 0.000000e+00 0.000000e+00
5.476006e+00 0.000000e+00 0.000000e+00 0.000000e+00 0.000000e+00
5.528006e+00 0.000000e+00 0.000000e+00 0.000000e+00 0.000000e+00
5.580006e+00 0.000000e+00 0.000000e+00 0.000000e+00 0.000000e+00
5.632006e+00 0.000000e+00 0.000000e+00 0.000000e+00 0.000000e+00
5.684006e+00 0.000000e+00 0.000000e+00 0.000000e+00 0.000000e+00
5.736006e+00 0.000000e+00 0.000000e+00 0.000000e+00 0.000000e+00
5.788006e+00 0.000000e+00 0.000000e+00 0.000000e+00 0.000000e+00
5.840006e+00 0.000000e+00 0.000000e+00 0.000000e+00 0.000000e+00
5.892006e+00 0.000000e+00 0.000000e+00 0.000000e+00 0.000000e+00
5.944006e+00 0.000000e+00 0.000000e+00 0.000000e+00 0.000000e+00
5.996006e+00 0.000000e+00 0.000000e+00 0.000000e+00 0.000000e+00
6.048006e+00 0.000000e+00 0.000000e+00 0.000000e+00 0.000000e+00
6.100006e+00 0.000000e+00 0.000000e+00 0.000000e+00 0.000000e+00
6.152006e+00 0.000000e+00 0.000000e+00 0.000000e+00 0.000000e+00
6.204006e+00 0.000000e+00 0.000000e+00 0.000000e+00 0.000000e+00
6.256006e+00 0.000000e+00 0.000000e+00 0.000000e+00 0.000000e+00
6.308006e+00 0.000000e+00 0.000000e+00 0.000000e+00 0.000000e+00
6.360006e+00 0.000000e+00 0.000000e+00 0.000000e+00 0.000000e+00
6.412006e+00 0.000000e+00 0.000000e+00 0.000000e+00 0.000000e+00
6.464006e+00 0.000000e+00 0.000000e+00 0.000000e+00 0.000000e+00
6.516006e+00 0.000000e+00 0.000000e+00 0.000000e+00 0.000000e+00
6.568006e+00 0.000000e+00 0.000000e+00 0.000000e+00 0.000000e+00
6.620006e+00 0.000000e+00 0.000000e+00 0.000000e+00 0.000000e+00
6.672006e+00 0.000000e+00 0.000000e+00 0.000000e+00 0.000000e+00
6.724006e+00 0.000000e+00 0.000000e+00 0.000000e+00 0.000000e+00
6.776006e+00 0.000000e+00 0.000000e+00 0.000000e+00 0.000000e+00
6.828006e+00 0.000000e+00 0.000000e+00 0.000000e+00 0.000000e+00
6.880006e+00 0.000000e+00 0.000000e+00 0.000000e+00 0.000000e+00
6.932006e+00 0.000000e+00 0.000000e+00 0.000000e+00 0.000000e+00
6.984006e+00 0.000000e+00 0.000000e+00 0.000000e+00 0.000000e+00
7.036006e+00 0.000000e+00 0.000000e+00 0.000000e+00 0.000000e+00
7.088006e+00 0.000000e+00 0.000000e+00 0.000000e+00 0.000000e+00
7.140006e+00 0.000000e+00 0.000000e+00 0.000000e+00 0.000000e+00
7.192006e+00 0.000000e+00 0.000000e+00 0.000000e+00 0.000000e+00
7.244006e+00 0.000000e+00 0.000000e+00 0.000000e+00 0.000000e+00
7.296006e+00 0.000000e+00 0.000000e+00 0.000000e+00 0.000000e+00
7.348006e+00 0.000000e+00 0.000000e+00 0.000000e+00 0.000000e+00
7.400006e+00 0.000000e+00 0.000000e+00 0.000000e+00 0.000000e+00
7.452006e+00 0.000000e+00 0.000000e+00 0.000000e+00 0.000000e+00
7.504006e+00 0.000000e+00 0.000000e+00 0.000000e+00 0.000000e+00
7.556006e+00 0.000000e+00 0.000000e+00 0.000000e+00 0.000000e+00
7.608006e+00 0.000000e+00 0.000000e+00 0.000000e+00 0.000000e+00
7.660006e+00 0.000000e+00 0.000000e+00 0.000000e+00 0.000000e+00
7.712006e+00 0.000000e+00 0.000000e+00 0.000000e+00 0.000000e+00
7.764006e+00 0.000000e+00 0.000000e+00 0.000000e+00 0.000000e+00
7.816006e+00 0.000000e+00 0.000000e+00 0.000000e+00 0.000000e+00
7.868006e+00 0.000000e+00 0.000000e+00 0.000000e+00 0.000000e+00
7.920006e+00 0.000000e+00 0.000000e+00 0.000000e+00 0.000000e+00
7.972006e+00 0.000000e+00 0.000000e+00 0.000000e+00 0.000000e+00
8.024006e+00 0.000000e+00 0.000000e+00 0.000000e+00 0.000000e+00
8.076006e+00 0.000000e+00 0.000000e+00 0.000000e+00 0.000000e+00
8.128006e+00 0.000000e+00 0.000000e+00 0.000000e+00 0.000000e+00
8.180006e+00 0.000000e+00 0.000000e+00 0.000000e+00 0.000000e+00
8.232006e+00 0.000000e+00 0.000000e+00 0.000000e+00 0.000000e+00
8.284006e+00 0.000000e+00 0.000000e+00 0.000000e+00 0.000000e+00
8.336006e+00 0.000000e+00 0.000000e+00 0.000000e+00 0.000000e+00
8.388006e+00 0.000000e+00 0.000000e+00 0.000000e+00 0.000000e+00
8.440006e+00 0.000000e+00 0.000000e+00 0.000000e+00 0.000000e+00
8.492006e+00 0.000000e+00 0.000000e+00 0.000000e+00 0.000000e+00
8.544006e+00 0.000000e+00 0.000000e+00 0.000000e+00 0.000000e+00
8.596006e+00 0.000000e+00 0.000000e+00 0.000000e+00 0.000000e+00
8.648006e+00 0.000000e+00 0.000000e+00 0.000000e+00 0.000000e+00
8.700006e+00 0.000000e+00 0.000000e+00 0.000000e+00 0.000000e+00
8.752006e+00 0.000000e+00 0.000000e+00 0.000000e+00 0.000000e+00
8.804006e+00 0.000000e+00 0.000000e+00 0.000000e+00 0.000000e+00
8.856006e+00 1.836796e-14 1.431981e-15 3.258059e-14 2.109131e-14
8.908006e+00 8.406647e-14 6.553891e-15 1.491148e-13 9.653070e-14
8.960006e+00 5.668762e-13 7.731941e-14 9.783280e-13 6.449813e-13
9.012006e+00 2.372119e-12 3.349138e-13 4.084455e-12 2.696987e-12
9.064006e+00 1.016639e-11 1.641953e-12 1.733304e-11 1.152416e-11
9.116006e+00 3.833377e-11 6.536245e-12 6.506881e-11 4.339627e-11
9.168006e+00 1.354720e-10 2.418295e-11 2.290506e-10 1.531826e-10
9.220006e+00 4.505931e-10 8.419427e-11 7.586899e-10 5.088951e-10
9.272006e+00 1.411258e-09 2.759759e-10 2.365963e-09 1.591834e-09
9.324006e+00 4.164769e-09 8.512402e-10 6.951216e-09 4.691851e-09
9.376006e+00 1.158787e-08 2.471967e-09 1.925343e-08 1.303821e-08
9.428006e+00 3.042148e-08 6.762405e-09 5.031445e-08 3.418760e-08
9.480006e+00 7.540494e-08 1.743320e-08 1.241399e-07 8.464176e-08
9.532006e+00 1.766080e-07 4.237316e-08 2.894220e-07 1.980289e-07
9.584006e+00 3.911997e-07 9.716305e-08 6.382059e-07 4.382300e-07
9.636006e+00 8.203912e-07 2.103444e-07 1.332537e-06 9.182921e-07
9.688006e+00 1.630858e-06 4.303056e-07 2.637851e-06 1.824419e-06
9.740006e+00 3.077634e-06 8.327644e-07 4.958301e-06 3.441836e-06
9.792006e+00 5.522776e-06 1.526664e-06 8.865223e-06 6.176440e-06
9.844006e+00 9.442151e-06 2.655317e-06 1.510713e-05 1.056401e-05
9.896006e+00 1.541246e-05 4.389425e-06 2.458956e-05 1.725839e-05
9.948006e+00 2.407242e-05 6.909684e-06 3.831584e-05 2.699172e-05
1.000001e+01 3.605462e-05 1.037880e-05 5.728322e-05 4.050184e-05
1.005201e+01 5.188683e-05 1.490527e-05 8.233148e-05 5.842375e-05
1.010401e+01 7.186318e-05 2.050337e-05 1.139429e-04 8.114330e-05
1.015601e+01 9.589057e-05 2.705503e-05 1.519995e-04 1.086171e-04
1.020801e+01 1.233280e-04 3.428107e-05 1.955251e-04 1.401780e-04
1.026001e+01 1.528574e-04 4.173158e-05 2.424704e-04 1.743703e-04
1.031201e+01 1.824450e-04 4.880776e-05 2.896399e-04 2.088873e-04
1.036401e+01 2.094595e-04 5.482712e-05 3.328621e-04 2.406892e-04
1.041601e+01 2.309874e-04 5.913795e-05 3.674719e-04 2.663525e-04
1.046801e+01 2.443282e-04 6.127733e-05 3.890739e-04 2.826335e-04
1.052001e+01 2.475807e-04 6.115492e-05 3.944450e-04 2.871422e-04
1.057201e+01 2.401777e-04 5.923824e-05 3.823383e-04 2.789564e-04
1.062401e+01 2.232201e-04 5.671612e-05 3.539473e-04 2.589968e-04
1.067601e+01 1.995125e-04 5.562079e-05 3.128711e-04 2.300456e-04
1.072801e+01 1.732932e-04 5.888393e-05 2.645889e-04 1.964068e-04
1.078001e+01 1.497385e-04 7.028517e-05 2.156142e-04 1.633162e-04
1.083201e+01 1.343669e-04 9.423287e-05 1.725940e-04 1.362737e-04
1.088401e+01 1.324551e-04 1.353234e-04 1.415941e-04 1.204477e-04
1.093601e+01 1.485240e-04 1.976812e-04 1.276748e-04 1.202161e-04
1.098801e+01 1.858987e-04 2.841796e-04 1.346952e-04 1.388211e-04
1.104001e+01 2.463334e-04 3.957366e-04 1.651831e-04 1.780804e-04
1.109201e+01 3.297263e-04 5.308982e-04 2.201339e-04 2.381467e-04
1.114401e+01 4.339923e-04 6.858285e-04 2.987564e-04 3.173921e-04
1.119601e+01 5.551861e-04 8.546767e-04 3.983453e-04 4.125363e-04
1.124801e+01 6.879285e-04 1.030184e-03 5.145227e-04 5.190793e-04
1.130001e+01 8.261190e-04 1.204425e-03 6.419636e-04 6.319685e-04
1.135201e+01 9.638314e-04 1.369715e-03 7.754651e-04 7.463138e-04
1.140401e+01 1.096237e-03 1.519761e-03 9.109871e-04 8.579638e-04
1.145601e+01 1.220375e-03 1.650993e-03 1.046261e-03 9.638703e-04
1.150801e+01 1.335580e-03 1.763681e-03 1.180768e-03 1.062290e-03
1.156001e+01 1.443424e-03 1.862173e-03 1.315210e-03 1.152888e-03
1.161201e+01 1.547086e-03 1.953748e-03 1.450815e-03 1.236697e-03
1.166401e+01 1.650234e-03 2.046171e-03 1.588770e-03 1.315762e-03
1.171601e+01 1.755713e-03 2.144848e-03 1.729910e-03 1.392380e-03
1.176801e+01 1.864502e-03 2.250892e-03 1.874550e-03 1.468064e-03
1.182001e+01 1.975413e-03 2.361174e-03 2.022393e-03 1.542671e-03
1.187201e+01 2.085729e-03 2.470466e-03 2.172561e-03 1.614161e-03
1.192401e+01 2.192593e-03 2.574692e-03 2.323892e-03 1.679195e-03
1.197601e+01 2.294521e-03 2.673689e-03 2.475556e-03 1.734317e-03
1.202801e+01 2.392356e-03 2.772036e-03 2.627793e-03 1.777240e-03
1.208001e+01 2.489221e-03 2.877443e-03 2.782438e-03 1.807781e-03
1.213201e+01 2.589536e-03 2.997223e-03 2.942964e-03 1.828422e-03
1.218401e+01 2.697630e-03 3.134244e-03 3.114007e-03 1.844638e-03
1.223601e+01 2.816506e-03 3.283999e-03 3.300443e-03 1.865078e-03
1.228801e+01 2.947114e-03 3.434108e-03 3.506012e-03 1.901221e-03
1.234001e+01 3.087994e-03 3.566764e-03 3.731363e-03 1.965856e-03
1.239201e+01 3.235031e-03 3.663518e-03 3.971617e-03 2.069958e-03
1.244401e+01 3.381130e-03 3.710827e-03 4.214159e-03 2.218404e-03
1.249601e+01 3.516114e-03 3.704317e-03 4.438031e-03 2.405995e-03
1.254801e+01 3.627425e-03 3.650137e-03 4.616321e-03 2.615817e-03
1.260001e+01 3.702112e-03 3.562968e-03 4.721943e-03 2.821426e-03
1.265201e+01 3.730031e-03 3.461678e-03 4.735462e-03 2.992953e-03
1.270401e+01 3.707357e-03 3.364530e-03 4.652139e-03 3.105404e-03
1.275601e+01 3.639060e-03 3.285729e-03 4.485153e-03 3.146298e-03
1.280801e+01 3.539099e-03 3.234154e-03 4.263359e-03 3.119783e-03
1.286001e+01 3.427894e-03 3.213844e-03 4.024193e-03 3.045646e-03
1.291201e+01 3.327655e-03 3.225053e-03 3.804374e-03 2.953536e-03
1.296401e+01 3.256962e-03 3.264747e-03 3.631688e-03 2.874450e-03
1.301601e+01 3.226296e-03 3.326240e-03 3.520314e-03 2.832333e-03
1.306801e+01 3.235824e-03 3.398653e-03 3.470447e-03 2.838373e-03
1.312001e+01 3.276055e-03 3.467444e-03 3.471329e-03 2.889393e-03
1.317201e+01 3.331076e-03 3.517001e-03 3.505924e-03 2.970302e-03
1.322401e+01 3.383384e-03 3.535278e-03 3.555524e-03 3.059351e-03
1.327601e+01 3.418900e-03 3.519107e-03 3.603216e-03 3.134376e-03
1.332801e+01 3.430759e-03 3.477995e-03 3.635983e-03 3.178300e-03
1.338001e+01 3.420937e-03 3.434298e-03 3.645780e-03 3.182734e-03
1.343201e+01 3.399395e-03 3.418810e-03 3.630138e-03 3.149238e-03
1.348401e+01 3.381182e-03 3.462520e-03 3.592560e-03 3.088467e-03
1.353601e+01 3.382377e-03 3.586807e-03 3.542556e-03 3.017770e-03
1.358801e+01 3.415956e-03 3.795132e-03 3.494770e-03 2.957965e-03
1.364001e+01 3.488567e-03 4.069066e-03 3.466676e-03 2.929958e-03
1.369201e+01 3.598916e-03 4.370342e-03 3.474762e-03 2.951646e-03
1.374401e+01 3.738007e-03 4.648818e-03 3.529835e-03 3.035367e-03
1.379601e+01 3.890995e-03 4.854293e-03 3.632790e-03 3.185902e-03
1.384801e+01 4.039971e-03 4.948570e-03 3.772379e-03 3.398964e-03
1.390001e+01 4.166755e-03 4.913877e-03 3.926150e-03 3.660237e-03
1.395201e+01 4.255002e-03 4.755025e-03 4.064705e-03 3.945277e-03
1.400401e+01 4.291372e-03 4.495076e-03 4.158163e-03 4.220877e-03
1.405601e+01 4.266058e-03 4.166854e-03 4.182826e-03 4.448494e-03
1.410801e+01 4.173260e-03 3.803925e-03 4.125957e-03 4.589898e-03
1.416001e+01 4.012017e-03 3.434285e-03 3.987407e-03 4.614358e-03
1.421201e+01 3.787374e-03 3.078199e-03 3.778179e-03 4.505744e-03
1.426401e+01 3.511377e-03 2.749580e-03 3.517108e-03 4.267444e-03
1.431601e+01 3.203194e-03 2.458967e-03 3.227267e-03 3.923347e-03
1.436801e+01 2.887800e-03 2.216042e-03 2.933129e-03 3.514228e-03
1.442001e+01 2.593151e-03 2.030410e-03 2.658678e-03 3.090365e-03
1.447201e+01 2.346239e-03 1.910492e-03 2.425880e-03 2.702346e-03
1.452401e+01 2.168828e-03 1.861241e-03 2.252862e-03 2.392381e-03
1.457601e+01 2.073781e-03 1.881767e-03 2.151594e-03 2.187981e-03
1.462801e+01 2.062786e-03 1.963850e-03 2.125565e-03 2.098942e-03
1.468001e+01 2.125985e-03 2.091957e-03 2.168364e-03 2.117636e-03
1.473201e+01 2.243628e-03 2.244906e-03 2.263986e-03 2.221991e-03
1.478401e+01 2.389461e-03 2.398896e-03 2.389223e-03 2.380265e-03
1.483601e+01 2.535240e-03 2.531258e-03 2.517754e-03 2.556707e-03
1.488801e+01 2.655453e-03 2.624121e-03 2.624988e-03 2.717250e-03
1.494001e+01 2.731342e-03 2.667140e-03 2.692418e-03 2.834468e-03
1.499201e+01 2.753416e-03 2.658710e-03 2.710408e-03 2.891131e-03
1.504401e+01 2.722076e-03 2.605523e-03 2.678811e-03 2.881894e-03
1.509601e+01 2.646447e-03 2.520784e-03 2.605542e-03 2.813013e-03
1.514801e+01 2.541967e-03 2.421707e-03 2.503840e-03 2.700354e-03
1.520001e+01 2.427504e-03 2.326929e-03 2.389247e-03 2.566336e-03
1.525201e+01 2.322672e-03 2.254226e-03 2.277263e-03 2.436526e-03
1.530401e+01 2.245743e-03 2.218645e-03 2.182144e-03 2.336441e-03
1.535601e+01 2.212140e-03 2.230939e-03 2.116729e-03 2.288751e-03
1.540801e+01 2.233226e-03 2.296249e-03 2.092694e-03 2.310736e-03
1.546001e+01 2.315149e-03 2.413152e-03 2.120418e-03 2.411877e-03
1.551201e+01 2.457666e-03 2.573380e-03 2.207915e-03 2.591703e-03
1.556401e+01 2.653267e-03 2.762512e-03 2.358765e-03 2.838523e-03
1.561601e+01 2.887057e-03 2.961698e-03 2.569635e-03 3.129838e-03
1.566801e+01 3.137769e-03 3.150070e-03 2.828327e-03 3.434911e-03
1.572001e+01 3.379939e-03 3.307234e-03 3.113361e-03 3.719222e-03
1.577201e+01 3.586895e-03 3.415275e-03 3.395682e-03 3.949726e-03
1.582401e+01 3.734061e-03 3.460159e-03 3.642508e-03 4.099516e-03
1.587601e+01 3.802154e-03 3.432803e-03 3.822715e-03 4.150944e-03
1.592801e+01 3.779980e-03 3.330258e-03 3.912638e-03 4.097045e-03
1.598001e+01 3.666551e-03 3.157016e-03 3.900860e-03 3.941779e-03
1.603201e+01 3.471996e-03 2.925864e-03 3.790569e-03 3.699556e-03
1.608401e+01 3.216644e-03 2.657356e-03 3.598600e-03 3.393977e-03
1.613601e+01 2.927891e-03 2.377259e-03 3.351177e-03 3.055238e-03
1.618801e+01 2.635220e-03 2.112198e-03 3.077592e-03 2.715870e-03
1.624001e+01 2.364600e-03 1.884688e-03 2.803794e-03 2.405319e-03
1.629201e+01 2.133956e-03 1.709140e-03 2.547898e-03 2.144831e-03
1.634401e+01 1.951061e-03 1.590093e-03 2.318743e-03 1.944348e-03
1.639601e+01 1.814251e-03 1.522987e-03 2.117322e-03 1.802444e-03
1.644801e+01 1.715265e-03 1.496832e-03 1.939884e-03 1.709079e-03
1.650001e+01 1.642896e-03 1.497613e-03 1.781184e-03 1.649891e-03
1.655201e+01 1.586159e-03 1.511335e-03 1.636746e-03 1.610396e-03
1.660401e+01 1.536263e-03 1.526103e-03 1.503802e-03 1.578882e-03
1.665601e+01 1.487310e-03 1.533165e-03 1.381189e-03 1.547577e-03
1.670801e+01 1.436106e-03 1.527186e-03 1.268748e-03 1.512382e-03
1.676001e+01 1.381537e-03 1.506082e-03 1.166683e-03 1.471847e-03
1.681201e+01 1.323887e-03 1.470570e-03 1.075088e-03 1.426003e-03
1.686401e+01 1.264229e-03 1.423527e-03 9.936860e-04 1.375474e-03
1.691601e+01 1.203964e-03 1.369154e-03 9.217581e-04 1.320981e-03
1.696801e+01 1.144502e-03 1.312034e-03 8.582451e-04 1.263226e-03
1.702001e+01 1.087087e-03 1.256256e-03 8.019878e-04 1.203017e-03
1.707201e+01 1.032760e-03 1.204751e-03 7.520373e-04 1.141492e-03
1.712401e+01 9.823993e-04 1.158966e-03 7.079172e-04 1.080314e-03
1.717601e+01 9.367668e-04 1.118882e-03 6.697241e-04 1.021694e-03
1.722801e+01 8.965064e-04 1.083317e-03 6.380169e-04 9.681857e-04
1.728001e+01 8.620749e-04 1.050429e-03 6.135291e-04 9.222663e-04
1.733201e+01 8.336444e-04 1.018311e-03 5.968050e-04 8.858170e-04
1.738401e+01 8.110222e-04 9.855217e-04 5.878790e-04 8.596657e-04
1.743601e+01 7.936285e-04 9.514489e-04 5.860934e-04 8.433431e-04
1.748801e+01 7.805457e-04 9.164025e-04 5.901059e-04 8.351288e-04
1.754001e+01 7.706365e-04 8.814486e-04 5.980849e-04 8.323759e-04
1.759201e+01 7.627194e-04 8.480885e-04 6.080398e-04 8.320298e-04
1.764401e+01 7.557709e-04 8.179146e-04 6.181854e-04 8.312127e-04
1.769601e+01 7.491011e-04 7.923387e-04 6.272229e-04 8.277418e-04
1.774801e+01 7.424337e-04 7.723959e-04 6.344437e-04 8.204615e-04
1.780001e+01 7.358440e-04 7.585765e-04 6.396377e-04 8.093178e-04
1.785201e+01 7.295674e-04 7.506499e-04 6.428839e-04 7.951683e-04
1.790401e+01 7.237586e-04 7.475219e-04 6.443572e-04 7.793966e-04
1.795601e+01 7.183221e-04 7.472338e-04 6.442722e-04 7.634603e-04
1.800801e+01 7.129007e-04 7.472051e-04 6.429855e-04 7.485115e-04
1.806001e+01 7.070251e-04 7.447253e-04 6.411595e-04 7.351906e-04
1.811201e+01 7.003302e-04 7.375643e-04 6.398180e-04 7.236083e-04
1.816401e+01 6.926987e-04 7.244824e-04 6.401587e-04 7.134551e-04
1.821601e+01 6.842380e-04 7.054433e-04 6.431262e-04 7.041444e-04
1.826801e+01 6.751036e-04 6.814687e-04 6.489157e-04 6.949265e-04
1.832001e+01 6.653029e-04 6.542454e-04 6.566804e-04 6.849829e-04
1.837201e+01 6.546468e-04 6.257038e-04 6.646723e-04 6.735643e-04
1.842401e+01 6.429488e-04 5.977639e-04 6.708578e-04 6.602247e-04
1.847601e+01 6.304114e-04 5.723057e-04 6.738053e-04 6.451232e-04
1.852801e+01 6.179930e-04 5.512508e-04 6.734632e-04 6.292650e-04
1.858001e+01 6.075024e-04 5.365582e-04 6.714395e-04 6.145096e-04
1.863201e+01 6.012722e-04 5.299861e-04 6.705895e-04 6.032409e-04
1.868401e+01 6.014721e-04 5.326414e-04 6.740196e-04 5.977554e-04
1.873601e+01 6.093289e-04 5.445103e-04 6.838917e-04 5.995846e-04
1.878801e+01 6.245979e-04 5.642299e-04 7.005236e-04 6.090402e-04
1.884001e+01 6.455439e-04 5.892730e-04 7.221680e-04 6.251907e-04
1.889201e+01 6.694565e-04 6.165156e-04 7.455706e-04 6.462832e-04
1.894401e+01 6.934827e-04 6.429598e-04 7.670766e-04 6.704117e-04
1.899601e+01 7.154189e-04 6.663121e-04 7.838302e-04 6.961142e-04
1.904801e+01 7.341335e-04 6.852023e-04 7.945805e-04 7.226178e-04
1.910001e+01 7.494795e-04 6.990262e-04 7.997899e-04 7.496224e-04
1.915201e+01 7.617927e-04 7.075782e-04 8.010530e-04 7.767470e-04
1.920401e+01 7.712612e-04 7.107184e-04 8.001311e-04 8.029341e-04
1.925601e+01 7.774919e-04 7.082592e-04 7.980683e-04 8.261482e-04
1.930801e+01 7.795003e-04 7.001164e-04 7.947960e-04 8.435884e-04
1.936001e+01 7.761420e-04 6.866252e-04 7.893932e-04 8.524077e-04
1.941201e+01 7.667917e-04 6.688398e-04 7.808482e-04 8.506869e-04
1.946401e+01 7.519401e-04 6.486374e-04 7.689239e-04 8.382590e-04
1.951601e+01 7.333931e-04 6.285193e-04 7.546706e-04 8.169895e-04
1.956801e+01 7.139148e-04 6.111205e-04 7.402979e-04 7.903261e-04
1.962001e+01 6.964136e-04 5.985712e-04 7.284268e-04 7.622429e-04
1.967201e+01 6.830026e-04 5.919542e-04 7.210514e-04 7.360023e-04
1.972401e+01 6.743577e-04 5.911102e-04 7.186964e-04 7.132666e-04
1.977601e+01 6.696888e-04 5.949349e-04 7.201735e-04 6.939579e-04
1.982801e+01 6.673623e-04 6.020993e-04 7.230665e-04 6.769212e-04
1.988001e+01 6.659090e-04 6.119117e-04 7.247392e-04 6.610760e-04
1.993201e+01 6.649624e-04 6.249305e-04 7.234394e-04 6.465173e-04
1.998401e+01 6.657104e-04 6.430153e-04 7.190503e-04 6.350657e-04
2.003601e+01 6.706632e-04 6.687357e-04 7.132258e-04 6.300280e-04
2.008801e+01 6.828472e-04 7.043494e-04 7.089166e-04 6.352755e-04
2.014001e+01 7.047630e-04 7.507537e-04 7.095257e-04 6.540097e-04
2.019201e+01 7.375083e-04 8.068264e-04 7.180259e-04 6.876725e-04
2.024401e+01 7.803589e-04 8.694007e-04 7.363236e-04 7.353523e-04
2.029601e+01 8.308960e-04 9.338552e-04 7.650036e-04 7.938292e-04
2.034801e+01 8.855617e-04 9.950758e-04 8.034332e-04 8.581762e-04
2.040001e+01 9.404148e-04 1.048452e-03 8.501021e-04 9.226899e-04
2.045201e+01 9.918568e-04 1.090640e-03 9.030480e-04 9.818824e-04
2.050401e+01 1.037186e-03 1.119967e-03 9.602563e-04 1.031335e-03
2.055601e+01 1.074927e-03 1.136523e-03 1.019957e-03 1.068301e-03
2.060801e+01 1.104927e-03 1.142002e-03 1.080758e-03 1.092021e-03
2.066001e+01 1.128209e-03 1.139372e-03 1.141550e-03 1.103705e-03
2.071201e+01 1.146562e-03 1.132354e-03 1.201188e-03 1.106144e-03
2.076401e+01 1.161921e-03 1.124737e-03 1.258055e-03 1.102971e-03
2.081601e+01 1.175725e-03 1.119651e-03 1.309801e-03 1.097723e-03
2.086801e+01 1.188505e-03 1.118985e-03 1.353513e-03 1.093016e-03
2.092001e+01 1.199931e-03 1.123196e-03 1.386450e-03 1.090146e-03
2.097201e+01 1.209310e-03 1.131579e-03 1.407087e-03 1.089265e-03
2.102401e+01 1.216302e-03 1.142912e-03 1.415956e-03 1.090038e-03
2.107601e+01 1.221466e-03 1.156184e-03 1.415803e-03 1.092410e-03
2.112801e+01 1.226362e-03 1.171105e-03 1.410848e-03 1.097134e-03
2.118001e+01 1.233138e-03 1.188154e-03 1.405441e-03 1.105820e-03
2.123201e+01 1.243779e-03 1.208146e-03 1.402687e-03 1.120503e-03
2.128401e+01 1.259330e-03 1.231477e-03 1.403609e-03 1.142902e-03
2.133601e+01 1.279392e-03 1.257417e-03 1.407127e-03 1.173631e-03
2.138801e+01 1.302060e-03 1.283797e-03 1.410761e-03 1.211620e-03
2.144001e+01 1.324326e-03 1.307308e-03 1.411693e-03 1.253977e-03
2.149201e+01 1.342826e-03 1.324347e-03 1.407758e-03 1.296374e-03
2.154401e+01 1.354678e-03 1.332060e-03 1.398060e-03 1.333914e-03
2.159601e+01 1.358147e-03 1.329150e-03 1.383059e-03 1.362231e-03
2.164801e+01 1.352935e-03 1.316124e-03 1.364201e-03 1.378480e-03
2.170001e+01 1.340038e-03 1.294942e-03 1.343264e-03 1.381906e-03
2.175201e+01 1.321295e-03 1.268338e-03 1.321671e-03 1.373875e-03
2.180401e+01 1.298884e-03 1.239167e-03 1.300028e-03 1.357457e-03
2.185601e+01 1.274997e-03 1.210101e-03 1.278063e-03 1.336827e-03
2.190801e+01 1.251822e-03 1.183730e-03 1.255013e-03 1.316723e-03
2.196001e+01 1.231777e-03 1.162915e-03 1.230327e-03 1.302090e-03
2.201201e+01 1.217784e-03 1.151122e-03 1.204392e-03 1.297839e-03
2.206401e+01 1.213355e-03 1.152485e-03 1.178966e-03 1.308613e-03
2.211601e+01 1.222326e-03 1.171491e-03 1.157064e-03 1.338424e-03
2.216801e+01 1.248269e-03 1.212320e-03 1.142317e-03 1.390171e-03
2.222001e+01 1.293723e-03 1.278013e-03 1.138018e-03 1.465138e-03
2.227201e+01 1.359493e-03 1.369665e-03 1.146214e-03 1.562600e-03
2.232401e+01 1.444234e-03 1.485861e-03 1.167189e-03 1.679653e-03
2.237601e+01 1.544429e-03 1.622505e-03 1.199477e-03 1.811306e-03
2.242801e+01 1.654775e-03 1.773135e-03 1.240377e-03 1.950814e-03
2.248001e+01 1.768870e-03 1.929675e-03 1.286724e-03 2.090210e-03
2.253201e+01 1.880019e-03 2.083457e-03 1.335630e-03 2.220969e-03
2.258401e+01 1.981998e-03 2.226254e-03 1.384951e-03 2.334788e-03
2.263601e+01 2.069621e-03 2.351053e-03 1.433379e-03 2.424432e-03
2.268801e+01 2.139070e-03 2.452411e-03 1.480223e-03 2.484575e-03
2.274001e+01 2.187989e-03 2.526414e-03 1.525042e-03 2.512511e-03
2.279201e+01 2.215431e-03 2.570413e-03 1.567334e-03 2.508545e-03
2.284401e+01 2.221696e-03 2.582814e-03 1.606369e-03 2.475906e-03
2.289601e+01 2.208138e-03 2.563105e-03 1.641189e-03 2.420121e-03
2.294801e+01 2.176943e-03 2.512177e-03 1.670707e-03 2.347946e-03
2.300001e+01 2.130906e-03 2.432765e-03 1.693821e-03 2.266132e-03
2.305201e+01 2.073198e-03 2.329719e-03 1.709511e-03 2.180363e-03
2.310401e+01 2.007141e-03 2.209829e-03 1.716931e-03 2.094661e-03
2.315601e+01 1.935983e-03 2.081100e-03 1.715496e-03 2.011355e-03
2.320801e+01 1.862695e-03 1.951614e-03 1.704972e-03 1.931499e-03
2.326001e+01 1.789787e-03 1.828312e-03 1.685576e-03 1.855472e-03
2.331201e+01 1.719183e-03 1.716061e-03 1.658044e-03 1.783443e-03
2.336401e+01 1.652153e-03 1.617264e-03 1.623685e-03 1.715508e-03
2.341601e+01 1.589315e-03 1.532031e-03 1.584395e-03 1.651518e-03
2.346801e+01 1.530706e-03 1.458761e-03 1.542586e-03 1.590771e-03
2.352001e+01 1.475895e-03 1.394879e-03 1.500976e-03 1.531831e-03
2.357201e+01 1.424116e-03 1.337501e-03 1.462193e-03 1.472654e-03
2.362401e+01 1.374402e-03 1.283930e-03 1.428228e-03 1.411049e-03
2.367601e+01 1.325702e-03 1.231935e-03 1.399860e-03 1.345311e-03
2.372801e+01 1.276984e-03 1.179891e-03 1.376279e-03 1.274783e-03
2.378001e+01 1.227337e-03 1.126814e-03 1.355075e-03 1.200122e-03
2.383201e+01 1.176073e-03 1.072363e-03 1.332673e-03 1.123183e-03
2.388401e+01 1.122841e-03 1.016797e-03 1.305132e-03 1.046595e-03
2.393601e+01 1.067728e-03 9.609068e-04 1.269080e-03 9.731983e-04
2.398801e+01 1.011326e-03 9.058773e-04 1.222536e-03 9.055637e-04
2.404001e+01 9.547302e-04 8.530988e-04 1.165390e-03 8.457016e-04
2.409201e+01 8.994511e-04 8.039368e-04 1.099440e-03 7.949765e-04
2.414401e+01 8.472276e-04 7.595254e-04 1.028024e-03 7.541335e-04
2.419601e+01 7.997811e-04 7.206446e-04 9.553682e-04 7.233304e-04
2.424801e+01 7.585628e-04 6.877105e-04 8.858516e-04 7.021262e-04
2.430001e+01 7.245535e-04 6.608527e-04 8.233497e-04 6.894582e-04
2.435201e+01 6.981561e-04 6.400075e-04 7.707752e-04 6.836855e-04
2.440401e+01 6.791762e-04 6.249478e-04 7.298321e-04 6.827486e-04
2.445601e+01 6.668551e-04 6.152114e-04 7.009248e-04 6.844290e-04
2.450801e+01 6.599162e-04 6.099621e-04 6.831559e-04 6.866305e-04
2.456001e+01 6.566205e-04 6.078748e-04 6.743882e-04 6.875984e-04
2.461201e+01 6.548723e-04 6.071563e-04 6.714239e-04 6.860369e-04
2.466401e+01 6.524350e-04 6.057707e-04 6.703879e-04 6.811463e-04
2.471601e+01 6.472780e-04 6.018525e-04 6.673501e-04 6.726316e-04
2.476801e+01 6.380081e-04 5.941995e-04 6.591094e-04 6.607152e-04
2.482001e+01 6.242570e-04 5.826835e-04 6.439405e-04 6.461470e-04
2.487201e+01 6.068842e-04 5.684268e-04 6.220589e-04 6.301669e-04
2.492401e+01 5.878904e-04 5.536633e-04 5.956255e-04 6.143825e-04
2.497601e+01 5.700395e-04 5.413064e-04 5.682555e-04 6.005566e-04
2.502801e+01 5.562823e-04 5.343313e-04 5.441661e-04 5.903494e-04
2.508001e+01 5.491423e-04 5.351314e-04 5.272116e-04 5.850839e-04
2.513201e+01 5.502217e-04 5.449974e-04 5.200745e-04 5.855933e-04
2.518401e+01 5.599378e-04 5.638289e-04 5.238079e-04 5.921767e-04
2.523601e+01 5.775209e-04 5.901252e-04 5.377911e-04 6.046464e-04
2.528801e+01 6.012344e-04 6.212492e-04 5.600302e-04 6.224237e-04
2.534001e+01 6.287349e-04 6.539091e-04 5.876536e-04 6.446420e-04
2.539201e+01 6.574808e-04 6.847618e-04 6.174497e-04 6.702307e-04
2.544401e+01 6.851126e-04 7.110174e-04 6.463402e-04 6.979801e-04
2.549601e+01 7.097489e-04 7.309074e-04 6.717448e-04 7.265946e-04
2.554801e+01 7.301567e-04 7.439037e-04 6.918253e-04 7.547411e-04
2.560001e+01 7.457689e-04 7.506259e-04 7.055932e-04 7.810875e-04
2.565201e+01 7.565482e-04 7.524630e-04 7.128538e-04 8.043277e-04
2.570401e+01 7.627372e-04 7.510229e-04 7.139818e-04 8.232069e-04
2.575601e+01 7.645849e-04 7.475873e-04 7.095848e-04 8.365825e-04
2.580801e+01 7.621648e-04 7.427525e-04 7.001818e-04 8.435602e-04
2.586001e+01 7.553777e-04 7.363791e-04 6.860495e-04 8.437046e-04
2.591201e+01 7.441537e-04 7.278633e-04 6.673256e-04 8.372722e-04
2.596401e+01 7.287739e-04 7.166231e-04 6.443350e-04 8.253635e-04
2.601601e+01 7.101642e-04 7.026132e-04 6.179788e-04 8.099005e-04
2.606801e+01 6.900161e-04 6.866724e-04 5.899797e-04 7.933962e-04
2.612001e+01 6.706609e-04 6.705746e-04 5.628352e-04 7.785729e-04
2.617201e+01 6.547312e-04 6.567739e-04 5.394687e-04 7.679510e-04
2.622401e+01 6.447285e-04 6.479462e-04 5.227056e-04 7.635335e-04
2.627601e+01 6.426453e-04 6.465006e-04 5.147800e-04 7.666554e-04
2.632801e+01 6.497508e-04 6.542201e-04 5.170467e-04 7.779857e-04
2.638001e+01 6.665668e-04 6.721117e-04 5.299764e-04 7.976123e-04
2.643201e+01 6.929802e-04 7.004384e-04 5.533704e-04 8.251319e-04
2.648401e+01 7.283873e-04 7.388221e-04 5.866363e-04 8.597034e-04
2.653601e+01 7.717681e-04 7.862905e-04 6.289442e-04 9.000696e-04
2.658801e+01 8.216415e-04 8.411978e-04 6.791537e-04 9.445729e-04
2.664001e+01 8.759273e-04 9.010508e-04 7.355472e-04 9.911840e-04
2.669201e+01 9.318160e-04 9.623612e-04 7.955387e-04 1.037548e-03
2.674401e+01 9.857812e-04 1.020688e-03 8.555977e-04 1.081058e-03
2.679601e+01 1.033846e-03 1.070991e-03 9.115644e-04 1.118982e-03
2.684801e+01 1.072124e-03 1.108316e-03 9.593618e-04 1.148693e-03
2.690001e+01 1.097533e-03 1.128706e-03 9.959044e-04 1.167987e-03
2.695201e+01 1.108472e-03 1.130095e-03 1.019867e-03 1.175454e-03
2.700401e+01 1.105224e-03 1.112913e-03 1.031998e-03 1.170761e-03
2.705601e+01 1.089916e-03 1.080166e-03 1.034821e-03 1.154760e-03
2.710801e+01 1.066038e-03 1.036908e-03 1.031841e-03 1.129364e-03
2.716001e+01 1.037682e-03 9.892354e-04 1.026541e-03 1.097270e-03
2.721201e+01 1.008771e-03 9.430823e-04 1.021586e-03 1.061643e-03
2.726401e+01 9.825061e-04 9.031864e-04 1.018490e-03 1.025842e-03
2.731601e+01 9.611575e-04 8.724837e-04 1.017794e-03 9.931951e-04
2.736801e+01 9.461081e-04 8.520282e-04 1.019570e-03 9.667263e-04
2.742001e+01 9.379941e-04 8.413312e-04 1.023890e-03 9.487613e-04
2.747201e+01 9.367718e-04 8.388998e-04 1.030987e-03 9.404287e-04
2.752401e+01 9.416732e-04 8.427533e-04 1.041037e-03 9.412296e-04
2.757601e+01 9.511463e-04 8.507890e-04 1.053738e-03 9.489122e-04
2.762801e+01 9.629395e-04 8.609906e-04 1.068007e-03 9.598207e-04
2.768001e+01 9.744364e-04 8.715573e-04 1.082047e-03 9.697052e-04
2.773201e+01 9.832099e-04 8.810403e-04 1.093821e-03 9.747683e-04
2.778401e+01 9.876312e-04 8.885224e-04 1.101754e-03 9.726172e-04
2.783601e+01 9.873156e-04 8.937983e-04 1.105319e-03 9.628298e-04
2.788801e+01 9.832424e-04 8.974681e-04 1.105257e-03 9.470020e-04
2.794001e+01 9.775094e-04 9.008640e-04 1.103340e-03 9.283238e-04
2.799201e+01 9.728150e-04 9.057940e-04 1.101790e-03 9.108606e-04
2.804401e+01 9.718357e-04 9.141621e-04 1.102595e-03 8.987496e-04
2.809601e+01 9.766662e-04 9.275704e-04 1.106949e-03 8.954790e-04
2.814801e+01 9.884351e-04 9.469991e-04 1.114961e-03 9.033449e-04
2.820001e+01 1.007138e-03 9.726143e-04 1.125676e-03 9.231225e-04
2.825201e+01 1.031678e-03 1.003709e-03 1.137371e-03 9.539547e-04
2.830401e+01 1.060095e-03 1.038770e-03 1.148052e-03 9.934643e-04
2.835601e+01 1.089935e-03 1.075686e-03 1.156022e-03 1.038097e-03
2.840801e+01 1.118719e-03 1.112105e-03 1.160371e-03 1.083682e-03
2.846001e+01 1.144434e-03 1.145930e-03 1.161228e-03 1.126144e-03
2.851201e+01 1.165926e-03 1.175860e-03 1.159688e-03 1.162232e-03
2.856401e+01 1.183127e-03 1.201823e-03 1.157457e-03 1.190102e-03
2.861601e+01 1.197043e-03 1.225129e-03 1.156382e-03 1.209617e-03
2.866801e+01 1.209546e-03 1.248256e-03 1.158079e-03 1.222301e-03
2.872001e+01 1.223033e-03 1.274272e-03 1.163803e-03 1.231023e-03
2.877201e+01 1.240011e-03 1.306019e-03 1.174527e-03 1.239487e-03
2.882401e+01 1.262649e-03 1.345260e-03 1.191056e-03 1.251630e-03
2.887601e+01 1.292314e-03 1.391992e-03 1.213964e-03 1.270984e-03
2.892801e+01 1.329153e-03 1.444143e-03 1.243282e-03 1.300033e-03
2.898001e+01 1.371853e-03 1.497786e-03 1.278079e-03 1.339694e-03
2.903201e+01 1.417743e-03 1.547902e-03 1.316236e-03 1.389090e-03
2.908401e+01 1.463333e-03 1.589556e-03 1.354658e-03 1.445786e-03
2.913601e+01 1.505217e-03 1.619161e-03 1.389955e-03 1.506536e-03
2.918801e+01 1.541053e-03 1.635453e-03 1.419351e-03 1.568354e-03
2.924001e+01 1.570289e-03 1.639869e-03 1.441421e-03 1.629579e-03
2.929201e+01 1.594341e-03 1.636207e-03 1.456324e-03 1.690492e-03
2.934401e+01 1.616140e-03 1.629693e-03 1.465469e-03 1.753258e-03
2.939601e+01 1.639215e-03 1.625716e-03 1.470781e-03 1.821148e-03
2.944801e+01 1.666600e-03 1.628561e-03 1.473921e-03 1.897317e-03
2.950001e+01 1.699906e-03 1.640390e-03 1.475766e-03 1.983563e-03
2.955201e+01 1.738823e-03 1.660696e-03 1.476309e-03 2.079465e-03
2.960401e+01 1.781150e-03 1.686338e-03 1.474929e-03 2.182184e-03
2.965601e+01 1.823319e-03 1.712205e-03 1.470846e-03 2.286906e-03
2.970801e+01 1.861204e-03 1.732384e-03 1.463521e-03 2.387706e-03
2.976001e+01 1.890952e-03 1.741541e-03 1.452824e-03 2.478492e-03
2.981201e+01 1.909588e-03 1.736121e-03 1.438919e-03 2.553723e-03
2.986401e+01 1.915271e-03 1.715004e-03 1.421994e-03 2.608816e-03
2.991601e+01 1.907255e-03 1.679455e-03 1.402036e-03 2.640275e-03
2.996801e+01 1.885671e-03 1.632445e-03 1.378815e-03 2.645752e-03
3.002001e+01 1.851313e-03 1.577680e-03 1.352104e-03 2.624154e-03
3.007201e+01 1.805511e-03 1.518672e-03 1.321991e-03 2.575872e-03
3.012401e+01 1.750090e-03 1.458169e-03 1.289075e-03 2.503025e-03
3.017601e+01 1.687346e-03 1.397998e-03 1.254423e-03 2.409616e-03
3.022801e+01 1.619991e-03 1.339267e-03 1.219293e-03 2.301411e-03
3.028001e+01 1.550995e-03 1.282712e-03 1.184794e-03 2.185478e-03
3.033201e+01 1.483347e-03 1.229026e-03 1.151635e-03 2.069380e-03
3.038401e+01 1.419764e-03 1.179040e-03 1.120068e-03 1.960186e-03
3.043601e+01 1.362419e-03 1.133747e-03 1.089981e-03 1.863527e-03
3.048801e+01 1.312737e-03 1.094181e-03 1.061068e-03 1.782961e-03
3.054001e+01 1.271321e-03 1.061211e-03 1.032983e-03 1.719771e-03
3.059201e+01 1.237989e-03 1.035310e-03 1.005449e-03 1.673209e-03
3.064401e+01 1.211914e-03 1.016370e-03 9.783236e-04 1.641050e-03
3.069601e+01 1.191843e-03 1.003627e-03 9.516424e-04 1.620258e-03
3.074801e+01 1.176345e-03 9.957879e-04 9.256520e-04 1.607596e-03
3.080001e+01 1.164075e-03 9.913275e-04 9.008190e-04 1.600080e-03
3.085201e+01 1.153971e-03 9.889014e-04 8.778085e-04 1.595203e-03
3.090401e+01 1.145352e-03 9.876948e-04 8.574240e-04 1.590937e-03
3.095601e+01 1.137879e-03 9.875640e-04 8.405042e-04 1.585568e-03
3.100801e+01 1.131386e-03 9.888924e-04 8.277816e-04 1.577484e-03
3.106001e+01 1.125666e-03 9.922194e-04 8.197232e-04 1.565054e-03
3.111201e+01 1.120305e-03 9.977976e-04 8.163991e-04 1.546718e-03
3.116401e+01 1.114662e-03 1.005268e-03 8.174361e-04 1.521281e-03
3.121601e+01 1.108002e-03 1.013587e-03 8.220963e-04 1.488322e-03
3.126801e+01 1.099741e-03 1.021221e-03 8.294631e-04 1.448538e-03
3.132001e+01 1.089675e-03 1.026551e-03 8.386569e-04 1.403816e-03
3.137201e+01 1.078080e-03 1.028299e-03 8.489798e-04 1.356962e-03
3.142401e+01 1.065630e-03 1.025857e-03 8.599270e-04 1.311106e-03
3.147601e+01 1.053145e-03 1.019377e-03 8.710848e-04 1.268974e-03
3.152801e+01 1.041302e-03 1.009619e-03 8.820051e-04 1.232282e-03
3.158001e+01 1.030414e-03 9.976158e-04 8.921594e-04 1.201465e-03
3.163201e+01 1.020383e-03 9.843089e-04 9.010207e-04 1.175818e-03
3.168401e+01 1.010819e-03 9.702773e-04 9.082363e-04 1.153942e-03
3.173601e+01 1.001246e-03 9.556591e-04 9.137940e-04 1.134284e-03
3.178801e+01 9.912878e-04 9.402513e-04 9.180715e-04 1.115541e-03
3.184001e+01 9.807468e-04 9.237106e-04 9.217173e-04 1.096813e-03
3.189201e+01 9.695554e-04 9.057531e-04 9.253872e-04 1.077526e-03
3.194401e+01 9.576630e-04 8.862830e-04 9.294417e-04 1.057264e-03
3.199601e+01 9.449359e-04 8.654302e-04 9.337361e-04 1.035641e-03
3.204801e+01 9.311404e-04 8.435198e-04 9.376082e-04 1.012293e-03
3.210001e+01 9.160224e-04 8.210091e-04 9.400904e-04 9.869676e-04
3.215201e+01 8.994441e-04 7.984209e-04 9.402819e-04 9.596295e-04
3.220401e+01 8.815165e-04 7.762924e-04 9.377483e-04 9.305089e-04
3.225601e+01 8.626697e-04 7.551458e-04 9.327988e-04 9.000645e-04
3.230801e+01 8.436322e-04 7.354703e-04 9.265281e-04 8.688983e-04
3.236001e+01 8.253187e-04 7.176948e-04 9.205866e-04 8.376747e-04
3.241201e+01 8.086449e-04 7.021269e-04 9.167325e-04 8.070752e-04
3.246401e+01 7.943094e-04 6.888563e-04 9.162961e-04 7.777759e-04
3.251601e+01 7.825981e-04 6.776615e-04 9.197270e-04 7.504058e-04
3.256801e+01 7.732743e-04 6.679806e-04 9.263789e-04 7.254635e-04
3.262001e+01 7.656079e-04 6.589968e-04 9.346162e-04 7.032108e-04
3.267201e+01 7.585522e-04 6.498337e-04 9.422191e-04 6.836037e-04
3.272401e+01 7.510229e-04 6.397911e-04 9.469610e-04 6.663167e-04
3.277601e+01 7.421865e-04 6.285254e-04 9.471679e-04 6.508662e-04
3.282801e+01 7.316561e-04 6.161005e-04 9.420829e-04 6.367848e-04
3.288001e+01 7.195306e-04 6.029004e-04 9.319269e-04 6.237645e-04
3.293201e+01 7.062756e-04 5.894559e-04 9.176661e-04 6.117049e-04
3.298401e+01 6.925063e-04 5.762637e-04 9.005982e-04 6.006569e-04
3.303601e+01 6.787656e-04 5.636612e-04 8.819293e-04 5.907063e-04
3.308801e+01 6.653806e-04 5.517819e-04 8.624946e-04 5.818652e-04
3.314001e+01 6.524335e-04 5.405817e-04 8.426957e-04 5.740231e-04
3.319201e+01 6.398324e-04 5.299047e-04 8.226271e-04 5.669655e-04
3.324401e+01 6.274232e-04 5.195567e-04 8.022859e-04 5.604271e-04
3.329601e+01 6.150796e-04 5.093613e-04 7.817452e-04 5.541324e-04
3.334801e+01 6.027327e-04 4.991895e-04 7.612142e-04 5.477943e-04
3.340001e+01 5.903412e-04 4.889657e-04 7.409769e-04 5.410811e-04
3.345201e+01 5.778391e-04 4.786629e-04 7.212663e-04 5.335882e-04
3.350401e+01 5.651033e-04 4.683013e-04 7.021506e-04 5.248579e-04
3.355601e+01 5.519703e-04 4.579565e-04 6.834929e-04 5.144614e-04
3.360801e+01 5.383001e-04 4.477706e-04 6.650063e-04 5.021234e-04
3.366001e+01 5.240591e-04 4.379561e-04 6.463813e-04 4.878400e-04
3.371201e+01 5.093858e-04 4.287804e-04 6.274380e-04 4.719392e-04
3.376401e+01 4.946111e-04 4.205316e-04 6.082445e-04 4.550571e-04
3.381601e+01 4.802251e-04 4.134768e-04 5.891615e-04 4.380369e-04
3.386801e+01 4.668035e-04 4.078297e-04 5.707950e-04 4.217857e-04
3.392001e+01 4.549159e-04 4.037378e-04 5.538751e-04 4.071347e-04
3.397201e+01 4.450413e-04 4.012887e-04 5.390994e-04 3.947359e-04
3.402401e+01 4.375062e-04 4.005189e-04 5.269916e-04 3.850082e-04
3.407601e+01 4.324528e-04 4.014145e-04 5.178172e-04 3.781267e-04
3.412801e+01 4.298388e-04 4.039020e-04 5.115752e-04 3.740392e-04
3.418001e+01 4.294665e-04 4.078449e-04 5.080553e-04 3.724994e-04
3.423201e+01 4.310354e-04 4.130659e-04 5.069297e-04 3.731107e-04
3.428401e+01 4.342066e-04 4.193988e-04 5.078388e-04 3.753822e-04
3.433601e+01 4.386615e-04 4.267457e-04 5.104418e-04 3.787968e-04
3.438801e+01 4.441374e-04 4.351043e-04 5.144223e-04 3.828855e-04
3.444001e+01 4.504297e-04 4.445326e-04 5.194613e-04 3.872952e-04
3.449201e+01 4.573683e-04 4.550622e-04 5.252073e-04 3.918354e-04
3.454401e+01 4.647906e-04 4.666067e-04 5.312736e-04 3.964915e-04
3.459601e+01 4.725423e-04 4.789356e-04 5.372844e-04 4.014068e-04
3.464801e+01 4.805234e-04 4.917620e-04 5.429666e-04 4.068417e-04
3.470001e+01 4.887707e-04 5.049292e-04 5.482561e-04 4.131268e-04
3.475201e+01 4.975350e-04 5.186192e-04 5.533730e-04 4.206127e-04
3.480401e+01 5.072987e-04 5.334656e-04 5.588189e-04 4.296117e-04
3.485601e+01 5.186963e-04 5.504810e-04 5.652848e-04 4.403230e-04
3.490801e+01 5.323420e-04 5.707843e-04 5.734979e-04 4.527437e-04
3.496001e+01 5.486239e-04 5.952101e-04 5.840654e-04 4.665961e-04
3.501201e+01 5.675439e-04 6.239510e-04 5.973702e-04 4.813105e-04
3.506401e+01 5.886703e-04 6.563813e-04 6.135345e-04 4.960952e-04
3.511601e+01 6.112184e-04 6.911445e-04 6.324259e-04 5.100849e-04
3.516801e+01 6.342195e-04 7.264763e-04 6.536564e-04 5.225258e-04
3.522001e+01 6.567099e-04 7.606415e-04 6.765499e-04 5.329384e-04
3.527201e+01 6.778790e-04 7.923182e-04 7.001012e-04 5.412177e-04
3.532401e+01 6.971512e-04 8.207937e-04 7.229969e-04 5.476629e-04
3.537601e+01 7.142080e-04 8.459162e-04 7.437576e-04 5.529503e-04
3.542801e+01 7.289728e-04 8.678461e-04 7.610076e-04 5.580648e-04
3.548001e+01 7.415668e-04 8.867243e-04 7.737883e-04 5.641878e-04
3.553201e+01 7.522370e-04 9.023977e-04 7.817844e-04 5.725289e-04
3.558401e+01 7.612542e-04 9.143155e-04 7.853464e-04 5.841007e-04
3.563601e+01 7.687965e-04 9.216376e-04 7.852829e-04 5.994691e-04
3.568801e+01 7.748559e-04 9.235176e-04 7.825060e-04 6.185440e-04
3.574001e+01 7.792097e-04 9.194535e-04 7.776864e-04 6.404892e-04
3.579201e+01 7.814804e-04 9.095702e-04 7.710666e-04 6.638043e-04
3.584401e+01 7.812690e-04 8.947212e-04 7.625048e-04 6.865810e-04
3.589601e+01 7.783164e-04 8.763659e-04 7.517059e-04 7.068772e-04
3.594801e+01 7.726327e-04 8.562698e-04 7.385193e-04 7.231089e-04
3.600001e+01 7.645503e-04 8.361399e-04 7.231613e-04 7.343498e-04
3.605201e+01 7.546819e-04 8.173200e-04 7.062752e-04 7.404506e-04
3.610401e+01 7.437986e-04 8.006256e-04 6.888236e-04 7.419465e-04
3.615601e+01 7.326641e-04 7.863236e-04 6.718768e-04 7.397919e-04
3.620801e+01 7.218740e-04 7.742079e-04 6.563877e-04 7.350263e-04
3.626001e+01 7.117441e-04 7.637131e-04 6.430197e-04 7.284995e-04
3.631201e+01 7.022848e-04 7.540400e-04 6.320575e-04 7.207567e-04
3.636401e+01 6.932706e-04 7.443069e-04 6.234034e-04 7.121014e-04
3.641601e+01 6.843890e-04 7.337497e-04 6.166492e-04 7.027680e-04
3.646801e+01 6.754213e-04 7.219615e-04 6.112153e-04 6.930870e-04
3.652001e+01 6.663938e-04 7.091052e-04 6.065342e-04 6.835421e-04
3.657201e+01 6.576425e-04 6.960012e-04 6.022340e-04 6.746922e-04
3.662401e+01 6.497595e-04 6.840098e-04 5.982579e-04 6.670106e-04
3.667601e+01 6.434342e-04 6.747038e-04 5.948642e-04 6.607348e-04
3.672801e+01 6.392352e-04 6.694141e-04 5.924899e-04 6.558016e-04
3.678001e+01 6.374018e-04 6.687950e-04 5.915259e-04 6.518846e-04
3.683201e+01 6.377128e-04 6.725548e-04 5.920949e-04 6.484886e-04
3.688401e+01 6.394712e-04 6.794437e-04 5.939324e-04 6.450376e-04
3.693601e+01 6.416141e-04 6.875021e-04 5.964259e-04 6.409143e-04
3.698801e+01 6.429165e-04 6.944967e-04 5.987949e-04 6.354580e-04
3.704001e+01 6.422380e-04 6.984184e-04 6.003313e-04 6.279641e-04
3.709201e+01 6.387470e-04 6.979143e-04 6.005942e-04 6.177327e-04
3.714401e+01 6.320704e-04 6.925478e-04 5.994795e-04 6.041839e-04
3.719601e+01 6.223331e-04 6.828358e-04 5.971494e-04 5.870142e-04
3.724801e+01 6.100884e-04 6.700592e-04 5.938698e-04 5.663362e-04
3.730001e+01 5.961646e-04 6.559075e-04 5.898436e-04 5.427428e-04
3.735201e+01 5.814772e-04 6.420508e-04 5.851218e-04 5.172591e-04
3.740401e+01 5.668549e-04 6.297586e-04 5.796236e-04 4.911824e-04
3.745601e+01 5.529185e-04 6.196641e-04 5.732403e-04 4.658512e-04
3.750801e+01 5.400277e-04 6.117269e-04 5.659534e-04 4.424028e-04
3.756001e+01 5.282858e-04 6.053758e-04 5.578985e-04 4.215832e-04
3.761201e+01 5.175824e-04 5.997555e-04 5.493388e-04 4.036527e-04
3.766401e+01 5.076453e-04 5.939718e-04 5.405601e-04 3.884039e-04
3.771601e+01 4.980888e-04 5.872513e-04 5.317374e-04 3.752777e-04
3.776801e+01 4.884556e-04 5.789890e-04 5.228321e-04 3.635459e-04
3.782001e+01 4.782695e-04 5.687246e-04 5.135694e-04 3.525145e-04
3.787201e+01 4.671145e-04 5.561262e-04 5.035154e-04 3.417020e-04
3.792401e+01 4.547449e-04 5.410430e-04 4.922398e-04 3.309518e-04
3.797601e+01 4.411967e-04 5.236278e-04 4.795120e-04 3.204503e-04
3.802801e+01 4.268524e-04 5.044558e-04 4.654552e-04 3.106461e-04
3.808001e+01 4.124060e-04 4.845407e-04 4.505839e-04 3.020934e-04
3.813201e+01 3.987135e-04 4.651829e-04 4.356892e-04 2.952684e-04
3.818401e+01 3.865666e-04 4.476779e-04 4.216027e-04 2.904192e-04
3.823601e+01 3.764717e-04 4.329882e-04 4.089288e-04 2.874981e-04
3.828801e+01 3.685195e-04 4.215119e-04 3.978593e-04 2.861871e-04
3.834001e+01 3.623942e-04 4.130327e-04 3.881541e-04 2.859958e-04
3.839201e+01 3.575084e-04 4.068520e-04 3.792941e-04 2.863790e-04
3.844401e+01 3.532032e-04 4.020343e-04 3.707430e-04 2.868323e-04
3.849601e+01 3.489422e-04 3.976726e-04 3.622089e-04 2.869449e-04
3.854801e+01 3.444460e-04 3.931021e-04 3.538104e-04 2.864255e-04
3.860001e+01 3.397504e-04 3.880313e-04 3.460958e-04 2.851242e-04
3.865201e+01 3.351923e-04 3.825847e-04 3.399218e-04 2.830705e-04
3.870401e+01 3.313334e-04 3.772597e-04 3.362302e-04 2.805104e-04
3.875601e+01 3.288299e-04 3.727962e-04 3.357813e-04 2.779123e-04
3.880801e+01 3.282614e-04 3.699741e-04 3.389032e-04 2.759069e-04
3.886001e+01 3.299508e-04 3.693751e-04 3.453208e-04 2.751564e-04
3.891201e+01 3.338316e-04 3.711800e-04 3.541309e-04 2.761838e-04
3.896401e+01 3.394222e-04 3.750789e-04 3.639648e-04 2.792230e-04
3.901601e+01 3.459421e-04 3.803512e-04 3.733299e-04 2.841452e-04
3.906801e+01 3.525502e-04 3.861094e-04 3.810462e-04 2.904950e-04
3.912001e+01 3.586295e-04 3.916354e-04 3.866299e-04 2.976233e-04
3.917201e+01 3.640088e-04 3.966829e-04 3.904718e-04 3.048718e-04
3.922401e+01 3.690263e-04 4.016162e-04 3.937214e-04 3.117413e-04
3.927601e+01 3.743992e-04 4.073129e-04 3.978979e-04 3.179870e-04
3.932801e+01 3.809388e-04 4.148470e-04 4.043591e-04 3.236104e-04
3.938001e+01 3.892156e-04 4.250721e-04 4.138155e-04 3.287593e-04
3.943201e+01 3.993025e-04 4.382663e-04 4.260567e-04 3.335845e-04
3.948401e+01 4.106934e-04 4.539812e-04 4.399784e-04 3.381206e-04
3.953601e+01 4.224292e-04 4.711502e-04 4.538898e-04 3.422476e-04
3.958801e+01 4.333825e-04 4.884002e-04 4.659962e-04 3.457512e-04
3.964001e+01 4.425964e-04 5.044350e-04 4.749025e-04 3.484516e-04
3.969201e+01 4.495575e-04 5.183428e-04 4.799935e-04 3.503361e-04
3.974401e+01 4.543169e-04 5.297302e-04 4.815915e-04 3.516289e-04
3.979601e+01 4.574302e-04 5.386673e-04 4.808578e-04 3.527656e-04
3.984801e+01 4.597547e-04 5.455046e-04 4.794760e-04 3.542834e-04
3.990001e+01 4.621799e-04 5.506608e-04 4.792018e-04 3.566771e-04
3.995201e+01 4.653813e-04 5.544701e-04 4.814001e-04 3.602738e-04
4.000401e+01 4.696609e-04 5.571316e-04 4.866903e-04 3.651610e-04
4.005601e+01 4.749063e-04 5.587515e-04 4.947940e-04 3.711733e-04
4.010801e+01 4.806597e-04 5.594281e-04 5.046277e-04 3.779235e-04
4.016001e+01 4.862678e-04 5.593276e-04 5.146118e-04 3.848641e-04
4.021201e+01 4.910666e-04 5.587172e-04 5.231074e-04 3.913753e-04
4.026401e+01 4.945598e-04 5.579468e-04 5.288532e-04 3.968794e-04
4.031601e+01 4.965505e-04 5.573947e-04 5.312814e-04 4.009755e-04
4.036801e+01 4.971976e-04 5.573918e-04 5.306349e-04 4.035662e-04
4.042001e+01 4.969838e-04 5.581456e-04 5.278702e-04 4.049355e-04
4.047201e+01 4.966027e-04 5.596801e-04 5.243890e-04 4.057389e-04
4.052401e+01 4.967926e-04 5.618161e-04 5.216739e-04 4.068878e-04
4.057601e+01 4.981573e-04 5.642072e-04 5.209171e-04 4.093475e-04
4.062801e+01 5.010147e-04 5.664306e-04 5.227168e-04 4.138967e-04
4.068001e+01 5.053057e-04 5.680995e-04 5.269086e-04 4.209090e-04
4.073201e+01 5.105807e-04 5.689501e-04 5.325747e-04 4.302174e-04
4.078401e+01 5.160678e-04 5.688597e-04 5.382488e-04 4.410950e-04
4.083601e+01 5.208117e-04 5.677897e-04 5.422836e-04 4.523619e-04
4.088801e+01 5.238598e-04 5.656920e-04 5.432939e-04 4.625933e-04
4.094001e+01 5.244559e-04 5.624372e-04 5.405490e-04 4.703816e-04
4.099201e+01 5.221957e-04 5.578094e-04 5.341867e-04 4.745909e-04
4.104401e+01 5.171012e-04 5.515763e-04 5.251785e-04 4.745487e-04
4.109601e+01 5.096007e-04 5.436047e-04 5.150561e-04 4.701414e-04
4.114801e+01 5.004334e-04 5.339853e-04 5.055028e-04 4.618120e-04
4.120001e+01 4.905268e-04 5.231432e-04 4.979529e-04 4.504843e-04
4.125201e+01 4.808974e-04 5.119187e-04 4.933256e-04 4.374478e-04
4.130401e+01 4.725921e-04 5.015986e-04 4.919544e-04 4.242231e-04
4.135601e+01 4.666498e-04 4.938544e-04 4.936843e-04 4.124108e-04
4.140801e+01 4.640378e-04 4.905411e-04 4.980557e-04 4.035165e-04
4.146001e+01 4.655316e-04 4.933501e-04 5.044851e-04 3.987597e-04
4.151201e+01 4.715555e-04 5.033812e-04 5.123876e-04 3.988975e-04
4.156401e+01 4.820382e-04 5.207670e-04 5.212357e-04 4.041119e-04
4.161601e+01 4.963596e-04 5.444975e-04 5.305805e-04 4.140007e-04
4.166801e+01 5.134253e-04 5.725339e-04 5.400627e-04 4.276791e-04
4.172001e+01 5.318586e-04 6.021952e-04 5.494243e-04 4.439563e-04
4.177201e+01 5.502506e-04 6.306995e-04 5.585178e-04 4.615347e-04
4.182401e+01 5.673968e-04 6.556993e-04 5.673073e-04 4.791837e-04
4.187601e+01 5.824647e-04 6.756735e-04 5.758580e-04 4.958626e-04
4.192801e+01 5.950688e-04 6.900986e-04 5.843131e-04 5.107948e-04
4.198001e+01 6.052473e-04 6.993874e-04 5.928523e-04 5.235023e-04
4.203201e+01 6.133534e-04 7.046291e-04 6.016261e-04 5.338049e-04
4.208401e+01 6.198823e-04 7.071941e-04 6.106720e-04 5.417809e-04
4.213601e+01 6.252741e-04 7.083002e-04 6.198401e-04 5.476819e-04
4.218801e+01 6.297447e-04 7.086560e-04 6.287656e-04 5.518126e-04
4.224001e+01 6.332017e-04 7.082944e-04 6.369094e-04 5.544011e-04
4.229201e+01 6.352739e-04 7.066532e-04 6.436627e-04 5.555059e-04
4.234401e+01 6.354466e-04 7.028689e-04 6.484773e-04 5.549937e-04
4.239601e+01 6.332502e-04 6.961661e-04 6.509833e-04 5.526010e-04
4.244801e+01 6.284317e-04 6.861855e-04 6.510607e-04 5.480491e-04
4.250001e+01 6.210501e-04 6.731320e-04 6.488560e-04 5.411624e-04
4.255201e+01 6.114692e-04 6.577184e-04 6.447431e-04 5.319459e-04
4.260401e+01 6.002708e-04 6.409713e-04 6.392371e-04 5.206041e-04
4.265601e+01 5.881416e-04 6.240160e-04 6.328852e-04 5.075237e-04
4.270801e+01 5.757855e-04 6.079329e-04 6.261706e-04 4.932528e-04
4.276001e+01 5.638904e-04 5.937057e-04 6.194698e-04 4.784956e-04
4.281201e+01 5.531339e-04 5.822099e-04 6.130822e-04 4.641094e-04
4.286401e+01 5.441836e-04 5.741691e-04 6.073119e-04 4.510698e-04
4.291601e+01 5.376511e-04 5.700375e-04 6.025452e-04 4.403706e-04
4.296801e+01 5.339863e-04 5.698411e-04 5.992604e-04 4.328574e-04
4.302001e+01 5.333414e-04 5.730576e-04 5.979396e-04 4.290272e-04
4.307201e+01 5.354626e-04 5.786246e-04 5.989044e-04 4.288588e-04
4.312401e+01 5.396643e-04 5.851121e-04 6.021456e-04 4.317352e-04
4.317601e+01 5.449177e-04 5.910220e-04 6.072301e-04 4.365009e-04
4.322801e+01 5.500397e-04 5.951228e-04 6.133385e-04 4.416577e-04
4.328001e+01 5.539334e-04 5.967085e-04 6.194299e-04 4.456617e-04
4.333201e+01 5.558124e-04 5.957103e-04 6.244756e-04 4.472512e-04
4.338401e+01 5.553454e-04 5.926375e-04 6.276762e-04 4.457224e-04
4.343601e+01 5.526861e-04 5.883872e-04 6.285917e-04 4.410795e-04
4.348801e+01 5.483922e-04 5.839918e-04 6.271640e-04 4.340207e-04
4.354001e+01 5.432697e-04 5.803816e-04 6.236588e-04 4.257686e-04
4.359201e+01 5.382005e-04 5.782224e-04 6.185814e-04 4.177979e-04
4.364401e+01 5.339983e-04 5.778566e-04 6.126072e-04 4.115312e-04
4.369601e+01 5.313152e-04 5.793393e-04 6.065298e-04 4.080763e-04
4.374801e+01 5.305921e-04 5.825301e-04 6.011973e-04 4.080490e-04
4.380001e+01 5.320308e-04 5.871888e-04 5.974013e-04 4.115024e-04
4.385201e+01 5.355703e-04 5.930342e-04 5.957151e-04 4.179616e-04
4.390401e+01 5.408730e-04 5.997516e-04 5.963218e-04 4.265456e-04
4.395601e+01 5.473419e-04 6.069758e-04 5.989051e-04 4.361447e-04
4.400801e+01 5.541907e-04 6.142882e-04 6.026684e-04 4.456155e-04
4.406001e+01 5.605683e-04 6.212545e-04 6.065027e-04 4.539478e-04
4.411201e+01 5.657069e-04 6.274883e-04 6.092582e-04 4.603743e-04
4.416401e+01 5.690460e-04 6.326955e-04 6.100287e-04 4.644138e-04
4.421601e+01 5.702879e-04 6.366539e-04 6.083482e-04 4.658616e-04
4.426801e+01 5.693739e-04 6.391274e-04 6.042413e-04 4.647531e-04
4.432001e+01 5.664039e-04 6.397707e-04 5.981253e-04 4.613158e-04
4.437201e+01 5.615461e-04 6.381002e-04 5.906223e-04 4.559157e-04
4.442401e+01 5.549778e-04 6.335791e-04 5.823586e-04 4.489958e-04
4.447601e+01 5.468729e-04 6.257897e-04 5.738204e-04 4.410085e-04
4.452801e+01 5.374204e-04 6.146112e-04 5.652947e-04 4.323552e-04
4.458001e+01 5.268495e-04 6.003072e-04 5.568880e-04 4.233533e-04
4.463201e+01 5.154382e-04 5.834824e-04 5.485901e-04 4.142422e-04
4.468401e+01 5.035048e-04 5.649375e-04 5.403537e-04 4.052233e-04
4.473601e+01 4.913941e-04 5.455027e-04 5.321666e-04 3.965128e-04
4.478801e+01 4.794708e-04 5.259258e-04 5.241088e-04 3.883779e-04
4.484001e+01 4.681200e-04 5.068459e-04 5.163801e-04 3.811341e-04
4.489201e+01 4.577395e-04 4.888287e-04 5.092874e-04 3.751022e-04
4.494401e+01 4.487117e-04 4.724068e-04 5.031859e-04 3.705425e-04
4.499601e+01 4.413554e-04 4.580791e-04 4.983902e-04 3.675971e-04
4.504801e+01 4.358725e-04 4.462559e-04 4.950939e-04 3.662676e-04
4.510001e+01 4.323170e-04 4.371746e-04 4.933416e-04 3.664348e-04
4.515201e+01 4.306019e-04 4.308282e-04 4.930712e-04 3.679062e-04
4.520401e+01 4.305425e-04 4.269481e-04 4.942123e-04 3.704671e-04
4.525601e+01 4.319180e-04 4.250543e-04 4.967893e-04 3.739106e-04
4.530801e+01 4.345258e-04 4.245630e-04 5.009734e-04 3.780409e-04
4.536001e+01 4.382056e-04 4.249146e-04 5.070439e-04 3.826582e-04
4.541201e+01 4.428253e-04 4.256787e-04 5.152590e-04 3.875381e-04
4.546401e+01 4.482327e-04 4.266024e-04 5.256766e-04 3.924190e-04
4.551601e+01 4.541965e-04 4.275898e-04 5.379955e-04 3.970041e-04
4.556801e+01 4.603672e-04 4.286313e-04 5.514923e-04 4.009780e-04
4.562001e+01 4.662872e-04 4.297197e-04 5.651015e-04 4.040404e-04
4.567201e+01 4.714596e-04 4.307940e-04 5.776336e-04 4.059512e-04
4.572401e+01 4.754621e-04 4.317379e-04 5.880685e-04 4.065799e-04
4.577601e+01 4.780635e-04 4.324278e-04 5.958195e-04 4.059433e-04
4.582801e+01 4.792972e-04 4.328034e-04 6.008722e-04 4.042159e-04
4.588001e+01 4.794565e-04 4.329222e-04 6.037440e-04 4.017032e-04
4.593201e+01 4.790100e-04 4.329648e-04 6.052860e-04 3.987791e-04
4.598401e+01 4.784663e-04 4.331893e-04 6.064062e-04 3.958034e-04
4.603601e+01 4.782408e-04 4.338541e-04 6.078241e-04 3.930443e-04
4.608801e+01 4.785720e-04 4.351452e-04 6.099388e-04 3.906320e-04
4.614001e+01 4.795103e-04 4.371373e-04 6.128350e-04 3.885586e-04
4.619201e+01 4.809675e-04 4.397917e-04 6.163866e-04 3.867241e-04
4.624401e+01 4.827909e-04 4.429769e-04 6.203842e-04 3.850117e-04
4.629601e+01 4.848267e-04 4.464908e-04 6.246236e-04 3.833657e-04
4.634801e+01 4.869549e-04 4.500764e-04 6.289381e-04 3.818503e-04
4.640001e+01 4.891045e-04 4.534437e-04 6.331981e-04 3.806719e-04
4.645201e+01 4.912636e-04 4.563143e-04 6.373161e-04 3.801603e-04
4.650401e+01 4.934916e-04 4.584946e-04 6.412736e-04 3.807067e-04
4.655601e+01 4.959234e-04 4.599548e-04 6.451517e-04 3.826636e-04
4.660801e+01 4.987438e-04 4.608745e-04 6.491311e-04 3.862258e-04
4.666001e+01 5.021253e-04 4.616195e-04 6.534345e-04 3.913219e-04
4.671201e+01 5.061396e-04 4.626394e-04 6.582212e-04 3.975581e-04
4.676401e+01 5.106779e-04 4.643126e-04 6.634770e-04 4.042440e-04
4.681601e+01 5.154199e-04 4.667948e-04 6.689594e-04 4.105053e-04
4.686801e+01 5.198763e-04 4.699327e-04 6.742413e-04 4.154548e-04
4.692001e+01 5.235038e-04 4.732851e-04 6.788545e-04 4.183716e-04
4.697201e+01 5.258606e-04 4.762556e-04 6.824830e-04 4.188433e-04
4.702401e+01 5.267508e-04 4.782932e-04 6.851207e-04 4.168385e-04
4.707601e+01 5.263030e-04 4.790871e-04 6.871154e-04 4.127066e-04
4.712801e+01 5.249508e-04 4.786787e-04 6.890642e-04 4.071096e-04
4.718001e+01 5.233152e-04 4.774502e-04 6.915953e-04 4.009001e-04
4.723201e+01 5.220286e-04 4.759986e-04 6.951227e-04 3.949644e-04
4.728401e+01 5.215621e-04 4.749558e-04 6.996734e-04 3.900572e-04
4.733601e+01 5.221137e-04 4.748296e-04 7.048487e-04 3.866628e-04
4.738801e+01 5.235887e-04 4.759236e-04 7.099255e-04 3.849169e-04
4.744001e+01 5.256703e-04 4.783467e-04 7.140498e-04 3.846145e-04
4.749201e+01 5.279461e-04 4.820815e-04 7.164576e-04 3.852991e-04
4.754401e+01 5.300439e-04 4.870575e-04 7.166652e-04 3.864092e-04
4.759601e+01 5.317392e-04 4.931890e-04 7.145912e-04 3.874374e-04
4.764801e+01 5.330030e-04 5.003648e-04 7.105903e-04 3.880540e-04
4.770001e+01 5.339857e-04 5.084082e-04 7.053871e-04 3.881618e-04
4.775201e+01 5.349427e-04 5.170372e-04 6.999161e-04 3.878748e-04
4.780401e+01 5.361283e-04 5.258486e-04 6.950975e-04 3.874388e-04
4.785601e+01 5.376901e-04 5.343332e-04 6.916037e-04 3.871333e-04
4.790801e+01 5.395997e-04 5.419151e-04 6.896915e-04 3.871924e-04
4.796001e+01 5.416440e-04 5.480093e-04 6.891573e-04 3.877654e-04
4.801201e+01 5.434817e-04 5.520907e-04 6.894383e-04 3.889160e-04
4.806401e+01 5.447480e-04 5.537749e-04 6.898250e-04 3.906442e-04
4.811601e+01 5.451742e-04 5.529010e-04 6.897079e-04 3.929137e-04
4.816801e+01 5.446822e-04 5.496016e-04 6.887706e-04 3.956745e-04
4.822001e+01 5.434284e-04 5.443386e-04 6.870670e-04 3.988796e-04
4.827201e+01 5.417863e-04 5.378841e-04 6.849768e-04 4.024980e-04
4.832401e+01 5.402805e-04 5.312387e-04 6.830835e-04 4.065191e-04
4.837601e+01 5.394925e-04 5.254931e-04 6.820398e-04 4.109446e-04
4.842801e+01 5.399619e-04 5.216567e-04 6.824665e-04 4.157627e-04
4.848001e+01 5.420948e-04 5.204846e-04 6.848873e-04 4.209124e-04
4.853201e+01 5.460859e-04 5.223418e-04 6.896675e-04 4.262483e-04
4.858401e+01 5.518625e-04 5.271341e-04 6.969255e-04 4.315278e-04
4.863601e+01 5.590629e-04 5.343295e-04 7.064282e-04 4.364309e-04
4.868801e+01 5.670709e-04 5.430701e-04 7.175263e-04 4.406164e-04
4.874001e+01 5.751190e-04 5.523539e-04 7.292042e-04 4.437989e-04
4.879201e+01 5.824491e-04 5.612475e-04 7.402787e-04 4.458210e-04
4.884401e+01 5.884912e-04 5.690789e-04 7.497020e-04 4.466927e-04
4.889601e+01 5.929991e-04 5.755643e-04 7.568548e-04 4.465781e-04
4.894801e+01 5.960934e-04 5.808455e-04 7.616990e-04 4.457357e-04
4.900001e+01 5.981938e-04 5.854339e-04 7.647152e-04 4.444324e-04
4.905201e+01 5.998675e-04 5.900815e-04 7.666524e-04 4.428686e-04
4.910401e+01 6.016513e-04 5.956053e-04 7.682061e-04 4.411425e-04
4.915601e+01 6.039094e-04 6.026918e-04 7.697712e-04 4.392653e-04
4.920801e+01 6.067672e-04 6.117127e-04 7.713734e-04 4.372155e-04
4.926001e+01 6.101274e-04 6.225869e-04 7.727898e-04 4.350056e-04
4.931201e+01 6.137490e-04 6.347381e-04 7.737771e-04 4.327319e-04
4.936401e+01 6.173528e-04 6.471864e-04 7.742858e-04 4.305862e-04
4.941601e+01 6.207203e-04 6.587787e-04 7.745533e-04 4.288288e-04
4.946801e+01 6.237610e-04 6.685065e-04 7.750405e-04 4.277358e-04
4.952001e+01 6.265345e-04 6.758091e-04 7.762532e-04 4.275411e-04
4.957201e+01 6.292297e-04 6.807513e-04 7.785424e-04 4.283954e-04
4.962401e+01 6.321124e-04 6.840047e-04 7.819790e-04 4.303536e-04
4.967601e+01 6.354621e-04 6.866415e-04 7.863558e-04 4.333891e-04
4.972801e+01 6.395193e-04 6.898249e-04 7.913095e-04 4.374235e-04
4.978001e+01 6.444580e-04 6.945136e-04 7.965057e-04 4.423546e-04
4.983201e+01 6.503832e-04 7.012773e-04 8.018024e-04 4.480698e-04
4.988401e+01 6.573443e-04 7.102589e-04 8.073251e-04 4.544489e-04
4.993601e+01 6.653489e-04 7.212573e-04 8.134178e-04 4.613716e-04
4.998801e+01 6.743665e-04 7.338652e-04 8.204892e-04 4.687451e-04
5.004001e+01 6.843241e-04 7.475964e-04 8.288216e-04 4.765542e-04
5.009201e+01 6.951029e-04 7.619692e-04 8.384296e-04 4.849100e-04
5.014401e+01 7.065510e-04 7.765512e-04 8.490429e-04 4.940589e-04
5.019601e+01 7.185189e-04 7.910003e-04 8.602311e-04 5.043253e-04
5.024801e+01 7.309145e-04 8.051272e-04 8.716222e-04 5.159940e-04
5.030001e+01 7.437558e-04 8.189749e-04 8.831170e-04 5.291754e-04
5.035201e+01 7.571895e-04 8.328652e-04 8.949915e-04 5.437118e-04
5.040401e+01 7.714493e-04 8.473472e-04 9.078281e-04 5.591725e-04
5.045601e+01 7.867472e-04 8.630206e-04 9.222788e-04 5.749423e-04
5.050801e+01 8.031285e-04 8.802800e-04 9.387377e-04 5.903678e-04
5.056001e+01 8.203448e-04 8.990907e-04 9.570424e-04 6.049012e-04
5.061201e+01 8.378074e-04 9.189141e-04 9.763222e-04 6.181860e-04
5.066401e+01 8.546545e-04 9.388267e-04 9.950732e-04 6.300636e-04
5.071601e+01 8.699204e-04 9.577747e-04 1.011463e-03 6.405234e-04
5.076801e+01 8.827562e-04 9.748353e-04 1.023784e-03 6.496490e-04
5.082001e+01 8.926296e-04 9.893708e-04 1.030910e-03 6.576083e-04
5.087201e+01 8.994425e-04 1.001042e-03 1.032590e-03 6.646953e-04
5.092401e+01 9.035288e-04 1.009736e-03 1.029472e-03 6.713784e-04
5.097601e+01 9.055355e-04 1.015500e-03 1.022826e-03 6.782803e-04
5.102801e+01 9.062193e-04 1.018528e-03 1.014086e-03 6.860438e-04
5.108001e+01 9.062226e-04 1.019195e-03 1.004369e-03 6.951042e-04
5.113201e+01 9.059009e-04 1.018065e-03 9.941667e-04 7.054710e-04
5.118401e+01 9.052620e-04 1.015829e-03 9.833150e-04 7.166417e-04
5.123601e+01 9.040365e-04 1.013155e-03 9.712297e-04 7.277251e-04
5.128801e+01 9.018512e-04 1.010507e-03 9.573024e-04 7.377441e-04
5.134001e+01 8.984351e-04 1.008018e-03 9.412917e-04 7.459954e-04
5.139201e+01 8.937766e-04 1.005464e-03 9.235602e-04 7.523059e-04
5.144401e+01 8.881744e-04 1.002369e-03 9.050789e-04 7.570753e-04
5.149601e+01 8.821657e-04 9.982066e-04 8.871989e-04 7.610917e-04
5.154801e+01 8.763664e-04 9.926156e-04 8.712758e-04 7.652079e-04
5.160001e+01 8.712889e-04 9.855749e-04 8.582754e-04 7.700165e-04
5.165201e+01 8.672075e-04 9.774708e-04 8.484997e-04 7.756520e-04
5.170401e+01 8.641191e-04 9.690417e-04 8.415320e-04 7.817835e-04
5.175601e+01 8.618059e-04 9.612137e-04 8.364250e-04 7.877791e-04
5.180801e+01 8.599675e-04 9.548746e-04 8.320686e-04 7.929593e-04
5.186001e+01 8.583640e-04 9.506518e-04 8.276071e-04 7.968329e-04
5.191201e+01 8.569139e-04 9.487589e-04 8.227533e-04 7.992293e-04
5.196401e+01 8.557094e-04 9.489496e-04 8.178824e-04 8.002963e-04
5.201601e+01 8.549457e-04 9.505782e-04 8.138721e-04 8.003870e-04
5.206801e+01 8.547947e-04 9.527324e-04 8.117504e-04 7.999013e-04
5.212001e+01 8.552779e-04 9.543928e-04 8.122897e-04 7.991513e-04
5.217201e+01 8.561932e-04 9.545816e-04 8.157005e-04 7.982975e-04
5.222401e+01 8.571273e-04 9.524877e-04 8.215289e-04 7.973653e-04
5.227601e+01 8.575497e-04 9.475612e-04 8.287713e-04 7.963167e-04
5.232801e+01 8.569511e-04 9.395790e-04 8.361367e-04 7.951377e-04
5.238001e+01 8.549787e-04 9.286710e-04 8.423512e-04 7.939140e-04
5.243201e+01 8.515330e-04 9.153026e-04 8.464175e-04 7.928788e-04
5.248401e+01 8.468104e-04 9.002118e-04 8.477851e-04 7.924344e-04
5.253601e+01 8.412916e-04 8.843168e-04 8.464168e-04 7.931412e-04
5.258801e+01 8.356767e-04 8.686159e-04 8.427528e-04 7.956613e-04
5.264001e+01 8.307707e-04 8.540990e-04 8.375709e-04 8.006422e-04
5.269201e+01 8.273270e-04 8.416693e-04 8.317643e-04 8.085474e-04
5.274401e+01 8.258763e-04 8.320628e-04 8.260935e-04 8.194726e-04
5.279601e+01 8.265875e-04 8.257488e-04 8.209971e-04 8.330166e-04
5.284801e+01 8.292093e-04 8.228196e-04 8.165375e-04 8.482708e-04
5.290001e+01 8.331205e-04 8.229064e-04 8.124962e-04 8.639589e-04
5.295201e+01 8.374772e-04 8.251716e-04 8.085611e-04 8.786989e-04
5.300401e+01 8.414077e-04 8.284099e-04 8.045050e-04 8.913081e-04
5.305601e+01 8.441903e-04 8.312491e-04 8.002775e-04 9.010443e-04
5.310801e+01 8.453630e-04 8.324014e-04 7.959912e-04 9.076964e-04
5.316001e+01 8.447478e-04 8.308971e-04 7.918537e-04 9.114927e-04
5.321201e+01 8.424091e-04 8.262473e-04 7.881099e-04 9.128701e-04
5.326401e+01 8.385860e-04 8.185059e-04 7.850356e-04 9.122165e-04
5.331601e+01 8.336342e-04 8.082295e-04 7.829676e-04 9.097056e-04
5.336801e+01 8.279907e-04 7.963493e-04 7.823230e-04 9.052998e-04
5.342001e+01 8.221502e-04 7.839800e-04 7.835652e-04 8.989053e-04
5.347201e+01 8.166289e-04 7.721994e-04 7.871042e-04 8.905830e-04
5.352401e+01 8.119028e-04 7.618480e-04 7.931651e-04 8.806952e-04
5.357601e+01 8.083294e-04 7.533972e-04 8.016762e-04 8.699147e-04
5.362801e+01 8.060837e-04 7.469229e-04 8.122300e-04 8.590980e-04
5.368001e+01 8.051399e-04 7.421906e-04 8.241350e-04 8.490942e-04
5.373201e+01 8.053071e-04 7.388089e-04 8.365446e-04 8.405680e-04
5.378401e+01 8.062968e-04 7.363849e-04 8.486172e-04 8.338884e-04
5.383601e+01 8.077873e-04 7.346117e-04 8.596600e-04 8.290901e-04
5.388801e+01 8.094592e-04 7.332615e-04 8.692256e-04 8.258905e-04
5.394001e+01 8.110063e-04 7.321140e-04 8.771546e-04 8.237501e-04
5.399201e+01 8.121455e-04 7.308885e-04 8.835739e-04 8.219741e-04
5.404401e+01 8.126501e-04 7.292462e-04 8.888556e-04 8.198486e-04
5.409601e+01 8.124024e-04 7.268847e-04 8.935345e-04 8.167880e-04
5.414801e+01 8.114384e-04 7.236823e-04 8.981814e-04 8.124516e-04
5.420001e+01 8.099509e-04 7.198161e-04 9.032469e-04 8.067897e-04
5.425201e+01 8.082348e-04 7.157803e-04 9.089143e-04 8.000099e-04
5.430401e+01 8.065930e-04 7.122807e-04 9.150105e-04 7.924877e-04
5.435601e+01 8.052414e-04 7.100415e-04 9.210139e-04 7.846687e-04
5.440801e+01 8.042533e-04 7.095948e-04 9.261615e-04 7.770035e-04
5.446001e+01 8.035566e-04 7.111243e-04 9.296228e-04 7.699229e-04
5.451201e+01 8.029712e-04 7.144011e-04 9.306808e-04 7.638318e-04
5.456401e+01 8.022560e-04 7.188146e-04 9.288634e-04 7.590900e-04
5.461601e+01 8.011445e-04 7.234789e-04 9.239917e-04 7.559630e-04
5.466801e+01 7.993690e-04 7.273972e-04 9.161510e-04 7.545589e-04
5.472001e+01 7.966905e-04 7.296664e-04 9.056160e-04 7.547890e-04
5.477201e+01 7.929479e-04 7.296927e-04 8.927711e-04 7.563799e-04
5.482401e+01 7.881161e-04 7.273627e-04 8.780511e-04 7.589345e-04
5.487601e+01 7.823399e-04 7.231038e-04 8.619023e-04 7.620135e-04
5.492801e+01 7.759141e-04 7.177875e-04 8.447560e-04 7.651987e-04
5.498001e+01 7.692079e-04 7.124919e-04 8.270058e-04 7.681261e-04
5.503201e+01 7.625670e-04 7.082050e-04 8.089933e-04 7.705025e-04
5.508401e+01 7.562412e-04 7.055826e-04 7.910072e-04 7.721340e-04
5.513601e+01 7.503710e-04 7.048456e-04 7.732936e-04 7.729737e-04
5.518801e+01 7.450250e-04 7.058344e-04 7.560673e-04 7.731733e-04
5.524001e+01 7.402578e-04 7.081635e-04 7.395103e-04 7.730995e-04
5.529201e+01 7.361457e-04 7.113933e-04 7.237580e-04 7.732857e-04
5.534401e+01 7.327785e-04 7.151423e-04 7.088869e-04 7.743064e-04
5.539601e+01 7.302102e-04 7.191153e-04 6.949177e-04 7.765976e-04
5.544801e+01 7.283910e-04 7.230617e-04 6.818412e-04 7.802701e-04
5.550001e+01 7.271158e-04 7.267128e-04 6.696537e-04 7.849810e-04
5.555201e+01 7.260205e-04 7.297482e-04 6.583802e-04 7.899331e-04
5.560401e+01 7.246429e-04 7.318273e-04 6.480647e-04 7.940367e-04
5.565601e+01 7.225415e-04 7.326853e-04 6.387301e-04 7.962091e-04
5.570801e+01 7.194322e-04 7.322551e-04 6.303279e-04 7.957136e-04
5.576001e+01 7.152884e-04 7.307471e-04 6.227138e-04 7.924043e-04
5.581201e+01 7.103576e-04 7.286324e-04 6.156707e-04 7.867695e-04
5.586401e+01 7.050828e-04 7.265175e-04 6.089755e-04 7.797552e-04
5.591601e+01 6.999595e-04 7.249592e-04 6.024704e-04 7.724490e-04
5.596801e+01 6.953853e-04 7.243004e-04 5.960944e-04 7.657609e-04
5.602001e+01 6.915571e-04 7.245949e-04 5.898520e-04 7.602243e-04
5.607201e+01 6.884476e-04 7.256353e-04 5.837371e-04 7.559703e-04
5.612401e+01 6.858590e-04 7.270527e-04 5.776693e-04 7.528550e-04
5.617601e+01 6.835320e-04 7.284355e-04 5.714946e-04 7.506658e-04
5.622801e+01 6.812737e-04 7.294307e-04 5.650680e-04 7.493223e-04
5.628001e+01 6.790661e-04 7.298169e-04 5.583807e-04 7.490006e-04
5.633201e+01 6.771131e-04 7.295468e-04 5.516583e-04 7.501343e-04
5.638401e+01 6.757981e-04 7.287500e-04 5.453639e-04 7.532805e-04
5.643601e+01 6.755477e-04 7.276803e-04 5.400849e-04 7.588781e-04
5.648801e+01 6.766391e-04 7.266036e-04 5.363398e-04 7.669740e-04
5.654001e+01 6.790218e-04 7.256575e-04 5.343848e-04 7.770232e-04
5.659201e+01 6.822352e-04 7.247421e-04 5.340969e-04 7.878666e-04
5.664401e+01 6.854725e-04 7.235018e-04 5.349815e-04 7.979340e-04
5.669601e+01 6.877826e-04 7.214201e-04 5.362945e-04 8.056333e-04
5.674801e+01 6.883376e-04 7.179880e-04 5.372307e-04 8.097940e-04
5.680001e+01 6.866538e-04 7.128651e-04 5.371042e-04 8.099920e-04
5.685201e+01 6.826685e-04 7.059451e-04 5.354539e-04 8.066067e-04
5.690401e+01 6.766285e-04 6.972861e-04 5.320367e-04 8.005627e-04
5.695601e+01 6.688274e-04 6.869338e-04 5.267180e-04 7.928303e-04
5.700801e+01 6.592982e-04 6.747202e-04 5.193111e-04 7.838634e-04
5.706001e+01 6.475873e-04 6.601331e-04 5.094381e-04 7.731906e-04
