7.199061e+00 0.000000e+00 0.000000e+00 0.000000e+00 0.000000e+00
7.248032e+00 0.000000e+00 0.000000e+00 0.000000e+00 0.000000e+00
7.297003e+00 0.000000e+00 0.000000e+00 0.000000e+00 0.000000e+00
7.345973e+00 0.000000e+00 0.000000e+00 0.000000e+00 0.000000e+00
7.394944e+00 0.000000e+00 0.000000e+00 0.000000e+00 0.000000e+00
7.443914e+00 0.000000e+00 0.000000e+00 0.000000e+00 0.000000e+00
7.492885e+00 0.000000e+00 0.000000e+00 0.000000e+00 0.000000e+00
7.541856e+00 0.000000e+00 0.000000e+00 0.000000e+00 0.000000e+00
7.590826e+00 0.000000e+00 0.000000e+00 0.000000e+00 0.000000e+00
7.639797e+00 0.000000e+00 0.000000e+00 0.000000e+00 0.000000e+00
7.688767e+00 0.000000e+00 0.000000e+00 0.000000e+00 0.000000e+00
7.737738e+00 0.000000e+00 0.000000e+00 0.000000e+00 0.000000e+00
7.786709e+00 0.000000e+00 0.000000e+00 0.000000e+00 0.000000e+00
7.835679e+00 0.000000e+00 0.000000e+00 0.000000e+00 0.000000e+00
7.884650e+00 0.000000e+00 0.000000e+00 0.000000e+00 0.000000e+00
7.933620e+00 0.000000e+00 0.000000e+00 0.000000e+00 0.000000e+00
7.982591e+00 0.000000e+00 0.000000e+00 0.000000e+00 0.000000e+00
8.031562e+00 0.000000e+00 0.000000e+00 0.000000e+00 0.000000e+00
8.080532e+00 0.000000e+00 0.000000e+00 0.000000e+00 0.000000e+00
8.129503e+00 0.000000e+00 0.000000e+00 0.000000e+00 0.000000e+00
8.178473e+00 0.000000e+00 0.000000e+00 0.000000e+00 0.000000e+00
8.227444e+00 0.000000e+00 0.000000e+00 0.000000e+00 0.000000e+00
8.276415e+00 0.000000e+00 0.000000e+00 0.000000e+00 0.000000e+00
8.325385e+00 0.000000e+00 0.000000e+00 0.000000e+00 0.000000e+00
8.374356e+00 0.000000e+00 0.000000e+00 0.000000e+00 0.000000e+00
8.423326e+00 0.000000e+00 0.000000e+00 0.000000e+00 0.000000e+00
8.472297e+00 0.000000e+00 0.000000e+00 0.000000e+00 0.000000e+00
8.521268e+00 0.000000e+00 0.000000e+00 0.000000e+00 0.000000e+00
8.570238e+00 0.000000e+00 0.000000e+00 0.000000e+00 0.000000e+00
8.619209e+00 0.000000e+00 0.000000e+00 0.000000e+00 0.000000e+00
8.668179e+00 0.000000e+00 0.000000e+00 0.000000e+00 0.000000e+00
8.717150e+00 0.000000e+00 0.000000e+00 0.000000e+00 0.000000e+00
8.766121e+00 0.000000e+00 0.000000e+00 0.000000e+00 0.000000e+00
8.815091e+00 0.000000e+00 0.000000e+00 0.000000e+00 0.000000e+00
8.864062e+00 0.000000e+00 0.000000e+00 0.000000e+00 0.000000e+00
8.913032e+00 0.000000e+00 0.000000e+00 0.000000e+00 0.000000e+00
8.962003e+00 0.000000e+00 0.000000e+00 0.000000e+00 0.000000e+00
9.010974e+00 0.000000e+00 0.000000e+00 0.000000e+00 0.000000e+00
9.059944e+00 0.000000e+00 0.000000e+00 0.000000e+00 0.000000e+00
9.108915e+00 0.000000e+00 0.000000e+00 0.000000e+00 0.000000e+00
9.157885e+00 0.000000e+00 0.000000e+00 0.000000e+00 0.000000e+00
9.206856e+00 0.000000e+00 0.000000e+00 0.000000e+00 0.000000e+00
9.255827e+00 0.000000e+00 0.000000e+00 0.000000e+00 0.000000e+00
9.304797e+00 0.000000e+00 0.000000e+00 0.000000e+00 0.000000e+00
9.353768e+00 0.000000e+00 0.000000e+00 0.000000e+00 0.000000e+00
9.402738e+00 0.000000e+00 0.000000e+00 0.000000e+00 0.000000e+00
9.451709e+00 0.000000e+00 0.000000e+00 0.000000e+00 0.000000e+00
9.500680e+00 0.000000e+00 0.000000e+00 0.000000e+00 0.000000e+00
9.549650e+00 0.000000e+00 0.000000e+00 0.000000e+00 0.000000e+00
9.598621e+00 0.000000e+00 0.000000e+00 0.000000e+00 0.000000e+00
9.647591e+00 0.000000e+00 0.000000e+00 0.000000e+00 0.000000e+00
9.696562e+00 0.000000e+00 0.000000e+00 0.000000e+00 0.000000e+00
9.745533e+00 0.000000e+00 0.000000e+00 0.000000e+00 0.000000e+00
9.794503e+00 0.000000e+00 0.000000e+00 0.000000e+00 0.000000e+00
9.843474e+00 0.000000e+00 0.000000e+00 0.000000e+00 0.000000e+00
9.892444e+00 0.000000e+00 0.000000e+00 0.000000e+00 0.000000e+00
9.941415e+00 0.000000e+00 0.000000e+00 0.000000e+00 0.000000e+00
9.990386e+00 0.000000e+00 0.000000e+00 0.000000e+00 0.000000e+00
1.003936e+01 0.000000e+00 0.000000e+00 0.000000e+00 0.000000e+00
1.008833e+01 0.000000e+00 0.000000e+00 0.000000e+00 0.000000e+00
1.013730e+01 0.000000e+00 0.000000e+00 0.000000e+00 0.000000e+00
1.018627e+01 0.000000e+00 0.000000e+00 0.000000e+00 0.000000e+00
1.023524e+01 0.000000e+00 0.000000e+00 0.000000e+00 0.000000e+00
1.028421e+01 0.000000e+00 0.000000e+00 0.000000e+00 0.000000e+00
1.033318e+01 0.000000e+00 0.000000e+00 0.000000e+00 0.000000e+00
1.038215e+01 0.000000e+00 0.000000e+00 0.000000e+00 0.000000e+00
1.043112e+01 0.000000e+00 0.000000e+00 0.000000e+00 0.000000e+00
1.048009e+01 0.000000e+00 0.000000e+00 0.000000e+00 0.000000e+00
1.052906e+01 0.000000e+00 0.000000e+00 0.000000e+00 0.000000e+00
1.057803e+01 0.000000e+00 0.000000e+00 0.000000e+00 0.000000e+00
1.062700e+01 0.000000e+00 0.000000e+00 0.000000e+00 0.000000e+00
1.067597e+01 0.000000e+00 0.000000e+00 0.000000e+00 0.000000e+00
1.072494e+01 0.000000e+00 0.000000e+00 0.000000e+00 0.000000e+00
1.077392e+01 0.000000e+00 0.000000e+00 0.000000e+00 0.000000e+00
1.082289e+01 0.000000e+00 0.000000e+00 0.000000e+00 0.000000e+00
1.087186e+01 0.000000e+00 0.000000e+00 0.000000e+00 0.000000e+00
1.092083e+01 0.000000e+00 0.000000e+00 0.000000e+00 0.000000e+00
1.096980e+01 0.000000e+00 0.000000e+00 0.000000e+00 0.000000e+00
1.101877e+01 0.000000e+00 0.000000e+00 0.000000e+00 0.000000e+00
1.106774e+01 1.510908e-13 1.674141e-15 1.188778e-13 3.327206e-13
1.111671e+01 1.246933e-12 2.808648e-14 9.901158e-13 2.722597e-12
1.116568e+01 6.166579e-12 1.643928e-13 4.917575e-12 1.341777e-11
1.121465e+01 2.482441e-11 6.938535e-13 1.982765e-11 5.395172e-11
1.126362e+01 9.315451e-11 2.659189e-12 7.445102e-11 2.023533e-10
1.131259e+01 3.345270e-10 9.723641e-12 2.677879e-10 7.260696e-10
1.136156e+01 1.124978e-09 3.320250e-11 9.015247e-10 2.440206e-09
1.141053e+01 3.554930e-09 1.067968e-10 2.851528e-09 7.706466e-09
1.145950e+01 1.065671e-08 3.250134e-10 8.556377e-09 2.308873e-08
1.150847e+01 3.032092e-08 9.360571e-10 2.436888e-08 6.565782e-08
1.155744e+01 8.192531e-08 2.551963e-09 6.590857e-08 1.773154e-07
1.160642e+01 2.103197e-07 6.587805e-09 1.693701e-07 4.550011e-07
1.165539e+01 5.132759e-07 1.610774e-08 4.137522e-07 1.109968e-06
1.170436e+01 1.191347e-06 3.731607e-08 9.612972e-07 2.575429e-06
1.175333e+01 2.631023e-06 8.193519e-08 2.125042e-06 5.686093e-06
1.180230e+01 5.530394e-06 1.705708e-07 4.471085e-06 1.194953e-05
1.185127e+01 1.106710e-05 3.367768e-07 8.955539e-06 2.390899e-05
1.190024e+01 2.108661e-05 6.308392e-07 1.707848e-05 4.555051e-05
1.194921e+01 3.825303e-05 1.121389e-06 3.100797e-05 8.262973e-05
1.199818e+01 6.606072e-05 1.892161e-06 5.359123e-05 1.426988e-04
1.204715e+01 1.085712e-04 3.031118e-06 8.814217e-05 2.345403e-04
1.209612e+01 1.697479e-04 4.610419e-06 1.379007e-04 3.667324e-04
1.214509e+01 2.523447e-04 6.658683e-06 2.051273e-04 5.452481e-04
1.219406e+01 3.564788e-04 9.131249e-06 2.899373e-04 7.703680e-04
1.224303e+01 4.782457e-04 1.188818e-05 3.891679e-04 1.033681e-03
1.229200e+01 6.089241e-04 1.469133e-05 4.957247e-04 1.316356e-03
1.234097e+01 7.353352e-04 1.722891e-05 5.988686e-04 1.589908e-03
1.238994e+01 8.416656e-04 1.916805e-05 6.856994e-04 1.820129e-03
1.243892e+01 9.125576e-04 2.022545e-05 7.436757e-04 1.973772e-03
1.248789e+01 9.366976e-04 2.023729e-05 7.635463e-04 2.026309e-03
1.253686e+01 9.097694e-04 1.920808e-05 7.417657e-04 1.968334e-03
1.258583e+01 8.357188e-04 1.732559e-05 6.815360e-04 1.808295e-03
1.263480e+01 7.258384e-04 1.494502e-05 5.920699e-04 1.570500e-03
1.268377e+01 5.959821e-04 1.256320e-05 4.863340e-04 1.289049e-03
1.273274e+01 4.629065e-04 1.081566e-05 3.780854e-04 9.998186e-04
1.278171e+01 3.409732e-04 1.052860e-05 2.792184e-04 7.331726e-04
1.283068e+01 2.401733e-04 1.284143e-05 1.982097e-04 5.094689e-04
1.287965e+01 1.658188e-04 1.938395e-05 1.399417e-04 3.381308e-04
1.292862e+01 1.196023e-04 3.245196e-05 1.066473e-04 2.197076e-04
1.297759e+01 1.013203e-04 5.508590e-05 9.936815e-05 1.495069e-04
1.302656e+01 1.104792e-04 9.093781e-05 1.192389e-04 1.212608e-04
1.307553e+01 1.471974e-04 1.438326e-04 1.680700e-04 1.296895e-04
1.312450e+01 2.121548e-04 2.170042e-04 2.479981e-04 1.714621e-04
1.317347e+01 3.056898e-04 3.121145e-04 3.603181e-04 2.446367e-04
1.322245e+01 4.264451e-04 4.283021e-04 5.039317e-04 3.471017e-04
1.327142e+01 5.701553e-04 5.616068e-04 6.740616e-04 4.747976e-04
1.332039e+01 7.291931e-04 7.050955e-04 8.619064e-04 6.205775e-04
1.336936e+01 8.933046e-04 8.498545e-04 1.055672e-03 7.743873e-04
1.341833e+01 1.051552e-03 9.867237e-04 1.242940e-03 9.249934e-04
1.346730e+01 1.194973e-03 1.108339e-03 1.413752e-03 1.062828e-03
1.351627e+01 1.319045e-03 1.210848e-03 1.563370e-03 1.182916e-03
1.356524e+01 1.424989e-03 1.294696e-03 1.693643e-03 1.286628e-03
1.361421e+01 1.519312e-03 1.364179e-03 1.812379e-03 1.381377e-03
1.366318e+01 1.611687e-03 1.425922e-03 1.930896e-03 1.478242e-03
1.371215e+01 1.712014e-03 1.486870e-03 2.060701e-03 1.588471e-03
1.376112e+01 1.827821e-03 1.552582e-03 2.210554e-03 1.720327e-03
1.381009e+01 1.962976e-03 1.626468e-03 2.384934e-03 1.877527e-03
1.385906e+01 2.117997e-03 1.710162e-03 2.584204e-03 2.059625e-03
1.390803e+01 2.291477e-03 1.804757e-03 2.805945e-03 2.263727e-03
1.395700e+01 2.481681e-03 1.912258e-03 3.046483e-03 2.486301e-03
1.400597e+01 2.687403e-03 2.036549e-03 3.301658e-03 2.724004e-03
1.405495e+01 2.907666e-03 2.183377e-03 3.566448e-03 2.973172e-03
1.410392e+01 3.140451e-03 2.359159e-03 3.833732e-03 3.228462e-03
1.415289e+01 3.381127e-03 2.568811e-03 4.092966e-03 3.481605e-03
1.420186e+01 3.621331e-03 2.813167e-03 4.329680e-03 3.721147e-03
1.425083e+01 3.848932e-03 3.086860e-03 4.526436e-03 3.933500e-03
1.429980e+01 4.049334e-03 3.377656e-03 4.665324e-03 4.105021e-03
1.434877e+01 4.207970e-03 3.667929e-03 4.731526e-03 4.224455e-03
1.439774e+01 4.313426e-03 3.938275e-03 4.717008e-03 4.284996e-03
1.444671e+01 4.360322e-03 4.172228e-03 4.623267e-03 4.285471e-03
1.449568e+01 4.350986e-03 4.360329e-03 4.462187e-03 4.230442e-03
1.454465e+01 4.295190e-03 4.501704e-03 4.254566e-03 4.129300e-03
1.459362e+01 4.207833e-03 4.602328e-03 4.026507e-03 3.994665e-03
1.464259e+01 4.105225e-03 4.670637e-03 3.804537e-03 3.840500e-03
1.469156e+01 4.001265e-03 4.712644e-03 3.610772e-03 3.680379e-03
1.474053e+01 3.904936e-03 4.729129e-03 3.459473e-03 3.526205e-03
1.478950e+01 3.820061e-03 4.716645e-03 3.356029e-03 3.387509e-03
1.483847e+01 3.747362e-03 4.672236e-03 3.298594e-03 3.271258e-03
1.488745e+01 3.687884e-03 4.599834e-03 3.281792e-03 3.182026e-03
1.493642e+01 3.646260e-03 4.515270e-03 3.301131e-03 3.122380e-03
1.498539e+01 3.632324e-03 4.447128e-03 3.356471e-03 3.093374e-03
1.503436e+01 3.660193e-03 4.432304e-03 3.453186e-03 3.095090e-03
1.508333e+01 3.744903e-03 4.507131e-03 3.600431e-03 3.127148e-03
1.513230e+01 3.897558e-03 4.696686e-03 3.806965e-03 3.189023e-03
1.518127e+01 4.120500e-03 5.005591e-03 4.075835e-03 3.280076e-03
1.523024e+01 4.404038e-03 5.413241e-03 4.399658e-03 3.399216e-03
1.527921e+01 4.725835e-03 5.875137e-03 4.758111e-03 3.544257e-03
1.532818e+01 5.053364e-03 6.330312e-03 5.118647e-03 3.711135e-03
1.537715e+01 5.348981e-03 6.713153e-03 5.440626e-03 3.893165e-03
1.542612e+01 5.576452e-03 6.966666e-03 5.682134e-03 4.080555e-03
1.547509e+01 5.707345e-03 7.053719e-03 5.807961e-03 4.260354e-03
1.552406e+01 5.725712e-03 6.963335e-03 5.796769e-03 4.417032e-03
1.557303e+01 5.629977e-03 6.710535e-03 5.645521e-03 4.533875e-03
1.562200e+01 5.431796e-03 6.330256e-03 5.369938e-03 4.595193e-03
1.567098e+01 5.152555e-03 5.867655e-03 5.000912e-03 4.589097e-03
1.571995e+01 4.818731e-03 5.368001e-03 4.577963e-03 4.510227e-03
1.576892e+01 4.457410e-03 4.868961e-03 4.141659e-03 4.361609e-03
1.581789e+01 4.092844e-03 4.396777e-03 3.726900e-03 4.154856e-03
1.586686e+01 3.744316e-03 3.966150e-03 3.358428e-03 3.908369e-03
1.591583e+01 3.425100e-03 3.582519e-03 3.048993e-03 3.643787e-03
1.596480e+01 3.142204e-03 3.245128e-03 2.799905e-03 3.381579e-03
1.601377e+01 2.896667e-03 2.949719e-03 2.603296e-03 3.136988e-03
1.606274e+01 2.684457e-03 2.690473e-03 2.445399e-03 2.917499e-03
1.611171e+01 2.498040e-03 2.461332e-03 2.310228e-03 2.722560e-03
1.616068e+01 2.328587e-03 2.257046e-03 2.183130e-03 2.545584e-03
1.620965e+01 2.168459e-03 2.074092e-03 2.053710e-03 2.377573e-03
1.625862e+01 2.013380e-03 1.911360e-03 1.917641e-03 2.211139e-03
1.630759e+01 1.863662e-03 1.770347e-03 1.777040e-03 2.043599e-03
1.635656e+01 1.724045e-03 1.654644e-03 1.639349e-03 1.878141e-03
1.640553e+01 1.602163e-03 1.568723e-03 1.515012e-03 1.722755e-03
1.645450e+01 1.506126e-03 1.516320e-03 1.414554e-03 1.587505e-03
1.650348e+01 1.442002e-03 1.498920e-03 1.345822e-03 1.481262e-03
1.655245e+01 1.412051e-03 1.514893e-03 1.312110e-03 1.409150e-03
1.660142e+01 1.414249e-03 1.559589e-03 1.311614e-03 1.371545e-03
1.665039e+01 1.443151e-03 1.626400e-03 1.338302e-03 1.364750e-03
1.669936e+01 1.491689e-03 1.708401e-03 1.383846e-03 1.382821e-03
1.674833e+01 1.553221e-03 1.800003e-03 1.439988e-03 1.419672e-03
1.679730e+01 1.623149e-03 1.898125e-03 1.500630e-03 1.470691e-03
1.684627e+01 1.699731e-03 2.002647e-03 1.563104e-03 1.533443e-03
1.689524e+01 1.784042e-03 2.116223e-03 1.628407e-03 1.607496e-03
1.694421e+01 1.879337e-03 2.243745e-03 1.700541e-03 1.693726e-03
1.699318e+01 1.990196e-03 2.391707e-03 1.785354e-03 1.793528e-03
1.704215e+01 2.121678e-03 2.567545e-03 1.889273e-03 1.908215e-03
1.709112e+01 2.278572e-03 2.778804e-03 2.018182e-03 2.038731e-03
1.714009e+01 2.464632e-03 3.031865e-03 2.176466e-03 2.185567e-03
1.718906e+01 2.681629e-03 3.330052e-03 2.366104e-03 2.348732e-03
1.723803e+01 2.928187e-03 3.671212e-03 2.585709e-03 2.527639e-03
1.728700e+01 3.198534e-03 4.045196e-03 2.829577e-03 2.720830e-03
1.733598e+01 3.481521e-03 4.432009e-03 3.087048e-03 2.925506e-03
1.738495e+01 3.760332e-03 4.801547e-03 3.342545e-03 3.136904e-03
1.743392e+01 4.013332e-03 5.115773e-03 3.576625e-03 3.347599e-03
1.748289e+01 4.216248e-03 5.333667e-03 3.768126e-03 3.546951e-03
1.753186e+01 4.345513e-03 5.418461e-03 3.897089e-03 3.720989e-03
1.758083e+01 4.382206e-03 5.345638e-03 3.947865e-03 3.853115e-03
1.762980e+01 4.315641e-03 5.109444e-03 3.911635e-03 3.925844e-03
1.767877e+01 4.145665e-03 4.725707e-03 3.787741e-03 3.923548e-03
1.772774e+01 3.882994e-03 4.229690e-03 3.583588e-03 3.835703e-03
1.777671e+01 3.547510e-03 3.669381e-03 3.313310e-03 3.659838e-03
1.782568e+01 3.165039e-03 3.096150e-03 2.995704e-03 3.403265e-03
1.787465e+01 2.763502e-03 2.555593e-03 2.651995e-03 3.082919e-03
1.792362e+01 2.369383e-03 2.081067e-03 2.303856e-03 2.723226e-03
1.797259e+01 2.005190e-03 1.691250e-03 1.971832e-03 2.352488e-03
1.802156e+01 1.688176e-03 1.391565e-03 1.674179e-03 1.998784e-03
1.807053e+01 1.430167e-03 1.178129e-03 1.426000e-03 1.686372e-03
1.811951e+01 1.238120e-03 1.042462e-03 1.238597e-03 1.433302e-03
1.816848e+01 1.114927e-03 9.754143e-04 1.118973e-03 1.250394e-03
1.821745e+01 1.060080e-03 9.694802e-04 1.069443e-03 1.141316e-03
1.826642e+01 1.070019e-03 1.019343e-03 1.087384e-03 1.103330e-03
1.831539e+01 1.138202e-03 1.121039e-03 1.165227e-03 1.128341e-03
1.836436e+01 1.255117e-03 1.270356e-03 1.290847e-03 1.204149e-03
1.841333e+01 1.408514e-03 1.461093e-03 1.448547e-03 1.315903e-03
1.846230e+01 1.584057e-03 1.683725e-03 1.620685e-03 1.447762e-03
1.851127e+01 1.766439e-03 1.924919e-03 1.789791e-03 1.584607e-03
1.856024e+01 1.940817e-03 2.168158e-03 1.940769e-03 1.713526e-03
1.860921e+01 2.094335e-03 2.395517e-03 2.062679e-03 1.824810e-03
1.865818e+01 2.217408e-03 2.590255e-03 2.149630e-03 1.912341e-03
1.870715e+01 2.304526e-03 2.739581e-03 2.200570e-03 1.973427e-03
1.875612e+01 2.354397e-03 2.836758e-03 2.218138e-03 2.008296e-03
1.880509e+01 2.369415e-03 2.881855e-03 2.206973e-03 2.019417e-03
1.885406e+01 2.354576e-03 2.880903e-03 2.172081e-03 2.010744e-03
1.890303e+01 2.316117e-03 2.843742e-03 2.117704e-03 1.986906e-03
1.895201e+01 2.260180e-03 2.781282e-03 2.046928e-03 1.952330e-03
1.900098e+01 2.191790e-03 2.703035e-03 1.961930e-03 1.910405e-03
1.904995e+01 2.114335e-03 2.615573e-03 1.864571e-03 1.862861e-03
1.909892e+01 2.029593e-03 2.522172e-03 1.756989e-03 1.809617e-03
1.914789e+01 1.938222e-03 2.423520e-03 1.641952e-03 1.749194e-03
1.919686e+01 1.840521e-03 2.319019e-03 1.522910e-03 1.679634e-03
1.924583e+01 1.737207e-03 2.208174e-03 1.403817e-03 1.599630e-03
1.929480e+01 1.629970e-03 2.091615e-03 1.288834e-03 1.509461e-03
1.934377e+01 1.521637e-03 1.971503e-03 1.182012e-03 1.411396e-03
1.939274e+01 1.415940e-03 1.851346e-03 1.086994e-03 1.309482e-03
1.944171e+01 1.316990e-03 1.735413e-03 1.006746e-03 1.208811e-03
1.949068e+01 1.228664e-03 1.628049e-03 9.433267e-04 1.114617e-03
1.953965e+01 1.154091e-03 1.533106e-03 8.976965e-04 1.031470e-03
1.958862e+01 1.095323e-03 1.453595e-03 8.696123e-04 9.627619e-04
1.963759e+01 1.053214e-03 1.391521e-03 8.576207e-04 9.105000e-04
1.968656e+01 1.027416e-03 1.347775e-03 8.591870e-04 8.752873e-04
1.973553e+01 1.016454e-03 1.321997e-03 8.709660e-04 8.563990e-04
1.978451e+01 1.017832e-03 1.312404e-03 8.891972e-04 8.518962e-04
1.983348e+01 1.028225e-03 1.315705e-03 9.101709e-04 8.587981e-04
1.988245e+01 1.043757e-03 1.327236e-03 9.306800e-04 8.733552e-04
1.993142e+01 1.060404e-03 1.341419e-03 9.483615e-04 8.914318e-04
1.998039e+01 1.074434e-03 1.352495e-03 9.618533e-04 9.089531e-04
2.002936e+01 1.082814e-03 1.355369e-03 9.707358e-04 9.223383e-04
2.007833e+01 1.083488e-03 1.346325e-03 9.752948e-04 9.288450e-04
2.012730e+01 1.075466e-03 1.323413e-03 9.761912e-04 9.267927e-04
2.017627e+01 1.058754e-03 1.286446e-03 9.741517e-04 9.156636e-04
2.022524e+01 1.034181e-03 1.236663e-03 9.697818e-04 8.960985e-04
2.027421e+01 1.003196e-03 1.176244e-03 9.635487e-04 8.697946e-04
2.032318e+01 9.676830e-04 1.107830e-03 9.559165e-04 8.393020e-04
2.037215e+01 9.298236e-04 1.034188e-03 9.475541e-04 8.077287e-04
2.042112e+01 8.919723e-04 9.580226e-04 9.395067e-04 7.783877e-04
2.047009e+01 8.565330e-04 8.819142e-04 9.332362e-04 7.544487e-04
2.051906e+01 8.258066e-04 8.082784e-04 9.304837e-04 7.386577e-04
2.056804e+01 8.018082e-04 7.392943e-04 9.329672e-04 7.331632e-04
2.061701e+01 7.860679e-04 6.767787e-04 9.419813e-04 7.394437e-04
2.066598e+01 7.794502e-04 6.220440e-04 9.579994e-04 7.583071e-04
2.071495e+01 7.820411e-04 5.758073e-04 9.803828e-04 7.899331e-04
2.076392e+01 7.931496e-04 5.382072e-04 1.007287e-03 8.339542e-04
2.081289e+01 8.114482e-04 5.089397e-04 1.035818e-03 8.895874e-04
2.086186e+01 8.352400e-04 4.874704e-04 1.062431e-03 9.558187e-04
2.091083e+01 8.627899e-04 4.732468e-04 1.083523e-03 1.031600e-03
2.095980e+01 8.926316e-04 4.658410e-04 1.096081e-03 1.115973e-03
2.100877e+01 9.237587e-04 4.649987e-04 1.098244e-03 1.208033e-03
2.105774e+01 9.556449e-04 4.706144e-04 1.089636e-03 1.306684e-03
2.110671e+01 9.881023e-04 4.826813e-04 1.071371e-03 1.410255e-03
2.115568e+01 1.021040e-03 5.012541e-04 1.045751e-03 1.516114e-03
2.120465e+01 1.054218e-03 5.264228e-04 1.015740e-03 1.620491e-03
2.125362e+01 1.087078e-03 5.582615e-04 9.843589e-04 1.718612e-03
2.130259e+01 1.118697e-03 5.967009e-04 9.541832e-04 1.805208e-03
2.135156e+01 1.147866e-03 6.413087e-04 9.270296e-04 1.875259e-03
2.140054e+01 1.173248e-03 6.910189e-04 9.038962e-04 1.924827e-03
2.144951e+01 1.193590e-03 7.439117e-04 8.851158e-04 1.951743e-03
2.149848e+01 1.207943e-03 7.971723e-04 8.706401e-04 1.956017e-03
2.154745e+01 1.215844e-03 8.473200e-04 8.603477e-04 1.939865e-03
2.159642e+01 1.217449e-03 8.907161e-04 8.542804e-04 1.907351e-03
2.164539e+01 1.213576e-03 9.242504e-04 8.527456e-04 1.863733e-03
2.169436e+01 1.205645e-03 9.460218e-04 8.562715e-04 1.814642e-03
2.174333e+01 1.195522e-03 9.558101e-04 8.654470e-04 1.765307e-03
2.179230e+01 1.185287e-03 9.551902e-04 8.807129e-04 1.719957e-03
2.184127e+01 1.176975e-03 9.472494e-04 9.021832e-04 1.681492e-03
2.189024e+01 1.172318e-03 9.359884e-04 9.295600e-04 1.651406e-03
2.193921e+01 1.172535e-03 9.255643e-04 9.621727e-04 1.629868e-03
2.198818e+01 1.178181e-03 9.195525e-04 9.991187e-04 1.615872e-03
2.203715e+01 1.189075e-03 9.203648e-04 1.039439e-03 1.607423e-03
2.208612e+01 1.204304e-03 9.288963e-04 1.082231e-03 1.601786e-03
2.213509e+01 1.222309e-03 9.444248e-04 1.126627e-03 1.595876e-03
2.218406e+01 1.241067e-03 9.647626e-04 1.171624e-03 1.586814e-03
2.223304e+01 1.258362e-03 9.866560e-04 1.215840e-03 1.572590e-03
2.228201e+01 1.272153e-03 1.006411e-03 1.257355e-03 1.552694e-03
2.233098e+01 1.280992e-03 1.020677e-03 1.293804e-03 1.528496e-03
2.237995e+01 1.284432e-03 1.027255e-03 1.322789e-03 1.503254e-03
2.242892e+01 1.283314e-03 1.025711e-03 1.342545e-03 1.481685e-03
2.247789e+01 1.279808e-03 1.017615e-03 1.352619e-03 1.469189e-03
2.252686e+01 1.277134e-03 1.006254e-03 1.354267e-03 1.470880e-03
2.257583e+01 1.278942e-03 9.958725e-04 1.350343e-03 1.490610e-03
2.262480e+01 1.288483e-03 9.906285e-04 1.344666e-03 1.530156e-03
2.267377e+01 1.307781e-03 9.935669e-04 1.341060e-03 1.588715e-03
2.272274e+01 1.337044e-03 1.005906e-03 1.342421e-03 1.662806e-03
2.277171e+01 1.374518e-03 1.026812e-03 1.350115e-03 1.746628e-03
2.282068e+01 1.416793e-03 1.053665e-03 1.363859e-03 1.832854e-03
2.286965e+01 1.459458e-03 1.082664e-03 1.382027e-03 1.913685e-03
2.291862e+01 1.497883e-03 1.109547e-03 1.402153e-03 1.981949e-03
2.296759e+01 1.527877e-03 1.130241e-03 1.421423e-03 2.031967e-03
2.301657e+01 1.546136e-03 1.141343e-03 1.437038e-03 2.060026e-03
2.306554e+01 1.550452e-03 1.140448e-03 1.446479e-03 2.064429e-03
2.311451e+01 1.539808e-03 1.126379e-03 1.447776e-03 2.045269e-03
2.316348e+01 1.514431e-03 1.099351e-03 1.439838e-03 2.004105e-03
2.321245e+01 1.475843e-03 1.061037e-03 1.422794e-03 1.943697e-03
2.326142e+01 1.426807e-03 1.014439e-03 1.398184e-03 1.867798e-03
2.331039e+01 1.371085e-03 9.634813e-04 1.368850e-03 1.780925e-03
2.335936e+01 1.312933e-03 9.123351e-04 1.338475e-03 1.687988e-03
2.340833e+01 1.256407e-03 8.645900e-04 1.310875e-03 1.593755e-03
2.345730e+01 1.204671e-03 8.225164e-04 1.289242e-03 1.502255e-03
2.350627e+01 1.159508e-03 7.866596e-04 1.275566e-03 1.416297e-03
2.355524e+01 1.121173e-03 7.559186e-04 1.270353e-03 1.337249e-03
2.360421e+01 1.088624e-03 7.280887e-04 1.272651e-03 1.265132e-03
2.365318e+01 1.059974e-03 7.006786e-04 1.280276e-03 1.198967e-03
2.370215e+01 1.033020e-03 6.717206e-04 1.290124e-03 1.137215e-03
2.375112e+01 1.005671e-03 6.403140e-04 1.298505e-03 1.078193e-03
2.380009e+01 9.762174e-04 6.067692e-04 1.301482e-03 1.020401e-03
2.384907e+01 9.434544e-04 5.723741e-04 1.295257e-03 9.627325e-04
2.389804e+01 9.067232e-04 5.389317e-04 1.276632e-03 9.046059e-04
2.394701e+01 8.659335e-04 5.082578e-04 1.243516e-03 8.460269e-04
2.399598e+01 8.215784e-04 4.817945e-04 1.195363e-03 7.875777e-04
2.404495e+01 7.747171e-04 4.604102e-04 1.133409e-03 7.303317e-04
2.409392e+01 7.268830e-04 4.443742e-04 1.060580e-03 6.756942e-04
2.414289e+01 6.798999e-04 4.334468e-04 9.810602e-04 6.251927e-04
2.419186e+01 6.356292e-04 4.270199e-04 8.996183e-04 5.802494e-04
2.424083e+01 5.957074e-04 4.242654e-04 8.208801e-04 5.419767e-04
2.428980e+01 5.613428e-04 4.242752e-04 7.487260e-04 5.110273e-04
2.433877e+01 5.332138e-04 4.261870e-04 6.859309e-04 4.875237e-04
2.438774e+01 5.114721e-04 4.292882e-04 6.340518e-04 4.710764e-04
2.443671e+01 4.958167e-04 4.330813e-04 5.934899e-04 4.608788e-04
2.448568e+01 4.855929e-04 4.372903e-04 5.636394e-04 4.558489e-04
2.453465e+01 4.798826e-04 4.418040e-04 5.430684e-04 4.547754e-04
2.458362e+01 4.775791e-04 4.465703e-04 5.297304e-04 4.564366e-04
2.463259e+01 4.774616e-04 4.514753e-04 5.212313e-04 4.596782e-04
2.468157e+01 4.782925e-04 4.562479e-04 5.151628e-04 4.634667e-04
2.473054e+01 4.789436e-04 4.604220e-04 5.094679e-04 4.669410e-04
2.477951e+01 4.785348e-04 4.633688e-04 5.027609e-04 4.694746e-04
2.482848e+01 4.765453e-04 4.643910e-04 4.945110e-04 4.707339e-04
2.487745e+01 4.728558e-04 4.628494e-04 4.850232e-04 4.706947e-04
2.492642e+01 4.676937e-04 4.582870e-04 4.752113e-04 4.695829e-04
2.497539e+01 4.614908e-04 4.505126e-04 4.662229e-04 4.677368e-04
2.502436e+01 4.546932e-04 4.396235e-04 4.590249e-04 4.654310e-04
2.507333e+01 4.475860e-04 4.259626e-04 4.540662e-04 4.627291e-04
2.512230e+01 4.401869e-04 4.100278e-04 4.511072e-04 4.594257e-04
2.517127e+01 4.322385e-04 3.923663e-04 4.492511e-04 4.550983e-04
2.522024e+01 4.232933e-04 3.734891e-04 4.471487e-04 4.492422e-04
2.526921e+01 4.128568e-04 3.538315e-04 4.433111e-04 4.414277e-04
2.531818e+01 4.005442e-04 3.337679e-04 4.364405e-04 4.314242e-04
2.536715e+01 3.862098e-04 3.136682e-04 4.257018e-04 4.192593e-04
2.541612e+01 3.700212e-04 2.939663e-04 4.108800e-04 4.052173e-04
2.546510e+01 3.524694e-04 2.752071e-04 3.924014e-04 3.897997e-04
2.551407e+01 3.343148e-04 2.580436e-04 3.712306e-04 3.736702e-04
2.556304e+01 3.164833e-04 2.431748e-04 3.486815e-04 3.575936e-04
2.561201e+01 2.999322e-04 2.312359e-04 3.261946e-04 3.423661e-04
2.566098e+01 2.855102e-04 2.226674e-04 3.051321e-04 3.287312e-04
2.570995e+01 2.738357e-04 2.175959e-04 2.866239e-04 3.172873e-04
2.575892e+01 2.652104e-04 2.157563e-04 2.714714e-04 3.084037e-04
2.580789e+01 2.595815e-04 2.164752e-04 2.601007e-04 3.021686e-04
2.585686e+01 2.565545e-04 2.187260e-04 2.525489e-04 2.983884e-04
2.590583e+01 2.554568e-04 2.212561e-04 2.484773e-04 2.966370e-04
2.595480e+01 2.554417e-04 2.227723e-04 2.472145e-04 2.963384e-04
2.600377e+01 2.556149e-04 2.221558e-04 2.478368e-04 2.968520e-04
2.605274e+01 2.551600e-04 2.186590e-04 2.492838e-04 2.975371e-04
2.610171e+01 2.534387e-04 2.120331e-04 2.504952e-04 2.977879e-04
2.615068e+01 2.500489e-04 2.025517e-04 2.505448e-04 2.970503e-04
2.619965e+01 2.448365e-04 1.909211e-04 2.487478e-04 2.948407e-04
2.624862e+01 2.378715e-04 1.781074e-04 2.447250e-04 2.907821e-04
2.629760e+01 2.294025e-04 1.651317e-04 2.384212e-04 2.846548e-04
2.634657e+01 2.198039e-04 1.528882e-04 2.300775e-04 2.764459e-04
2.639554e+01 2.095220e-04 1.420253e-04 2.201686e-04 2.663721e-04
2.644451e+01 1.990243e-04 1.329006e-04 2.093113e-04 2.548610e-04
2.649348e+01 1.887505e-04 1.256007e-04 1.981597e-04 2.424910e-04
2.654245e+01 1.790723e-04 1.200021e-04 1.873056e-04 2.299093e-04
2.659142e+01 1.702657e-04 1.158470e-04 1.772024e-04 2.177477e-04
2.664039e+01 1.624988e-04 1.128165e-04 1.681268e-04 2.065531e-04
2.668936e+01 1.558314e-04 1.105852e-04 1.601785e-04 1.967305e-04
2.673833e+01 1.502176e-04 1.088541e-04 1.533057e-04 1.884931e-04
2.678730e+01 1.455074e-04 1.073629e-04 1.473404e-04 1.818188e-04
2.683627e+01 1.414526e-04 1.058952e-04 1.420336e-04 1.764292e-04
2.688524e+01 1.377361e-04 1.042926e-04 1.370931e-04 1.718227e-04
2.693421e+01 1.340389e-04 1.024922e-04 1.322369e-04 1.673876e-04
2.698318e+01 1.301479e-04 1.005839e-04 1.272693e-04 1.625906e-04
2.703215e+01 1.260760e-04 9.886424e-05 1.221705e-04 1.571931e-04
2.708112e+01 1.221459e-04 9.785048e-05 1.171702e-04 1.514171e-04
2.713010e+01 1.189883e-04 9.821942e-05 1.127650e-04 1.459806e-04
2.717907e+01 1.174282e-04 1.006643e-04 1.096536e-04 1.419668e-04
2.722804e+01 1.182781e-04 1.056966e-04 1.085894e-04 1.405484e-04
2.727701e+01 1.220947e-04 1.134510e-04 1.101846e-04 1.426486e-04
2.732598e+01 1.289764e-04 1.235614e-04 1.147218e-04 1.486460e-04
2.737495e+01 1.384688e-04 1.351590e-04 1.220299e-04 1.582174e-04
2.742392e+01 1.496120e-04 1.470050e-04 1.314648e-04 1.703663e-04
2.747289e+01 1.611195e-04 1.577310e-04 1.420025e-04 1.836250e-04
2.752186e+01 1.716347e-04 1.661194e-04 1.524210e-04 1.963639e-04
2.757083e+01 1.799948e-04 1.713465e-04 1.615227e-04 2.071151e-04
2.761980e+01 1.854263e-04 1.731218e-04 1.683370e-04 2.148200e-04
2.766877e+01 1.876290e-04 1.716885e-04 1.722532e-04 2.189454e-04
2.771774e+01 1.867394e-04 1.676981e-04 1.730585e-04 2.194618e-04
2.776671e+01 1.832064e-04 1.620087e-04 1.708875e-04 2.167231e-04
2.781568e+01 1.776334e-04 1.554738e-04 1.661197e-04 2.113068e-04
2.786465e+01 1.706418e-04 1.487828e-04 1.592714e-04 2.038713e-04
2.791363e+01 1.627881e-04 1.423880e-04 1.509164e-04 1.950599e-04
2.796260e+01 1.545385e-04 1.365141e-04 1.416478e-04 1.854535e-04
2.801157e+01 1.462819e-04 1.312254e-04 1.320654e-04 1.755548e-04
2.806054e+01 1.383516e-04 1.265081e-04 1.227625e-04 1.657841e-04
2.810951e+01 1.310346e-04 1.223353e-04 1.142910e-04 1.564775e-04
2.815848e+01 1.245614e-04 1.186967e-04 1.071027e-04 1.478848e-04
2.820745e+01 1.190849e-04 1.155964e-04 1.014850e-04 1.401733e-04
2.825642e+01 1.146642e-04 1.130322e-04 9.751831e-05 1.334420e-04
2.830539e+01 1.112649e-04 1.109757e-04 9.507673e-05 1.277423e-04
2.835436e+01 1.087819e-04 1.093662e-04 9.387762e-05 1.231019e-04
2.840333e+01 1.070741e-04 1.081191e-04 9.356367e-05 1.195397e-04
2.845230e+01 1.060005e-04 1.071438e-04 9.378883e-05 1.170687e-04
2.850127e+01 1.054422e-04 1.063592e-04 9.427928e-05 1.156883e-04
2.855024e+01 1.053087e-04 1.057026e-04 9.485326e-05 1.153701e-04
2.859921e+01 1.055280e-04 1.051318e-04 9.540323e-05 1.160490e-04
2.864818e+01 1.060357e-04 1.046253e-04 9.585925e-05 1.176225e-04
2.869715e+01 1.067690e-04 1.041880e-04 9.615921e-05 1.199597e-04
2.874613e+01 1.076749e-04 1.038639e-04 9.624449e-05 1.229162e-04
2.879510e+01 1.087294e-04 1.037539e-04 9.608556e-05 1.263487e-04
2.884407e+01 1.099611e-04 1.040298e-04 9.572554e-05 1.301279e-04
2.889304e+01 1.114672e-04 1.049340e-04 9.532003e-05 1.341475e-04
2.894201e+01 1.134123e-04 1.067552e-04 9.515065e-05 1.383312e-04
2.899098e+01 1.160031e-04 1.097746e-04 9.559907e-05 1.426357e-04
2.903995e+01 1.194405e-04 1.141927e-04 9.708220e-05 1.470466e-04
2.908892e+01 1.238596e-04 1.200526e-04 9.996338e-05 1.515629e-04
2.913789e+01 1.292726e-04 1.271875e-04 1.044632e-04 1.561670e-04
2.918686e+01 1.355313e-04 1.352114e-04 1.105935e-04 1.607889e-04
2.923583e+01 1.423231e-04 1.435608e-04 1.181332e-04 1.652752e-04
2.928480e+01 1.492021e-04 1.515756e-04 1.266490e-04 1.693816e-04
2.933377e+01 1.556520e-04 1.585952e-04 1.355572e-04 1.728035e-04
2.938274e+01 1.611667e-04 1.640473e-04 1.442110e-04 1.752417e-04
2.943171e+01 1.653327e-04 1.675136e-04 1.519938e-04 1.764906e-04
2.948068e+01 1.678963e-04 1.687693e-04 1.584034e-04 1.765161e-04
2.952965e+01 1.688009e-04 1.677984e-04 1.631110e-04 1.754934e-04
2.957863e+01 1.681868e-04 1.647875e-04 1.659891e-04 1.737838e-04
2.962760e+01 1.663512e-04 1.600969e-04 1.671045e-04 1.718523e-04
2.967657e+01 1.636806e-04 1.542096e-04 1.666818e-04 1.701504e-04
2.972554e+01 1.605713e-04 1.476631e-04 1.650468e-04 1.690039e-04
2.977451e+01 1.573607e-04 1.409768e-04 1.625630e-04 1.685424e-04
2.982348e+01 1.542860e-04 1.345902e-04 1.595757e-04 1.686920e-04
2.987245e+01 1.514741e-04 1.288250e-04 1.563711e-04 1.692261e-04
2.992142e+01 1.489594e-04 1.238714e-04 1.531564e-04 1.698503e-04
2.997039e+01 1.467127e-04 1.197948e-04 1.500589e-04 1.702843e-04
3.001936e+01 1.446688e-04 1.165509e-04 1.471401e-04 1.703154e-04
3.006833e+01 1.427467e-04 1.140069e-04 1.444204e-04 1.698128e-04
3.011730e+01 1.408645e-04 1.119677e-04 1.419099e-04 1.687159e-04
3.016627e+01 1.389577e-04 1.102132e-04 1.396409e-04 1.670189e-04
3.021524e+01 1.370049e-04 1.085487e-04 1.376966e-04 1.647694e-04
3.026421e+01 1.350602e-04 1.068599e-04 1.362318e-04 1.620888e-04
3.031318e+01 1.332795e-04 1.051578e-04 1.354789e-04 1.592019e-04
3.036216e+01 1.319301e-04 1.035944e-04 1.357390e-04 1.564570e-04
3.041113e+01 1.313726e-04 1.024403e-04 1.373591e-04 1.543186e-04
3.046010e+01 1.320167e-04 1.020258e-04 1.406968e-04 1.533274e-04
3.050907e+01 1.342580e-04 1.026646e-04 1.460778e-04 1.540316e-04
3.055804e+01 1.384098e-04 1.045806e-04 1.537434e-04 1.569054e-04
3.060701e+01 1.446415e-04 1.078586e-04 1.637938e-04 1.622722e-04
3.065598e+01 1.529354e-04 1.124287e-04 1.761301e-04 1.702472e-04
3.070495e+01 1.630702e-04 1.180828e-04 1.904161e-04 1.807116e-04
3.075392e+01 1.746390e-04 1.245151e-04 2.060781e-04 1.933237e-04
3.080289e+01 1.871028e-04 1.313761e-04 2.223646e-04 2.075678e-04
3.085186e+01 1.998758e-04 1.383272e-04 2.384677e-04 2.228325e-04
3.090083e+01 2.124239e-04 1.450868e-04 2.536814e-04 2.385036e-04
3.094980e+01 2.243529e-04 1.514583e-04 2.675503e-04 2.540501e-04
3.099877e+01 2.354555e-04 1.573347e-04 2.799534e-04 2.690782e-04
3.104774e+01 2.457001e-04 1.626784e-04 2.910817e-04 2.833401e-04
3.109671e+01 2.551623e-04 1.674847e-04 3.013087e-04 2.966934e-04
3.114568e+01 2.639222e-04 1.717427e-04 3.109931e-04 3.090308e-04
3.119466e+01 2.719694e-04 1.754094e-04 3.202886e-04 3.202103e-04
3.124363e+01 2.791561e-04 1.784099e-04 3.290366e-04 3.300217e-04
3.129260e+01 2.852226e-04 1.806628e-04 3.367929e-04 3.382122e-04
3.134157e+01 2.898926e-04 1.821230e-04 3.429853e-04 3.445696e-04
3.139054e+01 2.930033e-04 1.828236e-04 3.471524e-04 3.490338e-04
3.143951e+01 2.946251e-04 1.829029e-04 3.491793e-04 3.517930e-04
3.148848e+01 2.951230e-04 1.826045e-04 3.494424e-04 3.533219e-04
3.153745e+01 2.951330e-04 1.822523e-04 3.488078e-04 3.543388e-04
3.158642e+01 2.954516e-04 1.822046e-04 3.484645e-04 3.556857e-04
3.163539e+01 2.968626e-04 1.827956e-04 3.496340e-04 3.581582e-04
3.168436e+01 2.999450e-04 1.842767e-04 3.532326e-04 3.623259e-04
3.173333e+01 3.049161e-04 1.867661e-04 3.595944e-04 3.683877e-04
3.178230e+01 3.115606e-04 1.902231e-04 3.683529e-04 3.761057e-04
3.183127e+01 3.192812e-04 1.944573e-04 3.785397e-04 3.848465e-04
3.188024e+01 3.272701e-04 1.991789e-04 3.888930e-04 3.937383e-04
3.192921e+01 3.347639e-04 2.040830e-04 3.982916e-04 4.019170e-04
3.197818e+01 3.413092e-04 2.089437e-04 4.061845e-04 4.087995e-04
3.202716e+01 3.469541e-04 2.136903e-04 4.128726e-04 4.142993e-04
3.207613e+01 3.522987e-04 2.184382e-04 4.195484e-04 4.189096e-04
3.212510e+01 3.583825e-04 2.234669e-04 4.280677e-04 4.236129e-04
3.217407e+01 3.664359e-04 2.291586e-04 4.405126e-04 4.296366e-04
3.222304e+01 3.775730e-04 2.359248e-04 4.586655e-04 4.381287e-04
3.227201e+01 3.925130e-04 2.441453e-04 4.835389e-04 4.498549e-04
3.232098e+01 4.114083e-04 2.541252e-04 5.150917e-04 4.650080e-04
3.236995e+01 4.338150e-04 2.660556e-04 5.522092e-04 4.831801e-04
3.241892e+01 4.588004e-04 2.799570e-04 5.929525e-04 5.034917e-04
3.246789e+01 4.851453e-04 2.956015e-04 6.350039e-04 5.248303e-04
3.251686e+01 5.115869e-04 3.124446e-04 6.761838e-04 5.461323e-04
3.256583e+01 5.370552e-04 3.296228e-04 7.148937e-04 5.666489e-04
3.261480e+01 5.608645e-04 3.460700e-04 7.503703e-04 5.861532e-04
3.266377e+01 5.828355e-04 3.607639e-04 7.826901e-04 6.050526e-04
3.271274e+01 6.033212e-04 3.730475e-04 8.125406e-04 6.243755e-04
3.276171e+01 6.231185e-04 3.829124e-04 8.408382e-04 6.456048e-04
3.281069e+01 6.432647e-04 3.911214e-04 8.683170e-04 6.703557e-04
3.285966e+01 6.647511e-04 3.990892e-04 8.952159e-04 6.999483e-04
3.290863e+01 6.882207e-04 4.085297e-04 9.211587e-04 7.349738e-04
3.295760e+01 7.137348e-04 4.209744e-04 9.452474e-04 7.749826e-04
3.300657e+01 7.406766e-04 4.373194e-04 9.663127e-04 8.183976e-04
3.305554e+01 7.678187e-04 4.575529e-04 9.832156e-04 8.626876e-04
3.310451e+01 7.935340e-04 4.807504e-04 9.950935e-04 9.047583e-04
3.315348e+01 8.160958e-04 5.053290e-04 1.001501e-03 9.414573e-04
3.320245e+01 8.340018e-04 5.294695e-04 1.002461e-03 9.700753e-04
3.325142e+01 8.462667e-04 5.515700e-04 9.984805e-04 9.887497e-04
3.330039e+01 8.526355e-04 5.706023e-04 9.905909e-04 9.967134e-04
3.334936e+01 8.536832e-04 5.862827e-04 9.803938e-04 9.943732e-04
3.339833e+01 8.507766e-04 5.990338e-04 9.700701e-04 9.832259e-04
3.344730e+01 8.458907e-04 6.097714e-04 9.622627e-04 9.656379e-04
3.349627e+01 8.413022e-04 6.195950e-04 9.597843e-04 9.445272e-04
3.354524e+01 8.392095e-04 6.294762e-04 9.651618e-04 9.229906e-04
3.359421e+01 8.413531e-04 6.400302e-04 9.801024e-04 9.039268e-04
3.364319e+01 8.487174e-04 6.514258e-04 1.005019e-03 8.897075e-04
3.369216e+01 8.613849e-04 6.634417e-04 1.038765e-03 8.819477e-04
3.374113e+01 8.785816e-04 6.756320e-04 1.078693e-03 8.814196e-04
3.379010e+01 8.989114e-04 6.875356e-04 1.121069e-03 8.881294e-04
3.383907e+01 9.207252e-04 6.988524e-04 1.161779e-03 9.015443e-04
3.388804e+01 9.425382e-04 7.095350e-04 1.197170e-03 9.209097e-04
3.393701e+01 9.633873e-04 7.197803e-04 1.224818e-03 9.455639e-04
3.398598e+01 9.830412e-04 7.299481e-04 1.244030e-03 9.751454e-04
3.403495e+01 1.002004e-03 7.404527e-04 1.255950e-03 1.009609e-03
3.408392e+01 1.021307e-03 7.516758e-04 1.263226e-03 1.049019e-03
3.413289e+01 1.042114e-03 7.639223e-04 1.269281e-03 1.093139e-03
3.418186e+01 1.065230e-03 7.774096e-04 1.277334e-03 1.140947e-03
3.423083e+01 1.090613e-03 7.922613e-04 1.289365e-03 1.190213e-03
3.427980e+01 1.117051e-03 8.084784e-04 1.305302e-03 1.237372e-03
3.432877e+01 1.142143e-03 8.258742e-04 1.322732e-03 1.277822e-03
3.437774e+01 1.162672e-03 8.439910e-04 1.337314e-03 1.306711e-03
3.442671e+01 1.175330e-03 8.620292e-04 1.343901e-03 1.320058e-03
3.447569e+01 1.177593e-03 8.788290e-04 1.338069e-03 1.315881e-03
3.452466e+01 1.168475e-03 8.929350e-04 1.317555e-03 1.294935e-03
3.457363e+01 1.148861e-03 9.027543e-04 1.283091e-03 1.260738e-03
3.462260e+01 1.121305e-03 9.068032e-04 1.238292e-03 1.218819e-03
3.467157e+01 1.089352e-03 9.040088e-04 1.188667e-03 1.175379e-03
3.472054e+01 1.056637e-03 8.940066e-04 1.140097e-03 1.135808e-03
3.476951e+01 1.026063e-03 8.773523e-04 1.097339e-03 1.103497e-03
3.481848e+01 9.992882e-04 8.555562e-04 1.063015e-03 1.079294e-03
3.486745e+01 9.766277e-04 8.308816e-04 1.037333e-03 1.061669e-03
3.491642e+01 9.572975e-04 8.059130e-04 1.018503e-03 1.047476e-03
3.496539e+01 9.398697e-04 7.829956e-04 1.003598e-03 1.033015e-03
3.501436e+01 9.227710e-04 7.637120e-04 9.895259e-04 1.015075e-03
3.506333e+01 9.047015e-04 7.485746e-04 9.738273e-04 9.917026e-04
3.511230e+01 8.849020e-04 7.370412e-04 9.551216e-04 9.625432e-04
3.516127e+01 8.632473e-04 7.278416e-04 9.331602e-04 9.287400e-04
3.521024e+01 8.401813e-04 7.194884e-04 9.085750e-04 8.924804e-04
3.525922e+01 8.165347e-04 7.107812e-04 8.824678e-04 8.563550e-04
3.530819e+01 7.932827e-04 7.011358e-04 8.559948e-04 8.227174e-04
3.535716e+01 7.713058e-04 6.906456e-04 8.300646e-04 7.932073e-04
3.540613e+01 7.512099e-04 6.798891e-04 8.052023e-04 7.685384e-04
3.545510e+01 7.332402e-04 6.695783e-04 7.815748e-04 7.485677e-04
3.550407e+01 7.173020e-04 6.601861e-04 7.591363e-04 7.325834e-04
3.555304e+01 7.030715e-04 6.516871e-04 7.378357e-04 7.196918e-04
3.560201e+01 6.901671e-04 6.435044e-04 7.178275e-04 7.091694e-04
3.565098e+01 6.783329e-04 6.346883e-04 6.996330e-04 7.006773e-04
3.569995e+01 6.675893e-04 6.242736e-04 6.842011e-04 6.942931e-04
3.574892e+01 6.583033e-04 6.116950e-04 6.728316e-04 6.903834e-04
3.579789e+01 6.511511e-04 5.971115e-04 6.669530e-04 6.893887e-04
3.584686e+01 6.469705e-04 5.815158e-04 6.677895e-04 6.916061e-04
3.589583e+01 6.465398e-04 5.665756e-04 6.760009e-04 6.970429e-04
3.594480e+01 6.503484e-04 5.542567e-04 6.914078e-04 7.053806e-04
3.599377e+01 6.584357e-04 5.463497e-04 7.129101e-04 7.160473e-04
3.604274e+01 6.703561e-04 5.440528e-04 7.386508e-04 7.283647e-04
3.609172e+01 6.852789e-04 5.477250e-04 7.663971e-04 7.417147e-04
3.614069e+01 7.021802e-04 5.568572e-04 7.940240e-04 7.556593e-04
3.618966e+01 7.200467e-04 5.702353e-04 8.199403e-04 7.699646e-04
3.623863e+01 7.380126e-04 5.862254e-04 8.433053e-04 7.845072e-04
3.628760e+01 7.553840e-04 6.030954e-04 8.639639e-04 7.990927e-04
3.633657e+01 7.715643e-04 6.193035e-04 8.821301e-04 8.132593e-04
3.638554e+01 7.859387e-04 6.336982e-04 8.979554e-04 8.261623e-04
3.643451e+01 7.977949e-04 6.456047e-04 9.111635e-04 8.366165e-04
3.648348e+01 8.063406e-04 6.547940e-04 9.209088e-04 8.433191e-04
3.653245e+01 8.108318e-04 6.613655e-04 9.259325e-04 8.451973e-04
3.658142e+01 8.107766e-04 6.655969e-04 9.249640e-04 8.417690e-04
3.663039e+01 8.061436e-04 6.678207e-04 9.172216e-04 8.333884e-04
3.667936e+01 7.974921e-04 6.683718e-04 9.028215e-04 8.212830e-04
3.672833e+01 7.859685e-04 6.676104e-04 8.829364e-04 8.073588e-04
3.677730e+01 7.731516e-04 6.659903e-04 8.596415e-04 7.938231e-04
3.682627e+01 7.607814e-04 6.641221e-04 8.354980e-04 7.827239e-04
3.687524e+01 7.504421e-04 6.627905e-04 8.130139e-04 7.755219e-04
3.692422e+01 7.432862e-04 6.629106e-04 7.941548e-04 7.727930e-04
3.697319e+01 7.398696e-04 6.654375e-04 7.800452e-04 7.741262e-04
3.702216e+01 7.401388e-04 6.712547e-04 7.709249e-04 7.782367e-04
3.707113e+01 7.435606e-04 6.810724e-04 7.663403e-04 7.832691e-04
3.712010e+01 7.493537e-04 6.953499e-04 7.654821e-04 7.872293e-04
3.716907e+01 7.567536e-04 7.142564e-04 7.675492e-04 7.884551e-04
3.721804e+01 7.652437e-04 7.376737e-04 7.720293e-04 7.860279e-04
3.726701e+01 7.746997e-04 7.652411e-04 7.788187e-04 7.800393e-04
3.731598e+01 7.854138e-04 7.964318e-04 7.881600e-04 7.716495e-04
3.736495e+01 7.979924e-04 8.306327e-04 8.004318e-04 7.629126e-04
3.741392e+01 8.131471e-04 8.671929e-04 8.158645e-04 7.563838e-04
3.746289e+01 8.314231e-04 9.054191e-04 8.342785e-04 7.545716e-04
3.751186e+01 8.529306e-04 9.445229e-04 8.549247e-04 7.593442e-04
3.756083e+01 8.771530e-04 9.835596e-04 8.764714e-04 7.714279e-04
3.760980e+01 9.028935e-04 1.021408e-03 8.971350e-04 7.901378e-04
3.765877e+01 9.283893e-04 1.056824e-03 9.149153e-04 8.134284e-04
3.770775e+01 9.515740e-04 1.088571e-03 9.278822e-04 8.382691e-04
3.775672e+01 9.704268e-04 1.115572e-03 9.344642e-04 8.612436e-04
3.780569e+01 9.833181e-04 1.137053e-03 9.336963e-04 8.792056e-04
3.785466e+01 9.892694e-04 1.152610e-03 9.253874e-04 8.898105e-04
3.790363e+01 9.880731e-04 1.162238e-03 9.101769e-04 8.918047e-04
3.795260e+01 9.802694e-04 1.166302e-03 8.894578e-04 8.850488e-04
3.800157e+01 9.670152e-04 1.165525e-03 8.651765e-04 8.703439e-04
3.805054e+01 9.498987e-04 1.160979e-03 8.395500e-04 8.491677e-04
3.809951e+01 9.307479e-04 1.154070e-03 8.147629e-04 8.234107e-04
3.814848e+01 9.114504e-04 1.146494e-03 7.927065e-04 7.951507e-04
3.819745e+01 8.937836e-04 1.140099e-03 7.747986e-04 7.664531e-04
3.824642e+01 8.792389e-04 1.136651e-03 7.618915e-04 7.391739e-04
3.829539e+01 8.688429e-04 1.137510e-03 7.542551e-04 7.147638e-04
3.834436e+01 8.629996e-04 1.143277e-03 7.516157e-04 6.941066e-04
3.839333e+01 8.614032e-04 1.153520e-03 7.532437e-04 6.774462e-04
3.844230e+01 8.630694e-04 1.166681e-03 7.580883e-04 6.644387e-04
3.849127e+01 8.665096e-04 1.180245e-03 7.649578e-04 6.543260e-04
3.854025e+01 8.700242e-04 1.191171e-03 7.727206e-04 6.461805e-04
3.858922e+01 8.720426e-04 1.196497e-03 7.804870e-04 6.391440e-04
3.863819e+01 8.714188e-04 1.193945e-03 7.877192e-04 6.325926e-04
3.868716e+01 8.675986e-04 1.182364e-03 7.942377e-04 6.261942e-04
3.873613e+01 8.606294e-04 1.161887e-03 8.001282e-04 6.198730e-04
3.878510e+01 8.510381e-04 1.133789e-03 8.055949e-04 6.137300e-04
3.883407e+01 8.396477e-04 1.100140e-03 8.108299e-04 6.079733e-04
3.888304e+01 8.274077e-04 1.063380e-03 8.159522e-04 6.028913e-04
3.893201e+01 8.152792e-04 1.025953e-03 8.210274e-04 5.988572e-04
3.898098e+01 8.041720e-04 9.900534e-04 8.261339e-04 5.963287e-04
3.902995e+01 7.949012e-04 9.574876e-04 8.314143e-04 5.958019e-04
3.907892e+01 7.881311e-04 9.296137e-04 8.370711e-04 5.977085e-04
3.912789e+01 7.842995e-04 9.073095e-04 8.433039e-04 6.022851e-04
3.917686e+01 7.835473e-04 8.909488e-04 8.502245e-04 6.094687e-04
3.922583e+01 7.856859e-04 8.803931e-04 8.577979e-04 6.188666e-04
3.927480e+01 7.902258e-04 8.750254e-04 8.658333e-04 6.298186e-04
3.932377e+01 7.964655e-04 8.738486e-04 8.740194e-04 6.415284e-04
3.937275e+01 8.036179e-04 8.756570e-04 8.819765e-04 6.532202e-04
3.942172e+01 8.109455e-04 8.792571e-04 8.893030e-04 6.642764e-04
3.947069e+01 8.178741e-04 8.836844e-04 8.956060e-04 6.743320e-04
3.951966e+01 8.240634e-04 8.883486e-04 9.005223e-04 6.833192e-04
3.956863e+01 8.294159e-04 8.930484e-04 9.037330e-04 6.914664e-04
3.961760e+01 8.340253e-04 8.978485e-04 9.049755e-04 6.992519e-04
3.966657e+01 8.380782e-04 9.028661e-04 9.040559e-04 7.073128e-04
3.971554e+01 8.417499e-04 9.080691e-04 9.008698e-04 7.163109e-04
3.976451e+01 8.451370e-04 9.131883e-04 8.954429e-04 7.267798e-04
3.981348e+01 8.482561e-04 9.177939e-04 8.879848e-04 7.389896e-04
3.986245e+01 8.511029e-04 9.215027e-04 8.789312e-04 7.528747e-04
3.991142e+01 8.537300e-04 9.242049e-04 8.689330e-04 7.680521e-04
3.996039e+01 8.562897e-04 9.261782e-04 8.587624e-04 7.839284e-04
4.000936e+01 8.590040e-04 9.280090e-04 8.491465e-04 7.998565e-04
4.005833e+01 8.620657e-04 9.303342e-04 8.405787e-04 8.152842e-04
4.010730e+01 8.655140e-04 9.335167e-04 8.331835e-04 8.298418e-04
4.015628e+01 8.691454e-04 9.374040e-04 8.266918e-04 8.433404e-04
4.020525e+01 8.725058e-04 9.412880e-04 8.205370e-04 8.556923e-04
4.025422e+01 8.749719e-04 9.440870e-04 8.140313e-04 8.667974e-04
4.030319e+01 8.758930e-04 9.446754e-04 8.065543e-04 8.764493e-04
4.035216e+01 8.747394e-04 9.422223e-04 7.976902e-04 8.843057e-04
4.040113e+01 8.712098e-04 9.364113e-04 7.872825e-04 8.899355e-04
4.045010e+01 8.652675e-04 9.274688e-04 7.754112e-04 8.929224e-04
4.049907e+01 8.571058e-04 9.160126e-04 7.623249e-04 8.929800e-04
4.054804e+01 8.470639e-04 9.027946e-04 7.483641e-04 8.900331e-04
4.059701e+01 8.355265e-04 8.884402e-04 7.339018e-04 8.842374e-04
4.064598e+01 8.228414e-04 8.732777e-04 7.193086e-04 8.759380e-04
4.069495e+01 8.092794e-04 8.573107e-04 7.049343e-04 8.655933e-04
4.074392e+01 7.950434e-04 8.403389e-04 6.910922e-04 8.536992e-04
4.079289e+01 7.803210e-04 8.221786e-04 6.780386e-04 8.407458e-04
4.084186e+01 7.653528e-04 8.028984e-04 6.659475e-04 8.272124e-04
4.089083e+01 7.504835e-04 7.829720e-04 6.548894e-04 8.135891e-04
4.093980e+01 7.361638e-04 7.632734e-04 6.448231e-04 8.003947e-04
4.098878e+01 7.228898e-04 7.448930e-04 6.356094e-04 7.881670e-04
4.103775e+01 7.110959e-04 7.288266e-04 6.270482e-04 7.774129e-04
4.108672e+01 7.010382e-04 7.156448e-04 6.189355e-04 7.685344e-04
4.113569e+01 6.927145e-04 7.052639e-04 6.111264e-04 7.617531e-04
4.118466e+01 6.858510e-04 6.969093e-04 6.035806e-04 7.570632e-04
4.123363e+01 6.799586e-04 6.892841e-04 5.963675e-04 7.542243e-04
4.128260e+01 6.744330e-04 6.808869e-04 5.896184e-04 7.527937e-04
4.133157e+01 6.686643e-04 6.703747e-04 5.834354e-04 7.521828e-04
4.138054e+01 6.621260e-04 6.568634e-04 5.777919e-04 7.517227e-04
4.142951e+01 6.544269e-04 6.400933e-04 5.724659e-04 7.507215e-04
4.147848e+01 6.453291e-04 6.204370e-04 5.670396e-04 7.485106e-04
4.152745e+01 6.347390e-04 5.987711e-04 5.609682e-04 7.444776e-04
4.157642e+01 6.226858e-04 5.762633e-04 5.536974e-04 7.380967e-04
4.162539e+01 6.092961e-04 5.541317e-04 5.447917e-04 7.289650e-04
4.167436e+01 5.947733e-04 5.334311e-04 5.340389e-04 7.168500e-04
4.172333e+01 5.793838e-04 5.149067e-04 5.215074e-04 7.017372e-04
4.177230e+01 5.634483e-04 4.989368e-04 5.075468e-04 6.838614e-04
4.182128e+01 5.473324e-04 4.855649e-04 4.927355e-04 6.636969e-04
4.187025e+01 5.314275e-04 4.745991e-04 4.777834e-04 6.419001e-04
4.191922e+01 5.161227e-04 4.657391e-04 4.634126e-04 6.192164e-04
4.196819e+01 5.017708e-04 4.586887e-04 4.502397e-04 5.963842e-04
4.201716e+01 4.886603e-04 4.532210e-04 4.386888e-04 5.740712e-04
4.206613e+01 4.770015e-04 4.491861e-04 4.289553e-04 5.528631e-04
4.211510e+01 4.669297e-04 4.464730e-04 4.210197e-04 5.332964e-04
4.216407e+01 4.585164e-04 4.449523e-04 4.146996e-04 5.158974e-04
4.221304e+01 4.517733e-04 4.444242e-04 4.097119e-04 5.011838e-04
4.226201e+01 4.466374e-04 4.445899e-04 4.057246e-04 4.895978e-04
4.231098e+01 4.429405e-04 4.450506e-04 4.023888e-04 4.813820e-04
4.235995e+01 4.403794e-04 4.453362e-04 3.993583e-04 4.764438e-04
4.240892e+01 4.385163e-04 4.449579e-04 3.963118e-04 4.742792e-04
4.245789e+01 4.368271e-04 4.434805e-04 3.929939e-04 4.740070e-04
4.250686e+01 4.347989e-04 4.406014e-04 3.892709e-04 4.745244e-04
4.255583e+01 4.320471e-04 4.362188e-04 3.851853e-04 4.747372e-04
4.260481e+01 4.284112e-04 4.304682e-04 3.809788e-04 4.737864e-04
4.265378e+01 4.239894e-04 4.237125e-04 3.770592e-04 4.711965e-04
4.270275e+01 4.190969e-04 4.164768e-04 3.739088e-04 4.669049e-04
4.275172e+01 4.141594e-04 4.093374e-04 3.719563e-04 4.611846e-04
4.280069e+01 4.095795e-04 4.027807e-04 3.714510e-04 4.545070e-04
4.284966e+01 4.056151e-04 3.970662e-04 3.723813e-04 4.473980e-04
4.289863e+01 4.023062e-04 3.921340e-04 3.744575e-04 4.403272e-04
4.294760e+01 3.994644e-04 3.875938e-04 3.771578e-04 4.336415e-04
4.299657e+01 3.967226e-04 3.828158e-04 3.798151e-04 4.275370e-04
4.304554e+01 3.936271e-04 3.771070e-04 3.817184e-04 4.220557e-04
4.309451e+01 3.897419e-04 3.699212e-04 3.822075e-04 4.170970e-04
4.314348e+01 3.847414e-04 3.610331e-04 3.807514e-04 4.124398e-04
4.319245e+01 3.784678e-04 3.506172e-04 3.770078e-04 4.077784e-04
4.324142e+01 3.709481e-04 3.392070e-04 3.708627e-04 4.027745e-04
4.329039e+01 3.623764e-04 3.275556e-04 3.624458e-04 3.971278e-04
4.333936e+01 3.530744e-04 3.164491e-04 3.521167e-04 3.906573e-04
4.338833e+01 3.434431e-04 3.065325e-04 3.404193e-04 3.833776e-04
4.343731e+01 3.339161e-04 2.981932e-04 3.280095e-04 3.755456e-04
4.348628e+01 3.249139e-04 2.915221e-04 3.155672e-04 3.676524e-04
4.353525e+01 3.168011e-04 2.863457e-04 3.037065e-04 3.603510e-04
4.358422e+01 3.098464e-04 2.823085e-04 2.929016e-04 3.543291e-04
4.363319e+01 3.041909e-04 2.789748e-04 2.834395e-04 3.501585e-04
4.368216e+01 2.998315e-04 2.759277e-04 2.754064e-04 3.481604e-04
4.373113e+01 2.966264e-04 2.728439e-04 2.687090e-04 3.483262e-04
4.378010e+01 2.943247e-04 2.695378e-04 2.631222e-04 3.503143e-04
4.382907e+01 2.926170e-04 2.659721e-04 2.583544e-04 3.535247e-04
4.387804e+01 2.911969e-04 2.622411e-04 2.541141e-04 3.572354e-04
4.392701e+01 2.898204e-04 2.585316e-04 2.501659e-04 3.607638e-04
4.397598e+01 2.883486e-04 2.550674e-04 2.463655e-04 3.636130e-04
4.402495e+01 2.867579e-04 2.520443e-04 2.426671e-04 3.655624e-04
4.407392e+01 2.851155e-04 2.495649e-04 2.391022e-04 3.666795e-04
4.412289e+01 2.835254e-04 2.475903e-04 2.357345e-04 3.672513e-04
4.417186e+01 2.820644e-04 2.459259e-04 2.326065e-04 3.676608e-04
4.422083e+01 2.807346e-04 2.442574e-04 2.296959e-04 3.682507e-04
4.426981e+01 2.794525e-04 2.422345e-04 2.269043e-04 3.692186e-04
4.431878e+01 2.780823e-04 2.395836e-04 2.240892e-04 3.705740e-04
4.436775e+01 2.765025e-04 2.362106e-04 2.211334e-04 3.721635e-04
4.441672e+01 2.746771e-04 2.322569e-04 2.180281e-04 3.737463e-04
4.446569e+01 2.727004e-04 2.280823e-04 2.149318e-04 3.750872e-04
4.451466e+01 2.707922e-04 2.241755e-04 2.121712e-04 3.760300e-04
4.456363e+01 2.692368e-04 2.210162e-04 2.101685e-04 3.765258e-04
4.461260e+01 2.682835e-04 2.189277e-04 2.093113e-04 3.766114e-04
4.466157e+01 2.680412e-04 2.179647e-04 2.098084e-04 3.763505e-04
4.471054e+01 2.684073e-04 2.178693e-04 2.115863e-04 3.757664e-04
4.475951e+01 2.690602e-04 2.181126e-04 2.142711e-04 3.747967e-04
4.480848e+01 2.695231e-04 2.180134e-04 2.172696e-04 3.732864e-04
4.485745e+01 2.692816e-04 2.169028e-04 2.199218e-04 3.710202e-04
4.490642e+01 2.679136e-04 2.142875e-04 2.216750e-04 3.677783e-04
4.495539e+01 2.651902e-04 2.099628e-04 2.222180e-04 3.633897e-04
4.500436e+01 2.611136e-04 2.040424e-04 2.215327e-04 3.577658e-04
4.505334e+01 2.558872e-04 1.969046e-04 2.198521e-04 3.509048e-04
4.510231e+01 2.498313e-04 1.890768e-04 2.175448e-04 3.428723e-04
4.515128e+01 2.432798e-04 1.811009e-04 2.149679e-04 3.337707e-04
4.520025e+01 2.364878e-04 1.734191e-04 2.123381e-04 3.237063e-04
4.524922e+01 2.295765e-04 1.663038e-04 2.096588e-04 3.127667e-04
4.529819e+01 2.225239e-04 1.598364e-04 2.067240e-04 3.010113e-04
4.534716e+01 2.151998e-04 1.539289e-04 2.031906e-04 2.884799e-04
4.539613e+01 2.074277e-04 1.483715e-04 1.986944e-04 2.752173e-04
4.544510e+01 1.990568e-04 1.428945e-04 1.929685e-04 2.613073e-04
4.549407e+01 1.900224e-04 1.372337e-04 1.859289e-04 2.469045e-04
4.554304e+01 1.803825e-04 1.311912e-04 1.777060e-04 2.322504e-04
4.559201e+01 1.703247e-04 1.246871e-04 1.686189e-04 2.176682e-04
4.564098e+01 1.601465e-04 1.177932e-04 1.591101e-04 2.035362e-04
4.568995e+01 1.502185e-04 1.107455e-04 1.496616e-04 1.902485e-04
4.573892e+01 1.409381e-04 1.039285e-04 1.407153e-04 1.781705e-04
4.578789e+01 1.326778e-04 9.782990e-05 1.326099e-04 1.675935e-04
4.583686e+01 1.257324e-04 9.296617e-05 1.255386e-04 1.586926e-04
4.588584e+01 1.202663e-04 8.978356e-05 1.195303e-04 1.514852e-04
4.593481e+01 1.162652e-04 8.854703e-05 1.144505e-04 1.457980e-04
4.598378e+01 1.135033e-04 8.923629e-05 1.100224e-04 1.412510e-04
4.603275e+01 1.115379e-04 9.147633e-05 1.058653e-04 1.372720e-04
4.608172e+01 1.097437e-04 9.453232e-05 1.015460e-04 1.331529e-04
4.613069e+01 1.073936e-04 9.739064e-05 9.664134e-05 1.281489e-04
4.617966e+01 1.037802e-04 9.892727e-05 9.080380e-05 1.216096e-04
4.622863e+01 9.835693e-05 9.813455e-05 8.382364e-05 1.131126e-04
4.627760e+01 9.086416e-05 9.434969e-05 7.567566e-05 1.025671e-04
4.632657e+01 8.140201e-05 8.741685e-05 6.653743e-05 9.025174e-05
4.637554e+01 7.042290e-05 7.772879e-05 5.676919e-05 7.677070e-05
4.642451e+01 5.864086e-05 6.613192e-05 4.685493e-05 6.293574e-05
4.647348e+01 4.688189e-05 5.372467e-05 3.731615e-05 4.960485e-05
4.652245e+01 3.591908e-05 4.161407e-05 2.862028e-05 3.752288e-05
4.657142e+01 2.633880e-05 3.070352e-05 2.110738e-05 2.720550e-05
4.662039e+01 1.846930e-05 2.156512e-05 1.495232e-05 1.889046e-05
4.666936e+01 1.237894e-05 1.441408e-05 1.016656e-05 1.255616e-05
4.671834e+01 7.929021e-06 9.167414e-06 6.631555e-06 7.988095e-06
4.676731e+01 4.853839e-06 5.548350e-06 4.148441e-06 4.864726e-06
4.681628e+01 2.840391e-06 3.196212e-06 2.488071e-06 2.836890e-06
4.686525e+01 1.589410e-06 1.753120e-06 1.430279e-06 1.584832e-06
4.691422e+01 8.507581e-07 9.159695e-07 7.877586e-07 8.485462e-07
4.696319e+01 4.357243e-07 4.560960e-07 4.154851e-07 4.355917e-07
4.701216e+01 2.135614e-07 2.165496e-07 2.097077e-07 2.144270e-07
4.706113e+01 1.001684e-07 9.808287e-08 1.012061e-07 1.012161e-07
4.711010e+01 4.495011e-08 4.239754e-08 4.665618e-08 4.579660e-08
4.715907e+01 1.928929e-08 1.749549e-08 2.052353e-08 1.984887e-08
4.720804e+01 7.910151e-09 6.892992e-09 8.604780e-09 8.232682e-09
4.725701e+01 3.097015e-09 2.592756e-09 3.434473e-09 3.263816e-09
4.730598e+01 1.156474e-09 9.308305e-10 1.303514e-09 1.235078e-09
4.735495e+01 4.114037e-10 3.188261e-10 4.699280e-10 4.454571e-10
4.740392e+01 1.392218e-10 1.040851e-10 1.607336e-10 1.528467e-10
4.745289e+01 4.471094e-11 3.224716e-11 5.205938e-11 4.982629e-11
4.750187e+01 1.359563e-11 9.507315e-12 1.594077e-11 1.533881e-11
4.755084e+01 3.893130e-12 2.602395e-12 4.605544e-12 4.471451e-12
4.759981e+01 1.028576e-12 6.470229e-13 1.237371e-12 1.201333e-12
4.764878e+01 2.570607e-13 1.509024e-13 3.086332e-13 3.116466e-13
4.769775e+01 6.060599e-14 3.524825e-14 7.236530e-14 7.420441e-14
4.774672e+01 1.059548e-14 7.018829e-15 1.018930e-14 1.457830e-14
4.779569e+01 0.000000e+00 0.000000e+00 0.000000e+00 0.000000e+00
4.784466e+01 0.000000e+00 0.000000e+00 0.000000e+00 0.000000e+00
4.789363e+01 0.000000e+00 0.000000e+00 0.000000e+00 0.000000e+00
4.794260e+01 0.000000e+00 0.000000e+00 0.000000e+00 0.000000e+00
4.799157e+01 0.000000e+00 0.000000e+00 0.000000e+00 0.000000e+00
4.804054e+01 0.000000e+00 0.000000e+00 0.000000e+00 0.000000e+00
4.808951e+01 0.000000e+00 0.000000e+00 0.000000e+00 0.000000e+00
4.813848e+01 0.000000e+00 0.000000e+00 0.000000e+00 0.000000e+00
4.818745e+01 0.000000e+00 0.000000e+00 0.000000e+00 0.000000e+00
4.823642e+01 0.000000e+00 0.000000e+00 0.000000e+00 0.000000e+00
4.828539e+01 0.000000e+00 0.000000e+00 0.000000e+00 0.000000e+00
4.833437e+01 0.000000e+00 0.000000e+00 0.000000e+00 0.000000e+00
4.838334e+01 0.000000e+00 0.000000e+00 0.000000e+00 0.000000e+00
4.843231e+01 0.000000e+00 0.000000e+00 0.000000e+00 0.000000e+00
4.848128e+01 0.000000e+00 0.000000e+00 0.000000e+00 0.000000e+00
4.853025e+01 0.000000e+00 0.000000e+00 0.000000e+00 0.000000e+00
4.857922e+01 0.000000e+00 0.000000e+00 0.000000e+00 0.000000e+00
4.862819e+01 0.000000e+00 0.000000e+00 0.000000e+00 0.000000e+00
4.867716e+01 0.000000e+00 0.000000e+00 0.000000e+00 0.000000e+00
4.872613e+01 0.000000e+00 0.000000e+00 0.000000e+00 0.000000e+00
4.877510e+01 0.000000e+00 0.000000e+00 0.000000e+00 0.000000e+00
4.882407e+01 0.000000e+00 0.000000e+00 0.000000e+00 0.000000e+00
4.887304e+01 0.000000e+00 0.000000e+00 0.000000e+00 0.000000e+00
4.892201e+01 0.000000e+00 0.000000e+00 0.000000e+00 0.000000e+00
4.897098e+01 0.000000e+00 0.000000e+00 0.000000e+00 0.000000e+00
4.901995e+01 0.000000e+00 0.000000e+00 0.000000e+00 0.000000e+00
4.906892e+01 0.000000e+00 0.000000e+00 0.000000e+00 0.000000e+00
4.911789e+01 0.000000e+00 0.000000e+00 0.000000e+00 0.000000e+00
4.916687e+01 0.000000e+00 0.000000e+00 0.000000e+00 0.000000e+00
4.921584e+01 0.000000e+00 0.000000e+00 0.000000e+00 0.000000e+00
4.926481e+01 0.000000e+00 0.000000e+00 0.000000e+00 0.000000e+00
4.931378e+01 0.000000e+00 0.000000e+00 0.000000e+00 0.000000e+00
4.936275e+01 0.000000e+00 0.000000e+00 0.000000e+00 0.000000e+00
4.941172e+01 0.000000e+00 0.000000e+00 0.000000e+00 0.000000e+00
4.946069e+01 0.000000e+00 0.000000e+00 0.000000e+00 0.000000e+00
4.950966e+01 0.000000e+00 0.000000e+00 0.000000e+00 0.000000e+00
4.955863e+01 0.000000e+00 0.000000e+00 0.000000e+00 0.000000e+00
4.960760e+01 0.000000e+00 0.000000e+00 0.000000e+00 0.000000e+00
4.965657e+01 0.000000e+00 0.000000e+00 0.000000e+00 0.000000e+00
4.970554e+01 0.000000e+00 0.000000e+00 0.000000e+00 0.000000e+00
4.975451e+01 0.000000e+00 0.000000e+00 0.000000e+00 0.000000e+00
4.980348e+01 0.000000e+00 0.000000e+00 0.000000e+00 0.000000e+00
4.985245e+01 0.000000e+00 0.000000e+00 0.000000e+00 0.000000e+00
4.990142e+01 0.000000e+00 0.000000e+00 0.000000e+00 0.000000e+00
4.995040e+01 0.000000e+00 0.000000e+00 0.000000e+00 0.000000e+00
4.999937e+01 0.000000e+00 0.000000e+00 0.000000e+00 0.000000e+00
5.004834e+01 0.000000e+00 0.000000e+00 0.000000e+00 0.000000e+00
5.009731e+01 0.000000e+00 0.000000e+00 0.000000e+00 0.000000e+00
5.014628e+01 0.000000e+00 0.000000e+00 0.000000e+00 0.000000e+00
5.019525e+01 0.000000e+00 0.000000e+00 0.000000e+00 0.000000e+00
5.024422e+01 0.000000e+00 0.000000e+00 0.000000e+00 0.000000e+00
5.029319e+01 0.000000e+00 0.000000e+00 0.000000e+00 0.000000e+00
5.034216e+01 0.000000e+00 0.000000e+00 0.000000e+00 0.000000e+00
5.039113e+01 0.000000e+00 0.000000e+00 0.000000e+00 0.000000e+00
5.044010e+01 0.000000e+00 0.000000e+00 0.000000e+00 0.000000e+00
5.048907e+01 0.000000e+00 0.000000e+00 0.000000e+00 0.000000e+00
5.053804e+01 0.000000e+00 0.000000e+00 0.000000e+00 0.000000e+00
5.058701e+01 0.000000e+00 0.000000e+00 0.000000e+00 0.000000e+00
5.063598e+01 0.000000e+00 0.000000e+00 0.000000e+00 0.000000e+00
5.068495e+01 0.000000e+00 0.000000e+00 0.000000e+00 0.000000e+00
5.073392e+01 0.000000e+00 0.000000e+00 0.000000e+00 0.000000e+00
5.078290e+01 0.000000e+00 0.000000e+00 0.000000e+00 0.000000e+00
5.083187e+01 0.000000e+00 0.000000e+00 0.000000e+00 0.000000e+00
5.088084e+01 0.000000e+00 0.000000e+00 0.000000e+00 0.000000e+00
5.092981e+01 0.000000e+00 0.000000e+00 0.000000e+00 0.000000e+00
5.097878e+01 0.000000e+00 0.000000e+00 0.000000e+00 0.000000e+00
5.102775e+01 0.000000e+00 0.000000e+00 0.000000e+00 0.000000e+00
5.107672e+01 0.000000e+00 0.000000e+00 0.000000e+00 0.000000e+00
5.112569e+01 0.000000e+00 0.000000e+00 0.000000e+00 0.000000e+00
5.117466e+01 0.000000e+00 0.000000e+00 0.000000e+00 0.000000e+00
5.122363e+01 0.000000e+00 0.000000e+00 0.000000e+00 0.000000e+00
5.127260e+01 0.000000e+00 0.000000e+00 0.000000e+00 0.000000e+00
5.132157e+01 0.000000e+00 0.000000e+00 0.000000e+00 0.000000e+00
5.137054e+01 0.000000e+00 0.000000e+00 0.000000e+00 0.000000e+00
5.141951e+01 0.000000e+00 0.000000e+00 0.000000e+00 0.000000e+00
5.146848e+01 0.000000e+00 0.000000e+00 0.000000e+00 0.000000e+00
5.151745e+01 0.000000e+00 0.000000e+00 0.000000e+00 0.000000e+00
5.156642e+01 0.000000e+00 0.000000e+00 0.000000e+00 0.000000e+00
5.161540e+01 0.000000e+00 0.000000e+00 0.000000e+00 0.000000e+00
5.166437e+01 0.000000e+00 0.000000e+00 0.000000e+00 0.000000e+00
5.171334e+01 0.000000e+00 0.000000e+00 0.000000e+00 0.000000e+00
5.176231e+01 0.000000e+00 0.000000e+00 0.000000e+00 0.000000e+00
5.181128e+01 0.000000e+00 0.000000e+00 0.000000e+00 0.000000e+00
5.186025e+01 0.000000e+00 0.000000e+00 0.000000e+00 0.000000e+00
5.190922e+01 0.000000e+00 0.000000e+00 0.000000e+00 0.000000e+00
5.195819e+01 0.000000e+00 0.000000e+00 0.000000e+00 0.000000e+00
5.200716e+01 0.000000e+00 0.000000e+00 0.000000e+00 0.000000e+00
5.205613e+01 0.000000e+00 0.000000e+00 0.000000e+00 0.000000e+00
5.210510e+01 0.000000e+00 0.000000e+00 0.000000e+00 0.000000e+00
5.215407e+01 0.000000e+00 0.000000e+00 0.000000e+00 0.000000e+00
5.220304e+01 0.000000e+00 0.000000e+00 0.000000e+00 0.000000e+00
5.225201e+01 0.000000e+00 0.000000e+00 0.000000e+00 0.000000e+00
5.230098e+01 0.000000e+00 0.000000e+00 0.000000e+00 0.000000e+00
5.234995e+01 0.000000e+00 0.000000e+00 0.000000e+00 0.000000e+00
5.239893e+01 0.000000e+00 0.000000e+00 0.000000e+00 0.000000e+00
5.244790e+01 0.000000e+00 0.000000e+00 0.000000e+00 0.000000e+00
5.249687e+01 0.000000e+00 0.000000e+00 0.000000e+00 0.000000e+00
5.254584e+01 0.000000e+00 0.000000e+00 0.000000e+00 0.000000e+00
5.259481e+01 0.000000e+00 0.000000e+00 0.000000e+00 0.000000e+00
5.264378e+01 0.000000e+00 0.000000e+00 0.000000e+00 0.000000e+00
5.269275e+01 0.000000e+00 0.000000e+00 0.000000e+00 0.000000e+00
5.274172e+01 0.000000e+00 0.000000e+00 0.000000e+00 0.000000e+00
5.279069e+01 0.000000e+00 0.000000e+00 0.000000e+00 0.000000e+00
5.283966e+01 0.000000e+00 0.000000e+00 0.000000e+00 0.000000e+00
5.288863e+01 0.000000e+00 0.000000e+00 0.000000e+00 0.000000e+00
5.293760e+01 0.000000e+00 0.000000e+00 0.000000e+00 0.000000e+00
5.298657e+01 0.000000e+00 0.000000e+00 0.000000e+00 0.000000e+00
5.303554e+01 0.000000e+00 0.000000e+00 0.000000e+00 0.000000e+00
5.308451e+01 0.000000e+00 0.000000e+00 0.000000e+00 0.000000e+00
5.313348e+01 0.000000e+00 0.000000e+00 0.000000e+00 0.000000e+00
5.318245e+01 0.000000e+00 0.000000e+00 0.000000e+00 0.000000e+00
5.323143e+01 0.000000e+00 0.000000e+00 0.000000e+00 0.000000e+00
5.328040e+01 0.000000e+00 0.000000e+00 0.000000e+00 0.000000e+00
5.332937e+01 0.000000e+00 0.000000e+00 0.000000e+00 0.000000e+00
5.337834e+01 0.000000e+00 0.000000e+00 0.000000e+00 0.000000e+00
5.342731e+01 0.000000e+00 0.000000e+00 0.000000e+00 0.000000e+00
5.347628e+01 0.000000e+00 0.000000e+00 0.000000e+00 0.000000e+00
5.352525e+01 0.000000e+00 0.000000e+00 0.000000e+00 0.000000e+00
5.357422e+01 0.000000e+00 0.000000e+00 0.000000e+00 0.000000e+00
5.362319e+01 0.000000e+00 0.000000e+00 0.000000e+00 0.000000e+00
5.367216e+01 0.000000e+00 0.000000e+00 0.000000e+00 0.000000e+00
5.372113e+01 0.000000e+00 0.000000e+00 0.000000e+00 0.000000e+00
5.377010e+01 0.000000e+00 0.000000e+00 0.000000e+00 0.000000e+00
5.381907e+01 0.000000e+00 0.000000e+00 0.000000e+00 0.000000e+00
5.386804e+01 0.000000e+00 0.000000e+00 0.000000e+00 0.000000e+00
5.391701e+01 0.000000e+00 0.000000e+00 0.000000e+00 0.000000e+00
5.396598e+01 0.000000e+00 0.000000e+00 0.000000e+00 0.000000e+00
5.401495e+01 0.000000e+00 0.000000e+00 0.000000e+00 0.000000e+00
5.406393e+01 0.000000e+00 0.000000e+00 0.000000e+00 0.000000e+00
5.411290e+01 0.000000e+00 0.000000e+00 0.000000e+00 0.000000e+00
5.416187e+01 0.000000e+00 0.000000e+00 0.000000e+00 0.000000e+00
5.421084e+01 0.000000e+00 0.000000e+00 0.000000e+00 0.000000e+00
5.425981e+01 0.000000e+00 0.000000e+00 0.000000e+00 0.000000e+00
5.430878e+01 0.000000e+00 0.000000e+00 0.000000e+00 0.000000e+00
5.435775e+01 0.000000e+00 0.000000e+00 0.000000e+00 0.000000e+00
5.440672e+01 0.000000e+00 0.000000e+00 0.000000e+00 0.000000e+00
5.445569e+01 0.000000e+00 0.000000e+00 0.000000e+00 0.000000e+00
5.450466e+01 0.000000e+00 0.000000e+00 0.000000e+00 0.000000e+00
5.455363e+01 0.000000e+00 0.000000e+00 0.000000e+00 0.000000e+00
5.460260e+01 0.000000e+00 0.000000e+00 0.000000e+00 0.000000e+00
5.465157e+01 0.000000e+00 0.000000e+00 0.000000e+00 0.000000e+00
5.470054e+01 0.000000e+00 0.000000e+00 0.000000e+00 0.000000e+00
5.474951e+01 0.000000e+00 0.000000e+00 0.000000e+00 0.000000e+00
5.479848e+01 0.000000e+00 0.000000e+00 0.000000e+00 0.000000e+00
5.484746e+01 0.000000e+00 0.000000e+00 0.000000e+00 0.000000e+00
5.489643e+01 0.000000e+00 0.000000e+00 0.000000e+00 0.000000e+00
5.494540e+01 0.000000e+00 0.000000e+00 0.000000e+00 0.000000e+00
5.499437e+01 0.000000e+00 0.000000e+00 0.000000e+00 0.000000e+00
5.504334e+01 0.000000e+00 0.000000e+00 0.000000e+00 0.000000e+00
5.509231e+01 0.000000e+00 0.000000e+00 0.000000e+00 0.000000e+00
5.514128e+01 0.000000e+00 0.000000e+00 0.000000e+00 0.000000e+00
5.519025e+01 0.000000e+00 0.000000e+00 0.000000e+00 0.000000e+00
5.523922e+01 0.000000e+00 0.000000e+00 0.000000e+00 0.000000e+00
5.528819e+01 0.000000e+00 0.000000e+00 0.000000e+00 0.000000e+00
5.533716e+01 0.000000e+00 0.000000e+00 0.000000e+00 0.000000e+00
5.538613e+01 0.000000e+00 0.000000e+00 0.000000e+00 0.000000e+00
5.543510e+01 0.000000e+00 0.000000e+00 0.000000e+00 0.000000e+00
5.548407e+01 0.000000e+00 0.000000e+00 0.000000e+00 0.000000e+00
5.553304e+01 0.000000e+00 0.000000e+00 0.000000e+00 0.000000e+00
5.558201e+01 0.000000e+00 0.000000e+00 0.000000e+00 0.000000e+00
5.563098e+01 0.000000e+00 0.000000e+00 0.000000e+00 0.000000e+00
5.567996e+01 0.000000e+00 0.000000e+00 0.000000e+00 0.000000e+00
5.572893e+01 0.000000e+00 0.000000e+00 0.000000e+00 0.000000e+00
5.577790e+01 0.000000e+00 0.000000e+00 0.000000e+00 0.000000e+00
5.582687e+01 0.000000e+00 0.000000e+00 0.000000e+00 0.000000e+00
5.587584e+01 0.000000e+00 0.000000e+00 0.000000e+00 0.000000e+00
5.592481e+01 0.000000e+00 0.000000e+00 0.000000e+00 0.000000e+00
5.597378e+01 0.000000e+00 0.000000e+00 0.000000e+00 0.000000e+00
5.602275e+01 0.000000e+00 0.000000e+00 0.000000e+00 0.000000e+00
5.607172e+01 0.000000e+00 0.000000e+00 0.000000e+00 0.000000e+00
5.612069e+01 0.000000e+00 0.000000e+00 0.000000e+00 0.000000e+00
5.616966e+01 0.000000e+00 0.000000e+00 0.000000e+00 0.000000e+00
5.621863e+01 0.000000e+00 0.000000e+00 0.000000e+00 0.000000e+00
