3.388382e+00 0.000000e+00 0.000000e+00 0.000000e+00 0.000000e+00
3.440382e+00 0.000000e+00 0.000000e+00 0.000000e+00 0.000000e+00
3.492382e+00 0.000000e+00 0.000000e+00 0.000000e+00 0.000000e+00
3.544382e+00 0.000000e+00 0.000000e+00 0.000000e+00 0.000000e+00
3.596382e+00 0.000000e+00 0.000000e+00 0.000000e+00 0.000000e+00
3.648382e+00 0.000000e+00 0.000000e+00 0.000000e+00 0.000000e+00
3.700382e+00 0.000000e+00 0.000000e+00 0.000000e+00 0.000000e+00
3.752382e+00 0.000000e+00 0.000000e+00 0.000000e+00 0.000000e+00
3.804382e+00 0.000000e+00 0.000000e+00 0.000000e+00 0.000000e+00
3.856382e+00 0.000000e+00 0.000000e+00 0.000000e+00 0.000000e+00
3.908382e+00 0.000000e+00 0.000000e+00 0.000000e+00 0.000000e+00
3.960382e+00 0.000000e+00 0.000000e+00 0.000000e+00 0.000000e+00
4.012382e+00 0.000000e+00 0.000000e+00 0.000000e+00 0.000000e+00
4.064382e+00 0.000000e+00 0.000000e+00 0.000000e+00 0.000000e+00
4.116382e+00 0.000000e+00 0.000000e+00 0.000000e+00 0.000000e+00
4.168382e+00 0.000000e+00 0.000000e+00 0.000000e+00 0.000000e+00
4.220382e+00 0.000000e+00 0.000000e+00 0.000000e+00 0.000000e+00
4.272382e+00 0.000000e+00 0.000000e+00 0.000000e+00 0.000000e+00
4.324382e+00 0.000000e+00 0.000000e+00 0.000000e+00 0.000000e+00
4.376382e+00 0.000000e+00 0.000000e+00 0.000000e+00 0.000000e+00
4.428382e+00 0.000000e+00 0.000000e+00 0.000000e+00 0.000000e+00
4.480382e+00 0.000000e+00 0.000000e+00 0.000000e+00 0.000000e+00
4.532382e+00 0.000000e+00 0.000000e+00 0.000000e+00 0.000000e+00
4.584382e+00 0.000000e+00 0.000000e+00 0.000000e+00 0.000000e+00
4.636382e+00 0.000000e+00 0.000000e+00 0.000000e+00 0.000000e+00
4.688382e+00 0.000000e+00 0.000000e+00 0.000000e+00 0.000000e+00
4.740382e+00 0.000000e+00 0.000000e+00 0.000000e+00 0.000000e+00
4.792382e+00 0.000000e+00 0.000000e+00 0.000000e+00 0.000000e+00
4.844382e+00 0.000000e+00 0.000000e+00 0.000000e+00 0.000000e+00
4.896382e+00 0.000000e+00 0.000000e+00 0.000000e+00 0.000000e+00
4.948382e+00 0.000000e+00 0.000000e+00 0.000000e+00 0.000000e+00
5.000382e+00 0.000000e+00 0.000000e+00 0.000000e+00 0.000000e+00
5.052382e+00 0.000000e+00 0.000000e+00 0.000000e+00 0.000000e+00
5.104382e+00 0.000000e+00 0.000000e+00 0.000000e+00 0.000000e+00
5.156382e+00 0.000000e+00 0.000000e+00 0.000000e+00 0.000000e+00
5.208382e+00 0.000000e+00 0.000000e+00 0.000000e+00 0.000000e+00
5.260382e+00 0.000000e+00 0.000000e+00 0.000000e+00 0.000000e+00
5.312382e+00 0.000000e+00 0.000000e+00 0.000000e+00 0.000000e+00
5.364382e+00 0.000000e+00 0.000000e+00 0.000000e+00 0.000000e+00
5.416382e+00 0.000000e+00 0.000000e+00 0.000000e+00 0.000000e+00
5.468382e+00 0.000000e+00 0.000000e+00 0.000000e+00 0.000000e+00
5.520382e+00 0.000000e+00 0.000000e+00 0.000000e+00 0.000000e+00
5.572382e+00 0.000000e+00 0.000000e+00 0.000000e+00 0.000000e+00
5.624382e+00 0.000000e+00 0.000000e+00 0.000000e+00 0.000000e+00
5.676382e+00 0.000000e+00 0.000000e+00 0.000000e+00 0.000000e+00
5.728382e+00 0.000000e+00 0.000000e+00 0.000000e+00 0.000000e+00
5.780382e+00 0.000000e+00 0.000000e+00 0.000000e+00 0.000000e+00
5.832382e+00 0.000000e+00 0.000000e+00 0.000000e+00 0.000000e+00
5.884382e+00 0.000000e+00 0.000000e+00 0.000000e+00 0.000000e+00
5.936382e+00 0.000000e+00 0.000000e+00 0.000000e+00 0.000000e+00
5.988382e+00 0.000000e+00 0.000000e+00 0.000000e+00 0.000000e+00
6.040382e+00 0.000000e+00 0.000000e+00 0.000000e+00 0.000000e+00
6.092382e+00 0.000000e+00 0.000000e+00 0.000000e+00 0.000000e+00
6.144382e+00 0.000000e+00 0.000000e+00 0.000000e+00 0.000000e+00
6.196382e+00 0.000000e+00 0.000000e+00 0.000000e+00 0.000000e+00
6.248382e+00 0.000000e+00 0.000000e+00 0.000000e+00 0.000000e+00
6.300382e+00 0.000000e+00 0.000000e+00 0.000000e+00 0.000000e+00
6.352382e+00 0.000000e+00 0.000000e+00 0.000000e+00 0.000000e+00
6.404382e+00 0.000000e+00 0.000000e+00 0.000000e+00 0.000000e+00
6.456382e+00 0.000000e+00 0.000000e+00 0.000000e+00 0.000000e+00
6.508382e+00 0.000000e+00 0.000000e+00 0.000000e+00 0.000000e+00
6.560382e+00 0.000000e+00 0.000000e+00 0.000000e+00 0.000000e+00
6.612382e+00 0.000000e+00 0.000000e+00 0.000000e+00 0.000000e+00
6.664382e+00 0.000000e+00 0.000000e+00 0.000000e+00 0.000000e+00
6.716382e+00 0.000000e+00 0.000000e+00 0.000000e+00 0.000000e+00
6.768382e+00 0.000000e+00 0.000000e+00 0.000000e+00 0.000000e+00
6.820382e+00 0.000000e+00 0.000000e+00 0.000000e+00 0.000000e+00
6.872382e+00 0.000000e+00 0.000000e+00 0.000000e+00 0.000000e+00
6.924382e+00 0.000000e+00 0.000000e+00 0.000000e+00 0.000000e+00
6.976382e+00 0.000000e+00 0.000000e+00 0.000000e+00 0.000000e+00
7.028382e+00 0.000000e+00 0.000000e+00 0.000000e+00 0.000000e+00
7.080382e+00 0.000000e+00 0.000000e+00 0.000000e+00 0.000000e+00
7.132382e+00 0.000000e+00 0.000000e+00 0.000000e+00 0.000000e+00
7.184382e+00 0.000000e+00 0.000000e+00 0.000000e+00 0.000000e+00
7.236382e+00 1.100220e-14 1.082948e-15 3.178009e-14 1.435702e-16
7.288382e+00 5.035488e-14 4.956434e-15 1.454511e-13 6.570920e-16
7.340382e+00 2.153997e-13 2.120181e-14 6.221866e-13 2.810799e-15
7.392382e+00 1.067304e-12 1.723614e-13 2.939476e-12 9.007291e-14
7.444382e+00 4.136920e-12 7.052683e-13 1.130711e-11 3.983848e-13
7.496382e+00 1.534926e-11 2.861494e-12 4.136203e-11 1.824246e-12
7.548382e+00 5.289464e-11 1.051425e-11 1.409483e-10 7.221428e-12
7.600382e+00 1.718398e-10 3.648836e-11 4.521369e-10 2.689411e-11
7.652382e+00 5.269683e-10 1.196185e-10 1.366910e-09 9.437661e-11
7.704382e+00 1.525458e-09 3.698517e-10 3.896111e-09 3.104124e-10
7.756382e+00 4.174213e-09 1.079480e-09 1.048319e-08 9.599727e-10
7.808382e+00 1.080835e-08 2.975377e-09 2.665762e-08 2.792054e-09
7.860382e+00 2.650492e-08 7.745168e-09 6.412914e-08 7.640444e-09
7.912382e+00 6.161103e-08 1.904746e-08 1.461046e-07 1.968107e-08
7.964382e+00 1.358615e-07 4.427040e-08 3.155651e-07 4.774903e-08
8.016382e+00 2.844192e-07 9.728962e-08 6.467881e-07 1.091800e-07
8.068382e+00 5.656486e-07 2.022793e-07 1.259217e-06 2.354498e-07
8.120382e+00 1.069439e-06 3.981801e-07 2.330863e-06 4.792727e-07
8.172382e+00 1.923542e-06 7.427297e-07 4.106176e-06 9.217214e-07
8.224382e+00 3.294205e-06 1.314228e-06 6.891797e-06 1.676590e-06
8.276382e+00 5.377295e-06 2.208898e-06 1.103463e-05 2.888360e-06
8.328382e+00 8.378258e-06 3.532384e-06 1.688155e-05 4.720845e-06
8.380382e+00 1.248394e-05 5.385923e-06 2.472907e-05 7.336822e-06
8.432382e+00 1.783541e-05 7.850643e-06 3.478118e-05 1.087439e-05
8.484382e+00 2.451504e-05 1.097587e-05 4.713819e-05 1.543106e-05
8.536382e+00 3.255897e-05 1.477726e-05 6.183226e-05 2.106740e-05
8.588382e+00 4.199468e-05 1.924655e-05 7.890268e-05 2.783480e-05
8.640382e+00 5.288571e-05 2.436745e-05 9.847368e-05 3.581599e-05
8.692382e+00 6.535073e-05 3.012559e-05 1.207761e-04 4.515053e-05
8.744382e+00 7.952470e-05 3.649962e-05 1.460628e-04 5.601166e-05
8.796382e+00 9.545400e-05 4.342934e-05 1.744152e-04 6.851747e-05
8.848382e+00 1.129587e-04 5.077315e-05 2.055058e-04 8.259711e-05
8.900382e+00 1.315306e-04 5.828236e-05 2.384366e-04 9.787297e-05
8.952382e+00 1.503412e-04 6.562353e-05 2.717628e-04 1.136372e-04
9.004382e+00 1.683939e-04 7.246693e-05 3.037384e-04 1.289762e-04
9.056382e+00 1.847953e-04 7.863486e-05 3.327130e-04 1.430379e-04
9.108382e+00 1.990644e-04 8.428032e-05 3.575359e-04 1.553771e-04
9.160382e+00 2.113934e-04 9.005556e-05 3.778385e-04 1.662861e-04
9.212382e+00 2.228002e-04 9.722925e-05 3.941418e-04 1.770296e-04
9.264382e+00 2.351521e-04 1.077104e-04 4.078137e-04 1.899323e-04
9.316382e+00 2.510449e-04 1.239325e-04 4.209244e-04 2.082779e-04
9.368382e+00 2.735118e-04 1.485537e-04 4.360022e-04 2.359796e-04
9.420382e+00 3.055450e-04 1.839698e-04 4.556661e-04 2.769992e-04
9.472382e+00 3.494836e-04 2.317208e-04 4.821570e-04 3.345730e-04
9.524382e+00 4.064360e-04 2.919824e-04 5.168963e-04 4.104294e-04
9.576382e+00 4.759850e-04 3.633919e-04 5.602864e-04 5.042767e-04
9.628382e+00 5.563621e-04 4.433865e-04 6.119028e-04 6.137972e-04
9.680382e+00 6.450797e-04 5.290227e-04 6.710252e-04 7.351911e-04
9.732382e+00 7.397455e-04 6.179756e-04 7.372104e-04 8.640504e-04
9.784382e+00 8.386571e-04 7.092499e-04 8.105250e-04 9.961963e-04
9.836382e+00 9.408800e-04 8.032226e-04 8.912227e-04 1.128195e-03
9.888382e+00 1.045847e-03 9.009818e-04 9.790237e-04 1.257536e-03
9.940382e+00 1.152866e-03 1.003359e-03 1.072494e-03 1.382745e-03
9.992382e+00 1.261032e-03 1.110290e-03 1.169076e-03 1.503730e-03
1.004438e+01 1.369789e-03 1.220956e-03 1.265979e-03 1.622431e-03
1.009638e+01 1.479850e-03 1.334640e-03 1.361544e-03 1.743365e-03
1.014838e+01 1.593761e-03 1.451638e-03 1.456245e-03 1.873400e-03
1.020038e+01 1.715383e-03 1.573424e-03 1.552524e-03 2.020203e-03
1.025238e+01 1.848135e-03 1.701681e-03 1.653290e-03 2.189433e-03
1.030438e+01 1.992694e-03 1.836648e-03 1.759803e-03 2.381632e-03
1.035638e+01 2.145476e-03 1.975872e-03 1.870225e-03 2.590332e-03
1.040838e+01 2.299050e-03 2.114446e-03 1.979919e-03 2.802786e-03
1.046038e+01 2.444798e-03 2.246984e-03 2.083619e-03 3.003792e-03
1.051238e+01 2.576864e-03 2.370473e-03 2.178443e-03 3.181675e-03
1.056438e+01 2.695593e-03 2.486441e-03 2.266060e-03 3.334277e-03
1.061638e+01 2.808651e-03 2.601000e-03 2.352638e-03 3.472316e-03
1.066838e+01 2.928905e-03 2.722404e-03 2.446288e-03 3.618024e-03
1.072038e+01 3.069494e-03 2.856981e-03 2.552971e-03 3.798530e-03
1.077238e+01 3.237784e-03 3.005197e-03 2.672690e-03 4.035466e-03
1.082438e+01 3.430505e-03 3.159605e-03 2.797651e-03 4.334260e-03
1.087638e+01 3.632130e-03 3.305599e-03 2.913287e-03 4.677504e-03
1.092838e+01 3.817504e-03 3.424728e-03 3.001778e-03 5.026007e-03
1.098038e+01 3.958222e-03 3.499377e-03 3.046776e-03 5.328512e-03
1.103238e+01 4.030812e-03 3.517284e-03 3.037725e-03 5.537427e-03
1.108438e+01 4.024066e-03 3.474673e-03 2.972542e-03 5.624983e-03
1.113638e+01 3.943056e-03 3.377408e-03 2.858184e-03 5.593576e-03
1.118838e+01 3.808546e-03 3.240124e-03 2.709260e-03 5.476253e-03
1.124038e+01 3.652013e-03 3.083563e-03 2.545166e-03 5.327311e-03
1.129238e+01 3.507876e-03 2.930538e-03 2.386298e-03 5.206790e-03
1.134438e+01 3.405214e-03 2.801164e-03 2.249969e-03 5.164510e-03
1.139638e+01 3.361284e-03 2.708395e-03 2.146862e-03 5.228594e-03
1.144838e+01 3.378421e-03 2.655165e-03 2.079000e-03 5.401096e-03
1.150038e+01 3.444972e-03 2.634215e-03 2.040032e-03 5.660668e-03
1.155238e+01 3.539723e-03 2.630903e-03 2.017929e-03 5.970336e-03
1.160438e+01 3.638363e-03 2.628173e-03 1.999312e-03 6.287603e-03
1.165638e+01 3.719940e-03 2.611993e-03 1.973881e-03 6.573947e-03
1.170838e+01 3.771341e-03 2.575367e-03 1.937381e-03 6.801275e-03
1.176038e+01 3.788514e-03 2.519642e-03 1.892107e-03 6.953791e-03
1.181238e+01 3.774392e-03 2.452897e-03 1.844917e-03 7.025360e-03
1.186438e+01 3.734704e-03 2.386251e-03 1.803688e-03 7.014175e-03
1.191638e+01 3.673647e-03 2.329586e-03 1.773627e-03 6.917728e-03
1.196838e+01 3.591316e-03 2.288208e-03 1.754881e-03 6.730858e-03
1.202038e+01 3.483906e-03 2.261523e-03 1.742285e-03 6.447910e-03
1.207238e+01 3.346325e-03 2.243990e-03 1.727312e-03 6.067673e-03
1.212438e+01 3.175774e-03 2.227755e-03 1.701379e-03 5.598188e-03
1.217638e+01 2.974491e-03 2.205718e-03 1.659142e-03 5.058612e-03
1.222838e+01 2.750385e-03 2.173686e-03 1.600417e-03 4.477052e-03
1.228038e+01 2.515402e-03 2.130818e-03 1.529983e-03 3.885406e-03
1.233238e+01 2.282466e-03 2.078417e-03 1.455469e-03 3.313511e-03
1.238438e+01 2.062386e-03 2.018000e-03 1.384337e-03 2.784819e-03
1.243638e+01 1.861930e-03 1.949836e-03 1.321313e-03 2.314641e-03
1.248838e+01 1.683593e-03 1.872784e-03 1.267264e-03 1.910729e-03
1.254038e+01 1.526788e-03 1.785440e-03 1.219789e-03 1.575135e-03
1.259238e+01 1.389675e-03 1.687824e-03 1.174965e-03 1.306235e-03
1.264438e+01 1.270699e-03 1.582585e-03 1.129308e-03 1.100204e-03
1.269638e+01 1.169272e-03 1.475002e-03 1.081059e-03 9.517535e-04
1.274838e+01 1.085521e-03 1.371763e-03 1.030415e-03 8.543842e-04
1.280038e+01 1.019529e-03 1.279141e-03 9.789075e-04 8.005388e-04
1.285238e+01 9.706073e-04 1.201424e-03 9.284554e-04 7.819428e-04
1.290438e+01 9.370015e-04 1.140207e-03 8.806269e-04 7.901710e-04
1.295638e+01 9.160904e-04 1.094648e-03 8.363706e-04 8.172521e-04
1.300838e+01 9.048482e-04 1.062343e-03 7.961427e-04 8.560590e-04
1.306038e+01 9.002816e-04 1.040293e-03 7.601861e-04 9.003652e-04
1.311238e+01 8.996699e-04 1.025606e-03 7.287316e-04 9.446722e-04
1.316438e+01 9.006226e-04 1.015787e-03 7.020187e-04 9.840624e-04
1.321638e+01 9.010657e-04 1.008732e-03 6.801633e-04 1.014302e-03
1.326838e+01 8.992553e-04 1.002577e-03 6.629648e-04 1.032224e-03
1.332038e+01 8.938387e-04 9.955417e-04 6.497523e-04 1.036222e-03
1.337238e+01 8.839264e-04 9.858739e-04 6.393559e-04 1.026549e-03
1.342438e+01 8.691510e-04 9.719270e-04 6.302720e-04 1.005254e-03
1.347638e+01 8.497426e-04 9.524393e-04 6.210726e-04 9.757160e-04
1.352838e+01 8.266939e-04 9.270329e-04 6.110759e-04 9.419730e-04
1.358038e+01 8.020706e-04 8.969110e-04 6.012405e-04 9.080603e-04
1.363238e+01 7.794453e-04 8.656483e-04 5.951686e-04 8.775191e-04
1.368438e+01 7.643229e-04 8.398912e-04 6.000093e-04 8.530682e-04
1.373638e+01 7.643367e-04 8.297238e-04 6.269545e-04 8.363320e-04
1.378838e+01 7.889731e-04 8.484337e-04 6.909527e-04 8.275328e-04
1.384038e+01 8.486371e-04 9.114331e-04 8.092902e-04 8.251881e-04
1.389238e+01 9.530105e-04 1.034173e-03 9.988574e-04 8.260009e-04
1.394438e+01 1.108844e-03 1.229085e-03 1.272274e-03 8.251745e-04
1.399638e+01 1.317554e-03 1.501887e-03 1.633515e-03 8.172591e-04
1.404838e+01 1.573170e-03 1.847998e-03 2.074108e-03 7.974026e-04
1.410038e+01 1.861284e-03 2.250061e-03 2.571135e-03 7.626555e-04
1.415238e+01 2.159516e-03 2.677659e-03 3.087986e-03 7.129020e-04
1.420438e+01 2.439732e-03 3.089896e-03 3.578185e-03 6.511150e-04
1.425638e+01 2.671841e-03 3.440859e-03 3.991768e-03 5.828965e-04
1.430838e+01 2.828571e-03 3.687123e-03 4.283039e-03 5.155518e-04
1.436038e+01 2.890391e-03 3.795829e-03 4.418236e-03 4.571081e-04
1.441238e+01 2.849599e-03 3.751517e-03 4.381624e-03 4.156544e-04
1.446438e+01 2.712674e-03 3.560048e-03 4.178808e-03 3.991658e-04
1.451638e+01 2.500196e-03 3.248489e-03 3.836409e-03 4.156893e-04
1.456838e+01 2.244053e-03 2.860736e-03 3.397881e-03 4.735433e-04
1.462038e+01 1.982319e-03 2.449744e-03 2.916081e-03 5.811316e-04
1.467238e+01 1.752800e-03 2.068127e-03 2.444165e-03 7.461078e-04
1.472438e+01 1.586767e-03 1.759385e-03 2.027001e-03 9.739132e-04
1.477638e+01 1.504342e-03 1.551784e-03 1.695212e-03 1.266030e-03
1.482838e+01 1.512542e-03 1.456003e-03 1.463101e-03 1.618522e-03
1.488038e+01 1.606125e-03 1.466532e-03 1.330368e-03 2.021474e-03
1.493238e+01 1.770607e-03 1.565750e-03 1.286363e-03 2.459706e-03
1.498438e+01 1.986301e-03 1.729140e-03 1.315077e-03 2.914687e-03
1.503638e+01 2.232172e-03 1.930199e-03 1.399309e-03 3.367007e-03
1.508838e+01 2.488610e-03 2.144143e-03 1.523227e-03 3.798460e-03
1.514038e+01 2.738786e-03 2.350169e-03 1.673341e-03 4.192848e-03
1.519238e+01 2.968756e-03 2.532521e-03 1.838455e-03 4.535291e-03
1.524438e+01 3.166926e-03 2.680801e-03 2.009232e-03 4.810745e-03
1.529638e+01 3.323578e-03 2.789831e-03 2.177777e-03 5.003125e-03
1.534838e+01 3.430950e-03 2.859131e-03 2.337374e-03 5.096345e-03
1.540038e+01 3.483991e-03 2.891959e-03 2.482293e-03 5.077720e-03
1.545238e+01 3.481441e-03 2.893920e-03 2.607667e-03 4.942735e-03
1.550438e+01 3.426681e-03 2.871401e-03 2.709488e-03 4.699153e-03
1.555638e+01 3.327817e-03 2.830298e-03 2.784848e-03 4.368305e-03
1.560838e+01 3.196760e-03 2.775418e-03 2.832425e-03 3.982437e-03
1.566038e+01 3.047428e-03 2.710688e-03 2.853020e-03 3.578577e-03
1.571238e+01 2.893527e-03 2.639866e-03 2.849813e-03 3.190903e-03
1.576438e+01 2.746481e-03 2.567269e-03 2.828035e-03 2.844141e-03
1.581638e+01 2.614043e-03 2.498015e-03 2.794026e-03 2.550089e-03
1.586838e+01 2.499891e-03 2.437644e-03 2.753976e-03 2.308053e-03
1.592038e+01 2.404197e-03 2.391212e-03 2.712836e-03 2.108542e-03
1.597238e+01 2.324857e-03 2.362224e-03 2.673811e-03 1.938537e-03
1.602438e+01 2.258876e-03 2.351738e-03 2.638502e-03 1.786388e-03
1.607638e+01 2.203411e-03 2.357899e-03 2.607431e-03 1.644903e-03
1.612838e+01 2.156220e-03 2.376040e-03 2.580513e-03 1.512107e-03
1.618038e+01 2.115551e-03 2.399382e-03 2.557210e-03 1.390061e-03
1.623238e+01 2.079785e-03 2.420285e-03 2.536419e-03 1.282651e-03
1.628438e+01 2.047170e-03 2.431808e-03 2.516332e-03 1.193371e-03
1.633638e+01 2.015865e-03 2.429238e-03 2.494557e-03 1.123801e-03
1.638838e+01 1.984269e-03 2.411172e-03 2.468555e-03 1.073078e-03
1.644038e+01 1.951501e-03 2.379898e-03 2.436311e-03 1.038295e-03
1.649238e+01 1.917906e-03 2.341133e-03 2.397081e-03 1.015503e-03
1.654438e+01 1.885538e-03 2.303414e-03 2.352202e-03 1.000999e-03
1.659638e+01 1.858639e-03 2.277451e-03 2.305912e-03 9.925538e-04
1.664838e+01 1.843963e-03 2.275495e-03 2.266021e-03 9.903748e-04
1.670038e+01 1.850662e-03 2.310382e-03 2.243987e-03 9.976158e-04
1.675238e+01 1.889314e-03 2.393783e-03 2.253864e-03 1.020296e-03
1.680438e+01 1.969942e-03 2.533437e-03 2.309862e-03 1.066527e-03
1.685638e+01 2.099264e-03 2.729842e-03 2.422943e-03 1.145006e-03
1.690838e+01 2.277977e-03 2.973563e-03 2.597480e-03 1.262887e-03
1.696038e+01 2.499065e-03 3.244594e-03 2.829269e-03 1.423331e-03
1.701238e+01 2.747876e-03 3.514729e-03 3.105649e-03 1.623252e-03
1.706438e+01 3.004112e-03 3.752808e-03 3.407609e-03 1.851917e-03
1.711638e+01 3.245130e-03 3.931450e-03 3.712893e-03 2.091047e-03
1.716838e+01 3.449585e-03 4.033125e-03 3.998860e-03 2.316772e-03
1.722038e+01 3.600429e-03 4.053569e-03 4.244357e-03 2.503360e-03
1.727238e+01 3.686724e-03 4.001492e-03 4.430684e-03 2.627996e-03
1.732438e+01 3.704214e-03 3.894876e-03 4.542359e-03 2.675407e-03
1.737638e+01 3.654897e-03 3.755308e-03 4.568351e-03 2.641033e-03
1.742838e+01 3.545970e-03 3.602272e-03 4.503877e-03 2.531761e-03
1.748038e+01 3.388400e-03 3.449089e-03 4.352067e-03 2.364043e-03
1.753238e+01 3.195348e-03 3.301482e-03 4.124536e-03 2.160025e-03
1.758438e+01 2.980633e-03 3.158789e-03 3.840203e-03 1.942907e-03
1.763638e+01 2.757471e-03 3.017070e-03 3.522478e-03 1.732866e-03
1.768838e+01 2.537649e-03 2.872819e-03 3.195689e-03 1.544440e-03
1.774038e+01 2.331158e-03 2.725911e-03 2.881825e-03 1.385736e-03
1.779238e+01 2.146114e-03 2.580815e-03 2.598396e-03 1.259132e-03
1.784438e+01 1.988711e-03 2.445739e-03 2.357524e-03 1.162869e-03
1.789638e+01 1.862995e-03 2.330210e-03 2.165930e-03 1.092844e-03
1.794838e+01 1.770503e-03 2.242123e-03 2.025278e-03 1.044109e-03
1.800038e+01 1.709960e-03 2.185377e-03 1.932621e-03 1.011883e-03
1.805238e+01 1.677305e-03 2.158865e-03 1.880961e-03 9.920878e-04
1.810438e+01 1.666223e-03 2.156959e-03 1.860165e-03 9.815465e-04
1.815638e+01 1.669135e-03 2.171044e-03 1.858392e-03 9.779701e-04
1.820838e+01 1.678416e-03 2.191445e-03 1.863970e-03 9.798335e-04
1.826038e+01 1.687571e-03 2.209152e-03 1.867376e-03 9.861840e-04
1.831238e+01 1.692096e-03 2.217040e-03 1.862830e-03 9.964192e-04
1.836438e+01 1.689866e-03 2.210533e-03 1.849002e-03 1.010061e-03
1.841638e+01 1.680959e-03 2.187756e-03 1.828565e-03 1.026556e-03
1.846838e+01 1.666994e-03 2.149206e-03 1.806646e-03 1.045130e-03
1.852038e+01 1.650148e-03 2.097038e-03 1.788662e-03 1.064743e-03
1.857238e+01 1.632169e-03 2.034090e-03 1.778247e-03 1.084169e-03
1.862438e+01 1.613712e-03 1.962965e-03 1.775979e-03 1.102193e-03
1.867638e+01 1.594198e-03 1.885450e-03 1.779285e-03 1.117860e-03
1.872838e+01 1.572181e-03 1.802459e-03 1.783428e-03 1.130655e-03
1.878038e+01 1.546001e-03 1.714431e-03 1.783080e-03 1.140493e-03
1.883238e+01 1.514422e-03 1.621914e-03 1.773853e-03 1.147499e-03
1.888438e+01 1.477006e-03 1.526058e-03 1.753283e-03 1.151677e-03
1.893638e+01 1.434174e-03 1.428782e-03 1.721078e-03 1.152662e-03
1.898838e+01 1.387029e-03 1.332634e-03 1.678720e-03 1.149733e-03
1.904038e+01 1.337094e-03 1.240432e-03 1.628736e-03 1.142114e-03
1.909238e+01 1.286077e-03 1.154865e-03 1.573916e-03 1.129452e-03
1.914438e+01 1.235692e-03 1.078128e-03 1.516722e-03 1.112226e-03
1.919638e+01 1.187500e-03 1.011667e-03 1.458964e-03 1.091868e-03
1.924838e+01 1.142744e-03 9.559931e-04 1.401730e-03 1.070510e-03
1.930038e+01 1.102188e-03 9.106049e-04 1.345507e-03 1.050453e-03
1.935238e+01 1.065991e-03 8.740215e-04 1.290400e-03 1.033550e-03
1.940438e+01 1.033698e-03 8.439799e-04 1.236384e-03 1.020730e-03
1.945638e+01 1.004375e-03 8.177964e-04 1.183509e-03 1.011819e-03
1.950838e+01 9.768561e-04 7.928419e-04 1.132036e-03 1.005691e-03
1.956038e+01 9.500752e-04 7.670254e-04 1.082484e-03 1.000716e-03
1.961238e+01 9.233808e-04 7.391641e-04 1.035618e-03 9.953604e-04
1.966438e+01 8.967717e-04 7.091505e-04 9.924085e-04 9.887561e-04
1.971638e+01 8.709796e-04 6.778939e-04 9.539996e-04 9.810454e-04
1.976838e+01 8.473629e-04 6.470784e-04 9.216505e-04 9.733599e-04
1.982038e+01 8.276171e-04 6.188152e-04 8.966143e-04 9.674217e-04
1.987238e+01 8.133626e-04 5.952639e-04 8.799121e-04 9.649119e-04
1.992438e+01 8.057172e-04 5.782724e-04 8.720158e-04 9.668633e-04
1.997638e+01 8.049703e-04 5.690633e-04 8.725228e-04 9.733248e-04
2.002838e+01 8.104535e-04 5.679926e-04 8.799525e-04 9.834155e-04
2.008038e+01 8.206355e-04 5.744223e-04 8.917878e-04 9.956964e-04
2.013238e+01 8.334051e-04 5.867531e-04 9.048095e-04 1.008653e-03
2.018438e+01 8.464522e-04 6.026422e-04 9.156593e-04 1.021055e-03
2.023638e+01 8.576365e-04 6.193783e-04 9.214693e-04 1.032062e-03
2.028838e+01 8.652572e-04 6.343272e-04 9.203596e-04 1.041085e-03
2.034038e+01 8.681763e-04 6.453340e-04 9.116557e-04 1.047539e-03
2.039238e+01 8.658044e-04 6.509814e-04 8.957856e-04 1.050646e-03
2.044438e+01 8.580014e-04 6.506636e-04 8.739326e-04 1.049408e-03
2.049638e+01 8.449567e-04 6.444988e-04 8.475985e-04 1.042773e-03
2.054838e+01 8.271084e-04 6.331482e-04 8.182409e-04 1.029936e-03
2.060038e+01 8.051186e-04 6.176169e-04 7.870903e-04 1.010649e-03
2.065238e+01 7.798874e-04 5.990886e-04 7.551610e-04 9.854126e-04
2.070438e+01 7.525537e-04 5.788094e-04 7.233786e-04 9.554730e-04
2.075638e+01 7.244361e-04 5.580066e-04 6.927025e-04 9.225992e-04
2.080838e+01 6.968929e-04 5.378214e-04 6.641400e-04 8.887171e-04
2.086038e+01 6.711248e-04 5.192405e-04 6.386213e-04 8.555126e-04
2.091238e+01 6.479818e-04 5.030304e-04 6.167872e-04 8.241278e-04
2.096438e+01 6.278416e-04 4.896896e-04 5.987975e-04 7.950375e-04
2.101638e+01 6.106063e-04 4.794308e-04 5.842612e-04 7.681269e-04
2.106838e+01 5.958159e-04 4.721934e-04 5.723316e-04 7.429225e-04
2.112038e+01 5.828297e-04 4.676729e-04 5.619366e-04 7.188795e-04
2.117238e+01 5.710060e-04 4.653489e-04 5.520554e-04 6.956136e-04
2.122438e+01 5.598153e-04 4.645137e-04 5.419404e-04 6.729919e-04
2.127638e+01 5.488651e-04 4.643171e-04 5.312139e-04 6.510643e-04
2.132838e+01 5.378531e-04 4.638512e-04 5.198217e-04 6.298865e-04
2.138038e+01 5.265005e-04 4.622791e-04 5.078865e-04 6.093359e-04
2.143238e+01 5.145100e-04 4.589792e-04 4.955331e-04 5.890178e-04
2.148438e+01 5.015754e-04 4.536533e-04 4.827637e-04 5.683093e-04
2.153638e+01 4.874357e-04 4.463548e-04 4.694317e-04 5.465206e-04
2.158838e+01 4.719495e-04 4.374250e-04 4.553194e-04 5.231040e-04
2.164038e+01 4.551635e-04 4.273735e-04 4.402812e-04 4.978358e-04
2.169238e+01 4.373576e-04 4.167555e-04 4.243909e-04 4.709265e-04
2.174438e+01 4.190574e-04 4.060926e-04 4.080284e-04 4.430512e-04
2.179638e+01 4.010106e-04 3.958515e-04 3.918681e-04 4.153122e-04
2.184838e+01 3.841220e-04 3.864546e-04 3.767657e-04 3.891457e-04
2.190038e+01 3.693463e-04 3.782843e-04 3.635804e-04 3.661742e-04
2.195238e+01 3.575462e-04 3.716495e-04 3.529866e-04 3.480026e-04
2.200438e+01 3.493406e-04 3.667186e-04 3.453293e-04 3.359739e-04
2.205638e+01 3.449770e-04 3.634531e-04 3.405581e-04 3.309198e-04
2.210838e+01 3.442661e-04 3.615910e-04 3.382472e-04 3.329600e-04
2.216038e+01 3.466026e-04 3.607120e-04 3.376902e-04 3.414057e-04
2.221238e+01 3.510726e-04 3.603716e-04 3.380449e-04 3.548014e-04
2.226438e+01 3.566210e-04 3.602512e-04 3.384978e-04 3.711140e-04
2.231638e+01 3.622370e-04 3.602553e-04 3.384166e-04 3.880390e-04
2.236838e+01 3.671100e-04 3.605086e-04 3.374596e-04 4.033619e-04
2.242038e+01 3.707243e-04 3.612582e-04 3.356238e-04 4.152911e-04
2.247238e+01 3.728796e-04 3.627312e-04 3.332256e-04 4.226819e-04
2.252438e+01 3.736497e-04 3.650206e-04 3.308264e-04 4.251022e-04
2.257638e+01 3.733031e-04 3.680446e-04 3.291215e-04 4.227431e-04
2.262838e+01 3.722086e-04 3.715879e-04 3.288126e-04 4.162253e-04
2.268038e+01 3.707492e-04 3.753883e-04 3.304845e-04 4.063747e-04
2.273238e+01 3.692542e-04 3.792258e-04 3.345072e-04 3.940294e-04
2.278438e+01 3.679610e-04 3.829829e-04 3.409899e-04 3.799102e-04
2.283638e+01 3.670103e-04 3.866717e-04 3.498002e-04 3.645591e-04
2.288838e+01 3.664719e-04 3.904371e-04 3.606430e-04 3.483356e-04
2.294038e+01 3.663869e-04 3.945409e-04 3.731586e-04 3.314611e-04
2.299238e+01 3.668035e-04 3.993191e-04 3.869922e-04 3.140992e-04
2.304438e+01 3.677882e-04 4.051065e-04 4.017995e-04 2.964587e-04
2.309638e+01 3.694077e-04 4.121346e-04 4.171988e-04 2.788896e-04
2.314838e+01 3.716963e-04 4.204298e-04 4.327195e-04 2.619395e-04
2.320038e+01 3.746286e-04 4.297484e-04 4.477976e-04 2.463399e-04
2.325238e+01 3.781062e-04 4.395698e-04 4.618365e-04 2.329122e-04
2.330438e+01 3.819478e-04 4.491435e-04 4.742914e-04 2.224085e-04
2.335638e+01 3.858685e-04 4.575658e-04 4.847118e-04 2.153279e-04
2.340838e+01 3.894417e-04 4.638667e-04 4.926971e-04 2.117613e-04
2.346038e+01 3.920710e-04 4.671064e-04 4.977936e-04 2.113129e-04
2.351238e+01 3.930130e-04 4.664926e-04 4.994177e-04 2.131287e-04
2.356438e+01 3.914853e-04 4.615210e-04 4.969012e-04 2.160337e-04
2.361638e+01 3.868517e-04 4.521096e-04 4.896921e-04 2.187534e-04
2.366838e+01 3.788312e-04 4.386780e-04 4.776447e-04 2.201708e-04
2.372038e+01 3.676538e-04 4.221322e-04 4.612703e-04 2.195589e-04
2.377238e+01 3.540974e-04 4.037489e-04 4.418172e-04 2.167262e-04
2.382438e+01 3.393883e-04 3.849994e-04 4.211283e-04 2.120373e-04
2.387638e+01 3.249957e-04 3.673655e-04 4.013222e-04 2.062992e-04
2.392838e+01 3.123810e-04 3.521866e-04 3.844115e-04 2.005450e-04
2.398038e+01 3.027670e-04 3.405493e-04 3.719775e-04 1.957742e-04
2.403238e+01 2.969676e-04 3.332039e-04 3.649767e-04 1.927224e-04
2.408438e+01 2.953015e-04 3.304988e-04 3.636875e-04 1.917183e-04
2.413638e+01 2.975872e-04 3.323361e-04 3.677641e-04 1.926614e-04
2.418838e+01 3.032142e-04 3.381701e-04 3.763531e-04 1.951194e-04
2.424038e+01 3.112775e-04 3.470738e-04 3.882465e-04 1.985123e-04
2.429238e+01 3.207590e-04 3.578837e-04 4.020646e-04 2.023286e-04
2.434438e+01 3.307295e-04 3.694097e-04 4.164709e-04 2.063078e-04
2.439638e+01 3.405340e-04 3.806701e-04 4.304029e-04 2.105290e-04
2.444838e+01 3.499093e-04 3.910924e-04 4.432677e-04 2.153678e-04
2.450038e+01 3.589914e-04 4.006166e-04 4.550289e-04 2.213288e-04
2.455238e+01 3.681963e-04 4.096578e-04 4.661204e-04 2.288108e-04
2.460438e+01 3.780029e-04 4.189282e-04 4.771807e-04 2.378998e-04
2.465638e+01 3.887157e-04 4.291687e-04 4.886918e-04 2.482865e-04
2.470838e+01 4.003041e-04 4.408829e-04 5.006696e-04 2.593597e-04
2.476038e+01 4.123927e-04 4.541645e-04 5.125608e-04 2.704528e-04
2.481238e+01 4.244144e-04 4.686775e-04 5.234173e-04 2.811485e-04
2.486438e+01 4.358641e-04 4.837784e-04 5.322881e-04 2.915259e-04
2.491638e+01 4.465406e-04 4.987112e-04 5.386556e-04 3.022551e-04
2.496838e+01 4.566638e-04 5.127762e-04 5.427054e-04 3.145099e-04
2.502038e+01 4.668050e-04 5.253955e-04 5.452936e-04 3.297259e-04
2.507238e+01 4.776529e-04 5.360684e-04 5.476163e-04 3.492741e-04
2.512438e+01 4.897136e-04 5.442813e-04 5.507334e-04 3.741262e-04
2.517638e+01 5.030816e-04 5.494809e-04 5.551703e-04 4.045937e-04
2.522838e+01 5.173909e-04 5.511864e-04 5.607801e-04 4.402062e-04
2.528038e+01 5.319765e-04 5.492348e-04 5.669181e-04 4.797766e-04
2.533238e+01 5.461754e-04 5.440504e-04 5.728207e-04 5.216551e-04
2.538438e+01 5.596255e-04 5.367782e-04 5.779888e-04 5.641096e-04
2.543638e+01 5.724182e-04 5.291532e-04 5.823808e-04 6.057205e-04
2.548838e+01 5.850265e-04 5.230919e-04 5.863319e-04 6.456556e-04
2.554038e+01 5.980349e-04 5.201229e-04 5.902571e-04 6.837246e-04
2.559238e+01 6.117843e-04 5.208706e-04 5.943016e-04 7.201807e-04
2.564438e+01 6.260784e-04 5.248000e-04 5.981157e-04 7.553195e-04
2.569638e+01 6.400643e-04 5.303388e-04 6.008592e-04 7.889949e-04
2.574838e+01 6.523289e-04 5.353456e-04 6.014283e-04 8.202127e-04
2.580038e+01 6.611756e-04 5.377615e-04 5.988007e-04 8.469644e-04
2.585238e+01 6.649989e-04 5.362216e-04 5.923622e-04 8.664129e-04
2.590438e+01 6.626607e-04 5.304288e-04 5.821074e-04 8.754459e-04
2.595638e+01 6.537856e-04 5.211991e-04 5.686767e-04 8.714810e-04
2.600838e+01 6.389163e-04 5.102018e-04 5.532553e-04 8.532918e-04
2.606038e+01 6.194965e-04 4.995150e-04 5.373943e-04 8.215803e-04
2.611238e+01 5.976746e-04 4.911449e-04 5.228001e-04 7.790787e-04
2.616438e+01 5.759538e-04 4.866337e-04 5.111135e-04 7.301141e-04
2.621638e+01 5.567524e-04 4.868323e-04 5.036781e-04 6.797470e-04
2.626838e+01 5.419672e-04 4.918550e-04 5.013101e-04 6.327366e-04
2.632038e+01 5.326476e-04 5.011960e-04 5.041162e-04 5.926306e-04
2.637238e+01 5.288686e-04 5.139556e-04 5.114285e-04 5.612217e-04
2.642438e+01 5.298386e-04 5.291095e-04 5.219183e-04 5.384881e-04
2.647638e+01 5.342123e-04 5.457509e-04 5.338992e-04 5.229869e-04
2.652838e+01 5.405166e-04 5.632515e-04 5.457523e-04 5.125459e-04
2.658038e+01 5.475643e-04 5.813155e-04 5.563475e-04 5.050298e-04
2.663238e+01 5.547364e-04 5.999337e-04 5.653188e-04 4.989569e-04
2.668438e+01 5.620534e-04 6.192698e-04 5.730852e-04 4.938054e-04
2.673638e+01 5.700233e-04 6.395216e-04 5.805984e-04 4.899499e-04
2.678838e+01 5.793253e-04 6.607950e-04 5.888913e-04 4.882897e-04
2.684038e+01 5.904409e-04 6.830172e-04 5.985858e-04 4.897196e-04
2.689238e+01 6.033604e-04 7.058956e-04 6.095495e-04 4.946360e-04
2.694438e+01 6.174674e-04 7.289132e-04 6.208484e-04 5.026405e-04
2.699638e+01 6.316369e-04 7.513489e-04 6.310396e-04 5.125220e-04
2.704838e+01 6.445118e-04 7.723245e-04 6.387143e-04 5.224965e-04
2.710038e+01 6.548653e-04 7.909041e-04 6.430897e-04 5.306022e-04
2.715238e+01 6.619399e-04 8.062809e-04 6.444186e-04 5.351201e-04
2.720438e+01 6.656704e-04 8.180519e-04 6.440484e-04 5.349108e-04
2.725638e+01 6.667446e-04 8.265193e-04 6.441040e-04 5.296104e-04
2.730838e+01 6.664955e-04 8.328974e-04 6.469150e-04 5.196741e-04
2.736038e+01 6.666578e-04 8.392901e-04 6.544030e-04 5.062802e-04
2.741238e+01 6.690396e-04 8.483690e-04 6.676330e-04 4.911167e-04
2.746438e+01 6.751711e-04 8.627879e-04 6.866466e-04 4.760787e-04
2.751638e+01 6.859910e-04 8.844786e-04 7.105679e-04 4.629265e-04
2.756838e+01 7.016304e-04 9.140279e-04 7.378905e-04 4.529729e-04
2.762038e+01 7.213422e-04 9.503140e-04 7.668282e-04 4.468844e-04
2.767238e+01 7.436036e-04 9.905180e-04 7.956407e-04 4.446520e-04
2.772438e+01 7.663847e-04 1.030526e-03 8.228870e-04 4.457408e-04
2.777638e+01 7.875299e-04 1.065657e-03 8.475752e-04 4.493576e-04
2.782838e+01 8.051581e-04 1.091558e-03 8.691853e-04 4.547315e-04
2.788038e+01 8.179737e-04 1.105066e-03 8.875539e-04 4.613010e-04
2.793238e+01 8.254010e-04 1.104806e-03 9.026480e-04 4.687490e-04
2.798438e+01 8.275178e-04 1.091341e-03 9.143062e-04 4.769058e-04
2.803638e+01 8.248385e-04 1.066851e-03 9.220603e-04 4.856044e-04
2.808838e+01 8.180529e-04 1.034437e-03 9.251278e-04 4.945942e-04
2.814038e+01 8.078369e-04 9.973308e-04 9.226055e-04 5.035745e-04
2.819238e+01 7.947990e-04 9.582557e-04 9.138108e-04 5.123306e-04
2.824438e+01 7.795521e-04 9.191142e-04 8.986527e-04 5.208893e-04
2.829638e+01 7.628322e-04 8.810056e-04 8.778970e-04 5.295939e-04
2.834838e+01 7.455673e-04 8.444387e-04 8.532168e-04 5.390463e-04
2.840038e+01 7.288349e-04 8.095770e-04 8.269848e-04 5.499429e-04
2.845238e+01 7.137151e-04 7.764140e-04 8.018431e-04 5.628881e-04
2.850438e+01 7.011020e-04 7.448739e-04 7.801612e-04 5.782710e-04
2.855638e+01 6.915525e-04 7.148885e-04 7.635322e-04 5.962368e-04
2.860838e+01 6.852234e-04 6.864998e-04 7.524543e-04 6.167161e-04
2.866038e+01 6.819065e-04 6.599825e-04 7.462958e-04 6.394412e-04
2.871238e+01 6.811322e-04 6.359357e-04 7.435549e-04 6.639060e-04
2.876438e+01 6.823038e-04 6.152850e-04 7.423347e-04 6.892918e-04
2.881638e+01 6.848284e-04 5.991693e-04 7.408823e-04 7.144337e-04
2.886838e+01 6.882193e-04 5.887333e-04 7.380181e-04 7.379066e-04
2.892038e+01 6.921540e-04 5.848858e-04 7.333231e-04 7.582531e-04
2.897238e+01 6.964744e-04 5.880839e-04 7.270423e-04 7.742969e-04
2.902438e+01 7.011336e-04 5.981862e-04 7.197799e-04 7.854346e-04
2.907638e+01 7.061100e-04 6.143888e-04 7.121443e-04 7.917969e-04
2.912838e+01 7.113322e-04 6.352499e-04 7.045201e-04 7.942265e-04
2.918038e+01 7.166557e-04 6.588087e-04 6.970709e-04 7.940874e-04
2.923238e+01 7.219124e-04 6.828105e-04 6.899492e-04 7.929776e-04
2.928438e+01 7.270130e-04 7.050315e-04 6.835707e-04 7.924369e-04
2.933638e+01 7.320478e-04 7.236563e-04 6.787648e-04 7.937224e-04
2.938838e+01 7.373275e-04 7.376181e-04 6.766792e-04 7.976852e-04
2.944038e+01 7.433326e-04 7.467997e-04 6.784541e-04 8.047439e-04
2.949238e+01 7.505846e-04 7.520169e-04 6.848157e-04 8.149211e-04
2.954438e+01 7.594886e-04 7.547770e-04 6.957834e-04 8.279052e-04
2.959638e+01 7.702031e-04 7.568757e-04 7.106212e-04 8.431123e-04
2.964838e+01 7.825780e-04 7.599502e-04 7.280327e-04 8.597512e-04
2.970038e+01 7.961747e-04 7.651228e-04 7.464868e-04 8.769143e-04
2.975238e+01 8.103583e-04 7.728319e-04 7.645298e-04 8.937131e-04
2.980438e+01 8.244414e-04 7.828805e-04 7.809947e-04 9.094489e-04
2.985638e+01 8.378421e-04 7.946553e-04 7.951042e-04 9.237668e-04
2.990838e+01 8.502193e-04 8.074169e-04 8.065204e-04 9.367206e-04
2.996038e+01 8.615493e-04 8.205572e-04 8.153888e-04 9.487018e-04
3.001238e+01 8.721254e-04 8.337550e-04 8.223726e-04 9.602487e-04
3.006438e+01 8.824842e-04 8.470106e-04 8.286252e-04 9.718169e-04
3.011638e+01 8.932784e-04 8.605771e-04 8.356428e-04 9.836151e-04
3.016838e+01 9.051254e-04 8.748201e-04 8.449838e-04 9.955722e-04
3.022038e+01 9.184595e-04 8.900407e-04 8.579087e-04 1.007429e-03
3.027238e+01 9.334145e-04 9.063030e-04 8.750479e-04 1.018892e-03
3.032438e+01 9.497654e-04 9.233234e-04 8.962104e-04 1.029763e-03
3.037638e+01 9.669540e-04 9.404698e-04 9.204069e-04 1.039985e-03
3.042838e+01 9.841936e-04 9.568920e-04 9.460792e-04 1.049609e-03
3.048038e+01 1.000622e-03 9.717399e-04 9.714566e-04 1.058668e-03
3.053238e+01 1.015437e-03 9.843800e-04 9.949152e-04 1.067017e-03
3.058438e+01 1.027976e-03 9.945165e-04 1.015233e-03 1.074178e-03
3.063638e+01 1.037707e-03 1.002170e-03 1.031691e-03 1.079260e-03
3.068838e+01 1.044205e-03 1.007547e-03 1.044053e-03 1.081014e-03
3.074038e+01 1.047138e-03 1.010877e-03 1.052474e-03 1.078062e-03
3.079238e+01 1.046332e-03 1.012307e-03 1.057416e-03 1.069273e-03
3.084438e+01 1.041867e-03 1.011874e-03 1.059571e-03 1.054157e-03
3.089638e+01 1.034166e-03 1.009542e-03 1.059791e-03 1.033167e-03
3.094838e+01 1.023994e-03 1.005232e-03 1.058976e-03 1.007775e-03
3.100038e+01 1.012354e-03 9.988218e-04 1.057934e-03 9.803059e-04
3.105238e+01 1.000303e-03 9.901018e-04 1.057232e-03 9.535751e-04
3.110438e+01 9.887712e-04 9.787480e-04 1.057119e-03 9.304469e-04
3.115638e+01 9.784381e-04 9.643707e-04 1.057538e-03 9.134061e-04
3.120838e+01 9.697191e-04 9.466660e-04 1.058267e-03 9.042247e-04
3.126038e+01 9.628348e-04 9.256415e-04 1.059111e-03 9.037516e-04
3.131238e+01 9.579096e-04 9.018208e-04 1.060079e-03 9.118290e-04
3.136438e+01 9.550355e-04 8.763211e-04 1.061454e-03 9.273309e-04
3.141638e+01 9.542656e-04 8.507349e-04 1.063735e-03 9.483269e-04
3.146838e+01 9.555536e-04 8.268276e-04 1.067455e-03 9.723778e-04
3.152038e+01 9.586878e-04 8.061440e-04 1.072973e-03 9.969470e-04
3.157238e+01 9.632732e-04 7.896559e-04 1.080294e-03 1.019870e-03
3.162438e+01 9.687826e-04 7.775670e-04 1.089018e-03 1.039763e-03
3.167638e+01 9.746535e-04 7.693317e-04 1.098400e-03 1.056229e-03
3.172838e+01 9.803775e-04 7.638734e-04 1.107500e-03 1.069759e-03
3.178038e+01 9.855359e-04 7.599253e-04 1.115352e-03 1.081330e-03
3.183238e+01 9.897675e-04 7.563893e-04 1.121075e-03 1.091838e-03
3.188438e+01 9.926957e-04 7.526065e-04 1.123890e-03 1.101591e-03
3.193638e+01 9.938712e-04 7.484658e-04 1.123053e-03 1.110095e-03
3.198838e+01 9.927785e-04 7.443260e-04 1.117788e-03 1.116222e-03
3.204038e+01 9.889263e-04 7.407899e-04 1.107279e-03 1.118710e-03
3.209238e+01 9.819997e-04 7.384117e-04 1.090815e-03 1.116773e-03
3.214438e+01 9.720194e-04 7.374347e-04 1.068050e-03 1.110573e-03
3.219638e+01 9.594394e-04 7.376380e-04 1.039302e-03 1.101379e-03
3.224838e+01 9.451360e-04 7.383300e-04 1.005731e-03 1.091347e-03
3.230038e+01 9.302751e-04 7.384836e-04 9.692898e-04 1.083052e-03
3.235238e+01 9.160969e-04 7.369726e-04 9.323950e-04 1.078923e-03
3.240438e+01 9.036851e-04 7.328515e-04 8.974347e-04 1.080769e-03
3.245638e+01 8.937936e-04 7.256022e-04 8.662729e-04 1.089506e-03
3.250838e+01 8.867717e-04 7.152779e-04 8.399397e-04 1.105098e-03
3.256038e+01 8.825883e-04 7.024920e-04 8.185954e-04 1.126677e-03
3.261238e+01 8.809199e-04 6.882512e-04 8.017333e-04 1.152775e-03
3.266438e+01 8.812635e-04 6.736862e-04 7.884904e-04 1.181614e-03
3.271638e+01 8.830454e-04 6.597775e-04 7.779227e-04 1.211436e-03
3.276838e+01 8.857202e-04 6.471703e-04 7.691583e-04 1.240832e-03
3.282038e+01 8.888578e-04 6.361364e-04 7.614287e-04 1.269008e-03
3.287238e+01 8.922132e-04 6.266751e-04 7.540368e-04 1.295928e-03
3.292438e+01 8.957621e-04 6.186940e-04 7.463261e-04 1.322266e-03
3.297638e+01 8.996850e-04 6.121848e-04 7.376887e-04 1.349182e-03
3.302838e+01 9.043023e-04 6.073244e-04 7.276156e-04 1.377967e-03
3.308038e+01 9.099847e-04 6.044679e-04 7.157815e-04 1.409705e-03
3.313238e+01 9.170823e-04 6.040500e-04 7.021587e-04 1.445038e-03
3.318438e+01 9.259025e-04 6.064481e-04 6.871450e-04 1.484114e-03
3.323638e+01 9.367390e-04 6.118673e-04 6.716686e-04 1.526681e-03
3.328838e+01 9.499092e-04 6.202860e-04 6.571985e-04 1.572243e-03
3.334038e+01 9.657436e-04 6.314653e-04 6.455908e-04 1.620175e-03
3.339238e+01 9.844854e-04 6.449937e-04 6.387483e-04 1.669714e-03
3.344438e+01 1.006107e-03 6.603351e-04 6.381604e-04 1.719826e-03
3.349638e+01 1.030115e-03 6.768671e-04 6.444703e-04 1.769007e-03
3.354838e+01 1.055435e-03 6.939251e-04 6.572400e-04 1.815141e-03
3.360038e+01 1.080481e-03 7.108762e-04 6.750275e-04 1.855539e-03
3.365238e+01 1.103407e-03 7.272275e-04 6.957665e-04 1.887226e-03
3.370438e+01 1.122503e-03 7.427346e-04 7.173236e-04 1.907450e-03
3.375638e+01 1.136575e-03 7.574473e-04 7.380350e-04 1.914244e-03
3.380838e+01 1.145184e-03 7.716396e-04 7.570423e-04 1.906871e-03
3.386038e+01 1.148642e-03 7.856276e-04 7.743318e-04 1.885967e-03
3.391238e+01 1.147812e-03 7.995449e-04 7.904969e-04 1.853393e-03
3.396438e+01 1.143807e-03 8.131924e-04 8.063363e-04 1.811892e-03
3.401638e+01 1.137747e-03 8.260589e-04 8.224461e-04 1.764736e-03
3.406838e+01 1.130646e-03 8.375251e-04 8.389468e-04 1.715466e-03
3.412038e+01 1.123434e-03 8.471660e-04 8.554225e-04 1.667715e-03
3.417238e+01 1.117022e-03 8.549951e-04 8.710638e-04 1.625007e-03
3.422438e+01 1.112286e-03 8.615165e-04 8.849364e-04 1.590406e-03
3.427638e+01 1.109942e-03 8.675411e-04 8.962618e-04 1.566022e-03
3.432838e+01 1.110310e-03 8.738456e-04 9.046110e-04 1.552474e-03
3.438038e+01 1.113116e-03 8.808389e-04 9.099632e-04 1.548546e-03
3.443238e+01 1.117417e-03 8.883940e-04 9.126421e-04 1.551215e-03
3.448438e+01 1.121752e-03 8.959214e-04 9.131922e-04 1.556143e-03
3.453638e+01 1.124487e-03 9.026372e-04 9.122630e-04 1.558561e-03
3.458838e+01 1.124246e-03 9.078876e-04 9.105422e-04 1.554309e-03
3.464038e+01 1.120284e-03 9.113820e-04 9.087336e-04 1.540737e-03
3.469238e+01 1.112655e-03 9.132454e-04 9.075406e-04 1.517180e-03
3.474438e+01 1.102137e-03 9.139060e-04 9.076212e-04 1.484884e-03
3.479638e+01 1.089951e-03 9.139038e-04 9.095113e-04 1.446438e-03
3.484838e+01 1.077400e-03 9.137206e-04 9.135511e-04 1.404928e-03
3.490038e+01 1.065556e-03 9.136870e-04 9.198590e-04 1.363123e-03
3.495238e+01 1.055094e-03 9.139702e-04 9.283698e-04 1.322941e-03
3.500438e+01 1.046279e-03 9.146120e-04 9.389172e-04 1.285307e-03
3.505638e+01 1.039082e-03 9.155920e-04 9.513124e-04 1.250341e-03
3.510838e+01 1.033336e-03 9.169082e-04 9.653784e-04 1.217722e-03
3.516038e+01 1.028872e-03 9.186671e-04 9.809296e-04 1.187019e-03
3.521238e+01 1.025594e-03 9.211638e-04 9.977149e-04 1.157902e-03
3.526438e+01 1.023486e-03 9.249094e-04 1.015346e-03 1.130202e-03
3.531638e+01 1.022563e-03 9.305696e-04 1.033236e-03 1.103883e-03
3.536838e+01 1.022791e-03 9.388104e-04 1.050554e-03 1.079010e-03
3.542038e+01 1.024006e-03 9.500960e-04 1.066220e-03 1.055702e-03
3.547238e+01 1.025856e-03 9.645177e-04 1.078956e-03 1.034094e-03
3.552438e+01 1.027798e-03 9.817314e-04 1.087405e-03 1.014258e-03
3.557638e+01 1.029160e-03 1.001042e-03 1.090306e-03 9.961306e-04
3.562838e+01 1.029271e-03 1.021609e-03 1.086700e-03 9.795025e-04
3.568038e+01 1.027634e-03 1.042688e-03 1.076116e-03 9.640979e-04
3.573238e+01 1.024097e-03 1.063810e-03 1.058727e-03 9.497545e-04
3.578438e+01 1.018952e-03 1.084825e-03 1.035425e-03 9.366070e-04
3.583638e+01 1.012929e-03 1.105804e-03 1.007817e-03 9.251667e-04
3.588838e+01 1.007056e-03 1.126862e-03 9.780888e-04 9.162173e-04
3.594038e+01 1.002424e-03 1.147997e-03 9.487391e-04 9.105363e-04
3.599238e+01 9.999117e-04 1.168997e-03 9.221935e-04 9.085442e-04
3.604438e+01 9.999489e-04 1.189438e-03 9.003826e-04 9.100261e-04
3.609638e+01 1.002383e-03 1.208699e-03 8.843978e-04 9.140509e-04
3.614838e+01 1.006474e-03 1.225965e-03 8.743264e-04 9.191323e-04
3.620038e+01 1.011026e-03 1.240178e-03 8.693140e-04 9.235858e-04
3.625238e+01 1.014602e-03 1.250025e-03 8.678221e-04 9.259589e-04
3.630438e+01 1.015805e-03 1.254023e-03 8.679959e-04 9.253958e-04
3.635638e+01 1.013542e-03 1.250765e-03 8.680432e-04 9.218187e-04
3.640838e+01 1.007243e-03 1.239296e-03 8.665512e-04 9.158814e-04
3.646038e+01 9.969726e-04 1.219485e-03 8.627074e-04 9.087251e-04
3.651238e+01 9.834318e-04 1.192246e-03 8.564145e-04 9.016351e-04
3.656438e+01 9.678328e-04 1.159488e-03 8.482941e-04 8.957165e-04
3.661638e+01 9.516817e-04 1.123791e-03 8.395732e-04 8.916814e-04
3.666838e+01 9.365101e-04 1.087899e-03 8.318469e-04 8.897847e-04
3.672038e+01 9.236074e-04 1.054198e-03 8.267387e-04 8.898855e-04
3.677238e+01 9.138073e-04 1.024329e-03 8.255140e-04 8.915792e-04
3.682438e+01 9.073675e-04 9.990272e-04 8.287379e-04 8.943373e-04
3.687638e+01 9.039623e-04 9.782015e-04 8.360770e-04 8.976083e-04
3.692838e+01 9.027847e-04 9.611776e-04 8.463196e-04 9.008569e-04
3.698038e+01 9.027302e-04 9.470148e-04 8.576256e-04 9.035503e-04
3.703238e+01 9.026213e-04 9.347907e-04 8.679441e-04 9.051291e-04
3.708438e+01 9.014282e-04 9.237923e-04 8.754787e-04 9.050135e-04
3.713638e+01 8.984447e-04 9.135903e-04 8.790626e-04 9.026811e-04
3.718838e+01 8.933861e-04 9.040171e-04 8.783401e-04 8.978010e-04
3.724038e+01 8.863882e-04 8.950874e-04 8.737193e-04 8.903579e-04
3.729238e+01 8.779090e-04 8.869055e-04 8.661362e-04 8.806853e-04
3.734438e+01 8.685629e-04 8.795882e-04 8.567321e-04 8.693683e-04
3.739638e+01 8.589472e-04 8.732241e-04 8.465576e-04 8.570599e-04
3.744838e+01 8.495266e-04 8.678715e-04 8.363938e-04 8.443146e-04
3.750038e+01 8.406152e-04 8.635889e-04 8.267222e-04 8.315344e-04
3.755238e+01 8.324460e-04 8.604774e-04 8.178113e-04 8.190494e-04
3.760438e+01 8.252716e-04 8.587081e-04 8.098491e-04 8.072577e-04
3.765638e+01 8.194217e-04 8.585113e-04 8.030456e-04 7.967081e-04
3.770838e+01 8.152788e-04 8.601234e-04 7.976664e-04 7.880465e-04
3.776038e+01 8.131820e-04 8.637085e-04 7.939958e-04 7.818417e-04
3.781238e+01 8.133142e-04 8.692911e-04 7.922597e-04 7.783918e-04
3.786438e+01 8.156353e-04 8.767330e-04 7.925455e-04 7.776272e-04
3.791638e+01 8.198925e-04 8.857691e-04 7.947445e-04 7.791639e-04
3.796838e+01 8.256945e-04 8.960914e-04 7.985323e-04 7.824598e-04
3.802038e+01 8.326035e-04 9.074459e-04 8.034008e-04 7.869637e-04
3.807238e+01 8.402003e-04 9.197024e-04 8.087420e-04 7.921567e-04
3.812438e+01 8.481038e-04 9.328677e-04 8.139765e-04 7.974670e-04
3.817638e+01 8.559559e-04 9.470444e-04 8.186896e-04 8.021338e-04
3.822838e+01 8.634084e-04 9.623585e-04 8.227284e-04 8.051383e-04
3.828038e+01 8.701346e-04 9.788918e-04 8.262180e-04 8.052942e-04
3.833238e+01 8.758727e-04 9.966346e-04 8.294874e-04 8.014961e-04
3.838438e+01 8.804721e-04 1.015442e-03 8.329346e-04 7.930396e-04
3.843638e+01 8.839068e-04 1.034962e-03 8.368781e-04 7.798800e-04
3.848838e+01 8.862302e-04 1.054527e-03 8.414372e-04 7.627264e-04
3.854038e+01 8.874837e-04 1.073041e-03 8.464659e-04 7.429440e-04
3.859238e+01 8.876108e-04 1.088966e-03 8.515450e-04 7.223210e-04
3.864438e+01 8.864429e-04 1.100485e-03 8.560424e-04 7.028010e-04
3.869638e+01 8.837876e-04 1.105856e-03 8.592458e-04 6.862613e-04
3.874838e+01 8.795927e-04 1.103861e-03 8.605571e-04 6.743598e-04
3.880038e+01 8.740941e-04 1.094173e-03 8.597009e-04 6.684081e-04
3.885238e+01 8.678506e-04 1.077464e-03 8.568694e-04 6.692188e-04
3.890438e+01 8.616228e-04 1.055212e-03 8.527302e-04 6.769260e-04
3.895638e+01 8.561438e-04 1.029313e-03 8.482674e-04 6.908508e-04
3.900838e+01 8.518975e-04 1.001670e-03 8.444998e-04 7.095224e-04
3.906038e+01 8.490196e-04 9.739658e-04 8.421713e-04 7.309218e-04
3.911238e+01 8.473643e-04 9.476681e-04 8.415214e-04 7.529036e-04
3.916438e+01 8.466834e-04 9.242017e-04 8.422087e-04 7.736398e-04
3.921638e+01 8.468048e-04 9.051107e-04 8.434070e-04 7.918966e-04
3.926838e+01 8.477061e-04 8.920516e-04 8.440371e-04 8.070296e-04
3.932038e+01 8.494520e-04 8.865582e-04 8.430658e-04 8.187320e-04
3.937238e+01 8.520477e-04 8.896515e-04 8.397893e-04 8.267023e-04
3.942438e+01 8.553096e-04 9.014667e-04 8.340266e-04 8.304353e-04
3.947638e+01 8.588351e-04 9.210727e-04 8.261726e-04 8.292601e-04
3.952838e+01 8.620929e-04 9.465769e-04 8.171013e-04 8.226004e-04
3.958038e+01 8.645845e-04 9.754842e-04 8.079572e-04 8.103121e-04
3.963238e+01 8.659995e-04 1.005174e-03 7.999089e-04 7.929156e-04
3.968438e+01 8.662970e-04 1.033333e-03 7.939443e-04 7.716139e-04
3.973638e+01 8.656921e-04 1.058225e-03 7.907552e-04 7.480961e-04
3.978838e+01 8.645702e-04 1.078773e-03 7.907137e-04 7.242242e-04
3.984038e+01 8.633721e-04 1.094495e-03 7.938959e-04 7.017252e-04
3.989238e+01 8.624864e-04 1.105378e-03 8.001094e-04 6.819722e-04
3.994438e+01 8.621739e-04 1.111738e-03 8.089052e-04 6.658786e-04
3.999638e+01 8.625293e-04 1.114118e-03 8.195914e-04 6.538786e-04
4.004838e+01 8.634827e-04 1.113207e-03 8.312859e-04 6.459555e-04
4.010038e+01 8.648416e-04 1.109798e-03 8.430313e-04 6.416955e-04
4.015238e+01 8.663655e-04 1.104778e-03 8.539580e-04 6.403609e-04
4.020438e+01 8.678558e-04 1.099123e-03 8.634542e-04 6.409905e-04
4.025638e+01 8.692289e-04 1.093873e-03 8.712871e-04 6.425266e-04
4.030838e+01 8.705406e-04 1.090035e-03 8.776329e-04 6.439542e-04
4.036038e+01 8.719456e-04 1.088412e-03 8.829957e-04 6.444285e-04
4.041238e+01 8.735956e-04 1.089398e-03 8.880238e-04 6.433646e-04
4.046438e+01 8.755117e-04 1.092804e-03 8.932566e-04 6.404740e-04
4.051638e+01 8.774739e-04 1.097802e-03 8.988710e-04 6.357490e-04
4.056838e+01 8.789838e-04 1.103022e-03 9.045152e-04 6.294145e-04
4.062038e+01 8.793342e-04 1.106810e-03 9.093203e-04 6.218721e-04
4.067238e+01 8.777967e-04 1.107597e-03 9.121312e-04 6.136620e-04
4.072438e+01 8.738836e-04 1.104299e-03 9.119087e-04 6.054429e-04
4.077638e+01 8.675978e-04 1.096655e-03 9.081648e-04 5.979734e-04
4.082838e+01 8.595625e-04 1.085381e-03 9.012452e-04 5.920613e-04
4.088038e+01 8.509487e-04 1.072072e-03 8.923154e-04 5.884589e-04
4.093238e+01 8.431952e-04 1.058845e-03 8.830266e-04 5.877142e-04
4.098438e+01 8.376102e-04 1.047824e-03 8.749844e-04 5.900226e-04
4.103638e+01 8.349995e-04 1.040623e-03 8.692325e-04 5.951427e-04
4.108838e+01 8.354657e-04 1.038010e-03 8.659650e-04 6.024222e-04
4.114038e+01 8.384461e-04 1.039838e-03 8.645679e-04 6.109322e-04
4.119238e+01 8.429579e-04 1.045270e-03 8.639487e-04 6.196551e-04
4.124438e+01 8.479381e-04 1.053167e-03 8.629962e-04 6.276513e-04
4.129638e+01 8.525431e-04 1.062498e-03 8.609799e-04 6.341511e-04
4.134838e+01 8.563125e-04 1.072609e-03 8.577551e-04 6.385729e-04
4.140038e+01 8.591677e-04 1.083252e-03 8.537350e-04 6.405165e-04
4.145238e+01 8.612820e-04 1.094380e-03 8.496799e-04 6.397858e-04
4.150438e+01 8.628938e-04 1.105823e-03 8.463985e-04 6.364602e-04
4.155638e+01 8.641406e-04 1.116984e-03 8.444620e-04 6.309763e-04
4.160838e+01 8.649697e-04 1.126747e-03 8.440119e-04 6.241502e-04
4.166038e+01 8.651505e-04 1.133650e-03 8.447150e-04 6.170863e-04
4.171238e+01 8.643782e-04 1.136279e-03 8.458846e-04 6.109714e-04
4.176438e+01 8.624217e-04 1.133719e-03 8.467277e-04 6.068188e-04
4.181638e+01 8.592591e-04 1.125889e-03 8.466299e-04 6.052585e-04
4.186838e+01 8.551440e-04 1.113618e-03 8.453598e-04 6.064545e-04
4.192038e+01 8.505781e-04 1.098455e-03 8.431061e-04 6.101728e-04
4.197238e+01 8.461967e-04 1.082300e-03 8.403363e-04 6.159539e-04
4.202438e+01 8.426055e-04 1.066961e-03 8.375527e-04 6.233023e-04
4.207638e+01 8.402132e-04 1.053773e-03 8.350634e-04 6.318035e-04
4.212838e+01 8.391046e-04 1.043322e-03 8.328646e-04 6.411271e-04
4.218038e+01 8.389833e-04 1.035345e-03 8.306684e-04 6.509371e-04
4.223238e+01 8.392055e-04 1.028792e-03 8.280420e-04 6.607829e-04
4.228438e+01 8.389071e-04 1.022084e-03 8.245856e-04 6.700521e-04
4.233638e+01 8.372045e-04 1.013500e-03 8.200808e-04 6.780333e-04
4.238838e+01 8.334180e-04 1.001616e-03 8.145574e-04 6.840803e-04
4.244038e+01 8.272529e-04 9.856806e-04 8.082660e-04 6.878121e-04
4.249238e+01 8.188797e-04 9.657994e-04 8.015736e-04 6.892660e-04
4.254438e+01 8.088923e-04 9.429080e-04 7.948278e-04 6.889411e-04
4.259638e+01 7.981682e-04 9.185434e-04 7.882498e-04 6.877113e-04
4.264838e+01 7.876830e-04 8.945129e-04 7.818965e-04 6.866395e-04
4.270038e+01 7.783336e-04 8.725533e-04 7.757023e-04 6.867452e-04
4.275238e+01 7.708013e-04 8.540457e-04 7.695696e-04 6.887886e-04
4.280438e+01 7.654643e-04 8.398139e-04 7.634614e-04 6.931177e-04
4.285638e+01 7.623636e-04 8.300177e-04 7.574595e-04 6.996136e-04
4.290838e+01 7.612258e-04 8.241551e-04 7.517766e-04 7.077457e-04
4.296038e+01 7.615514e-04 8.211927e-04 7.467373e-04 7.167242e-04
4.301238e+01 7.627566e-04 8.198191e-04 7.427446e-04 7.257062e-04
4.306438e+01 7.643347e-04 8.187733e-04 7.402409e-04 7.339898e-04
4.311638e+01 7.659805e-04 8.171535e-04 7.396601e-04 7.411280e-04
4.316838e+01 7.676273e-04 8.145985e-04 7.413617e-04 7.469215e-04
4.322038e+01 7.693724e-04 8.112727e-04 7.455478e-04 7.512965e-04
4.327238e+01 7.713198e-04 8.076625e-04 7.521787e-04 7.541182e-04
4.332438e+01 7.734033e-04 8.042693e-04 7.609173e-04 7.550231e-04
4.337638e+01 7.752688e-04 8.013301e-04 7.711273e-04 7.533491e-04
4.342838e+01 7.762741e-04 7.986757e-04 7.819354e-04 7.482113e-04
4.348038e+01 7.756116e-04 7.957773e-04 7.923409e-04 7.387167e-04
4.353238e+01 7.725115e-04 7.919393e-04 8.013395e-04 7.242557e-04
4.358438e+01 7.664476e-04 7.865421e-04 8.080330e-04 7.047675e-04
4.363638e+01 7.572750e-04 7.792261e-04 8.117182e-04 6.808807e-04
4.368838e+01 7.452641e-04 7.699547e-04 8.119662e-04 6.538713e-04
4.374038e+01 7.310389e-04 7.589646e-04 8.087022e-04 6.254499e-04
4.379238e+01 7.154609e-04 7.466621e-04 8.022691e-04 5.974514e-04
4.384438e+01 6.994995e-04 7.335323e-04 7.934361e-04 5.715301e-04
4.389638e+01 6.841188e-04 7.200919e-04 7.833154e-04 5.489490e-04
4.394838e+01 6.701855e-04 7.068708e-04 7.731849e-04 5.305009e-04
4.400038e+01 6.583944e-04 6.943787e-04 7.642629e-04 5.165415e-04
4.405238e+01 6.492040e-04 6.830306e-04 7.575011e-04 5.070804e-04
4.410438e+01 6.427865e-04 6.730436e-04 7.534467e-04 5.018693e-04
4.415638e+01 6.389992e-04 6.643583e-04 7.521840e-04 5.004554e-04
4.420838e+01 6.373930e-04 6.566407e-04 7.533356e-04 5.022025e-04
4.426038e+01 6.372683e-04 6.493921e-04 7.561036e-04 5.063091e-04
4.431238e+01 6.377801e-04 6.421328e-04 7.593550e-04 5.118526e-04
4.436438e+01 6.380767e-04 6.345847e-04 7.617690e-04 5.178763e-04
4.441638e+01 6.374416e-04 6.267679e-04 7.620520e-04 5.235049e-04
4.446838e+01 6.354065e-04 6.189703e-04 7.591884e-04 5.280607e-04
4.452038e+01 6.318060e-04 6.116146e-04 7.526598e-04 5.311436e-04
4.457238e+01 6.267677e-04 6.050957e-04 7.425571e-04 5.326504e-04
4.462438e+01 6.206438e-04 5.996683e-04 7.295397e-04 5.327235e-04
4.467638e+01 6.139052e-04 5.954244e-04 7.146491e-04 5.316421e-04
4.472838e+01 6.070219e-04 5.923415e-04 6.990363e-04 5.296880e-04
4.478038e+01 6.003566e-04 5.903459e-04 6.836905e-04 5.270335e-04
4.483238e+01 5.940964e-04 5.893424e-04 6.692533e-04 5.236934e-04
4.488438e+01 5.882434e-04 5.891956e-04 6.559694e-04 5.195652e-04
4.493638e+01 5.826670e-04 5.896914e-04 6.437714e-04 5.145383e-04
4.498838e+01 5.772005e-04 5.905264e-04 6.324559e-04 5.086192e-04
4.504038e+01 5.717461e-04 5.913545e-04 6.218777e-04 5.020062e-04
4.509238e+01 5.663496e-04 5.918903e-04 6.120930e-04 4.950656e-04
4.514438e+01 5.612156e-04 5.920240e-04 6.034081e-04 4.882147e-04
4.519638e+01 5.566589e-04 5.918846e-04 5.963322e-04 4.817600e-04
4.524838e+01 5.530109e-04 5.918027e-04 5.914602e-04 4.757698e-04
4.530038e+01 5.505137e-04 5.921637e-04 5.893309e-04 4.700463e-04
4.535238e+01 5.492397e-04 5.932034e-04 5.902967e-04 4.642189e-04
4.540438e+01 5.490626e-04 5.948323e-04 5.944327e-04 4.579227e-04
4.545638e+01 5.496889e-04 5.965848e-04 6.015008e-04 4.509811e-04
4.550838e+01 5.507406e-04 5.977326e-04 6.109809e-04 4.435084e-04
4.556038e+01 5.518635e-04 5.975354e-04 6.221700e-04 4.358850e-04
4.561238e+01 5.528267e-04 5.955274e-04 6.343304e-04 4.286223e-04
4.566438e+01 5.535825e-04 5.917201e-04 6.468396e-04 4.221878e-04
4.571638e+01 5.542669e-04 5.866382e-04 6.592865e-04 4.168761e-04
4.576838e+01 5.551464e-04 5.811814e-04 6.714777e-04 4.127801e-04
4.582038e+01 5.565360e-04 5.763813e-04 6.833640e-04 4.098628e-04
4.587238e+01 5.587254e-04 5.731526e-04 6.949407e-04 4.080828e-04
4.592438e+01 5.619386e-04 5.721187e-04 7.061853e-04 4.075117e-04
4.597638e+01 5.663336e-04 5.735423e-04 7.170675e-04 4.083910e-04
4.602838e+01 5.720227e-04 5.773456e-04 7.276144e-04 4.111081e-04
4.608038e+01 5.790870e-04 5.831864e-04 7.379776e-04 4.160971e-04
4.613238e+01 5.875712e-04 5.905642e-04 7.484505e-04 4.236987e-04
4.618438e+01 5.974629e-04 5.989416e-04 7.594201e-04 4.340270e-04
4.623638e+01 6.086818e-04 6.078691e-04 7.712817e-04 4.468945e-04
4.628838e+01 6.211003e-04 6.170954e-04 7.843711e-04 4.618344e-04
4.634038e+01 6.346043e-04 6.266367e-04 7.989579e-04 4.782183e-04
4.639238e+01 6.491711e-04 6.367829e-04 8.153011e-04 4.954293e-04
4.644438e+01 6.649251e-04 6.480321e-04 8.337254e-04 5.130177e-04
4.649638e+01 6.821322e-04 6.609673e-04 8.546566e-04 5.307727e-04
4.654838e+01 7.011191e-04 6.761043e-04 8.785700e-04 5.486831e-04
4.660038e+01 7.221403e-04 6.937478e-04 9.058509e-04 5.668223e-04
4.665238e+01 7.452408e-04 7.138860e-04 9.366103e-04 5.852262e-04
4.670438e+01 7.701651e-04 7.361398e-04 9.705191e-04 6.038363e-04
4.675638e+01 7.963418e-04 7.597725e-04 1.006722e-03 6.225306e-04
4.680838e+01 8.229471e-04 7.837592e-04 1.043873e-03 6.412095e-04
4.686038e+01 8.490297e-04 8.069171e-04 1.080299e-03 6.598733e-04
4.691238e+01 8.736753e-04 8.280988e-04 1.114291e-03 6.786364e-04
4.696438e+01 8.961841e-04 8.464277e-04 1.144455e-03 6.976702e-04
4.701638e+01 9.162249e-04 8.615204e-04 1.170044e-03 7.171099e-04
4.706838e+01 9.339119e-04 8.736072e-04 1.191150e-03 7.369780e-04
4.712038e+01 9.497523e-04 8.834632e-04 1.208641e-03 7.571530e-04
4.717238e+01 9.644414e-04 8.921202e-04 1.223826e-03 7.773785e-04
4.722438e+01 9.785441e-04 9.004248e-04 1.237924e-03 7.972831e-04
4.727638e+01 9.921687e-04 9.085994e-04 1.251515e-03 8.163914e-04
4.732838e+01 1.004771e-03 9.159927e-04 1.264184e-03 8.341377e-04
4.738038e+01 1.015193e-03 9.211444e-04 1.274519e-03 8.499162e-04
4.743238e+01 1.021939e-03 9.221670e-04 1.280463e-03 8.631879e-04
4.748438e+01 1.023604e-03 9.173126e-04 1.279877e-03 8.736229e-04
4.753638e+01 1.019281e-03 9.055233e-04 1.271108e-03 8.812132e-04
4.758838e+01 1.008811e-03 8.867795e-04 1.253368e-03 8.862841e-04
4.764038e+01 9.927915e-04 8.621452e-04 1.226849e-03 8.893809e-04
4.769238e+01 9.723998e-04 8.335241e-04 1.192599e-03 8.910760e-04
4.774438e+01 9.491014e-04 8.032172e-04 1.152296e-03 8.917916e-04
4.779638e+01 9.243733e-04 7.734188e-04 1.107973e-03 8.917279e-04
4.784838e+01 8.995000e-04 7.457782e-04 1.061791e-03 8.909310e-04
4.790038e+01 8.754670e-04 7.211307e-04 1.015816e-03 8.894544e-04
4.795238e+01 8.529364e-04 6.994536e-04 9.718379e-04 8.875178e-04
4.800438e+01 8.322726e-04 6.800467e-04 9.312077e-04 8.855634e-04
4.805638e+01 8.135888e-04 6.618722e-04 8.947316e-04 8.841626e-04
4.810838e+01 7.967920e-04 6.439376e-04 8.626381e-04 8.838002e-04
4.816038e+01 7.816178e-04 6.255942e-04 8.346280e-04 8.846312e-04
4.821238e+01 7.676648e-04 6.066667e-04 8.100010e-04 8.863267e-04
4.826438e+01 7.544480e-04 5.874043e-04 7.878483e-04 8.880913e-04
4.831638e+01 7.414881e-04 5.683197e-04 7.672828e-04 8.888619e-04
4.836838e+01 7.284319e-04 5.500165e-04 7.476635e-04 8.876156e-04
4.842038e+01 7.151683e-04 5.330782e-04 7.287547e-04 8.836719e-04
4.847238e+01 7.018930e-04 5.180361e-04 7.107652e-04 8.768776e-04
4.852438e+01 6.890812e-04 5.053740e-04 6.942468e-04 8.676227e-04
4.857638e+01 6.773653e-04 4.955145e-04 6.798827e-04 8.566986e-04
4.862838e+01 6.673538e-04 4.887504e-04 6.682413e-04 8.450698e-04
4.868038e+01 6.594520e-04 4.851339e-04 6.595809e-04 8.336414e-04
4.873238e+01 6.537430e-04 4.843717e-04 6.537659e-04 8.230914e-04
4.878438e+01 6.499620e-04 4.857817e-04 6.503048e-04 8.137993e-04
4.883638e+01 6.475615e-04 4.883440e-04 6.484738e-04 8.058666e-04
4.888838e+01 6.458345e-04 4.908421e-04 6.474648e-04 7.991967e-04
4.894038e+01 6.440542e-04 4.920564e-04 6.465089e-04 7.935972e-04
4.899238e+01 6.415923e-04 4.909589e-04 6.449504e-04 7.888675e-04
4.904438e+01 6.379960e-04 4.868587e-04 6.422781e-04 7.848512e-04
4.909638e+01 6.330180e-04 4.794751e-04 6.381352e-04 7.814439e-04
4.914838e+01 6.266051e-04 4.689324e-04 6.323254e-04 7.785576e-04
4.920038e+01 6.188567e-04 4.556934e-04 6.248219e-04 7.760547e-04
4.925238e+01 6.099657e-04 4.404551e-04 6.157671e-04 7.736750e-04
4.930438e+01 6.001588e-04 4.240317e-04 6.054531e-04 7.709917e-04
4.935638e+01 5.896504e-04 4.072427e-04 5.942742e-04 7.674344e-04
4.940838e+01 5.786262e-04 3.908237e-04 5.826583e-04 7.623967e-04
4.946038e+01 5.672565e-04 3.753676e-04 5.709921e-04 7.554099e-04
4.951238e+01 5.557276e-04 3.613027e-04 5.595600e-04 7.463200e-04
4.956438e+01 5.442685e-04 3.489065e-04 5.485127e-04 7.353861e-04
4.961638e+01 5.331504e-04 3.383417e-04 5.378726e-04 7.232368e-04
4.966838e+01 5.226516e-04 3.296996e-04 5.275741e-04 7.106810e-04
4.972038e+01 5.129995e-04 3.230315e-04 5.175273e-04 6.984396e-04
4.977238e+01 5.043166e-04 3.183601e-04 5.076832e-04 6.869064e-04
4.982438e+01 4.965961e-04 3.156733e-04 4.980776e-04 6.760375e-04
4.987638e+01 4.897176e-04 3.149108e-04 4.888328e-04 6.654092e-04
4.992838e+01 4.834942e-04 3.159552e-04 4.801127e-04 6.544149e-04
4.998038e+01 4.777301e-04 3.186303e-04 4.720449e-04 6.425151e-04
5.003238e+01 4.722664e-04 3.227058e-04 4.646453e-04 6.294480e-04
5.008438e+01 4.670053e-04 3.279035e-04 4.577804e-04 6.153319e-04
5.013638e+01 4.619149e-04 3.339062e-04 4.511947e-04 6.006439e-04
5.018838e+01 4.570250e-04 3.403770e-04 4.445980e-04 5.861001e-04
5.024038e+01 4.524227e-04 3.469939e-04 4.377807e-04 5.724935e-04
5.029238e+01 4.482530e-04 3.534990e-04 4.307059e-04 5.605542e-04
5.034438e+01 4.447197e-04 3.597513e-04 4.235370e-04 5.508710e-04
5.039638e+01 4.420788e-04 3.657643e-04 4.165893e-04 5.438828e-04
5.044838e+01 4.406167e-04 3.717119e-04 4.102315e-04 5.399067e-04
5.050038e+01 4.406096e-04 3.778936e-04 4.047852e-04 5.391500e-04
5.055238e+01 4.422645e-04 3.846618e-04 4.004647e-04 5.416669e-04
5.060438e+01 4.456511e-04 3.923222e-04 3.973693e-04 5.472617e-04
5.065638e+01 4.506408e-04 4.010264e-04 3.955100e-04 5.553862e-04
5.070838e+01 4.568743e-04 4.106800e-04 3.948361e-04 5.651068e-04
5.076038e+01 4.637805e-04 4.208978e-04 3.952451e-04 5.751985e-04
5.081238e+01 4.706601e-04 4.310317e-04 3.965789e-04 5.843698e-04
5.086438e+01 4.768230e-04 4.402853e-04 3.986275e-04 5.915563e-04
5.091638e+01 4.817433e-04 4.479002e-04 4.011544e-04 5.961754e-04
5.096838e+01 4.851808e-04 4.533659e-04 4.039376e-04 5.982389e-04
5.102038e+01 4.872214e-04 4.565851e-04 4.068064e-04 5.982727e-04
5.107238e+01 4.882175e-04 4.579285e-04 4.096529e-04 5.970710e-04
5.112438e+01 4.886491e-04 4.581456e-04 4.124192e-04 5.953826e-04
5.117638e+01 4.889580e-04 4.581486e-04 4.150745e-04 5.936509e-04
5.122838e+01 4.894170e-04 4.587358e-04 4.176071e-04 5.919081e-04
5.128038e+01 4.900794e-04 4.603491e-04 4.200375e-04 5.898517e-04
5.133238e+01 4.908167e-04 4.629526e-04 4.224436e-04 5.870539e-04
5.138438e+01 4.914152e-04 4.660738e-04 4.249705e-04 5.832012e-04
5.143638e+01 4.916816e-04 4.689890e-04 4.278017e-04 5.782542e-04
5.148838e+01 4.915099e-04 4.709773e-04 4.310886e-04 5.724638e-04
5.154038e+01 4.908873e-04 4.715467e-04 4.348607e-04 5.662545e-04
5.159238e+01 4.898538e-04 4.705558e-04 4.389580e-04 5.600477e-04
5.164438e+01 4.884501e-04 4.682074e-04 4.430242e-04 5.541186e-04
5.169638e+01 4.866896e-04 4.649405e-04 4.465760e-04 5.485523e-04
5.174838e+01 4.845707e-04 4.612797e-04 4.491284e-04 5.433041e-04
5.180038e+01 4.821138e-04 4.576987e-04 4.503308e-04 5.383119e-04
5.185238e+01 4.793951e-04 4.545314e-04 4.500633e-04 5.335907e-04
5.190438e+01 4.765534e-04 4.519385e-04 4.484634e-04 5.292583e-04
5.195638e+01 4.737635e-04 4.499221e-04 4.458826e-04 5.254859e-04
5.200838e+01 4.711938e-04 4.483725e-04 4.428002e-04 5.224085e-04
5.206038e+01 4.689671e-04 4.471310e-04 4.397298e-04 5.200406e-04
5.211238e+01 4.671431e-04 4.460476e-04 4.371469e-04 5.182349e-04
5.216438e+01 4.657210e-04 4.450201e-04 4.354484e-04 5.166945e-04
5.221638e+01 4.646551e-04 4.440015e-04 4.349344e-04 5.150293e-04
5.226838e+01 4.638710e-04 4.429832e-04 4.357935e-04 5.128362e-04
5.232038e+01 4.632754e-04 4.419653e-04 4.380772e-04 5.097836e-04
5.237238e+01 4.627590e-04 4.409320e-04 4.416629e-04 5.056820e-04
5.242438e+01 4.621990e-04 4.398402e-04 4.462276e-04 5.005292e-04
5.247638e+01 4.614684e-04 4.386212e-04 4.512634e-04 4.945207e-04
5.252838e+01 4.604580e-04 4.371915e-04 4.561608e-04 4.880218e-04
5.258038e+01 4.591086e-04 4.354722e-04 4.603503e-04 4.815032e-04
5.263238e+01 4.574444e-04 4.334222e-04 4.634614e-04 4.754495e-04
5.268438e+01 4.555925e-04 4.310875e-04 4.654318e-04 4.702581e-04
5.273638e+01 4.537749e-04 4.286567e-04 4.665148e-04 4.661532e-04
5.278838e+01 4.522704e-04 4.264990e-04 4.671746e-04 4.631375e-04
5.284038e+01 4.513561e-04 4.251576e-04 4.679113e-04 4.609995e-04
5.289238e+01 4.512493e-04 4.252794e-04 4.690932e-04 4.593755e-04
5.294438e+01 4.520660e-04 4.274833e-04 4.708684e-04 4.578463e-04
5.299638e+01 4.538061e-04 4.321953e-04 4.731848e-04 4.560382e-04
5.304838e+01 4.563601e-04 4.394912e-04 4.758931e-04 4.536961e-04
5.310038e+01 4.595262e-04 4.489994e-04 4.788675e-04 4.507117e-04
5.315238e+01 4.630313e-04 4.599086e-04 4.820798e-04 4.471057e-04
5.320438e+01 4.665570e-04 4.710997e-04 4.855899e-04 4.429813e-04
5.325638e+01 4.697745e-04 4.813876e-04 4.894656e-04 4.384703e-04
5.330838e+01 4.723908e-04 4.898060e-04 4.936768e-04 4.336896e-04
5.336038e+01 4.741934e-04 4.958406e-04 4.980193e-04 4.287203e-04
5.341238e+01 4.750779e-04 4.995171e-04 5.021091e-04 4.236076e-04
5.346438e+01 4.750439e-04 5.012988e-04 5.054555e-04 4.183773e-04
5.351638e+01 4.741608e-04 5.018311e-04 5.075922e-04 4.130591e-04
5.356838e+01 4.725218e-04 5.016363e-04 5.082198e-04 4.077094e-04
5.362038e+01 4.702093e-04 5.008907e-04 5.073100e-04 4.024273e-04
5.367238e+01 4.672871e-04 4.993735e-04 5.051288e-04 3.973589e-04
5.372438e+01 4.638143e-04 4.965957e-04 5.021652e-04 3.926822e-04
5.377638e+01 4.598647e-04 4.920361e-04 4.989868e-04 3.885713e-04
5.382838e+01 4.555333e-04 4.853743e-04 4.960784e-04 3.851471e-04
5.388038e+01 4.509305e-04 4.766310e-04 4.937262e-04 3.824343e-04
5.393238e+01 4.461759e-04 4.661831e-04 4.919943e-04 3.803503e-04
5.398438e+01 4.414047e-04 4.546817e-04 4.907920e-04 3.787404e-04
5.403638e+01 4.367864e-04 4.429238e-04 4.899870e-04 3.774485e-04
5.408838e+01 4.325381e-04 4.317269e-04 4.894953e-04 3.763920e-04
5.414038e+01 4.289107e-04 4.218285e-04 4.892992e-04 3.756043e-04
5.419238e+01 4.261438e-04 4.138164e-04 4.893913e-04 3.752237e-04
5.424438e+01 4.244038e-04 4.080828e-04 4.896873e-04 3.754411e-04
5.429638e+01 4.237357e-04 4.048015e-04 4.899714e-04 3.764342e-04
5.434838e+01 4.240520e-04 4.039243e-04 4.899164e-04 3.783153e-04
5.440038e+01 4.251613e-04 4.051963e-04 4.891826e-04 3.811052e-04
5.445238e+01 4.268199e-04 4.081873e-04 4.875502e-04 3.847223e-04
5.450438e+01 4.287797e-04 4.123387e-04 4.850245e-04 3.889760e-04
5.455638e+01 4.308143e-04 4.170241e-04 4.818572e-04 3.935615e-04
5.460838e+01 4.327177e-04 4.216192e-04 4.784635e-04 3.980705e-04
5.466038e+01 4.342888e-04 4.255688e-04 4.752625e-04 4.020351e-04
5.471238e+01 4.353176e-04 4.284358e-04 4.725077e-04 4.050093e-04
5.476438e+01 4.355940e-04 4.299246e-04 4.701840e-04 4.066735e-04
5.481638e+01 4.349423e-04 4.298801e-04 4.680200e-04 4.069267e-04
5.486838e+01 4.332703e-04 4.282753e-04 4.656079e-04 4.059276e-04
5.492038e+01 4.306078e-04 4.251968e-04 4.625684e-04 4.040583e-04
5.497238e+01 4.271048e-04 4.208284e-04 4.586763e-04 4.018098e-04
5.502438e+01 4.229824e-04 4.154290e-04 4.538950e-04 3.996231e-04
5.507638e+01 4.184535e-04 4.093004e-04 4.483187e-04 3.977414e-04
5.512838e+01 4.136547e-04 4.027496e-04 4.420795e-04 3.961351e-04
5.518038e+01 4.086244e-04 3.960552e-04 4.352808e-04 3.945374e-04
5.523238e+01 4.033374e-04 3.894420e-04 4.279927e-04 3.925774e-04
5.528438e+01 3.977672e-04 3.830569e-04 4.202942e-04 3.899504e-04
5.533638e+01 3.919328e-04 3.769394e-04 4.123169e-04 3.865420e-04
5.538838e+01 3.858950e-04 3.709910e-04 4.042457e-04 3.824482e-04
5.544038e+01 3.797019e-04 3.649589e-04 3.962624e-04 3.778843e-04
