6.546623e+00 0.000000e+00 0.000000e+00 0.000000e+00 0.000000e+00
6.598623e+00 0.000000e+00 0.000000e+00 0.000000e+00 0.000000e+00
6.650623e+00 0.000000e+00 0.000000e+00 0.000000e+00 0.000000e+00
6.702623e+00 0.000000e+00 0.000000e+00 0.000000e+00 0.000000e+00
6.754623e+00 0.000000e+00 0.000000e+00 0.000000e+00 0.000000e+00
6.806623e+00 0.000000e+00 0.000000e+00 0.000000e+00 0.000000e+00
6.858623e+00 0.000000e+00 0.000000e+00 0.000000e+00 0.000000e+00
6.910623e+00 0.000000e+00 0.000000e+00 0.000000e+00 0.000000e+00
6.962623e+00 0.000000e+00 0.000000e+00 0.000000e+00 0.000000e+00
7.014623e+00 0.000000e+00 0.000000e+00 0.000000e+00 0.000000e+00
7.066623e+00 0.000000e+00 0.000000e+00 0.000000e+00 0.000000e+00
7.118623e+00 0.000000e+00 0.000000e+00 0.000000e+00 0.000000e+00
7.170623e+00 0.000000e+00 0.000000e+00 0.000000e+00 0.000000e+00
7.222623e+00 0.000000e+00 0.000000e+00 0.000000e+00 0.000000e+00
7.274623e+00 0.000000e+00 0.000000e+00 0.000000e+00 0.000000e+00
7.326623e+00 0.000000e+00 0.000000e+00 0.000000e+00 0.000000e+00
7.378623e+00 0.000000e+00 0.000000e+00 0.000000e+00 0.000000e+00
7.430623e+00 0.000000e+00 0.000000e+00 0.000000e+00 0.000000e+00
7.482623e+00 0.000000e+00 0.000000e+00 0.000000e+00 0.000000e+00
7.534623e+00 0.000000e+00 0.000000e+00 0.000000e+00 0.000000e+00
7.586623e+00 0.000000e+00 0.000000e+00 0.000000e+00 0.000000e+00
7.638623e+00 0.000000e+00 0.000000e+00 0.000000e+00 0.000000e+00
7.690623e+00 0.000000e+00 0.000000e+00 0.000000e+00 0.000000e+00
7.742623e+00 0.000000e+00 0.000000e+00 0.000000e+00 0.000000e+00
7.794623e+00 0.000000e+00 0.000000e+00 0.000000e+00 0.000000e+00
7.846623e+00 0.000000e+00 0.000000e+00 0.000000e+00 0.000000e+00
7.898623e+00 0.000000e+00 0.000000e+00 0.000000e+00 0.000000e+00
7.950623e+00 0.000000e+00 0.000000e+00 0.000000e+00 0.000000e+00
8.002623e+00 0.000000e+00 0.000000e+00 0.000000e+00 0.000000e+00
8.054623e+00 0.000000e+00 0.000000e+00 0.000000e+00 0.000000e+00
8.106623e+00 0.000000e+00 0.000000e+00 0.000000e+00 0.000000e+00
8.158623e+00 0.000000e+00 0.000000e+00 0.000000e+00 0.000000e+00
8.210623e+00 0.000000e+00 0.000000e+00 0.000000e+00 0.000000e+00
8.262623e+00 0.000000e+00 0.000000e+00 0.000000e+00 0.000000e+00
8.314623e+00 0.000000e+00 0.000000e+00 0.000000e+00 0.000000e+00
8.366623e+00 0.000000e+00 0.000000e+00 0.000000e+00 0.000000e+00
8.418623e+00 0.000000e+00 0.000000e+00 0.000000e+00 0.000000e+00
8.470623e+00 0.000000e+00 0.000000e+00 0.000000e+00 0.000000e+00
8.522623e+00 0.000000e+00 0.000000e+00 0.000000e+00 0.000000e+00
8.574623e+00 0.000000e+00 0.000000e+00 0.000000e+00 0.000000e+00
8.626623e+00 0.000000e+00 0.000000e+00 0.000000e+00 0.000000e+00
8.678623e+00 0.000000e+00 0.000000e+00 0.000000e+00 0.000000e+00
8.730623e+00 0.000000e+00 0.000000e+00 0.000000e+00 0.000000e+00
8.782623e+00 0.000000e+00 0.000000e+00 0.000000e+00 0.000000e+00
8.834623e+00 0.000000e+00 0.000000e+00 0.000000e+00 0.000000e+00
8.886623e+00 0.000000e+00 0.000000e+00 0.000000e+00 0.000000e+00
8.938623e+00 0.000000e+00 0.000000e+00 0.000000e+00 0.000000e+00
8.990623e+00 0.000000e+00 0.000000e+00 0.000000e+00 0.000000e+00
9.042623e+00 0.000000e+00 0.000000e+00 0.000000e+00 0.000000e+00
9.094623e+00 0.000000e+00 0.000000e+00 0.000000e+00 0.000000e+00
9.146623e+00 0.000000e+00 0.000000e+00 0.000000e+00 0.000000e+00
9.198623e+00 0.000000e+00 0.000000e+00 0.000000e+00 0.000000e+00
9.250623e+00 0.000000e+00 0.000000e+00 0.000000e+00 0.000000e+00
9.302623e+00 0.000000e+00 0.000000e+00 0.000000e+00 0.000000e+00
9.354623e+00 0.000000e+00 0.000000e+00 0.000000e+00 0.000000e+00
9.406623e+00 0.000000e+00 0.000000e+00 0.000000e+00 0.000000e+00
9.458623e+00 0.000000e+00 0.000000e+00 0.000000e+00 0.000000e+00
9.510623e+00 0.000000e+00 0.000000e+00 0.000000e+00 0.000000e+00
9.562623e+00 0.000000e+00 0.000000e+00 0.000000e+00 0.000000e+00
9.614623e+00 0.000000e+00 0.000000e+00 0.000000e+00 0.000000e+00
9.666623e+00 0.000000e+00 0.000000e+00 0.000000e+00 0.000000e+00
9.718623e+00 0.000000e+00 0.000000e+00 0.000000e+00 0.000000e+00
9.770623e+00 0.000000e+00 0.000000e+00 0.000000e+00 0.000000e+00
9.822623e+00 0.000000e+00 0.000000e+00 0.000000e+00 0.000000e+00
9.874623e+00 0.000000e+00 0.000000e+00 0.000000e+00 0.000000e+00
9.926623e+00 0.000000e+00 0.000000e+00 0.000000e+00 0.000000e+00
9.978623e+00 0.000000e+00 0.000000e+00 0.000000e+00 0.000000e+00
1.003062e+01 0.000000e+00 0.000000e+00 0.000000e+00 0.000000e+00
1.008262e+01 0.000000e+00 0.000000e+00 0.000000e+00 0.000000e+00
1.013462e+01 0.000000e+00 0.000000e+00 0.000000e+00 0.000000e+00
1.018662e+01 0.000000e+00 0.000000e+00 0.000000e+00 0.000000e+00
1.023862e+01 0.000000e+00 0.000000e+00 0.000000e+00 0.000000e+00
1.029062e+01 0.000000e+00 0.000000e+00 0.000000e+00 0.000000e+00
1.034262e+01 0.000000e+00 0.000000e+00 0.000000e+00 0.000000e+00
1.039462e+01 1.256941e-14 2.415469e-14 2.145933e-15 1.140760e-14
1.044662e+01 5.752766e-14 1.105512e-13 9.821507e-15 5.221029e-14
1.049862e+01 3.582583e-13 6.684559e-13 7.818783e-14 3.281312e-13
1.055062e+01 1.496233e-12 2.783316e-12 3.328627e-13 1.372520e-12
1.060262e+01 6.229576e-12 1.147491e-11 1.468120e-12 5.745695e-12
1.065462e+01 2.322170e-11 4.257852e-11 5.612061e-12 2.147453e-11
1.070662e+01 8.196409e-11 1.494505e-10 2.039012e-11 7.605164e-11
1.075862e+01 2.712765e-10 4.919857e-10 6.928770e-11 2.525560e-10
1.081062e+01 8.466327e-10 1.526836e-09 2.220908e-10 7.909711e-10
1.086262e+01 2.491309e-09 4.466497e-09 6.709282e-10 2.336503e-09
1.091462e+01 6.915932e-09 1.232416e-08 1.911229e-09 6.512411e-09
1.096662e+01 1.812615e-08 3.210137e-08 5.136682e-09 1.714040e-08
1.101862e+01 4.488325e-08 7.899266e-08 1.303119e-08 4.262591e-08
1.107062e+01 1.050719e-07 1.837724e-07 3.121975e-08 1.002234e-07
1.112262e+01 2.327307e-07 4.045626e-07 7.067640e-08 2.229531e-07
1.117462e+01 4.881773e-07 8.436041e-07 1.512954e-07 4.696325e-07
1.122662e+01 9.707769e-07 1.668209e-06 3.065184e-07 9.376033e-07
1.127862e+01 1.832447e-06 3.132776e-06 5.883323e-07 1.776232e-06
1.133062e+01 3.288345e-06 5.596302e-06 1.071220e-06 3.197514e-06
1.138262e+01 5.620185e-06 9.528512e-06 1.853070e-06 5.478973e-06
1.143462e+01 9.168094e-06 1.549877e-05 3.051036e-06 8.954482e-06
1.148662e+01 1.430921e-05 2.414536e-05 4.791217e-06 1.399107e-05
1.153862e+01 2.142406e-05 3.612656e-05 7.192512e-06 2.095310e-05
1.159062e+01 3.085313e-05 5.205554e-05 1.034651e-05 3.015735e-05
1.164262e+01 4.284480e-05 7.241720e-05 1.429584e-05 4.182137e-05
1.169462e+01 5.749202e-05 9.745902e-05 1.901308e-05 5.600396e-05
1.174662e+01 7.465497e-05 1.270483e-04 2.438150e-05 7.253505e-05
1.179862e+01 9.387379e-05 1.605035e-04 3.017996e-05 9.093787e-05
1.185062e+01 1.142911e-04 1.964357e-04 3.607661e-05 1.103609e-04
1.190262e+01 1.346209e-04 2.326692e-04 4.163947e-05 1.295540e-04
1.195462e+01 1.532070e-04 2.663195e-04 4.637202e-05 1.469296e-04
1.200662e+01 1.681983e-04 2.940816e-04 4.977732e-05 1.607358e-04
1.205862e+01 1.778338e-04 3.127216e-04 5.144451e-05 1.693353e-04
1.211062e+01 1.807902e-04 3.196876e-04 5.114249e-05 1.715405e-04
1.216262e+01 1.765113e-04 3.137008e-04 4.890121e-05 1.669318e-04
1.221462e+01 1.654418e-04 2.951724e-04 4.506664e-05 1.560862e-04
1.226662e+01 1.491112e-04 2.663318e-04 4.032718e-05 1.406746e-04
1.231862e+01 1.300622e-04 2.310327e-04 3.572180e-05 1.234320e-04
1.237062e+01 1.116610e-04 1.942963e-04 3.264319e-05 1.080435e-04
1.242262e+01 9.784798e-05 1.617156e-04 3.283762e-05 9.899072e-05
1.247462e+01 9.286707e-05 1.388557e-04 3.837753e-05 1.013680e-04
1.252662e+01 1.009698e-04 1.307355e-04 5.155651e-05 1.206174e-04
1.257862e+01 1.260492e-04 1.413998e-04 7.465208e-05 1.620958e-04
1.263062e+01 1.711687e-04 1.735496e-04 1.095390e-04 2.304174e-04
1.268262e+01 2.380209e-04 2.282175e-04 1.572165e-04 3.286287e-04
1.273462e+01 3.264585e-04 3.045532e-04 2.174043e-04 4.574182e-04
1.278662e+01 4.342930e-04 3.998370e-04 2.884024e-04 6.146395e-04
1.283862e+01 5.575104e-04 5.098151e-04 3.673495e-04 7.953665e-04
1.289062e+01 6.908921e-04 6.293203e-04 4.508530e-04 9.925030e-04
1.294262e+01 8.288518e-04 7.530050e-04 5.357725e-04 1.197778e-03
1.299462e+01 9.662295e-04 8.759643e-04 6.198394e-04 1.402885e-03
1.304662e+01 1.098872e-03 9.941352e-04 7.018669e-04 1.600613e-03
1.309862e+01 1.224001e-03 1.104534e-03 7.815274e-04 1.785941e-03
1.315062e+01 1.340468e-03 1.205480e-03 8.589003e-04 1.957025e-03
1.320262e+01 1.448915e-03 1.296847e-03 9.340831e-04 2.115816e-03
1.325462e+01 1.551667e-03 1.380147e-03 1.007032e-03 2.267822e-03
1.330662e+01 1.652128e-03 1.458124e-03 1.077581e-03 2.420678e-03
1.335862e+01 1.753620e-03 1.533721e-03 1.145443e-03 2.581697e-03
1.341062e+01 1.858047e-03 1.608718e-03 1.210102e-03 2.755320e-03
1.346262e+01 1.965056e-03 1.682767e-03 1.270712e-03 2.941688e-03
1.351462e+01 2.072314e-03 1.753506e-03 1.326267e-03 3.137167e-03
1.356662e+01 2.176898e-03 1.817907e-03 1.376189e-03 3.336597e-03
1.361862e+01 2.277096e-03 1.874212e-03 1.421081e-03 3.535995e-03
1.367062e+01 2.373543e-03 1.923385e-03 1.463139e-03 3.734105e-03
1.372262e+01 2.468947e-03 1.969276e-03 1.505779e-03 3.931786e-03
1.377462e+01 2.566506e-03 2.017512e-03 1.552573e-03 4.129432e-03
1.382662e+01 2.667933e-03 2.073961e-03 1.606136e-03 4.323701e-03
1.387862e+01 2.772215e-03 2.143696e-03 1.667796e-03 4.505154e-03
1.393062e+01 2.875777e-03 2.230816e-03 1.738395e-03 4.658119e-03
1.398262e+01 2.973849e-03 2.338579e-03 1.819689e-03 4.763280e-03
1.403462e+01 3.062230e-03 2.468913e-03 1.915208e-03 4.802568e-03
1.408662e+01 3.138489e-03 2.620856e-03 2.029528e-03 4.765084e-03
1.413862e+01 3.202137e-03 2.788501e-03 2.165794e-03 4.652117e-03
1.419062e+01 3.253868e-03 2.959856e-03 2.322487e-03 4.479261e-03
1.424262e+01 3.294493e-03 3.117982e-03 2.491143e-03 4.274353e-03
1.429462e+01 3.324233e-03 3.244756e-03 2.656531e-03 4.071413e-03
1.434662e+01 3.342769e-03 3.326135e-03 2.799757e-03 3.902416e-03
1.439862e+01 3.349975e-03 3.356790e-03 2.903398e-03 3.789737e-03
1.445062e+01 3.346910e-03 3.342071e-03 2.956775e-03 3.741883e-03
1.450262e+01 3.336483e-03 3.296377e-03 2.959361e-03 3.753711e-03
1.455462e+01 3.323400e-03 3.238635e-03 2.921087e-03 3.810478e-03
1.460662e+01 3.313310e-03 3.186786e-03 2.859563e-03 3.893580e-03
1.465862e+01 3.311414e-03 3.153382e-03 2.795341e-03 3.985519e-03
1.471062e+01 3.320991e-03 3.143637e-03 2.746885e-03 4.072451e-03
1.476262e+01 3.342312e-03 3.156003e-03 2.726703e-03 4.144231e-03
1.481462e+01 3.372353e-03 3.184354e-03 2.739472e-03 4.193232e-03
1.486662e+01 3.405504e-03 3.220572e-03 2.782221e-03 4.213719e-03
1.491862e+01 3.435243e-03 3.256681e-03 2.846159e-03 4.202890e-03
1.497062e+01 3.456371e-03 3.286346e-03 2.919479e-03 4.163289e-03
1.502262e+01 3.467109e-03 3.305961e-03 2.990460e-03 4.104906e-03
1.507462e+01 3.470221e-03 3.315572e-03 3.050225e-03 4.044867e-03
1.512662e+01 3.472566e-03 3.319506e-03 3.094633e-03 4.003560e-03
1.517862e+01 3.483018e-03 3.326258e-03 3.124942e-03 3.997853e-03
1.523062e+01 3.509387e-03 3.347130e-03 3.147123e-03 4.033909e-03
1.528262e+01 3.555425e-03 3.393479e-03 3.170008e-03 4.102789e-03
1.533462e+01 3.619012e-03 3.473078e-03 3.202726e-03 4.181232e-03
1.538662e+01 3.692193e-03 3.586655e-03 3.252092e-03 4.237833e-03
1.543862e+01 3.762991e-03 3.725922e-03 3.320572e-03 4.242479e-03
1.549062e+01 3.818270e-03 3.874071e-03 3.405325e-03 4.175414e-03
1.554262e+01 3.846644e-03 4.008939e-03 3.498499e-03 4.032494e-03
1.559462e+01 3.840575e-03 4.108128e-03 3.588663e-03 3.824933e-03
1.564662e+01 3.797313e-03 4.154585e-03 3.663067e-03 3.574287e-03
1.569862e+01 3.718848e-03 4.140961e-03 3.710293e-03 3.305292e-03
1.575062e+01 3.611269e-03 4.071416e-03 3.722761e-03 3.039631e-03
1.580262e+01 3.483854e-03 3.960363e-03 3.698535e-03 2.792662e-03
1.585462e+01 3.347962e-03 3.828599e-03 3.641873e-03 2.573415e-03
1.590662e+01 3.215658e-03 3.698026e-03 3.562288e-03 2.386658e-03
1.595862e+01 3.098064e-03 3.586548e-03 3.472318e-03 2.235325e-03
1.601062e+01 3.003725e-03 3.504498e-03 3.384709e-03 2.121969e-03
1.606262e+01 2.937391e-03 3.453458e-03 3.309867e-03 2.048848e-03
1.611462e+01 2.899616e-03 3.427516e-03 3.254286e-03 2.017044e-03
1.616662e+01 2.887289e-03 3.416352e-03 3.220131e-03 2.025385e-03
1.621862e+01 2.894860e-03 3.409016e-03 3.205759e-03 2.069804e-03
1.627062e+01 2.915779e-03 3.397187e-03 3.206734e-03 2.143417e-03
1.632262e+01 2.943675e-03 3.376852e-03 3.217002e-03 2.237171e-03
1.637462e+01 2.972934e-03 3.348002e-03 3.230002e-03 2.340798e-03
1.642662e+01 2.998718e-03 3.312684e-03 3.239655e-03 2.443815e-03
1.647862e+01 3.016716e-03 3.272491e-03 3.241165e-03 2.536494e-03
1.653062e+01 3.023086e-03 3.226824e-03 3.231595e-03 2.610838e-03
1.658262e+01 3.014882e-03 3.172886e-03 3.210183e-03 2.661577e-03
1.663462e+01 2.990929e-03 3.107380e-03 3.178382e-03 2.687025e-03
1.668662e+01 2.952681e-03 3.028963e-03 3.139559e-03 2.689521e-03
1.673862e+01 2.904467e-03 2.939982e-03 3.098288e-03 2.675132e-03
1.679062e+01 2.852723e-03 2.846486e-03 3.059236e-03 2.652445e-03
1.684262e+01 2.804270e-03 2.756434e-03 3.025815e-03 2.630562e-03
1.689462e+01 2.764269e-03 2.677051e-03 2.999018e-03 2.616739e-03
1.694662e+01 2.734645e-03 2.612655e-03 2.976919e-03 2.614361e-03
1.699862e+01 2.713680e-03 2.563921e-03 2.955182e-03 2.621938e-03
1.705062e+01 2.696933e-03 2.528701e-03 2.928492e-03 2.633606e-03
1.710262e+01 2.679094e-03 2.503764e-03 2.892457e-03 2.641060e-03
1.715462e+01 2.656011e-03 2.486489e-03 2.845195e-03 2.636349e-03
1.720662e+01 2.626102e-03 2.475772e-03 2.787996e-03 2.614537e-03
1.725862e+01 2.590663e-03 2.471908e-03 2.724789e-03 2.575290e-03
1.731062e+01 2.553081e-03 2.475710e-03 2.660705e-03 2.522829e-03
1.736262e+01 2.517380e-03 2.487420e-03 2.600410e-03 2.464311e-03
1.741462e+01 2.486740e-03 2.506000e-03 2.546911e-03 2.407308e-03
1.746662e+01 2.462579e-03 2.529145e-03 2.501253e-03 2.357340e-03
1.751862e+01 2.444474e-03 2.553996e-03 2.463053e-03 2.316374e-03
1.757062e+01 2.430803e-03 2.578191e-03 2.431439e-03 2.282779e-03
1.762262e+01 2.419728e-03 2.600686e-03 2.405870e-03 2.252629e-03
1.767462e+01 2.410048e-03 2.621955e-03 2.386478e-03 2.221711e-03
1.772662e+01 2.401614e-03 2.643462e-03 2.373989e-03 2.187392e-03
1.777862e+01 2.395269e-03 2.666693e-03 2.369511e-03 2.149602e-03
1.783062e+01 2.392481e-03 2.692252e-03 2.374518e-03 2.110675e-03
1.788262e+01 2.394922e-03 2.719360e-03 2.391120e-03 2.074286e-03
1.793462e+01 2.404118e-03 2.745922e-03 2.422382e-03 2.044051e-03
1.798662e+01 2.421211e-03 2.768955e-03 2.472270e-03 2.022409e-03
1.803862e+01 2.446746e-03 2.785145e-03 2.544930e-03 2.010163e-03
1.809062e+01 2.480450e-03 2.791333e-03 2.643307e-03 2.006711e-03
1.814262e+01 2.521057e-03 2.784913e-03 2.767555e-03 2.010702e-03
1.819462e+01 2.566277e-03 2.764235e-03 2.913880e-03 2.020715e-03
1.824662e+01 2.613029e-03 2.729066e-03 3.074413e-03 2.035609e-03
1.829862e+01 2.657953e-03 2.681072e-03 3.238377e-03 2.054410e-03
1.835062e+01 2.698117e-03 2.624149e-03 3.394333e-03 2.075870e-03
1.840262e+01 2.731772e-03 2.564445e-03 3.532870e-03 2.098000e-03
1.845462e+01 2.758921e-03 2.509957e-03 3.648895e-03 2.117911e-03
1.850662e+01 2.781532e-03 2.469709e-03 3.742761e-03 2.132128e-03
1.855862e+01 2.803241e-03 2.452606e-03 3.819832e-03 2.137287e-03
1.861062e+01 2.828526e-03 2.466076e-03 3.888564e-03 2.130937e-03
1.866262e+01 2.861472e-03 2.514655e-03 3.957640e-03 2.112121e-03
1.871462e+01 2.904386e-03 2.598697e-03 4.032904e-03 2.081557e-03
1.876662e+01 2.956569e-03 2.713460e-03 4.114812e-03 2.041434e-03
1.881862e+01 3.013609e-03 2.848863e-03 4.196965e-03 1.994998e-03
1.887062e+01 3.067447e-03 2.990154e-03 4.266080e-03 1.946106e-03
1.892262e+01 3.107353e-03 3.119612e-03 4.303666e-03 1.898781e-03
1.897462e+01 3.121748e-03 3.219107e-03 4.289415e-03 1.856721e-03
1.902662e+01 3.100563e-03 3.273125e-03 4.205935e-03 1.822629e-03
1.907862e+01 3.037611e-03 3.271623e-03 4.043794e-03 1.797417e-03
1.913062e+01 2.932329e-03 3.212050e-03 3.805369e-03 1.779567e-03
1.918262e+01 2.790336e-03 3.100008e-03 3.505984e-03 1.765017e-03
1.923462e+01 2.622584e-03 2.948298e-03 3.171575e-03 1.747880e-03
1.928662e+01 2.443258e-03 2.774522e-03 2.833360e-03 1.721892e-03
1.933862e+01 2.267001e-03 2.597715e-03 2.521149e-03 1.682138e-03
1.939062e+01 2.106164e-03 2.434757e-03 2.257342e-03 1.626391e-03
1.944262e+01 1.968757e-03 2.297355e-03 2.053326e-03 1.555591e-03
1.949462e+01 1.857534e-03 2.190284e-03 1.908946e-03 1.473372e-03
1.954662e+01 1.770351e-03 2.111314e-03 1.814744e-03 1.384996e-03
1.959862e+01 1.701672e-03 2.052834e-03 1.755994e-03 1.296189e-03
1.965062e+01 1.644783e-03 2.004742e-03 1.717315e-03 1.212291e-03
1.970262e+01 1.594104e-03 1.957790e-03 1.686730e-03 1.137792e-03
1.975462e+01 1.546943e-03 1.906439e-03 1.658263e-03 1.076126e-03
1.980662e+01 1.504180e-03 1.850433e-03 1.632596e-03 1.029511e-03
1.985862e+01 1.469759e-03 1.794740e-03 1.615751e-03 9.987868e-04
1.991062e+01 1.449223e-03 1.747975e-03 1.616344e-03 9.833489e-04
1.996262e+01 1.447835e-03 1.719840e-03 1.642304e-03 9.813600e-04
2.001462e+01 1.468841e-03 1.718250e-03 1.698003e-03 9.902706e-04
2.006662e+01 1.512271e-03 1.746812e-03 1.782498e-03 1.007503e-03
2.011862e+01 1.574453e-03 1.803210e-03 1.889129e-03 1.031019e-03
2.017062e+01 1.648239e-03 1.878829e-03 2.006374e-03 1.059513e-03
2.022262e+01 1.723881e-03 1.959789e-03 2.119659e-03 1.092195e-03
2.027462e+01 1.790444e-03 2.029294e-03 2.213757e-03 1.128280e-03
2.032662e+01 1.837598e-03 2.070873e-03 2.275427e-03 1.166493e-03
2.037862e+01 1.857484e-03 2.071807e-03 2.295809e-03 1.204836e-03
2.043062e+01 1.846219e-03 2.025856e-03 2.272071e-03 1.240730e-03
2.048262e+01 1.804607e-03 1.934520e-03 2.207809e-03 1.271493e-03
2.053462e+01 1.737814e-03 1.806453e-03 2.112050e-03 1.294938e-03
2.058662e+01 1.654073e-03 1.655261e-03 1.997105e-03 1.309851e-03
2.063862e+01 1.562837e-03 1.496382e-03 1.875961e-03 1.316166e-03
2.069062e+01 1.472918e-03 1.344008e-03 1.759976e-03 1.314769e-03
2.074262e+01 1.391103e-03 1.208825e-03 1.657445e-03 1.307040e-03
2.079462e+01 1.321484e-03 1.096972e-03 1.573127e-03 1.294353e-03
2.084662e+01 1.265449e-03 1.010138e-03 1.508518e-03 1.277693e-03
2.089862e+01 1.222157e-03 9.464931e-04 1.462460e-03 1.257517e-03
2.095062e+01 1.189213e-03 9.020042e-04 1.431832e-03 1.233803e-03
2.100262e+01 1.163410e-03 8.717806e-04 1.412245e-03 1.206203e-03
2.105462e+01 1.141403e-03 8.511964e-04 1.398788e-03 1.174225e-03
2.110662e+01 1.120304e-03 8.366304e-04 1.386849e-03 1.137432e-03
2.115862e+01 1.098109e-03 8.257632e-04 1.372898e-03 1.095666e-03
2.121062e+01 1.073940e-03 8.174616e-04 1.355043e-03 1.049315e-03
2.126262e+01 1.048012e-03 8.113720e-04 1.333140e-03 9.995238e-04
2.131462e+01 1.021351e-03 8.073966e-04 1.308390e-03 9.482661e-04
2.136662e+01 9.953215e-04 8.052361e-04 1.282524e-03 8.982049e-04
2.141862e+01 9.711140e-04 8.041275e-04 1.256865e-03 8.523497e-04
2.147062e+01 9.493527e-04 8.028354e-04 1.231605e-03 8.136177e-04
2.152262e+01 9.299598e-04 7.998719e-04 1.205595e-03 7.844125e-04
2.157462e+01 9.123053e-04 7.938644e-04 1.176747e-03 7.663042e-04
2.162662e+01 8.955659e-04 7.839548e-04 1.142913e-03 7.598299e-04
2.167862e+01 8.791331e-04 7.701071e-04 1.102887e-03 7.644050e-04
2.173062e+01 8.629013e-04 7.532256e-04 1.057135e-03 7.783431e-04
2.178262e+01 8.473198e-04 7.350327e-04 1.007928e-03 7.989987e-04
2.183462e+01 8.331983e-04 7.177249e-04 9.588214e-04 8.230485e-04
2.188662e+01 8.213544e-04 7.034912e-04 9.136807e-04 8.468914e-04
2.193862e+01 8.122521e-04 6.940261e-04 8.756225e-04 8.671076e-04
2.199062e+01 8.057796e-04 6.901764e-04 8.462691e-04 8.808934e-04
2.204262e+01 8.012531e-04 6.918205e-04 8.255435e-04 8.863954e-04
2.209462e+01 7.976361e-04 6.980071e-04 8.120029e-04 8.828981e-04
2.214662e+01 7.938813e-04 7.072945e-04 8.035014e-04 8.708480e-04
2.219862e+01 7.892606e-04 7.181756e-04 7.978836e-04 8.517224e-04
2.225062e+01 7.835619e-04 7.294559e-04 7.934635e-04 8.277662e-04
2.230262e+01 7.770953e-04 7.404800e-04 7.891764e-04 8.016295e-04
2.235462e+01 7.705194e-04 7.511577e-04 7.844488e-04 7.759518e-04
2.240662e+01 7.645575e-04 7.618015e-04 7.789262e-04 7.529450e-04
2.245862e+01 7.597005e-04 7.728370e-04 7.722162e-04 7.340483e-04
2.251062e+01 7.559890e-04 7.844792e-04 7.637605e-04 7.197274e-04
2.256262e+01 7.529384e-04 7.964689e-04 7.528640e-04 7.094824e-04
2.261462e+01 7.496230e-04 8.079464e-04 7.388409e-04 7.020817e-04
2.266662e+01 7.448872e-04 8.174950e-04 7.211966e-04 6.959700e-04
2.271862e+01 7.376106e-04 8.233362e-04 6.997654e-04 6.897301e-04
2.277062e+01 7.269414e-04 8.236180e-04 6.747599e-04 6.824464e-04
2.282262e+01 7.124372e-04 8.167233e-04 6.467375e-04 6.738506e-04
2.287462e+01 6.940936e-04 8.015398e-04 6.165231e-04 6.642179e-04
2.292662e+01 6.722927e-04 7.776598e-04 5.851319e-04 6.540863e-04
2.297862e+01 6.477168e-04 7.455004e-04 5.537109e-04 6.439391e-04
2.303062e+01 6.212690e-04 7.063376e-04 5.234782e-04 6.339911e-04
2.308262e+01 5.940042e-04 6.622376e-04 4.956204e-04 6.241546e-04
2.313462e+01 5.670568e-04 6.158702e-04 4.711252e-04 6.141750e-04
2.318662e+01 5.415461e-04 5.702041e-04 4.505757e-04 6.038587e-04
2.323862e+01 5.184665e-04 5.281206e-04 4.339816e-04 5.932972e-04
2.329062e+01 4.985889e-04 4.920171e-04 4.207360e-04 5.830137e-04
2.334262e+01 4.824121e-04 4.634874e-04 4.097475e-04 5.740014e-04
2.339462e+01 4.701806e-04 4.431566e-04 3.997242e-04 5.676610e-04
2.344662e+01 4.619643e-04 4.307059e-04 3.895144e-04 5.656727e-04
2.349862e+01 4.577669e-04 4.250699e-04 3.783857e-04 5.698450e-04
2.355062e+01 4.576241e-04 4.247385e-04 3.661548e-04 5.819791e-04
2.360262e+01 4.616608e-04 4.280704e-04 3.531481e-04 6.037640e-04
2.365462e+01 4.700843e-04 4.335355e-04 3.400347e-04 6.366828e-04
2.370662e+01 4.831095e-04 4.398404e-04 3.276070e-04 6.818811e-04
2.375862e+01 5.008217e-04 4.459472e-04 3.165762e-04 7.399418e-04
2.381062e+01 5.230042e-04 4.510301e-04 3.074272e-04 8.105553e-04
2.386262e+01 5.489737e-04 4.544255e-04 3.003476e-04 8.921480e-04
2.391462e+01 5.774854e-04 4.556116e-04 2.952285e-04 9.816160e-04
2.396662e+01 6.067648e-04 4.542239e-04 2.917214e-04 1.074349e-03
2.401862e+01 6.347014e-04 4.500864e-04 2.893319e-04 1.164686e-03
2.407062e+01 6.591911e-04 4.432318e-04 2.875253e-04 1.246816e-03
2.412262e+01 6.785612e-04 4.338923e-04 2.858181e-04 1.315973e-03
2.417462e+01 6.919670e-04 4.224581e-04 2.838398e-04 1.369603e-03
2.422662e+01 6.996315e-04 4.094173e-04 2.813570e-04 1.408120e-03
2.427862e+01 7.028257e-04 3.952965e-04 2.782684e-04 1.434912e-03
2.433062e+01 7.035467e-04 3.806169e-04 2.745775e-04 1.455446e-03
2.438262e+01 7.039432e-04 3.658677e-04 2.703578e-04 1.475604e-03
2.443462e+01 7.056257e-04 3.514871e-04 2.657186e-04 1.499672e-03
2.448662e+01 7.090717e-04 3.378411e-04 2.607834e-04 1.528591e-03
2.453862e+01 7.133377e-04 3.251988e-04 2.556940e-04 1.559120e-03
2.459062e+01 7.162282e-04 3.137179e-04 2.506435e-04 1.584323e-03
2.464262e+01 7.149237e-04 3.034610e-04 2.459255e-04 1.595384e-03
2.469462e+01 7.068989e-04 2.944469e-04 2.419648e-04 1.584285e-03
2.474662e+01 6.908251e-04 2.867204e-04 2.392884e-04 1.546467e-03
2.479862e+01 6.671268e-04 2.804038e-04 2.384119e-04 1.482565e-03
2.485062e+01 6.379753e-04 2.756942e-04 2.396608e-04 1.398571e-03
2.490262e+01 6.067124e-04 2.727939e-04 2.429906e-04 1.304353e-03
2.495462e+01 5.769132e-04 2.717954e-04 2.478885e-04 1.211056e-03
2.500662e+01 5.514225e-04 2.725628e-04 2.534200e-04 1.128285e-03
2.505862e+01 5.316822e-04 2.746616e-04 2.584250e-04 1.061960e-03
2.511062e+01 5.175402e-04 2.773700e-04 2.618026e-04 1.013448e-03
2.516262e+01 5.075438e-04 2.797846e-04 2.627887e-04 9.800581e-04
2.521462e+01 4.995690e-04 2.810006e-04 2.611328e-04 9.565736e-04
2.526662e+01 4.915509e-04 2.803237e-04 2.571263e-04 9.372028e-04
2.531862e+01 4.820854e-04 2.774542e-04 2.514880e-04 9.173140e-04
2.537062e+01 4.707451e-04 2.725854e-04 2.451599e-04 8.944899e-04
2.542262e+01 4.580646e-04 2.663847e-04 2.390808e-04 8.687283e-04
2.547462e+01 4.452552e-04 2.598574e-04 2.339985e-04 8.419096e-04
2.552662e+01 4.337814e-04 2.541355e-04 2.303616e-04 8.168472e-04
2.557862e+01 4.249412e-04 2.502463e-04 2.282984e-04 7.962790e-04
2.563062e+01 4.195553e-04 2.489144e-04 2.276693e-04 7.820822e-04
2.568262e+01 4.178123e-04 2.504329e-04 2.281600e-04 7.748441e-04
2.573462e+01 4.192678e-04 2.546212e-04 2.293838e-04 7.737983e-04
2.578662e+01 4.229637e-04 2.608737e-04 2.309697e-04 7.770478e-04
2.583862e+01 4.276315e-04 2.682913e-04 2.326292e-04 7.819739e-04
2.589062e+01 4.319322e-04 2.758690e-04 2.342028e-04 7.857249e-04
2.594262e+01 4.346890e-04 2.826929e-04 2.356855e-04 7.856886e-04
2.599462e+01 4.350612e-04 2.880931e-04 2.372197e-04 7.798707e-04
2.604662e+01 4.326324e-04 2.917157e-04 2.390472e-04 7.671342e-04
2.609862e+01 4.274076e-04 2.935131e-04 2.414201e-04 7.472895e-04
2.615062e+01 4.197458e-04 2.936935e-04 2.444938e-04 7.210501e-04
2.620262e+01 4.102636e-04 2.926753e-04 2.482437e-04 6.898718e-04
2.625462e+01 3.997341e-04 2.910706e-04 2.524466e-04 6.556851e-04
2.630662e+01 3.889883e-04 2.896768e-04 2.567483e-04 6.205398e-04
2.635862e+01 3.788150e-04 2.894257e-04 2.607993e-04 5.862199e-04
2.641062e+01 3.698621e-04 2.912505e-04 2.644107e-04 5.539250e-04
2.646262e+01 3.625518e-04 2.958721e-04 2.676593e-04 5.241239e-04
2.651462e+01 3.570315e-04 3.035667e-04 2.708949e-04 4.966330e-04
2.656662e+01 3.531779e-04 3.140033e-04 2.746400e-04 4.708905e-04
2.661862e+01 3.506595e-04 3.262322e-04 2.794287e-04 4.463176e-04
2.667062e+01 3.490492e-04 3.388544e-04 2.856593e-04 4.226340e-04
2.672262e+01 3.479633e-04 3.503381e-04 2.935255e-04 4.000262e-04
2.677462e+01 3.471903e-04 3.593940e-04 3.030457e-04 3.791312e-04
2.682662e+01 3.467734e-04 3.653061e-04 3.141532e-04 3.608608e-04
2.687862e+01 3.470139e-04 3.681245e-04 3.267828e-04 3.461343e-04
2.693062e+01 3.483920e-04 3.686735e-04 3.409014e-04 3.356011e-04
2.698262e+01 3.514258e-04 3.683753e-04 3.564716e-04 3.294307e-04
2.703462e+01 3.565148e-04 3.689395e-04 3.733744e-04 3.272305e-04
2.708662e+01 3.638191e-04 3.720001e-04 3.913400e-04 3.281171e-04
2.713862e+01 3.732108e-04 3.787921e-04 4.099163e-04 3.309240e-04
2.719062e+01 3.843062e-04 3.899455e-04 4.284871e-04 3.344859e-04
2.724262e+01 3.965567e-04 4.054330e-04 4.463302e-04 3.379069e-04
2.729462e+01 4.093648e-04 4.246645e-04 4.627053e-04 3.407245e-04
2.734662e+01 4.221867e-04 4.466791e-04 4.769661e-04 3.429150e-04
2.739862e+01 4.346003e-04 4.703689e-04 4.886851e-04 3.447469e-04
2.745062e+01 4.463282e-04 4.946730e-04 4.977645e-04 3.465471e-04
2.750262e+01 4.572204e-04 5.186942e-04 5.044855e-04 3.484814e-04
2.755462e+01 4.672034e-04 5.417203e-04 5.094499e-04 3.504400e-04
2.760662e+01 4.762094e-04 5.631563e-04 5.133973e-04 3.520745e-04
2.765862e+01 4.841071e-04 5.824108e-04 5.169440e-04 3.529663e-04
2.771062e+01 4.906649e-04 5.988048e-04 5.203417e-04 3.528483e-04
2.776262e+01 4.955768e-04 6.115811e-04 5.233728e-04 3.517765e-04
2.781462e+01 4.985643e-04 6.200616e-04 5.254552e-04 3.501761e-04
2.786662e+01 4.995378e-04 6.239306e-04 5.259401e-04 3.487425e-04
2.791862e+01 4.987639e-04 6.235464e-04 5.244928e-04 3.482526e-04
2.797062e+01 4.969740e-04 6.201367e-04 5.214024e-04 3.493830e-04
2.802262e+01 4.953577e-04 6.157570e-04 5.176939e-04 3.526222e-04
2.807462e+01 4.954262e-04 6.129710e-04 5.150012e-04 3.583064e-04
2.812662e+01 4.987692e-04 6.143240e-04 5.152527e-04 3.667310e-04
2.817862e+01 5.067631e-04 6.217650e-04 5.202756e-04 3.782487e-04
2.823062e+01 5.202979e-04 6.361965e-04 5.314228e-04 3.932745e-04
2.828262e+01 5.395874e-04 6.572906e-04 5.492877e-04 4.121838e-04
2.833462e+01 5.641109e-04 6.836277e-04 5.735427e-04 4.351625e-04
2.838662e+01 5.927189e-04 7.131242e-04 6.029262e-04 4.621062e-04
2.843862e+01 6.238995e-04 7.436408e-04 6.354166e-04 4.926412e-04
2.849062e+01 6.561643e-04 7.736148e-04 6.686084e-04 5.262696e-04
2.854262e+01 6.884544e-04 8.025448e-04 7.002514e-04 5.625669e-04
2.859462e+01 7.204333e-04 8.311648e-04 7.288160e-04 6.013191e-04
2.864662e+01 7.525388e-04 8.612119e-04 7.538907e-04 6.425136e-04
2.869862e+01 7.857374e-04 8.948062e-04 7.762395e-04 6.861665e-04
2.875062e+01 8.210440e-04 9.336089e-04 7.974723e-04 7.320508e-04
2.880262e+01 8.589799e-04 9.780492e-04 8.194504e-04 7.794401e-04
2.885462e+01 8.991915e-04 1.026929e-03 8.436647e-04 8.269806e-04
2.890662e+01 9.403949e-04 1.077600e-03 8.708264e-04 8.727582e-04
2.895862e+01 9.806807e-04 1.126683e-03 9.007907e-04 9.145682e-04
2.901062e+01 1.018060e-03 1.171074e-03 9.327716e-04 9.503333e-04
2.906262e+01 1.051039e-03 1.208849e-03 9.656901e-04 9.785777e-04
2.911462e+01 1.079023e-03 1.239744e-03 9.984818e-04 9.988437e-04
2.916662e+01 1.102419e-03 1.265061e-03 1.030260e-03 1.011937e-03
2.921862e+01 1.122448e-03 1.287093e-03 1.060331e-03 1.019920e-03
2.927062e+01 1.140767e-03 1.308338e-03 1.088123e-03 1.025840e-03
2.932262e+01 1.159041e-03 1.330787e-03 1.113100e-03 1.033236e-03
2.937462e+01 1.178580e-03 1.355462e-03 1.134720e-03 1.045558e-03
2.942662e+01 1.200089e-03 1.382238e-03 1.152432e-03 1.065596e-03
2.947862e+01 1.223548e-03 1.409884e-03 1.165727e-03 1.095034e-03
2.953062e+01 1.248188e-03 1.436241e-03 1.174188e-03 1.134135e-03
2.958262e+01 1.272560e-03 1.458527e-03 1.177559e-03 1.181593e-03
2.963462e+01 1.294719e-03 1.473791e-03 1.175816e-03 1.234549e-03
2.968662e+01 1.312514e-03 1.479472e-03 1.169235e-03 1.288835e-03
2.973862e+01 1.323969e-03 1.473957e-03 1.158471e-03 1.339478e-03
2.979062e+01 1.327676e-03 1.456956e-03 1.144616e-03 1.381457e-03
2.984262e+01 1.323096e-03 1.429539e-03 1.129184e-03 1.410565e-03
2.989462e+01 1.310663e-03 1.393844e-03 1.113959e-03 1.424186e-03
2.994662e+01 1.291671e-03 1.352577e-03 1.100692e-03 1.421743e-03
2.999862e+01 1.267976e-03 1.308511e-03 1.090700e-03 1.404716e-03
3.005062e+01 1.241613e-03 1.264125e-03 1.084503e-03 1.376211e-03
3.010262e+01 1.214455e-03 1.221421e-03 1.081685e-03 1.340257e-03
3.015462e+01 1.187968e-03 1.181852e-03 1.081059e-03 1.300995e-03
3.020662e+01 1.163125e-03 1.146277e-03 1.081109e-03 1.261989e-03
3.025862e+01 1.140411e-03 1.114920e-03 1.080543e-03 1.225769e-03
3.031062e+01 1.119909e-03 1.087363e-03 1.078705e-03 1.193659e-03
3.036262e+01 1.101406e-03 1.062639e-03 1.075699e-03 1.165879e-03
3.041462e+01 1.084495e-03 1.039457e-03 1.072184e-03 1.141846e-03
3.046662e+01 1.068682e-03 1.016512e-03 1.068941e-03 1.120592e-03
3.051862e+01 1.053480e-03 9.927966e-04 1.066427e-03 1.101218e-03
3.057062e+01 1.038524e-03 9.678086e-04 1.064498e-03 1.083266e-03
3.062262e+01 1.023650e-03 9.416000e-04 1.062410e-03 1.066942e-03
3.067462e+01 1.008959e-03 9.146892e-04 1.059088e-03 1.053101e-03
3.072662e+01 9.948178e-04 8.878897e-04 1.053553e-03 1.043010e-03
3.077862e+01 9.817954e-04 8.621275e-04 1.045334e-03 1.037925e-03
3.083062e+01 9.705437e-04 8.382968e-04 1.034708e-03 1.038626e-03
3.088262e+01 9.616377e-04 8.171657e-04 1.022682e-03 1.045066e-03
3.093462e+01 9.554231e-04 7.993188e-04 1.010707e-03 1.056243e-03
3.098662e+01 9.519134e-04 7.851156e-04 1.000253e-03 1.070371e-03
3.103862e+01 9.507724e-04 7.746496e-04 9.923854e-04 1.085282e-03
3.109062e+01 9.513878e-04 7.677167e-04 9.875129e-04 1.098934e-03
3.114262e+01 9.530106e-04 7.638110e-04 9.853745e-04 1.109846e-03
3.119462e+01 9.549087e-04 7.621806e-04 9.852206e-04 1.117325e-03
3.124662e+01 9.564891e-04 7.619584e-04 9.860832e-04 1.121426e-03
3.129862e+01 9.573592e-04 7.623568e-04 9.870130e-04 1.122708e-03
3.135062e+01 9.573318e-04 7.628819e-04 9.872173e-04 1.121896e-03
3.140262e+01 9.563870e-04 7.634914e-04 9.861020e-04 1.119568e-03
3.145462e+01 9.546075e-04 7.646296e-04 9.832508e-04 1.115942e-03
3.150662e+01 9.520935e-04 7.671068e-04 9.783774e-04 1.110796e-03
3.155862e+01 9.488689e-04 7.718506e-04 9.712603e-04 1.103496e-03
3.161062e+01 9.448037e-04 7.796035e-04 9.616784e-04 1.093129e-03
3.166262e+01 9.395841e-04 7.906608e-04 9.493733e-04 1.078718e-03
3.171462e+01 9.327545e-04 8.047213e-04 9.340828e-04 1.059459e-03
3.176662e+01 9.238294e-04 8.208864e-04 9.156648e-04 1.034937e-03
3.181862e+01 9.124453e-04 8.377989e-04 8.942800e-04 1.005257e-03
3.187062e+01 8.985052e-04 8.538882e-04 8.705540e-04 9.710734e-04
3.192262e+01 8.822677e-04 8.676600e-04 8.456244e-04 9.335188e-04
3.197462e+01 8.643500e-04 8.779600e-04 8.210185e-04 8.940715e-04
3.202662e+01 8.456358e-04 8.841462e-04 7.983788e-04 8.543825e-04
3.207862e+01 8.271100e-04 8.861281e-04 7.791182e-04 8.160836e-04
3.213062e+01 8.096696e-04 8.842881e-04 7.641196e-04 7.806010e-04
3.218262e+01 7.939744e-04 8.793414e-04 7.535736e-04 7.490080e-04
3.223462e+01 7.803911e-04 8.722092e-04 7.470054e-04 7.219587e-04
3.228662e+01 7.690480e-04 8.639476e-04 7.434754e-04 6.997210e-04
3.233862e+01 7.599651e-04 8.557191e-04 7.418849e-04 6.822912e-04
3.239062e+01 7.531907e-04 8.487469e-04 7.412852e-04 6.695400e-04
3.244262e+01 7.488728e-04 8.441972e-04 7.410841e-04 6.613370e-04
3.249462e+01 7.472370e-04 8.429923e-04 7.410898e-04 6.576289e-04
3.254662e+01 7.484972e-04 8.456188e-04 7.413980e-04 6.584749e-04
3.259862e+01 7.527610e-04 8.520331e-04 7.421975e-04 6.640523e-04
3.265062e+01 7.599809e-04 8.617196e-04 7.436006e-04 6.746226e-04
3.270262e+01 7.699654e-04 8.738813e-04 7.455803e-04 6.904347e-04
3.275462e+01 7.824136e-04 8.876625e-04 7.480333e-04 7.115450e-04
3.280662e+01 7.969310e-04 9.022926e-04 7.509195e-04 7.375809e-04
3.285862e+01 8.130063e-04 9.170958e-04 7.543941e-04 7.675288e-04
3.291062e+01 8.299725e-04 9.313987e-04 7.588647e-04 7.996542e-04
3.296262e+01 8.470022e-04 9.444256e-04 7.649463e-04 8.316347e-04
3.301462e+01 8.631736e-04 9.552680e-04 7.733394e-04 8.609133e-04
3.306662e+01 8.776069e-04 9.629593e-04 7.846710e-04 8.851903e-04
3.311862e+01 8.896240e-04 9.666188e-04 7.993421e-04 9.029111e-04
3.317062e+01 8.988677e-04 9.656007e-04 8.174085e-04 9.135939e-04
3.322262e+01 9.053319e-04 9.595954e-04 8.385156e-04 9.178848e-04
3.327462e+01 9.092953e-04 9.486670e-04 8.619096e-04 9.173094e-04
3.332662e+01 9.111880e-04 9.332387e-04 8.865384e-04 9.137870e-04
3.337862e+01 9.114435e-04 9.140466e-04 9.112320e-04 9.090519e-04
3.343062e+01 9.103823e-04 8.920697e-04 9.349114e-04 9.041660e-04
3.348262e+01 9.081548e-04 8.684374e-04 9.567513e-04 8.992758e-04
3.353462e+01 9.047412e-04 8.443157e-04 9.762242e-04 8.936836e-04
3.358662e+01 8.999909e-04 8.207814e-04 9.930049e-04 8.861864e-04
3.363862e+01 8.936754e-04 7.987054e-04 1.006777e-03 8.755439e-04
3.369062e+01 8.855353e-04 7.786687e-04 1.017032e-03 8.609048e-04
3.374262e+01 8.753217e-04 7.609309e-04 1.022972e-03 8.420626e-04
3.379462e+01 8.628405e-04 7.454579e-04 1.023566e-03 8.194973e-04
3.384662e+01 8.480142e-04 7.320038e-04 1.017798e-03 7.942412e-04
3.389862e+01 8.309592e-04 7.202239e-04 1.005007e-03 7.676471e-04
3.395062e+01 8.120549e-04 7.097898e-04 9.852420e-04 7.411329e-04
3.400262e+01 7.919697e-04 7.004735e-04 9.594856e-04 7.159499e-04
3.405462e+01 7.716119e-04 6.921871e-04 9.296509e-04 6.929977e-04
3.410662e+01 7.520074e-04 6.849791e-04 8.983271e-04 6.727159e-04
3.415862e+01 7.341338e-04 6.790057e-04 8.683158e-04 6.550801e-04
3.421062e+01 7.187651e-04 6.744934e-04 8.420811e-04 6.397209e-04
3.426262e+01 7.063706e-04 6.717016e-04 8.212658e-04 6.261443e-04
3.431462e+01 6.970869e-04 6.708787e-04 8.064053e-04 6.139769e-04
3.436662e+01 6.907524e-04 6.722093e-04 7.969102e-04 6.031379e-04
3.441862e+01 6.869747e-04 6.757564e-04 7.913073e-04 5.938606e-04
3.447062e+01 6.852080e-04 6.814155e-04 7.876566e-04 5.865517e-04
3.452262e+01 6.848247e-04 6.888994e-04 7.840213e-04 5.815534e-04
3.457462e+01 6.851822e-04 6.977620e-04 7.788682e-04 5.789164e-04
3.462662e+01 6.856868e-04 7.074613e-04 7.713141e-04 5.782849e-04
3.467862e+01 6.858562e-04 7.174446e-04 7.611852e-04 5.789389e-04
3.473062e+01 6.853756e-04 7.272376e-04 7.489160e-04 5.799733e-04
3.478262e+01 6.841287e-04 7.365091e-04 7.353446e-04 5.805324e-04
3.483462e+01 6.821895e-04 7.450793e-04 7.214750e-04 5.800142e-04
3.488662e+01 6.797639e-04 7.528543e-04 7.082604e-04 5.781769e-04
3.493862e+01 6.770944e-04 7.597013e-04 6.964436e-04 5.751384e-04
3.499062e+01 6.743641e-04 7.653209e-04 6.864715e-04 5.712998e-04
3.504262e+01 6.716430e-04 7.691986e-04 6.784879e-04 5.672424e-04
3.509462e+01 6.689073e-04 7.706927e-04 6.723967e-04 5.636324e-04
3.514662e+01 6.661171e-04 7.692426e-04 6.679722e-04 5.611365e-04
3.519862e+01 6.633015e-04 7.646021e-04 6.649729e-04 5.603296e-04
3.525062e+01 6.605839e-04 7.569635e-04 6.632078e-04 5.615804e-04
3.530262e+01 6.581102e-04 7.468842e-04 6.625153e-04 5.649312e-04
3.535462e+01 6.559000e-04 7.350310e-04 6.626551e-04 5.700138e-04
3.540662e+01 6.536927e-04 7.218634e-04 6.631610e-04 5.760539e-04
3.545862e+01 6.508814e-04 7.074148e-04 6.632397e-04 5.819898e-04
3.551062e+01 6.465869e-04 6.912872e-04 6.617913e-04 5.866823e-04
3.556262e+01 6.398634e-04 6.728601e-04 6.575796e-04 5.891505e-04
3.561462e+01 6.299598e-04 6.516160e-04 6.495078e-04 5.887557e-04
3.566662e+01 6.165381e-04 6.274333e-04 6.369039e-04 5.852773e-04
3.571862e+01 5.997734e-04 6.007318e-04 6.197123e-04 5.788761e-04
3.577062e+01 5.803162e-04 5.724351e-04 5.985312e-04 5.699824e-04
3.582262e+01 5.591519e-04 5.437937e-04 5.744939e-04 5.591681e-04
3.587462e+01 5.374167e-04 5.161552e-04 5.490463e-04 5.470485e-04
3.592662e+01 5.162249e-04 4.907541e-04 5.236891e-04 5.342314e-04
3.597862e+01 4.965373e-04 4.685629e-04 4.997473e-04 5.213017e-04
3.603062e+01 4.790765e-04 4.502075e-04 4.782070e-04 5.088149e-04
3.608262e+01 4.642910e-04 4.359449e-04 4.596425e-04 4.972856e-04
3.613462e+01 4.523694e-04 4.256989e-04 4.442379e-04 4.871713e-04
3.618662e+01 4.433017e-04 4.191503e-04 4.318922e-04 4.788626e-04
3.623862e+01 4.369747e-04 4.158625e-04 4.223731e-04 4.726886e-04
3.629062e+01 4.332642e-04 4.154014e-04 4.154673e-04 4.689239e-04
3.634262e+01 4.320844e-04 4.174038e-04 4.110759e-04 4.677736e-04
3.639462e+01 4.333697e-04 4.215705e-04 4.092255e-04 4.693132e-04
3.644662e+01 4.369986e-04 4.276008e-04 4.100021e-04 4.733929e-04
3.649862e+01 4.427062e-04 4.351229e-04 4.134460e-04 4.795497e-04
3.655062e+01 4.500399e-04 4.436737e-04 4.194535e-04 4.869925e-04
3.660262e+01 4.583928e-04 4.527525e-04 4.277211e-04 4.947049e-04
3.665462e+01 4.671082e-04 4.619252e-04 4.377428e-04 5.016566e-04
3.670662e+01 4.756148e-04 4.709279e-04 4.488617e-04 5.070547e-04
3.675862e+01 4.835417e-04 4.797210e-04 4.603672e-04 5.105369e-04
3.681062e+01 4.907767e-04 4.884740e-04 4.716261e-04 5.122300e-04
3.686262e+01 4.974605e-04 4.974958e-04 4.822259e-04 5.126598e-04
3.691462e+01 5.039276e-04 5.071356e-04 4.920828e-04 5.125645e-04
3.696662e+01 5.106162e-04 5.176805e-04 5.014687e-04 5.126992e-04
3.701862e+01 5.179628e-04 5.292665e-04 5.109209e-04 5.137009e-04
3.707062e+01 5.262996e-04 5.418139e-04 5.210469e-04 5.160381e-04
3.712262e+01 5.357690e-04 5.550021e-04 5.322871e-04 5.200177e-04
3.717462e+01 5.462768e-04 5.682974e-04 5.447261e-04 5.258070e-04
3.722662e+01 5.575031e-04 5.810377e-04 5.580299e-04 5.334417e-04
3.727862e+01 5.689760e-04 5.925638e-04 5.715347e-04 5.428296e-04
3.733062e+01 5.801965e-04 6.023659e-04 5.844449e-04 5.537786e-04
3.738262e+01 5.907782e-04 6.102059e-04 5.960537e-04 5.660750e-04
3.743462e+01 6.005592e-04 6.161736e-04 6.058997e-04 5.796044e-04
3.748662e+01 6.096465e-04 6.206546e-04 6.138132e-04 5.944717e-04
3.753862e+01 6.183798e-04 6.242185e-04 6.198606e-04 6.110602e-04
3.759062e+01 6.272310e-04 6.274684e-04 6.242393e-04 6.299855e-04
3.764262e+01 6.366770e-04 6.309029e-04 6.271839e-04 6.519442e-04
3.769462e+01 6.470887e-04 6.348358e-04 6.289282e-04 6.775021e-04
3.774662e+01 6.586649e-04 6.393791e-04 6.297271e-04 7.068884e-04
3.779862e+01 6.714135e-04 6.444666e-04 6.299159e-04 7.398581e-04
3.785062e+01 6.851642e-04 6.498834e-04 6.299620e-04 7.756471e-04
3.790262e+01 6.995905e-04 6.552817e-04 6.304683e-04 8.130215e-04
3.795462e+01 7.142329e-04 6.601929e-04 6.321057e-04 8.504002e-04
3.800662e+01 7.285277e-04 6.640646e-04 6.354847e-04 8.860339e-04
3.805862e+01 7.418556e-04 6.663442e-04 6.409992e-04 9.182234e-04
3.811062e+01 7.536156e-04 6.666049e-04 6.486929e-04 9.455488e-04
3.816262e+01 7.633134e-04 6.646733e-04 6.581965e-04 9.670704e-04
3.821462e+01 7.706395e-04 6.607038e-04 6.687634e-04 9.824513e-04
3.826662e+01 7.755070e-04 6.551536e-04 6.794014e-04 9.919661e-04
3.831862e+01 7.780345e-04 6.486475e-04 6.890655e-04 9.963906e-04
3.837062e+01 7.784737e-04 6.417681e-04 6.968501e-04 9.968028e-04
3.842262e+01 7.771050e-04 6.348431e-04 7.021206e-04 9.943513e-04
3.847462e+01 7.741341e-04 6.278119e-04 7.045446e-04 9.900457e-04
3.852662e+01 7.696226e-04 6.202322e-04 7.040261e-04 9.846094e-04
3.857862e+01 7.634764e-04 6.114354e-04 7.005853e-04 9.784087e-04
3.863062e+01 7.554953e-04 6.007852e-04 6.942458e-04 9.714549e-04
3.868262e+01 7.454688e-04 5.879498e-04 6.849834e-04 9.634732e-04
3.873462e+01 7.332934e-04 5.730903e-04 6.727594e-04 9.540305e-04
3.878662e+01 7.190777e-04 5.569007e-04 6.576214e-04 9.427110e-04
3.883862e+01 7.032051e-04 5.404874e-04 6.398272e-04 9.293007e-04
3.889062e+01 6.863294e-04 5.251320e-04 6.199381e-04 9.139181e-04
3.894262e+01 6.692909e-04 5.120115e-04 5.988386e-04 8.970226e-04
3.899462e+01 6.529642e-04 5.019533e-04 5.776673e-04 8.792721e-04
3.904662e+01 6.380738e-04 4.952790e-04 5.576714e-04 8.612709e-04
3.909862e+01 6.250322e-04 4.917630e-04 5.400196e-04 8.433141e-04
3.915062e+01 6.138573e-04 4.907044e-04 5.256205e-04 8.252471e-04
3.920262e+01 6.042007e-04 4.910968e-04 5.149926e-04 8.065127e-04
3.925462e+01 5.954833e-04 4.918636e-04 5.082164e-04 7.863698e-04
3.930662e+01 5.870946e-04 4.921139e-04 5.049778e-04 7.641920e-04
3.935862e+01 5.785884e-04 4.913583e-04 5.046755e-04 7.397314e-04
3.941062e+01 5.698091e-04 4.896248e-04 5.065475e-04 7.132549e-04
3.946262e+01 5.609115e-04 4.874354e-04 5.097715e-04 6.855277e-04
3.951462e+01 5.522799e-04 4.856481e-04 5.135237e-04 6.576681e-04
3.956662e+01 5.443870e-04 4.852107e-04 5.170213e-04 6.309290e-04
3.961862e+01 5.376526e-04 4.869048e-04 5.195882e-04 6.064648e-04
3.967062e+01 5.323487e-04 4.911523e-04 5.207654e-04 5.851284e-04
3.972262e+01 5.285692e-04 4.979317e-04 5.204371e-04 5.673387e-04
3.977462e+01 5.262558e-04 5.068164e-04 5.189037e-04 5.530473e-04
3.982662e+01 5.252546e-04 5.171089e-04 5.168357e-04 5.418193e-04
3.987862e+01 5.253756e-04 5.280238e-04 5.150916e-04 5.330113e-04
3.993062e+01 5.264377e-04 5.388634e-04 5.144567e-04 5.259929e-04
3.998262e+01 5.282887e-04 5.491342e-04 5.153991e-04 5.203327e-04
4.003462e+01 5.307961e-04 5.585740e-04 5.179339e-04 5.158802e-04
4.008662e+01 5.338113e-04 5.670898e-04 5.216299e-04 5.127141e-04
4.013862e+01 5.371200e-04 5.746388e-04 5.257356e-04 5.109857e-04
4.019062e+01 5.404017e-04 5.811046e-04 5.293694e-04 5.107310e-04
4.024262e+01 5.432274e-04 5.862282e-04 5.317233e-04 5.117307e-04
4.029462e+01 5.451172e-04 5.896325e-04 5.322482e-04 5.134708e-04
4.034662e+01 5.456520e-04 5.909440e-04 5.307975e-04 5.152144e-04
4.039862e+01 5.446065e-04 5.899683e-04 5.277009e-04 5.161505e-04
4.045062e+01 5.420510e-04 5.868423e-04 5.237398e-04 5.155708e-04
4.050262e+01 5.383751e-04 5.820871e-04 5.200138e-04 5.130244e-04
4.055462e+01 5.342207e-04 5.765174e-04 5.177299e-04 5.084148e-04
4.060662e+01 5.303440e-04 5.710338e-04 5.179765e-04 5.020217e-04
4.065862e+01 5.274578e-04 5.663761e-04 5.215511e-04 4.944463e-04
4.071062e+01 5.261051e-04 5.629435e-04 5.288775e-04 4.864945e-04
4.076262e+01 5.265984e-04 5.607583e-04 5.400077e-04 4.790292e-04
4.081462e+01 5.290295e-04 5.595844e-04 5.546728e-04 4.728313e-04
4.086662e+01 5.333280e-04 5.591400e-04 5.723406e-04 4.685033e-04
4.091862e+01 5.393313e-04 5.593073e-04 5.922565e-04 4.664303e-04
4.097062e+01 5.468337e-04 5.602474e-04 6.134641e-04 4.667896e-04
4.102262e+01 5.555970e-04 5.623829e-04 6.348274e-04 4.695807e-04
4.107462e+01 5.653342e-04 5.662678e-04 6.550831e-04 4.746517e-04
4.112662e+01 5.756903e-04 5.724088e-04 6.729531e-04 4.817091e-04
4.117862e+01 5.862472e-04 5.811058e-04 6.873205e-04 4.903151e-04
4.123062e+01 5.965612e-04 5.923563e-04 6.974410e-04 4.998863e-04
4.128262e+01 6.062224e-04 6.058340e-04 7.031250e-04 5.097084e-04
4.133462e+01 6.149081e-04 6.209302e-04 7.048140e-04 5.189801e-04
4.138662e+01 6.224095e-04 6.368377e-04 7.034999e-04 5.268909e-04
4.143862e+01 6.286285e-04 6.526607e-04 7.004937e-04 5.327311e-04
4.149062e+01 6.335603e-04 6.675419e-04 6.971212e-04 5.360179e-04
4.154262e+01 6.372873e-04 6.807937e-04 6.944607e-04 5.366077e-04
4.159462e+01 6.399986e-04 6.920139e-04 6.932258e-04 5.347560e-04
4.164662e+01 6.420216e-04 7.011545e-04 6.938190e-04 5.310912e-04
4.169862e+01 6.438307e-04 7.085114e-04 6.964922e-04 5.264884e-04
4.175062e+01 6.459879e-04 7.146190e-04 7.014817e-04 5.218630e-04
4.180262e+01 6.489985e-04 7.200587e-04 7.090014e-04 5.179355e-04
4.185462e+01 6.531125e-04 7.252297e-04 7.190664e-04 5.150413e-04
4.190662e+01 6.581484e-04 7.301563e-04 7.312363e-04 5.130527e-04
4.195862e+01 6.634382e-04 7.344146e-04 7.444470e-04 5.114530e-04
4.201062e+01 6.679523e-04 7.372322e-04 7.570807e-04 5.095441e-04
4.206262e+01 6.705939e-04 7.377512e-04 7.673060e-04 5.067244e-04
4.211462e+01 6.705630e-04 7.353784e-04 7.735735e-04 5.027371e-04
4.216662e+01 6.676511e-04 7.300892e-04 7.750612e-04 4.978029e-04
4.221862e+01 6.623443e-04 7.225635e-04 7.718770e-04 4.925925e-04
4.227062e+01 6.556977e-04 7.140915e-04 7.649476e-04 4.880541e-04
4.232262e+01 6.490372e-04 7.062880e-04 7.556640e-04 4.851596e-04
4.237462e+01 6.436093e-04 7.007303e-04 7.454442e-04 4.846533e-04
4.242662e+01 6.403021e-04 6.986557e-04 7.353764e-04 4.868740e-04
4.247862e+01 6.395111e-04 7.008024e-04 7.260398e-04 4.916912e-04
4.253062e+01 6.411547e-04 7.073914e-04 7.175137e-04 4.985589e-04
4.258262e+01 6.447929e-04 7.181768e-04 7.095337e-04 5.066681e-04
4.263462e+01 6.497884e-04 7.324855e-04 7.017263e-04 5.151533e-04
4.268662e+01 6.554590e-04 7.492220e-04 6.938521e-04 5.233030e-04
4.273862e+01 6.611991e-04 7.668901e-04 6.859919e-04 5.307153e-04
4.279062e+01 6.665670e-04 7.837224e-04 6.786252e-04 5.373535e-04
4.284262e+01 6.713434e-04 7.979665e-04 6.725783e-04 5.434855e-04
4.289462e+01 6.755572e-04 8.082831e-04 6.688541e-04 5.495343e-04
4.294662e+01 6.794702e-04 8.141172e-04 6.683862e-04 5.559073e-04
4.299862e+01 6.835129e-04 8.158826e-04 6.717761e-04 5.628802e-04
4.305062e+01 6.881742e-04 8.148711e-04 6.790700e-04 5.705814e-04
4.310262e+01 6.938703e-04 8.129157e-04 6.896340e-04 5.790612e-04
4.315462e+01 7.008258e-04 8.119322e-04 7.021732e-04 5.883720e-04
4.320662e+01 7.089945e-04 8.134825e-04 7.149219e-04 5.985792e-04
4.325862e+01 7.180351e-04 8.184546e-04 7.259832e-04 6.096677e-04
4.331062e+01 7.273369e-04 8.268834e-04 7.337403e-04 6.213869e-04
4.336262e+01 7.360885e-04 8.379051e-04 7.372209e-04 6.331395e-04
4.341462e+01 7.433814e-04 8.498403e-04 7.362973e-04 6.440065e-04
4.346662e+01 7.483393e-04 8.604241e-04 7.316599e-04 6.529338e-04
4.351862e+01 7.502572e-04 8.671864e-04 7.245770e-04 6.590083e-04
4.357062e+01 7.487244e-04 8.679420e-04 7.165280e-04 6.617032e-04
4.362262e+01 7.436981e-04 8.612791e-04 7.088272e-04 6.609879e-04
4.367462e+01 7.355102e-04 8.469045e-04 7.023487e-04 6.572774e-04
4.372662e+01 7.248056e-04 8.257302e-04 6.974175e-04 6.512689e-04
4.377862e+01 7.124318e-04 7.996697e-04 6.938722e-04 6.437533e-04
4.383062e+01 6.993103e-04 7.712130e-04 6.912489e-04 6.354689e-04
4.388262e+01 6.863133e-04 7.429173e-04 6.890027e-04 6.270199e-04
4.393462e+01 6.741638e-04 7.169600e-04 6.866846e-04 6.188467e-04
4.398662e+01 6.633665e-04 6.948518e-04 6.840237e-04 6.112240e-04
4.403862e+01 6.541778e-04 6.773386e-04 6.809152e-04 6.042796e-04
4.409062e+01 6.466153e-04 6.644631e-04 6.773535e-04 5.980294e-04
4.414262e+01 6.405084e-04 6.557356e-04 6.733609e-04 5.924287e-04
4.419462e+01 6.355753e-04 6.503633e-04 6.689435e-04 5.874190e-04
4.424662e+01 6.315071e-04 6.474936e-04 6.640785e-04 5.829492e-04
4.429862e+01 6.280349e-04 6.464273e-04 6.587178e-04 5.789596e-04
4.435062e+01 6.249655e-04 6.467567e-04 6.527940e-04 5.753458e-04
4.440262e+01 6.221859e-04 6.483931e-04 6.462306e-04 5.719340e-04
4.445462e+01 6.196471e-04 6.514804e-04 6.389625e-04 5.684984e-04
4.450662e+01 6.173394e-04 6.562306e-04 6.309680e-04 5.648195e-04
4.455862e+01 6.152657e-04 6.627422e-04 6.222997e-04 5.607552e-04
4.461062e+01 6.134165e-04 6.708687e-04 6.130964e-04 5.562846e-04
4.466262e+01 6.117533e-04 6.801817e-04 6.035723e-04 5.515061e-04
4.471462e+01 6.102137e-04 6.900376e-04 5.940043e-04 5.465991e-04
4.476662e+01 6.087483e-04 6.997235e-04 5.847405e-04 5.417810e-04
4.481862e+01 6.073826e-04 7.086297e-04 5.762364e-04 5.372816e-04
4.487062e+01 6.062711e-04 7.163848e-04 5.690921e-04 5.333364e-04
4.492262e+01 6.057056e-04 7.229035e-04 5.640392e-04 5.301741e-04
4.497462e+01 6.060490e-04 7.283251e-04 5.618447e-04 5.279773e-04
4.502662e+01 6.076097e-04 7.328734e-04 5.631428e-04 5.268129e-04
4.507862e+01 6.105047e-04 7.367015e-04 5.682541e-04 5.265586e-04
4.513062e+01 6.145787e-04 7.398032e-04 5.770656e-04 5.268672e-04
4.518262e+01 6.194215e-04 7.420391e-04 5.890247e-04 5.272005e-04
4.523462e+01 6.244854e-04 7.432696e-04 6.032486e-04 5.269379e-04
4.528662e+01 6.292533e-04 7.435174e-04 6.187063e-04 5.255362e-04
4.533862e+01 6.333869e-04 7.430618e-04 6.344097e-04 5.226894e-04
4.539062e+01 6.367938e-04 7.423904e-04 6.495528e-04 5.184383e-04
4.544262e+01 6.395894e-04 7.420159e-04 6.635626e-04 5.131897e-04
4.549462e+01 6.419783e-04 7.422456e-04 6.760534e-04 5.076358e-04
4.554662e+01 6.441100e-04 7.430235e-04 6.867133e-04 5.025932e-04
4.559862e+01 6.459723e-04 7.439333e-04 6.951764e-04 4.988071e-04
4.565062e+01 6.473619e-04 7.443632e-04 7.009460e-04 4.967766e-04
4.570262e+01 6.479368e-04 7.437476e-04 7.034139e-04 4.966489e-04
4.575462e+01 6.473197e-04 7.417595e-04 7.019869e-04 4.982127e-04
4.580662e+01 6.452084e-04 7.383610e-04 6.962771e-04 5.009873e-04
4.585862e+01 6.414526e-04 7.336940e-04 6.862893e-04 5.043745e-04
4.591062e+01 6.360796e-04 7.278860e-04 6.725297e-04 5.078230e-04
4.596262e+01 6.292772e-04 7.208888e-04 6.559900e-04 5.109529e-04
4.601462e+01 6.213539e-04 7.124511e-04 6.380028e-04 5.136078e-04
4.606662e+01 6.126958e-04 7.022550e-04 6.200051e-04 5.158274e-04
4.611862e+01 6.037308e-04 6.901568e-04 6.032771e-04 5.177584e-04
4.617062e+01 5.948938e-04 6.764204e-04 5.887273e-04 5.195338e-04
4.622262e+01 5.865892e-04 6.618272e-04 5.767803e-04 5.211600e-04
4.627462e+01 5.791467e-04 6.476071e-04 5.673838e-04 5.224491e-04
4.632662e+01 5.727833e-04 6.352093e-04 5.601127e-04 5.230280e-04
4.637862e+01 5.675818e-04 6.259905e-04 5.543220e-04 5.224330e-04
4.643062e+01 5.634960e-04 6.209224e-04 5.492982e-04 5.202675e-04
4.648262e+01 5.603816e-04 6.203966e-04 5.443775e-04 5.163706e-04
4.653462e+01 5.580424e-04 6.241654e-04 5.390285e-04 5.109334e-04
4.658662e+01 5.562790e-04 6.314110e-04 5.329113e-04 5.045147e-04
4.663862e+01 5.549260e-04 6.409105e-04 5.259217e-04 4.979459e-04
4.669062e+01 5.538716e-04 6.512474e-04 5.182143e-04 4.921531e-04
4.674262e+01 5.530563e-04 6.610292e-04 5.101864e-04 4.879532e-04
4.679462e+01 5.524559e-04 6.690788e-04 5.024077e-04 4.858812e-04
4.684662e+01 5.520596e-04 6.745813e-04 4.955059e-04 4.860917e-04
4.689862e+01 5.518531e-04 6.771729e-04 4.900354e-04 4.883510e-04
4.695062e+01 5.518125e-04 6.769569e-04 4.863696e-04 4.921110e-04
4.700262e+01 5.519060e-04 6.744352e-04 4.846448e-04 4.966380e-04
4.705462e+01 5.520927e-04 6.703546e-04 4.847608e-04 5.011628e-04
4.710662e+01 5.523139e-04 6.654988e-04 4.864280e-04 5.050149e-04
4.715862e+01 5.524814e-04 6.604839e-04 4.892419e-04 5.077185e-04
4.721062e+01 5.524759e-04 6.556256e-04 4.927679e-04 5.090344e-04
4.726262e+01 5.521658e-04 6.509235e-04 4.966232e-04 5.089507e-04
4.731462e+01 5.514455e-04 6.461587e-04 5.005437e-04 5.076341e-04
4.736662e+01 5.502762e-04 6.410526e-04 5.044186e-04 5.053575e-04
4.741862e+01 5.487080e-04 6.354197e-04 5.082835e-04 5.024208e-04
4.747062e+01 5.468673e-04 6.292567e-04 5.122679e-04 4.990774e-04
4.752262e+01 5.449136e-04 6.227534e-04 5.165118e-04 4.954757e-04
4.757462e+01 5.429795e-04 6.162346e-04 5.210746e-04 4.916293e-04
4.762662e+01 5.411158e-04 6.100587e-04 5.258661e-04 4.874227e-04
4.767862e+01 5.392586e-04 6.044992e-04 5.306204e-04 4.826564e-04
4.773062e+01 5.372263e-04 5.996358e-04 5.349258e-04 4.771175e-04
4.778262e+01 5.347485e-04 5.952886e-04 5.383091e-04 4.706479e-04
4.783462e+01 5.315235e-04 5.910287e-04 5.403581e-04 4.631839e-04
4.788662e+01 5.272942e-04 5.862763e-04 5.408509e-04 4.547553e-04
4.793862e+01 5.219239e-04 5.804629e-04 5.398503e-04 4.454584e-04
4.799062e+01 5.154514e-04 5.731957e-04 5.377274e-04 4.354310e-04
4.804262e+01 5.081031e-04 5.643602e-04 5.350960e-04 4.248531e-04
4.809462e+01 5.002588e-04 5.541218e-04 5.326774e-04 4.139772e-04
4.814662e+01 4.923811e-04 5.428425e-04 5.311391e-04 4.031617e-04
4.819862e+01 4.849353e-04 5.309660e-04 5.309609e-04 3.928790e-04
4.825062e+01 4.783255e-04 5.189362e-04 5.323654e-04 3.836748e-04
4.830262e+01 4.728638e-04 5.071849e-04 5.353177e-04 3.760888e-04
4.835462e+01 4.687748e-04 4.961779e-04 5.395800e-04 3.705664e-04
4.840662e+01 4.662220e-04 4.864732e-04 5.447911e-04 3.674017e-04
4.845862e+01 4.653412e-04 4.787353e-04 5.505533e-04 3.667349e-04
4.851062e+01 4.662620e-04 4.736693e-04 5.565145e-04 3.686023e-04
4.856262e+01 4.691086e-04 4.718822e-04 5.624383e-04 3.730052e-04
4.861462e+01 4.739733e-04 4.737133e-04 5.682500e-04 3.799567e-04
4.866662e+01 4.808729e-04 4.790962e-04 5.740474e-04 3.894751e-04
4.871862e+01 4.896987e-04 4.875087e-04 5.800651e-04 4.015222e-04
4.877062e+01 5.001851e-04 4.980404e-04 5.865989e-04 4.159160e-04
4.882262e+01 5.119125e-04 5.095652e-04 5.939068e-04 4.322657e-04
4.887462e+01 5.243518e-04 5.209713e-04 6.021161e-04 4.499681e-04
4.892662e+01 5.369350e-04 5.313741e-04 6.111597e-04 4.682713e-04
4.897862e+01 5.491260e-04 5.402430e-04 6.207573e-04 4.863777e-04
4.903062e+01 5.604624e-04 5.474040e-04 6.304420e-04 5.035412e-04
4.908262e+01 5.705612e-04 5.529301e-04 6.396312e-04 5.191223e-04
4.913462e+01 5.791056e-04 5.569805e-04 6.477359e-04 5.326005e-04
4.918662e+01 5.858461e-04 5.596638e-04 6.542978e-04 5.435768e-04
4.923862e+01 5.906365e-04 5.609801e-04 6.591285e-04 5.518010e-04
4.929062e+01 5.934960e-04 5.608494e-04 6.624068e-04 5.572318e-04
4.934262e+01 5.946559e-04 5.591892e-04 6.646813e-04 5.600973e-04
4.939462e+01 5.945463e-04 5.559893e-04 6.667515e-04 5.608982e-04
4.944662e+01 5.937056e-04 5.513555e-04 6.694464e-04 5.603149e-04
4.949862e+01 5.926407e-04 5.455192e-04 6.733728e-04 5.590300e-04
4.955062e+01 5.916997e-04 5.388399e-04 6.787244e-04 5.575348e-04
4.960262e+01 5.910142e-04 5.318133e-04 6.852211e-04 5.560082e-04
4.965462e+01 5.905332e-04 5.250790e-04 6.921900e-04 5.543306e-04
4.970662e+01 5.901241e-04 5.193987e-04 6.987460e-04 5.522276e-04
4.975862e+01 5.896849e-04 5.155782e-04 7.040030e-04 5.494735e-04
4.981062e+01 5.892127e-04 5.143314e-04 7.072544e-04 5.460521e-04
4.986262e+01 5.888023e-04 5.161177e-04 7.080869e-04 5.422025e-04
4.991462e+01 5.885860e-04 5.210071e-04 7.064155e-04 5.383355e-04
4.996662e+01 5.886504e-04 5.286245e-04 7.024484e-04 5.348782e-04
5.001862e+01 5.889751e-04 5.381994e-04 6.965953e-04 5.321306e-04
5.007062e+01 5.894208e-04 5.487110e-04 6.893467e-04 5.302046e-04
5.012262e+01 5.897691e-04 5.590916e-04 6.811557e-04 5.290600e-04
5.017462e+01 5.897964e-04 5.684326e-04 6.723543e-04 5.286025e-04
5.022662e+01 5.893511e-04 5.761473e-04 6.631256e-04 5.287804e-04
5.027862e+01 5.884079e-04 5.820558e-04 6.535372e-04 5.296308e-04
5.033062e+01 5.870875e-04 5.863812e-04 6.436219e-04 5.312594e-04
5.038262e+01 5.856394e-04 5.896589e-04 6.334825e-04 5.337769e-04
5.043462e+01 5.843975e-04 5.925761e-04 6.233853e-04 5.372309e-04
5.048662e+01 5.837172e-04 5.957748e-04 6.138069e-04 5.415699e-04
5.053862e+01 5.839089e-04 5.996645e-04 6.054087e-04 5.466535e-04
5.059062e+01 5.851819e-04 6.043054e-04 5.989369e-04 5.523034e-04
5.064262e+01 5.876168e-04 6.094070e-04 5.950753e-04 5.583680e-04
5.069462e+01 5.911795e-04 6.144552e-04 5.943065e-04 5.647768e-04
5.074662e+01 5.957725e-04 6.189286e-04 5.968332e-04 5.715557e-04
5.079862e+01 6.012994e-04 6.225183e-04 6.025880e-04 5.787918e-04
5.085062e+01 6.077070e-04 6.252611e-04 6.113094e-04 5.865505e-04
5.090262e+01 6.149748e-04 6.275264e-04 6.226288e-04 5.947693e-04
5.095462e+01 6.230466e-04 6.298621e-04 6.361074e-04 6.031703e-04
5.100662e+01 6.317337e-04 6.327655e-04 6.512013e-04 6.112341e-04
5.105862e+01 6.406406e-04 6.364745e-04 6.671833e-04 6.182639e-04
5.111062e+01 6.491604e-04 6.408555e-04 6.830957e-04 6.235300e-04
5.116262e+01 6.565582e-04 6.454183e-04 6.978009e-04 6.264554e-04
5.121462e+01 6.621183e-04 6.494306e-04 7.101482e-04 6.267762e-04
5.126662e+01 6.653044e-04 6.520811e-04 7.192108e-04 6.246212e-04
5.131862e+01 6.658705e-04 6.526347e-04 7.244969e-04 6.204798e-04
5.137062e+01 6.638870e-04 6.505488e-04 7.260427e-04 6.150696e-04
5.142262e+01 6.596776e-04 6.455386e-04 7.243455e-04 6.091488e-04
5.147462e+01 6.536982e-04 6.375975e-04 7.201661e-04 6.033311e-04
5.152662e+01 6.464065e-04 6.269797e-04 7.142850e-04 5.979548e-04
5.157862e+01 6.381666e-04 6.141558e-04 7.073063e-04 5.930378e-04
5.163062e+01 6.292143e-04 5.997513e-04 6.995695e-04 5.883221e-04
5.168262e+01 6.196819e-04 5.844804e-04 6.911780e-04 5.833872e-04
5.173462e+01 6.096576e-04 5.690769e-04 6.821005e-04 5.777953e-04
5.178662e+01 5.992435e-04 5.542221e-04 6.722876e-04 5.712208e-04
5.183862e+01 5.885818e-04 5.404655e-04 6.617523e-04 5.635276e-04
5.189062e+01 5.778399e-04 5.281467e-04 6.505944e-04 5.547787e-04
5.194262e+01 5.671712e-04 5.173424e-04 6.389783e-04 5.451930e-04
5.199462e+01 5.566797e-04 5.078665e-04 6.270914e-04 5.350814e-04
5.204662e+01 5.464128e-04 4.993390e-04 6.151080e-04 5.247915e-04
5.209862e+01 5.363836e-04 4.913060e-04 6.031733e-04 5.146714e-04
5.215062e+01 5.266087e-04 4.833721e-04 5.914073e-04 5.050466e-04
5.220262e+01 5.171416e-04 4.753017e-04 5.799261e-04 4.961972e-04
5.225462e+01 5.080907e-04 4.670645e-04 5.688721e-04 4.883357e-04
5.230662e+01 4.996225e-04 4.588273e-04 5.584479e-04 4.815924e-04
5.235862e+01 4.919534e-04 4.509048e-04 5.489378e-04 4.760174e-04
5.241062e+01 4.853247e-04 4.436843e-04 5.406979e-04 4.715919e-04
5.246262e+01 4.799535e-04 4.375290e-04 5.340966e-04 4.682351e-04
5.251462e+01 4.759587e-04 4.326739e-04 5.294059e-04 4.657961e-04
5.256662e+01 4.732821e-04 4.291410e-04 5.266692e-04 4.640360e-04
5.261862e+01 4.716414e-04 4.267071e-04 5.255922e-04 4.626249e-04
5.267062e+01 4.705450e-04 4.249506e-04 5.255073e-04 4.611770e-04
5.272262e+01 4.693776e-04 4.233635e-04 5.254408e-04 4.593285e-04
5.277462e+01 4.675309e-04 4.214856e-04 5.242758e-04 4.568313e-04
5.282662e+01 4.645337e-04 4.190060e-04 5.209756e-04 4.536194e-04
5.287862e+01 4.601387e-04 4.157975e-04 5.148063e-04 4.498122e-04
5.293062e+01 4.543477e-04 4.118861e-04 5.055040e-04 4.456530e-04
5.298262e+01 4.473815e-04 4.073858e-04 4.933405e-04 4.414184e-04
5.303462e+01 4.396169e-04 4.024306e-04 4.790716e-04 4.373485e-04
5.308662e+01 4.315113e-04 3.971215e-04 4.637823e-04 4.336301e-04
5.313862e+01 4.235252e-04 3.914895e-04 4.486667e-04 4.304193e-04
5.319062e+01 4.160461e-04 3.854772e-04 4.348004e-04 4.278608e-04
5.324262e+01 4.093193e-04 3.789415e-04 4.229566e-04 4.260599e-04
5.329462e+01 4.033978e-04 3.716878e-04 4.135021e-04 4.250035e-04
5.334662e+01 3.981287e-04 3.635316e-04 4.063826e-04 4.244719e-04
5.339862e+01 3.931877e-04 3.543714e-04 4.011884e-04 4.240032e-04
5.345062e+01 3.881582e-04 3.442438e-04 3.972771e-04 4.229536e-04
5.350262e+01 3.826358e-04 3.333380e-04 3.939233e-04 4.206459e-04
5.355462e+01 3.763281e-04 3.219640e-04 3.904667e-04 4.165537e-04
5.360662e+01 3.691200e-04 3.104878e-04 3.864275e-04 4.104448e-04
5.365862e+01 3.610856e-04 2.992596e-04 3.815667e-04 4.024305e-04
5.371062e+01 3.524482e-04 2.885582e-04 3.758830e-04 3.929034e-04
5.376262e+01 3.435084e-04 2.785686e-04 3.695573e-04 3.823992e-04
5.381462e+01 3.345691e-04 2.693931e-04 3.628690e-04 3.714452e-04
5.386662e+01 3.258848e-04 2.610833e-04 3.561152e-04 3.604560e-04
5.391862e+01 3.176471e-04 2.536756e-04 3.495545e-04 3.497111e-04
5.397062e+01 3.099986e-04 2.472103e-04 3.433829e-04 3.394026e-04
5.402262e+01 3.030562e-04 2.417272e-04 3.377331e-04 3.297082e-04
5.407462e+01 2.969193e-04 2.372399e-04 3.326830e-04 3.208350e-04
5.412662e+01 2.916548e-04 2.337057e-04 3.282561e-04 3.130025e-04
5.417862e+01 2.872622e-04 2.310058e-04 3.244082e-04 3.063726e-04
5.423062e+01 2.836409e-04 2.289480e-04 3.210071e-04 3.009676e-04
5.428262e+01 2.805802e-04 2.272923e-04 3.178221e-04 2.966261e-04
5.433462e+01 2.777882e-04 2.257902e-04 3.145464e-04 2.930279e-04
5.438662e+01 2.749547e-04 2.242248e-04 3.108562e-04 2.897831e-04
5.443862e+01 2.718278e-04 2.224379e-04 3.064947e-04 2.865510e-04
5.449062e+01 2.682744e-04 2.203380e-04 3.013462e-04 2.831389e-04
5.454262e+01 2.642989e-04 2.178892e-04 2.954659e-04 2.795417e-04
5.459462e+01 2.600136e-04 2.150885e-04 2.890477e-04 2.759047e-04
5.464662e+01 2.555709e-04 2.119419e-04 2.823443e-04 2.724266e-04
5.469862e+01 2.510892e-04 2.084527e-04 2.755759e-04 2.692389e-04
5.475062e+01 2.466013e-04 2.046244e-04 2.688675e-04 2.663120e-04
5.480262e+01 2.420482e-04 2.004774e-04 2.622387e-04 2.634286e-04
5.485462e+01 2.373160e-04 1.960694e-04 2.556405e-04 2.602383e-04
5.490662e+01 2.322987e-04 1.915074e-04 2.490131e-04 2.563756e-04
5.495862e+01 2.269582e-04 1.869433e-04 2.423347e-04 2.515968e-04
5.501062e+01 2.213586e-04 1.825520e-04 2.356422e-04 2.458815e-04
5.506262e+01 2.156605e-04 1.784976e-04 2.290212e-04 2.394626e-04
5.511462e+01 2.100815e-04 1.748966e-04 2.225769e-04 2.327710e-04
5.516662e+01 2.048345e-04 1.717877e-04 2.163989e-04 2.263169e-04
5.521862e+01 2.000630e-04 1.691148e-04 2.105311e-04 2.205430e-04
5.527062e+01 1.957933e-04 1.667286e-04 2.049521e-04 2.156990e-04
5.532262e+01 1.919184e-04 1.644086e-04 1.995713e-04 2.117752e-04
5.537462e+01 1.882215e-04 1.619053e-04 1.942447e-04 2.085145e-04
5.542662e+01 1.844338e-04 1.589927e-04 1.888091e-04 2.054995e-04
5.547862e+01 1.803100e-04 1.555220e-04 1.831279e-04 2.022799e-04
5.553062e+01 1.756945e-04 1.514580e-04 1.771299e-04 1.984957e-04
5.558262e+01 1.705557e-04 1.468875e-04 1.708271e-04 1.939526e-04
5.563462e+01 1.649767e-04 1.419971e-04 1.643015e-04 1.886315e-04
5.568662e+01 1.591118e-04 1.370240e-04 1.576698e-04 1.826415e-04
5.573862e+01 1.531299e-04 1.321982e-04 1.510426e-04 1.761488e-04
5.579062e+01 1.471688e-04 1.276894e-04 1.444998e-04 1.693172e-04
5.584262e+01 1.413160e-04 1.235740e-04 1.380929e-04 1.622810e-04
5.589462e+01 1.356150e-04 1.198289e-04 1.318659e-04 1.551501e-04
5.594662e+01 1.300868e-04 1.163523e-04 1.258779e-04 1.480301e-04
5.599862e+01 1.247492e-04 1.130037e-04 1.202085e-04 1.410354e-04
5.605062e+01 1.196240e-04 1.096504e-04 1.149368e-04 1.342849e-04
5.610262e+01 1.147292e-04 1.062040e-04 1.101027e-04 1.278808e-04
5.615462e+01 1.100636e-04 1.026350e-04 1.056725e-04 1.218832e-04
5.620662e+01 1.055918e-04 9.895864e-05 1.015257e-04 1.162912e-04
5.625862e+01 1.012367e-04 9.519930e-05 9.747302e-05 1.110377e-04
5.631062e+01 9.688032e-05 9.134889e-05 9.329659e-05 1.059955e-04
5.636262e+01 9.237313e-05 8.733723e-05 8.879401e-05 1.009881e-04
5.641462e+01 8.754678e-05 8.302880e-05 8.380893e-05 9.580261e-05
5.646662e+01 8.223234e-05 7.824850e-05 7.824198e-05 9.020655e-05
5.651862e+01 7.628492e-05 7.282875e-05 7.204907e-05 8.397695e-05
5.657062e+01 6.961558e-05 6.666290e-05 6.523978e-05 7.694408e-05
5.662262e+01 6.222633e-05 5.974948e-05 5.788436e-05 6.904513e-05
5.667462e+01 5.423754e-05 5.221499e-05 5.012700e-05 6.037061e-05
5.672662e+01 4.589446e-05 4.430887e-05 4.219301e-05 5.118149e-05
5.677862e+01 3.754305e-05 3.637072e-05 3.437661e-05 4.188183e-05
5.683062e+01 2.957608e-05 2.877614e-05 2.700400e-05 3.294809e-05
5.688262e+01 2.236243e-05 2.187344e-05 2.037920e-05 2.483466e-05
5.693462e+01 1.618068e-05 1.592673e-05 1.472957e-05 1.788575e-05
5.698662e+01 1.117653e-05 1.107947e-05 1.016941e-05 1.228071e-05
5.703862e+01 7.354744e-06 7.346611e-06 6.692055e-06 8.025566e-06
5.709062e+01 4.603213e-06 4.633950e-06 4.189995e-06 4.985694e-06
5.714262e+01 2.736588e-06 2.775550e-06 2.492520e-06 2.941694e-06
5.719462e+01 1.543659e-06 1.576237e-06 1.407147e-06 1.647593e-06
5.724662e+01 8.255053e-07 8.476199e-07 7.532112e-07 8.756848e-07
5.729862e+01 4.182372e-07 4.311200e-07 3.819859e-07 4.416058e-07
5.735062e+01 2.006431e-07 2.071994e-07 1.834265e-07 2.113033e-07
5.740262e+01 9.110239e-08 9.401635e-08 8.335467e-08 9.593616e-08
5.745462e+01 3.913566e-08 4.024575e-08 3.582975e-08 4.133147e-08
5.750662e+01 1.590013e-08 1.624252e-08 1.456158e-08 1.689631e-08
5.755862e+01 6.107586e-09 6.176623e-09 5.592855e-09 6.553278e-09
5.761062e+01 2.217316e-09 2.211994e-09 2.029178e-09 2.410775e-09
5.766262e+01 7.605256e-10 7.456544e-10 6.951251e-10 8.407972e-10
5.771462e+01 2.463337e-10 2.364687e-10 2.247122e-10 2.778201e-10
5.776662e+01 7.529390e-11 7.051608e-11 6.849512e-11 8.687051e-11
5.781862e+01 2.169965e-11 1.975091e-11 1.966359e-11 2.568444e-11
5.787062e+01 5.864987e-12 5.171053e-12 5.292522e-12 7.131385e-12
5.792262e+01 1.466710e-12 1.244807e-12 1.314902e-12 1.840422e-12
5.797462e+01 3.332770e-13 2.697819e-13 2.974583e-13 4.325907e-13
5.802662e+01 6.221149e-14 3.863671e-14 5.554843e-14 9.244933e-14
5.807862e+01 1.197978e-14 5.853846e-15 1.094122e-14 1.914427e-14
5.813062e+01 1.213090e-15 4.697309e-17 5.583515e-16 3.033946e-15
5.818262e+01 0.000000e+00 0.000000e+00 0.000000e+00 0.000000e+00
5.823462e+01 0.000000e+00 0.000000e+00 0.000000e+00 0.000000e+00
5.828662e+01 0.000000e+00 0.000000e+00 0.000000e+00 0.000000e+00
5.833862e+01 0.000000e+00 0.000000e+00 0.000000e+00 0.000000e+00
5.839062e+01 0.000000e+00 0.000000e+00 0.000000e+00 0.000000e+00
5.844262e+01 0.000000e+00 0.000000e+00 0.000000e+00 0.000000e+00
5.849462e+01 0.000000e+00 0.000000e+00 0.000000e+00 0.000000e+00
5.854662e+01 0.000000e+00 0.000000e+00 0.000000e+00 0.000000e+00
5.859862e+01 0.000000e+00 0.000000e+00 0.000000e+00 0.000000e+00
