5.977580e+00 0.000000e+00 0.000000e+00 0.000000e+00 0.000000e+00
6.029580e+00 0.000000e+00 0.000000e+00 0.000000e+00 0.000000e+00
6.081580e+00 0.000000e+00 0.000000e+00 0.000000e+00 0.000000e+00
6.133580e+00 0.000000e+00 0.000000e+00 0.000000e+00 0.000000e+00
6.185580e+00 0.000000e+00 0.000000e+00 0.000000e+00 0.000000e+00
6.237580e+00 0.000000e+00 0.000000e+00 0.000000e+00 0.000000e+00
6.289580e+00 0.000000e+00 0.000000e+00 0.000000e+00 0.000000e+00
6.341580e+00 0.000000e+00 0.000000e+00 0.000000e+00 0.000000e+00
6.393580e+00 0.000000e+00 0.000000e+00 0.000000e+00 0.000000e+00
6.445580e+00 0.000000e+00 0.000000e+00 0.000000e+00 0.000000e+00
6.497580e+00 0.000000e+00 0.000000e+00 0.000000e+00 0.000000e+00
6.549580e+00 0.000000e+00 0.000000e+00 0.000000e+00 0.000000e+00
6.601580e+00 0.000000e+00 0.000000e+00 0.000000e+00 0.000000e+00
6.653580e+00 0.000000e+00 0.000000e+00 0.000000e+00 0.000000e+00
6.705580e+00 0.000000e+00 0.000000e+00 0.000000e+00 0.000000e+00
6.757580e+00 0.000000e+00 0.000000e+00 0.000000e+00 0.000000e+00
6.809580e+00 0.000000e+00 0.000000e+00 0.000000e+00 0.000000e+00
6.861580e+00 0.000000e+00 0.000000e+00 0.000000e+00 0.000000e+00
6.913580e+00 0.000000e+00 0.000000e+00 0.000000e+00 0.000000e+00
6.965580e+00 0.000000e+00 0.000000e+00 0.000000e+00 0.000000e+00
7.017580e+00 0.000000e+00 0.000000e+00 0.000000e+00 0.000000e+00
7.069580e+00 0.000000e+00 0.000000e+00 0.000000e+00 0.000000e+00
7.121580e+00 0.000000e+00 0.000000e+00 0.000000e+00 0.000000e+00
7.173580e+00 0.000000e+00 0.000000e+00 0.000000e+00 0.000000e+00
7.225580e+00 0.000000e+00 0.000000e+00 0.000000e+00 0.000000e+00
7.277580e+00 0.000000e+00 0.000000e+00 0.000000e+00 0.000000e+00
7.329580e+00 0.000000e+00 0.000000e+00 0.000000e+00 0.000000e+00
7.381580e+00 0.000000e+00 0.000000e+00 0.000000e+00 0.000000e+00
7.433580e+00 0.000000e+00 0.000000e+00 0.000000e+00 0.000000e+00
7.485580e+00 0.000000e+00 0.000000e+00 0.000000e+00 0.000000e+00
7.537580e+00 0.000000e+00 0.000000e+00 0.000000e+00 0.000000e+00
7.589580e+00 0.000000e+00 0.000000e+00 0.000000e+00 0.000000e+00
7.641580e+00 0.000000e+00 0.000000e+00 0.000000e+00 0.000000e+00
7.693580e+00 0.000000e+00 0.000000e+00 0.000000e+00 0.000000e+00
7.745580e+00 0.000000e+00 0.000000e+00 0.000000e+00 0.000000e+00
7.797580e+00 0.000000e+00 0.000000e+00 0.000000e+00 0.000000e+00
7.849580e+00 0.000000e+00 0.000000e+00 0.000000e+00 0.000000e+00
7.901580e+00 0.000000e+00 0.000000e+00 0.000000e+00 0.000000e+00
7.953580e+00 0.000000e+00 0.000000e+00 0.000000e+00 0.000000e+00
8.005580e+00 0.000000e+00 0.000000e+00 0.000000e+00 0.000000e+00
8.057580e+00 0.000000e+00 0.000000e+00 0.000000e+00 0.000000e+00
8.109580e+00 0.000000e+00 0.000000e+00 0.000000e+00 0.000000e+00
8.161580e+00 0.000000e+00 0.000000e+00 0.000000e+00 0.000000e+00
8.213580e+00 0.000000e+00 0.000000e+00 0.000000e+00 0.000000e+00
8.265580e+00 0.000000e+00 0.000000e+00 0.000000e+00 0.000000e+00
8.317580e+00 0.000000e+00 0.000000e+00 0.000000e+00 0.000000e+00
8.369580e+00 0.000000e+00 0.000000e+00 0.000000e+00 0.000000e+00
8.421580e+00 0.000000e+00 0.000000e+00 0.000000e+00 0.000000e+00
8.473580e+00 0.000000e+00 0.000000e+00 0.000000e+00 0.000000e+00
8.525580e+00 0.000000e+00 0.000000e+00 0.000000e+00 0.000000e+00
8.577580e+00 0.000000e+00 0.000000e+00 0.000000e+00 0.000000e+00
8.629580e+00 0.000000e+00 0.000000e+00 0.000000e+00 0.000000e+00
8.681580e+00 0.000000e+00 0.000000e+00 0.000000e+00 0.000000e+00
8.733580e+00 0.000000e+00 0.000000e+00 0.000000e+00 0.000000e+00
8.785580e+00 0.000000e+00 0.000000e+00 0.000000e+00 0.000000e+00
8.837580e+00 0.000000e+00 0.000000e+00 0.000000e+00 0.000000e+00
8.889580e+00 0.000000e+00 0.000000e+00 0.000000e+00 0.000000e+00
8.941580e+00 0.000000e+00 0.000000e+00 0.000000e+00 0.000000e+00
8.993580e+00 0.000000e+00 0.000000e+00 0.000000e+00 0.000000e+00
9.045580e+00 0.000000e+00 0.000000e+00 0.000000e+00 0.000000e+00
9.097580e+00 0.000000e+00 0.000000e+00 0.000000e+00 0.000000e+00
9.149580e+00 0.000000e+00 0.000000e+00 0.000000e+00 0.000000e+00
9.201580e+00 0.000000e+00 0.000000e+00 0.000000e+00 0.000000e+00
9.253580e+00 0.000000e+00 0.000000e+00 0.000000e+00 0.000000e+00
9.305580e+00 0.000000e+00 0.000000e+00 0.000000e+00 0.000000e+00
9.357580e+00 0.000000e+00 0.000000e+00 0.000000e+00 0.000000e+00
9.409580e+00 0.000000e+00 0.000000e+00 0.000000e+00 0.000000e+00
9.461580e+00 0.000000e+00 0.000000e+00 0.000000e+00 0.000000e+00
9.513580e+00 0.000000e+00 0.000000e+00 0.000000e+00 0.000000e+00
9.565580e+00 0.000000e+00 0.000000e+00 0.000000e+00 0.000000e+00
9.617580e+00 0.000000e+00 0.000000e+00 0.000000e+00 0.000000e+00
9.669580e+00 0.000000e+00 0.000000e+00 0.000000e+00 0.000000e+00
9.721580e+00 0.000000e+00 0.000000e+00 0.000000e+00 0.000000e+00
9.773580e+00 0.000000e+00 0.000000e+00 0.000000e+00 0.000000e+00
9.825580e+00 5.553430e-15 1.308883e-15 1.481810e-14 5.333088e-16
9.877580e+00 6.090916e-14 2.210619e-14 1.449015e-13 1.571976e-14
9.929580e+00 2.744621e-13 1.009347e-13 6.499749e-13 7.247652e-14
9.981580e+00 1.509216e-12 6.165156e-13 3.429767e-12 4.813663e-13
1.003358e+01 6.433501e-12 2.695240e-12 1.443827e-11 2.166992e-12
1.008558e+01 2.512910e-11 1.071370e-11 5.596608e-11 8.707528e-12
1.013758e+01 9.164507e-11 3.963119e-11 2.026393e-10 3.266470e-11
1.018958e+01 3.133336e-10 1.372475e-10 6.882010e-10 1.145522e-10
1.024158e+01 1.008056e-09 4.467271e-10 2.199950e-09 3.774901e-10
1.029358e+01 3.052855e-09 1.367001e-09 6.622376e-09 1.169188e-09
1.034558e+01 8.713090e-09 3.935315e-09 1.879663e-08 3.407327e-09
1.039758e+01 2.345369e-08 1.066325e-08 5.034853e-08 9.349305e-09
1.044958e+01 5.959394e-08 2.721463e-08 1.273944e-07 2.417277e-08
1.050158e+01 1.431396e-07 6.553786e-08 3.048824e-07 5.899851e-08
1.055358e+01 3.251757e-07 1.488561e-07 6.907377e-07 1.359333e-07
1.060558e+01 6.997329e-07 3.195208e-07 1.483484e-06 2.961943e-07
1.065758e+01 1.428677e-06 6.496259e-07 3.024713e-06 6.116914e-07
1.070958e+01 2.773412e-06 1.254808e-06 5.864757e-06 1.200672e-06
1.076158e+01 5.133496e-06 2.314458e-06 1.083599e-05 2.250042e-06
1.081358e+01 9.096727e-06 4.108388e-06 1.912922e-05 4.052571e-06
1.086558e+01 1.552346e-05 7.100608e-06 3.238490e-05 7.084867e-06
1.091758e+01 2.572655e-05 1.213707e-05 5.285671e-05 1.218586e-05
1.096958e+01 4.187329e-05 2.087831e-05 8.379102e-05 2.095055e-05
1.102158e+01 6.781088e-05 3.664082e-05 1.302748e-04 3.651706e-05
1.107358e+01 1.105476e-04 6.582410e-05 2.008651e-04 6.495349e-05
1.112558e+01 1.825040e-04 1.199706e-04 3.101809e-04 1.173605e-04
1.117758e+01 3.042596e-04 2.181576e-04 4.821318e-04 2.124895e-04
1.122958e+01 5.068126e-04 3.888411e-04 7.525191e-04 3.790777e-04
1.128158e+01 8.315266e-04 6.696280e-04 1.168616e-03 6.563359e-04
1.133358e+01 1.325453e-03 1.103138e-03 1.782745e-03 1.090476e-03
1.138558e+01 2.030311e-03 1.727657e-03 2.637821e-03 1.725453e-03
1.143758e+01 2.965566e-03 2.563004e-03 3.745951e-03 2.587744e-03
1.148958e+01 4.109540e-03 3.594670e-03 5.065929e-03 3.668020e-03
1.154158e+01 5.385749e-03 4.761811e-03 6.489587e-03 4.905849e-03
1.159358e+01 6.662706e-03 5.955515e-03 7.847286e-03 6.185317e-03
1.164558e+01 7.772315e-03 7.031743e-03 8.937430e-03 7.347772e-03
1.169758e+01 8.545147e-03 7.838475e-03 9.574728e-03 8.222239e-03
1.174958e+01 8.852954e-03 8.250654e-03 9.641792e-03 8.666416e-03
1.180158e+01 8.643897e-03 8.202139e-03 9.124504e-03 8.605049e-03
1.185358e+01 7.957327e-03 7.703639e-03 8.116701e-03 8.051641e-03
1.190558e+01 6.912465e-03 6.840080e-03 6.792280e-03 7.105037e-03
1.195758e+01 5.675567e-03 5.748279e-03 5.356289e-03 5.922132e-03
1.200958e+01 4.417999e-03 4.582918e-03 3.993990e-03 4.677088e-03
1.206158e+01 3.279634e-03 3.482356e-03 2.834996e-03 3.521550e-03
1.211358e+01 2.347707e-03 2.544405e-03 1.940697e-03 2.558021e-03
1.216558e+01 1.653818e-03 1.817144e-03 1.312739e-03 1.831572e-03
1.221758e+01 1.184992e-03 1.303762e-03 9.135867e-04 1.337628e-03
1.226958e+01 9.013417e-04 9.761906e-04 6.889877e-04 1.038847e-03
1.232158e+01 7.532998e-04 7.911349e-04 5.852608e-04 8.835036e-04
1.237358e+01 6.941512e-04 7.035525e-04 5.588120e-04 8.200891e-04
1.242558e+01 6.867004e-04 6.752170e-04 5.788028e-04 8.060815e-04
1.247758e+01 7.050736e-04 6.783246e-04 6.255296e-04 8.113667e-04
1.252958e+01 7.334961e-04 6.954341e-04 6.871106e-04 8.179436e-04
1.258158e+01 7.637827e-04 7.174089e-04 7.562888e-04 8.176504e-04
1.263358e+01 7.927606e-04 7.408097e-04 8.282358e-04 8.092362e-04
1.268558e+01 8.202887e-04 7.657133e-04 8.995149e-04 7.956379e-04
1.273758e+01 8.481012e-04 7.944065e-04 9.679517e-04 7.819452e-04
1.278958e+01 8.794013e-04 8.309214e-04 1.033029e-03 7.742537e-04
1.284158e+01 9.189492e-04 8.810255e-04 1.096466e-03 7.793559e-04
1.289358e+01 9.733093e-04 9.521452e-04 1.162765e-03 8.050179e-04
1.294558e+01 1.050944e-03 1.052822e-03 1.239557e-03 8.604540e-04
1.299758e+01 1.161940e-03 1.191625e-03 1.337594e-03 9.566008e-04
1.304958e+01 1.317305e-03 1.375851e-03 1.470178e-03 1.105886e-03
1.310158e+01 1.527920e-03 1.610557e-03 1.651862e-03 1.321340e-03
1.315358e+01 1.803331e-03 1.898474e-03 1.896467e-03 1.615052e-03
1.320558e+01 2.150543e-03 2.240859e-03 2.214720e-03 1.996050e-03
1.325758e+01 2.572831e-03 2.638717e-03 2.612011e-03 2.467765e-03
1.330958e+01 3.068465e-03 3.093281e-03 3.086740e-03 3.025374e-03
1.336158e+01 3.629149e-03 3.604548e-03 3.629358e-03 3.653541e-03
1.341358e+01 4.238227e-03 4.167462e-03 4.221932e-03 4.325288e-03
1.346558e+01 4.869144e-03 4.766688e-03 4.837932e-03 5.002813e-03
1.351758e+01 5.485147e-03 5.372375e-03 5.442403e-03 5.640663e-03
1.356958e+01 6.041401e-03 5.939822e-03 5.993287e-03 6.191096e-03
1.362158e+01 6.490217e-03 6.414983e-03 6.444970e-03 6.610698e-03
1.367358e+01 6.788921e-03 6.745307e-03 6.754576e-03 6.866880e-03
1.372558e+01 6.908514e-03 6.892633e-03 6.890107e-03 6.942801e-03
1.377758e+01 6.840337e-03 6.843324e-03 6.838043e-03 6.839643e-03
1.382958e+01 6.598231e-03 6.611552e-03 6.607398e-03 6.575742e-03
1.388158e+01 6.215182e-03 6.234511e-03 6.228219e-03 6.182815e-03
1.393358e+01 5.735558e-03 5.761779e-03 5.744693e-03 5.700204e-03
1.398558e+01 5.205686e-03 5.243243e-03 5.205294e-03 5.168521e-03
1.403758e+01 4.665885e-03 4.719959e-03 4.653478e-03 4.624219e-03
1.408958e+01 4.146068e-03 4.220202e-03 4.121815e-03 4.096187e-03
1.414158e+01 3.665204e-03 3.760316e-03 3.630582e-03 3.604713e-03
1.419358e+01 3.233457e-03 3.348168e-03 3.189880e-03 3.162322e-03
1.424558e+01 2.855126e-03 2.986686e-03 2.803207e-03 2.775484e-03
1.429758e+01 2.530916e-03 2.675980e-03 2.470544e-03 2.446225e-03
1.434958e+01 2.259006e-03 2.413885e-03 2.190006e-03 2.173126e-03
1.440158e+01 2.035237e-03 2.195756e-03 1.958174e-03 1.951781e-03
1.445358e+01 1.853178e-03 2.014492e-03 1.769899e-03 1.775142e-03
1.450558e+01 1.704620e-03 1.861337e-03 1.618335e-03 1.634188e-03
1.455758e+01 1.580631e-03 1.727347e-03 1.495513e-03 1.519032e-03
1.460958e+01 1.472844e-03 1.604969e-03 1.393283e-03 1.420278e-03
1.466158e+01 1.374547e-03 1.489127e-03 1.304272e-03 1.330243e-03
1.471358e+01 1.281262e-03 1.377490e-03 1.222564e-03 1.243732e-03
1.476558e+01 1.190760e-03 1.269993e-03 1.144069e-03 1.158218e-03
1.481758e+01 1.102686e-03 1.167917e-03 1.066645e-03 1.073497e-03
1.486958e+01 1.017994e-03 1.072959e-03 9.900496e-04 9.909742e-04
1.492158e+01 9.383539e-04 9.865663e-04 9.156958e-04 9.127995e-04
1.497358e+01 8.656175e-04 9.096502e-04 8.461466e-04 8.410557e-04
1.502558e+01 8.013930e-04 8.426213e-04 7.843602e-04 7.771976e-04
1.507758e+01 7.467637e-04 7.855763e-04 7.328520e-04 7.218630e-04
1.512958e+01 7.021861e-04 7.384836e-04 6.930229e-04 6.750517e-04
1.518158e+01 6.675496e-04 7.012578e-04 6.648606e-04 6.365303e-04
1.523358e+01 6.423339e-04 6.737030e-04 6.470683e-04 6.062303e-04
1.528558e+01 6.257716e-04 6.553719e-04 6.375074e-04 5.844356e-04
1.533758e+01 6.169495e-04 6.454239e-04 6.337473e-04 5.716771e-04
1.538958e+01 6.148331e-04 6.425649e-04 6.335331e-04 5.684013e-04
1.544158e+01 6.182551e-04 6.451123e-04 6.350762e-04 5.745770e-04
1.549358e+01 6.259215e-04 6.511850e-04 6.371685e-04 5.894110e-04
1.554558e+01 6.364721e-04 6.589632e-04 6.391732e-04 6.112797e-04
1.559758e+01 6.485874e-04 6.669330e-04 6.409428e-04 6.378864e-04
1.564958e+01 6.610921e-04 6.740268e-04 6.426793e-04 6.665701e-04
1.570158e+01 6.729980e-04 6.796084e-04 6.447351e-04 6.946504e-04
1.575358e+01 6.834651e-04 6.833184e-04 6.473747e-04 7.197022e-04
1.580558e+01 6.917193e-04 6.848736e-04 6.505629e-04 7.397215e-04
1.585758e+01 6.970190e-04 6.839538e-04 6.538850e-04 7.532183e-04
1.590958e+01 6.987567e-04 6.802764e-04 6.566742e-04 7.593194e-04
1.596158e+01 6.967038e-04 6.738540e-04 6.583291e-04 7.579282e-04
1.601358e+01 6.912902e-04 6.652925e-04 6.586848e-04 7.498933e-04
1.606558e+01 6.837319e-04 6.559134e-04 6.582361e-04 7.370463e-04
1.611758e+01 6.758521e-04 6.475370e-04 6.580548e-04 7.219646e-04
1.616958e+01 6.695828e-04 6.419308e-04 6.593910e-04 7.074265e-04
1.622158e+01 6.663245e-04 6.401407e-04 6.631245e-04 6.957081e-04
1.627358e+01 6.664572e-04 6.420343e-04 6.693361e-04 6.880013e-04
1.632558e+01 6.692596e-04 6.463264e-04 6.772304e-04 6.842221e-04
1.637758e+01 6.733056e-04 6.511328e-04 6.854704e-04 6.833137e-04
1.642958e+01 6.771707e-04 6.548278e-04 6.927729e-04 6.839114e-04
1.648158e+01 6.801178e-04 6.568110e-04 6.984787e-04 6.850636e-04
1.653358e+01 6.824437e-04 6.578217e-04 7.028257e-04 6.866837e-04
1.658558e+01 6.853321e-04 6.596500e-04 7.068009e-04 6.895456e-04
1.663758e+01 6.902893e-04 6.643731e-04 7.116471e-04 6.948477e-04
1.668958e+01 6.984182e-04 6.734540e-04 7.182470e-04 7.035534e-04
1.674158e+01 7.098470e-04 6.870861e-04 7.266532e-04 7.158017e-04
1.679358e+01 7.235644e-04 7.040580e-04 7.359803e-04 7.306549e-04
1.684558e+01 7.377701e-04 7.222121e-04 7.447600e-04 7.463383e-04
1.689758e+01 7.506691e-04 7.393500e-04 7.517066e-04 7.609508e-04
1.694958e+01 7.614769e-04 7.542930e-04 7.566861e-04 7.734515e-04
1.700158e+01 7.713127e-04 7.677557e-04 7.615822e-04 7.846002e-04
1.705358e+01 7.836821e-04 7.827757e-04 7.707501e-04 7.975205e-04
1.710558e+01 8.043869e-04 8.046110e-04 7.908754e-04 8.176743e-04
1.715758e+01 8.408903e-04 8.401894e-04 8.302503e-04 8.522311e-04
1.720958e+01 9.013077e-04 8.972848e-04 8.976411e-04 9.089973e-04
1.726158e+01 9.932370e-04 9.835754e-04 1.000972e-03 9.951638e-04
1.731358e+01 1.122585e-03 1.105632e-03 1.146005e-03 1.116118e-03
1.736558e+01 1.292466e-03 1.267802e-03 1.335111e-03 1.274483e-03
1.741758e+01 1.502186e-03 1.470940e-03 1.566196e-03 1.469420e-03
1.746958e+01 1.746348e-03 1.711053e-03 1.831848e-03 1.696145e-03
1.752158e+01 2.014185e-03 1.978111e-03 2.118855e-03 1.945588e-03
1.757358e+01 2.289387e-03 2.255525e-03 2.408344e-03 2.204292e-03
1.762558e+01 2.550860e-03 2.520891e-03 2.676856e-03 2.454833e-03
1.767758e+01 2.774826e-03 2.748520e-03 2.898727e-03 2.677230e-03
1.772958e+01 2.938396e-03 2.913715e-03 3.049867e-03 2.851605e-03
1.778158e+01 3.024135e-03 2.998035e-03 3.112519e-03 2.961850e-03
1.783358e+01 3.024402e-03 2.994036e-03 3.079835e-03 2.999335e-03
1.788558e+01 2.943953e-03 2.907807e-03 2.958679e-03 2.965374e-03
1.793758e+01 2.799594e-03 2.758149e-03 2.769290e-03 2.871343e-03
1.798958e+01 2.616690e-03 2.572440e-03 2.541420e-03 2.736209e-03
1.804158e+01 2.423527e-03 2.380424e-03 2.307944e-03 2.582214e-03
1.809358e+01 2.245297e-03 2.207901e-03 2.097904e-03 2.430086e-03
1.814558e+01 2.099501e-03 2.072166e-03 1.931124e-03 2.295212e-03
1.819758e+01 1.993855e-03 1.980203e-03 1.815710e-03 2.185654e-03
1.824958e+01 1.926784e-03 1.929541e-03 1.748649e-03 2.102163e-03
1.830158e+01 1.889792e-03 1.910892e-03 1.718714e-03 2.039771e-03
1.835358e+01 1.870699e-03 1.911391e-03 1.710467e-03 1.990240e-03
1.840558e+01 1.856829e-03 1.917563e-03 1.708274e-03 1.944652e-03
1.845758e+01 1.837581e-03 1.917612e-03 1.699539e-03 1.895591e-03
1.850958e+01 1.806090e-03 1.903013e-03 1.676720e-03 1.838538e-03
1.856158e+01 1.759911e-03 1.869459e-03 1.637928e-03 1.772345e-03
1.861358e+01 1.700689e-03 1.817121e-03 1.586156e-03 1.698792e-03
1.866558e+01 1.632982e-03 1.750042e-03 1.527414e-03 1.621490e-03
1.871758e+01 1.562495e-03 1.674647e-03 1.468354e-03 1.544484e-03
1.876958e+01 1.494246e-03 1.597661e-03 1.414070e-03 1.471006e-03
1.882158e+01 1.431185e-03 1.524101e-03 1.366712e-03 1.402743e-03
1.887358e+01 1.373696e-03 1.456051e-03 1.325258e-03 1.339779e-03
1.892558e+01 1.320046e-03 1.392666e-03 1.286376e-03 1.281096e-03
1.897758e+01 1.267515e-03 1.331276e-03 1.245934e-03 1.225335e-03
1.902958e+01 1.213680e-03 1.269029e-03 1.200564e-03 1.171446e-03
1.908158e+01 1.157350e-03 1.204312e-03 1.148739e-03 1.119001e-03
1.913358e+01 1.098904e-03 1.137434e-03 1.091114e-03 1.068163e-03
1.918558e+01 1.040070e-03 1.070481e-03 1.030217e-03 1.019512e-03
1.923758e+01 9.834516e-04 1.006621e-03 9.697774e-04 9.739566e-04
1.928958e+01 9.320572e-04 9.492895e-04 9.140539e-04 9.328281e-04
1.934158e+01 8.889816e-04 9.015779e-04 8.673130e-04 8.980538e-04
1.939358e+01 8.571600e-04 8.658719e-04 8.334534e-04 8.721547e-04
1.944558e+01 8.390429e-04 8.436500e-04 8.156212e-04 8.578574e-04
1.949758e+01 8.361235e-04 8.353283e-04 8.157215e-04 8.573209e-04
1.954958e+01 8.484333e-04 8.401676e-04 8.338956e-04 8.712366e-04
1.960158e+01 8.742567e-04 8.563632e-04 8.681901e-04 8.982168e-04
1.965358e+01 9.103011e-04 8.814226e-04 9.146604e-04 9.348203e-04
1.970558e+01 9.523784e-04 9.128004e-04 9.680185e-04 9.763162e-04
1.975758e+01 9.964344e-04 9.486091e-04 1.022717e-03 1.017977e-03
1.980958e+01 1.039623e-03 9.881818e-04 1.074196e-03 1.056492e-03
1.986158e+01 1.081126e-03 1.032343e-03 1.119977e-03 1.091058e-03
1.991358e+01 1.122508e-03 1.083361e-03 1.160322e-03 1.123842e-03
1.996558e+01 1.167514e-03 1.144591e-03 1.198280e-03 1.159671e-03
2.001758e+01 1.221230e-03 1.219771e-03 1.239019e-03 1.204900e-03
2.006958e+01 1.288642e-03 1.311893e-03 1.288448e-03 1.265584e-03
2.012158e+01 1.372740e-03 1.421676e-03 1.351330e-03 1.345215e-03
2.017358e+01 1.472620e-03 1.545969e-03 1.429291e-03 1.442601e-03
2.022558e+01 1.582271e-03 1.676752e-03 1.519372e-03 1.550688e-03
2.027758e+01 1.690763e-03 1.801475e-03 1.613730e-03 1.657085e-03
2.032958e+01 1.784207e-03 1.905180e-03 1.700858e-03 1.746584e-03
2.038158e+01 1.849134e-03 1.974085e-03 1.768165e-03 1.805154e-03
2.043358e+01 1.876292e-03 1.999567e-03 1.805205e-03 1.824104e-03
2.048558e+01 1.863467e-03 1.981034e-03 1.806507e-03 1.802861e-03
2.053758e+01 1.816252e-03 1.926469e-03 1.773037e-03 1.749251e-03
2.058958e+01 1.746424e-03 1.850297e-03 1.711788e-03 1.677187e-03
2.064158e+01 1.668584e-03 1.769351e-03 1.633688e-03 1.602712e-03
2.069358e+01 1.596302e-03 1.698412e-03 1.550616e-03 1.539878e-03
2.074558e+01 1.539094e-03 1.646894e-03 1.472557e-03 1.497832e-03
2.079758e+01 1.501065e-03 1.617619e-03 1.405801e-03 1.479774e-03
2.084958e+01 1.481336e-03 1.607714e-03 1.352600e-03 1.483695e-03
2.090158e+01 1.475760e-03 1.610905e-03 1.312134e-03 1.504240e-03
2.095358e+01 1.479068e-03 1.620145e-03 1.282178e-03 1.534880e-03
2.100558e+01 1.486652e-03 1.629621e-03 1.260671e-03 1.569663e-03
2.105758e+01 1.495447e-03 1.635652e-03 1.246547e-03 1.604142e-03
2.110958e+01 1.503816e-03 1.636491e-03 1.239580e-03 1.635376e-03
2.116158e+01 1.510726e-03 1.631439e-03 1.239485e-03 1.661253e-03
2.121358e+01 1.514769e-03 1.619873e-03 1.244838e-03 1.679596e-03
2.126558e+01 1.513569e-03 1.600672e-03 1.252471e-03 1.687565e-03
2.131758e+01 1.503896e-03 1.572275e-03 1.257707e-03 1.681706e-03
2.136958e+01 1.482445e-03 1.533244e-03 1.255409e-03 1.658682e-03
2.142158e+01 1.446916e-03 1.482999e-03 1.241378e-03 1.616372e-03
2.147358e+01 1.396911e-03 1.422338e-03 1.213533e-03 1.554862e-03
2.152558e+01 1.334256e-03 1.353500e-03 1.172403e-03 1.476863e-03
2.157758e+01 1.262652e-03 1.279780e-03 1.120815e-03 1.387360e-03
2.162958e+01 1.186817e-03 1.204869e-03 1.062980e-03 1.292601e-03
2.168158e+01 1.111462e-03 1.132190e-03 1.003380e-03 1.198816e-03
2.173358e+01 1.040468e-03 1.064443e-03 9.458514e-04 1.111110e-03
2.178558e+01 9.764849e-04 1.003477e-03 8.930743e-04 1.032903e-03
2.183758e+01 9.210055e-04 9.504637e-04 8.465293e-04 9.660235e-04
2.188958e+01 8.747794e-04 9.062590e-04 8.067910e-04 9.112880e-04
2.194158e+01 8.383284e-04 8.717678e-04 7.739830e-04 8.692342e-04
2.199358e+01 8.123161e-04 8.481230e-04 7.482131e-04 8.406124e-04
2.204558e+01 7.976019e-04 8.365557e-04 7.298504e-04 8.263997e-04
2.209758e+01 7.949474e-04 8.379608e-04 7.195642e-04 8.273171e-04
2.214958e+01 8.044896e-04 8.523021e-04 7.181092e-04 8.430576e-04
2.220158e+01 8.251883e-04 8.780915e-04 7.259111e-04 8.715622e-04
2.225358e+01 8.544739e-04 9.121654e-04 7.425810e-04 9.086754e-04
2.230558e+01 8.882624e-04 9.498784e-04 7.665327e-04 9.483760e-04
2.235758e+01 9.213852e-04 9.856886e-04 7.948735e-04 9.835935e-04
2.240958e+01 9.483643e-04 1.013998e-03 8.236625e-04 1.007433e-03
2.246158e+01 9.643608e-04 1.030067e-03 8.485061e-04 1.014509e-03
2.251358e+01 9.660842e-04 1.030845e-03 8.653405e-04 1.002067e-03
2.256558e+01 9.524561e-04 1.015585e-03 8.711894e-04 9.705934e-04
2.261758e+01 9.248764e-04 9.861406e-04 8.647110e-04 9.237776e-04
2.266958e+01 8.870248e-04 9.468285e-04 8.464262e-04 8.678198e-04
2.272158e+01 8.442262e-04 9.038136e-04 8.186104e-04 8.102545e-04
2.277358e+01 8.024989e-04 8.640313e-04 7.848951e-04 7.585703e-04
2.282558e+01 7.674760e-04 8.338412e-04 7.496554e-04 7.189312e-04
2.287758e+01 7.434160e-04 8.177170e-04 7.172825e-04 6.952484e-04
2.292958e+01 7.325076e-04 8.173188e-04 6.914640e-04 6.887401e-04
2.298158e+01 7.346108e-04 8.312095e-04 6.746147e-04 6.980083e-04
2.303358e+01 7.474838e-04 8.552950e-04 6.675901e-04 7.195664e-04
2.308558e+01 7.674354e-04 8.838601e-04 6.697592e-04 7.486869e-04
2.313758e+01 7.902326e-04 9.109067e-04 6.794039e-04 7.803871e-04
2.318958e+01 8.120198e-04 9.314271e-04 6.943036e-04 8.103286e-04
2.324158e+01 8.299927e-04 9.422749e-04 7.122873e-04 8.354158e-04
2.329358e+01 8.426426e-04 9.424309e-04 7.315503e-04 8.539466e-04
2.334558e+01 8.495369e-04 9.326543e-04 7.506401e-04 8.653163e-04
2.339758e+01 8.507810e-04 9.147161e-04 7.681771e-04 8.694496e-04
2.344958e+01 8.464408e-04 8.905482e-04 7.825209e-04 8.662532e-04
2.350158e+01 8.362223e-04 8.616472e-04 7.916435e-04 8.553763e-04
2.355358e+01 8.195765e-04 8.289354e-04 7.933812e-04 8.364131e-04
2.360558e+01 7.961819e-04 7.930539e-04 7.860388e-04 8.094531e-04
2.365758e+01 7.665526e-04 7.548610e-04 7.691042e-04 7.756927e-04
2.370958e+01 7.324420e-04 7.158299e-04 7.437260e-04 7.377702e-04
2.376158e+01 6.968040e-04 6.781207e-04 7.126805e-04 6.996109e-04
2.381358e+01 6.632884e-04 6.442876e-04 6.797879e-04 6.657896e-04
2.386558e+01 6.354687e-04 6.167695e-04 6.489980e-04 6.406385e-04
2.391758e+01 6.161130e-04 5.973967e-04 6.235128e-04 6.274293e-04
2.396958e+01 6.067619e-04 5.871074e-04 6.052721e-04 6.279063e-04
2.402158e+01 6.077128e-04 5.859351e-04 5.949267e-04 6.422765e-04
2.407358e+01 6.183209e-04 5.931987e-04 5.921980e-04 6.695661e-04
2.412558e+01 6.374197e-04 6.077619e-04 5.963826e-04 7.081145e-04
2.417758e+01 6.636579e-04 6.282524e-04 6.067643e-04 7.559571e-04
2.422958e+01 6.956503e-04 6.531971e-04 6.228043e-04 8.109495e-04
2.428158e+01 7.319432e-04 6.810903e-04 6.441115e-04 8.706278e-04
2.433358e+01 7.708780e-04 7.104175e-04 6.702743e-04 9.319420e-04
2.438558e+01 8.104500e-04 7.396439e-04 7.006460e-04 9.910601e-04
2.443758e+01 8.482503e-04 7.671684e-04 7.341474e-04 1.043435e-03
2.448958e+01 8.815523e-04 7.912791e-04 7.691279e-04 1.084250e-03
2.454158e+01 9.075883e-04 8.101914e-04 8.033401e-04 1.109234e-03
2.459358e+01 9.240167e-04 8.222523e-04 8.340999e-04 1.115698e-03
2.464558e+01 9.295055e-04 8.263205e-04 8.586920e-04 1.103504e-03
2.469758e+01 9.242669e-04 8.222133e-04 8.749862e-04 1.075601e-03
2.474958e+01 9.103312e-04 8.110224e-04 8.821025e-04 1.037869e-03
2.480158e+01 8.914006e-04 7.951336e-04 8.808702e-04 9.981981e-04
2.485358e+01 8.722849e-04 7.779215e-04 8.738559e-04 9.650774e-04
2.490558e+01 8.581064e-04 7.632698e-04 8.649073e-04 9.461422e-04
2.495758e+01 8.535664e-04 7.551492e-04 8.583834e-04 9.471666e-04
2.500958e+01 8.625047e-04 7.574191e-04 8.583969e-04 9.716981e-04
2.506158e+01 8.877826e-04 7.738217e-04 8.683752e-04 1.021151e-03
2.511358e+01 9.312967e-04 8.079435e-04 8.910595e-04 1.094887e-03
2.516558e+01 9.938442e-04 8.628566e-04 9.287998e-04 1.189876e-03
2.521758e+01 1.074674e-03 9.402852e-04 9.838032e-04 1.299932e-03
2.526958e+01 1.170823e-03 1.039435e-03 1.057965e-03 1.415069e-03
2.532158e+01 1.276607e-03 1.155926e-03 1.152081e-03 1.521812e-03
2.537358e+01 1.383689e-03 1.281420e-03 1.264590e-03 1.605056e-03
2.542558e+01 1.482004e-03 1.404385e-03 1.390326e-03 1.651299e-03
2.547758e+01 1.561434e-03 1.512039e-03 1.520009e-03 1.652253e-03
2.552958e+01 1.613794e-03 1.592969e-03 1.641028e-03 1.607386e-03
2.558158e+01 1.634496e-03 1.639581e-03 1.739644e-03 1.524265e-03
2.563358e+01 1.623354e-03 1.649525e-03 1.804038e-03 1.416499e-03
2.568558e+01 1.584314e-03 1.625646e-03 1.827184e-03 1.300111e-03
2.573758e+01 1.524268e-03 1.574646e-03 1.808462e-03 1.189696e-03
2.578958e+01 1.451392e-03 1.505067e-03 1.753445e-03 1.095664e-03
2.584158e+01 1.373539e-03 1.425386e-03 1.672054e-03 1.023176e-03
2.589358e+01 1.297098e-03 1.342735e-03 1.575894e-03 9.726649e-04
2.594558e+01 1.226494e-03 1.262387e-03 1.475763e-03 9.413312e-04
2.599758e+01 1.164248e-03 1.187823e-03 1.380029e-03 9.248921e-04
2.604958e+01 1.111381e-03 1.121068e-03 1.294047e-03 9.190292e-04
2.610158e+01 1.067899e-03 1.063075e-03 1.220361e-03 9.202600e-04
2.615358e+01 1.033183e-03 1.014058e-03 1.159290e-03 9.262000e-04
2.620558e+01 1.006231e-03 9.737514e-04 1.109593e-03 9.353469e-04
2.625758e+01 9.857764e-04 9.416389e-04 1.069079e-03 9.466114e-04
2.630958e+01 9.703768e-04 9.171145e-04 1.035172e-03 9.588443e-04
2.636158e+01 9.585335e-04 8.995824e-04 1.005439e-03 9.705791e-04
2.641358e+01 9.488868e-04 8.884955e-04 9.780560e-04 9.801089e-04
2.646558e+01 9.404579e-04 8.833660e-04 9.521341e-04 9.858737e-04
2.651758e+01 9.328676e-04 8.837724e-04 9.278411e-04 9.869893e-04
2.656958e+01 9.264298e-04 8.893509e-04 9.062767e-04 9.836617e-04
2.662158e+01 9.220330e-04 8.997247e-04 8.891198e-04 9.772544e-04
2.667358e+01 9.207901e-04 9.143400e-04 8.781194e-04 9.699110e-04
2.672558e+01 9.235383e-04 9.322381e-04 8.745473e-04 9.638293e-04
2.677758e+01 9.303589e-04 9.518714e-04 8.787502e-04 9.604550e-04
2.682958e+01 9.403094e-04 9.710890e-04 8.899211e-04 9.599181e-04
2.688158e+01 9.514894e-04 9.873696e-04 9.061528e-04 9.609458e-04
2.693358e+01 9.614386e-04 9.982686e-04 9.247549e-04 9.612924e-04
2.698558e+01 9.677387e-04 1.001954e-03 9.427463e-04 9.585156e-04
2.703758e+01 9.686255e-04 9.976665e-04 9.574006e-04 9.508095e-04
2.708958e+01 9.634383e-04 9.859727e-04 9.667301e-04 9.376122e-04
2.714158e+01 9.528022e-04 9.687485e-04 9.698298e-04 9.198283e-04
2.719358e+01 9.385318e-04 9.488981e-04 9.670359e-04 8.996613e-04
2.724558e+01 9.233058e-04 9.298687e-04 9.598813e-04 8.801672e-04
2.729758e+01 9.101929e-04 9.150554e-04 9.508411e-04 8.646822e-04
2.734958e+01 9.021193e-04 9.072209e-04 9.428878e-04 8.562492e-04
2.740158e+01 9.013684e-04 9.080633e-04 9.389142e-04 8.571277e-04
2.745358e+01 9.092022e-04 9.180359e-04 9.411361e-04 8.684345e-04
2.750558e+01 9.256707e-04 9.364480e-04 9.506154e-04 8.899487e-04
2.755758e+01 9.496358e-04 9.617746e-04 9.670275e-04 9.201054e-04
2.760958e+01 9.789809e-04 9.920319e-04 9.887280e-04 9.561829e-04
2.766158e+01 1.010939e-03 1.025072e-03 1.013085e-03 9.946600e-04
2.771358e+01 1.042466e-03 1.058734e-03 1.036974e-03 1.031689e-03
2.776558e+01 1.070608e-03 1.090891e-03 1.057319e-03 1.063614e-03
2.781758e+01 1.092842e-03 1.119509e-03 1.071563e-03 1.087453e-03
2.786958e+01 1.107359e-03 1.142795e-03 1.078017e-03 1.101264e-03
2.792158e+01 1.113270e-03 1.159438e-03 1.076035e-03 1.104336e-03
2.797358e+01 1.110671e-03 1.168842e-03 1.066007e-03 1.097163e-03
2.802558e+01 1.100538e-03 1.171224e-03 1.049171e-03 1.081218e-03
2.807758e+01 1.084461e-03 1.167502e-03 1.027300e-03 1.058581e-03
2.812958e+01 1.064304e-03 1.159026e-03 1.002333e-03 1.031551e-03
2.818158e+01 1.041879e-03 1.147263e-03 9.760494e-04 1.002323e-03
2.823358e+01 1.018739e-03 1.133553e-03 9.498529e-04 9.728123e-04
2.828558e+01 9.961044e-04 1.119006e-03 9.246971e-04 9.446102e-04
2.833758e+01 9.748905e-04 1.104525e-03 9.011224e-04 9.190244e-04
2.838958e+01 9.557960e-04 1.090879e-03 8.793663e-04 8.971425e-04
2.844158e+01 9.393988e-04 1.078801e-03 8.595060e-04 8.798897e-04
2.849358e+01 9.262492e-04 1.069054e-03 8.416168e-04 8.680764e-04
2.854558e+01 9.169501e-04 1.062475e-03 8.259469e-04 8.624288e-04
2.859758e+01 9.121983e-04 1.059928e-03 8.130948e-04 8.635720e-04
2.864958e+01 9.127404e-04 1.062160e-03 8.041446e-04 8.719164e-04
2.870158e+01 9.192083e-04 1.069521e-03 8.006760e-04 8.874282e-04
2.875358e+01 9.318430e-04 1.081625e-03 8.045651e-04 9.093387e-04
2.880558e+01 9.501863e-04 1.097084e-03 8.175538e-04 9.359216e-04
2.885758e+01 9.728652e-04 1.113441e-03 8.406631e-04 9.644909e-04
2.890958e+01 9.975858e-04 1.127423e-03 8.736275e-04 9.917070e-04
2.896158e+01 1.021386e-03 1.135452e-03 9.145591e-04 1.014146e-03
2.901358e+01 1.041090e-03 1.134324e-03 9.599924e-04 1.028955e-03
2.906558e+01 1.053845e-03 1.121827e-03 1.005335e-03 1.034373e-03
2.911758e+01 1.057563e-03 1.097151e-03 1.045613e-03 1.029926e-03
2.916958e+01 1.051194e-03 1.060988e-03 1.076318e-03 1.016277e-03
2.922158e+01 1.034775e-03 1.015342e-03 1.094145e-03 9.948382e-04
2.927358e+01 1.009318e-03 9.631464e-04 1.097475e-03 9.673312e-04
2.932558e+01 9.766037e-04 9.078191e-04 1.086513e-03 9.354794e-04
2.937758e+01 9.389510e-04 8.528442e-04 1.063106e-03 9.009033e-04
2.942958e+01 8.989735e-04 8.014481e-04 1.030299e-03 8.651738e-04
2.948158e+01 8.593351e-04 7.563667e-04 9.917434e-04 8.298954e-04
2.953358e+01 8.224854e-04 7.196814e-04 9.510811e-04 7.966938e-04
2.958558e+01 7.903877e-04 6.926930e-04 9.114220e-04 7.670481e-04
2.963758e+01 7.642751e-04 6.758161e-04 8.749976e-04 7.420116e-04
2.968958e+01 7.444939e-04 6.685080e-04 8.430340e-04 7.219398e-04
2.974158e+01 7.304909e-04 6.692729e-04 8.158375e-04 7.063625e-04
2.979358e+01 7.209739e-04 6.758007e-04 7.930419e-04 6.940792e-04
2.984558e+01 7.142243e-04 6.852744e-04 7.739299e-04 6.834687e-04
2.989758e+01 7.084877e-04 6.948201e-04 7.577322e-04 6.729108e-04
2.994958e+01 7.023360e-04 7.020022e-04 7.438262e-04 6.611795e-04
3.000158e+01 6.949022e-04 7.052196e-04 7.318012e-04 6.476859e-04
3.005358e+01 6.859314e-04 7.038761e-04 7.214039e-04 6.325141e-04
3.010558e+01 6.756553e-04 6.982732e-04 7.124160e-04 6.162767e-04
3.015758e+01 6.645575e-04 6.892816e-04 7.045264e-04 5.998646e-04
3.020958e+01 6.531229e-04 6.779252e-04 6.972551e-04 5.841884e-04
3.026158e+01 6.416586e-04 6.650358e-04 6.899599e-04 5.699802e-04
3.031358e+01 6.302359e-04 6.510866e-04 6.819269e-04 5.576942e-04
3.036558e+01 6.187493e-04 6.362277e-04 6.725141e-04 5.475062e-04
3.041758e+01 6.070539e-04 6.204690e-04 6.613017e-04 5.393910e-04
3.046958e+01 5.951203e-04 6.039100e-04 6.482077e-04 5.332431e-04
3.052158e+01 5.831607e-04 5.869288e-04 6.335503e-04 5.290029e-04
3.057358e+01 5.716922e-04 5.702691e-04 6.180612e-04 5.267464e-04
3.062558e+01 5.615237e-04 5.550099e-04 6.028575e-04 5.267037e-04
3.067758e+01 5.536586e-04 5.424266e-04 5.893605e-04 5.291887e-04
3.072958e+01 5.491187e-04 5.337690e-04 5.791361e-04 5.344509e-04
3.078158e+01 5.487100e-04 5.299923e-04 5.736420e-04 5.424958e-04
3.083358e+01 5.527828e-04 5.314932e-04 5.739134e-04 5.529417e-04
3.088558e+01 5.610547e-04 5.379135e-04 5.802748e-04 5.649759e-04
3.093758e+01 5.725675e-04 5.480827e-04 5.921855e-04 5.774343e-04
3.098958e+01 5.858061e-04 5.601478e-04 6.082929e-04 5.889777e-04
3.104158e+01 5.989582e-04 5.718935e-04 6.266825e-04 5.982987e-04
3.109358e+01 6.102379e-04 5.811860e-04 6.452367e-04 6.042911e-04
3.114558e+01 6.181796e-04 5.864157e-04 6.619756e-04 6.061473e-04
3.119758e+01 6.218241e-04 5.867963e-04 6.752859e-04 6.033901e-04
3.124958e+01 6.207674e-04 5.824232e-04 6.840076e-04 5.958714e-04
3.130158e+01 6.150897e-04 5.740811e-04 6.874226e-04 5.837654e-04
3.135358e+01 6.052177e-04 5.628847e-04 6.852136e-04 5.675549e-04
3.140558e+01 5.917767e-04 5.498930e-04 6.774464e-04 5.479908e-04
3.145758e+01 5.754714e-04 5.358273e-04 6.645819e-04 5.260050e-04
3.150958e+01 5.570087e-04 5.209686e-04 6.474751e-04 5.025824e-04
3.156158e+01 5.370561e-04 5.052369e-04 6.273087e-04 4.786229e-04
3.161358e+01 5.162242e-04 4.883959e-04 6.054339e-04 4.548428e-04
3.166558e+01 4.950646e-04 4.703005e-04 5.831433e-04 4.317499e-04
3.171758e+01 4.740813e-04 4.511037e-04 5.614458e-04 4.096944e-04
3.176958e+01 4.537504e-04 4.313609e-04 5.409260e-04 3.889644e-04
3.182158e+01 4.345350e-04 4.119981e-04 5.217358e-04 3.698713e-04
3.187358e+01 4.168808e-04 3.941513e-04 5.037119e-04 3.527793e-04
3.192558e+01 4.011815e-04 3.789201e-04 4.865605e-04 3.380639e-04
3.197758e+01 3.877204e-04 3.671065e-04 4.700363e-04 3.260183e-04
3.202958e+01 3.766095e-04 3.590180e-04 4.540570e-04 3.167535e-04
3.208158e+01 3.677558e-04 3.543923e-04 4.387372e-04 3.101380e-04
3.213358e+01 3.608743e-04 3.524655e-04 4.243562e-04 3.058013e-04
3.218558e+01 3.555505e-04 3.521584e-04 4.112923e-04 3.032008e-04
3.223758e+01 3.513365e-04 3.523265e-04 3.999534e-04 3.017294e-04
3.228958e+01 3.478530e-04 3.520060e-04 3.907172e-04 3.008358e-04
3.234158e+01 3.448708e-04 3.505940e-04 3.838860e-04 3.001325e-04
3.239358e+01 3.423507e-04 3.479290e-04 3.796537e-04 2.994694e-04
3.244558e+01 3.404359e-04 3.442647e-04 3.780847e-04 2.989583e-04
3.249758e+01 3.394004e-04 3.401610e-04 3.791063e-04 2.989339e-04
3.254958e+01 3.395684e-04 3.363323e-04 3.825147e-04 2.998581e-04
3.260158e+01 3.412256e-04 3.334978e-04 3.879929e-04 3.021859e-04
3.265358e+01 3.445437e-04 3.322635e-04 3.951353e-04 3.062325e-04
3.270558e+01 3.495313e-04 3.330430e-04 4.034713e-04 3.120796e-04
3.275758e+01 3.560109e-04 3.360095e-04 4.124810e-04 3.195421e-04
3.280958e+01 3.636161e-04 3.410597e-04 4.215994e-04 3.281892e-04
3.286158e+01 3.718005e-04 3.477897e-04 4.302132e-04 3.373986e-04
3.291358e+01 3.798640e-04 3.554980e-04 4.376692e-04 3.464249e-04
3.296558e+01 3.870130e-04 3.632454e-04 4.433186e-04 3.544750e-04
3.301758e+01 3.924668e-04 3.699915e-04 4.466090e-04 3.608001e-04
3.306958e+01 3.956030e-04 3.747934e-04 4.472115e-04 3.648039e-04
3.312158e+01 3.961006e-04 3.770114e-04 4.451341e-04 3.661562e-04
3.317358e+01 3.940270e-04 3.764457e-04 4.407571e-04 3.648783e-04
3.322558e+01 3.898226e-04 3.733464e-04 4.347537e-04 3.613676e-04
3.327758e+01 3.841780e-04 3.682871e-04 4.279094e-04 3.563376e-04
3.332958e+01 3.778470e-04 3.619549e-04 4.209097e-04 3.506763e-04
3.338158e+01 3.714593e-04 3.549419e-04 4.141831e-04 3.452529e-04
3.343358e+01 3.653978e-04 3.476169e-04 4.078566e-04 3.407199e-04
3.348558e+01 3.597669e-04 3.401122e-04 4.018198e-04 3.373688e-04
3.353758e+01 3.544466e-04 3.324085e-04 3.958506e-04 3.350806e-04
3.358958e+01 3.492005e-04 3.244684e-04 3.897409e-04 3.333920e-04
3.364158e+01 3.438042e-04 3.163648e-04 3.833891e-04 3.316587e-04
3.369358e+01 3.381642e-04 3.083660e-04 3.768550e-04 3.292716e-04
3.374558e+01 3.324059e-04 3.009636e-04 3.703900e-04 3.258642e-04
3.379758e+01 3.269095e-04 2.948380e-04 3.644390e-04 3.214513e-04
3.384958e+01 3.222751e-04 2.907676e-04 3.596017e-04 3.164561e-04
3.390158e+01 3.192136e-04 2.894900e-04 3.565357e-04 3.116150e-04
3.395358e+01 3.183847e-04 2.915419e-04 3.558206e-04 3.077918e-04
3.400558e+01 3.202398e-04 2.971208e-04 3.578333e-04 3.057651e-04
3.405758e+01 3.249320e-04 3.060215e-04 3.627016e-04 3.060729e-04
3.410958e+01 3.323413e-04 3.176805e-04 3.703734e-04 3.089700e-04
3.416158e+01 3.422027e-04 3.313245e-04 3.807794e-04 3.145043e-04
3.421358e+01 3.542747e-04 3.461703e-04 3.940017e-04 3.226521e-04
3.426558e+01 3.684565e-04 3.616020e-04 4.103425e-04 3.334249e-04
3.431758e+01 3.847860e-04 3.772588e-04 4.302199e-04 3.468792e-04
3.436958e+01 4.033105e-04 3.930058e-04 4.539032e-04 3.630224e-04
3.442158e+01 4.238900e-04 4.088100e-04 4.811886e-04 3.816715e-04
3.447358e+01 4.460296e-04 4.245767e-04 5.111669e-04 4.023452e-04
3.452558e+01 4.688269e-04 4.400169e-04 5.422133e-04 4.242504e-04
3.457758e+01 4.910701e-04 4.545997e-04 5.722394e-04 4.463713e-04
3.462958e+01 5.114595e-04 4.676180e-04 5.991350e-04 4.676256e-04
3.468158e+01 5.288736e-04 4.783454e-04 6.212404e-04 4.870349e-04
3.473358e+01 5.425899e-04 4.862262e-04 6.376780e-04 5.038654e-04
3.478558e+01 5.523908e-04 4.910205e-04 6.484402e-04 5.177117e-04
3.483758e+01 5.585336e-04 4.928455e-04 6.542423e-04 5.285130e-04
3.488958e+01 5.616167e-04 4.921062e-04 6.562408e-04 5.365032e-04
3.494158e+01 5.624145e-04 4.893690e-04 6.557566e-04 5.421178e-04
3.499358e+01 5.617523e-04 4.852540e-04 6.541056e-04 5.458973e-04
3.504558e+01 5.604661e-04 4.803996e-04 6.525640e-04 5.484347e-04
3.509758e+01 5.594327e-04 4.754928e-04 6.524188e-04 5.503867e-04
3.514958e+01 5.596167e-04 4.713049e-04 6.550181e-04 5.525270e-04
3.520158e+01 5.620657e-04 4.686634e-04 6.617513e-04 5.557825e-04
3.525358e+01 5.678252e-04 4.683383e-04 6.739429e-04 5.611943e-04
3.530558e+01 5.777943e-04 4.708887e-04 6.927034e-04 5.697907e-04
3.535758e+01 5.925933e-04 4.765557e-04 7.188084e-04 5.824158e-04
3.540958e+01 6.125091e-04 4.852801e-04 7.526539e-04 5.995933e-04
3.546158e+01 6.375447e-04 4.968584e-04 7.942802e-04 6.214954e-04
3.551358e+01 6.675434e-04 5.111856e-04 8.434024e-04 6.480422e-04
3.556558e+01 7.023223e-04 5.284865e-04 8.993825e-04 6.790980e-04
3.561758e+01 7.417507e-04 5.494377e-04 9.611277e-04 7.146866e-04
3.566958e+01 7.857383e-04 5.751146e-04 1.026976e-03 7.551240e-04
3.572158e+01 8.341379e-04 6.067528e-04 1.094680e-03 8.009808e-04
3.577358e+01 8.865903e-04 6.453675e-04 1.161567e-03 8.528365e-04
3.582558e+01 9.423599e-04 6.913290e-04 1.224877e-03 9.108736e-04
3.587758e+01 1.000214e-03 7.440250e-04 1.282170e-03 9.744460e-04
3.592958e+01 1.058398e-03 8.017324e-04 1.331653e-03 1.041809e-03
3.598158e+01 1.114751e-03 8.617692e-04 1.372320e-03 1.110165e-03
3.603358e+01 1.166950e-03 9.209008e-04 1.403895e-03 1.176056e-03
3.608558e+01 1.212857e-03 9.758921e-04 1.426672e-03 1.236007e-03
3.613758e+01 1.250870e-03 1.024048e-03 1.441366e-03 1.287195e-03
3.618958e+01 1.280192e-03 1.063608e-03 1.449048e-03 1.327919e-03
3.624158e+01 1.300941e-03 1.093909e-03 1.451163e-03 1.357751e-03
3.629358e+01 1.314073e-03 1.115337e-03 1.449541e-03 1.377340e-03
3.634558e+01 1.321133e-03 1.129100e-03 1.446280e-03 1.388019e-03
3.639758e+01 1.323900e-03 1.136919e-03 1.443435e-03 1.391345e-03
3.644958e+01 1.323992e-03 1.140705e-03 1.442536e-03 1.388733e-03
3.650158e+01 1.322520e-03 1.142281e-03 1.444062e-03 1.381218e-03
3.655358e+01 1.319869e-03 1.143156e-03 1.447083e-03 1.369367e-03
3.660558e+01 1.315639e-03 1.144360e-03 1.449260e-03 1.353299e-03
3.665758e+01 1.308783e-03 1.146317e-03 1.447250e-03 1.332783e-03
3.670958e+01 1.297873e-03 1.148759e-03 1.437466e-03 1.307394e-03
3.676158e+01 1.281446e-03 1.150714e-03 1.416924e-03 1.276700e-03
3.681358e+01 1.258342e-03 1.150614e-03 1.383946e-03 1.240465e-03
3.686558e+01 1.227969e-03 1.146563e-03 1.338505e-03 1.198838e-03
3.691758e+01 1.190470e-03 1.136753e-03 1.282158e-03 1.152499e-03
3.696958e+01 1.146770e-03 1.119921e-03 1.217652e-03 1.102737e-03
3.702158e+01 1.098503e-03 1.095731e-03 1.148359e-03 1.051418e-03
3.707358e+01 1.047822e-03 1.064929e-03 1.077710e-03 1.000825e-03
3.712558e+01 9.971157e-04 1.029219e-03 1.008770e-03 9.533581e-04
3.717758e+01 9.486837e-04 9.908936e-04 9.440029e-04 9.111547e-04
3.722958e+01 9.044405e-04 9.523534e-04 8.852397e-04 8.757283e-04
3.728158e+01 8.657264e-04 9.156650e-04 8.337597e-04 8.477545e-04
3.733358e+01 8.332659e-04 8.822782e-04 7.904292e-04 8.270905e-04
3.738558e+01 8.072710e-04 8.529545e-04 7.558269e-04 8.130315e-04
3.743758e+01 7.876468e-04 8.278907e-04 7.303391e-04 8.047106e-04
3.748958e+01 7.742324e-04 8.069733e-04 7.142333e-04 8.014907e-04
3.754158e+01 7.670036e-04 7.900822e-04 7.077221e-04 8.032065e-04
3.759358e+01 7.661791e-04 7.773532e-04 7.110031e-04 8.101808e-04
3.764558e+01 7.721943e-04 7.693193e-04 7.242382e-04 8.230253e-04
3.769758e+01 7.855426e-04 7.668846e-04 7.474389e-04 8.423044e-04
3.774958e+01 8.065275e-04 7.711376e-04 7.802700e-04 8.681749e-04
3.780158e+01 8.350100e-04 7.830726e-04 8.218458e-04 9.001115e-04
3.785358e+01 8.702514e-04 8.033188e-04 8.706285e-04 9.368069e-04
3.790558e+01 9.109260e-04 8.319681e-04 9.245176e-04 9.762923e-04
3.795758e+01 9.553144e-04 8.685387e-04 9.811386e-04 1.016266e-03
3.800958e+01 1.001607e-03 9.120496e-04 1.038227e-03 1.054544e-03
3.806158e+01 1.048190e-03 9.611466e-04 1.093939e-03 1.089486e-03
3.811358e+01 1.093804e-03 1.014224e-03 1.146941e-03 1.120247e-03
3.816558e+01 1.137498e-03 1.069516e-03 1.196223e-03 1.146755e-03
3.821758e+01 1.178451e-03 1.125163e-03 1.240746e-03 1.169442e-03
3.826958e+01 1.215748e-03 1.179271e-03 1.279109e-03 1.188864e-03
3.832158e+01 1.248256e-03 1.229955e-03 1.309435e-03 1.205378e-03
3.837358e+01 1.274655e-03 1.275375e-03 1.329576e-03 1.219014e-03
3.842558e+01 1.293614e-03 1.313747e-03 1.337548e-03 1.229547e-03
3.847758e+01 1.304029e-03 1.343365e-03 1.332060e-03 1.236663e-03
3.852958e+01 1.305220e-03 1.362657e-03 1.312915e-03 1.240086e-03
3.858158e+01 1.297038e-03 1.370341e-03 1.281181e-03 1.239592e-03
3.863358e+01 1.279892e-03 1.365662e-03 1.239078e-03 1.234934e-03
3.868558e+01 1.254717e-03 1.348694e-03 1.189654e-03 1.225803e-03
3.873758e+01 1.222943e-03 1.320588e-03 1.136326e-03 1.211914e-03
3.878958e+01 1.186430e-03 1.283651e-03 1.082406e-03 1.193232e-03
3.884158e+01 1.147362e-03 1.241177e-03 1.030683e-03 1.170225e-03
3.889358e+01 1.108049e-03 1.197005e-03 9.831636e-04 1.143978e-03
3.894558e+01 1.070651e-03 1.154898e-03 9.409835e-04 1.116071e-03
3.899758e+01 1.036883e-03 1.117889e-03 9.045210e-04 1.088238e-03
3.904958e+01 1.007787e-03 1.087779e-03 8.736386e-04 1.061945e-03
3.910158e+01 9.836661e-04 1.064936e-03 8.479694e-04 1.038093e-03
3.915358e+01 9.641932e-04 1.048462e-03 8.271440e-04 1.016973e-03
3.920558e+01 9.486823e-04 1.036657e-03 8.108969e-04 9.984934e-04
3.925758e+01 9.364222e-04 1.027645e-03 7.990539e-04 9.825676e-04
3.930958e+01 9.269765e-04 1.019960e-03 7.914610e-04 9.695083e-04
3.936158e+01 9.203642e-04 1.012909e-03 7.879348e-04 9.602484e-04
3.941358e+01 9.170701e-04 1.006636e-03 7.882794e-04 9.562952e-04
3.946558e+01 9.178806e-04 1.001885e-03 7.923512e-04 9.594052e-04
3.951758e+01 9.235841e-04 9.995869e-04 8.001020e-04 9.710635e-04
3.956958e+01 9.346192e-04 1.000394e-03 8.115305e-04 9.919334e-04
3.962158e+01 9.507779e-04 1.004344e-03 8.265180e-04 1.021472e-03
3.967358e+01 9.710694e-04 1.010737e-03 8.446037e-04 1.057867e-03
3.972558e+01 9.938016e-04 1.018266e-03 8.648027e-04 1.098337e-03
3.977758e+01 1.016864e-03 1.025335e-03 8.855754e-04 1.139683e-03
3.982958e+01 1.038118e-03 1.030469e-03 9.049943e-04 1.178892e-03
3.988158e+01 1.055761e-03 1.032658e-03 9.210702e-04 1.213554e-03
3.993358e+01 1.068544e-03 1.031530e-03 9.321267e-04 1.241974e-03
3.998558e+01 1.075811e-03 1.027326e-03 9.370976e-04 1.263009e-03
4.003758e+01 1.077383e-03 1.020678e-03 9.356693e-04 1.275800e-03
4.008958e+01 1.073395e-03 1.012330e-03 9.282691e-04 1.279587e-03
4.014158e+01 1.064195e-03 1.002881e-03 9.159607e-04 1.273745e-03
4.019358e+01 1.050333e-03 9.926664e-04 9.003153e-04 1.258016e-03
4.024558e+01 1.032632e-03 9.817974e-04 8.832821e-04 1.232817e-03
4.029758e+01 1.012255e-03 9.703141e-04 8.670274e-04 1.199425e-03
4.034958e+01 9.906652e-04 9.583708e-04 8.536937e-04 1.159931e-03
4.040158e+01 9.694539e-04 9.463536e-04 8.450697e-04 1.116938e-03
4.045358e+01 9.500660e-04 9.348704e-04 8.422262e-04 1.073101e-03
4.050558e+01 9.335033e-04 9.246161e-04 8.452281e-04 1.030666e-03
4.055758e+01 9.201199e-04 9.161751e-04 8.530325e-04 9.911522e-04
4.060958e+01 9.095807e-04 9.098471e-04 8.636346e-04 9.552604e-04
4.066158e+01 9.009938e-04 9.055694e-04 8.744398e-04 9.229722e-04
4.071358e+01 8.931660e-04 9.029541e-04 8.827657e-04 8.937783e-04
4.076558e+01 8.848896e-04 9.014054e-04 8.863362e-04 8.669273e-04
4.081758e+01 8.751744e-04 9.002529e-04 8.836426e-04 8.416278e-04
4.086958e+01 8.633734e-04 8.988469e-04 8.740964e-04 8.171769e-04
4.092158e+01 8.492027e-04 8.966025e-04 8.579734e-04 7.930321e-04
4.097358e+01 8.326911e-04 8.930116e-04 8.362092e-04 7.688526e-04
4.102558e+01 8.141070e-04 8.876585e-04 8.101354e-04 7.445271e-04
4.107758e+01 7.938965e-04 8.802594e-04 7.812395e-04 7.201905e-04
4.112958e+01 7.726474e-04 8.707222e-04 7.510009e-04 6.962192e-04
4.118158e+01 7.510783e-04 8.592118e-04 7.208230e-04 6.732002e-04
4.123358e+01 7.300439e-04 8.462060e-04 6.920481e-04 6.518775e-04
4.128558e+01 7.105406e-04 8.325266e-04 6.660160e-04 6.330793e-04
4.133758e+01 6.936892e-04 8.193261e-04 6.441112e-04 6.176304e-04
4.138958e+01 6.806584e-04 8.079951e-04 6.277346e-04 6.062454e-04
4.144158e+01 6.725088e-04 7.999570e-04 6.181608e-04 5.994086e-04
4.149358e+01 6.699681e-04 7.963576e-04 6.162873e-04 5.972594e-04
4.154558e+01 6.731982e-04 7.977237e-04 6.223487e-04 5.995221e-04
4.159758e+01 6.816496e-04 8.037219e-04 6.357097e-04 6.055171e-04
4.164958e+01 6.940920e-04 8.131498e-04 6.548531e-04 6.142732e-04
4.170158e+01 7.088476e-04 8.242090e-04 6.776151e-04 6.247187e-04
4.175358e+01 7.241722e-04 8.349893e-04 7.016288e-04 6.358985e-04
4.180558e+01 7.386605e-04 8.439880e-04 7.248446e-04 6.471488e-04
4.185758e+01 7.515384e-04 8.504726e-04 7.459556e-04 6.581870e-04
4.190958e+01 7.627558e-04 8.545698e-04 7.645863e-04 6.691114e-04
4.196158e+01 7.728752e-04 8.570881e-04 7.811940e-04 6.803437e-04
4.201358e+01 7.828289e-04 8.591860e-04 7.967413e-04 6.925593e-04
4.206558e+01 7.936467e-04 8.620330e-04 8.122767e-04 7.066303e-04
4.211758e+01 8.062379e-04 8.665709e-04 8.285741e-04 7.235689e-04
4.216958e+01 8.212584e-04 8.734084e-04 8.459336e-04 7.444332e-04
4.222158e+01 8.390437e-04 8.828101e-04 8.641608e-04 7.701601e-04
4.227358e+01 8.595701e-04 8.947152e-04 8.826716e-04 8.013234e-04
4.232558e+01 8.824184e-04 9.087419e-04 9.006414e-04 8.378720e-04
4.237758e+01 9.067545e-04 9.241819e-04 9.171392e-04 8.789426e-04
4.242958e+01 9.313670e-04 9.400258e-04 9.312251e-04 9.228501e-04
4.248158e+01 9.548041e-04 9.550735e-04 9.420286e-04 9.673102e-04
4.253358e+01 9.756118e-04 9.681404e-04 9.488300e-04 1.009865e-03
4.258558e+01 9.926214e-04 9.783200e-04 9.511481e-04 1.048396e-03
4.263758e+01 1.005192e-03 9.852102e-04 9.488163e-04 1.081550e-03
4.268958e+01 1.013318e-03 9.890098e-04 9.420149e-04 1.108930e-03
4.274158e+01 1.017559e-03 9.904357e-04 9.312422e-04 1.130998e-03
4.279358e+01 1.018814e-03 9.904870e-04 9.172293e-04 1.148726e-03
4.284558e+01 1.018047e-03 9.901459e-04 9.008235e-04 1.163170e-03
4.289758e+01 1.016038e-03 9.901248e-04 8.828752e-04 1.175113e-03
4.294958e+01 1.013263e-03 9.907427e-04 8.641521e-04 1.184894e-03
4.300158e+01 1.009897e-03 9.919509e-04 8.452943e-04 1.192447e-03
4.305358e+01 1.005911e-03 9.934707e-04 8.268084e-04 1.197454e-03
4.310558e+01 1.001198e-03 9.949733e-04 8.090927e-04 1.199528e-03
4.315758e+01 9.956868e-04 9.962378e-04 7.924800e-04 1.198343e-03
4.320958e+01 9.894034e-04 9.972411e-04 7.772860e-04 1.193683e-03
4.326158e+01 9.824945e-04 9.981680e-04 7.638508e-04 1.185465e-03
4.331358e+01 9.752234e-04 9.993489e-04 7.525641e-04 1.173757e-03
4.336558e+01 9.679470e-04 1.001151e-03 7.438636e-04 1.158826e-03
4.341758e+01 9.610756e-04 1.003856e-03 7.381963e-04 1.141175e-03
4.346958e+01 9.550087e-04 1.007565e-03 7.359367e-04 1.121525e-03
4.352158e+01 9.500507e-04 1.012169e-03 7.372655e-04 1.100717e-03
4.357358e+01 9.463246e-04 1.017397e-03 7.420385e-04 1.079539e-03
4.362558e+01 9.437131e-04 1.022919e-03 7.496882e-04 1.058532e-03
4.367758e+01 9.418491e-04 1.028471e-03 7.592065e-04 1.037870e-03
4.372958e+01 9.401634e-04 1.033906e-03 7.692356e-04 1.017349e-03
4.378158e+01 9.379691e-04 1.039158e-03 7.782532e-04 9.964966e-04
4.383358e+01 9.345504e-04 1.044091e-03 7.848021e-04 9.747579e-04
4.388558e+01 9.292311e-04 1.048314e-03 7.877044e-04 9.516752e-04
4.393758e+01 9.214148e-04 1.051027e-03 7.862078e-04 9.270091e-04
4.398958e+01 9.106130e-04 1.051021e-03 7.800449e-04 9.007733e-04
4.404158e+01 8.964809e-04 1.046827e-03 7.694096e-04 8.732059e-04
4.409358e+01 8.788715e-04 1.037030e-03 7.548679e-04 8.447167e-04
4.414558e+01 8.578956e-04 1.020618e-03 7.372246e-04 8.158444e-04
4.419758e+01 8.339568e-04 9.972743e-04 7.173693e-04 7.872268e-04
4.424958e+01 8.077330e-04 9.675027e-04 6.961316e-04 7.595646e-04
4.430158e+01 7.800920e-04 9.325441e-04 6.741783e-04 7.335537e-04
4.435358e+01 7.519616e-04 8.941294e-04 6.519718e-04 7.097835e-04
4.440558e+01 7.241934e-04 8.541576e-04 6.297920e-04 6.886306e-04
4.445758e+01 6.974687e-04 8.144124e-04 6.078007e-04 6.701929e-04
4.450958e+01 6.722697e-04 7.763901e-04 5.861212e-04 6.542977e-04
4.456158e+01 6.489123e-04 7.412456e-04 5.649059e-04 6.405855e-04
4.461358e+01 6.276028e-04 7.098024e-04 5.443757e-04 6.286305e-04
4.466558e+01 6.084741e-04 6.825510e-04 5.248252e-04 6.180461e-04
4.471758e+01 5.915725e-04 6.595964e-04 5.065913e-04 6.085297e-04
4.476958e+01 5.767993e-04 6.405735e-04 4.899926e-04 5.998319e-04
4.482158e+01 5.638433e-04 6.246043e-04 4.752569e-04 5.916688e-04
4.487358e+01 5.521493e-04 6.103696e-04 4.624581e-04 5.836203e-04
4.492558e+01 5.409584e-04 5.963232e-04 4.514873e-04 5.750646e-04
4.497758e+01 5.294213e-04 5.810046e-04 4.420688e-04 5.651906e-04
4.502958e+01 5.167571e-04 5.633499e-04 4.338168e-04 5.531046e-04
4.508158e+01 5.024082e-04 5.428986e-04 4.263135e-04 5.380124e-04
4.513358e+01 4.861461e-04 5.198280e-04 4.191863e-04 5.194240e-04
4.518558e+01 4.681019e-04 4.948222e-04 4.121683e-04 4.973152e-04
4.523758e+01 4.487219e-04 4.688388e-04 4.051377e-04 4.721893e-04
4.528958e+01 4.286738e-04 4.428649e-04 3.981381e-04 4.450183e-04
4.534158e+01 4.087371e-04 4.177426e-04 3.913831e-04 4.170856e-04
4.539358e+01 3.897057e-04 3.941001e-04 3.852391e-04 3.897779e-04
4.544558e+01 3.723126e-04 3.723744e-04 3.801810e-04 3.643826e-04
4.549758e+01 3.571761e-04 3.528803e-04 3.767158e-04 3.419322e-04
4.554958e+01 3.447586e-04 3.358737e-04 3.752873e-04 3.231149e-04
4.560158e+01 3.353368e-04 3.215759e-04 3.761849e-04 3.082497e-04
4.565358e+01 3.289847e-04 3.101561e-04 3.794839e-04 2.973141e-04
4.570558e+01 3.255752e-04 3.016915e-04 3.850282e-04 2.900058e-04
4.575758e+01 3.247997e-04 2.961271e-04 3.924491e-04 2.858229e-04
4.580958e+01 3.261999e-04 2.932533e-04 4.012012e-04 2.841450e-04
4.586158e+01 3.292037e-04 2.927040e-04 4.106023e-04 2.843048e-04
4.591358e+01 3.331649e-04 2.939697e-04 4.198803e-04 2.856447e-04
4.596558e+01 3.374073e-04 2.964230e-04 4.282414e-04 2.875574e-04
4.601758e+01 3.412790e-04 2.993565e-04 4.349660e-04 2.895146e-04
4.606958e+01 3.442125e-04 3.020376e-04 4.395134e-04 2.910865e-04
4.612158e+01 3.457763e-04 3.037808e-04 4.415961e-04 2.919519e-04
4.617358e+01 3.457027e-04 3.040297e-04 4.411802e-04 2.918982e-04
4.622558e+01 3.438817e-04 3.024328e-04 4.383998e-04 2.908124e-04
4.627758e+01 3.403265e-04 2.988938e-04 4.334174e-04 2.886683e-04
4.632958e+01 3.351351e-04 2.935828e-04 4.262981e-04 2.855243e-04
4.638158e+01 3.284710e-04 2.869062e-04 4.169703e-04 2.815365e-04
4.643358e+01 3.205797e-04 2.794403e-04 4.053098e-04 2.769889e-04
4.648558e+01 3.118286e-04 2.718444e-04 3.913219e-04 2.723194e-04
4.653758e+01 3.027438e-04 2.647698e-04 3.753437e-04 2.681178e-04
4.658958e+01 2.940078e-04 2.587836e-04 3.581700e-04 2.650698e-04
4.664158e+01 2.864010e-04 2.543252e-04 3.410305e-04 2.638474e-04
4.669358e+01 2.806943e-04 2.517017e-04 3.254104e-04 2.649709e-04
4.674558e+01 2.775263e-04 2.511144e-04 3.127716e-04 2.686930e-04
4.679758e+01 2.773042e-04 2.526977e-04 3.042656e-04 2.749492e-04
4.684958e+01 2.801569e-04 2.565443e-04 3.005280e-04 2.833985e-04
4.690158e+01 2.859480e-04 2.627014e-04 3.016052e-04 2.935375e-04
4.695358e+01 2.943368e-04 2.711433e-04 3.070168e-04 3.048505e-04
4.700558e+01 3.048706e-04 2.817431e-04 3.159206e-04 3.169481e-04
4.705758e+01 3.170875e-04 2.942707e-04 3.273290e-04 3.296627e-04
4.710958e+01 3.306131e-04 3.084322e-04 3.403250e-04 3.430820e-04
4.716158e+01 3.452276e-04 3.239414e-04 3.542277e-04 3.575136e-04
4.721358e+01 3.608818e-04 3.405926e-04 3.686709e-04 3.733817e-04
4.726558e+01 3.776474e-04 3.582971e-04 3.835748e-04 3.910702e-04
4.731758e+01 3.956100e-04 3.770587e-04 3.990227e-04 4.107487e-04
4.736958e+01 4.147404e-04 3.968906e-04 4.150886e-04 4.322419e-04
4.742158e+01 4.347952e-04 4.177032e-04 4.316846e-04 4.549979e-04
4.747358e+01 4.552956e-04 4.392061e-04 4.484938e-04 4.781869e-04
4.752558e+01 4.755961e-04 4.608683e-04 4.650192e-04 5.009010e-04
4.757758e+01 4.950217e-04 4.819570e-04 4.807285e-04 5.223796e-04
4.762958e+01 5.130156e-04 5.016457e-04 4.952306e-04 5.421707e-04
4.768158e+01 5.292420e-04 5.191608e-04 5.084009e-04 5.601645e-04
4.773358e+01 5.436065e-04 5.339214e-04 5.203998e-04 5.764983e-04
4.778558e+01 5.561984e-04 5.456397e-04 5.315710e-04 5.913847e-04
4.783758e+01 5.671897e-04 5.543654e-04 5.422644e-04 6.049392e-04
4.788958e+01 5.767340e-04 5.604745e-04 5.526549e-04 6.170726e-04
4.794158e+01 5.849043e-04 5.646065e-04 5.626297e-04 6.274766e-04
4.799358e+01 5.916788e-04 5.675527e-04 5.717885e-04 6.356952e-04
4.804558e+01 5.969691e-04 5.701010e-04 5.795580e-04 6.412482e-04
4.809758e+01 6.006695e-04 5.728639e-04 5.853813e-04 6.437635e-04
4.814958e+01 6.027117e-04 5.761363e-04 5.889200e-04 6.430787e-04
4.820158e+01 6.031093e-04 5.798429e-04 5.902009e-04 6.392840e-04
4.825358e+01 6.019866e-04 5.836098e-04 5.896549e-04 6.326950e-04
4.830558e+01 5.995800e-04 5.869399e-04 5.880330e-04 6.237670e-04
4.835758e+01 5.962085e-04 5.894171e-04 5.862239e-04 6.129846e-04
4.840958e+01 5.922134e-04 5.908424e-04 5.850315e-04 6.007662e-04
4.846158e+01 5.878818e-04 5.912453e-04 5.849822e-04 5.874179e-04
4.851358e+01 5.833813e-04 5.907833e-04 5.862132e-04 5.731474e-04
4.856558e+01 5.787277e-04 5.896031e-04 5.884611e-04 5.581188e-04
4.861758e+01 5.737974e-04 5.877481e-04 5.911293e-04 5.425148e-04
4.866958e+01 5.683740e-04 5.851510e-04 5.933976e-04 5.265734e-04
4.872158e+01 5.622025e-04 5.816919e-04 5.943329e-04 5.105826e-04
4.877358e+01 5.550297e-04 5.772655e-04 5.929848e-04 4.948390e-04
4.882558e+01 5.466242e-04 5.718145e-04 5.884696e-04 4.795883e-04
4.887758e+01 5.367850e-04 5.653233e-04 5.800604e-04 4.649713e-04
4.892958e+01 5.253603e-04 5.577958e-04 5.672925e-04 4.509927e-04
4.898158e+01 5.122811e-04 5.492439e-04 5.500739e-04 4.375255e-04
4.903358e+01 4.976015e-04 5.396862e-04 5.287656e-04 4.243527e-04
4.908558e+01 4.815241e-04 5.291415e-04 5.041912e-04 4.112396e-04
4.913758e+01 4.643901e-04 5.176039e-04 4.775458e-04 3.980207e-04
4.918958e+01 4.466358e-04 5.050156e-04 4.502154e-04 3.846765e-04
4.924158e+01 4.287318e-04 4.912700e-04 4.235489e-04 3.713765e-04
4.929358e+01 4.111317e-04 4.762734e-04 3.986517e-04 3.584700e-04
4.934558e+01 3.942467e-04 4.600555e-04 3.762615e-04 3.464231e-04
4.939758e+01 3.784440e-04 4.428821e-04 3.567364e-04 3.357135e-04
4.944958e+01 3.640523e-04 4.253035e-04 3.401395e-04 3.267138e-04
4.950158e+01 3.513577e-04 4.081015e-04 3.263707e-04 3.196010e-04
4.955358e+01 3.405843e-04 3.921443e-04 3.152854e-04 3.143233e-04
4.960558e+01 3.318669e-04 3.782032e-04 3.067596e-04 3.106380e-04
4.965758e+01 3.252346e-04 3.668048e-04 3.006938e-04 3.082053e-04
4.970958e+01 3.206168e-04 3.581678e-04 2.969811e-04 3.067016e-04
4.976158e+01 3.178729e-04 3.522355e-04 2.954737e-04 3.059096e-04
4.981358e+01 3.168334e-04 3.487741e-04 2.959714e-04 3.057547e-04
4.986558e+01 3.173343e-04 3.474871e-04 2.982335e-04 3.062823e-04
4.991758e+01 3.192316e-04 3.481017e-04 3.019976e-04 3.075956e-04
4.996958e+01 3.223903e-04 3.504011e-04 3.069863e-04 3.097833e-04
5.002158e+01 3.266556e-04 3.542048e-04 3.128980e-04 3.128640e-04
5.007358e+01 3.318228e-04 3.593143e-04 3.193914e-04 3.167626e-04
5.012558e+01 3.376190e-04 3.654554e-04 3.260848e-04 3.213167e-04
5.017758e+01 3.437124e-04 3.722430e-04 3.325846e-04 3.263097e-04
5.022958e+01 3.497491e-04 3.791824e-04 3.385449e-04 3.315201e-04
5.028158e+01 3.554074e-04 3.857079e-04 3.437380e-04 3.367763e-04
5.033358e+01 3.604503e-04 3.912448e-04 3.481072e-04 3.419990e-04
5.038558e+01 3.647563e-04 3.952813e-04 3.517761e-04 3.472114e-04
5.043758e+01 3.683129e-04 3.974354e-04 3.549998e-04 3.525034e-04
5.048958e+01 3.711776e-04 3.975067e-04 3.580718e-04 3.579543e-04
5.054158e+01 3.734199e-04 3.955064e-04 3.612120e-04 3.635413e-04
5.059358e+01 3.750702e-04 3.916581e-04 3.644775e-04 3.690751e-04
5.064558e+01 3.760996e-04 3.863724e-04 3.677254e-04 3.742009e-04
5.069758e+01 3.764400e-04 3.802000e-04 3.706426e-04 3.784773e-04
5.074958e+01 3.760400e-04 3.737770e-04 3.728309e-04 3.815122e-04
5.080158e+01 3.749306e-04 3.677685e-04 3.739177e-04 3.831055e-04
5.085358e+01 3.732682e-04 3.628125e-04 3.736556e-04 3.833365e-04
5.090558e+01 3.713309e-04 3.594590e-04 3.719815e-04 3.825521e-04
5.095758e+01 3.694607e-04 3.581006e-04 3.690269e-04 3.812546e-04
5.100958e+01 3.679725e-04 3.589014e-04 3.650863e-04 3.799299e-04
5.106158e+01 3.670641e-04 3.617421e-04 3.605618e-04 3.788884e-04
5.111358e+01 3.667638e-04 3.662044e-04 3.559005e-04 3.781864e-04
5.116558e+01 3.669349e-04 3.716153e-04 3.515319e-04 3.776575e-04
5.121758e+01 3.673338e-04 3.771561e-04 3.478117e-04 3.770338e-04
5.126958e+01 3.677000e-04 3.820247e-04 3.449767e-04 3.760986e-04
5.132158e+01 3.678453e-04 3.856134e-04 3.431200e-04 3.748025e-04
5.137358e+01 3.677134e-04 3.876506e-04 3.421923e-04 3.732973e-04
5.142558e+01 3.673886e-04 3.882547e-04 3.420313e-04 3.718798e-04
5.147758e+01 3.670499e-04 3.878703e-04 3.424064e-04 3.708730e-04
5.152958e+01 3.668844e-04 3.870972e-04 3.430639e-04 3.704919e-04
5.158158e+01 3.669895e-04 3.864693e-04 3.437582e-04 3.707409e-04
5.163358e+01 3.673031e-04 3.862641e-04 3.442667e-04 3.713786e-04
5.168558e+01 3.675931e-04 3.864171e-04 3.443986e-04 3.719636e-04
5.173758e+01 3.675159e-04 3.865681e-04 3.440094e-04 3.719702e-04
5.178958e+01 3.667281e-04 3.862177e-04 3.430286e-04 3.709379e-04
5.184158e+01 3.650103e-04 3.849271e-04 3.414943e-04 3.686096e-04
5.189358e+01 3.623606e-04 3.824902e-04 3.395776e-04 3.650142e-04
5.194558e+01 3.590242e-04 3.790263e-04 3.375759e-04 3.604703e-04
5.199758e+01 3.554554e-04 3.749792e-04 3.358678e-04 3.555192e-04
5.204958e+01 3.522275e-04 3.710340e-04 3.348357e-04 3.508129e-04
5.210158e+01 3.499199e-04 3.679833e-04 3.347807e-04 3.469956e-04
5.215358e+01 3.490112e-04 3.665740e-04 3.358552e-04 3.446043e-04
5.220558e+01 3.498015e-04 3.673656e-04 3.380380e-04 3.440011e-04
5.225758e+01 3.523735e-04 3.706280e-04 3.411524e-04 3.453402e-04
5.230958e+01 3.565950e-04 3.762971e-04 3.449221e-04 3.485657e-04
5.236158e+01 3.621593e-04 3.839948e-04 3.490419e-04 3.534411e-04
5.241358e+01 3.686526e-04 3.931058e-04 3.532462e-04 3.596058e-04
5.246558e+01 3.756349e-04 4.028927e-04 3.573621e-04 3.666500e-04
5.251758e+01 3.827168e-04 4.126246e-04 3.613371e-04 3.741886e-04
5.256958e+01 3.896160e-04 4.216952e-04 3.652416e-04 3.819112e-04
5.262158e+01 3.961808e-04 4.297066e-04 3.692411e-04 3.895946e-04
5.267358e+01 4.023739e-04 4.365004e-04 3.735439e-04 3.970773e-04
5.272558e+01 4.082268e-04 4.421286e-04 3.783327e-04 4.042192e-04
5.277758e+01 4.137826e-04 4.467747e-04 3.836971e-04 4.108761e-04
5.282958e+01 4.190510e-04 4.506556e-04 3.895856e-04 4.169117e-04
5.288158e+01 4.239927e-04 4.539416e-04 3.957893e-04 4.222472e-04
5.293358e+01 4.285338e-04 4.567225e-04 4.019611e-04 4.269177e-04
5.298558e+01 4.325927e-04 4.590193e-04 4.076639e-04 4.310950e-04
5.303758e+01 4.361002e-04 4.608176e-04 4.124360e-04 4.350470e-04
5.308958e+01 4.389972e-04 4.620895e-04 4.158631e-04 4.390389e-04
5.314158e+01 4.412169e-04 4.627890e-04 4.176436e-04 4.432181e-04
5.319358e+01 4.426710e-04 4.628358e-04 4.176412e-04 4.475361e-04
5.324558e+01 4.432602e-04 4.621162e-04 4.159148e-04 4.517496e-04
5.329758e+01 4.429185e-04 4.605283e-04 4.127255e-04 4.555016e-04
5.334958e+01 4.416772e-04 4.580626e-04 4.085179e-04 4.584511e-04
5.340158e+01 4.397182e-04 4.548790e-04 4.038760e-04 4.603996e-04
5.345358e+01 4.373863e-04 4.513289e-04 3.994587e-04 4.613713e-04
5.350558e+01 4.351448e-04 4.478913e-04 3.959180e-04 4.616250e-04
5.355758e+01 4.334851e-04 4.450375e-04 3.938139e-04 4.616039e-04
5.360958e+01 4.328206e-04 4.430791e-04 3.935395e-04 4.618431e-04
5.366158e+01 4.334019e-04 4.420706e-04 3.952707e-04 4.628643e-04
5.371358e+01 4.352794e-04 4.418109e-04 3.989462e-04 4.650810e-04
5.376558e+01 4.383162e-04 4.419419e-04 4.042748e-04 4.687319e-04
5.381758e+01 4.422349e-04 4.420923e-04 4.107649e-04 4.738475e-04
5.386958e+01 4.466763e-04 4.420006e-04 4.177759e-04 4.802523e-04
5.392158e+01 4.512536e-04 4.415670e-04 4.245974e-04 4.875964e-04
5.397358e+01 4.555980e-04 4.408243e-04 4.305602e-04 4.954094e-04
5.402558e+01 4.593985e-04 4.398611e-04 4.351669e-04 5.031675e-04
5.407758e+01 4.624366e-04 4.387411e-04 4.382068e-04 5.103618e-04
5.412958e+01 4.646056e-04 4.374564e-04 4.398069e-04 5.165534e-04
5.418158e+01 4.659028e-04 4.359256e-04 4.403808e-04 5.214019e-04
5.423358e+01 4.663881e-04 4.340242e-04 4.404739e-04 5.246661e-04
5.428558e+01 4.661193e-04 4.316209e-04 4.405506e-04 5.261864e-04
5.433758e+01 4.650919e-04 4.286022e-04 4.408022e-04 5.258712e-04
5.438958e+01 4.632125e-04 4.248784e-04 4.410564e-04 5.237028e-04
5.444158e+01 4.603212e-04 4.203799e-04 4.408255e-04 5.197583e-04
5.449358e+01 4.562501e-04 4.150557e-04 4.394759e-04 5.142188e-04
5.454558e+01 4.508873e-04 4.088804e-04 4.364475e-04 5.073341e-04
5.459758e+01 4.442126e-04 4.018699e-04 4.314351e-04 4.993330e-04
5.464958e+01 4.362904e-04 3.940940e-04 4.244675e-04 4.903098e-04
5.470158e+01 4.272327e-04 3.856801e-04 4.158723e-04 4.801456e-04
5.475358e+01 4.171626e-04 3.768053e-04 4.061596e-04 4.685228e-04
5.480558e+01 4.062065e-04 3.676812e-04 3.958873e-04 4.550509e-04
5.485758e+01 3.945211e-04 3.585390e-04 3.855578e-04 4.394665e-04
5.490958e+01 3.823386e-04 3.496144e-04 3.755728e-04 4.218288e-04
5.496158e+01 3.699984e-04 3.411311e-04 3.662374e-04 4.026266e-04
5.501358e+01 3.579402e-04 3.332789e-04 3.577904e-04 3.827513e-04
5.506558e+01 3.466537e-04 3.261891e-04 3.504310e-04 3.633411e-04
5.511758e+01 3.365993e-04 3.199142e-04 3.443289e-04 3.455547e-04
5.516958e+01 3.281284e-04 3.144225e-04 3.396119e-04 3.303508e-04
5.522158e+01 3.214303e-04 3.096146e-04 3.363391e-04 3.183372e-04
5.527358e+01 3.165169e-04 3.053594e-04 3.344711e-04 3.097203e-04
5.532558e+01 3.132461e-04 3.015438e-04 3.338509e-04 3.043437e-04
5.537758e+01 3.113710e-04 2.981228e-04 3.342083e-04 3.017820e-04
5.542958e+01 3.106008e-04 2.951548e-04 3.351962e-04 3.014514e-04
5.548158e+01 3.106593e-04 2.928105e-04 3.364577e-04 3.027096e-04
5.553358e+01 3.113302e-04 2.913477e-04 3.377061e-04 3.049368e-04
5.558558e+01 3.124825e-04 2.910551e-04 3.387927e-04 3.075997e-04
5.563758e+01 3.140710e-04 2.921794e-04 3.397347e-04 3.102990e-04
5.568958e+01 3.161141e-04 2.948549e-04 3.406907e-04 3.127967e-04
5.574158e+01 3.186542e-04 2.990576e-04 3.418915e-04 3.150135e-04
5.579358e+01 3.217137e-04 3.045947e-04 3.435506e-04 3.169957e-04
5.584558e+01 3.252582e-04 3.111314e-04 3.457837e-04 3.188596e-04
5.589758e+01 3.291789e-04 3.182434e-04 3.485604e-04 3.207328e-04
5.594958e+01 3.332971e-04 3.254832e-04 3.516973e-04 3.227107e-04
5.600158e+01 3.373888e-04 3.324403e-04 3.548900e-04 3.248361e-04
5.605358e+01 3.412188e-04 3.387857e-04 3.577721e-04 3.270985e-04
5.610558e+01 3.445743e-04 3.442919e-04 3.599880e-04 3.294430e-04
5.615758e+01 3.472924e-04 3.488340e-04 3.612629e-04 3.317804e-04
5.620958e+01 3.492768e-04 3.523780e-04 3.614547e-04 3.339978e-04
5.626158e+01 3.505046e-04 3.549655e-04 3.605771e-04 3.359711e-04
5.631358e+01 3.510224e-04 3.566978e-04 3.587866e-04 3.375829e-04
5.636558e+01 3.509330e-04 3.577153e-04 3.563418e-04 3.387420e-04
5.641758e+01 3.503731e-04 3.581682e-04 3.535477e-04 3.394036e-04
5.646958e+01 3.494882e-04 3.581798e-04 3.507020e-04 3.395829e-04
5.652158e+01 3.484099e-04 3.578153e-04 3.480547e-04 3.393596e-04
5.657358e+01 3.472398e-04 3.570712e-04 3.457825e-04 3.388656e-04
5.662558e+01 3.460420e-04 3.558964e-04 3.439739e-04 3.382556e-04
5.667758e+01 3.448434e-04 3.542391e-04 3.426260e-04 3.376652e-04
5.672958e+01 3.436424e-04 3.520991e-04 3.416559e-04 3.371723e-04
5.678158e+01 3.424262e-04 3.495616e-04 3.409347e-04 3.367824e-04
5.683358e+01 3.411929e-04 3.467941e-04 3.403397e-04 3.364450e-04
5.688558e+01 3.399714e-04 3.440109e-04 3.398054e-04 3.360978e-04
5.693758e+01 3.388289e-04 3.414226e-04 3.393499e-04 3.357141e-04
5.698958e+01 3.378624e-04 3.391987e-04 3.390555e-04 3.353329e-04
5.704158e+01 3.371774e-04 3.374584e-04 3.390119e-04 3.350618e-04
5.709358e+01 3.368649e-04 3.362881e-04 3.392485e-04 3.350581e-04
5.714558e+01 3.369869e-04 3.357668e-04 3.396936e-04 3.355003e-04
5.719758e+01 3.375724e-04 3.359736e-04 3.401853e-04 3.365583e-04
5.724958e+01 3.386182e-04 3.369635e-04 3.405324e-04 3.383586e-04
5.730158e+01 3.400858e-04 3.387164e-04 3.405997e-04 3.409413e-04
5.735358e+01 3.418914e-04 3.410839e-04 3.403765e-04 3.442139e-04
5.740558e+01 3.438929e-04 3.437632e-04 3.399975e-04 3.479179e-04
5.745758e+01 3.458853e-04 3.463209e-04 3.397029e-04 3.516322e-04
5.750958e+01 3.476127e-04 3.482620e-04 3.397499e-04 3.548262e-04
5.756158e+01 3.487946e-04 3.491223e-04 3.403079e-04 3.569534e-04
5.761358e+01 3.491587e-04 3.485469e-04 3.413738e-04 3.575555e-04
5.766558e+01 3.484649e-04 3.463268e-04 3.427328e-04 3.563352e-04
5.771758e+01 3.465081e-04 3.423820e-04 3.439730e-04 3.531691e-04
5.776958e+01 3.430982e-04 3.367034e-04 3.445386e-04 3.480526e-04
5.782158e+01 3.380262e-04 3.292808e-04 3.437953e-04 3.410026e-04
5.787358e+01 3.310304e-04 3.200454e-04 3.410865e-04 3.319593e-04
5.792558e+01 3.217815e-04 3.088461e-04 3.357679e-04 3.207306e-04
5.797758e+01 3.098992e-04 2.954629e-04 3.272306e-04 3.070042e-04
5.802958e+01 2.950042e-04 2.796530e-04 3.149326e-04 2.904270e-04
