7.703862e+00 0.000000e+00 0.000000e+00 0.000000e+00 0.000000e+00
7.752833e+00 0.000000e+00 0.000000e+00 0.000000e+00 0.000000e+00
7.801804e+00 0.000000e+00 0.000000e+00 0.000000e+00 0.000000e+00
7.850774e+00 0.000000e+00 0.000000e+00 0.000000e+00 0.000000e+00
7.899745e+00 0.000000e+00 0.000000e+00 0.000000e+00 0.000000e+00
7.948715e+00 0.000000e+00 0.000000e+00 0.000000e+00 0.000000e+00
7.997686e+00 0.000000e+00 0.000000e+00 0.000000e+00 0.000000e+00
8.046657e+00 0.000000e+00 0.000000e+00 0.000000e+00 0.000000e+00
8.095627e+00 0.000000e+00 0.000000e+00 0.000000e+00 0.000000e+00
8.144598e+00 0.000000e+00 0.000000e+00 0.000000e+00 0.000000e+00
8.193568e+00 0.000000e+00 0.000000e+00 0.000000e+00 0.000000e+00
8.242539e+00 0.000000e+00 0.000000e+00 0.000000e+00 0.000000e+00
8.291510e+00 0.000000e+00 0.000000e+00 0.000000e+00 0.000000e+00
8.340480e+00 0.000000e+00 0.000000e+00 0.000000e+00 0.000000e+00
8.389451e+00 0.000000e+00 0.000000e+00 0.000000e+00 0.000000e+00
8.438421e+00 0.000000e+00 0.000000e+00 0.000000e+00 0.000000e+00
8.487392e+00 0.000000e+00 0.000000e+00 0.000000e+00 0.000000e+00
8.536363e+00 0.000000e+00 0.000000e+00 0.000000e+00 0.000000e+00
8.585333e+00 0.000000e+00 0.000000e+00 0.000000e+00 0.000000e+00
8.634304e+00 0.000000e+00 0.000000e+00 0.000000e+00 0.000000e+00
8.683274e+00 0.000000e+00 0.000000e+00 0.000000e+00 0.000000e+00
8.732245e+00 0.000000e+00 0.000000e+00 0.000000e+00 0.000000e+00
8.781216e+00 0.000000e+00 0.000000e+00 0.000000e+00 0.000000e+00
8.830186e+00 0.000000e+00 0.000000e+00 0.000000e+00 0.000000e+00
8.879157e+00 0.000000e+00 0.000000e+00 0.000000e+00 0.000000e+00
8.928127e+00 0.000000e+00 0.000000e+00 0.000000e+00 0.000000e+00
8.977098e+00 0.000000e+00 0.000000e+00 0.000000e+00 0.000000e+00
9.026069e+00 0.000000e+00 0.000000e+00 0.000000e+00 0.000000e+00
9.075039e+00 0.000000e+00 0.000000e+00 0.000000e+00 0.000000e+00
9.124010e+00 0.000000e+00 0.000000e+00 0.000000e+00 0.000000e+00
9.172980e+00 0.000000e+00 0.000000e+00 0.000000e+00 0.000000e+00
9.221951e+00 0.000000e+00 0.000000e+00 0.000000e+00 0.000000e+00
9.270922e+00 0.000000e+00 0.000000e+00 0.000000e+00 0.000000e+00
9.319892e+00 0.000000e+00 0.000000e+00 0.000000e+00 0.000000e+00
9.368863e+00 0.000000e+00 0.000000e+00 0.000000e+00 0.000000e+00
9.417833e+00 0.000000e+00 0.000000e+00 0.000000e+00 0.000000e+00
9.466804e+00 0.000000e+00 0.000000e+00 0.000000e+00 0.000000e+00
9.515775e+00 0.000000e+00 0.000000e+00 0.000000e+00 0.000000e+00
9.564745e+00 0.000000e+00 0.000000e+00 0.000000e+00 0.000000e+00
9.613716e+00 0.000000e+00 0.000000e+00 0.000000e+00 0.000000e+00
9.662686e+00 0.000000e+00 0.000000e+00 0.000000e+00 0.000000e+00
9.711657e+00 0.000000e+00 0.000000e+00 0.000000e+00 0.000000e+00
9.760628e+00 0.000000e+00 0.000000e+00 0.000000e+00 0.000000e+00
9.809598e+00 0.000000e+00 0.000000e+00 0.000000e+00 0.000000e+00
9.858569e+00 0.000000e+00 0.000000e+00 0.000000e+00 0.000000e+00
9.907539e+00 0.000000e+00 0.000000e+00 0.000000e+00 0.000000e+00
9.956510e+00 0.000000e+00 0.000000e+00 0.000000e+00 0.000000e+00
1.000548e+01 0.000000e+00 0.000000e+00 0.000000e+00 0.000000e+00
1.005445e+01 0.000000e+00 0.000000e+00 0.000000e+00 0.000000e+00
1.010342e+01 0.000000e+00 0.000000e+00 0.000000e+00 0.000000e+00
1.015239e+01 0.000000e+00 0.000000e+00 0.000000e+00 0.000000e+00
1.020136e+01 0.000000e+00 0.000000e+00 0.000000e+00 0.000000e+00
1.025033e+01 0.000000e+00 0.000000e+00 0.000000e+00 0.000000e+00
1.029930e+01 0.000000e+00 0.000000e+00 0.000000e+00 0.000000e+00
1.034827e+01 0.000000e+00 0.000000e+00 0.000000e+00 0.000000e+00
1.039725e+01 0.000000e+00 0.000000e+00 0.000000e+00 0.000000e+00
1.044622e+01 0.000000e+00 0.000000e+00 0.000000e+00 0.000000e+00
1.049519e+01 0.000000e+00 0.000000e+00 0.000000e+00 0.000000e+00
1.054416e+01 0.000000e+00 0.000000e+00 0.000000e+00 0.000000e+00
1.059313e+01 0.000000e+00 0.000000e+00 0.000000e+00 0.000000e+00
1.064210e+01 0.000000e+00 0.000000e+00 0.000000e+00 0.000000e+00
1.069107e+01 0.000000e+00 0.000000e+00 0.000000e+00 0.000000e+00
1.074004e+01 0.000000e+00 0.000000e+00 0.000000e+00 0.000000e+00
1.078901e+01 0.000000e+00 0.000000e+00 0.000000e+00 0.000000e+00
1.083798e+01 0.000000e+00 0.000000e+00 0.000000e+00 0.000000e+00
1.088695e+01 0.000000e+00 0.000000e+00 0.000000e+00 0.000000e+00
1.093592e+01 0.000000e+00 0.000000e+00 0.000000e+00 0.000000e+00
1.098489e+01 0.000000e+00 0.000000e+00 0.000000e+00 0.000000e+00
1.103386e+01 0.000000e+00 0.000000e+00 0.000000e+00 0.000000e+00
1.108283e+01 0.000000e+00 0.000000e+00 0.000000e+00 0.000000e+00
1.113180e+01 0.000000e+00 0.000000e+00 0.000000e+00 0.000000e+00
1.118078e+01 0.000000e+00 0.000000e+00 0.000000e+00 0.000000e+00
1.122975e+01 0.000000e+00 0.000000e+00 0.000000e+00 0.000000e+00
1.127872e+01 0.000000e+00 0.000000e+00 0.000000e+00 0.000000e+00
1.132769e+01 0.000000e+00 0.000000e+00 0.000000e+00 0.000000e+00
1.137666e+01 0.000000e+00 0.000000e+00 0.000000e+00 0.000000e+00
1.142563e+01 0.000000e+00 0.000000e+00 0.000000e+00 0.000000e+00
1.147460e+01 0.000000e+00 0.000000e+00 0.000000e+00 0.000000e+00
1.152357e+01 0.000000e+00 0.000000e+00 0.000000e+00 0.000000e+00
1.157254e+01 3.671924e-14 2.185560e-15 5.720885e-14 5.076331e-14
1.162151e+01 2.729915e-13 3.289813e-14 4.185276e-13 3.675488e-13
1.167048e+01 1.098805e-12 1.358970e-13 1.683105e-12 1.477412e-12
1.171945e+01 4.895886e-12 6.987598e-13 7.453794e-12 6.535104e-12
1.176842e+01 1.834266e-11 2.734868e-12 2.786438e-11 2.442873e-11
1.181739e+01 6.403972e-11 9.852257e-12 9.713088e-11 8.513602e-11
1.186636e+01 2.134101e-10 3.378801e-11 3.231370e-10 2.833054e-10
1.191533e+01 6.692630e-10 1.088233e-10 1.011789e-09 8.871770e-10
1.196430e+01 1.987082e-09 3.315113e-10 2.999373e-09 2.630360e-09
1.201328e+01 5.596707e-09 9.560162e-10 8.434797e-09 7.399308e-09
1.206225e+01 1.496212e-08 2.610617e-09 2.251508e-08 1.976067e-08
1.211122e+01 3.799063e-08 6.752632e-09 5.708377e-08 5.013548e-08
1.216019e+01 9.168487e-08 1.655081e-08 1.375671e-07 1.209367e-07
1.220916e+01 2.104792e-07 3.845656e-08 3.153840e-07 2.775971e-07
1.225813e+01 4.600427e-07 8.475015e-08 6.884677e-07 6.069103e-07
1.230710e+01 9.582510e-07 1.772427e-07 1.432420e-06 1.265090e-06
1.235607e+01 1.904068e-06 3.519785e-07 2.843407e-06 2.516819e-06
1.240504e+01 3.612716e-06 6.641468e-07 5.390439e-06 4.783563e-06
1.245401e+01 6.551351e-06 1.191529e-06 9.768561e-06 8.693963e-06
1.250298e+01 1.136355e-05 2.033907e-06 1.693572e-05 1.512101e-05
1.255195e+01 1.886413e-05 3.305429e-06 2.810600e-05 2.518096e-05
1.260092e+01 2.998068e-05 5.117442e-06 4.466397e-05 4.016063e-05
1.264989e+01 4.561848e-05 7.551350e-06 6.796509e-05 6.133899e-05
1.269886e+01 6.643740e-05 1.062444e-05 9.900438e-05 8.968338e-05
1.274783e+01 9.255662e-05 1.425583e-05 1.379757e-04 1.254383e-04
1.279680e+01 1.232444e-04 1.824338e-05 1.838063e-04 1.676835e-04
1.284578e+01 1.566939e-04 2.226326e-05 2.338171e-04 2.140014e-04
1.289475e+01 1.900082e-04 2.590119e-05 2.836935e-04 2.604300e-04
1.294372e+01 2.194927e-04 2.871637e-05 3.279162e-04 3.018455e-04
1.299269e+01 2.412685e-04 3.032896e-05 3.606751e-04 3.328013e-04
1.304166e+01 2.520988e-04 3.051271e-05 3.771067e-04 3.486770e-04
1.309063e+01 2.502065e-04 2.927187e-05 3.745239e-04 3.468239e-04
1.313960e+01 2.358272e-04 2.688959e-05 3.532540e-04 3.273380e-04
1.318857e+01 2.113158e-04 2.395263e-05 3.168078e-04 2.931869e-04
1.323754e+01 1.807894e-04 2.137781e-05 2.713456e-04 2.496449e-04
1.328651e+01 1.494688e-04 2.047740e-05 2.246777e-04 2.032512e-04
1.333548e+01 1.229799e-04 2.309089e-05 1.851850e-04 1.606637e-04
1.338445e+01 1.068498e-04 3.177241e-05 1.610067e-04 1.277704e-04
1.343342e+01 1.062783e-04 4.996289e-05 1.596283e-04 1.092436e-04
1.348239e+01 1.260785e-04 8.201427e-05 1.877311e-04 1.084900e-04
1.353136e+01 1.705579e-04 1.329090e-04 2.509928e-04 1.277720e-04
1.358033e+01 2.431228e-04 2.075691e-04 3.535476e-04 1.682517e-04
1.362931e+01 3.455515e-04 3.097940e-04 4.970389e-04 2.298216e-04
1.367828e+01 4.771249e-04 4.410741e-04 6.795156e-04 3.107850e-04
1.372725e+01 6.340018e-04 5.997025e-04 8.946874e-04 4.076157e-04
1.377622e+01 8.092690e-04 7.806429e-04 1.132098e-03 5.150658e-04
1.382519e+01 9.939182e-04 9.764137e-04 1.378551e-03 6.267901e-04
1.387416e+01 1.178650e-03 1.178869e-03 1.620651e-03 7.364295e-04
1.392313e+01 1.356024e-03 1.381350e-03 1.847848e-03 8.388737e-04
1.397210e+01 1.522268e-03 1.580471e-03 2.055031e-03 9.313016e-04
1.402107e+01 1.678101e-03 1.776912e-03 2.243749e-03 1.013642e-03
1.407004e+01 1.828305e-03 1.975031e-03 2.421584e-03 1.088300e-03
1.411901e+01 1.980196e-03 2.181542e-03 2.599783e-03 1.159263e-03
1.416798e+01 2.141527e-03 2.403804e-03 2.789882e-03 1.230895e-03
1.421695e+01 2.318452e-03 2.648228e-03 3.000316e-03 1.306813e-03
1.426592e+01 2.514035e-03 2.919004e-03 3.233918e-03 1.389181e-03
1.431489e+01 2.727478e-03 3.217110e-03 3.486757e-03 1.478566e-03
1.436386e+01 2.954033e-03 3.539441e-03 3.748322e-03 1.574335e-03
1.441283e+01 3.185417e-03 3.878083e-03 4.002750e-03 1.675418e-03
1.446181e+01 3.410640e-03 4.219972e-03 4.230793e-03 1.781154e-03
1.451078e+01 3.617203e-03 4.547353e-03 4.412377e-03 1.891880e-03
1.455975e+01 3.792668e-03 4.839334e-03 4.529674e-03 2.008997e-03
1.460872e+01 3.926448e-03 5.074530e-03 4.570454e-03 2.134359e-03
1.465769e+01 4.011513e-03 5.234380e-03 4.531094e-03 2.269064e-03
1.470666e+01 4.045561e-03 5.306352e-03 4.418361e-03 2.411970e-03
1.475563e+01 4.031264e-03 5.286182e-03 4.249131e-03 2.558478e-03
1.480460e+01 3.975488e-03 5.178527e-03 4.047801e-03 2.700138e-03
1.485357e+01 3.887771e-03 4.995903e-03 3.841930e-03 2.825479e-03
1.490254e+01 3.778558e-03 4.756316e-03 3.657285e-03 2.922073e-03
1.495151e+01 3.657760e-03 4.480349e-03 3.513562e-03 2.979367e-03
1.500048e+01 3.533865e-03 4.188463e-03 3.421676e-03 2.991457e-03
1.504945e+01 3.413553e-03 3.898950e-03 3.382872e-03 2.958837e-03
1.509842e+01 3.301537e-03 3.626633e-03 3.389515e-03 2.888463e-03
1.514739e+01 3.200491e-03 3.382142e-03 3.427286e-03 2.792046e-03
1.519636e+01 3.111146e-03 3.171672e-03 3.478598e-03 2.683168e-03
1.524533e+01 3.032829e-03 2.997245e-03 3.526969e-03 2.574273e-03
1.529431e+01 2.964633e-03 2.857608e-03 3.561705e-03 2.474586e-03
1.534328e+01 2.907010e-03 2.749749e-03 3.581746e-03 2.389535e-03
1.539225e+01 2.863238e-03 2.670752e-03 3.597340e-03 2.321621e-03
1.544122e+01 2.840015e-03 2.619446e-03 3.628522e-03 2.272078e-03
1.549019e+01 2.846717e-03 2.597305e-03 3.700372e-03 2.242473e-03
1.553916e+01 2.893326e-03 2.608299e-03 3.836093e-03 2.235586e-03
1.558813e+01 2.987601e-03 2.657737e-03 4.049750e-03 2.255315e-03
1.563710e+01 3.132326e-03 2.750504e-03 4.340701e-03 2.305775e-03
1.568607e+01 3.323462e-03 2.889170e-03 4.691238e-03 2.389977e-03
1.573504e+01 3.549691e-03 3.072415e-03 5.068162e-03 2.508495e-03
1.578401e+01 3.793514e-03 3.294042e-03 5.428031e-03 2.658470e-03
1.583298e+01 4.033639e-03 3.542742e-03 5.725011e-03 2.833164e-03
1.588195e+01 4.248179e-03 3.802697e-03 5.919594e-03 3.022247e-03
1.593092e+01 4.418017e-03 4.055036e-03 5.986165e-03 3.212851e-03
1.597989e+01 4.529626e-03 4.280021e-03 5.917529e-03 3.391329e-03
1.602886e+01 4.576781e-03 4.459659e-03 5.725281e-03 3.545403e-03
1.607784e+01 4.560868e-03 4.580310e-03 5.436014e-03 3.666281e-03
1.612681e+01 4.489872e-03 4.634784e-03 5.084605e-03 3.750226e-03
1.617578e+01 4.376464e-03 4.623540e-03 4.706597e-03 3.799256e-03
1.622475e+01 4.235761e-03 4.554717e-03 4.331760e-03 3.820806e-03
1.627372e+01 4.083174e-03 4.442865e-03 3.980231e-03 3.826427e-03
1.632269e+01 3.932563e-03 4.306373e-03 3.661640e-03 3.829676e-03
1.637166e+01 3.794643e-03 4.163848e-03 3.376688e-03 3.843395e-03
1.642063e+01 3.675620e-03 4.030065e-03 3.120145e-03 3.876648e-03
1.646960e+01 3.576205e-03 3.912513e-03 2.884275e-03 3.931829e-03
1.651857e+01 3.491456e-03 3.809748e-03 2.661911e-03 4.002710e-03
1.656754e+01 3.411893e-03 3.712477e-03 2.448784e-03 4.074416e-03
1.661651e+01 3.326091e-03 3.607406e-03 2.244880e-03 4.125987e-03
1.666548e+01 3.224299e-03 3.482778e-03 2.054711e-03 4.135407e-03
1.671445e+01 3.102003e-03 3.333644e-03 1.886463e-03 4.085901e-03
1.676342e+01 2.962113e-03 3.164754e-03 1.750166e-03 3.971421e-03
1.681239e+01 2.814765e-03 2.989820e-03 1.655226e-03 3.799249e-03
1.686136e+01 2.674634e-03 2.827344e-03 1.607964e-03 3.588593e-03
1.691034e+01 2.556681e-03 2.694640e-03 1.609805e-03 3.365597e-03
1.695931e+01 2.471916e-03 2.602398e-03 1.656720e-03 3.156630e-03
1.700828e+01 2.424707e-03 2.551781e-03 1.740081e-03 2.982260e-03
1.705725e+01 2.412473e-03 2.534873e-03 1.848716e-03 2.853829e-03
1.710622e+01 2.427578e-03 2.537965e-03 1.971519e-03 2.773249e-03
1.715519e+01 2.460484e-03 2.546177e-03 2.099867e-03 2.735408e-03
1.720416e+01 2.502933e-03 2.547821e-03 2.229223e-03 2.731754e-03
1.725313e+01 2.550216e-03 2.537374e-03 2.359604e-03 2.753669e-03
1.730210e+01 2.602165e-03 2.516714e-03 2.494971e-03 2.794810e-03
1.735107e+01 2.662964e-03 2.494828e-03 2.641797e-03 2.852266e-03
1.740004e+01 2.740171e-03 2.486484e-03 2.807140e-03 2.926888e-03
1.744901e+01 2.843324e-03 2.510242e-03 2.996506e-03 3.023222e-03
1.749798e+01 2.982386e-03 2.586054e-03 3.211792e-03 3.149313e-03
1.754695e+01 3.166153e-03 2.732528e-03 3.449630e-03 3.316302e-03
1.759592e+01 3.400643e-03 2.963920e-03 3.700519e-03 3.537489e-03
1.764489e+01 3.687466e-03 3.286922e-03 3.949085e-03 3.826392e-03
1.769386e+01 4.022152e-03 3.697447e-03 4.175590e-03 4.193419e-03
1.774284e+01 4.392529e-03 4.177928e-03 4.358495e-03 4.641163e-03
1.779181e+01 4.777526e-03 4.695948e-03 4.477572e-03 5.159059e-03
1.784078e+01 5.147069e-03 5.205340e-03 4.516942e-03 5.718924e-03
1.788975e+01 5.463874e-03 5.650667e-03 4.467435e-03 6.273520e-03
1.793872e+01 5.687714e-03 5.975215e-03 4.327888e-03 6.760038e-03
1.798769e+01 5.781887e-03 6.131262e-03 4.105202e-03 7.109198e-03
1.803666e+01 5.720659e-03 6.090129e-03 3.813220e-03 7.258629e-03
1.808563e+01 5.495601e-03 5.848971e-03 3.470694e-03 7.167137e-03
1.813460e+01 5.118750e-03 5.431966e-03 3.098767e-03 6.825518e-03
1.818357e+01 4.621362e-03 4.885360e-03 2.718518e-03 6.260209e-03
1.823254e+01 4.048459e-03 4.267928e-03 2.349025e-03 5.528423e-03
1.828151e+01 3.450817e-03 3.639920e-03 2.006251e-03 4.706280e-03
1.833048e+01 2.876731e-03 3.053752e-03 1.702702e-03 3.873739e-03
1.837945e+01 2.365664e-03 2.548581e-03 1.447630e-03 3.100782e-03
1.842842e+01 1.944938e-03 2.149151e-03 1.247391e-03 2.438270e-03
1.847739e+01 1.629382e-03 1.867698e-03 1.105682e-03 1.914767e-03
1.852637e+01 1.423012e-03 1.706960e-03 1.023500e-03 1.538577e-03
1.857534e+01 1.321461e-03 1.662554e-03 9.989117e-04 1.302917e-03
1.862431e+01 1.314208e-03 1.723919e-03 1.026788e-03 1.191917e-03
1.867328e+01 1.386175e-03 1.874036e-03 1.098767e-03 1.185722e-03
1.872225e+01 1.518813e-03 2.088900e-03 1.203648e-03 1.263890e-03
1.877122e+01 1.691094e-03 2.337906e-03 1.328332e-03 1.407042e-03
1.882019e+01 1.880820e-03 2.585963e-03 1.459253e-03 1.597246e-03
1.886916e+01 2.066395e-03 2.797468e-03 1.584030e-03 1.817687e-03
1.891813e+01 2.228882e-03 2.941511e-03 1.692965e-03 2.052169e-03
1.896710e+01 2.353918e-03 2.997029e-03 1.779958e-03 2.284768e-03
1.901607e+01 2.432965e-03 2.956447e-03 1.842610e-03 2.499838e-03
1.906504e+01 2.463559e-03 2.826651e-03 1.881537e-03 2.682489e-03
1.911401e+01 2.448518e-03 2.626864e-03 1.899182e-03 2.819509e-03
1.916298e+01 2.394408e-03 2.383994e-03 1.898574e-03 2.900655e-03
1.921195e+01 2.309746e-03 2.126780e-03 1.882412e-03 2.920046e-03
1.926092e+01 2.203443e-03 1.880350e-03 1.852665e-03 2.877313e-03
1.930989e+01 2.083741e-03 1.662515e-03 1.810634e-03 2.778074e-03
1.935887e+01 1.957716e-03 1.482405e-03 1.757276e-03 2.633468e-03
1.940784e+01 1.831166e-03 1.341264e-03 1.693567e-03 2.458669e-03
1.945681e+01 1.708692e-03 1.234677e-03 1.620746e-03 2.270654e-03
1.950578e+01 1.593809e-03 1.155297e-03 1.540434e-03 2.085697e-03
1.955475e+01 1.489046e-03 1.095325e-03 1.454654e-03 1.917160e-03
1.960372e+01 1.396047e-03 1.048280e-03 1.365814e-03 1.774048e-03
1.965269e+01 1.315710e-03 1.009905e-03 1.276668e-03 1.660556e-03
1.970166e+01 1.248357e-03 9.783048e-04 1.190220e-03 1.576545e-03
1.975063e+01 1.193910e-03 9.534572e-04 1.109573e-03 1.518698e-03
1.979960e+01 1.152014e-03 9.363604e-04 1.037718e-03 1.481963e-03
1.984857e+01 1.122090e-03 9.280462e-04 9.773031e-04 1.460920e-03
1.989754e+01 1.103324e-03 9.287166e-04 9.304479e-04 1.450807e-03
1.994651e+01 1.094631e-03 9.372157e-04 8.986113e-04 1.448066e-03
1.999548e+01 1.094635e-03 9.509537e-04 8.825202e-04 1.450432e-03
2.004445e+01 1.101688e-03 9.662780e-04 8.821183e-04 1.456668e-03
2.009342e+01 1.113926e-03 9.791608e-04 8.965072e-04 1.466109e-03
2.014239e+01 1.129353e-03 9.859950e-04 9.238738e-04 1.478189e-03
2.019137e+01 1.145926e-03 9.842844e-04 9.614324e-04 1.492061e-03
2.024034e+01 1.161627e-03 9.730636e-04 1.005440e-03 1.506378e-03
2.028931e+01 1.174529e-03 9.529731e-04 1.051353e-03 1.519259e-03
2.033828e+01 1.182868e-03 9.260077e-04 1.094178e-03 1.528419e-03
2.038725e+01 1.185151e-03 8.950268e-04 1.129013e-03 1.531414e-03
2.043622e+01 1.180282e-03 8.631628e-04 1.151717e-03 1.525966e-03
2.048519e+01 1.167696e-03 8.332662e-04 1.159555e-03 1.510266e-03
2.053416e+01 1.147458e-03 8.074973e-04 1.151653e-03 1.483223e-03
2.058313e+01 1.120266e-03 7.871214e-04 1.129102e-03 1.444576e-03
2.063210e+01 1.087365e-03 7.725077e-04 1.094678e-03 1.394909e-03
2.068107e+01 1.050367e-03 7.632843e-04 1.052245e-03 1.335572e-03
2.073004e+01 1.011051e-03 7.585835e-04 1.005991e-03 1.268578e-03
2.077901e+01 9.711548e-04 7.573042e-04 9.597017e-04 1.196459e-03
2.082798e+01 9.322115e-04 7.583288e-04 9.162126e-04 1.122093e-03
2.087695e+01 8.954157e-04 7.606541e-04 8.771389e-04 1.048454e-03
2.092592e+01 8.615339e-04 7.634227e-04 8.428851e-04 9.782941e-04
2.097490e+01 8.308683e-04 7.658832e-04 8.129005e-04 9.138213e-04
2.102387e+01 8.032955e-04 7.673322e-04 7.861005e-04 8.564539e-04
2.107284e+01 7.783924e-04 7.670987e-04 7.613512e-04 8.067274e-04
2.112181e+01 7.556268e-04 7.646057e-04 7.379023e-04 7.643723e-04
2.117078e+01 7.345583e-04 7.594935e-04 7.156637e-04 7.285178e-04
2.121975e+01 7.149855e-04 7.517513e-04 6.952611e-04 6.979442e-04
2.126872e+01 6.969934e-04 7.417870e-04 6.778704e-04 6.713228e-04
2.131769e+01 6.809024e-04 7.303962e-04 6.648946e-04 6.474165e-04
2.136666e+01 6.671564e-04 7.186319e-04 6.575872e-04 6.252502e-04
2.141563e+01 6.562064e-04 7.076252e-04 6.567297e-04 6.042643e-04
2.146460e+01 6.484317e-04 6.984189e-04 6.624339e-04 5.844422e-04
2.151357e+01 6.441147e-04 6.918668e-04 6.740956e-04 5.663817e-04
2.156254e+01 6.434581e-04 6.886168e-04 6.904835e-04 5.512741e-04
2.161151e+01 6.466225e-04 6.891651e-04 7.099291e-04 5.407733e-04
2.166048e+01 6.537602e-04 6.939403e-04 7.305758e-04 5.367647e-04
2.170945e+01 6.650271e-04 7.033669e-04 7.506477e-04 5.410666e-04
2.175842e+01 6.805573e-04 7.178626e-04 7.687007e-04 5.551088e-04
2.180740e+01 7.003997e-04 7.377445e-04 7.838169e-04 5.796377e-04
2.185637e+01 7.244247e-04 7.630566e-04 7.957133e-04 6.145042e-04
2.190534e+01 7.522344e-04 7.933701e-04 8.047483e-04 6.585847e-04
2.195431e+01 7.831120e-04 8.276365e-04 8.118285e-04 7.098711e-04
2.200328e+01 8.160421e-04 8.641752e-04 8.182309e-04 7.657201e-04
2.205225e+01 8.498020e-04 9.008362e-04 8.253649e-04 8.232050e-04
2.210122e+01 8.830980e-04 9.353185e-04 8.345019e-04 8.794735e-04
2.215019e+01 9.146982e-04 9.655611e-04 8.465160e-04 9.320177e-04
2.219916e+01 9.435268e-04 9.900928e-04 8.616843e-04 9.788035e-04
2.224813e+01 9.687017e-04 1.008238e-03 8.796013e-04 1.018266e-03
2.229710e+01 9.895274e-04 1.020123e-03 8.992302e-04 1.049229e-03
2.234607e+01 1.005463e-03 1.026497e-03 9.190739e-04 1.070818e-03
2.239504e+01 1.016086e-03 1.028428e-03 9.374041e-04 1.082427e-03
2.244401e+01 1.021068e-03 1.026966e-03 9.524793e-04 1.083758e-03
2.249298e+01 1.020181e-03 1.022894e-03 9.627111e-04 1.074937e-03
2.254195e+01 1.013358e-03 1.016620e-03 9.667912e-04 1.056662e-03
2.259092e+01 1.000823e-03 1.008270e-03 9.638292e-04 1.030370e-03
2.263990e+01 9.832681e-04 9.979288e-04 9.535416e-04 9.983338e-04
2.268887e+01 9.620281e-04 9.859423e-04 9.364803e-04 9.636616e-04
2.273784e+01 9.391604e-04 9.731377e-04 9.142193e-04 9.301241e-04
2.278681e+01 9.173539e-04 9.608617e-04 8.893837e-04 9.018164e-04
2.283578e+01 8.996389e-04 9.507936e-04 8.654326e-04 8.826907e-04
2.288475e+01 8.889432e-04 9.445895e-04 8.461859e-04 8.760543e-04
2.293372e+01 8.875989e-04 9.434739e-04 8.351858e-04 8.841370e-04
2.298269e+01 8.969208e-04 9.479064e-04 8.350514e-04 9.078045e-04
2.303166e+01 9.169468e-04 9.574090e-04 8.469914e-04 9.464398e-04
2.308063e+01 9.463780e-04 9.705753e-04 8.705899e-04 9.979689e-04
2.312960e+01 9.827094e-04 9.852314e-04 9.038999e-04 1.058997e-03
2.317857e+01 1.022520e-03 9.987012e-04 9.438075e-04 1.125052e-03
2.322754e+01 1.061895e-03 1.008135e-03 9.865801e-04 1.190969e-03
2.327651e+01 1.096941e-03 1.010879e-03 1.028490e-03 1.251453e-03
2.332548e+01 1.124354e-03 1.004858e-03 1.066400e-03 1.301803e-03
2.337445e+01 1.141938e-03 9.889273e-04 1.098199e-03 1.338689e-03
2.342343e+01 1.148971e-03 9.631290e-04 1.122995e-03 1.360787e-03
2.347240e+01 1.146292e-03 9.287803e-04 1.141031e-03 1.369064e-03
2.352137e+01 1.136078e-03 8.883427e-04 1.153339e-03 1.366553e-03
2.357034e+01 1.121325e-03 8.450798e-04 1.161253e-03 1.357643e-03
2.361931e+01 1.105165e-03 8.025605e-04 1.165908e-03 1.347027e-03
2.366828e+01 1.090199e-03 7.641068e-04 1.167896e-03 1.338595e-03
2.371725e+01 1.078006e-03 7.322961e-04 1.167162e-03 1.334559e-03
2.376622e+01 1.068944e-03 7.086089e-04 1.163164e-03 1.335060e-03
2.381519e+01 1.062277e-03 6.932754e-04 1.155215e-03 1.338340e-03
2.386416e+01 1.056554e-03 6.853358e-04 1.142904e-03 1.341423e-03
2.391313e+01 1.050145e-03 6.828861e-04 1.126438e-03 1.341111e-03
2.396210e+01 1.041764e-03 6.834528e-04 1.106826e-03 1.335014e-03
2.401107e+01 1.030857e-03 6.844237e-04 1.085852e-03 1.322296e-03
2.406004e+01 1.017749e-03 6.834564e-04 1.065867e-03 1.303925e-03
2.410901e+01 1.003524e-03 6.787999e-04 1.049463e-03 1.282310e-03
2.415798e+01 9.896744e-04 6.694868e-04 1.039097e-03 1.260440e-03
2.420695e+01 9.776238e-04 6.553812e-04 1.036693e-03 1.240797e-03
2.425593e+01 9.682738e-04 6.370988e-04 1.043293e-03 1.224429e-03
2.430490e+01 9.617035e-04 6.158335e-04 1.058756e-03 1.210521e-03
2.435387e+01 9.571208e-04 5.931368e-04 1.081585e-03 1.196641e-03
2.440284e+01 9.530678e-04 5.706829e-04 1.108939e-03 1.179582e-03
2.445181e+01 9.478067e-04 5.500404e-04 1.136894e-03 1.156486e-03
2.450078e+01 9.397522e-04 5.324593e-04 1.160947e-03 1.125850e-03
2.454975e+01 9.278173e-04 5.186840e-04 1.176706e-03 1.088061e-03
2.459872e+01 9.115834e-04 5.088201e-04 1.180607e-03 1.045323e-03
2.464769e+01 8.912820e-04 5.022986e-04 1.170502e-03 1.001045e-03
2.469666e+01 8.676386e-04 4.979763e-04 1.145977e-03 9.589625e-04
2.474563e+01 8.416621e-04 4.943792e-04 1.108322e-03 9.222853e-04
2.479460e+01 8.144529e-04 4.900364e-04 1.060204e-03 8.931185e-04
2.484357e+01 7.870645e-04 4.838087e-04 1.005129e-03 8.722563e-04
2.489254e+01 7.604117e-04 4.751016e-04 9.468236e-04 8.593099e-04
2.494151e+01 7.352019e-04 4.638932e-04 8.886642e-04 8.530482e-04
2.499048e+01 7.118738e-04 4.505812e-04 8.332319e-04 8.518083e-04
2.503945e+01 6.905533e-04 4.357267e-04 7.820673e-04 8.538658e-04
2.508843e+01 6.710539e-04 4.198100e-04 7.356452e-04 8.577066e-04
2.513740e+01 6.529461e-04 4.030945e-04 6.935660e-04 8.621779e-04
2.518637e+01 6.356902e-04 3.856375e-04 6.549143e-04 8.665189e-04
2.523534e+01 6.187974e-04 3.674164e-04 6.186914e-04 8.702843e-04
2.528431e+01 6.019626e-04 3.484948e-04 5.842052e-04 8.731877e-04
2.533328e+01 5.851236e-04 3.291453e-04 5.513118e-04 8.749135e-04
2.538225e+01 5.684288e-04 3.098790e-04 5.204468e-04 8.749604e-04
2.543122e+01 5.521331e-04 2.913740e-04 4.924493e-04 8.725761e-04
2.548019e+01 5.364641e-04 2.743369e-04 4.682451e-04 8.668101e-04
2.552916e+01 5.215046e-04 2.593490e-04 4.484914e-04 8.566734e-04
2.557813e+01 5.071296e-04 2.467456e-04 4.332942e-04 8.413490e-04
2.562710e+01 4.930104e-04 2.365623e-04 4.220823e-04 8.203866e-04
2.567607e+01 4.786833e-04 2.285554e-04 4.136728e-04 7.938218e-04
2.572504e+01 4.636619e-04 2.222875e-04 4.065089e-04 7.621892e-04
2.577401e+01 4.475618e-04 2.172484e-04 3.990004e-04 7.264367e-04
2.582298e+01 4.302078e-04 2.129793e-04 3.898707e-04 6.877736e-04
2.587196e+01 4.116949e-04 2.091662e-04 3.784139e-04 6.475047e-04
2.592093e+01 3.923910e-04 2.056810e-04 3.645949e-04 6.068972e-04
2.596990e+01 3.728844e-04 2.025678e-04 3.489751e-04 5.671104e-04
2.601887e+01 3.538943e-04 1.999891e-04 3.325022e-04 5.291917e-04
2.606784e+01 3.361692e-04 1.981574e-04 3.162379e-04 4.941124e-04
2.611681e+01 3.203984e-04 1.972787e-04 3.011143e-04 4.628023e-04
2.616578e+01 3.071471e-04 1.975165e-04 2.877826e-04 4.361423e-04
2.621475e+01 2.968142e-04 1.989729e-04 2.765794e-04 4.148904e-04
2.626372e+01 2.896013e-04 2.016720e-04 2.675861e-04 3.995458e-04
2.631269e+01 2.854830e-04 2.055369e-04 2.607283e-04 3.901839e-04
2.636166e+01 2.841801e-04 2.103610e-04 2.558601e-04 3.863191e-04
2.641063e+01 2.851479e-04 2.157883e-04 2.527994e-04 3.868558e-04
2.645960e+01 2.875996e-04 2.213188e-04 2.513119e-04 3.901680e-04
2.650857e+01 2.905751e-04 2.263450e-04 2.510669e-04 3.943135e-04
2.655754e+01 2.930502e-04 2.302159e-04 2.515976e-04 3.973369e-04
2.660651e+01 2.940638e-04 2.323135e-04 2.522935e-04 3.975845e-04
2.665548e+01 2.928361e-04 2.321268e-04 2.524361e-04 3.939455e-04
2.670446e+01 2.888521e-04 2.293188e-04 2.512769e-04 3.859605e-04
2.675343e+01 2.819028e-04 2.237806e-04 2.481417e-04 3.737861e-04
2.680240e+01 2.720877e-04 2.156699e-04 2.425427e-04 3.580507e-04
2.685137e+01 2.597908e-04 2.054275e-04 2.342776e-04 3.396675e-04
2.690034e+01 2.456406e-04 1.937566e-04 2.234959e-04 3.196694e-04
2.694931e+01 2.304586e-04 1.815576e-04 2.107156e-04 2.991025e-04
2.699828e+01 2.151906e-04 1.698162e-04 1.967760e-04 2.789797e-04
2.704725e+01 2.008144e-04 1.594589e-04 1.827234e-04 2.602609e-04
2.709622e+01 1.882182e-04 1.512012e-04 1.696390e-04 2.438143e-04
2.714519e+01 1.780639e-04 1.454187e-04 1.584400e-04 2.303330e-04
2.719416e+01 1.706635e-04 1.420767e-04 1.497005e-04 2.202134e-04
2.724313e+01 1.659110e-04 1.407418e-04 1.435464e-04 2.134448e-04
2.729210e+01 1.633088e-04 1.406886e-04 1.396624e-04 2.095753e-04
2.734107e+01 1.621063e-04 1.410905e-04 1.374200e-04 2.078085e-04
2.739004e+01 1.615301e-04 1.412594e-04 1.360946e-04 2.072364e-04
2.743901e+01 1.610479e-04 1.408774e-04 1.351100e-04 2.071564e-04
2.748798e+01 1.605873e-04 1.401542e-04 1.342360e-04 2.073716e-04
2.753696e+01 1.606303e-04 1.398515e-04 1.336786e-04 2.083608e-04
2.758593e+01 1.621398e-04 1.411480e-04 1.340378e-04 2.112336e-04
2.763490e+01 1.663180e-04 1.453602e-04 1.361436e-04 2.174502e-04
2.768387e+01 1.742551e-04 1.535824e-04 1.408195e-04 2.283634e-04
2.773284e+01 1.865615e-04 1.663403e-04 1.486366e-04 2.447074e-04
2.778181e+01 2.030917e-04 1.833618e-04 1.597234e-04 2.661900e-04
2.783078e+01 2.228462e-04 2.035363e-04 1.736744e-04 2.913279e-04
2.787975e+01 2.440868e-04 2.250836e-04 1.895742e-04 3.176025e-04
2.792872e+01 2.646423e-04 2.458872e-04 2.061232e-04 3.419166e-04
2.797769e+01 2.823209e-04 2.638981e-04 2.218309e-04 3.612338e-04
2.802666e+01 2.953186e-04 2.774987e-04 2.352369e-04 3.732201e-04
2.807563e+01 3.025202e-04 2.857391e-04 2.451187e-04 3.767027e-04
2.812460e+01 3.036269e-04 2.884024e-04 2.506562e-04 3.718221e-04
2.817357e+01 2.991021e-04 2.859170e-04 2.515318e-04 3.598575e-04
2.822254e+01 2.899759e-04 2.791645e-04 2.479528e-04 3.428104e-04
2.827151e+01 2.775795e-04 2.692528e-04 2.405922e-04 3.228935e-04
2.832049e+01 2.632812e-04 2.573078e-04 2.304545e-04 3.020814e-04
2.836946e+01 2.482785e-04 2.443180e-04 2.186893e-04 2.818282e-04
2.841843e+01 2.334725e-04 2.310455e-04 2.063886e-04 2.629834e-04
2.846740e+01 2.194273e-04 2.179992e-04 1.944119e-04 2.458709e-04
2.851637e+01 2.064004e-04 2.054601e-04 1.832821e-04 2.304589e-04
2.856534e+01 1.944218e-04 1.935433e-04 1.731756e-04 2.165464e-04
2.861431e+01 1.833976e-04 1.822761e-04 1.640033e-04 2.039134e-04
2.866328e+01 1.732112e-04 1.716720e-04 1.555505e-04 1.924110e-04
2.871225e+01 1.637992e-04 1.617801e-04 1.476245e-04 1.819929e-04
2.876122e+01 1.551864e-04 1.526999e-04 1.401591e-04 1.727002e-04
2.881019e+01 1.474750e-04 1.445627e-04 1.332435e-04 1.646187e-04
2.885916e+01 1.407997e-04 1.374948e-04 1.270754e-04 1.578288e-04
2.890813e+01 1.352732e-04 1.315862e-04 1.218681e-04 1.523651e-04
2.895710e+01 1.309471e-04 1.268837e-04 1.177567e-04 1.482010e-04
2.900607e+01 1.278091e-04 1.234165e-04 1.147446e-04 1.452661e-04
2.905504e+01 1.258158e-04 1.212424e-04 1.127122e-04 1.434927e-04
2.910401e+01 1.249492e-04 1.204896e-04 1.114794e-04 1.428785e-04
2.915299e+01 1.252693e-04 1.213670e-04 1.108963e-04 1.435444e-04
2.920196e+01 1.269409e-04 1.241304e-04 1.109254e-04 1.457668e-04
2.925093e+01 1.302219e-04 1.290090e-04 1.116873e-04 1.499694e-04
2.929990e+01 1.354129e-04 1.361169e-04 1.134556e-04 1.566663e-04
2.934887e+01 1.427794e-04 1.453762e-04 1.166033e-04 1.663586e-04
2.939784e+01 1.524618e-04 1.564765e-04 1.215145e-04 1.793943e-04
2.944681e+01 1.643918e-04 1.688789e-04 1.284841e-04 1.958123e-04
2.949578e+01 1.782334e-04 1.818658e-04 1.376275e-04 2.152069e-04
2.954475e+01 1.933671e-04 1.946264e-04 1.488196e-04 2.366553e-04
2.959372e+01 2.089289e-04 2.063633e-04 1.616729e-04 2.587506e-04
2.964269e+01 2.239039e-04 2.163967e-04 1.755570e-04 2.797580e-04
2.969166e+01 2.372553e-04 2.242414e-04 1.896508e-04 2.978736e-04
2.974063e+01 2.480595e-04 2.296341e-04 2.030200e-04 3.115243e-04
2.978960e+01 2.556145e-04 2.325071e-04 2.147095e-04 3.196270e-04
2.983857e+01 2.595012e-04 2.329250e-04 2.238449e-04 3.217337e-04
2.988754e+01 2.595955e-04 2.310205e-04 2.297343e-04 3.180317e-04
2.993651e+01 2.560464e-04 2.269596e-04 2.319597e-04 3.092199e-04
2.998549e+01 2.492370e-04 2.209513e-04 2.304384e-04 2.963212e-04
3.003446e+01 2.397434e-04 2.132839e-04 2.254423e-04 2.805041e-04
3.008343e+01 2.282936e-04 2.043587e-04 2.175629e-04 2.629592e-04
3.013240e+01 2.157187e-04 1.946886e-04 2.076295e-04 2.448380e-04
3.018137e+01 2.028893e-04 1.848504e-04 1.965917e-04 2.272257e-04
3.023034e+01 1.906316e-04 1.754035e-04 1.853896e-04 2.111018e-04
3.027931e+01 1.796316e-04 1.668015e-04 1.748313e-04 1.972622e-04
3.032828e+01 1.703434e-04 1.593258e-04 1.654955e-04 1.862090e-04
3.037725e+01 1.629280e-04 1.530603e-04 1.576743e-04 1.780494e-04
3.042622e+01 1.572458e-04 1.479114e-04 1.513640e-04 1.724619e-04
3.047519e+01 1.529156e-04 1.436651e-04 1.463099e-04 1.687719e-04
3.052416e+01 1.494331e-04 1.400651e-04 1.421000e-04 1.661342e-04
3.057313e+01 1.463183e-04 1.368902e-04 1.382899e-04 1.637747e-04
3.062210e+01 1.432517e-04 1.340132e-04 1.345328e-04 1.612090e-04
3.067107e+01 1.401568e-04 1.314266e-04 1.306823e-04 1.583615e-04
3.072004e+01 1.372079e-04 1.292321e-04 1.268444e-04 1.555472e-04
3.076902e+01 1.347666e-04 1.276018e-04 1.233672e-04 1.533307e-04
3.081799e+01 1.332758e-04 1.267255e-04 1.207770e-04 1.523249e-04
3.086696e+01 1.331495e-04 1.267613e-04 1.196835e-04 1.530038e-04
3.091593e+01 1.346887e-04 1.278005e-04 1.206772e-04 1.555884e-04
3.096490e+01 1.380393e-04 1.298504e-04 1.242408e-04 1.600268e-04
3.101387e+01 1.431873e-04 1.328306e-04 1.306809e-04 1.660503e-04
3.106284e+01 1.499745e-04 1.365790e-04 1.400792e-04 1.732655e-04
3.111181e+01 1.581216e-04 1.408653e-04 1.522564e-04 1.812431e-04
3.116078e+01 1.672481e-04 1.454133e-04 1.667514e-04 1.895797e-04
3.120975e+01 1.768959e-04 1.499352e-04 1.828239e-04 1.979287e-04
3.125872e+01 1.865645e-04 1.541772e-04 1.995018e-04 2.060144e-04
3.130769e+01 1.957675e-04 1.579732e-04 2.156889e-04 2.136404e-04
3.135666e+01 2.041110e-04 1.612955e-04 2.303378e-04 2.206997e-04
3.140563e+01 2.113763e-04 1.642879e-04 2.426597e-04 2.271813e-04
3.145460e+01 2.175802e-04 1.672630e-04 2.523162e-04 2.331615e-04
3.150357e+01 2.229812e-04 1.706488e-04 2.595241e-04 2.387706e-04
3.155254e+01 2.280129e-04 1.748839e-04 2.650183e-04 2.441365e-04
3.160152e+01 2.331525e-04 1.802804e-04 2.698603e-04 2.493167e-04
3.165049e+01 2.387588e-04 1.868930e-04 2.751397e-04 2.542437e-04
3.169946e+01 2.449357e-04 1.944462e-04 2.816572e-04 2.587037e-04
3.174843e+01 2.514719e-04 2.023536e-04 2.896947e-04 2.623674e-04
3.179740e+01 2.578858e-04 2.098406e-04 2.989480e-04 2.648688e-04
3.184637e+01 2.635663e-04 2.161389e-04 3.086450e-04 2.659151e-04
3.189534e+01 2.679646e-04 2.206963e-04 3.178043e-04 2.653932e-04
3.194431e+01 2.707720e-04 2.233315e-04 3.255471e-04 2.634373e-04
3.199328e+01 2.720248e-04 2.242868e-04 3.313580e-04 2.604297e-04
3.204225e+01 2.721009e-04 2.241612e-04 3.352109e-04 2.569306e-04
3.209122e+01 2.716093e-04 2.237472e-04 3.375272e-04 2.535537e-04
3.214019e+01 2.712134e-04 2.238242e-04 3.389901e-04 2.508258e-04
3.218916e+01 2.714444e-04 2.249680e-04 3.402913e-04 2.490738e-04
3.223813e+01 2.725688e-04 2.274277e-04 3.419061e-04 2.483725e-04
3.228710e+01 2.745489e-04 2.310981e-04 3.439822e-04 2.485664e-04
3.233607e+01 2.771081e-04 2.355866e-04 3.463820e-04 2.493558e-04
3.238504e+01 2.798751e-04 2.403484e-04 3.488589e-04 2.504181e-04
3.243402e+01 2.825574e-04 2.448481e-04 3.512966e-04 2.515273e-04
3.248299e+01 2.850853e-04 2.487006e-04 3.539183e-04 2.526368e-04
3.253196e+01 2.876785e-04 2.517524e-04 3.573798e-04 2.539032e-04
3.258093e+01 2.908130e-04 2.540868e-04 3.627085e-04 2.556438e-04
3.262990e+01 2.951005e-04 2.559606e-04 3.710997e-04 2.582413e-04
3.267887e+01 3.011173e-04 2.577006e-04 3.836295e-04 2.620218e-04
3.272784e+01 3.092350e-04 2.596012e-04 4.009619e-04 2.671418e-04
3.277681e+01 3.194996e-04 2.618514e-04 4.231276e-04 2.735197e-04
3.282578e+01 3.315871e-04 2.645061e-04 4.494247e-04 2.808304e-04
3.287475e+01 3.448437e-04 2.674977e-04 4.784680e-04 2.885655e-04
3.292372e+01 3.584002e-04 2.706710e-04 5.083871e-04 2.961425e-04
3.297269e+01 3.713386e-04 2.738323e-04 5.371488e-04 3.030346e-04
3.302166e+01 3.828845e-04 2.768067e-04 5.629524e-04 3.088945e-04
3.307063e+01 3.925927e-04 2.795076e-04 5.846204e-04 3.136502e-04
3.311960e+01 4.004858e-04 2.820158e-04 6.018853e-04 3.175564e-04
3.316857e+01 4.071066e-04 2.846479e-04 6.154827e-04 3.211891e-04
3.321755e+01 4.134531e-04 2.879842e-04 6.270036e-04 3.253715e-04
3.326652e+01 4.207935e-04 2.928190e-04 6.385332e-04 3.310284e-04
3.331549e+01 4.303954e-04 3.000250e-04 6.521762e-04 3.389851e-04
3.336446e+01 4.432377e-04 3.103521e-04 6.696066e-04 3.497545e-04
3.341343e+01 4.597872e-04 3.242228e-04 6.917632e-04 3.633755e-04
3.346240e+01 4.799019e-04 3.415923e-04 7.187492e-04 3.793642e-04
3.351137e+01 5.028844e-04 3.619260e-04 7.499139e-04 3.968133e-04
3.356034e+01 5.276598e-04 3.843049e-04 7.840498e-04 4.146248e-04
3.360931e+01 5.530195e-04 4.076221e-04 8.196250e-04 4.318115e-04
3.365828e+01 5.778609e-04 4.308046e-04 8.550030e-04 4.477753e-04
3.370725e+01 6.013629e-04 4.529933e-04 8.886254e-04 4.624699e-04
3.375622e+01 6.230616e-04 4.736372e-04 9.191540e-04 4.763936e-04
3.380519e+01 6.428220e-04 4.924910e-04 9.455626e-04 4.904124e-04
3.385416e+01 6.607294e-04 5.095440e-04 9.671738e-04 5.054703e-04
3.390313e+01 6.769481e-04 5.249211e-04 9.836475e-04 5.222758e-04
3.395210e+01 6.916004e-04 5.387995e-04 9.949482e-04 5.410536e-04
3.400107e+01 7.047051e-04 5.513645e-04 1.001328e-03 5.614228e-04
3.405005e+01 7.161892e-04 5.628019e-04 1.003347e-03 5.824192e-04
3.409902e+01 7.259563e-04 5.733084e-04 1.001919e-03 6.026415e-04
3.414799e+01 7.339757e-04 5.830950e-04 9.983485e-04 6.204836e-04
3.419696e+01 7.403582e-04 5.923667e-04 9.942995e-04 6.344085e-04
3.424593e+01 7.453939e-04 6.012845e-04 9.916747e-04 6.432226e-04
3.429490e+01 7.495414e-04 6.099255e-04 9.923929e-04 6.463058e-04
3.434387e+01 7.533710e-04 6.182689e-04 9.980873e-04 6.437568e-04
3.439284e+01 7.574733e-04 6.262291e-04 1.009773e-03 6.364176e-04
3.444181e+01 7.623560e-04 6.337446e-04 1.027558e-03 6.257656e-04
3.449078e+01 7.683598e-04 6.409034e-04 1.050487e-03 6.136889e-04
3.453975e+01 7.756245e-04 6.480597e-04 1.076626e-03 6.021877e-04
3.458872e+01 7.841182e-04 6.558794e-04 1.103416e-03 5.930592e-04
3.463769e+01 7.937133e-04 6.652593e-04 1.128259e-03 5.876220e-04
3.468666e+01 8.042677e-04 6.771076e-04 1.149168e-03 5.865271e-04
3.473563e+01 8.156633e-04 6.920323e-04 1.165266e-03 5.896916e-04
3.478460e+01 8.277759e-04 7.100376e-04 1.176923e-03 5.963667e-04
3.483357e+01 8.403868e-04 7.303460e-04 1.185487e-03 6.053272e-04
3.488255e+01 8.530786e-04 7.514273e-04 1.192676e-03 6.151329e-04
3.493152e+01 8.651758e-04 7.712512e-04 1.199884e-03 6.243920e-04
3.498049e+01 8.757712e-04 7.877044e-04 1.207652e-03 6.319571e-04
3.502946e+01 8.838550e-04 7.990593e-04 1.215490e-03 6.370160e-04
3.507843e+01 8.885183e-04 8.043632e-04 1.222102e-03 6.390896e-04
3.512740e+01 8.891740e-04 8.036389e-04 1.225903e-03 6.379804e-04
3.517637e+01 8.857198e-04 7.978330e-04 1.225605e-03 6.337213e-04
3.522534e+01 8.785755e-04 7.885199e-04 1.220653e-03 6.265540e-04
3.527431e+01 8.685640e-04 7.774388e-04 1.211328e-03 6.169251e-04
3.532328e+01 8.566632e-04 7.660015e-04 1.198512e-03 6.054758e-04
3.537225e+01 8.437141e-04 7.549239e-04 1.183217e-03 5.930013e-04
3.542122e+01 8.302005e-04 7.441032e-04 1.166118e-03 5.803806e-04
3.547019e+01 8.161924e-04 7.327789e-04 1.147305e-03 5.684933e-04
3.551916e+01 8.014751e-04 7.199128e-04 1.126371e-03 5.581418e-04
3.556813e+01 7.857982e-04 7.046435e-04 1.102767e-03 5.499844e-04
3.561710e+01 7.691260e-04 6.866463e-04 1.076260e-03 5.444716e-04
3.566608e+01 7.517732e-04 6.662790e-04 1.047254e-03 5.417862e-04
3.571505e+01 7.343798e-04 6.444887e-04 1.016850e-03 5.418009e-04
3.576402e+01 7.177621e-04 6.225533e-04 9.866441e-04 5.440890e-04
3.581299e+01 7.027335e-04 6.017833e-04 9.584050e-04 5.480123e-04
3.586196e+01 6.899817e-04 5.832976e-04 9.337649e-04 5.528828e-04
3.591093e+01 6.800418e-04 5.679246e-04 9.140525e-04 5.581482e-04
3.595990e+01 6.733325e-04 5.562034e-04 9.002642e-04 5.635298e-04
3.600887e+01 6.701941e-04 5.484216e-04 8.931099e-04 5.690509e-04
3.605784e+01 6.708713e-04 5.446252e-04 8.930442e-04 5.749445e-04
3.610681e+01 6.754343e-04 5.445894e-04 9.002294e-04 5.814842e-04
3.615578e+01 6.836782e-04 5.477845e-04 9.144313e-04 5.888188e-04
3.620475e+01 6.950601e-04 5.534011e-04 9.348952e-04 5.968839e-04
3.625372e+01 7.087203e-04 5.604779e-04 9.602611e-04 6.054218e-04
3.630269e+01 7.235907e-04 5.681214e-04 9.885647e-04 6.140861e-04
3.635166e+01 7.385550e-04 5.757501e-04 1.017344e-03 6.225713e-04
3.640063e+01 7.526085e-04 5.832663e-04 1.043851e-03 6.307080e-04
3.644960e+01 7.649742e-04 5.910787e-04 1.065356e-03 6.384880e-04
3.649858e+01 7.751588e-04 5.999585e-04 1.079493e-03 6.460250e-04
3.654755e+01 7.829561e-04 6.107859e-04 1.084605e-03 6.534777e-04
3.659652e+01 7.884153e-04 6.242790e-04 1.079995e-03 6.609723e-04
3.664549e+01 7.917896e-04 6.407992e-04 1.066021e-03 6.685489e-04
3.669446e+01 7.934701e-04 6.602783e-04 1.043992e-03 6.761402e-04
3.674343e+01 7.939078e-04 6.822576e-04 1.015886e-03 6.835801e-04
3.679240e+01 7.935310e-04 7.059936e-04 9.839648e-04 6.906345e-04
3.684137e+01 7.926749e-04 7.305787e-04 9.503961e-04 6.970499e-04
3.689034e+01 7.915477e-04 7.550471e-04 9.169764e-04 7.026196e-04
3.693931e+01 7.902464e-04 7.784558e-04 8.850155e-04 7.072681e-04
3.698828e+01 7.888198e-04 7.999444e-04 8.553714e-04 7.111436e-04
3.703725e+01 7.873486e-04 8.187744e-04 8.285796e-04 7.146919e-04
3.708622e+01 7.860031e-04 8.343426e-04 8.049947e-04 7.186721e-04
3.713519e+01 7.850407e-04 8.461705e-04 7.848776e-04 7.240740e-04
3.718416e+01 7.847378e-04 8.538817e-04 7.684028e-04 7.319289e-04
3.723313e+01 7.852802e-04 8.571922e-04 7.556033e-04 7.430450e-04
3.728210e+01 7.866613e-04 8.559348e-04 7.463034e-04 7.577458e-04
3.733108e+01 7.886356e-04 8.501219e-04 7.400869e-04 7.756981e-04
3.738005e+01 7.907492e-04 8.400247e-04 7.363286e-04 7.958944e-04
3.742902e+01 7.924410e-04 8.262363e-04 7.342844e-04 8.168024e-04
3.747799e+01 7.931821e-04 8.096888e-04 7.332184e-04 8.366390e-04
3.752696e+01 7.926161e-04 7.916149e-04 7.325394e-04 8.536941e-04
3.757593e+01 7.906734e-04 7.734687e-04 7.319204e-04 8.666311e-04
3.762490e+01 7.876395e-04 7.568239e-04 7.313872e-04 8.747073e-04
3.767387e+01 7.841689e-04 7.432667e-04 7.313554e-04 8.778847e-04
3.772284e+01 7.812322e-04 7.342788e-04 7.325967e-04 8.768211e-04
3.777181e+01 7.799862e-04 7.311011e-04 7.361138e-04 8.727437e-04
3.782078e+01 7.815725e-04 7.345720e-04 7.429223e-04 8.672232e-04
3.786975e+01 7.868694e-04 7.449550e-04 7.537699e-04 8.618834e-04
3.791872e+01 7.962521e-04 7.617965e-04 7.688664e-04 8.580933e-04
3.796769e+01 8.094295e-04 7.838744e-04 7.877152e-04 8.566989e-04
3.801666e+01 8.254190e-04 8.092887e-04 8.091272e-04 8.578410e-04
3.806563e+01 8.426849e-04 8.357152e-04 8.314385e-04 8.609009e-04
3.811461e+01 8.594245e-04 8.607910e-04 8.528819e-04 8.646007e-04
3.816358e+01 8.739365e-04 8.825438e-04 8.719986e-04 8.672672e-04
3.821255e+01 8.849801e-04 8.997481e-04 8.879624e-04 8.672299e-04
3.826152e+01 8.920340e-04 9.121029e-04 9.007242e-04 8.632748e-04
3.831049e+01 8.953900e-04 9.201851e-04 9.109587e-04 8.550260e-04
3.835946e+01 8.960661e-04 9.252094e-04 9.198636e-04 8.431254e-04
3.840843e+01 8.955731e-04 9.286948e-04 9.288979e-04 8.291266e-04
3.845740e+01 8.956047e-04 9.321549e-04 9.395413e-04 8.151179e-04
3.850637e+01 8.977308e-04 9.368932e-04 9.531087e-04 8.031904e-04
3.855534e+01 9.031498e-04 9.439145e-04 9.706121e-04 7.949230e-04
3.860431e+01 9.125278e-04 9.539030e-04 9.926370e-04 7.910434e-04
3.865328e+01 9.259216e-04 9.672037e-04 1.019211e-03 7.913503e-04
3.870225e+01 9.427755e-04 9.837704e-04 1.049676e-03 7.948797e-04
3.875122e+01 9.619851e-04 1.003106e-03 1.082623e-03 8.002262e-04
3.880019e+01 9.820285e-04 1.024258e-03 1.115932e-03 8.058956e-04
3.884916e+01 1.001166e-03 1.045923e-03 1.146982e-03 8.105930e-04
3.889813e+01 1.017691e-03 1.066674e-03 1.173001e-03 8.133991e-04
3.894711e+01 1.030191e-03 1.085249e-03 1.191487e-03 8.138365e-04
3.899608e+01 1.037757e-03 1.100786e-03 1.200630e-03 8.118562e-04
3.904505e+01 1.040097e-03 1.112920e-03 1.199600e-03 8.077715e-04
3.909402e+01 1.037509e-03 1.121690e-03 1.188679e-03 8.021584e-04
3.914299e+01 1.030745e-03 1.127317e-03 1.169186e-03 7.957318e-04
3.919196e+01 1.020801e-03 1.129945e-03 1.143247e-03 7.892099e-04
3.924093e+01 1.008705e-03 1.129483e-03 1.113444e-03 7.831888e-04
3.928990e+01 9.953498e-04 1.125593e-03 1.082407e-03 7.780496e-04
3.933887e+01 9.813849e-04 1.117820e-03 1.052420e-03 7.739142e-04
3.938784e+01 9.671822e-04 1.105787e-03 1.025105e-03 7.706543e-04
3.943681e+01 9.528522e-04 1.089364e-03 1.001243e-03 7.679497e-04
3.948578e+01 9.383097e-04 1.068754e-03 9.807889e-04 7.653862e-04
3.953475e+01 9.233835e-04 1.044501e-03 9.630724e-04 7.625773e-04
3.958372e+01 9.079536e-04 1.017429e-03 9.471468e-04 7.592848e-04
3.963269e+01 8.920787e-04 9.885602e-04 9.321785e-04 7.554974e-04
3.968166e+01 8.760665e-04 9.590081e-04 9.177596e-04 7.514317e-04
3.973063e+01 8.604489e-04 9.298726e-04 9.040381e-04 7.474361e-04
3.977961e+01 8.458615e-04 9.021336e-04 8.916278e-04 7.438230e-04
3.982858e+01 8.328679e-04 8.765766e-04 8.813357e-04 7.406914e-04
3.987755e+01 8.218004e-04 8.537660e-04 8.738131e-04 7.378221e-04
3.992652e+01 8.126745e-04 8.340652e-04 8.692596e-04 7.346987e-04
3.997549e+01 8.052036e-04 8.176692e-04 8.672854e-04 7.306562e-04
4.002446e+01 7.988920e-04 8.046059e-04 8.669711e-04 7.250989e-04
4.007343e+01 7.931581e-04 7.946868e-04 8.670905e-04 7.176972e-04
4.012240e+01 7.874398e-04 7.874322e-04 8.664029e-04 7.084844e-04
4.017137e+01 7.812584e-04 7.820359e-04 8.639125e-04 6.978266e-04
4.022034e+01 7.742473e-04 7.774351e-04 8.590137e-04 6.862931e-04
4.026931e+01 7.661667e-04 7.725035e-04 8.515034e-04 6.744932e-04
4.031828e+01 7.569192e-04 7.663215e-04 8.414942e-04 6.629417e-04
4.036725e+01 7.465654e-04 7.584226e-04 8.292911e-04 6.519824e-04
4.041622e+01 7.353198e-04 7.489132e-04 8.152876e-04 6.417586e-04
4.046519e+01 7.235096e-04 7.384141e-04 7.999078e-04 6.322068e-04
4.051416e+01 7.114956e-04 7.278471e-04 7.835821e-04 6.230577e-04
4.056314e+01 6.995813e-04 7.181535e-04 7.667337e-04 6.138568e-04
4.061211e+01 6.879457e-04 7.100487e-04 7.497542e-04 6.040342e-04
4.066108e+01 6.766309e-04 7.038884e-04 7.329689e-04 5.930355e-04
4.071005e+01 6.655892e-04 6.996649e-04 7.166075e-04 5.804953e-04
4.075902e+01 6.547652e-04 6.971039e-04 7.007981e-04 5.663935e-04
4.080799e+01 6.441765e-04 6.958073e-04 6.855904e-04 5.511318e-04
4.085696e+01 6.339607e-04 6.953924e-04 6.709998e-04 5.354897e-04
4.090593e+01 6.243724e-04 6.955947e-04 6.570546e-04 5.204679e-04
4.095490e+01 6.157368e-04 6.963185e-04 6.438239e-04 5.070680e-04
4.100387e+01 6.083765e-04 6.976354e-04 6.314165e-04 4.960777e-04
4.105284e+01 6.025344e-04 6.997326e-04 6.199514e-04 4.879191e-04
4.110181e+01 5.983117e-04 7.028259e-04 6.095157e-04 4.825933e-04
4.115078e+01 5.956374e-04 7.070582e-04 6.001327e-04 4.797214e-04
4.119975e+01 5.942767e-04 7.124114e-04 5.917584e-04 4.786604e-04
4.124872e+01 5.938767e-04 7.186612e-04 5.843105e-04 4.786584e-04
4.129769e+01 5.940379e-04 7.253922e-04 5.777129e-04 4.790085e-04
4.134666e+01 5.943921e-04 7.320744e-04 5.719351e-04 4.791667e-04
4.139564e+01 5.946645e-04 7.381808e-04 5.670024e-04 4.788103e-04
4.144461e+01 5.947036e-04 7.433072e-04 5.629732e-04 4.778304e-04
4.149358e+01 5.944723e-04 7.472525e-04 5.598929e-04 4.762713e-04
4.154255e+01 5.940038e-04 7.500281e-04 5.577401e-04 4.742430e-04
4.159152e+01 5.933364e-04 7.517893e-04 5.563804e-04 4.718395e-04
4.164049e+01 5.924452e-04 7.527167e-04 5.555314e-04 4.690875e-04
4.168946e+01 5.911903e-04 7.528906e-04 5.547422e-04 4.659380e-04
4.173843e+01 5.892978e-04 7.522056e-04 5.533919e-04 4.622958e-04
4.178740e+01 5.863816e-04 7.503502e-04 5.507234e-04 4.580711e-04
4.183637e+01 5.820016e-04 7.468483e-04 5.459268e-04 4.532296e-04
4.188534e+01 5.757442e-04 7.411374e-04 5.382741e-04 4.478213e-04
4.193431e+01 5.673033e-04 7.326576e-04 5.272794e-04 4.419729e-04
4.198328e+01 5.565375e-04 7.209328e-04 5.128363e-04 4.358432e-04
4.203225e+01 5.434911e-04 7.056407e-04 4.952800e-04 4.295525e-04
4.208122e+01 5.283767e-04 6.866758e-04 4.753431e-04 4.231113e-04
4.213019e+01 5.115317e-04 6.642007e-04 4.540158e-04 4.163784e-04
4.217916e+01 4.933681e-04 6.386785e-04 4.323543e-04 4.090715e-04
4.222814e+01 4.743358e-04 6.108708e-04 4.113031e-04 4.008335e-04
4.227711e+01 4.549036e-04 5.817939e-04 3.915787e-04 3.913382e-04
4.232608e+01 4.355565e-04 5.526346e-04 3.736366e-04 3.803982e-04
4.237505e+01 4.167935e-04 5.246404e-04 3.577032e-04 3.680367e-04
4.242402e+01 3.991124e-04 4.990000e-04 3.438366e-04 3.545007e-04
4.247299e+01 3.829741e-04 4.767312e-04 3.319769e-04 3.402143e-04
4.252196e+01 3.687494e-04 4.585848e-04 3.219689e-04 3.256945e-04
4.257093e+01 3.566644e-04 4.449712e-04 3.135621e-04 3.114597e-04
4.261990e+01 3.467603e-04 4.359147e-04 3.064111e-04 2.979551e-04
4.266887e+01 3.388830e-04 4.310430e-04 3.001001e-04 2.855058e-04
4.271784e+01 3.327050e-04 4.296211e-04 2.942005e-04 2.742932e-04
4.276681e+01 3.277759e-04 4.306327e-04 2.883491e-04 2.643460e-04
4.281578e+01 3.235882e-04 4.329022e-04 2.823202e-04 2.555421e-04
4.286475e+01 3.196461e-04 4.352440e-04 2.760680e-04 2.476264e-04
4.291372e+01 3.155299e-04 4.366117e-04 2.697242e-04 2.402536e-04
4.296269e+01 3.109475e-04 4.362222e-04 2.635606e-04 2.330599e-04
4.301167e+01 3.057712e-04 4.336316e-04 2.579297e-04 2.257522e-04
4.306064e+01 3.000493e-04 4.287534e-04 2.532011e-04 2.181934e-04
4.310961e+01 2.939894e-04 4.218165e-04 2.497005e-04 2.104511e-04
4.315858e+01 2.879073e-04 4.132810e-04 2.476533e-04 2.027876e-04
4.320755e+01 2.821492e-04 4.037277e-04 2.471301e-04 1.955898e-04
4.325652e+01 2.770040e-04 3.937482e-04 2.480054e-04 1.892584e-04
4.330549e+01 2.726286e-04 3.838505e-04 2.499411e-04 1.840942e-04
4.335446e+01 2.690094e-04 3.743937e-04 2.524147e-04 1.802199e-04
4.340343e+01 2.659709e-04 3.655578e-04 2.547969e-04 1.775579e-04
4.345240e+01 2.632272e-04 3.573471e-04 2.564691e-04 1.758654e-04
4.350137e+01 2.604592e-04 3.496249e-04 2.569493e-04 1.748036e-04
4.355034e+01 2.573901e-04 3.421683e-04 2.559889e-04 1.740130e-04
4.359931e+01 2.538377e-04 3.347310e-04 2.536103e-04 1.731717e-04
4.364828e+01 2.497322e-04 3.270991e-04 2.500720e-04 1.720255e-04
4.369725e+01 2.451019e-04 3.191296e-04 2.457781e-04 1.703979e-04
4.374622e+01 2.400392e-04 3.107654e-04 2.411641e-04 1.681882e-04
4.379519e+01 2.346656e-04 3.020296e-04 2.365961e-04 1.653711e-04
4.384417e+01 2.291045e-04 2.930055e-04 2.323110e-04 1.619969e-04
4.389314e+01 2.234699e-04 2.838121e-04 2.284048e-04 1.581927e-04
4.394211e+01 2.178664e-04 2.745834e-04 2.248599e-04 1.541560e-04
4.399108e+01 2.123959e-04 2.654571e-04 2.215930e-04 1.501377e-04
4.404005e+01 2.071650e-04 2.565757e-04 2.185043e-04 1.464150e-04
4.408902e+01 2.022887e-04 2.480951e-04 2.155147e-04 1.432562e-04
4.413799e+01 1.978858e-04 2.401925e-04 2.125838e-04 1.408810e-04
4.418696e+01 1.940656e-04 2.330624e-04 2.097107e-04 1.394236e-04
4.423593e+01 1.909059e-04 2.268939e-04 2.069199e-04 1.389040e-04
4.428490e+01 1.884298e-04 2.218302e-04 2.042409e-04 1.392183e-04
4.433387e+01 1.865873e-04 2.179234e-04 2.016877e-04 1.401508e-04
4.438284e+01 1.852523e-04 2.151006e-04 1.992461e-04 1.414104e-04
4.443181e+01 1.842368e-04 2.131587e-04 1.968712e-04 1.426805e-04
4.448078e+01 1.833206e-04 2.117928e-04 1.944987e-04 1.436703e-04
4.452975e+01 1.822902e-04 2.106538e-04 1.920628e-04 1.441541e-04
4.457872e+01 1.809759e-04 2.094169e-04 1.895188e-04 1.439919e-04
4.462769e+01 1.792785e-04 2.078423e-04 1.868590e-04 1.431343e-04
4.467667e+01 1.771823e-04 2.058110e-04 1.841192e-04 1.416167e-04
4.472564e+01 1.747497e-04 2.033277e-04 1.813701e-04 1.395514e-04
4.477461e+01 1.721037e-04 2.004955e-04 1.786987e-04 1.371168e-04
4.482358e+01 1.693995e-04 1.974708e-04 1.761863e-04 1.345413e-04
4.487255e+01 1.667953e-04 1.944144e-04 1.738935e-04 1.320779e-04
4.492152e+01 1.644257e-04 1.914486e-04 1.718591e-04 1.299695e-04
4.497049e+01 1.623847e-04 1.886316e-04 1.701127e-04 1.284097e-04
4.501946e+01 1.607181e-04 1.859515e-04 1.686928e-04 1.275100e-04
4.506843e+01 1.594252e-04 1.833408e-04 1.676554e-04 1.272796e-04
4.511740e+01 1.584650e-04 1.807057e-04 1.670650e-04 1.276243e-04
4.516637e+01 1.577628e-04 1.779586e-04 1.669682e-04 1.283617e-04
4.521534e+01 1.572178e-04 1.750425e-04 1.673615e-04 1.292495e-04
4.526431e+01 1.567087e-04 1.719370e-04 1.681701e-04 1.300190e-04
4.531328e+01 1.561014e-04 1.686441e-04 1.692488e-04 1.304112e-04
4.536225e+01 1.552589e-04 1.651608e-04 1.704054e-04 1.302106e-04
4.541122e+01 1.540534e-04 1.614541e-04 1.714348e-04 1.292713e-04
4.546020e+01 1.523777e-04 1.574493e-04 1.721517e-04 1.275321e-04
4.550917e+01 1.501548e-04 1.530400e-04 1.724098e-04 1.250147e-04
4.555814e+01 1.473429e-04 1.481154e-04 1.721083e-04 1.218051e-04
4.560711e+01 1.439339e-04 1.425935e-04 1.711869e-04 1.180214e-04
4.565608e+01 1.399479e-04 1.364474e-04 1.696167e-04 1.137795e-04
4.570505e+01 1.354248e-04 1.297161e-04 1.673902e-04 1.091682e-04
4.575402e+01 1.304181e-04 1.224987e-04 1.645132e-04 1.042424e-04
4.580299e+01 1.249920e-04 1.149379e-04 1.610011e-04 9.903695e-05
4.585196e+01 1.192259e-04 1.072034e-04 1.568792e-04 9.359523e-05
4.590093e+01 1.132235e-04 9.948118e-05 1.521882e-04 8.800108e-05
4.594990e+01 1.071228e-04 9.197280e-05 1.469919e-04 8.240379e-05
4.599887e+01 1.011041e-04 8.490110e-05 1.413830e-04 7.702832e-05
4.604784e+01 9.538987e-05 7.851657e-05 1.354846e-04 7.216844e-05
4.609681e+01 9.023643e-05 7.309651e-05 1.294480e-04 6.816473e-05
4.614578e+01 8.591686e-05 6.893167e-05 1.234481e-04 6.537079e-05
4.619475e+01 8.269519e-05 6.629771e-05 1.176776e-04 6.411029e-05
4.624372e+01 8.079190e-05 6.541215e-05 1.123371e-04 6.462649e-05
4.629270e+01 8.034037e-05 6.638052e-05 1.076149e-04 6.702568e-05
4.634167e+01 8.133577e-05 6.913902e-05 1.036495e-04 7.121881e-05
4.639064e+01 8.358406e-05 7.340483e-05 1.004757e-04 7.687163e-05
4.643961e+01 8.666646e-05 7.864956e-05 9.796975e-05 8.338008e-05
4.648858e+01 8.994019e-05 8.411341e-05 9.581550e-05 8.989166e-05
4.653755e+01 9.259437e-05 8.887408e-05 9.352013e-05 9.538889e-05
4.658652e+01 9.376695e-05 9.197242e-05 9.049254e-05 9.883591e-05
4.663549e+01 9.270653e-05 9.257830e-05 8.617492e-05 9.936637e-05
4.668446e+01 8.893991e-05 9.015983e-05 8.019195e-05 9.646795e-05
4.673343e+01 8.239509e-05 8.460817e-05 7.246809e-05 9.010901e-05
4.678240e+01 7.343609e-05 7.627577e-05 6.326956e-05 8.076294e-05
4.683137e+01 6.279330e-05 6.591018e-05 5.315356e-05 6.931616e-05
4.688034e+01 5.140781e-05 5.449870e-05 4.284105e-05 5.688369e-05
4.692931e+01 4.023731e-05 4.306919e-05 3.305608e-05 4.458666e-05
4.697828e+01 3.008051e-05 3.250379e-05 2.438276e-05 3.335498e-05
4.702725e+01 2.146482e-05 2.341290e-05 1.717808e-05 2.380347e-05
4.707622e+01 1.461531e-05 1.609165e-05 1.155424e-05 1.620004e-05
4.712520e+01 9.494595e-06 1.055164e-05 7.419151e-06 1.051299e-05
4.717417e+01 5.885094e-06 6.601250e-06 4.548899e-06 6.505134e-06
4.722314e+01 3.481056e-06 3.940713e-06 2.664302e-06 3.838152e-06
4.727211e+01 1.965402e-06 2.245166e-06 1.491531e-06 2.159509e-06
4.732108e+01 1.059467e-06 1.221065e-06 7.985976e-07 1.158739e-06
4.737005e+01 5.454095e-07 6.340596e-07 4.092011e-07 5.929678e-07
4.741902e+01 2.681837e-07 3.144001e-07 2.007612e-07 2.893899e-07
4.746799e+01 1.259645e-07 1.488742e-07 9.434031e-08 1.346791e-07
4.751696e+01 5.651258e-08 6.731532e-08 4.246406e-08 5.975836e-08
4.756593e+01 2.421218e-08 2.905920e-08 1.830451e-08 2.527283e-08
4.761490e+01 9.902788e-09 1.197254e-08 7.552327e-09 1.018350e-08
4.766387e+01 3.864535e-09 4.705668e-09 2.980222e-09 3.907714e-09
4.771284e+01 1.438049e-09 1.763334e-09 1.123601e-09 1.427212e-09
4.776181e+01 5.098555e-10 6.295193e-10 4.042374e-10 4.958099e-10
4.781078e+01 1.720802e-10 2.139460e-10 1.385889e-10 1.637057e-10
4.785975e+01 5.520433e-11 6.914688e-11 4.516638e-11 5.129974e-11
4.790873e+01 1.678045e-11 2.117282e-11 1.396037e-11 1.520816e-11
4.795770e+01 4.772876e-12 6.082961e-12 4.051864e-12 4.183805e-12
4.800667e+01 1.271483e-12 1.637561e-12 1.087214e-12 1.089673e-12
4.805564e+01 3.214024e-13 4.173784e-13 2.817110e-13 2.651178e-13
4.810461e+01 6.906181e-14 8.882350e-14 6.885174e-14 4.951021e-14
4.815358e+01 1.524310e-14 2.056634e-14 1.470829e-14 1.045466e-14
4.820255e+01 1.853394e-15 3.277647e-15 2.071589e-15 2.109444e-16
4.825152e+01 0.000000e+00 0.000000e+00 0.000000e+00 0.000000e+00
4.830049e+01 0.000000e+00 0.000000e+00 0.000000e+00 0.000000e+00
4.834946e+01 0.000000e+00 0.000000e+00 0.000000e+00 0.000000e+00
4.839843e+01 0.000000e+00 0.000000e+00 0.000000e+00 0.000000e+00
4.844740e+01 0.000000e+00 0.000000e+00 0.000000e+00 0.000000e+00
4.849637e+01 0.000000e+00 0.000000e+00 0.000000e+00 0.000000e+00
4.854534e+01 0.000000e+00 0.000000e+00 0.000000e+00 0.000000e+00
4.859431e+01 0.000000e+00 0.000000e+00 0.000000e+00 0.000000e+00
4.864328e+01 0.000000e+00 0.000000e+00 0.000000e+00 0.000000e+00
4.869225e+01 0.000000e+00 0.000000e+00 0.000000e+00 0.000000e+00
4.874123e+01 0.000000e+00 0.000000e+00 0.000000e+00 0.000000e+00
4.879020e+01 0.000000e+00 0.000000e+00 0.000000e+00 0.000000e+00
4.883917e+01 0.000000e+00 0.000000e+00 0.000000e+00 0.000000e+00
4.888814e+01 0.000000e+00 0.000000e+00 0.000000e+00 0.000000e+00
4.893711e+01 0.000000e+00 0.000000e+00 0.000000e+00 0.000000e+00
4.898608e+01 0.000000e+00 0.000000e+00 0.000000e+00 0.000000e+00
4.903505e+01 0.000000e+00 0.000000e+00 0.000000e+00 0.000000e+00
4.908402e+01 0.000000e+00 0.000000e+00 0.000000e+00 0.000000e+00
4.913299e+01 0.000000e+00 0.000000e+00 0.000000e+00 0.000000e+00
4.918196e+01 0.000000e+00 0.000000e+00 0.000000e+00 0.000000e+00
4.923093e+01 0.000000e+00 0.000000e+00 0.000000e+00 0.000000e+00
4.927990e+01 0.000000e+00 0.000000e+00 0.000000e+00 0.000000e+00
4.932887e+01 0.000000e+00 0.000000e+00 0.000000e+00 0.000000e+00
4.937784e+01 0.000000e+00 0.000000e+00 0.000000e+00 0.000000e+00
4.942681e+01 0.000000e+00 0.000000e+00 0.000000e+00 0.000000e+00
4.947578e+01 0.000000e+00 0.000000e+00 0.000000e+00 0.000000e+00
4.952475e+01 0.000000e+00 0.000000e+00 0.000000e+00 0.000000e+00
4.957373e+01 0.000000e+00 0.000000e+00 0.000000e+00 0.000000e+00
4.962270e+01 0.000000e+00 0.000000e+00 0.000000e+00 0.000000e+00
4.967167e+01 0.000000e+00 0.000000e+00 0.000000e+00 0.000000e+00
4.972064e+01 0.000000e+00 0.000000e+00 0.000000e+00 0.000000e+00
4.976961e+01 0.000000e+00 0.000000e+00 0.000000e+00 0.000000e+00
4.981858e+01 0.000000e+00 0.000000e+00 0.000000e+00 0.000000e+00
4.986755e+01 0.000000e+00 0.000000e+00 0.000000e+00 0.000000e+00
4.991652e+01 0.000000e+00 0.000000e+00 0.000000e+00 0.000000e+00
4.996549e+01 0.000000e+00 0.000000e+00 0.000000e+00 0.000000e+00
5.001446e+01 0.000000e+00 0.000000e+00 0.000000e+00 0.000000e+00
5.006343e+01 0.000000e+00 0.000000e+00 0.000000e+00 0.000000e+00
5.011240e+01 0.000000e+00 0.000000e+00 0.000000e+00 0.000000e+00
5.016137e+01 0.000000e+00 0.000000e+00 0.000000e+00 0.000000e+00
5.021034e+01 0.000000e+00 0.000000e+00 0.000000e+00 0.000000e+00
5.025931e+01 0.000000e+00 0.000000e+00 0.000000e+00 0.000000e+00
5.030828e+01 0.000000e+00 0.000000e+00 0.000000e+00 0.000000e+00
5.035726e+01 0.000000e+00 0.000000e+00 0.000000e+00 0.000000e+00
5.040623e+01 0.000000e+00 0.000000e+00 0.000000e+00 0.000000e+00
5.045520e+01 0.000000e+00 0.000000e+00 0.000000e+00 0.000000e+00
5.050417e+01 0.000000e+00 0.000000e+00 0.000000e+00 0.000000e+00
5.055314e+01 0.000000e+00 0.000000e+00 0.000000e+00 0.000000e+00
5.060211e+01 0.000000e+00 0.000000e+00 0.000000e+00 0.000000e+00
5.065108e+01 0.000000e+00 0.000000e+00 0.000000e+00 0.000000e+00
5.070005e+01 0.000000e+00 0.000000e+00 0.000000e+00 0.000000e+00
5.074902e+01 0.000000e+00 0.000000e+00 0.000000e+00 0.000000e+00
5.079799e+01 0.000000e+00 0.000000e+00 0.000000e+00 0.000000e+00
5.084696e+01 0.000000e+00 0.000000e+00 0.000000e+00 0.000000e+00
5.089593e+01 0.000000e+00 0.000000e+00 0.000000e+00 0.000000e+00
5.094490e+01 0.000000e+00 0.000000e+00 0.000000e+00 0.000000e+00
5.099387e+01 0.000000e+00 0.000000e+00 0.000000e+00 0.000000e+00
5.104284e+01 0.000000e+00 0.000000e+00 0.000000e+00 0.000000e+00
5.109181e+01 0.000000e+00 0.000000e+00 0.000000e+00 0.000000e+00
5.114078e+01 0.000000e+00 0.000000e+00 0.000000e+00 0.000000e+00
5.118976e+01 0.000000e+00 0.000000e+00 0.000000e+00 0.000000e+00
5.123873e+01 0.000000e+00 0.000000e+00 0.000000e+00 0.000000e+00
5.128770e+01 0.000000e+00 0.000000e+00 0.000000e+00 0.000000e+00
5.133667e+01 0.000000e+00 0.000000e+00 0.000000e+00 0.000000e+00
5.138564e+01 0.000000e+00 0.000000e+00 0.000000e+00 0.000000e+00
5.143461e+01 0.000000e+00 0.000000e+00 0.000000e+00 0.000000e+00
5.148358e+01 0.000000e+00 0.000000e+00 0.000000e+00 0.000000e+00
5.153255e+01 0.000000e+00 0.000000e+00 0.000000e+00 0.000000e+00
5.158152e+01 0.000000e+00 0.000000e+00 0.000000e+00 0.000000e+00
5.163049e+01 0.000000e+00 0.000000e+00 0.000000e+00 0.000000e+00
5.167946e+01 0.000000e+00 0.000000e+00 0.000000e+00 0.000000e+00
5.172843e+01 0.000000e+00 0.000000e+00 0.000000e+00 0.000000e+00
5.177740e+01 0.000000e+00 0.000000e+00 0.000000e+00 0.000000e+00
5.182637e+01 0.000000e+00 0.000000e+00 0.000000e+00 0.000000e+00
5.187534e+01 0.000000e+00 0.000000e+00 0.000000e+00 0.000000e+00
5.192431e+01 0.000000e+00 0.000000e+00 0.000000e+00 0.000000e+00
5.197328e+01 0.000000e+00 0.000000e+00 0.000000e+00 0.000000e+00
5.202226e+01 0.000000e+00 0.000000e+00 0.000000e+00 0.000000e+00
5.207123e+01 0.000000e+00 0.000000e+00 0.000000e+00 0.000000e+00
5.212020e+01 0.000000e+00 0.000000e+00 0.000000e+00 0.000000e+00
5.216917e+01 0.000000e+00 0.000000e+00 0.000000e+00 0.000000e+00
5.221814e+01 0.000000e+00 0.000000e+00 0.000000e+00 0.000000e+00
5.226711e+01 0.000000e+00 0.000000e+00 0.000000e+00 0.000000e+00
5.231608e+01 0.000000e+00 0.000000e+00 0.000000e+00 0.000000e+00
5.236505e+01 0.000000e+00 0.000000e+00 0.000000e+00 0.000000e+00
5.241402e+01 0.000000e+00 0.000000e+00 0.000000e+00 0.000000e+00
5.246299e+01 0.000000e+00 0.000000e+00 0.000000e+00 0.000000e+00
5.251196e+01 0.000000e+00 0.000000e+00 0.000000e+00 0.000000e+00
5.256093e+01 0.000000e+00 0.000000e+00 0.000000e+00 0.000000e+00
5.260990e+01 0.000000e+00 0.000000e+00 0.000000e+00 0.000000e+00
5.265887e+01 0.000000e+00 0.000000e+00 0.000000e+00 0.000000e+00
5.270784e+01 0.000000e+00 0.000000e+00 0.000000e+00 0.000000e+00
5.275681e+01 0.000000e+00 0.000000e+00 0.000000e+00 0.000000e+00
5.280579e+01 0.000000e+00 0.000000e+00 0.000000e+00 0.000000e+00
5.285476e+01 0.000000e+00 0.000000e+00 0.000000e+00 0.000000e+00
5.290373e+01 0.000000e+00 0.000000e+00 0.000000e+00 0.000000e+00
5.295270e+01 0.000000e+00 0.000000e+00 0.000000e+00 0.000000e+00
5.300167e+01 0.000000e+00 0.000000e+00 0.000000e+00 0.000000e+00
5.305064e+01 0.000000e+00 0.000000e+00 0.000000e+00 0.000000e+00
5.309961e+01 0.000000e+00 0.000000e+00 0.000000e+00 0.000000e+00
5.314858e+01 0.000000e+00 0.000000e+00 0.000000e+00 0.000000e+00
5.319755e+01 0.000000e+00 0.000000e+00 0.000000e+00 0.000000e+00
5.324652e+01 0.000000e+00 0.000000e+00 0.000000e+00 0.000000e+00
5.329549e+01 0.000000e+00 0.000000e+00 0.000000e+00 0.000000e+00
5.334446e+01 0.000000e+00 0.000000e+00 0.000000e+00 0.000000e+00
5.339343e+01 0.000000e+00 0.000000e+00 0.000000e+00 0.000000e+00
5.344240e+01 0.000000e+00 0.000000e+00 0.000000e+00 0.000000e+00
5.349137e+01 0.000000e+00 0.000000e+00 0.000000e+00 0.000000e+00
5.354034e+01 0.000000e+00 0.000000e+00 0.000000e+00 0.000000e+00
5.358931e+01 0.000000e+00 0.000000e+00 0.000000e+00 0.000000e+00
5.363829e+01 0.000000e+00 0.000000e+00 0.000000e+00 0.000000e+00
5.368726e+01 0.000000e+00 0.000000e+00 0.000000e+00 0.000000e+00
5.373623e+01 0.000000e+00 0.000000e+00 0.000000e+00 0.000000e+00
5.378520e+01 0.000000e+00 0.000000e+00 0.000000e+00 0.000000e+00
5.383417e+01 0.000000e+00 0.000000e+00 0.000000e+00 0.000000e+00
5.388314e+01 0.000000e+00 0.000000e+00 0.000000e+00 0.000000e+00
5.393211e+01 0.000000e+00 0.000000e+00 0.000000e+00 0.000000e+00
5.398108e+01 0.000000e+00 0.000000e+00 0.000000e+00 0.000000e+00
5.403005e+01 0.000000e+00 0.000000e+00 0.000000e+00 0.000000e+00
5.407902e+01 0.000000e+00 0.000000e+00 0.000000e+00 0.000000e+00
5.412799e+01 0.000000e+00 0.000000e+00 0.000000e+00 0.000000e+00
5.417696e+01 0.000000e+00 0.000000e+00 0.000000e+00 0.000000e+00
5.422593e+01 0.000000e+00 0.000000e+00 0.000000e+00 0.000000e+00
5.427490e+01 0.000000e+00 0.000000e+00 0.000000e+00 0.000000e+00
5.432387e+01 0.000000e+00 0.000000e+00 0.000000e+00 0.000000e+00
5.437284e+01 0.000000e+00 0.000000e+00 0.000000e+00 0.000000e+00
5.442181e+01 0.000000e+00 0.000000e+00 0.000000e+00 0.000000e+00
5.447079e+01 0.000000e+00 0.000000e+00 0.000000e+00 0.000000e+00
5.451976e+01 0.000000e+00 0.000000e+00 0.000000e+00 0.000000e+00
5.456873e+01 0.000000e+00 0.000000e+00 0.000000e+00 0.000000e+00
5.461770e+01 0.000000e+00 0.000000e+00 0.000000e+00 0.000000e+00
5.466667e+01 0.000000e+00 0.000000e+00 0.000000e+00 0.000000e+00
5.471564e+01 0.000000e+00 0.000000e+00 0.000000e+00 0.000000e+00
5.476461e+01 0.000000e+00 0.000000e+00 0.000000e+00 0.000000e+00
5.481358e+01 0.000000e+00 0.000000e+00 0.000000e+00 0.000000e+00
5.486255e+01 0.000000e+00 0.000000e+00 0.000000e+00 0.000000e+00
5.491152e+01 0.000000e+00 0.000000e+00 0.000000e+00 0.000000e+00
5.496049e+01 0.000000e+00 0.000000e+00 0.000000e+00 0.000000e+00
5.500946e+01 0.000000e+00 0.000000e+00 0.000000e+00 0.000000e+00
5.505843e+01 0.000000e+00 0.000000e+00 0.000000e+00 0.000000e+00
5.510740e+01 0.000000e+00 0.000000e+00 0.000000e+00 0.000000e+00
5.515637e+01 0.000000e+00 0.000000e+00 0.000000e+00 0.000000e+00
5.520534e+01 0.000000e+00 0.000000e+00 0.000000e+00 0.000000e+00
5.525432e+01 0.000000e+00 0.000000e+00 0.000000e+00 0.000000e+00
5.530329e+01 0.000000e+00 0.000000e+00 0.000000e+00 0.000000e+00
5.535226e+01 0.000000e+00 0.000000e+00 0.000000e+00 0.000000e+00
5.540123e+01 0.000000e+00 0.000000e+00 0.000000e+00 0.000000e+00
5.545020e+01 0.000000e+00 0.000000e+00 0.000000e+00 0.000000e+00
5.549917e+01 0.000000e+00 0.000000e+00 0.000000e+00 0.000000e+00
5.554814e+01 0.000000e+00 0.000000e+00 0.000000e+00 0.000000e+00
5.559711e+01 0.000000e+00 0.000000e+00 0.000000e+00 0.000000e+00
5.564608e+01 0.000000e+00 0.000000e+00 0.000000e+00 0.000000e+00
5.569505e+01 0.000000e+00 0.000000e+00 0.000000e+00 0.000000e+00
5.574402e+01 0.000000e+00 0.000000e+00 0.000000e+00 0.000000e+00
5.579299e+01 0.000000e+00 0.000000e+00 0.000000e+00 0.000000e+00
5.584196e+01 0.000000e+00 0.000000e+00 0.000000e+00 0.000000e+00
5.589093e+01 0.000000e+00 0.000000e+00 0.000000e+00 0.000000e+00
5.593990e+01 0.000000e+00 0.000000e+00 0.000000e+00 0.000000e+00
5.598887e+01 0.000000e+00 0.000000e+00 0.000000e+00 0.000000e+00
5.603784e+01 0.000000e+00 0.000000e+00 0.000000e+00 0.000000e+00
5.608682e+01 0.000000e+00 0.000000e+00 0.000000e+00 0.000000e+00
5.613579e+01 0.000000e+00 0.000000e+00 0.000000e+00 0.000000e+00
5.618476e+01 0.000000e+00 0.000000e+00 0.000000e+00 0.000000e+00
5.623373e+01 0.000000e+00 0.000000e+00 0.000000e+00 0.000000e+00
5.628270e+01 0.000000e+00 0.000000e+00 0.000000e+00 0.000000e+00
5.633167e+01 0.000000e+00 0.000000e+00 0.000000e+00 0.000000e+00
5.638064e+01 0.000000e+00 0.000000e+00 0.000000e+00 0.000000e+00
5.642961e+01 0.000000e+00 0.000000e+00 0.000000e+00 0.000000e+00
5.647858e+01 0.000000e+00 0.000000e+00 0.000000e+00 0.000000e+00
5.652755e+01 0.000000e+00 0.000000e+00 0.000000e+00 0.000000e+00
5.657652e+01 0.000000e+00 0.000000e+00 0.000000e+00 0.000000e+00
5.662549e+01 0.000000e+00 0.000000e+00 0.000000e+00 0.000000e+00
5.667446e+01 0.000000e+00 0.000000e+00 0.000000e+00 0.000000e+00
5.672343e+01 0.000000e+00 0.000000e+00 0.000000e+00 0.000000e+00
