3.217382e+00 0.000000e+00 0.000000e+00 0.000000e+00 0.000000e+00
3.269382e+00 0.000000e+00 0.000000e+00 0.000000e+00 0.000000e+00
3.321382e+00 0.000000e+00 0.000000e+00 0.000000e+00 0.000000e+00
3.373382e+00 0.000000e+00 0.000000e+00 0.000000e+00 0.000000e+00
3.425382e+00 0.000000e+00 0.000000e+00 0.000000e+00 0.000000e+00
3.477382e+00 0.000000e+00 0.000000e+00 0.000000e+00 0.000000e+00
3.529382e+00 0.000000e+00 0.000000e+00 0.000000e+00 0.000000e+00
3.581382e+00 0.000000e+00 0.000000e+00 0.000000e+00 0.000000e+00
3.633382e+00 0.000000e+00 0.000000e+00 0.000000e+00 0.000000e+00
3.685382e+00 0.000000e+00 0.000000e+00 0.000000e+00 0.000000e+00
3.737382e+00 0.000000e+00 0.000000e+00 0.000000e+00 0.000000e+00
3.789382e+00 0.000000e+00 0.000000e+00 0.000000e+00 0.000000e+00
3.841382e+00 0.000000e+00 0.000000e+00 0.000000e+00 0.000000e+00
3.893382e+00 0.000000e+00 0.000000e+00 0.000000e+00 0.000000e+00
3.945382e+00 0.000000e+00 0.000000e+00 0.000000e+00 0.000000e+00
3.997382e+00 0.000000e+00 0.000000e+00 0.000000e+00 0.000000e+00
4.049382e+00 0.000000e+00 0.000000e+00 0.000000e+00 0.000000e+00
4.101382e+00 0.000000e+00 0.000000e+00 0.000000e+00 0.000000e+00
4.153382e+00 0.000000e+00 0.000000e+00 0.000000e+00 0.000000e+00
4.205382e+00 0.000000e+00 0.000000e+00 0.000000e+00 0.000000e+00
4.257382e+00 0.000000e+00 0.000000e+00 0.000000e+00 0.000000e+00
4.309382e+00 0.000000e+00 0.000000e+00 0.000000e+00 0.000000e+00
4.361382e+00 0.000000e+00 0.000000e+00 0.000000e+00 0.000000e+00
4.413382e+00 0.000000e+00 0.000000e+00 0.000000e+00 0.000000e+00
4.465382e+00 0.000000e+00 0.000000e+00 0.000000e+00 0.000000e+00
4.517382e+00 0.000000e+00 0.000000e+00 0.000000e+00 0.000000e+00
4.569382e+00 0.000000e+00 0.000000e+00 0.000000e+00 0.000000e+00
4.621382e+00 0.000000e+00 0.000000e+00 0.000000e+00 0.000000e+00
4.673382e+00 0.000000e+00 0.000000e+00 0.000000e+00 0.000000e+00
4.725382e+00 0.000000e+00 0.000000e+00 0.000000e+00 0.000000e+00
4.777382e+00 0.000000e+00 0.000000e+00 0.000000e+00 0.000000e+00
4.829382e+00 0.000000e+00 0.000000e+00 0.000000e+00 0.000000e+00
4.881382e+00 0.000000e+00 0.000000e+00 0.000000e+00 0.000000e+00
4.933382e+00 0.000000e+00 0.000000e+00 0.000000e+00 0.000000e+00
4.985382e+00 0.000000e+00 0.000000e+00 0.000000e+00 0.000000e+00
5.037382e+00 0.000000e+00 0.000000e+00 0.000000e+00 0.000000e+00
5.089382e+00 0.000000e+00 0.000000e+00 0.000000e+00 0.000000e+00
5.141382e+00 0.000000e+00 0.000000e+00 0.000000e+00 0.000000e+00
5.193382e+00 0.000000e+00 0.000000e+00 0.000000e+00 0.000000e+00
5.245382e+00 0.000000e+00 0.000000e+00 0.000000e+00 0.000000e+00
5.297382e+00 0.000000e+00 0.000000e+00 0.000000e+00 0.000000e+00
5.349382e+00 0.000000e+00 0.000000e+00 0.000000e+00 0.000000e+00
5.401382e+00 0.000000e+00 0.000000e+00 0.000000e+00 0.000000e+00
5.453382e+00 0.000000e+00 0.000000e+00 0.000000e+00 0.000000e+00
5.505382e+00 0.000000e+00 0.000000e+00 0.000000e+00 0.000000e+00
5.557382e+00 0.000000e+00 0.000000e+00 0.000000e+00 0.000000e+00
5.609382e+00 0.000000e+00 0.000000e+00 0.000000e+00 0.000000e+00
5.661382e+00 0.000000e+00 0.000000e+00 0.000000e+00 0.000000e+00
5.713382e+00 0.000000e+00 0.000000e+00 0.000000e+00 0.000000e+00
5.765382e+00 0.000000e+00 0.000000e+00 0.000000e+00 0.000000e+00
5.817382e+00 0.000000e+00 0.000000e+00 0.000000e+00 0.000000e+00
5.869382e+00 0.000000e+00 0.000000e+00 0.000000e+00 0.000000e+00
5.921382e+00 0.000000e+00 0.000000e+00 0.000000e+00 0.000000e+00
5.973382e+00 0.000000e+00 0.000000e+00 0.000000e+00 0.000000e+00
6.025382e+00 0.000000e+00 0.000000e+00 0.000000e+00 0.000000e+00
6.077382e+00 0.000000e+00 0.000000e+00 0.000000e+00 0.000000e+00
6.129382e+00 0.000000e+00 0.000000e+00 0.000000e+00 0.000000e+00
6.181382e+00 0.000000e+00 0.000000e+00 0.000000e+00 0.000000e+00
6.233382e+00 0.000000e+00 0.000000e+00 0.000000e+00 0.000000e+00
6.285382e+00 0.000000e+00 0.000000e+00 0.000000e+00 0.000000e+00
6.337382e+00 0.000000e+00 0.000000e+00 0.000000e+00 0.000000e+00
6.389382e+00 0.000000e+00 0.000000e+00 0.000000e+00 0.000000e+00
6.441382e+00 0.000000e+00 0.000000e+00 0.000000e+00 0.000000e+00
6.493382e+00 0.000000e+00 0.000000e+00 0.000000e+00 0.000000e+00
6.545382e+00 0.000000e+00 0.000000e+00 0.000000e+00 0.000000e+00
6.597382e+00 0.000000e+00 0.000000e+00 0.000000e+00 0.000000e+00
6.649382e+00 0.000000e+00 0.000000e+00 0.000000e+00 0.000000e+00
6.701382e+00 0.000000e+00 0.000000e+00 0.000000e+00 0.000000e+00
6.753382e+00 0.000000e+00 0.000000e+00 0.000000e+00 0.000000e+00
6.805382e+00 0.000000e+00 0.000000e+00 0.000000e+00 0.000000e+00
6.857382e+00 0.000000e+00 0.000000e+00 0.000000e+00 0.000000e+00
6.909382e+00 0.000000e+00 0.000000e+00 0.000000e+00 0.000000e+00
6.961382e+00 0.000000e+00 0.000000e+00 0.000000e+00 0.000000e+00
7.013382e+00 0.000000e+00 0.000000e+00 0.000000e+00 0.000000e+00
7.065382e+00 6.452318e-15 1.302126e-14 5.889744e-15 4.459476e-16
7.117382e+00 2.953097e-14 5.959571e-14 2.695618e-14 2.041013e-15
7.169382e+00 1.263227e-13 2.549286e-13 1.153087e-13 8.730705e-15
7.221382e+00 6.692853e-13 1.264509e-12 6.250405e-13 1.183065e-13
7.273382e+00 2.618519e-12 4.899358e-12 2.451022e-12 5.051764e-13
7.325382e+00 9.889735e-12 1.817662e-11 9.288128e-12 2.204454e-12
7.377382e+00 3.452358e-11 6.259604e-11 3.250357e-11 8.471131e-12
7.429382e+00 1.137496e-10 2.031875e-10 1.073571e-10 3.070408e-11
7.481382e+00 3.541904e-10 6.224071e-10 3.350121e-10 1.051520e-10
7.533382e+00 1.041643e-09 1.799250e-09 9.872679e-10 3.384102e-10
7.585382e+00 2.897490e-09 4.915148e-09 2.750987e-09 1.026336e-09
7.637382e+00 7.629494e-09 1.270160e-08 7.253959e-09 2.932920e-09
7.689382e+00 1.902855e-08 3.107605e-08 1.811020e-08 7.899403e-09
7.741382e+00 4.498001e-08 7.204817e-08 4.283503e-08 2.005682e-08
7.793382e+00 1.008250e-07 1.584149e-07 9.603496e-08 4.802523e-08
7.845382e+00 2.144263e-07 3.305832e-07 2.041960e-07 1.084996e-07
7.897382e+00 4.328801e-07 6.552351e-07 4.119923e-07 2.314129e-07
7.949382e+00 8.299877e-07 1.234434e-06 7.892500e-07 4.662792e-07
8.001382e+00 1.512395e-06 2.212294e-06 1.436582e-06 8.883090e-07
8.053382e+00 2.621164e-06 3.775121e-06 2.486673e-06 1.601698e-06
8.105382e+00 4.325307e-06 6.141086e-06 4.098025e-06 2.736810e-06
8.157382e+00 6.805428e-06 9.538029e-06 6.439540e-06 4.438716e-06
8.209382e+00 1.022954e-05 1.417325e-05 9.667913e-06 6.847452e-06
8.261382e+00 1.472834e-05 2.020547e-05 1.390454e-05 1.007500e-05
8.313382e+00 2.038094e-05 2.773273e-05 1.922180e-05 1.418830e-05
8.365382e+00 2.722037e-05 3.680632e-05 2.564697e-05 1.920781e-05
8.417382e+00 3.525898e-05 4.746801e-05 3.318362e-05 2.512531e-05
8.469382e+00 4.451956e-05 5.978923e-05 4.183777e-05 3.193169e-05
8.521382e+00 5.504631e-05 7.387827e-05 5.162637e-05 3.963430e-05
8.573382e+00 6.687162e-05 8.982683e-05 6.254793e-05 4.824011e-05
8.625382e+00 7.993534e-05 1.075961e-04 7.451411e-05 5.769579e-05
8.677382e+00 9.398598e-05 1.268850e-04 8.726986e-05 6.780307e-05
8.729382e+00 1.085198e-04 1.470529e-04 1.003524e-04 7.815419e-05
8.781382e+00 1.228145e-04 1.671659e-04 1.131382e-04 8.813942e-05
8.833382e+00 1.360814e-04 1.861884e-04 1.249989e-04 9.705688e-05
8.885382e+00 1.477150e-04 2.032858e-04 1.355433e-04 1.043157e-04
8.937382e+00 1.575813e-04 2.181603e-04 1.448921e-04 1.096915e-04
8.989382e+00 1.662842e-04 2.313468e-04 1.539210e-04 1.135848e-04
9.041382e+00 1.753609e-04 2.444168e-04 1.644173e-04 1.172487e-04
9.093382e+00 1.873680e-04 2.600519e-04 1.790957e-04 1.229563e-04
9.145382e+00 2.058036e-04 2.819332e-04 2.014177e-04 1.340599e-04
9.197382e+00 2.347979e-04 3.143757e-04 2.351650e-04 1.548528e-04
9.249382e+00 2.785315e-04 3.616812e-04 2.837804e-04 1.901329e-04
9.301382e+00 3.404492e-04 4.273043e-04 3.496051e-04 2.444382e-04
9.353382e+00 4.224748e-04 5.130761e-04 4.332648e-04 3.210836e-04
9.405382e+00 5.245229e-04 6.187886e-04 5.334813e-04 4.212987e-04
9.457382e+00 6.445386e-04 7.423321e-04 6.474476e-04 5.438362e-04
9.509382e+00 7.790727e-04 8.803054e-04 7.716357e-04 6.852771e-04
9.561382e+00 9.241223e-04 1.028767e-03 9.026509e-04 8.409486e-04
9.613382e+00 1.075827e-03 1.183733e-03 1.037698e-03 1.006050e-03
9.665382e+00 1.230727e-03 1.341237e-03 1.174457e-03 1.176488e-03
9.717382e+00 1.385641e-03 1.497180e-03 1.310575e-03 1.349167e-03
9.769382e+00 1.537528e-03 1.647378e-03 1.443305e-03 1.521899e-03
9.821382e+00 1.683789e-03 1.788197e-03 1.569771e-03 1.693399e-03
9.873382e+00 1.823085e-03 1.917615e-03 1.687930e-03 1.863711e-03
9.925382e+00 1.956255e-03 2.036129e-03 1.797719e-03 2.034918e-03
9.977382e+00 2.086597e-03 2.146734e-03 1.901610e-03 2.211448e-03
1.002938e+01 2.219016e-03 2.253684e-03 2.004040e-03 2.399324e-03
1.008138e+01 2.358218e-03 2.360527e-03 2.109917e-03 2.604209e-03
1.013338e+01 2.506885e-03 2.468555e-03 2.223060e-03 2.829041e-03
1.018538e+01 2.664920e-03 2.576703e-03 2.345541e-03 3.072514e-03
1.023738e+01 2.830305e-03 2.683141e-03 2.478321e-03 3.329454e-03
1.028938e+01 3.001168e-03 2.787680e-03 2.622629e-03 3.593194e-03
1.034138e+01 3.177808e-03 2.893537e-03 2.780972e-03 3.858916e-03
1.039338e+01 3.363423e-03 3.007195e-03 2.956762e-03 4.126312e-03
1.044538e+01 3.562781e-03 3.136092e-03 3.152336e-03 4.399914e-03
1.049738e+01 3.779097e-03 3.284899e-03 3.366061e-03 4.686332e-03
1.054938e+01 4.010166e-03 3.451828e-03 3.589785e-03 4.988885e-03
1.060138e+01 4.245318e-03 3.626464e-03 3.807903e-03 5.301589e-03
1.065338e+01 4.464784e-03 3.790118e-03 3.998817e-03 5.605418e-03
1.070538e+01 4.642437e-03 3.918966e-03 4.138772e-03 5.869574e-03
1.075738e+01 4.751759e-03 3.989333e-03 4.207181e-03 6.058762e-03
1.080938e+01 4.773404e-03 3.983737e-03 4.191902e-03 6.144572e-03
1.086138e+01 4.701721e-03 3.895899e-03 4.092749e-03 6.116515e-03
1.091338e+01 4.547603e-03 3.733136e-03 3.922041e-03 5.987631e-03
1.096538e+01 4.336327e-03 3.515315e-03 3.701974e-03 5.791694e-03
1.101738e+01 4.101071e-03 3.270646e-03 3.459694e-03 5.572872e-03
1.106938e+01 3.874457e-03 3.029538e-03 3.221651e-03 5.372182e-03
1.112138e+01 3.681090e-03 2.818234e-03 3.008810e-03 5.216225e-03
1.117338e+01 3.533273e-03 2.653890e-03 2.833803e-03 5.112127e-03
1.122538e+01 3.430683e-03 2.542254e-03 2.700370e-03 5.049424e-03
1.127738e+01 3.363323e-03 2.478325e-03 2.604782e-03 5.006860e-03
1.132938e+01 3.316337e-03 2.449565e-03 2.538590e-03 4.960855e-03
1.138138e+01 3.275057e-03 2.440501e-03 2.491863e-03 4.892807e-03
1.143338e+01 3.228978e-03 2.437230e-03 2.456065e-03 4.793639e-03
1.148538e+01 3.173787e-03 2.430410e-03 2.425859e-03 4.665090e-03
1.153738e+01 3.111093e-03 2.415977e-03 2.399357e-03 4.517946e-03
1.158938e+01 3.046107e-03 2.393660e-03 2.376857e-03 4.367806e-03
1.164138e+01 2.984107e-03 2.364259e-03 2.358619e-03 4.229443e-03
1.169338e+01 2.927008e-03 2.327054e-03 2.342698e-03 4.111273e-03
1.174538e+01 2.871379e-03 2.278556e-03 2.323896e-03 4.011686e-03
1.179738e+01 2.808777e-03 2.213186e-03 2.294465e-03 3.918680e-03
1.184938e+01 2.728380e-03 2.125531e-03 2.246390e-03 3.813219e-03
1.190138e+01 2.620938e-03 2.013132e-03 2.174295e-03 3.675388e-03
1.195338e+01 2.482478e-03 1.878515e-03 2.077694e-03 3.491226e-03
1.200538e+01 2.316270e-03 1.729542e-03 1.961568e-03 3.257699e-03
1.205738e+01 2.132305e-03 1.577896e-03 1.835005e-03 2.984015e-03
1.210938e+01 1.944584e-03 1.436305e-03 1.708529e-03 2.688919e-03
1.216138e+01 1.767345e-03 1.315541e-03 1.591182e-03 2.395311e-03
1.221338e+01 1.611684e-03 1.222200e-03 1.488473e-03 2.124378e-03
1.226538e+01 1.483643e-03 1.157839e-03 1.401755e-03 1.891335e-03
1.231738e+01 1.384095e-03 1.119474e-03 1.329003e-03 1.703807e-03
1.236938e+01 1.310016e-03 1.101021e-03 1.266397e-03 1.562630e-03
1.242138e+01 1.256334e-03 1.095084e-03 1.209957e-03 1.463962e-03
1.247338e+01 1.217549e-03 1.094536e-03 1.156642e-03 1.401470e-03
1.252538e+01 1.188688e-03 1.093593e-03 1.104688e-03 1.367783e-03
1.257738e+01 1.165594e-03 1.088322e-03 1.053383e-03 1.355078e-03
1.262938e+01 1.144875e-03 1.076712e-03 1.002682e-03 1.355229e-03
1.268138e+01 1.123857e-03 1.058508e-03 9.530017e-04 1.360061e-03
1.273338e+01 1.100763e-03 1.034930e-03 9.052856e-04 1.362074e-03
1.278538e+01 1.074990e-03 1.008282e-03 8.611627e-04 1.355526e-03
1.283738e+01 1.047240e-03 9.813801e-04 8.228896e-04 1.337449e-03
1.288938e+01 1.019263e-03 9.567998e-04 7.929126e-04 1.308076e-03
1.294138e+01 9.932212e-04 9.360923e-04 7.731575e-04 1.270414e-03
1.299338e+01 9.709057e-04 9.192484e-04 7.643757e-04 1.229093e-03
1.304538e+01 9.531569e-04 9.046530e-04 7.658990e-04 1.188919e-03
1.309738e+01 9.397259e-04 8.896004e-04 7.759442e-04 1.153633e-03
1.314938e+01 9.295781e-04 8.712044e-04 7.923111e-04 1.125219e-03
1.320138e+01 9.214374e-04 8.473856e-04 8.131131e-04 1.103814e-03
1.325338e+01 9.142974e-04 8.176230e-04 8.371824e-04 1.088087e-03
1.330538e+01 9.077146e-04 7.832984e-04 8.639916e-04 1.075854e-03
1.335738e+01 9.018678e-04 7.476654e-04 8.932228e-04 1.064715e-03
1.340938e+01 8.975135e-04 7.156340e-04 9.243269e-04 1.052580e-03
1.346138e+01 8.960171e-04 6.936117e-04 9.564571e-04 1.037982e-03
1.351338e+01 8.995660e-04 6.895649e-04 9.889837e-04 1.020149e-03
1.356538e+01 9.115231e-04 7.132740e-04 1.022489e-03 9.988065e-04
1.361738e+01 9.367298e-04 7.765308e-04 1.059834e-03 9.738246e-04
1.366938e+01 9.814918e-04 8.928630e-04 1.106743e-03 9.448696e-04
1.372138e+01 1.053013e-03 1.076344e-03 1.171435e-03 9.112612e-04
1.377338e+01 1.158176e-03 1.339225e-03 1.263136e-03 8.721667e-04
1.382538e+01 1.301743e-03 1.688464e-03 1.389679e-03 8.270874e-04
1.387738e+01 1.484282e-03 2.121717e-03 1.554707e-03 7.764222e-04
1.392938e+01 1.700260e-03 2.623749e-03 1.755197e-03 7.218356e-04
1.398138e+01 1.936924e-03 3.164514e-03 1.979988e-03 6.662703e-04
1.403338e+01 2.174534e-03 3.700050e-03 2.209874e-03 6.136780e-04
1.408538e+01 2.388399e-03 4.176851e-03 2.419579e-03 5.687683e-04
1.413738e+01 2.552734e-03 4.539557e-03 2.581513e-03 5.371326e-04
1.418938e+01 2.645847e-03 4.740758e-03 2.670846e-03 5.259381e-04
1.424138e+01 2.655584e-03 4.750822e-03 2.670895e-03 5.450349e-04
1.429338e+01 2.583577e-03 4.565204e-03 2.577585e-03 6.079411e-04
1.434538e+01 2.446859e-03 4.206958e-03 2.401670e-03 7.319477e-04
1.439738e+01 2.275946e-03 3.723315e-03 2.167849e-03 9.366739e-04
1.444938e+01 2.109455e-03 3.176843e-03 1.910696e-03 1.240827e-03
1.450138e+01 1.986440e-03 2.633459e-03 1.668302e-03 1.657559e-03
1.455338e+01 1.938391e-03 2.150531e-03 1.475252e-03 2.189390e-03
1.460538e+01 1.982971e-03 1.768206e-03 1.356746e-03 2.823961e-03
1.465738e+01 2.120913e-03 1.505756e-03 1.325219e-03 3.531763e-03
1.470938e+01 2.336513e-03 1.362964e-03 1.379965e-03 4.266611e-03
1.476138e+01 2.601172e-03 1.324965e-03 1.509354e-03 4.969197e-03
1.481338e+01 2.878879e-03 1.368345e-03 1.694630e-03 5.573662e-03
1.486538e+01 3.132462e-03 1.466598e-03 1.914084e-03 6.016705e-03
1.491738e+01 3.329532e-03 1.593970e-03 2.146555e-03 6.248070e-03
1.496938e+01 3.447259e-03 1.727690e-03 2.373661e-03 6.240427e-03
1.502138e+01 3.475259e-03 1.849131e-03 2.580612e-03 5.996035e-03
1.507338e+01 3.416082e-03 1.944497e-03 2.755956e-03 5.547793e-03
1.512538e+01 3.283292e-03 2.005311e-03 2.890918e-03 4.953645e-03
1.517738e+01 3.097676e-03 2.028656e-03 2.978956e-03 4.285416e-03
1.522938e+01 2.882673e-03 2.016948e-03 3.015965e-03 3.615106e-03
1.528138e+01 2.660223e-03 1.977100e-03 3.001051e-03 3.002519e-03
1.533338e+01 2.447965e-03 1.919116e-03 2.937423e-03 2.487357e-03
1.538538e+01 2.258083e-03 1.854301e-03 2.832809e-03 2.087138e-03
1.543738e+01 2.097522e-03 1.793368e-03 2.698937e-03 1.800259e-03
1.548938e+01 1.968965e-03 1.744695e-03 2.550047e-03 1.612154e-03
1.554138e+01 1.871985e-03 1.713033e-03 2.400784e-03 1.502139e-03
1.559338e+01 1.804040e-03 1.698967e-03 2.264078e-03 1.449075e-03
1.564538e+01 1.761260e-03 1.699371e-03 2.149548e-03 1.434861e-03
1.569738e+01 1.739098e-03 1.708856e-03 2.062733e-03 1.445707e-03
1.574938e+01 1.732895e-03 1.721834e-03 2.005138e-03 1.471712e-03
1.580138e+01 1.738313e-03 1.734480e-03 1.974910e-03 1.505549e-03
1.585338e+01 1.751562e-03 1.745816e-03 1.967860e-03 1.541012e-03
1.590538e+01 1.769365e-03 1.757498e-03 1.978614e-03 1.571983e-03
1.595738e+01 1.788755e-03 1.772463e-03 2.001664e-03 1.592140e-03
1.600938e+01 1.806888e-03 1.793133e-03 2.032138e-03 1.595392e-03
1.606138e+01 1.820990e-03 1.820002e-03 2.066110e-03 1.576859e-03
1.611338e+01 1.828506e-03 1.851157e-03 2.100376e-03 1.533985e-03
1.616538e+01 1.827319e-03 1.882741e-03 2.131856e-03 1.467359e-03
1.621738e+01 1.815932e-03 1.909956e-03 2.156933e-03 1.380907e-03
1.626938e+01 1.793553e-03 1.928100e-03 2.171190e-03 1.281370e-03
1.632138e+01 1.760140e-03 1.933354e-03 2.169840e-03 1.177225e-03
1.637338e+01 1.716557e-03 1.923353e-03 2.148889e-03 1.077430e-03
1.642538e+01 1.664940e-03 1.897741e-03 2.106680e-03 9.903997e-04
1.647738e+01 1.609200e-03 1.858831e-03 2.045302e-03 9.234668e-04
1.652938e+01 1.555441e-03 1.812187e-03 1.971297e-03 8.828393e-04
1.658138e+01 1.511970e-03 1.766733e-03 1.895351e-03 8.738261e-04
1.663338e+01 1.488636e-03 1.734005e-03 1.830912e-03 9.009908e-04
1.668538e+01 1.495446e-03 1.726405e-03 1.791984e-03 9.679485e-04
1.673738e+01 1.540672e-03 1.754767e-03 1.790551e-03 1.076696e-03
1.678938e+01 1.628891e-03 1.825907e-03 1.834184e-03 1.226581e-03
1.684138e+01 1.759504e-03 1.940902e-03 1.924420e-03 1.413191e-03
1.689338e+01 1.926173e-03 2.094671e-03 2.056331e-03 1.627518e-03
1.694538e+01 2.117398e-03 2.276961e-03 2.219449e-03 1.855783e-03
1.699738e+01 2.318129e-03 2.474387e-03 2.399796e-03 2.080204e-03
1.704938e+01 2.512067e-03 2.672853e-03 2.582487e-03 2.280860e-03
1.710138e+01 2.684124e-03 2.859618e-03 2.754224e-03 2.438530e-03
1.715338e+01 2.822529e-03 3.024508e-03 2.905054e-03 2.538023e-03
1.720538e+01 2.920120e-03 3.160145e-03 3.029067e-03 2.571147e-03
1.725738e+01 2.974609e-03 3.261425e-03 3.124006e-03 2.538396e-03
1.730938e+01 2.987841e-03 3.324766e-03 3.190075e-03 2.448683e-03
1.736138e+01 2.964386e-03 3.347617e-03 3.228490e-03 2.317050e-03
1.741338e+01 2.909976e-03 3.328538e-03 3.240311e-03 2.161078e-03
1.746538e+01 2.830318e-03 3.267806e-03 3.226029e-03 1.997119e-03
1.751738e+01 2.730568e-03 3.168204e-03 3.185957e-03 1.837544e-03
1.756938e+01 2.615449e-03 3.035538e-03 3.121143e-03 1.689666e-03
1.762138e+01 2.489704e-03 2.878564e-03 3.034230e-03 1.556317e-03
1.767338e+01 2.358476e-03 2.708241e-03 2.929737e-03 1.437450e-03
1.772538e+01 2.227318e-03 2.536461e-03 2.813551e-03 1.331942e-03
1.777738e+01 2.101742e-03 2.374525e-03 2.691837e-03 1.238863e-03
1.782938e+01 1.986477e-03 2.231635e-03 2.569861e-03 1.157934e-03
1.788138e+01 1.884737e-03 2.113684e-03 2.451254e-03 1.089273e-03
1.793338e+01 1.797804e-03 2.022596e-03 2.338003e-03 1.032813e-03
1.798538e+01 1.725094e-03 1.956419e-03 2.231057e-03 9.878064e-04
1.803738e+01 1.664676e-03 1.910181e-03 2.131169e-03 9.526800e-04
1.808938e+01 1.614013e-03 1.877301e-03 2.039466e-03 9.252722e-04
1.814138e+01 1.570645e-03 1.851147e-03 1.957487e-03 9.033022e-04
1.819338e+01 1.532626e-03 1.826300e-03 1.886735e-03 8.848420e-04
1.824538e+01 1.498672e-03 1.799288e-03 1.828117e-03 8.686119e-04
1.829738e+01 1.468155e-03 1.768749e-03 1.781683e-03 8.540324e-04
1.834938e+01 1.441039e-03 1.735191e-03 1.746840e-03 8.410859e-04
1.840138e+01 1.417832e-03 1.700532e-03 1.722862e-03 8.301009e-04
1.845338e+01 1.399474e-03 1.667558e-03 1.709297e-03 8.215681e-04
1.850538e+01 1.387109e-03 1.639349e-03 1.705945e-03 8.160319e-04
1.855738e+01 1.381691e-03 1.618699e-03 1.712347e-03 8.140265e-04
1.860938e+01 1.383538e-03 1.607563e-03 1.727070e-03 8.159829e-04
1.866138e+01 1.391952e-03 1.606594e-03 1.747210e-03 8.220532e-04
1.871338e+01 1.405037e-03 1.614834e-03 1.768397e-03 8.318811e-04
1.876538e+01 1.419800e-03 1.629602e-03 1.785369e-03 8.444286e-04
1.881738e+01 1.432506e-03 1.646625e-03 1.792896e-03 8.579962e-04
1.886938e+01 1.439231e-03 1.660440e-03 1.786745e-03 8.705068e-04
1.892138e+01 1.436479e-03 1.665062e-03 1.764386e-03 8.799895e-04
1.897338e+01 1.421748e-03 1.654886e-03 1.725277e-03 8.850811e-04
1.902538e+01 1.393915e-03 1.625684e-03 1.670728e-03 8.853344e-04
1.907738e+01 1.353382e-03 1.575487e-03 1.603450e-03 8.812085e-04
1.912938e+01 1.301958e-03 1.505123e-03 1.526991e-03 8.737586e-04
1.918138e+01 1.242540e-03 1.418205e-03 1.445245e-03 8.641681e-04
1.923338e+01 1.178665e-03 1.320563e-03 1.362127e-03 8.533061e-04
1.928538e+01 1.114034e-03 1.219234e-03 1.281417e-03 8.414501e-04
1.933738e+01 1.052067e-03 1.121301e-03 1.206668e-03 8.282317e-04
1.938938e+01 9.955595e-04 1.032836e-03 1.141051e-03 8.127908e-04
1.944138e+01 9.464392e-04 9.581664e-04 1.087073e-03 7.940785e-04
1.949338e+01 9.056499e-04 8.995179e-04 1.046199e-03 7.712330e-04
1.954538e+01 8.731551e-04 8.570167e-04 1.018508e-03 7.439407e-04
1.959738e+01 8.480693e-04 8.289789e-04 1.002537e-03 7.126921e-04
1.964938e+01 8.289163e-04 8.124391e-04 9.954528e-04 6.788570e-04
1.970138e+01 8.139904e-04 8.038557e-04 9.935677e-04 6.445477e-04
1.975338e+01 8.017553e-04 7.998818e-04 9.930904e-04 6.122938e-04
1.980538e+01 7.911698e-04 7.980181e-04 9.908859e-04 5.846054e-04
1.985738e+01 7.818251e-04 7.969449e-04 9.850013e-04 5.635292e-04
1.990938e+01 7.738345e-04 7.964100e-04 9.747950e-04 5.502984e-04
1.996138e+01 7.675182e-04 7.967264e-04 9.606696e-04 5.451585e-04
2.001338e+01 7.630315e-04 7.981130e-04 9.435657e-04 5.474159e-04
2.006538e+01 7.601185e-04 8.001968e-04 9.244501e-04 5.557085e-04
2.011738e+01 7.581156e-04 8.019129e-04 9.039928e-04 5.684412e-04
2.016938e+01 7.562019e-04 8.018380e-04 8.825010e-04 5.842667e-04
2.022138e+01 7.537591e-04 7.987690e-04 8.600439e-04 6.024644e-04
2.027338e+01 7.506499e-04 7.922431e-04 8.366308e-04 6.230760e-04
2.032538e+01 7.472659e-04 7.827400e-04 8.123250e-04 6.467327e-04
2.037738e+01 7.443198e-04 7.714875e-04 7.872626e-04 6.742092e-04
2.042938e+01 7.424867e-04 7.599901e-04 7.616224e-04 7.058477e-04
2.048138e+01 7.420663e-04 7.495214e-04 7.356234e-04 7.410542e-04
2.053338e+01 7.428133e-04 7.407992e-04 7.095870e-04 7.780536e-04
2.058538e+01 7.439898e-04 7.339302e-04 6.840334e-04 8.140058e-04
2.063738e+01 7.445881e-04 7.285663e-04 6.597352e-04 8.454629e-04
2.068938e+01 7.436063e-04 7.241287e-04 6.376575e-04 8.690327e-04
2.074138e+01 7.402690e-04 7.199807e-04 6.187671e-04 8.820592e-04
2.079338e+01 7.341364e-04 7.155067e-04 6.037654e-04 8.831370e-04
2.084538e+01 7.251096e-04 7.101347e-04 5.928469e-04 8.723472e-04
2.089738e+01 7.133740e-04 7.033499e-04 5.855821e-04 8.511900e-04
2.094938e+01 6.993194e-04 6.947184e-04 5.809755e-04 8.222643e-04
2.100138e+01 6.834548e-04 6.838978e-04 5.776772e-04 7.887893e-04
2.105338e+01 6.663182e-04 6.706112e-04 5.742712e-04 7.540721e-04
2.110538e+01 6.483859e-04 6.545987e-04 5.695450e-04 7.210140e-04
2.115738e+01 6.299991e-04 6.356010e-04 5.626690e-04 6.917274e-04
2.120938e+01 6.113330e-04 6.134285e-04 5.532598e-04 6.673107e-04
2.126138e+01 5.924194e-04 5.881136e-04 5.413442e-04 6.478004e-04
2.131338e+01 5.732098e-04 5.600758e-04 5.272603e-04 6.322934e-04
2.136538e+01 5.536443e-04 5.301932e-04 5.115316e-04 6.192082e-04
2.141738e+01 5.336949e-04 4.997081e-04 4.947384e-04 6.066381e-04
2.146938e+01 5.133728e-04 4.699779e-04 4.774006e-04 5.927399e-04
2.152138e+01 4.927187e-04 4.421702e-04 4.598882e-04 5.760976e-04
2.157338e+01 4.718044e-04 4.170311e-04 4.423794e-04 5.560026e-04
2.162538e+01 4.507692e-04 3.948223e-04 4.248838e-04 5.326016e-04
2.167738e+01 4.298834e-04 3.754353e-04 4.073321e-04 5.068827e-04
2.172938e+01 4.096081e-04 3.586113e-04 3.897076e-04 4.805055e-04
2.178138e+01 3.906127e-04 3.441570e-04 3.721705e-04 4.555105e-04
2.183338e+01 3.737198e-04 3.320633e-04 3.551224e-04 4.339738e-04
2.188538e+01 3.597812e-04 3.224913e-04 3.391763e-04 4.176759e-04
2.193738e+01 3.495123e-04 3.156544e-04 3.250390e-04 4.078436e-04
2.198938e+01 3.433380e-04 3.116634e-04 3.133507e-04 4.049999e-04
2.204138e+01 3.412937e-04 3.104085e-04 3.045472e-04 4.089253e-04
2.209338e+01 3.430122e-04 3.115210e-04 2.988006e-04 4.187151e-04
2.214538e+01 3.477952e-04 3.144235e-04 2.960558e-04 4.329063e-04
2.219738e+01 3.547397e-04 3.184388e-04 2.961328e-04 4.496475e-04
2.224938e+01 3.628820e-04 3.229189e-04 2.988363e-04 4.668907e-04
2.230138e+01 3.713176e-04 3.273562e-04 3.040097e-04 4.825870e-04
2.235338e+01 3.792775e-04 3.314552e-04 3.115059e-04 4.948715e-04
2.240538e+01 3.861546e-04 3.351535e-04 3.210919e-04 5.022185e-04
2.245738e+01 3.914983e-04 3.385924e-04 3.323432e-04 5.035595e-04
2.250938e+01 3.950011e-04 3.420506e-04 3.445954e-04 4.983574e-04
2.256138e+01 3.965010e-04 3.458635e-04 3.569985e-04 4.866410e-04
2.261338e+01 3.960094e-04 3.503544e-04 3.686745e-04 4.689995e-04
2.266538e+01 3.937517e-04 3.557950e-04 3.789311e-04 4.465291e-04
2.271738e+01 3.901887e-04 3.623889e-04 3.874544e-04 4.207229e-04
2.276938e+01 3.859823e-04 3.702547e-04 3.943934e-04 3.932988e-04
2.282138e+01 3.818850e-04 3.793800e-04 4.002855e-04 3.659894e-04
2.287338e+01 3.785652e-04 3.895397e-04 4.058230e-04 3.403329e-04
2.292538e+01 3.764213e-04 4.002090e-04 4.115347e-04 3.175201e-04
2.297738e+01 3.754560e-04 4.105340e-04 4.175049e-04 2.983289e-04
2.302938e+01 3.752758e-04 4.194228e-04 4.232585e-04 2.831463e-04
2.308138e+01 3.752348e-04 4.257833e-04 4.278806e-04 2.720405e-04
2.313338e+01 3.746751e-04 4.288542e-04 4.303406e-04 2.648304e-04
2.318538e+01 3.731668e-04 4.284979e-04 4.298871e-04 2.611153e-04
2.323738e+01 3.706349e-04 4.253028e-04 4.263377e-04 2.602641e-04
2.328938e+01 3.673109e-04 4.203998e-04 4.201314e-04 2.614013e-04
2.334138e+01 3.635330e-04 4.150331e-04 4.121249e-04 2.634410e-04
2.339338e+01 3.595030e-04 4.100610e-04 4.032416e-04 2.652064e-04
2.344538e+01 3.551361e-04 4.056239e-04 3.941523e-04 2.656321e-04
2.349738e+01 3.500952e-04 4.011494e-04 3.851378e-04 2.639983e-04
2.354938e+01 3.439999e-04 3.957015e-04 3.761774e-04 2.601208e-04
2.360138e+01 3.367048e-04 3.885111e-04 3.671854e-04 2.544178e-04
2.365338e+01 3.285007e-04 3.794366e-04 3.582488e-04 2.478168e-04
2.370538e+01 3.201365e-04 3.691485e-04 3.497425e-04 2.415184e-04
2.375738e+01 3.126487e-04 3.589722e-04 3.422858e-04 2.366880e-04
2.380938e+01 3.070784e-04 3.504776e-04 3.365907e-04 2.341669e-04
2.386138e+01 3.041928e-04 3.449988e-04 3.332968e-04 2.342829e-04
2.391338e+01 3.043091e-04 3.432653e-04 3.328620e-04 2.367999e-04
2.396538e+01 3.072591e-04 3.452508e-04 3.355233e-04 2.410033e-04
2.401738e+01 3.124794e-04 3.502525e-04 3.413012e-04 2.458846e-04
2.406938e+01 3.191780e-04 3.571389e-04 3.500131e-04 2.503819e-04
2.412138e+01 3.265305e-04 3.646738e-04 3.612856e-04 2.536322e-04
2.417338e+01 3.338674e-04 3.718232e-04 3.745787e-04 2.552002e-04
2.422538e+01 3.408155e-04 3.779662e-04 3.892364e-04 2.552439e-04
2.427738e+01 3.473618e-04 3.829577e-04 4.045568e-04 2.545707e-04
2.432938e+01 3.538075e-04 3.870277e-04 4.198515e-04 2.545433e-04
2.438138e+01 3.606136e-04 3.905567e-04 4.344617e-04 2.568225e-04
2.443338e+01 3.681805e-04 3.938197e-04 4.477291e-04 2.629927e-04
2.448538e+01 3.766511e-04 3.968153e-04 4.589595e-04 2.741785e-04
2.453738e+01 3.858295e-04 3.992700e-04 4.674385e-04 2.907800e-04
2.458938e+01 3.952626e-04 4.008264e-04 4.725404e-04 3.124209e-04
2.464138e+01 4.044500e-04 4.013330e-04 4.739089e-04 3.381081e-04
2.469338e+01 4.130832e-04 4.010926e-04 4.716360e-04 3.665209e-04
2.474538e+01 4.211982e-04 4.009374e-04 4.663446e-04 3.963126e-04
2.479738e+01 4.291779e-04 4.020742e-04 4.591194e-04 4.263402e-04
2.484938e+01 4.376166e-04 4.057439e-04 4.513008e-04 4.558052e-04
2.490138e+01 4.471197e-04 4.128149e-04 4.442146e-04 4.843297e-04
2.495338e+01 4.581233e-04 4.234583e-04 4.389229e-04 5.119888e-04
2.500538e+01 4.707900e-04 4.370176e-04 4.360591e-04 5.392933e-04
2.505738e+01 4.849962e-04 4.521164e-04 4.357675e-04 5.671048e-04
2.510938e+01 5.004018e-04 4.669717e-04 4.377395e-04 5.964942e-04
2.516138e+01 5.165797e-04 4.798169e-04 4.413287e-04 6.285935e-04
2.521338e+01 5.331775e-04 4.893126e-04 4.457262e-04 6.644936e-04
2.526538e+01 5.500651e-04 4.948354e-04 4.501662e-04 7.051937e-04
2.531738e+01 5.674078e-04 4.965761e-04 4.541144e-04 7.515328e-04
2.536938e+01 5.856053e-04 4.954312e-04 4.573794e-04 8.040054e-04
2.542138e+01 6.050808e-04 4.927294e-04 4.601003e-04 8.624126e-04
2.547338e+01 6.259672e-04 4.898700e-04 4.626114e-04 9.254201e-04
2.552538e+01 6.478069e-04 4.879756e-04 4.652399e-04 9.902052e-04
2.557738e+01 6.693983e-04 4.876546e-04 4.681279e-04 1.052412e-03
2.562938e+01 6.888853e-04 4.889378e-04 4.711628e-04 1.106555e-03
2.568138e+01 7.040941e-04 4.913956e-04 4.740416e-04 1.146845e-03
2.573338e+01 7.130207e-04 4.943777e-04 4.764277e-04 1.168257e-03
2.578538e+01 7.143093e-04 4.972753e-04 4.781151e-04 1.167538e-03
2.583738e+01 7.075694e-04 4.997068e-04 4.791202e-04 1.143881e-03
2.588938e+01 6.934446e-04 5.015747e-04 4.796685e-04 1.099091e-03
2.594138e+01 6.734490e-04 5.030113e-04 4.801051e-04 1.037231e-03
2.599338e+01 6.496589e-04 5.042829e-04 4.807933e-04 9.639005e-04
2.604538e+01 6.243794e-04 5.057281e-04 4.820567e-04 8.853533e-04
2.609738e+01 5.998701e-04 5.077709e-04 4.841773e-04 8.076622e-04
2.614938e+01 5.781570e-04 5.109842e-04 4.874145e-04 7.360723e-04
2.620138e+01 5.609042e-04 5.161404e-04 4.919918e-04 6.745806e-04
2.625338e+01 5.493077e-04 5.241762e-04 4.980242e-04 6.257226e-04
2.630538e+01 5.439929e-04 5.360398e-04 5.054163e-04 5.905225e-04
2.635738e+01 5.449434e-04 5.524474e-04 5.138047e-04 5.685782e-04
2.640938e+01 5.515097e-04 5.736318e-04 5.226178e-04 5.582796e-04
2.646138e+01 5.625377e-04 5.991840e-04 5.312646e-04 5.571645e-04
2.651338e+01 5.766090e-04 6.280642e-04 5.393758e-04 5.623869e-04
2.656538e+01 5.923254e-04 6.587885e-04 5.469689e-04 5.712187e-04
2.661738e+01 6.085385e-04 6.897256e-04 5.544295e-04 5.814603e-04
2.666938e+01 6.244429e-04 7.193908e-04 5.622947e-04 5.916432e-04
2.672138e+01 6.395214e-04 7.466370e-04 5.709479e-04 6.009793e-04
2.677338e+01 6.534066e-04 7.707049e-04 5.803920e-04 6.091229e-04
2.682538e+01 6.657665e-04 7.911719e-04 5.902344e-04 6.158932e-04
2.687738e+01 6.762956e-04 8.078851e-04 5.998994e-04 6.211023e-04
2.692938e+01 6.848155e-04 8.209402e-04 6.089543e-04 6.245520e-04
2.698138e+01 6.914100e-04 8.307080e-04 6.173770e-04 6.261449e-04
2.703338e+01 6.964915e-04 8.378520e-04 6.256293e-04 6.259933e-04
2.708538e+01 7.007381e-04 8.432799e-04 6.345121e-04 6.244223e-04
2.713738e+01 7.049201e-04 8.480226e-04 6.448876e-04 6.218502e-04
2.718938e+01 7.097029e-04 8.530928e-04 6.574038e-04 6.186122e-04
2.724138e+01 7.155154e-04 8.593907e-04 6.723284e-04 6.148271e-04
2.729338e+01 7.225283e-04 8.676803e-04 6.895302e-04 6.103743e-04
2.734538e+01 7.307244e-04 8.786060e-04 7.085795e-04 6.049878e-04
2.739738e+01 7.400071e-04 8.926891e-04 7.289096e-04 5.984226e-04
2.744938e+01 7.502958e-04 9.102783e-04 7.499822e-04 5.906270e-04
2.750138e+01 7.615814e-04 9.314672e-04 7.714113e-04 5.818658e-04
2.755338e+01 7.739282e-04 9.560188e-04 7.930070e-04 5.727589e-04
2.760538e+01 7.874161e-04 9.833116e-04 8.147115e-04 5.642251e-04
2.765738e+01 8.020278e-04 1.012299e-03 8.364386e-04 5.573460e-04
2.770938e+01 8.175116e-04 1.041472e-03 8.578747e-04 5.531876e-04
2.776138e+01 8.332779e-04 1.068870e-03 8.783367e-04 5.526269e-04
2.781338e+01 8.483971e-04 1.092197e-03 8.967708e-04 5.562235e-04
2.786538e+01 8.617289e-04 1.109125e-03 9.119140e-04 5.641481e-04
2.791738e+01 8.721494e-04 1.117734e-03 9.225597e-04 5.761548e-04
2.796938e+01 8.787908e-04 1.116971e-03 9.278229e-04 5.915789e-04
2.802138e+01 8.811979e-04 1.106924e-03 9.273091e-04 6.093603e-04
2.807338e+01 8.793520e-04 1.088784e-03 9.211475e-04 6.281244e-04
2.812538e+01 8.735830e-04 1.064478e-03 9.099124e-04 6.463583e-04
2.817738e+01 8.644392e-04 1.036138e-03 8.944884e-04 6.626907e-04
2.822938e+01 8.525930e-04 1.005613e-03 8.759423e-04 6.762234e-04
2.828138e+01 8.388173e-04 9.742127e-04 8.554330e-04 6.868061e-04
2.833338e+01 8.240129e-04 9.427452e-04 8.341594e-04 6.951340e-04
2.838538e+01 8.092291e-04 9.117675e-04 8.133215e-04 7.025982e-04
2.843738e+01 7.956174e-04 8.818825e-04 7.940583e-04 7.109114e-04
2.848938e+01 7.843004e-04 8.539263e-04 7.773481e-04 7.216268e-04
2.854138e+01 7.761875e-04 8.289604e-04 7.638892e-04 7.357128e-04
2.859338e+01 7.718043e-04 8.080828e-04 7.540066e-04 7.533235e-04
2.864538e+01 7.711999e-04 7.921483e-04 7.476359e-04 7.738154e-04
2.869738e+01 7.739557e-04 7.815081e-04 7.443949e-04 7.959642e-04
2.874938e+01 7.792782e-04 7.758586e-04 7.437113e-04 8.182648e-04
2.880138e+01 7.861298e-04 7.742406e-04 7.449422e-04 8.392066e-04
2.885338e+01 7.933698e-04 7.751918e-04 7.474433e-04 8.574742e-04
2.890538e+01 7.999041e-04 7.770220e-04 7.505894e-04 8.721008e-04
2.895738e+01 8.048652e-04 7.781663e-04 7.538043e-04 8.826250e-04
2.900938e+01 8.078195e-04 7.775522e-04 7.566522e-04 8.892540e-04
2.906138e+01 8.089485e-04 7.748939e-04 7.589960e-04 8.929555e-04
2.911338e+01 8.091076e-04 7.708203e-04 7.611512e-04 8.953512e-04
2.916538e+01 8.096755e-04 7.667645e-04 7.639191e-04 8.983430e-04
2.921738e+01 8.121918e-04 7.646158e-04 7.684179e-04 9.035417e-04
2.926938e+01 8.178926e-04 7.662278e-04 7.757268e-04 9.117233e-04
2.932138e+01 8.273304e-04 7.729428e-04 7.864655e-04 9.225830e-04
2.937338e+01 8.402392e-04 7.852885e-04 8.004819e-04 9.349473e-04
2.942538e+01 8.556954e-04 8.029234e-04 8.167822e-04 9.473806e-04
2.947738e+01 8.724825e-04 8.248020e-04 8.337312e-04 9.589144e-04
2.952938e+01 8.894860e-04 8.494546e-04 8.494468e-04 9.695565e-04
2.958138e+01 9.059606e-04 8.752727e-04 8.622546e-04 9.803547e-04
2.963338e+01 9.216051e-04 9.007293e-04 8.710728e-04 9.930133e-04
2.968538e+01 9.364801e-04 9.245190e-04 8.756495e-04 1.009272e-03
2.973738e+01 9.508572e-04 9.456274e-04 8.766177e-04 1.030326e-03
2.978938e+01 9.650752e-04 9.633464e-04 8.753751e-04 1.056504e-03
2.984138e+01 9.794287e-04 9.772494e-04 8.738122e-04 1.087224e-03
2.989338e+01 9.940786e-04 9.871480e-04 8.739334e-04 1.121154e-03
2.994538e+01 1.008967e-03 9.930538e-04 8.774396e-04 1.156407e-03
2.999738e+01 1.023743e-03 9.951679e-04 8.853581e-04 1.190702e-03
3.004938e+01 1.037735e-03 9.938980e-04 8.978058e-04 1.221502e-03
3.010138e+01 1.050021e-03 9.898814e-04 9.139503e-04 1.246232e-03
3.015338e+01 1.059598e-03 9.839887e-04 9.321801e-04 1.262624e-03
3.020538e+01 1.065640e-03 9.772869e-04 9.504456e-04 1.269189e-03
3.025738e+01 1.067766e-03 9.709569e-04 9.666777e-04 1.265662e-03
3.030938e+01 1.066194e-03 9.661652e-04 9.791756e-04 1.253241e-03
3.036138e+01 1.061743e-03 9.639001e-04 9.868659e-04 1.234464e-03
3.041338e+01 1.055637e-03 9.647950e-04 9.893824e-04 1.212734e-03
3.046538e+01 1.049190e-03 9.689848e-04 9.869848e-04 1.191601e-03
3.051738e+01 1.043500e-03 9.760559e-04 9.803913e-04 1.174052e-03
3.056938e+01 1.039248e-03 9.851316e-04 9.706220e-04 1.161989e-03
3.062138e+01 1.036680e-03 9.950878e-04 9.589154e-04 1.156038e-03
3.067338e+01 1.035729e-03 1.004833e-03 9.467096e-04 1.155644e-03
3.072538e+01 1.036186e-03 1.013557e-03 9.356205e-04 1.159382e-03
3.077738e+01 1.037854e-03 1.020882e-03 9.273352e-04 1.165346e-03
3.082938e+01 1.040605e-03 1.026876e-03 9.233928e-04 1.171545e-03
3.088138e+01 1.044371e-03 1.031967e-03 9.249049e-04 1.176242e-03
3.093338e+01 1.049116e-03 1.036798e-03 9.323267e-04 1.178224e-03
3.098538e+01 1.054799e-03 1.042051e-03 9.453796e-04 1.176965e-03
3.103738e+01 1.061358e-03 1.048264e-03 9.631607e-04 1.172648e-03
3.108938e+01 1.068700e-03 1.055661e-03 9.843833e-04 1.166055e-03
3.114138e+01 1.076667e-03 1.064020e-03 1.007635e-03 1.158345e-03
3.119338e+01 1.084985e-03 1.072619e-03 1.031541e-03 1.150796e-03
3.124538e+01 1.093204e-03 1.080262e-03 1.054769e-03 1.144579e-03
3.129738e+01 1.100647e-03 1.085387e-03 1.075929e-03 1.140625e-03
3.134938e+01 1.106421e-03 1.086231e-03 1.093451e-03 1.139581e-03
3.140138e+01 1.109498e-03 1.081050e-03 1.105600e-03 1.141844e-03
3.145338e+01 1.108902e-03 1.068405e-03 1.110692e-03 1.147610e-03
3.150538e+01 1.103955e-03 1.047473e-03 1.107496e-03 1.156895e-03
3.155738e+01 1.094494e-03 1.018324e-03 1.095681e-03 1.169477e-03
3.160938e+01 1.080975e-03 9.820357e-04 1.076105e-03 1.184785e-03
3.166138e+01 1.064386e-03 9.405792e-04 1.050789e-03 1.201791e-03
3.171338e+01 1.045989e-03 8.964587e-04 1.022509e-03 1.219000e-03
3.176538e+01 1.026987e-03 8.522190e-04 9.941124e-04 1.234629e-03
3.181738e+01 1.008234e-03 8.099840e-04 9.677922e-04 1.246926e-03
3.186938e+01 9.901005e-04 7.711768e-04 9.445778e-04 1.254547e-03
3.192138e+01 9.725166e-04 7.364839e-04 9.242310e-04 1.256835e-03
3.197338e+01 9.551683e-04 7.060270e-04 9.055868e-04 1.253891e-03
3.202538e+01 9.377617e-04 6.796334e-04 8.872002e-04 1.246452e-03
3.207738e+01 9.202562e-04 6.570835e-04 8.680390e-04 1.235646e-03
3.212938e+01 9.029843e-04 6.382497e-04 8.479501e-04 1.222753e-03
3.218138e+01 8.866190e-04 6.231020e-04 8.277275e-04 1.209027e-03
3.223338e+01 8.720025e-04 6.116117e-04 8.087807e-04 1.195615e-03
3.228538e+01 8.599032e-04 6.036161e-04 7.925705e-04 1.183523e-03
3.233738e+01 8.507908e-04 5.987104e-04 7.800626e-04 1.173600e-03
3.238938e+01 8.447081e-04 5.962157e-04 7.714186e-04 1.166490e-03
3.244138e+01 8.412763e-04 5.952377e-04 7.660159e-04 1.162575e-03
3.249338e+01 8.398153e-04 5.948033e-04 7.627394e-04 1.161903e-03
3.254538e+01 8.395232e-04 5.940351e-04 7.603878e-04 1.164147e-03
3.259738e+01 8.396485e-04 5.923133e-04 7.580252e-04 1.168607e-03
3.264938e+01 8.396104e-04 5.893752e-04 7.551696e-04 1.174286e-03
3.270138e+01 8.390569e-04 5.853229e-04 7.518043e-04 1.180044e-03
3.275338e+01 8.378824e-04 5.805482e-04 7.482664e-04 1.184833e-03
3.280538e+01 8.362319e-04 5.756135e-04 7.450936e-04 1.187989e-03
3.285738e+01 8.345042e-04 5.711424e-04 7.428901e-04 1.189480e-03
3.290938e+01 8.333323e-04 5.677552e-04 7.422325e-04 1.190009e-03
3.296138e+01 8.335088e-04 5.660471e-04 7.436052e-04 1.190874e-03
3.301338e+01 8.358383e-04 5.665725e-04 7.473425e-04 1.193600e-03
3.306538e+01 8.409412e-04 5.697996e-04 7.535658e-04 1.199458e-03
3.311738e+01 8.490762e-04 5.760308e-04 7.621326e-04 1.209065e-03
3.316938e+01 8.600553e-04 5.853219e-04 7.726256e-04 1.222218e-03
3.322138e+01 8.732972e-04 5.974500e-04 7.844088e-04 1.238033e-03
3.327338e+01 8.879969e-04 6.119553e-04 7.967491e-04 1.255286e-03
3.332538e+01 9.033337e-04 6.282323e-04 8.089653e-04 1.272804e-03
3.337738e+01 9.186246e-04 6.456202e-04 8.205500e-04 1.289704e-03
3.342938e+01 9.333608e-04 6.634504e-04 8.312219e-04 1.305410e-03
3.348138e+01 9.471414e-04 6.810591e-04 8.409121e-04 1.319453e-03
3.353338e+01 9.595746e-04 6.978128e-04 8.497306e-04 1.331180e-03
3.358538e+01 9.702353e-04 7.131914e-04 8.579606e-04 1.339554e-03
3.363738e+01 9.787214e-04 7.269232e-04 8.660915e-04 1.343149e-03
3.368938e+01 9.847830e-04 7.391082e-04 8.748404e-04 1.340400e-03
3.374138e+01 9.884463e-04 7.502438e-04 8.850863e-04 1.330009e-03
3.379338e+01 9.900560e-04 7.611108e-04 8.976837e-04 1.311373e-03
3.384538e+01 9.902140e-04 7.725508e-04 9.132033e-04 1.284888e-03
3.389738e+01 9.896541e-04 7.852285e-04 9.317208e-04 1.252013e-03
3.394938e+01 9.891194e-04 7.994797e-04 9.527670e-04 1.215112e-03
3.400138e+01 9.892941e-04 8.152974e-04 9.754683e-04 1.177117e-03
3.405338e+01 9.907850e-04 8.324336e-04 9.987979e-04 1.141123e-03
3.410538e+01 9.941135e-04 8.505449e-04 1.021796e-03 1.109999e-03
3.415738e+01 9.996698e-04 8.693014e-04 1.043653e-03 1.086055e-03
3.420938e+01 1.007616e-03 8.884151e-04 1.063635e-03 1.070797e-03
3.426138e+01 1.017768e-03 9.075965e-04 1.080956e-03 1.064753e-03
3.431338e+01 1.029519e-03 9.264853e-04 1.094687e-03 1.067386e-03
3.436538e+01 1.041850e-03 9.446114e-04 1.103804e-03 1.077133e-03
3.441738e+01 1.053462e-03 9.614200e-04 1.107365e-03 1.091600e-03
3.446938e+01 1.063011e-03 9.763634e-04 1.104740e-03 1.107930e-03
3.452138e+01 1.069389e-03 9.890319e-04 1.095837e-03 1.123299e-03
3.457338e+01 1.071969e-03 9.992773e-04 1.081224e-03 1.135406e-03
3.462538e+01 1.070750e-03 1.007287e-03 1.062139e-03 1.142824e-03
3.467738e+01 1.066353e-03 1.013584e-03 1.040380e-03 1.145096e-03
3.472938e+01 1.059875e-03 1.018941e-03 1.018108e-03 1.142576e-03
3.478138e+01 1.052649e-03 1.024246e-03 9.975943e-04 1.136106e-03
3.483338e+01 1.045979e-03 1.030338e-03 9.809374e-04 1.126661e-03
3.488538e+01 1.040912e-03 1.037857e-03 9.697910e-04 1.115090e-03
3.493738e+01 1.038080e-03 1.047137e-03 9.651287e-04 1.101974e-03
3.498938e+01 1.037614e-03 1.058163e-03 9.670997e-04 1.087580e-03
3.504138e+01 1.039155e-03 1.070586e-03 9.750256e-04 1.071854e-03
3.509338e+01 1.041938e-03 1.083803e-03 9.875649e-04 1.054445e-03
3.514538e+01 1.044956e-03 1.097065e-03 1.003016e-03 1.034787e-03
3.519738e+01 1.047177e-03 1.109599e-03 1.019673e-03 1.012259e-03
3.524938e+01 1.047755e-03 1.120736e-03 1.036102e-03 9.864286e-04
3.530138e+01 1.046194e-03 1.130028e-03 1.051264e-03 9.572904e-04
3.535338e+01 1.042409e-03 1.137346e-03 1.064447e-03 9.254350e-04
3.540538e+01 1.036688e-03 1.142930e-03 1.075087e-03 8.920487e-04
3.545738e+01 1.029574e-03 1.147386e-03 1.082594e-03 8.587418e-04
3.550938e+01 1.021713e-03 1.151588e-03 1.086294e-03 8.272563e-04
3.556138e+01 1.013722e-03 1.156497e-03 1.085524e-03 7.991440e-04
3.561338e+01 1.006088e-03 1.162919e-03 1.079838e-03 7.755069e-04
3.566538e+01 9.991309e-04 1.171276e-03 1.069255e-03 7.568619e-04
3.571738e+01 9.930181e-04 1.181474e-03 1.054428e-03 7.431519e-04
3.576938e+01 9.878361e-04 1.192936e-03 1.036689e-03 7.338831e-04
3.582138e+01 9.836964e-04 1.204814e-03 1.017938e-03 7.283372e-04
3.587338e+01 9.808273e-04 1.216296e-03 1.000404e-03 7.257815e-04
3.592538e+01 9.795935e-04 1.226876e-03 9.862989e-04 7.256057e-04
3.597738e+01 9.804061e-04 1.236438e-03 9.774295e-04 7.273510e-04
3.602938e+01 9.835389e-04 1.245116e-03 9.748440e-04 7.306572e-04
3.608138e+01 9.889309e-04 1.252996e-03 9.785952e-04 7.352011e-04
3.613338e+01 9.960780e-04 1.259826e-03 9.877054e-04 7.407024e-04
3.618538e+01 1.004084e-03 1.264879e-03 1.000358e-03 7.470159e-04
3.623738e+01 1.011862e-03 1.267058e-03 1.014271e-03 7.542593e-04
3.628938e+01 1.018398e-03 1.265189e-03 1.027128e-03 7.628763e-04
3.634138e+01 1.022958e-03 1.258382e-03 1.036934e-03 7.735580e-04
3.639338e+01 1.025180e-03 1.246335e-03 1.042191e-03 7.870146e-04
3.644538e+01 1.025023e-03 1.229489e-03 1.041906e-03 8.036746e-04
3.649738e+01 1.022651e-03 1.209012e-03 1.035516e-03 8.234252e-04
3.654938e+01 1.018320e-03 1.186606e-03 1.022855e-03 8.454982e-04
3.660138e+01 1.012312e-03 1.164190e-03 1.004197e-03 8.685482e-04
3.665338e+01 1.004920e-03 1.143492e-03 9.803647e-04 8.909034e-04
3.670538e+01 9.964553e-04 1.125673e-03 9.527689e-04 9.109236e-04
3.675738e+01 9.872580e-04 1.111103e-03 9.233021e-04 9.273684e-04
3.680938e+01 9.776997e-04 1.099361e-03 8.940582e-04 9.396796e-04
3.686138e+01 9.681887e-04 1.089496e-03 8.669764e-04 9.480937e-04
3.691338e+01 9.591775e-04 1.080444e-03 8.435487e-04 9.535399e-04
3.696538e+01 9.511633e-04 1.071446e-03 8.247041e-04 9.573401e-04
3.701738e+01 9.446632e-04 1.062305e-03 8.108907e-04 9.607939e-04
3.706938e+01 9.401534e-04 1.053398e-03 8.022771e-04 9.647852e-04
3.712138e+01 9.379864e-04 1.045454e-03 7.989465e-04 9.695583e-04
3.717338e+01 9.383163e-04 1.039215e-03 8.009766e-04 9.747570e-04
3.722538e+01 9.410667e-04 1.035111e-03 8.083665e-04 9.797228e-04
3.727738e+01 9.459551e-04 1.033076e-03 8.208572e-04 9.839322e-04
3.732938e+01 9.525576e-04 1.032549e-03 8.377446e-04 9.873794e-04
3.738138e+01 9.603777e-04 1.032626e-03 8.577888e-04 9.907189e-04
3.743338e+01 9.688811e-04 1.032279e-03 8.792825e-04 9.950822e-04
3.748538e+01 9.774868e-04 1.030558e-03 9.002743e-04 1.001628e-03
3.753738e+01 9.855375e-04 1.026721e-03 9.188807e-04 1.011011e-03
3.758938e+01 9.922943e-04 1.020287e-03 9.335935e-04 1.023002e-03
3.764138e+01 9.969901e-04 1.011053e-03 9.434975e-04 1.036420e-03
3.769338e+01 9.989431e-04 9.990811e-04 9.483582e-04 1.049390e-03
3.774538e+01 9.976914e-04 9.846590e-04 9.485840e-04 1.059831e-03
3.779738e+01 9.930977e-04 9.682264e-04 9.451037e-04 1.065963e-03
3.784938e+01 9.853830e-04 9.502855e-04 9.392050e-04 1.066658e-03
3.790138e+01 9.750850e-04 9.313349e-04 9.323580e-04 1.061562e-03
3.795338e+01 9.629626e-04 9.118670e-04 9.260292e-04 1.050992e-03
3.800538e+01 9.498801e-04 8.924286e-04 9.214848e-04 1.035727e-03
3.805738e+01 9.366998e-04 8.736977e-04 9.196054e-04 1.016796e-03
3.810938e+01 9.241987e-04 8.565051e-04 9.207563e-04 9.953347e-04
3.816138e+01 9.130144e-04 8.417589e-04 9.247666e-04 9.725178e-04
3.821338e+01 9.036175e-04 8.302764e-04 9.310381e-04 9.495379e-04
3.826538e+01 8.962990e-04 8.225869e-04 9.387506e-04 9.275593e-04
3.831738e+01 8.911581e-04 8.187795e-04 9.470790e-04 9.076158e-04
3.836938e+01 8.880794e-04 8.184567e-04 9.553383e-04 8.904432e-04
3.842138e+01 8.867061e-04 8.208137e-04 9.630142e-04 8.762905e-04
3.847338e+01 8.864369e-04 8.248233e-04 9.697046e-04 8.647828e-04
3.852538e+01 8.864808e-04 8.294792e-04 9.750473e-04 8.549160e-04
3.857738e+01 8.859899e-04 8.340362e-04 9.787043e-04 8.452292e-04
3.862938e+01 8.842495e-04 8.381851e-04 9.804242e-04 8.341393e-04
3.868138e+01 8.808730e-04 8.421161e-04 9.801511e-04 8.203518e-04
3.873338e+01 8.759326e-04 8.464510e-04 9.781205e-04 8.032263e-04
3.878538e+01 8.699795e-04 8.520631e-04 9.748980e-04 7.829774e-04
3.883738e+01 8.639490e-04 8.598417e-04 9.713595e-04 7.606459e-04
3.888938e+01 8.589850e-04 8.704725e-04 9.686332e-04 7.378494e-04
3.894138e+01 8.562355e-04 8.842971e-04 9.680231e-04 7.163864e-04
3.899338e+01 8.566654e-04 9.012766e-04 9.709047e-04 6.978150e-04
3.904538e+01 8.609148e-04 9.210477e-04 9.785720e-04 6.831247e-04
3.909738e+01 8.692130e-04 9.430298e-04 9.920223e-04 6.725868e-04
3.914938e+01 8.813518e-04 9.665400e-04 1.011713e-03 6.658024e-04
3.920138e+01 8.967146e-04 9.908872e-04 1.037355e-03 6.619014e-04
3.925338e+01 9.143515e-04 1.015431e-03 1.067824e-03 6.598002e-04
3.930538e+01 9.330869e-04 1.039598e-03 1.101234e-03 6.584291e-04
3.935738e+01 9.516426e-04 1.062869e-03 1.135180e-03 6.568788e-04
3.940938e+01 9.687683e-04 1.084736e-03 1.167094e-03 6.544746e-04
3.946138e+01 9.833748e-04 1.104686e-03 1.194620e-03 6.508185e-04
3.951338e+01 9.946645e-04 1.122229e-03 1.215932e-03 6.458326e-04
3.956538e+01 1.002241e-03 1.137007e-03 1.229913e-03 6.398025e-04
3.961738e+01 1.006168e-03 1.148942e-03 1.236179e-03 6.333826e-04
3.966938e+01 1.006946e-03 1.158339e-03 1.234974e-03 6.275242e-04
3.972138e+01 1.005398e-03 1.165865e-03 1.227017e-03 6.233133e-04
3.977338e+01 1.002479e-03 1.172348e-03 1.213346e-03 6.217435e-04
3.982538e+01 9.990534e-04 1.178458e-03 1.195223e-03 6.234791e-04
3.987738e+01 9.957087e-04 1.184398e-03 1.174064e-03 6.286641e-04
3.992938e+01 9.926545e-04 1.189762e-03 1.151375e-03 6.368262e-04
3.998138e+01 9.897380e-04 1.193654e-03 1.128655e-03 6.469047e-04
4.003338e+01 9.865654e-04 1.195030e-03 1.107256e-03 6.574107e-04
4.008538e+01 9.826786e-04 1.193100e-03 1.088234e-03 6.667016e-04
4.013738e+01 9.777220e-04 1.187629e-03 1.072223e-03 6.733142e-04
4.018938e+01 9.715434e-04 1.178990e-03 1.059368e-03 6.762717e-04
4.024138e+01 9.642075e-04 1.168016e-03 1.049337e-03 6.752701e-04
4.029338e+01 9.559391e-04 1.155732e-03 1.041406e-03 6.706789e-04
4.034538e+01 9.470377e-04 1.143138e-03 1.034621e-03 6.633539e-04
4.039738e+01 9.378073e-04 1.131111e-03 1.027978e-03 6.543325e-04
4.044938e+01 9.285222e-04 1.120411e-03 1.020630e-03 6.445254e-04
4.050138e+01 9.194232e-04 1.111709e-03 1.012046e-03 6.345149e-04
4.055338e+01 9.107210e-04 1.105551e-03 1.002096e-03 6.245163e-04
4.060538e+01 9.025788e-04 1.102216e-03 9.910333e-04 6.144874e-04
4.065738e+01 8.950696e-04 1.101528e-03 9.793667e-04 6.043135e-04
4.070938e+01 8.881241e-04 1.102732e-03 9.676600e-04 5.939806e-04
4.076138e+01 8.815036e-04 1.104511e-03 9.563343e-04 5.836658e-04
4.081338e+01 8.748253e-04 1.105220e-03 9.455330e-04 5.737224e-04
4.086538e+01 8.676486e-04 1.103275e-03 9.350926e-04 5.645783e-04
4.091738e+01 8.596012e-04 1.097592e-03 9.246139e-04 5.565977e-04
4.096938e+01 8.505059e-04 1.087954e-03 9.135994e-04 5.499642e-04
4.102138e+01 8.404627e-04 1.075150e-03 9.016073e-04 5.446308e-04
4.107338e+01 8.298551e-04 1.060827e-03 8.883857e-04 5.403523e-04
4.112538e+01 8.192736e-04 1.047066e-03 8.739656e-04 5.367894e-04
4.117738e+01 8.093792e-04 1.035789e-03 8.587058e-04 5.336429e-04
4.122938e+01 8.007518e-04 1.028199e-03 8.432850e-04 5.307717e-04
4.128138e+01 7.937729e-04 1.024430e-03 8.286393e-04 5.282497e-04
4.133338e+01 7.885787e-04 1.023554e-03 8.158396e-04 5.263428e-04
4.138538e+01 7.850860e-04 1.023926e-03 8.059178e-04 5.254141e-04
4.143738e+01 7.830659e-04 1.023738e-03 7.996690e-04 5.257907e-04
4.148938e+01 7.822235e-04 1.021553e-03 7.974757e-04 5.276411e-04
4.154138e+01 7.822535e-04 1.016638e-03 7.992114e-04 5.309112e-04
4.159338e+01 7.828629e-04 1.008983e-03 8.042604e-04 5.353451e-04
4.164538e+01 7.837783e-04 9.990840e-04 8.116582e-04 5.405928e-04
4.169738e+01 7.847621e-04 9.876104e-04 8.203084e-04 5.463675e-04
4.174938e+01 7.856511e-04 9.751442e-04 8.292127e-04 5.525964e-04
4.180138e+01 7.864094e-04 9.620733e-04 8.376508e-04 5.595040e-04
4.185338e+01 7.871679e-04 9.486375e-04 8.452764e-04 5.675899e-04
4.190538e+01 7.882221e-04 9.350417e-04 8.521191e-04 5.775054e-04
4.195738e+01 7.899682e-04 9.215357e-04 8.585010e-04 5.898680e-04
4.200938e+01 7.927868e-04 9.084046e-04 8.648768e-04 6.050790e-04
4.206138e+01 7.968995e-04 8.958782e-04 8.716185e-04 6.232019e-04
4.211338e+01 8.022460e-04 8.840170e-04 8.787857e-04 6.439353e-04
4.216538e+01 8.084227e-04 8.726373e-04 8.859509e-04 6.666799e-04
4.221738e+01 8.147141e-04 8.613189e-04 8.921560e-04 6.906675e-04
4.226938e+01 8.202135e-04 8.494908e-04 8.960454e-04 7.151042e-04
4.232138e+01 8.240007e-04 8.365690e-04 8.961559e-04 7.392770e-04
4.237338e+01 8.253235e-04 8.221019e-04 8.912760e-04 7.625927e-04
4.242538e+01 8.237300e-04 8.058918e-04 8.807526e-04 7.845457e-04
4.247738e+01 8.191215e-04 7.880725e-04 8.646463e-04 8.046455e-04
4.252938e+01 8.117293e-04 7.691332e-04 8.436985e-04 8.223562e-04
4.258138e+01 8.020442e-04 7.498869e-04 8.191525e-04 8.370932e-04
4.263338e+01 7.907288e-04 7.313805e-04 7.925099e-04 8.482961e-04
4.268538e+01 7.785369e-04 7.147484e-04 7.653103e-04 8.555521e-04
4.273738e+01 7.662405e-04 7.010218e-04 7.389820e-04 8.587177e-04
4.278938e+01 7.545584e-04 6.909260e-04 7.147629e-04 8.579864e-04
4.284138e+01 7.440816e-04 6.847101e-04 6.936569e-04 8.538777e-04
4.289338e+01 7.351988e-04 6.820584e-04 6.763836e-04 8.471544e-04
4.294538e+01 7.280373e-04 6.821157e-04 6.633038e-04 8.386926e-04
4.299738e+01 7.224334e-04 6.836289e-04 6.543439e-04 8.293274e-04
4.304938e+01 7.179462e-04 6.851773e-04 6.489685e-04 8.196926e-04
4.310138e+01 7.139239e-04 6.854396e-04 6.462504e-04 8.100818e-04
4.315338e+01 7.096191e-04 6.834371e-04 6.450488e-04 8.003714e-04
4.320538e+01 7.043356e-04 6.787002e-04 6.442528e-04 7.900538e-04
4.325738e+01 6.975734e-04 6.713189e-04 6.430036e-04 7.783979e-04
4.330938e+01 6.891319e-04 6.618721e-04 6.408179e-04 7.647057e-04
4.336138e+01 6.791394e-04 6.512595e-04 6.375752e-04 7.485835e-04
4.341338e+01 6.680074e-04 6.404893e-04 6.334016e-04 7.301313e-04
4.346538e+01 6.563318e-04 6.304818e-04 6.285265e-04 7.099872e-04
4.351738e+01 6.447798e-04 6.219358e-04 6.231857e-04 6.892178e-04
4.356938e+01 6.339935e-04 6.152724e-04 6.176045e-04 6.691036e-04
4.362138e+01 6.245248e-04 6.106452e-04 6.120384e-04 6.508909e-04
4.367338e+01 6.167971e-04 6.079936e-04 6.068185e-04 6.355792e-04
4.372538e+01 6.110842e-04 6.071142e-04 6.023580e-04 6.237804e-04
4.377738e+01 6.075022e-04 6.077382e-04 5.991072e-04 6.156612e-04
4.382938e+01 6.060147e-04 6.096035e-04 5.974808e-04 6.109597e-04
4.388138e+01 6.064525e-04 6.125133e-04 5.977865e-04 6.090578e-04
4.393338e+01 6.085458e-04 6.163695e-04 6.001732e-04 6.090948e-04
4.398538e+01 6.119590e-04 6.211743e-04 6.045968e-04 6.101059e-04
4.403738e+01 6.163247e-04 6.270024e-04 6.108007e-04 6.111711e-04
4.408938e+01 6.212760e-04 6.339507e-04 6.183203e-04 6.115572e-04
4.414138e+01 6.264821e-04 6.420750e-04 6.265368e-04 6.108345e-04
4.419338e+01 6.316896e-04 6.513231e-04 6.347998e-04 6.089460e-04
4.424538e+01 6.367606e-04 6.614728e-04 6.426040e-04 6.062050e-04
4.429738e+01 6.416911e-04 6.720944e-04 6.497677e-04 6.032113e-04
4.434938e+01 6.465940e-04 6.825578e-04 6.565314e-04 6.006928e-04
4.440138e+01 6.516408e-04 6.921012e-04 6.635132e-04 5.993080e-04
4.445338e+01 6.569740e-04 6.999511e-04 6.715072e-04 5.994638e-04
4.450538e+01 6.626164e-04 7.054617e-04 6.811832e-04 6.012041e-04
4.455738e+01 6.684066e-04 7.082236e-04 6.927953e-04 6.042008e-04
4.460938e+01 6.739855e-04 7.081022e-04 7.060119e-04 6.078425e-04
4.466138e+01 6.788392e-04 7.051971e-04 7.199365e-04 6.113841e-04
4.471338e+01 6.823867e-04 6.997472e-04 7.333114e-04 6.141016e-04
4.476538e+01 6.840897e-04 6.920328e-04 7.448284e-04 6.154079e-04
4.481738e+01 6.835574e-04 6.823210e-04 7.534429e-04 6.149082e-04
4.486938e+01 6.806291e-04 6.708788e-04 7.586020e-04 6.124066e-04
4.492138e+01 6.754249e-04 6.580399e-04 7.603429e-04 6.078919e-04
4.497338e+01 6.683576e-04 6.442816e-04 7.592621e-04 6.015290e-04
4.502538e+01 6.601001e-04 6.302606e-04 7.563757e-04 5.936639e-04
4.507738e+01 6.514998e-04 6.167723e-04 7.528993e-04 5.848278e-04
4.512938e+01 6.434419e-04 6.046344e-04 7.499818e-04 5.757096e-04
4.518138e+01 6.366845e-04 5.945289e-04 7.484454e-04 5.670793e-04
4.523338e+01 6.317065e-04 5.868553e-04 7.486002e-04 5.596640e-04
4.528538e+01 6.286186e-04 5.816443e-04 7.502006e-04 5.540110e-04
4.533738e+01 6.271692e-04 5.785598e-04 7.525682e-04 5.503796e-04
4.538938e+01 6.268440e-04 5.769878e-04 7.548492e-04 5.486951e-04
4.544138e+01 6.270258e-04 5.761869e-04 7.563167e-04 5.485738e-04
4.549338e+01 6.271592e-04 5.754603e-04 7.566123e-04 5.494050e-04
4.554538e+01 6.268743e-04 5.743047e-04 7.558484e-04 5.504696e-04
4.559738e+01 6.260446e-04 5.725083e-04 7.545457e-04 5.510798e-04
4.564938e+01 6.247845e-04 5.701836e-04 7.534428e-04 5.507269e-04
4.570138e+01 6.234045e-04 5.677443e-04 7.532548e-04 5.492145e-04
4.575338e+01 6.223512e-04 5.658423e-04 7.544715e-04 5.467399e-04
4.580538e+01 6.221429e-04 5.652773e-04 7.572683e-04 5.438831e-04
4.585738e+01 6.233073e-04 5.668852e-04 7.615536e-04 5.414831e-04
4.590938e+01 6.263184e-04 5.714097e-04 7.671177e-04 5.404277e-04
4.596138e+01 6.315302e-04 5.793697e-04 7.737945e-04 5.414264e-04
4.601338e+01 6.391142e-04 5.909515e-04 7.815434e-04 5.448478e-04
4.606538e+01 6.490103e-04 6.059573e-04 7.903994e-04 5.506742e-04
4.611738e+01 6.609079e-04 6.238324e-04 8.003197e-04 5.585716e-04
4.616938e+01 6.742691e-04 6.437652e-04 8.110202e-04 5.680220e-04
4.622138e+01 6.883954e-04 6.648273e-04 8.219029e-04 5.784559e-04
4.627338e+01 7.025241e-04 6.861087e-04 8.321228e-04 5.893408e-04
4.632538e+01 7.159331e-04 7.068099e-04 8.407595e-04 6.002299e-04
4.637738e+01 7.280307e-04 7.262788e-04 8.470083e-04 6.108049e-04
4.642938e+01 7.384170e-04 7.440030e-04 8.503076e-04 6.209403e-04
4.648138e+01 7.469180e-04 7.595862e-04 8.503792e-04 6.307886e-04
4.653338e+01 7.535953e-04 7.727373e-04 8.472149e-04 6.408338e-04
4.658538e+01 7.587333e-04 7.832908e-04 8.410626e-04 6.518466e-04
4.663738e+01 7.627945e-04 7.912548e-04 8.324356e-04 6.646933e-04
4.668938e+01 7.663340e-04 7.968654e-04 8.221156e-04 6.800212e-04
4.674138e+01 7.698751e-04 8.006121e-04 8.110930e-04 6.979202e-04
4.679338e+01 7.737717e-04 8.031990e-04 8.004069e-04 7.177091e-04
4.684538e+01 7.781038e-04 8.054287e-04 7.909138e-04 7.379689e-04
4.689738e+01 7.826500e-04 8.080271e-04 7.830669e-04 7.568561e-04
4.694938e+01 7.869567e-04 8.114577e-04 7.768084e-04 7.726039e-04
4.700138e+01 7.904810e-04 8.157863e-04 7.716276e-04 7.840292e-04
4.705338e+01 7.927532e-04 8.206423e-04 7.667655e-04 7.908518e-04
4.710538e+01 7.934925e-04 8.252862e-04 7.614845e-04 7.937068e-04
4.715738e+01 7.926396e-04 8.287508e-04 7.553083e-04 7.938595e-04
4.720938e+01 7.903066e-04 8.300058e-04 7.481652e-04 7.927490e-04
4.726138e+01 7.866866e-04 8.281001e-04 7.404158e-04 7.915439e-04
4.731338e+01 7.819725e-04 8.222663e-04 7.327774e-04 7.908736e-04
4.736538e+01 7.763253e-04 8.119974e-04 7.261687e-04 7.908099e-04
4.741738e+01 7.698921e-04 7.971132e-04 7.214984e-04 7.910646e-04
4.746938e+01 7.628461e-04 7.778204e-04 7.194302e-04 7.912878e-04
4.752138e+01 7.554148e-04 7.547498e-04 7.201730e-04 7.913214e-04
4.757338e+01 7.478709e-04 7.289439e-04 7.233651e-04 7.913037e-04
4.762538e+01 7.404947e-04 7.017792e-04 7.281064e-04 7.915985e-04
4.767738e+01 7.335274e-04 6.748256e-04 7.331559e-04 7.926007e-04
4.772938e+01 7.271375e-04 6.496563e-04 7.372411e-04 7.945152e-04
4.778138e+01 7.214049e-04 6.276344e-04 7.393781e-04 7.972022e-04
4.783338e+01 7.163098e-04 6.097027e-04 7.390866e-04 8.001401e-04
4.788538e+01 7.117164e-04 5.962179e-04 7.364287e-04 8.025027e-04
4.793738e+01 7.073523e-04 5.868743e-04 7.318699e-04 8.033127e-04
4.798938e+01 7.028025e-04 5.807575e-04 7.260351e-04 8.016149e-04
4.804138e+01 6.975435e-04 5.765375e-04 7.194621e-04 7.966308e-04
4.809338e+01 6.910257e-04 5.727649e-04 7.124449e-04 7.878673e-04
4.814538e+01 6.827899e-04 5.681923e-04 7.050035e-04 7.751738e-04
4.819738e+01 6.725811e-04 5.620290e-04 6.969657e-04 7.587487e-04
4.824938e+01 6.604216e-04 5.540598e-04 6.881005e-04 7.391047e-04
4.830138e+01 6.466148e-04 5.446062e-04 6.782358e-04 7.170025e-04
4.835338e+01 6.316809e-04 5.343589e-04 6.673145e-04 6.933692e-04
4.840538e+01 6.162452e-04 5.241471e-04 6.553783e-04 6.692102e-04
4.845738e+01 6.009150e-04 5.147169e-04 6.425068e-04 6.455212e-04
4.850938e+01 5.861787e-04 5.065707e-04 6.287587e-04 6.232068e-04
4.856138e+01 5.723532e-04 4.998909e-04 6.141554e-04 6.030132e-04
4.861338e+01 5.595838e-04 4.945420e-04 5.987232e-04 5.854863e-04
4.866538e+01 5.478909e-04 4.901279e-04 5.825786e-04 5.709664e-04
4.871738e+01 5.372389e-04 4.860832e-04 5.660184e-04 5.596152e-04
4.876938e+01 5.276037e-04 4.817804e-04 5.495729e-04 5.514580e-04
4.882138e+01 5.190172e-04 4.766384e-04 5.339989e-04 5.464143e-04
4.887338e+01 5.115749e-04 4.702185e-04 5.202079e-04 5.442982e-04
4.892538e+01 5.054070e-04 4.622878e-04 5.091417e-04 5.447914e-04
4.897738e+01 5.006223e-04 4.528392e-04 5.016123e-04 5.474154e-04
4.902938e+01 4.972446e-04 4.420661e-04 4.981283e-04 5.515393e-04
4.908138e+01 4.951623e-04 4.303079e-04 4.987336e-04 5.564455e-04
4.913338e+01 4.941128e-04 4.179922e-04 5.029003e-04 5.614461e-04
4.918538e+01 4.937089e-04 4.055895e-04 5.095231e-04 5.660142e-04
4.923738e+01 4.935041e-04 3.935850e-04 5.170485e-04 5.698788e-04
4.928938e+01 4.930782e-04 3.824524e-04 5.237333e-04 5.730488e-04
4.934138e+01 4.921186e-04 3.726167e-04 5.279774e-04 5.757616e-04
4.939338e+01 4.904736e-04 3.644031e-04 5.286361e-04 5.783815e-04
4.944538e+01 4.881667e-04 3.579860e-04 5.252198e-04 5.812943e-04
4.949738e+01 4.853728e-04 3.533620e-04 5.179231e-04 5.848333e-04
4.954938e+01 4.823697e-04 3.503619e-04 5.074896e-04 5.892576e-04
4.960138e+01 4.794798e-04 3.486992e-04 4.949696e-04 5.947705e-04
4.965338e+01 4.770134e-04 3.480340e-04 4.814555e-04 6.015508e-04
4.970538e+01 4.752171e-04 3.480251e-04 4.678688e-04 6.097574e-04
4.975738e+01 4.742269e-04 3.483565e-04 4.548431e-04 6.194811e-04
4.980938e+01 4.740303e-04 3.487410e-04 4.427095e-04 6.306402e-04
4.986138e+01 4.744456e-04 3.489189e-04 4.315632e-04 6.428548e-04
4.991338e+01 4.751356e-04 3.486751e-04 4.213729e-04 6.553589e-04
4.996538e+01 4.756641e-04 3.478806e-04 4.120942e-04 6.670177e-04
5.001738e+01 4.755963e-04 3.465470e-04 4.037502e-04 6.764917e-04
5.006938e+01 4.746231e-04 3.448698e-04 3.964634e-04 6.825360e-04
5.012138e+01 4.726751e-04 3.432301e-04 3.904357e-04 6.843594e-04
5.017338e+01 4.699869e-04 3.421417e-04 3.858940e-04 6.819249e-04
5.022538e+01 4.670808e-04 3.421483e-04 3.830273e-04 6.760668e-04
5.027738e+01 4.646640e-04 3.436971e-04 3.819405e-04 6.683544e-04
5.032938e+01 4.634617e-04 3.470278e-04 3.826378e-04 6.607196e-04
5.038138e+01 4.640366e-04 3.521122e-04 3.850367e-04 6.549608e-04
5.043338e+01 4.666517e-04 3.586629e-04 3.890015e-04 6.522905e-04
5.048538e+01 4.712223e-04 3.662068e-04 3.943765e-04 6.530836e-04
5.053738e+01 4.773680e-04 3.741959e-04 4.010040e-04 6.569041e-04
5.058938e+01 4.845397e-04 3.821221e-04 4.087182e-04 6.627787e-04
5.064138e+01 4.921682e-04 3.896042e-04 4.173151e-04 6.695854e-04
5.069338e+01 4.997793e-04 3.964325e-04 4.265167e-04 6.763886e-04
5.074538e+01 5.070367e-04 4.025680e-04 4.359496e-04 6.825927e-04
5.079738e+01 5.137153e-04 4.081041e-04 4.451585e-04 6.878834e-04
5.084938e+01 5.196332e-04 4.132042e-04 4.536622e-04 6.920334e-04
5.090138e+01 5.245921e-04 4.180283e-04 4.610396e-04 6.947085e-04
5.095338e+01 5.283622e-04 4.226713e-04 4.670196e-04 6.953956e-04
5.100538e+01 5.307228e-04 4.271280e-04 4.715417e-04 6.934986e-04
5.105738e+01 5.315381e-04 4.312985e-04 4.747617e-04 6.885542e-04
5.110938e+01 5.308273e-04 4.350276e-04 4.769934e-04 6.804608e-04
5.116138e+01 5.287895e-04 4.381559e-04 4.786023e-04 6.696105e-04
5.121338e+01 5.257682e-04 4.405551e-04 4.798853e-04 6.568640e-04
5.126538e+01 5.221648e-04 4.421337e-04 4.809855e-04 6.433752e-04
5.131738e+01 5.183418e-04 4.428177e-04 4.818802e-04 6.303275e-04
5.136938e+01 5.145531e-04 4.425368e-04 4.824540e-04 6.186684e-04
5.142138e+01 5.109291e-04 4.412412e-04 4.826243e-04 6.089219e-04
5.147338e+01 5.075119e-04 4.389554e-04 4.824543e-04 6.011260e-04
5.152538e+01 5.043092e-04 4.358425e-04 4.821847e-04 5.949005e-04
5.157738e+01 5.013324e-04 4.322346e-04 4.821546e-04 5.896080e-04
5.162938e+01 4.985968e-04 4.285962e-04 4.826454e-04 5.845488e-04
5.168138e+01 4.960931e-04 4.254200e-04 4.837284e-04 5.791310e-04
5.173338e+01 4.937586e-04 4.230933e-04 4.852032e-04 5.729793e-04
5.178538e+01 4.914768e-04 4.217935e-04 4.866634e-04 5.659734e-04
5.183738e+01 4.891127e-04 4.214555e-04 4.876546e-04 5.582281e-04
5.188938e+01 4.865630e-04 4.218171e-04 4.878404e-04 5.500316e-04
5.194138e+01 4.837893e-04 4.225153e-04 4.870961e-04 5.417564e-04
5.199338e+01 4.808138e-04 4.231857e-04 4.854959e-04 5.337596e-04
5.204538e+01 4.776835e-04 4.235353e-04 4.832230e-04 5.262923e-04
5.209738e+01 4.744299e-04 4.233821e-04 4.804643e-04 5.194435e-04
5.214938e+01 4.710542e-04 4.226764e-04 4.773472e-04 5.131392e-04
5.220138e+01 4.675512e-04 4.215176e-04 4.739384e-04 5.071975e-04
5.225338e+01 4.639561e-04 4.201652e-04 4.702869e-04 5.014163e-04
5.230538e+01 4.603835e-04 4.190222e-04 4.664724e-04 4.956559e-04
5.235738e+01 4.570283e-04 4.185732e-04 4.626255e-04 4.898861e-04
5.240938e+01 4.541220e-04 4.192738e-04 4.589092e-04 4.841830e-04
5.246138e+01 4.518610e-04 4.214195e-04 4.554735e-04 4.786900e-04
5.251338e+01 4.503395e-04 4.250419e-04 4.524112e-04 4.735656e-04
5.256538e+01 4.495175e-04 4.298769e-04 4.497377e-04 4.689379e-04
5.261738e+01 4.492346e-04 4.354243e-04 4.474084e-04 4.648710e-04
5.266938e+01 4.492609e-04 4.410775e-04 4.453660e-04 4.613393e-04
5.272138e+01 4.493592e-04 4.462716e-04 4.435967e-04 4.582092e-04
5.277338e+01 4.493323e-04 4.505910e-04 4.421687e-04 4.552371e-04
5.282538e+01 4.490439e-04 4.538006e-04 4.412312e-04 4.521000e-04
5.287738e+01 4.484123e-04 4.558037e-04 4.409675e-04 4.484656e-04
5.292938e+01 4.473923e-04 4.565701e-04 4.415166e-04 4.440901e-04
5.298138e+01 4.459614e-04 4.560836e-04 4.428922e-04 4.389083e-04
5.303338e+01 4.441179e-04 4.543459e-04 4.449308e-04 4.330770e-04
5.308538e+01 4.418885e-04 4.514287e-04 4.472920e-04 4.269447e-04
5.313738e+01 4.393333e-04 4.475364e-04 4.495136e-04 4.209500e-04
5.318938e+01 4.365408e-04 4.430287e-04 4.511085e-04 4.154852e-04
5.324138e+01 4.336087e-04 4.383728e-04 4.516749e-04 4.107783e-04
5.329338e+01 4.306216e-04 4.340338e-04 4.509913e-04 4.068396e-04
5.334538e+01 4.276351e-04 4.303450e-04 4.490679e-04 4.034925e-04
5.339738e+01 4.246758e-04 4.274186e-04 4.461375e-04 4.004712e-04
5.344938e+01 4.217549e-04 4.251387e-04 4.425841e-04 3.975418e-04
5.350138e+01 4.188892e-04 4.232400e-04 4.388297e-04 3.945980e-04
5.355338e+01 4.161180e-04 4.214398e-04 4.352147e-04 3.916993e-04
5.360538e+01 4.135088e-04 4.195632e-04 4.319168e-04 3.890464e-04
5.365738e+01 4.111513e-04 4.176095e-04 4.289340e-04 3.869105e-04
5.370938e+01 4.091386e-04 4.157364e-04 4.261330e-04 3.855464e-04
5.376138e+01 4.075410e-04 4.141728e-04 4.233325e-04 3.851176e-04
5.381338e+01 4.063792e-04 4.131006e-04 4.203820e-04 3.856552e-04
5.386538e+01 4.056083e-04 4.125547e-04 4.172087e-04 3.870615e-04
5.391738e+01 4.051228e-04 4.123822e-04 4.138302e-04 3.891560e-04
5.396938e+01 4.047902e-04 4.122792e-04 4.103457e-04 3.917458e-04
5.402138e+01 4.045019e-04 4.118931e-04 4.069212e-04 3.946912e-04
5.407338e+01 4.042189e-04 4.109528e-04 4.037666e-04 3.979372e-04
5.412538e+01 4.039869e-04 4.093717e-04 4.010958e-04 4.014932e-04
5.417738e+01 4.039054e-04 4.072784e-04 3.990699e-04 4.053680e-04
5.422938e+01 4.040646e-04 4.049603e-04 3.977426e-04 4.094908e-04
5.428138e+01 4.044821e-04 4.027423e-04 3.970428e-04 4.136612e-04
5.433338e+01 4.050776e-04 4.008591e-04 3.968156e-04 4.175580e-04
5.438538e+01 4.057006e-04 3.993758e-04 3.969114e-04 4.208145e-04
5.443738e+01 4.062003e-04 3.981886e-04 3.972802e-04 4.231321e-04
5.448938e+01 4.064999e-04 3.970938e-04 3.980195e-04 4.243865e-04
5.454138e+01 4.066388e-04 3.958873e-04 3.993506e-04 4.246784e-04
5.459338e+01 4.067632e-04 3.944465e-04 4.015372e-04 4.243060e-04
5.464538e+01 4.070750e-04 3.927718e-04 4.047872e-04 4.236661e-04
5.469738e+01 4.077625e-04 3.909839e-04 4.091804e-04 4.231233e-04
5.474938e+01 4.089437e-04 3.892915e-04 4.146387e-04 4.229009e-04
5.480138e+01 4.106379e-04 3.879438e-04 4.209328e-04 4.230370e-04
5.485338e+01 4.127654e-04 3.871719e-04 4.277051e-04 4.234191e-04
5.490538e+01 4.151621e-04 3.871227e-04 4.344923e-04 4.238713e-04
5.495738e+01 4.175912e-04 3.877917e-04 4.407440e-04 4.242378e-04
5.500938e+01 4.197426e-04 3.889720e-04 4.458442e-04 4.244116e-04
5.506138e+01 4.212259e-04 3.902438e-04 4.491430e-04 4.242909e-04
5.511338e+01 4.215748e-04 3.910207e-04 4.500073e-04 4.236964e-04
5.516538e+01 4.202854e-04 3.906531e-04 4.478896e-04 4.223136e-04
5.521738e+01 4.168946e-04 3.885647e-04 4.424046e-04 4.197144e-04
5.526938e+01 4.110798e-04 3.843800e-04 4.333961e-04 4.154633e-04
